% function evaluation | noise-free fitness - Fopt (-1.025500000000e+02) | best noise-free fitness - Fopt | measured fitness | best measured fitness | x1 | x2...
1 +6.156592102e+00 +6.156592102e+00 -9.639340790e+01 -9.639340790e+01 +2.3747e+00 -3.3991e-01 +2.9836e+00
43 +3.203833903e+00 +3.203833903e+00 -9.934616610e+01 -9.934616610e+01 +1.2990e-01 -3.0853e-01 +2.3097e+00
150 +1.646688378e+00 +1.646688378e+00 -1.009033116e+02 -1.009033116e+02 +7.5903e-01 -8.3303e-01 +1.8903e+00
160 +8.000383511e-01 +8.000383511e-01 -1.017499616e+02 -1.017499616e+02 -3.0815e+00 -1.0105e+00 +8.0281e-01
956 +4.899803255e-01 +4.899803255e-01 -1.020600197e+02 -1.020600197e+02 -1.4925e+00 -1.0183e+00 +5.3347e-01
1462 +3.934697131e-01 +3.934697131e-01 -1.021565303e+02 -1.021565303e+02 -1.7847e+00 -1.1334e+00 +9.7046e-01
2801 +2.284529104e-01 +2.284529104e-01 -1.023215471e+02 -1.023215471e+02 +3.1084e-02 -1.2586e+00 +8.1087e-01
3519 +1.112984546e-01 +1.112984546e-01 -1.024387015e+02 -1.024387015e+02 -2.6316e-01 +5.7837e-01 +5.2846e-01
5757 +3.660994755e-02 +3.660994755e-02 -1.025133901e+02 -1.025133901e+02 -2.1364e-01 +8.2506e-01 +9.8889e-01
8037 +1.912836012e-02 +1.912836012e-02 -1.025308716e+02 -1.025308716e+02 -2.1664e-01 +8.4085e-01 +9.9081e-01
16739 +1.334199820e-02 +1.334199820e-02 -1.025366580e+02 -1.025366580e+02 -2.1107e-01 +8.5120e-01 +1.0733e+00
16880 +9.174625123e-03 +9.174625123e-03 -1.025408254e+02 -1.025408254e+02 -2.0267e-01 +8.5239e-01 +1.0757e+00
42758 +9.175036367e-05 +9.175036367e-05 -1.025499082e+02 -1.025499082e+02 -1.2443e-01 +3.3786e-01 -6.4791e-01
% function evaluation | noise-free fitness - Fopt (7.169000000000e+01) | best noise-free fitness - Fopt | measured fitness | best measured fitness | x1 | x2...
1 +1.387561098e+02 +1.387561098e+02 +2.104461098e+02 +2.104461098e+02 -1.8112e+00 -4.9125e+00 +4.8180e+00
2 +4.431034561e+01 +4.431034561e+01 +1.160003456e+02 +1.160003456e+02 -1.3498e+00 -3.3738e+00 -4.2841e+00
3 +1.248190637e+01 +1.248190637e+01 +8.417190637e+01 +8.417190637e+01 +8.1442e-01 +2.0261e+00 -4.2958e+00
6 +9.078212987e+00 +9.078212987e+00 +8.076821299e+01 +8.076821299e+01 +1.4351e+00 -2.9904e+00 -4.5283e+00
27 +2.873711779e+00 +2.873711779e+00 +7.456371178e+01 +7.456371178e+01 +4.1646e+00 -3.1676e+00 -4.3569e+00
36 +2.103575057e+00 +2.103575057e+00 +7.379357506e+01 +7.379357506e+01 +9.5312e-01 -1.2887e+00 -5.9340e-01
228 +1.170714279e+00 +1.170714279e+00 +7.286071428e+01 +7.286071428e+01 +4.7915e-01 -1.1143e+00 -2.3608e+00
581 +7.064516771e-01 +7.064516771e-01 +7.239645168e+01 +7.239645168e+01 +1.3407e+00 -1.1705e+00 -3.2471e+00
986 +5.757541267e-01 +5.757541267e-01 +7.226575413e+01 +7.226575413e+01 +1.2678e-01 -7.8663e-01 -3.0447e+00
1113 +1.096618564e-01 +1.096618564e-01 +7.179966186e+01 +7.179966186e+01 -9.5582e-01 -8.2528e-02 -3.8338e-01
3200 +9.151266546e-02 +9.151266546e-02 +7.178151267e+01 +7.178151267e+01 -8.9289e-01 +1.1472e-01 -4.1151e-02
11150 +6.118450918e-02 +6.118450918e-02 +7.175118451e+01 +7.175118451e+01 -2.3833e-01 +3.2478e-02 +6.9999e-01
22353 +3.977978552e-02 +3.977978552e-02 +7.172977979e+01 +7.172977979e+01 +1.1235e-01 +1.8052e-02 +1.4854e-01
% function evaluation | noise-free fitness - Fopt (2.140100000000e+02) | best noise-free fitness - Fopt | measured fitness | best measured fitness | x1 | x2...
1 +1.408310621e+02 +1.408310621e+02 +3.548410621e+02 +3.548410621e+02 -1.7512e+00 -4.6412e+00 +3.9545e+00
2 +6.871018610e+01 +6.871018610e+01 +2.827201861e+02 +2.827201861e+02 -3.7421e+00 +9.4466e-01 -1.7469e+00
3 +4.170885148e+01 +4.170885148e+01 +2.557188515e+02 +2.557188515e+02 -2.3290e+00 -4.3384e+00 -7.3212e-02
4 +2.277130559e+01 +2.277130559e+01 +2.367813056e+02 +2.367813056e+02 +1.3313e-01 -3.4674e+00 +2.5706e+00
5 +3.852468664e+00 +3.852468664e+00 +2.178624687e+02 +2.178624687e+02 +1.9481e+00 +2.0333e+00 +1.8501e+00
99 +7.712396150e-01 +7.712396150e-01 +2.147812396e+02 +2.147812396e+02 -1.3944e-01 -1.6495e+00 -1.5128e+00
434 +5.633527990e-01 +5.633527990e-01 +2.145733528e+02 +2.145733528e+02 +7.0846e-04 -1.3071e+00 -1.6838e+00
1374 +3.419149355e-01 +3.419149355e-01 +2.143519149e+02 +2.143519149e+02 +1.0180e-02 -1.1231e+00 -1.3660e+00
4799 +2.159768953e-01 +2.159768953e-01 +2.142259769e+02 +2.142259769e+02 -1.0957e-01 +4.4580e-02 -8.4834e-01
7106 +1.374646298e-01 +1.374646298e-01 +2.141474646e+02 +2.141474646e+02 -5.5625e-02 -7.2724e-01 -9.0139e-01
8309 +4.485149266e-02 +4.485149266e-02 +2.140548515e+02 +2.140548515e+02 -2.1402e-01 +4.4598e-01 -2.0811e-01
9029 +2.090697868e-03 +2.090697868e-03 +2.140120907e+02 +2.140120907e+02 -2.0179e-01 +4.9816e-01 -1.7853e-01
11858 +1.562387886e-03 +1.562387886e-03 +2.140115624e+02 +2.140115624e+02 -2.0625e-01 +5.2965e-01 -1.7002e-01
12149 +9.994207979e-04 +9.994207979e-04 +2.140109994e+02 +2.140109994e+02 -2.0721e-01 +5.6982e-01 -1.6103e-01
12258 +6.285490649e-04 +6.285490649e-04 +2.140106285e+02 +2.140106285e+02 -2.0707e-01 +5.8504e-01 -1.5377e-01
13018 +3.933706813e-04 +3.933706813e-04 +2.140103934e+02 +2.140103934e+02 -2.0704e-01 +6.1400e-01 -1.4323e-01
14405 +2.361562332e-04 +2.361562332e-04 +2.140102362e+02 +2.140102362e+02 -2.0837e-01 +6.4069e-01 -1.3336e-01
14437 +1.189169404e-04 +1.189169404e-04 +2.140101189e+02 +2.140101189e+02 -2.1439e-01 +7.1114e-01 -1.0695e-01
14597 +4.112155108e-05 +4.112155108e-05 +2.140100411e+02 +2.140100411e+02 -2.1352e-01 +7.0978e-01 -1.0969e-01
15120 +3.660257192e-05 +3.660257192e-05 +2.140100366e+02 +2.140100366e+02 -2.1273e-01 +7.2977e-01 -1.0147e-01
15597 +2.408574821e-05 +2.408574821e-05 +2.140100241e+02 +2.140100241e+02 -2.1386e-01 +7.2622e-01 -1.0388e-01
15990 +1.458190263e-05 +1.458190263e-05 +2.140100146e+02 +2.140100146e+02 -2.1455e-01 +7.4345e-01 -9.6934e-02
16138 +7.407728020e-06 +7.407728020e-06 +2.140100074e+02 +2.140100074e+02 -2.1579e-01 +7.5642e-01 -9.2997e-02
16625 +3.144762587e-06 +3.144762587e-06 +2.140100031e+02 +2.140100031e+02 -2.1807e-01 +7.8398e-01 -8.2744e-02
17000 +1.736701506e-06 +1.736701506e-06 +2.140100017e+02 +2.140100017e+02 -2.1731e-01 +7.8502e-01 -8.2217e-02
17352 +1.574557018e-06 +1.574557018e-06 +2.140100016e+02 +2.140100016e+02 -2.1733e-01 +7.8663e-01 -8.1672e-02
17949 +2.112266486e-07 +2.112266486e-07 +2.140100002e+02 +2.140100002e+02 -2.2059e-01 +8.5524e-01 -5.5085e-02
20010 +4.541897169e-08 +4.541897169e-08 +2.140100000e+02 +2.140100000e+02 -2.1946e-01 +8.3266e-01 -6.3985e-02
21402 +3.314985975e-08 +3.314985975e-08 +2.140100000e+02 +2.140100000e+02 -2.1939e-01 +8.2920e-01 -6.4951e-02
22082 +2.416322786e-08 +2.416322786e-08 +2.140100000e+02 +2.140100000e+02 -2.1934e-01 +8.2838e-01 -6.5378e-02
24802 +1.477732781e-08 +1.477732781e-08 +2.140100000e+02 +2.140100000e+02 -2.1952e-01 +8.3142e-01 -6.4432e-02
24882 +8.756671832e-09 +8.756671832e-09 +2.140100000e+02 +2.140100000e+02 -2.1973e-01 +8.3524e-01 -6.2941e-02
% function evaluation | noise-free fitness - Fopt (-5.848000000000e+01) | best noise-free fitness - Fopt | measured fitness | best measured fitness | x1 | x2...
1 +9.909057628e+00 +9.909057628e+00 -4.857094237e+01 -4.857094237e+01 +1.4210e+00 -1.6280e+00 -2.2659e+00
22 +3.512605077e+00 +3.512605077e+00 -5.496739492e+01 -5.496739492e+01 +2.0053e+00 -1.6234e-01 -3.6718e-01
54 +4.996838389e-01 +4.996838389e-01 -5.798031616e+01 -5.798031616e+01 -8.9243e-01 +1.9681e+00 -9.0228e-01
1009 +1.998915717e-01 +1.998915717e-01 -5.828010843e+01 -5.828010843e+01 -5.0520e-01 +1.6536e+00 -7.4080e-01
5020 +1.584011412e-01 +1.584011412e-01 -5.832159886e+01 -5.832159886e+01 -5.2797e-01 +1.6405e+00 -9.4279e-01
6977 +7.203745297e-02 +7.203745297e-02 -5.840796255e+01 -5.840796255e+01 -2.5149e-01 -2.1351e-02 -1.1935e-01
10918 +3.155585659e-02 +3.155585659e-02 -5.844844414e+01 -5.844844414e+01 -3.5468e-01 -7.4312e-01 +1.5030e-01
17066 +2.013839371e-02 +2.013839371e-02 -5.845986161e+01 -5.845986161e+01 -3.1437e-01 -7.5092e-01 +3.0236e-01
17706 +1.322264080e-02 +1.322264080e-02 -5.846677736e+01 -5.846677736e+01 -3.1420e-01 -7.6040e-01 +3.0007e-01
19106 +9.584122357e-03 +9.584122357e-03 -5.847041588e+01 -5.847041588e+01 -3.1373e-01 -7.6541e-01 +2.9906e-01
19858 +5.213163519e-05 +5.213163519e-05 -5.847994787e+01 -5.847994787e+01 -2.8226e-01 -8.6076e-01 +4.1335e-01
21134 +2.142484303e-05 +2.142484303e-05 -5.847997858e+01 -5.847997858e+01 -2.7136e-01 -7.9879e-01 +4.1433e-01
21226 +6.388632272e-06 +6.388632272e-06 -5.847999361e+01 -5.847999361e+01 -2.6725e-01 -7.8387e-01 +4.1304e-01
21421 +4.464375046e-06 +4.464375046e-06 -5.847999554e+01 -5.847999554e+01 -2.6720e-01 -7.8718e-01 +4.1486e-01
22821 +3.966212553e-06 +3.966212553e-06 -5.847999603e+01 -5.847999603e+01 -2.6714e-01 -7.8709e-01 +4.1366e-01
23861 +2.438341163e-06 +2.438341163e-06 -5.847999756e+01 -5.847999756e+01 -2.6541e-01 -7.7831e-01 +4.1399e-01
24530 +1.486841462e-06 +1.486841462e-06 -5.847999851e+01 -5.847999851e+01 -2.6339e-01 -7.6902e-01 +4.1379e-01
24709 +9.447788258e-07 +9.447788258e-07 -5.847999906e+01 -5.847999906e+01 -2.6100e-01 -7.5629e-01 +4.1371e-01
24906 +6.227016698e-07 +6.227016698e-07 -5.847999938e+01 -5.847999938e+01 -2.5714e-01 -7.4247e-01 +4.1300e-01
25309 +3.756805143e-07 +3.756805143e-07 -5.847999962e+01 -5.847999962e+01 -2.5789e-01 -7.4330e-01 +4.1316e-01
26130 +7.549871839e-08 +7.549871839e-08 -5.847999992e+01 -5.847999992e+01 -2.5232e-01 -7.1979e-01 +4.1286e-01
26364 +1.508525571e-08 +1.508525571e-08 -5.847999998e+01 -5.847999998e+01 -2.5215e-01 -7.1778e-01 +4.1335e-01
26501 +9.983331495e-09 +9.983331495e-09 -5.847999999e+01 -5.847999999e+01 -2.5309e-01 -7.2256e-01 +4.1327e-01
% function evaluation | noise-free fitness - Fopt (-6.130800000000e+02) | best noise-free fitness - Fopt | measured fitness | best measured fitness | x1 | x2...
1 +7.639836096e+01 +7.639836096e+01 -5.366816390e+02 -5.366816390e+02 -4.3110e+00 -2.4268e+00 -8.5634e-01
2 +1.014987720e+01 +1.014987720e+01 -6.029301228e+02 -6.029301228e+02 -8.5820e-01 +1.1938e+00 +5.4049e-02
21 +9.629174033e+00 +9.629174033e+00 -6.034508260e+02 -6.034508260e+02 +1.3230e+00 +1.5343e+00 -2.6101e+00
36 +4.526016315e+00 +4.526016315e+00 -6.085539837e+02 -6.085539837e+02 -2.6912e+00 +1.8364e+00 +4.0895e-01
45 +2.792448913e+00 +2.792448913e+00 -6.102875511e+02 -6.102875511e+02 -1.9547e-01 -1.7678e+00 +1.5759e-01
226 +1.972215087e+00 +1.972215087e+00 -6.111077849e+02 -6.111077849e+02 -1.4158e+00 +4.8542e-01 -5.2938e-01
274 +5.004026189e-01 +5.004026189e-01 -6.125795974e+02 -6.125795974e+02 -4.4153e-01 +1.2420e+00 -1.6182e-01
367 +1.931456926e-01 +1.931456926e-01 -6.128868543e+02 -6.128868543e+02 +7.0677e-02 +1.6253e+00 -4.0377e-01
1250 +7.741192481e-02 +7.741192481e-02 -6.130025881e+02 -6.130025881e+02 +2.5701e-01 -5.1554e-01 -3.7971e-01
2381 +3.537309514e-02 +3.537309514e-02 -6.130446269e+02 -6.130446269e+02 +4.1967e-01 -8.2037e-01 -4.2806e-01
2725 +1.259960143e-02 +1.259960143e-02 -6.130674004e+02 -6.130674004e+02 +3.6248e-01 -6.6364e-01 -4.2413e-01
4565 +8.944382706e-03 +8.944382706e-03 -6.130710556e+02 -6.130710556e+02 +3.7081e-01 -6.6820e-01 -4.2801e-01
5301 +1.657500100e-04 +1.657500100e-04 -6.130798342e+02 -6.130798342e+02 +4.3677e-01 -8.3795e-01 -4.2617e-01
5713 +6.638864375e-05 +6.638864375e-05 -6.130799336e+02 -6.130799336e+02 +3.9212e-01 -8.0210e-01 -3.9241e-01
6633 +3.654307795e-05 +3.654307795e-05 -6.130799635e+02 -6.130799635e+02 +3.9225e-01 -8.0419e-01 -3.9410e-01
10272 +6.717122801e-06 +6.717122801e-06 -6.130799933e+02 -6.130799933e+02 +3.4521e-01 -7.7201e-01 -3.6525e-01
10485 +4.285750151e-06 +4.285750151e-06 -6.130799957e+02 -6.130799957e+02 +3.4313e-01 -7.6889e-01 -3.6469e-01
11285 +3.934721803e-06 +3.934721803e-06 -6.130799961e+02 -6.130799961e+02 +3.4209e-01 -7.6902e-01 -3.6392e-01
12001 +2.489351004e-06 +2.489351004e-06 -6.130799975e+02 -6.130799975e+02 +3.4526e-01 -7.7001e-01 -3.6523e-01
15112 +1.409537504e-06 +1.409537504e-06 -6.130799986e+02 -6.130799986e+02 +3.3816e-01 -7.6494e-01 -3.6020e-01
19199 +9.658984936e-07 +9.658984936e-07 -6.130799990e+02 -6.130799990e+02 +3.3384e-01 -7.6175e-01 -3.5748e-01
24169 +6.035505749e-07 +6.035505749e-07 -6.130799994e+02 -6.130799994e+02 +3.2902e-01 -7.5814e-01 -3.5454e-01
27431 +3.924413932e-07 +3.924413932e-07 -6.130799996e+02 -6.130799996e+02 +3.2474e-01 -7.5503e-01 -3.5172e-01
31106 +1.600975565e-07 +1.600975565e-07 -6.130799998e+02 -6.130799998e+02 +3.1735e-01 -7.4945e-01 -3.4708e-01
33047 +1.566901346e-07 +1.566901346e-07 -6.130799998e+02 -6.130799998e+02 +3.1742e-01 -7.4956e-01 -3.4709e-01
41104 +8.975109722e-08 +8.975109722e-08 -6.130799999e+02 -6.130799999e+02 +3.1403e-01 -7.4703e-01 -3.4490e-01
48903 +6.288223631e-08 +6.288223631e-08 -6.130799999e+02 -6.130799999e+02 +3.1214e-01 -7.4547e-01 -3.4363e-01
% function evaluation | noise-free fitness - Fopt (-1.852700000000e+02) | best noise-free fitness - Fopt | measured fitness | best measured fitness | x1 | x2...
1 +7.731863291e+01 +7.731863291e+01 -1.079513671e+02 -1.079513671e+02 -4.7613e+00 +3.6375e+00 -1.7666e+00
2 +4.103312405e+01 +4.103312405e+01 -1.442368759e+02 -1.442368759e+02 +4.8209e+00 -3.1494e+00 -1.0510e+00
3 +2.304017685e+01 +2.304017685e+01 -1.622298232e+02 -1.622298232e+02 -1.8855e+00 -3.9616e+00 +1.3437e+00
8 +1.369761380e+01 +1.369761380e+01 -1.715723862e+02 -1.715723862e+02 -2.2495e-01 +2.6862e+00 +2.0442e+00
12 +9.728081316e+00 +9.728081316e+00 -1.755419187e+02 -1.755419187e+02 -4.6342e-01 -3.8243e+00 -1.0710e+00
16 +5.534061011e+00 +5.534061011e+00 -1.797359390e+02 -1.797359390e+02 -1.0492e+00 +2.4276e+00 +1.8117e+00
41 +2.144380625e+00 +2.144380625e+00 -1.831256194e+02 -1.831256194e+02 -1.6514e+00 +5.0000e+00 -2.9988e+00
309 +1.522285151e+00 +1.522285151e+00 -1.837477148e+02 -1.837477148e+02 -9.2230e-01 +2.4574e+00 -4.3556e-01
328 +8.123601361e-01 +8.123601361e-01 -1.844576399e+02 -1.844576399e+02 -4.2246e-01 +6.6940e-01 +4.9733e-01
722 +1.934352238e-01 +1.934352238e-01 -1.850765648e+02 -1.850765648e+02 -7.9185e-01 +2.7276e-01 +4.2834e-01
1128 +6.919537335e-03 +6.919537335e-03 -1.852630805e+02 -1.852630805e+02 -4.6865e-01 +3.6239e-01 +4.4357e-01
2559 +1.476162486e-03 +1.476162486e-03 -1.852685238e+02 -1.852685238e+02 -4.6302e-01 +3.6820e-01 +4.2681e-01
2916 +6.897574130e-05 +6.897574130e-05 -1.852699310e+02 -1.852699310e+02 -5.0746e-01 +4.6983e-01 +4.8051e-01
3626 +3.780084748e-05 +3.780084748e-05 -1.852699622e+02 -1.852699622e+02 -5.0844e-01 +4.7448e-01 +4.8181e-01
3786 +6.440176634e-06 +6.440176634e-06 -1.852699936e+02 -1.852699936e+02 -5.0913e-01 +4.8686e-01 +4.8177e-01
3826 +8.669477722e-07 +8.669477722e-07 -1.852699991e+02 -1.852699991e+02 -5.0847e-01 +4.8139e-01 +4.8231e-01
3946 +4.035983920e-07 +4.035983920e-07 -1.852699996e+02 -1.852699996e+02 -5.0886e-01 +4.8346e-01 +4.8204e-01
4306 +9.988357874e-08 +9.988357874e-08 -1.852699999e+02 -1.852699999e+02 -5.0820e-01 +4.8329e-01 +4.8220e-01
10400 +5.737007314e-08 +5.737007314e-08 -1.852699999e+02 -1.852699999e+02 -5.0932e-01 +4.8664e-01 +4.8342e-01
11580 +3.801662274e-08 +3.801662274e-08 -1.852700000e+02 -1.852700000e+02 -5.1003e-01 +4.8858e-01 +4.8428e-01
14842 +2.189440806e-08 +2.189440806e-08 -1.852700000e+02 -1.852700000e+02 -5.1076e-01 +4.9108e-01 +4.8522e-01
17092 +1.559672569e-08 +1.559672569e-08 -1.852700000e+02 -1.852700000e+02 -5.1128e-01 +4.9240e-01 +4.8572e-01
19739 +9.392181255e-09 +9.392181255e-09 -1.852700000e+02 -1.852700000e+02 -5.1165e-01 +4.9353e-01 +4.8620e-01
% function evaluation | noise-free fitness - Fopt (3.747000000000e+01) | best noise-free fitness - Fopt | measured fitness | best measured fitness | x1 | x2...
1 +1.693419942e+01 +1.693419942e+01 +5.440419942e+01 +5.440419942e+01 +4.7728e+00 -2.2375e+00 -9.4117e-01
3 +9.969998966e+00 +9.969998966e+00 +4.743999897e+01 +4.743999897e+01 -4.6294e+00 +3.5949e+00 +2.6318e+00
22 +5.243730010e+00 +5.243730010e+00 +4.271373001e+01 +4.271373001e+01 -4.6423e+00 -2.2280e-01 -1.9620e+00
105 +2.781958904e+00 +2.781958904e+00 +4.025195890e+01 +4.025195890e+01 -5.0000e+00 +5.5616e-02 -2.4431e+00
226 +7.985227673e-01 +7.985227673e-01 +3.826852277e+01 +3.826852277e+01 -1.8281e+00 -1.5131e-01 +1.2168e+00
500 +4.558036310e-01 +4.558036310e-01 +3.792580363e+01 +3.792580363e+01 +1.0523e+00 +5.0922e-01 +1.3493e+00
588 +3.907076910e-01 +3.907076910e-01 +3.786070769e+01 +3.786070769e+01 +1.0807e+00 +9.0388e-01 -4.2207e-01
1056 +1.799324416e-01 +1.799324416e-01 +3.764993244e+01 +3.764993244e+01 -6.5279e-01 -4.8150e-01 -6.2165e-01
1103 +9.415745877e-03 +9.415745877e-03 +3.747941575e+01 +3.747941575e+01 -8.6542e-01 -4.9981e-01 -7.0614e-01
3263 +5.679440240e-03 +5.679440240e-03 +3.747567944e+01 +3.747567944e+01 -8.6599e-01 -5.0173e-01 -7.0819e-01
3503 +2.657205427e-03 +2.657205427e-03 +3.747265721e+01 +3.747265721e+01 -8.5364e-01 -5.1379e-01 -7.0822e-01
3583 +2.165953400e-03 +2.165953400e-03 +3.747216595e+01 +3.747216595e+01 -8.5412e-01 -5.1204e-01 -7.0811e-01
7351 +1.515643805e-03 +1.515643805e-03 +3.747151564e+01 +3.747151564e+01 -8.3245e-01 -5.0854e-01 -6.9478e-01
7721 +9.264508224e-04 +9.264508224e-04 +3.747092645e+01 +3.747092645e+01 -5.8591e-01 -4.7914e-01 -5.5412e-01
8361 +2.340208846e-05 +2.340208846e-05 +3.747002340e+01 +3.747002340e+01 -5.8023e-01 -4.7349e-01 -5.5756e-01
8441 +1.075828757e-05 +1.075828757e-05 +3.747001076e+01 +3.747001076e+01 -5.7646e-01 -4.7427e-01 -5.5534e-01
9361 +7.574587912e-06 +7.574587912e-06 +3.747000757e+01 +3.747000757e+01 -5.7621e-01 -4.7291e-01 -5.5393e-01
9481 +4.436618852e-06 +4.436618852e-06 +3.747000444e+01 +3.747000444e+01 -5.7611e-01 -4.7427e-01 -5.5420e-01
9641 +3.926781332e-06 +3.926781332e-06 +3.747000393e+01 +3.747000393e+01 -5.7611e-01 -4.7422e-01 -5.5354e-01
15362 +2.500752331e-06 +2.500752331e-06 +3.747000250e+01 +3.747000250e+01 -5.6723e-01 -4.7337e-01 -5.4877e-01
18037 +1.583045531e-06 +1.583045531e-06 +3.747000158e+01 +3.747000158e+01 -5.6072e-01 -4.7198e-01 -5.4480e-01
18397 +9.585290286e-07 +9.585290286e-07 +3.747000096e+01 +3.747000096e+01 -5.5311e-01 -4.7103e-01 -5.4046e-01
18851 +5.436510833e-07 +5.436510833e-07 +3.747000054e+01 +3.747000054e+01 -5.4538e-01 -4.6982e-01 -5.3572e-01
19597 +3.697645710e-07 +3.697645710e-07 +3.747000037e+01 +3.747000037e+01 -5.3431e-01 -4.6865e-01 -5.2963e-01
20077 +2.501548693e-07 +2.501548693e-07 +3.747000025e+01 +3.747000025e+01 -5.3420e-01 -4.6824e-01 -5.2962e-01
20314 +1.310269084e-07 +1.310269084e-07 +3.747000013e+01 +3.747000013e+01 -5.3201e-01 -4.6772e-01 -5.2805e-01
21401 +6.408188824e-08 +6.408188824e-08 +3.747000006e+01 +3.747000006e+01 -5.2617e-01 -4.6696e-01 -5.2460e-01
22439 +5.872773556e-08 +5.872773556e-08 +3.747000006e+01 +3.747000006e+01 -5.2618e-01 -4.6681e-01 -5.2468e-01
24454 +3.892576217e-08 +3.892576217e-08 +3.747000004e+01 +3.747000004e+01 -5.2464e-01 -4.6653e-01 -5.2364e-01
27469 +2.508641472e-08 +2.508641472e-08 +3.747000003e+01 +3.747000003e+01 -5.2282e-01 -4.6630e-01 -5.2260e-01
27949 +1.538926142e-08 +1.538926142e-08 +3.747000002e+01 +3.747000002e+01 -5.2119e-01 -4.6603e-01 -5.2165e-01
28136 +9.938005974e-09 +9.938005974e-09 +3.747000001e+01 +3.747000001e+01 -5.1956e-01 -4.6570e-01 -5.2066e-01
% function evaluation | noise-free fitness - Fopt (-3.944700000000e+02) | best noise-free fitness - Fopt | measured fitness | best measured fitness | x1 | x2...
1 +3.438991331e+00 +3.438991331e+00 -3.910310087e+02 -3.910310087e+02 -2.6437e-01 -3.7159e+00 -2.3761e+00
144 +1.384360868e+00 +1.384360868e+00 -3.930856391e+02 -3.930856391e+02 +9.0550e-01 -1.3692e+00 -3.2720e+00
643 +4.822184997e-01 +4.822184997e-01 -3.939877815e+02 -3.939877815e+02 +5.6998e-01 -2.6832e+00 -1.3463e+00
985 +3.882061085e-01 +3.882061085e-01 -3.940817939e+02 -3.940817939e+02 -1.8804e+00 -8.5776e-01 -2.0301e+00
2975 +2.226832165e-01 +2.226832165e-01 -3.942473168e+02 -3.942473168e+02 -1.0683e+00 -8.6551e-01 -1.7615e-01
3303 +1.407148850e-01 +1.407148850e-01 -3.943292851e+02 -3.943292851e+02 -1.2481e+00 -7.9937e-01 -3.2724e-01
7929 +8.839606850e-02 +8.839606850e-02 -3.943816039e+02 -3.943816039e+02 -7.3574e-01 -6.9315e-01 +1.8165e-01
8129 +5.572122271e-02 +5.572122271e-02 -3.944142788e+02 -3.944142788e+02 -7.3567e-01 -6.9316e-01 +1.8071e-01
40970 +3.949646824e-02 +3.949646824e-02 -3.944305035e+02 -3.944305035e+02 -7.0958e-01 -6.9339e-01 +3.1981e-01
% function evaluation | noise-free fitness - Fopt (-1.026200000000e+02) | best noise-free fitness - Fopt | measured fitness | best measured fitness | x1 | x2...
1 +2.767452049e+01 +2.767452049e+01 -7.494547951e+01 -7.494547951e+01 +3.7168e+00 +3.9394e+00 +2.9231e-01
2 +1.778991158e+01 +1.778991158e+01 -8.483008842e+01 -8.483008842e+01 +3.4267e+00 -7.0073e-01 -3.5569e-01
5 +1.263854141e+01 +1.263854141e+01 -8.998145859e+01 -8.998145859e+01 +3.5760e-01 -1.8444e+00 +1.6709e+00
9 +9.010281423e+00 +9.010281423e+00 -9.360971858e+01 -9.360971858e+01 +3.3940e-01 +8.1615e-01 +9.8078e-02
25 +4.936021427e+00 +4.936021427e+00 -9.768397857e+01 -9.768397857e+01 +6.7988e-01 +7.1511e-01 -1.4527e+00
51 +3.110113881e+00 +3.110113881e+00 -9.950988612e+01 -9.950988612e+01 -1.0466e+00 +1.4712e+00 -1.3917e+00
83 +1.261004397e+00 +1.261004397e+00 -1.013589956e+02 -1.013589956e+02 -9.2734e-01 +1.1295e+00 +1.0478e-02
784 +4.410987727e-01 +4.410987727e-01 -1.021789012e+02 -1.021789012e+02 -7.2589e-01 +1.1392e-01 +7.7893e-01
791 +1.084429499e-01 +1.084429499e-01 -1.025115571e+02 -1.025115571e+02 -1.4371e-01 -1.5124e-01 +2.8077e-01
1017 +9.441173317e-02 +9.441173317e-02 -1.025255883e+02 -1.025255883e+02 +3.4486e-01 +6.4989e-01 -6.4933e-01
3575 +5.961833021e-02 +5.961833021e-02 -1.025603817e+02 -1.025603817e+02 -2.1658e-01 +3.3738e-01 +1.8923e-01
5815 +2.616851898e-02 +2.616851898e-02 -1.025938315e+02 -1.025938315e+02 -2.1682e-01 +3.2608e-01 +1.9764e-01
5895 +2.495533445e-02 +2.495533445e-02 -1.025950447e+02 -1.025950447e+02 -2.1681e-01 +3.2585e-01 +1.9793e-01
% function evaluation | noise-free fitness - Fopt (2.728300000000e+02) | best noise-free fitness - Fopt | measured fitness | best measured fitness | x1 | x2...
1 +3.974745771e+01 +3.974745771e+01 +3.125774577e+02 +3.125774577e+02 +3.9715e+00 -2.1924e+00 +1.8100e+00
6 +7.844527127e+00 +7.844527127e+00 +2.806745271e+02 +2.806745271e+02 -4.8688e-01 -1.0871e+00 +1.2727e+00
63 +6.155779614e+00 +6.155779614e+00 +2.789857796e+02 +2.789857796e+02 +1.6613e+00 +4.3797e-01 +8.7097e-01
98 +1.995800242e+00 +1.995800242e+00 +2.748258002e+02 +2.748258002e+02 -2.7350e-01 +7.2631e-01 +0.0000e+00
101 +5.300747587e-01 +5.300747587e-01 +2.733600748e+02 +2.733600748e+02 +5.3093e-01 -8.8063e-01 -2.7700e-01
145 +3.264877140e-01 +3.264877140e-01 +2.731564877e+02 +2.731564877e+02 +8.1527e-01 -1.8428e-01 +1.9583e+00
163 +1.448720021e-01 +1.448720021e-01 +2.729748720e+02 +2.729748720e+02 -6.0947e-01 -4.4125e+00 +8.1488e-01
1054 +6.896955659e-02 +6.896955659e-02 +2.728989696e+02 +2.728989696e+02 -4.6264e-01 -4.7638e+00 +7.2266e-01
2374 +5.527609841e-02 +5.527609841e-02 +2.728852761e+02 +2.728852761e+02 -4.6815e-01 -4.7579e+00 +7.2272e-01
2811 +2.212738693e-02 +2.212738693e-02 +2.728521274e+02 +2.728521274e+02 -4.5812e-01 -4.7776e+00 +7.2448e-01
7694 +1.572335074e-02 +1.572335074e-02 +2.728457234e+02 +2.728457234e+02 -4.5735e-01 -4.7753e+00 +7.2383e-01
% function evaluation | noise-free fitness - Fopt (-3.400000000000e+00) | best noise-free fitness - Fopt | measured fitness | best measured fitness | x1 | x2...
1 +2.536431269e+01 +2.536431269e+01 +2.196431269e+01 +2.196431269e+01 -2.3140e+00 +3.2097e+00 +1.2545e+00
2 +2.332765162e+01 +2.332765162e+01 +1.992765162e+01 +1.992765162e+01 +3.2469e+00 -2.4075e+00 +2.9733e-01
11 +5.278389287e+00 +5.278389287e+00 +1.878389287e+00 +1.878389287e+00 +6.7878e-02 +1.9310e+00 +1.8228e+00
41 +7.447780312e-01 +7.447780312e-01 -2.655221969e+00 -2.655221969e+00 +4.0893e-01 -1.7903e+00 +9.3655e-02
716 +3.442017389e-01 +3.442017389e-01 -3.055798261e+00 -3.055798261e+00 -3.2449e-01 +6.9553e-01 +1.3753e-01
862 +2.173456509e-01 +2.173456509e-01 -3.182654349e+00 -3.182654349e+00 -8.8378e-01 -9.3925e-01 +1.6208e-02
1397 +9.557313759e-02 +9.557313759e-02 -3.304426862e+00 -3.304426862e+00 -2.0319e-02 +1.9701e+00 +7.3603e-02
1909 +4.282951071e-02 +4.282951071e-02 -3.357170489e+00 -3.357170489e+00 +3.2667e-01 +0.0000e+00 +3.2480e-01
2412 +2.130768748e-02 +2.130768748e-02 -3.378692313e+00 -3.378692313e+00 +1.5072e-01 +6.6235e-01 +3.2064e-01
3354 +1.438342386e-02 +1.438342386e-02 -3.385616576e+00 -3.385616576e+00 +1.7537e-01 +4.2212e-01 +3.3633e-01
3424 +1.713589201e-04 +1.713589201e-04 -3.399828641e+00 -3.399828641e+00 +1.6494e-01 +5.9593e-01 +3.3469e-01
4189 +4.202512569e-05 +4.202512569e-05 -3.399957975e+00 -3.399957975e+00 +1.5118e-01 +7.0952e-01 +3.3765e-01
4269 +8.163254712e-07 +8.163254712e-07 -3.399999184e+00 -3.399999184e+00 +1.4164e-01 +8.0684e-01 +3.4180e-01
5229 +1.286521893e-07 +1.286521893e-07 -3.399999871e+00 -3.399999871e+00 +1.4165e-01 +8.0176e-01 +3.4192e-01
7029 +9.921838640e-08 +9.921838640e-08 -3.399999901e+00 -3.399999901e+00 +1.4220e-01 +7.9682e-01 +3.4175e-01
8154 +5.988136031e-08 +5.988136031e-08 -3.399999940e+00 -3.399999940e+00 +1.4254e-01 +7.9619e-01 +3.4188e-01
8751 +1.401117444e-08 +1.401117444e-08 -3.399999986e+00 -3.399999986e+00 +1.4373e-01 +7.8633e-01 +3.4164e-01
8914 +8.318718159e-09 +8.318718159e-09 -3.399999992e+00 -3.399999992e+00 +1.4365e-01 +7.8751e-01 +3.4166e-01
% function evaluation | noise-free fitness - Fopt (-1.851700000000e+02) | best noise-free fitness - Fopt | measured fitness | best measured fitness | x1 | x2...
1 +1.834270763e+02 +1.834270763e+02 -1.742923651e+00 -1.742923651e+00 +2.0899e+00 -3.0598e+00 +4.5918e+00
2 +2.245375965e+01 +2.245375965e+01 -1.627162404e+02 -1.627162404e+02 -2.7146e+00 +3.1844e+00 +3.3943e+00
6 +1.077707049e+01 +1.077707049e+01 -1.743929295e+02 -1.743929295e+02 -1.1475e+00 +2.4408e+00 +1.6726e+00
32 +9.969614417e+00 +9.969614417e+00 -1.752003856e+02 -1.752003856e+02 +4.1089e-01 -3.6323e+00 -4.1192e+00
48 +5.145495387e+00 +5.145495387e+00 -1.800245046e+02 -1.800245046e+02 +1.3202e-01 -2.5992e+00 -1.7954e+00
64 +3.913795044e+00 +3.913795044e+00 -1.812562050e+02 -1.812562050e+02 +1.9061e+00 -1.3228e+00 -9.4295e-01
301 +2.378917851e+00 +2.378917851e+00 -1.827910821e+02 -1.827910821e+02 -8.9348e-02 -8.0158e-01 -2.1058e-01
435 +1.139195262e+00 +1.139195262e+00 -1.840308047e+02 -1.840308047e+02 -5.6637e-01 -1.7624e+00 -5.0000e+00
726 +5.996119098e-01 +5.996119098e-01 -1.845703881e+02 -1.845703881e+02 -3.6879e-01 -2.6110e+00 -3.3894e+00
1041 +1.790496217e-01 +1.790496217e-01 -1.849909504e+02 -1.849909504e+02 -9.8819e-03 -8.0530e-01 +1.2657e-01
1543 +8.149901177e-02 +8.149901177e-02 -1.850885010e+02 -1.850885010e+02 -5.7502e-03 -7.7489e-01 +1.9579e-01
2038 +4.528835724e-02 +4.528835724e-02 -1.851247116e+02 -1.851247116e+02 -7.9987e-02 -6.3052e-01 +0.0000e+00
2308 +3.906000977e-02 +3.906000977e-02 -1.851309400e+02 -1.851309400e+02 -2.3809e-02 -8.8448e-01 +1.9593e-02
3943 +1.934527010e-02 +1.934527010e-02 -1.851506547e+02 -1.851506547e+02 -9.9445e-02 -8.2523e-01 -1.5191e-01
4023 +9.926293727e-03 +9.926293727e-03 -1.851600737e+02 -1.851600737e+02 -1.9347e-01 -8.4863e-01 -5.9915e-02
6602 +4.692777263e-03 +4.692777263e-03 -1.851653072e+02 -1.851653072e+02 -1.1011e-01 -8.7749e-01 -1.8721e-01
7081 +4.659809690e-04 +4.659809690e-04 -1.851695340e+02 -1.851695340e+02 -1.1067e-01 -8.7195e-01 -1.9077e-01
7268 +2.605473992e-05 +2.605473992e-05 -1.851699739e+02 -1.851699739e+02 -1.1692e-01 -8.5771e-01 -1.8207e-01
7361 +1.967430407e-05 +1.967430407e-05 -1.851699803e+02 -1.851699803e+02 -1.1432e-01 -8.5472e-01 -1.8227e-01
7781 +1.158412627e-05 +1.158412627e-05 -1.851699884e+02 -1.851699884e+02 -1.1456e-01 -8.6778e-01 -1.9165e-01
7815 +9.315584521e-06 +9.315584521e-06 -1.851699907e+02 -1.851699907e+02 -1.1573e-01 -8.5540e-01 -1.7592e-01
7895 +4.720514028e-06 +4.720514028e-06 -1.851699953e+02 -1.851699953e+02 -1.1433e-01 -8.5449e-01 -1.8057e-01
8068 +6.933777570e-07 +6.933777570e-07 -1.851699993e+02 -1.851699993e+02 -1.1391e-01 -8.5354e-01 -1.7686e-01
8381 +2.914728725e-08 +2.914728725e-08 -1.851700000e+02 -1.851700000e+02 -1.1432e-01 -8.4726e-01 -1.7203e-01
10321 +1.550350248e-08 +1.550350248e-08 -1.851700000e+02 -1.851700000e+02 -1.1419e-01 -8.4705e-01 -1.7182e-01
11241 +9.910735344e-09 +9.910735344e-09 -1.851700000e+02 -1.851700000e+02 -1.1418e-01 -8.4637e-01 -1.7115e-01
% function evaluation | noise-free fitness - Fopt (1.013400000000e+02) | best noise-free fitness - Fopt | measured fitness | best measured fitness | x1 | x2...
1 +2.791681389e+01 +2.791681389e+01 +1.292568139e+02 +1.292568139e+02 +3.2313e+00 -3.3032e+00 +3.3565e+00
4 +3.118878380e+00 +3.118878380e+00 +1.044588784e+02 +1.044588784e+02 -3.2295e-01 +2.8369e+00 -1.2688e+00
35 +1.883943205e+00 +1.883943205e+00 +1.032239432e+02 +1.032239432e+02 +1.0551e+00 -7.1372e-01 -2.6748e+00
104 +1.428806929e+00 +1.428806929e+00 +1.027688069e+02 +1.027688069e+02 +1.7559e+00 +1.9835e-01 -3.2288e+00
662 +7.517273165e-01 +7.517273165e-01 +1.020917273e+02 +1.020917273e+02 +1.5306e+00 +1.0280e+00 -3.6815e+00
730 +1.966602579e-01 +1.966602579e-01 +1.015366603e+02 +1.015366603e+02 +1.4591e+00 +2.5463e-01 -3.5302e+00
1391 +5.757975712e-02 +5.757975712e-02 +1.013975798e+02 +1.013975798e+02 +1.0097e+00 +1.9530e-01 -2.1095e+00
4231 +3.662825350e-02 +3.662825350e-02 +1.013766283e+02 +1.013766283e+02 +1.0110e+00 +1.9506e-01 -2.1119e+00
6151 +2.485855549e-02 +2.485855549e-02 +1.013648586e+02 +1.013648586e+02 +1.0107e+00 +1.9506e-01 -2.1122e+00
48361 +1.583803662e-02 +1.583803662e-02 +1.013558380e+02 +1.013558380e+02 +1.0107e+00 +1.5003e-01 -2.1158e+00
% function evaluation | noise-free fitness - Fopt (-2.400000000000e+00) | best noise-free fitness - Fopt | measured fitness | best measured fitness | x1 | x2...
1 +9.379016788e+01 +9.379016788e+01 +9.139016788e+01 +9.139016788e+01 +4.7786e+00 -2.7270e+00 -2.5430e+00
2 +1.905247351e+01 +1.905247351e+01 +1.665247351e+01 +1.665247351e+01 +1.1808e+00 -1.2584e+00 +2.7461e+00
6 +7.644990615e+00 +7.644990615e+00 +5.244990615e+00 +5.244990615e+00 -4.8640e+00 -4.6305e-01 +4.1182e-02
18 +4.599523288e-01 +4.599523288e-01 -1.940047671e+00 -1.940047671e+00 +6.4585e-01 -3.3461e-01 +3.8817e-01
777 +1.771869606e-01 +1.771869606e-01 -2.222813039e+00 -2.222813039e+00 +9.2647e-01 +1.1029e-01 +3.7459e-01
2410 +1.392932299e-01 +1.392932299e-01 -2.260706770e+00 -2.260706770e+00 +5.7611e-01 +1.3846e+00 +1.4326e+00
3173 +9.229219413e-02 +9.229219413e-02 -2.307707806e+00 -2.307707806e+00 -2.8165e-01 +4.6238e-01 +7.2101e-01
9700 +4.825889851e-02 +4.825889851e-02 -2.351741101e+00 -2.351741101e+00 -2.2543e-01 +3.6377e-01 +8.3714e-01
12380 +3.464261276e-02 +3.464261276e-02 -2.365357387e+00 -2.365357387e+00 -2.2363e-01 +3.6539e-01 +8.3722e-01
14926 +2.110485652e-02 +2.110485652e-02 -2.378895143e+00 -2.378895143e+00 -5.0735e-01 +2.9036e-01 +1.0790e+00
25766 +1.571457618e-02 +1.571457618e-02 -2.384285424e+00 -2.384285424e+00 -5.0726e-01 +2.9033e-01 +1.0797e+00
% function evaluation | noise-free fitness - Fopt (-2.778000000000e+01) | best noise-free fitness - Fopt | measured fitness | best measured fitness | x1 | x2...
1 +2.921870131e+01 +2.921870131e+01 +1.438701312e+00 +1.438701312e+00 +4.9879e+00 -2.6094e-02 -2.7308e+00
2 +1.340540892e+01 +1.340540892e+01 -1.437459108e+01 -1.437459108e+01 -2.2679e+00 +1.3235e+00 -1.1246e+00
9 +9.056998236e+00 +9.056998236e+00 -1.872300176e+01 -1.872300176e+01 +2.4799e-02 +1.0980e-01 +7.2789e-01
11 +4.800077242e+00 +4.800077242e+00 -2.297992276e+01 -2.297992276e+01 +2.6859e+00 -6.1969e-01 -1.7616e+00
55 +2.804597606e+00 +2.804597606e+00 -2.497540239e+01 -2.497540239e+01 -2.7967e-02 -5.7947e-01 -9.3250e-02
99 +2.071527480e+00 +2.071527480e+00 -2.570847252e+01 -2.570847252e+01 -1.7999e+00 -2.4283e+00 +1.3796e+00
109 +4.746987548e-01 +4.746987548e-01 -2.730530125e+01 -2.730530125e+01 +2.2453e-01 -1.5611e+00 -1.1132e+00
508 +2.653190747e-01 +2.653190747e-01 -2.751468093e+01 -2.751468093e+01 -4.7187e-01 -8.3677e-01 +0.0000e+00
3200 +2.379440968e-01 +2.379440968e-01 -2.754205590e+01 -2.754205590e+01 -7.7275e-01 -5.3431e-01 -2.9547e-01
3560 +1.227093657e-01 +1.227093657e-01 -2.765729063e+01 -2.765729063e+01 -7.7306e-01 -5.3589e-01 -2.9592e-01
4560 +9.980809501e-02 +9.980809501e-02 -2.768019190e+01 -2.768019190e+01 -7.7307e-01 -5.3656e-01 -2.9581e-01
8259 +3.934009862e-02 +3.934009862e-02 -2.774065990e+01 -2.774065990e+01 -7.5694e-01 -2.5295e-01 -6.3929e-01
11664 +1.931581742e-02 +1.931581742e-02 -2.776068418e+01 -2.776068418e+01 -5.8809e-01 -2.4881e-01 -1.0590e+00
28133 +1.578497767e-02 +1.578497767e-02 -2.776421502e+01 -2.776421502e+01 -5.8837e-01 -2.4741e-01 -1.0589e+00
