% function evaluation | noise-free fitness - Fopt (1.000000000000e+03) | best noise-free fitness - Fopt | measured fitness | best measured fitness | x1 | x2...
1 +1.061284511e+03 +1.061284511e+03 +2.061284511e+03 +2.061284511e+03 +2.2953e+00 -3.4917e-01 -9.0832e-01
2 +4.905888664e+02 +4.905888664e+02 +1.490588866e+03 +1.490588866e+03 +2.2659e+00 -4.2325e+00 +1.5623e+00
3 +1.790555669e+02 +1.790555669e+02 +1.179055567e+03 +1.179055567e+03 -7.5965e-01 +7.1954e-01 +1.3806e+00
10 +4.354497839e+01 +4.354497839e+01 +1.043544978e+03 +1.043544978e+03 -4.3572e+00 +9.9030e-01 +2.0350e+00
16 +3.286137246e+01 +3.286137246e+01 +1.032861372e+03 +1.032861372e+03 -1.1302e+00 +2.5843e+00 +4.8643e+00
63 +1.918053884e+01 +1.918053884e+01 +1.019180539e+03 +1.019180539e+03 -3.8796e+00 +1.1768e+00 +2.8604e+00
219 +1.584645104e+01 +1.584645104e+01 +1.015846451e+03 +1.015846451e+03 -3.4160e+00 +2.2380e+00 +2.7774e+00
537 +7.447501698e+00 +7.447501698e+00 +1.007447502e+03 +1.007447502e+03 -2.5773e+00 +2.9511e+00 +4.3204e+00
740 +5.536180404e+00 +5.536180404e+00 +1.005536180e+03 +1.005536180e+03 -2.5328e+00 +3.5380e+00 +4.1629e+00
811 +2.887820491e+00 +2.887820491e+00 +1.002887820e+03 +1.002887820e+03 -2.4327e+00 +3.5304e+00 +4.2327e+00
1011 +2.082965537e+00 +2.082965537e+00 +1.002082966e+03 +1.002082966e+03 -2.3811e+00 +3.5814e+00 +4.2613e+00
15094 +1.158881115e+00 +1.158881115e+00 +1.001158881e+03 +1.001158881e+03 -2.7536e+00 +3.5018e+00 +3.6538e+00
21390 +9.961266098e-01 +9.961266098e-01 +1.000996127e+03 +1.000996127e+03 -2.7541e+00 +3.5025e+00 +3.6444e+00
% function evaluation | noise-free fitness - Fopt (7.003000000000e+01) | best noise-free fitness - Fopt | measured fitness | best measured fitness | x1 | x2...
1 +1.082694235e+02 +1.082694235e+02 +1.782994235e+02 +1.782994235e+02 +1.8754e+00 -2.5986e+00 -7.4791e-02
3 +8.076326106e+01 +8.076326106e+01 +1.507932611e+02 +1.507932611e+02 +7.7048e-01 -3.8740e+00 -4.6114e+00
6 +4.014368994e+01 +4.014368994e+01 +1.101736899e+02 +1.101736899e+02 +1.2176e-01 -7.7036e-01 -2.1145e+00
21 +2.941710106e+01 +2.941710106e+01 +9.944710106e+01 +9.944710106e+01 -4.8460e-01 -1.9763e+00 -3.4987e+00
58 +2.011134002e+01 +2.011134002e+01 +9.014134002e+01 +9.014134002e+01 -9.8393e-01 -3.5745e+00 -3.2092e+00
172 +1.474192120e+01 +1.474192120e+01 +8.477192120e+01 +8.477192120e+01 -7.7616e-01 -3.0124e+00 -5.0000e+00
290 +8.027482046e+00 +8.027482046e+00 +7.805748205e+01 +7.805748205e+01 -1.5720e+00 -4.2781e+00 -4.4568e+00
370 +5.651832771e+00 +5.651832771e+00 +7.568183277e+01 +7.568183277e+01 -2.0902e+00 -3.5189e+00 -4.1857e+00
876 +3.165344087e+00 +3.165344087e+00 +7.319534409e+01 +7.319534409e+01 -1.5803e+00 -3.6035e+00 -4.4008e+00
1915 +2.368356656e+00 +2.368356656e+00 +7.239835666e+01 +7.239835666e+01 -1.4340e+00 -3.1352e+00 -3.8256e+00
2473 +1.263608064e+00 +1.263608064e+00 +7.129360806e+01 +7.129360806e+01 -1.4108e+00 -3.1313e+00 -3.8461e+00
4277 +9.973742820e-01 +9.973742820e-01 +7.102737428e+01 +7.102737428e+01 -1.3973e+00 -3.1087e+00 -3.8574e+00
% function evaluation | noise-free fitness - Fopt (-4.822000000000e+01) | best noise-free fitness - Fopt | measured fitness | best measured fitness | x1 | x2...
1 +5.379271563e+02 +5.379271563e+02 +4.897071563e+02 +4.897071563e+02 -4.5245e+00 +2.8336e+00 +3.5407e+00
2 +2.596642722e+02 +2.596642722e+02 +2.114442722e+02 +2.114442722e+02 -1.4092e+00 -3.0748e+00 +2.3159e+00
3 +4.798664706e+01 +4.798664706e+01 -2.333529448e-01 -2.333529448e-01 -2.2530e+00 -3.4478e+00 -2.0055e+00
35 +3.976592219e+01 +3.976592219e+01 -8.454077805e+00 -8.454077805e+00 -1.8917e+00 -1.9939e+00 -1.2586e+00
118 +2.270218254e+01 +2.270218254e+01 -2.551781746e+01 -2.551781746e+01 -1.2685e+00 -3.3328e+00 -2.6022e+00
296 +1.498669139e+01 +1.498669139e+01 -3.323330861e+01 -3.323330861e+01 -4.7233e-01 -1.3339e+00 -3.0977e+00
889 +8.562885359e+00 +8.562885359e+00 -3.965711464e+01 -3.965711464e+01 -2.5260e+00 +1.9271e-01 -1.6270e+00
1213 +3.395156323e+00 +3.395156323e+00 -4.482484368e+01 -4.482484368e+01 -2.3909e+00 -5.6096e-01 -1.0897e+00
1826 +1.670190315e+00 +1.670190315e+00 -4.654980968e+01 -4.654980968e+01 -1.8606e+00 -1.0002e+00 -1.6680e+00
3786 +1.155975322e+00 +1.155975322e+00 -4.706402468e+01 -4.706402468e+01 -1.8404e+00 -1.0286e+00 -1.6666e+00
3824 +7.404726509e-01 +7.404726509e-01 -4.747952735e+01 -4.747952735e+01 -1.8545e+00 -1.0292e+00 -2.2382e+00
4810 +4.923659758e-01 +4.923659758e-01 -4.772763402e+01 -4.772763402e+01 -1.8658e+00 -1.0165e+00 -2.2010e+00
5207 +3.601884028e-01 +3.601884028e-01 -4.785981160e+01 -4.785981160e+01 -1.8449e+00 -1.0292e+00 -2.2331e+00
5785 +1.617792699e-01 +1.617792699e-01 -4.805822073e+01 -4.805822073e+01 -1.8349e+00 -1.0214e+00 -2.2343e+00
5847 +8.976918107e-02 +8.976918107e-02 -4.813023082e+01 -4.813023082e+01 -1.8355e+00 -1.0170e+00 -2.2358e+00
5927 +5.598120893e-02 +5.598120893e-02 -4.816401879e+01 -4.816401879e+01 -1.8334e+00 -1.0113e+00 -2.2393e+00
5966 +1.509692548e-02 +1.509692548e-02 -4.820490307e+01 -4.820490307e+01 -1.8366e+00 -1.0092e+00 -2.2394e+00
6206 +8.981913775e-03 +8.981913775e-03 -4.821101809e+01 -4.821101809e+01 -1.8412e+00 -1.0105e+00 -2.2341e+00
6504 +2.949186814e-03 +2.949186814e-03 -4.821705081e+01 -4.821705081e+01 -1.8420e+00 -1.0053e+00 -2.2350e+00
6505 +1.776214559e-03 +1.776214559e-03 -4.821822379e+01 -4.821822379e+01 -1.8435e+00 -1.0059e+00 -2.2351e+00
6784 +1.158754673e-03 +1.158754673e-03 -4.821884125e+01 -4.821884125e+01 -1.8423e+00 -1.0060e+00 -2.2349e+00
6944 +1.780124480e-04 +1.780124480e-04 -4.821982199e+01 -4.821982199e+01 -1.8429e+00 -1.0068e+00 -2.2348e+00
7327 +5.083842748e-05 +5.083842748e-05 -4.821994916e+01 -4.821994916e+01 -1.8425e+00 -1.0072e+00 -2.2353e+00
7604 +1.913657930e-05 +1.913657930e-05 -4.821998086e+01 -4.821998086e+01 -1.8425e+00 -1.0072e+00 -2.2353e+00
7904 +1.524396824e-05 +1.524396824e-05 -4.821998476e+01 -4.821998476e+01 -1.8424e+00 -1.0070e+00 -2.2353e+00
8064 +2.617156568e-06 +2.617156568e-06 -4.821999738e+01 -4.821999738e+01 -1.8424e+00 -1.0071e+00 -2.2353e+00
8847 +1.857675826e-06 +1.857675826e-06 -4.821999814e+01 -4.821999814e+01 -1.8424e+00 -1.0072e+00 -2.2352e+00
9167 +1.382952533e-06 +1.382952533e-06 -4.821999862e+01 -4.821999862e+01 -1.8424e+00 -1.0072e+00 -2.2352e+00
9344 +8.644191851e-07 +8.644191851e-07 -4.821999914e+01 -4.821999914e+01 -1.8424e+00 -1.0072e+00 -2.2352e+00
9467 +4.433979015e-07 +4.433979015e-07 -4.821999956e+01 -4.821999956e+01 -1.8424e+00 -1.0072e+00 -2.2352e+00
9624 +2.328725159e-07 +2.328725159e-07 -4.821999977e+01 -4.821999977e+01 -1.8424e+00 -1.0072e+00 -2.2352e+00
9727 +1.179584288e-07 +1.179584288e-07 -4.821999988e+01 -4.821999988e+01 -1.8424e+00 -1.0072e+00 -2.2352e+00
9807 +8.968771681e-08 +8.968771681e-08 -4.821999991e+01 -4.821999991e+01 -1.8424e+00 -1.0072e+00 -2.2352e+00
10007 +6.107948991e-08 +6.107948991e-08 -4.821999994e+01 -4.821999994e+01 -1.8424e+00 -1.0072e+00 -2.2352e+00
10344 +3.048648267e-08 +3.048648267e-08 -4.821999997e+01 -4.821999997e+01 -1.8424e+00 -1.0072e+00 -2.2352e+00
10624 +1.044834619e-08 +1.044834619e-08 -4.821999999e+01 -4.821999999e+01 -1.8424e+00 -1.0072e+00 -2.2352e+00
10847 +7.279204794e-09 +7.279204794e-09 -4.821999999e+01 -4.821999999e+01 -1.8424e+00 -1.0072e+00 -2.2352e+00
11044 +6.068191283e-09 +6.068191283e-09 -4.821999999e+01 -4.821999999e+01 -1.8424e+00 -1.0072e+00 -2.2352e+00
11087 +3.776733593e-09 +3.776733593e-09 -4.822000000e+01 -4.822000000e+01 -1.8424e+00 -1.0072e+00 -2.2352e+00
11467 +1.962057183e-09 +1.962057183e-09 -4.822000000e+01 -4.822000000e+01 -1.8424e+00 -1.0072e+00 -2.2352e+00
11567 +1.577916464e-09 +1.577916464e-09 -4.822000000e+01 -4.822000000e+01 -1.8424e+00 -1.0072e+00 -2.2352e+00
11664 +9.475442653e-10 +9.475442653e-10 -4.822000000e+01 -4.822000000e+01 -1.8424e+00 -1.0072e+00 -2.2352e+00
11744 +4.507612061e-10 +4.507612061e-10 -4.822000000e+01 -4.822000000e+01 -1.8424e+00 -1.0072e+00 -2.2352e+00
11767 +5.541522796e-11 +5.541522796e-11 -4.822000000e+01 -4.822000000e+01 -1.8424e+00 -1.0072e+00 -2.2352e+00
12145 +3.840483487e-11 +3.840483487e-11 -4.822000000e+01 -4.822000000e+01 -1.8424e+00 -1.0072e+00 -2.2352e+00
12527 +1.391242677e-11 +1.391242677e-11 -4.822000000e+01 -4.822000000e+01 -1.8424e+00 -1.0072e+00 -2.2352e+00
12904 +1.925570814e-12 +1.925570814e-12 -4.822000000e+01 -4.822000000e+01 -1.8424e+00 -1.0072e+00 -2.2352e+00
13287 +3.694822226e-13 +3.694822226e-13 -4.822000000e+01 -4.822000000e+01 -1.8424e+00 -1.0072e+00 -2.2352e+00
13487 +2.060573934e-13 +2.060573934e-13 -4.822000000e+01 -4.822000000e+01 -1.8424e+00 -1.0072e+00 -2.2352e+00
13825 +1.421085472e-13 +1.421085472e-13 -4.822000000e+01 -4.822000000e+01 -1.8424e+00 -1.0072e+00 -2.2352e+00
14104 +4.263256415e-14 +4.263256415e-14 -4.822000000e+01 -4.822000000e+01 -1.8424e+00 -1.0072e+00 -2.2352e+00
14904 +2.842170943e-14 +2.842170943e-14 -4.822000000e+01 -4.822000000e+01 -1.8424e+00 -1.0072e+00 -2.2352e+00
14967 +2.131628207e-14 +2.131628207e-14 -4.822000000e+01 -4.822000000e+01 -1.8424e+00 -1.0072e+00 -2.2352e+00
15047 +7.105427358e-15 +7.105427358e-15 -4.822000000e+01 -4.822000000e+01 -1.8424e+00 -1.0072e+00 -2.2352e+00
16144 +0.000000000e+00 +0.000000000e+00 -4.822000000e+01 -4.822000000e+01 -1.8424e+00 -1.0072e+00 -2.2352e+00
% function evaluation | noise-free fitness - Fopt (2.547000000000e+01) | best noise-free fitness - Fopt | measured fitness | best measured fitness | x1 | x2...
1 +6.723015752e+03 +6.723015752e+03 +6.748485752e+03 +6.748485752e+03 +4.1430e-01 +4.0606e+00 +3.7504e+00
2 +2.087582981e+03 +2.087582981e+03 +2.113052981e+03 +2.113052981e+03 -1.8423e+00 +2.9674e+00 +2.3233e+00
3 +1.023390701e+03 +1.023390701e+03 +1.048860701e+03 +1.048860701e+03 +2.9988e+00 +4.1301e-01 -1.4866e-01
4 +6.643105310e+02 +6.643105310e+02 +6.897805310e+02 +6.897805310e+02 +2.4820e+00 -4.6080e-01 +1.0222e+00
6 +2.031255472e+02 +2.031255472e+02 +2.285955472e+02 +2.285955472e+02 +9.0655e-01 -3.8279e+00 +4.7254e+00
7 +1.344659609e+02 +1.344659609e+02 +1.599359609e+02 +1.599359609e+02 -4.8886e+00 -4.1498e+00 -4.1602e+00
13 +7.339944771e+01 +7.339944771e+01 +9.886944771e+01 +9.886944771e+01 -4.8127e+00 -2.1708e+00 -3.5178e+00
18 +4.786447914e+01 +4.786447914e+01 +7.333447914e+01 +7.333447914e+01 -2.8440e+00 -4.7760e-01 -1.5806e+00
71 +3.060802966e+01 +3.060802966e+01 +5.607802966e+01 +5.607802966e+01 -4.7565e+00 -2.2117e+00 +1.2240e+00
148 +2.319597767e+01 +2.319597767e+01 +4.866597767e+01 +4.866597767e+01 -4.2415e+00 -9.4518e-01 -9.0092e-01
163 +1.273511213e+01 +1.273511213e+01 +3.820511213e+01 +3.820511213e+01 -4.3937e+00 -1.7872e+00 +2.4810e-01
438 +6.793808185e+00 +6.793808185e+00 +3.226380818e+01 +3.226380818e+01 -3.8097e+00 -1.7911e+00 -1.2749e+00
706 +4.220539903e+00 +4.220539903e+00 +2.969053990e+01 +2.969053990e+01 -3.8329e+00 -1.8379e+00 -1.2356e+00
906 +3.347703658e+00 +3.347703658e+00 +2.881770366e+01 +2.881770366e+01 -3.7896e+00 -1.8508e+00 -1.2780e+00
1000 +1.517806010e+00 +1.517806010e+00 +2.698780601e+01 +2.698780601e+01 -3.7517e+00 -1.9154e+00 -1.2298e+00
1306 +4.153665266e-01 +4.153665266e-01 +2.588536653e+01 +2.588536653e+01 -3.7808e+00 -1.9358e+00 -1.1504e+00
1946 +2.718129127e-01 +2.718129127e-01 +2.574181291e+01 +2.574181291e+01 -3.7700e+00 -1.9304e+00 -1.1513e+00
2226 +1.885820692e-01 +1.885820692e-01 +2.565858207e+01 +2.565858207e+01 -3.7737e+00 -1.9286e+00 -1.1513e+00
2419 +1.344880436e-01 +1.344880436e-01 +2.560448804e+01 +2.560448804e+01 -3.7847e+00 -1.9059e+00 -1.1524e+00
2700 +3.624885768e-02 +3.624885768e-02 +2.550624886e+01 +2.550624886e+01 -3.7842e+00 -1.9084e+00 -1.1766e+00
2940 +1.241501391e-03 +1.241501391e-03 +2.547124150e+01 +2.547124150e+01 -3.7851e+00 -1.9116e+00 -1.1660e+00
4256 +6.218892224e-04 +6.218892224e-04 +2.547062189e+01 +2.547062189e+01 -3.7847e+00 -1.9115e+00 -1.1636e+00
4307 +3.784908338e-04 +3.784908338e-04 +2.547037849e+01 +2.547037849e+01 -3.7854e+00 -1.9114e+00 -1.1642e+00
4936 +6.522083942e-05 +6.522083942e-05 +2.547006522e+01 +2.547006522e+01 -3.7850e+00 -1.9117e+00 -1.1641e+00
5226 +3.713207577e-05 +3.713207577e-05 +2.547003713e+01 +2.547003713e+01 -3.7848e+00 -1.9120e+00 -1.1644e+00
5779 +1.980491214e-05 +1.980491214e-05 +2.547001980e+01 +2.547001980e+01 -3.7848e+00 -1.9119e+00 -1.1642e+00
6060 +1.120298652e-05 +1.120298652e-05 +2.547001120e+01 +2.547001120e+01 -3.7848e+00 -1.9120e+00 -1.1641e+00
6238 +4.538251968e-06 +4.538251968e-06 +2.547000454e+01 +2.547000454e+01 -3.7848e+00 -1.9119e+00 -1.1640e+00
6380 +1.808378801e-06 +1.808378801e-06 +2.547000181e+01 +2.547000181e+01 -3.7848e+00 -1.9120e+00 -1.1641e+00
6910 +1.214608950e-06 +1.214608950e-06 +2.547000121e+01 +2.547000121e+01 -3.7848e+00 -1.9120e+00 -1.1640e+00
7070 +9.044458089e-07 +9.044458089e-07 +2.547000090e+01 +2.547000090e+01 -3.7848e+00 -1.9120e+00 -1.1640e+00
7267 +5.767166051e-07 +5.767166051e-07 +2.547000058e+01 +2.547000058e+01 -3.7848e+00 -1.9120e+00 -1.1640e+00
7270 +3.886301023e-07 +3.886301023e-07 +2.547000039e+01 +2.547000039e+01 -3.7848e+00 -1.9120e+00 -1.1640e+00
7587 +1.472511428e-07 +1.472511428e-07 +2.547000015e+01 +2.547000015e+01 -3.7848e+00 -1.9120e+00 -1.1640e+00
8060 +7.371577126e-08 +7.371577126e-08 +2.547000007e+01 +2.547000007e+01 -3.7848e+00 -1.9120e+00 -1.1640e+00
8100 +3.892814604e-08 +3.892814604e-08 +2.547000004e+01 +2.547000004e+01 -3.7848e+00 -1.9120e+00 -1.1640e+00
8336 +1.714052900e-08 +1.714052900e-08 +2.547000002e+01 +2.547000002e+01 -3.7848e+00 -1.9120e+00 -1.1640e+00
8496 +1.401532046e-08 +1.401532046e-08 +2.547000001e+01 +2.547000001e+01 -3.7848e+00 -1.9120e+00 -1.1640e+00
8540 +6.224979643e-09 +6.224979643e-09 +2.547000001e+01 +2.547000001e+01 -3.7848e+00 -1.9120e+00 -1.1640e+00
8580 +3.942638216e-09 +3.942638216e-09 +2.547000000e+01 +2.547000000e+01 -3.7848e+00 -1.9120e+00 -1.1640e+00
8656 +1.420357165e-09 +1.420357165e-09 +2.547000000e+01 +2.547000000e+01 -3.7848e+00 -1.9120e+00 -1.1640e+00
9187 +5.485745191e-10 +5.485745191e-10 +2.547000000e+01 +2.547000000e+01 -3.7848e+00 -1.9120e+00 -1.1640e+00
9307 +2.336371097e-10 +2.336371097e-10 +2.547000000e+01 +2.547000000e+01 -3.7848e+00 -1.9120e+00 -1.1640e+00
9587 +9.754685948e-11 +9.754685948e-11 +2.547000000e+01 +2.547000000e+01 -3.7848e+00 -1.9120e+00 -1.1640e+00
9827 +4.552092037e-11 +4.552092037e-11 +2.547000000e+01 +2.547000000e+01 -3.7848e+00 -1.9120e+00 -1.1640e+00
9856 +1.743316602e-11 +1.743316602e-11 +2.547000000e+01 +2.547000000e+01 -3.7848e+00 -1.9120e+00 -1.1640e+00
10216 +2.298605750e-12 +2.298605750e-12 +2.547000000e+01 +2.547000000e+01 -3.7848e+00 -1.9120e+00 -1.1640e+00
10780 +1.101341240e-12 +1.101341240e-12 +2.547000000e+01 +2.547000000e+01 -3.7848e+00 -1.9120e+00 -1.1640e+00
10900 +1.705302566e-13 +1.705302566e-13 +2.547000000e+01 +2.547000000e+01 -3.7848e+00 -1.9120e+00 -1.1640e+00
11340 +1.456612608e-13 +1.456612608e-13 +2.547000000e+01 +2.547000000e+01 -3.7848e+00 -1.9120e+00 -1.1640e+00
11580 +8.171241461e-14 +8.171241461e-14 +2.547000000e+01 +2.547000000e+01 -3.7848e+00 -1.9120e+00 -1.1640e+00
12540 +5.684341886e-14 +5.684341886e-14 +2.547000000e+01 +2.547000000e+01 -3.7848e+00 -1.9120e+00 -1.1640e+00
12620 +3.552713679e-14 +3.552713679e-14 +2.547000000e+01 +2.547000000e+01 -3.7848e+00 -1.9120e+00 -1.1640e+00
13666 +1.776356839e-14 +1.776356839e-14 +2.547000000e+01 +2.547000000e+01 -3.7848e+00 -1.9120e+00 -1.1640e+00
13706 +1.421085472e-14 +1.421085472e-14 +2.547000000e+01 +2.547000000e+01 -3.7848e+00 -1.9120e+00 -1.1640e+00
13826 +3.552713679e-15 +3.552713679e-15 +2.547000000e+01 +2.547000000e+01 -3.7848e+00 -1.9120e+00 -1.1640e+00
14296 +0.000000000e+00 +0.000000000e+00 +2.547000000e+01 +2.547000000e+01 -3.7848e+00 -1.9120e+00 -1.1640e+00
% function evaluation | noise-free fitness - Fopt (-1.008100000000e+02) | best noise-free fitness - Fopt | measured fitness | best measured fitness | x1 | x2...
1 +8.103795631e+01 +8.103795631e+01 -1.977204369e+01 -1.977204369e+01 +4.6951e+00 -1.5907e+00 +1.1004e+00
2 +4.232100154e+01 +4.232100154e+01 -5.848899846e+01 -5.848899846e+01 +2.1345e+00 +1.3363e+00 +2.8663e+00
28 +2.707039029e+01 +2.707039029e+01 -7.373960971e+01 -7.373960971e+01 -7.7072e-01 +1.6319e+00 -7.8354e-01
60 +2.383592875e+01 +2.383592875e+01 -7.697407125e+01 -7.697407125e+01 -1.0430e+00 +1.7288e+00 +7.4222e-01
140 +1.135544325e+01 +1.135544325e+01 -8.945455675e+01 -8.945455675e+01 -1.0365e+00 +1.5004e+00 +7.5649e-01
567 +9.681738541e+00 +9.681738541e+00 -9.112826146e+01 -9.112826146e+01 -1.2788e-01 +1.2456e+00 +1.3565e+00
792 +5.580255849e+00 +5.580255849e+00 -9.522974415e+01 -9.522974415e+01 +4.1861e-01 +1.4322e+00 +1.5475e+00
2855 +3.347010924e+00 +3.347010924e+00 -9.746298908e+01 -9.746298908e+01 +4.5637e-01 +1.4031e+00 +1.5097e+00
3739 +2.122325394e+00 +2.122325394e+00 -9.868767461e+01 -9.868767461e+01 +4.5617e-01 +1.3817e+00 +1.5142e+00
11690 +1.524151076e+00 +1.524151076e+00 -9.928584892e+01 -9.928584892e+01 +3.2330e-01 +1.0306e+00 +1.1196e+00
13873 +9.973815613e-01 +9.973815613e-01 -9.981261844e+01 -9.981261844e+01 +2.9460e-01 +1.0862e+00 +1.0961e+00
% function evaluation | noise-free fitness - Fopt (8.333000000000e+01) | best noise-free fitness - Fopt | measured fitness | best measured fitness | x1 | x2...
1 +1.092389354e+02 +1.092389354e+02 +1.925689354e+02 +1.925689354e+02 -3.1913e+00 -4.8629e+00 +3.2094e+00
7 +2.350575189e+01 +2.350575189e+01 +1.068357519e+02 +1.068357519e+02 +4.7754e-01 -2.6333e+00 +3.7648e+00
200 +1.552432116e+01 +1.552432116e+01 +9.885432116e+01 +9.885432116e+01 -2.4824e-01 -3.4164e+00 +4.7180e+00
219 +8.757988568e+00 +8.757988568e+00 +9.208798857e+01 +9.208798857e+01 -1.0537e-01 -3.0009e+00 +3.9054e+00
608 +5.031601879e+00 +5.031601879e+00 +8.836160188e+01 +8.836160188e+01 -5.8085e-01 -3.3728e+00 +4.0780e+00
848 +2.625717687e+00 +2.625717687e+00 +8.595571769e+01 +8.595571769e+01 -6.0149e-01 -3.4405e+00 +4.0462e+00
1057 +2.371761297e+00 +2.371761297e+00 +8.570176130e+01 +8.570176130e+01 -6.1058e-01 -3.4245e+00 +4.0439e+00
1257 +1.399051953e+00 +1.399051953e+00 +8.472905195e+01 +8.472905195e+01 -6.1060e-01 -3.3908e+00 +3.9921e+00
2984 +9.986833230e-01 +9.986833230e-01 +8.432868332e+01 +8.432868332e+01 -6.4333e-01 -3.4348e+00 +4.0155e+00
% function evaluation | noise-free fitness - Fopt (2.085600000000e+02) | best noise-free fitness - Fopt | measured fitness | best measured fitness | x1 | x2...
1 +5.452496431e+01 +5.452496431e+01 +2.630849643e+02 +2.630849643e+02 +5.0292e-01 +1.8205e+00 +1.0862e+00
85 +2.395117186e+01 +2.395117186e+01 +2.325111719e+02 +2.325111719e+02 +2.7443e+00 +5.0000e+00 +7.6407e-01
165 +1.037115379e+01 +1.037115379e+01 +2.189311538e+02 +2.189311538e+02 +1.8614e+00 +5.0000e+00 +1.4918e+00
303 +6.757323317e+00 +6.757323317e+00 +2.153173233e+02 +2.153173233e+02 +1.9655e+00 +4.9910e+00 +1.4369e+00
447 +6.173666284e+00 +6.173666284e+00 +2.147336663e+02 +2.147336663e+02 +1.2771e+00 +3.1936e+00 +8.1909e-01
1936 +1.846982696e+00 +1.846982696e+00 +2.104069827e+02 +2.104069827e+02 +2.3885e+00 +3.8771e+00 +6.9946e-01
2854 +1.142146777e+00 +1.142146777e+00 +2.097021468e+02 +2.097021468e+02 +1.9196e+00 +3.4991e+00 -3.7475e-01
6206 +9.959596020e-01 +9.959596020e-01 +2.095559596e+02 +2.095559596e+02 +1.9103e+00 +3.5106e+00 -3.6555e-01
39203 +5.009076050e-01 +5.009076050e-01 +2.090609076e+02 +2.090609076e+02 +2.2134e+00 +3.6610e+00 +1.4853e-01
44043 +3.905911015e-01 +3.905911015e-01 +2.089505911e+02 +2.089505911e+02 +2.2151e+00 +3.6612e+00 +1.6161e-01
44763 +1.709440779e-01 +1.709440779e-01 +2.087309441e+02 +2.087309441e+02 +2.2045e+00 +3.6684e+00 +1.7810e-01
44803 +9.197076497e-02 +9.197076497e-02 +2.086519708e+02 +2.086519708e+02 +2.1970e+00 +3.6738e+00 +1.8698e-01
44963 +5.661910599e-02 +5.661910599e-02 +2.086166191e+02 +2.086166191e+02 +2.1897e+00 +3.6751e+00 +1.9272e-01
45163 +1.230689877e-02 +1.230689877e-02 +2.085723069e+02 +2.085723069e+02 +2.1860e+00 +3.6738e+00 +1.8927e-01
45203 +2.654376211e-03 +2.654376211e-03 +2.085626544e+02 +2.085626544e+02 +2.1830e+00 +3.6739e+00 +1.8718e-01
45923 +2.503258148e-03 +2.503258148e-03 +2.085625033e+02 +2.085625033e+02 +2.1837e+00 +3.6740e+00 +1.8666e-01
% function evaluation | noise-free fitness - Fopt (-1.345800000000e+02) | best noise-free fitness - Fopt | measured fitness | best measured fitness | x1 | x2...
1 +5.378812971e+02 +5.378812971e+02 +4.033012971e+02 +4.033012971e+02 -3.3589e+00 +4.5153e+00 -3.9964e+00
2 +1.238367672e+02 +1.238367672e+02 -1.074323283e+01 -1.074323283e+01 -2.0712e+00 +3.1042e+00 -7.3625e-01
7 +9.018495563e+01 +9.018495563e+01 -4.439504437e+01 -4.439504437e+01 -1.0231e+00 +5.8248e-01 -1.1430e+00
15 +5.389800440e+01 +5.389800440e+01 -8.068199560e+01 -8.068199560e+01 -8.8750e-01 -1.4778e-01 +1.2026e+00
51 +2.477703805e+01 +2.477703805e+01 -1.098029619e+02 -1.098029619e+02 +8.5828e-01 +1.0328e+00 +2.0346e+00
260 +1.571956988e+01 +1.571956988e+01 -1.188604301e+02 -1.188604301e+02 -1.0301e+00 +8.1240e-01 +3.2468e+00
405 +3.330950591e+00 +3.330950591e+00 -1.312490494e+02 -1.312490494e+02 -3.3839e+00 +1.0977e+00 +2.8254e+00
1443 +2.343133418e+00 +2.343133418e+00 -1.322368666e+02 -1.322368666e+02 -3.6644e+00 +3.1200e-01 +2.8494e+00
2406 +1.180931770e+00 +1.180931770e+00 -1.333990682e+02 -1.333990682e+02 -3.0109e+00 +5.0167e-01 +1.9338e+00
4044 +9.469296590e-01 +9.469296590e-01 -1.336330703e+02 -1.336330703e+02 -3.0677e+00 +6.0774e-01 +2.4934e+00
4344 +5.408089639e-01 +5.408089639e-01 -1.340391910e+02 -1.340391910e+02 -3.0750e+00 +5.8543e-01 +2.5241e+00
4364 +3.399475096e-01 +3.399475096e-01 -1.342400525e+02 -1.342400525e+02 -3.0492e+00 +5.9519e-01 +2.5077e+00
4444 +1.830373487e-01 +1.830373487e-01 -1.343969627e+02 -1.343969627e+02 -3.0691e+00 +6.0855e-01 +2.5336e+00
4561 +8.176761800e-02 +8.176761800e-02 -1.344982324e+02 -1.344982324e+02 -3.0696e+00 +6.0301e-01 +2.5318e+00
4758 +3.784860196e-02 +3.784860196e-02 -1.345421514e+02 -1.345421514e+02 -3.0631e+00 +6.0220e-01 +2.5371e+00
5044 +2.222650662e-02 +2.222650662e-02 -1.345577735e+02 -1.345577735e+02 -3.0608e+00 +5.9970e-01 +2.5360e+00
5524 +1.579437500e-02 +1.579437500e-02 -1.345642056e+02 -1.345642056e+02 -3.0559e+00 +5.9936e-01 +2.5369e+00
5735 +9.982138128e-03 +9.982138128e-03 -1.345700179e+02 -1.345700179e+02 -3.0542e+00 +6.0028e-01 +2.5356e+00
6242 +4.214167385e-03 +4.214167385e-03 -1.345757858e+02 -1.345757858e+02 -3.0514e+00 +6.0034e-01 +2.5337e+00
6562 +3.138911367e-03 +3.138911367e-03 -1.345768611e+02 -1.345768611e+02 -3.0514e+00 +5.9998e-01 +2.5334e+00
6844 +2.275209251e-03 +2.275209251e-03 -1.345777248e+02 -1.345777248e+02 -3.0529e+00 +5.9990e-01 +2.5333e+00
6979 +1.399760002e-03 +1.399760002e-03 -1.345786002e+02 -1.345786002e+02 -3.0516e+00 +5.9934e-01 +2.5320e+00
7162 +8.495752941e-04 +8.495752941e-04 -1.345791504e+02 -1.345791504e+02 -3.0523e+00 +5.9973e-01 +2.5324e+00
7202 +5.299237373e-04 +5.299237373e-04 -1.345794701e+02 -1.345794701e+02 -3.0519e+00 +5.9981e-01 +2.5321e+00
7242 +3.869629851e-04 +3.869629851e-04 -1.345796130e+02 -1.345796130e+02 -3.0516e+00 +5.9988e-01 +2.5319e+00
7562 +2.324572202e-04 +2.324572202e-04 -1.345797675e+02 -1.345797675e+02 -3.0516e+00 +5.9995e-01 +2.5316e+00
7722 +1.529278685e-04 +1.529278685e-04 -1.345798471e+02 -1.345798471e+02 -3.0516e+00 +5.9999e-01 +2.5315e+00
7764 +2.778750709e-05 +2.778750709e-05 -1.345799722e+02 -1.345799722e+02 -3.0519e+00 +5.9994e-01 +2.5313e+00
7842 +1.248494857e-05 +1.248494857e-05 -1.345799875e+02 -1.345799875e+02 -3.0520e+00 +5.9992e-01 +2.5312e+00
8002 +3.632708285e-06 +3.632708285e-06 -1.345799964e+02 -1.345799964e+02 -3.0519e+00 +5.9999e-01 +2.5312e+00
8084 +2.403362117e-06 +2.403362117e-06 -1.345799976e+02 -1.345799976e+02 -3.0519e+00 +5.9998e-01 +2.5312e+00
8364 +1.136106505e-06 +1.136106505e-06 -1.345799989e+02 -1.345799989e+02 -3.0519e+00 +5.9999e-01 +2.5312e+00
9345 +8.090641757e-07 +8.090641757e-07 -1.345799992e+02 -1.345799992e+02 -3.0520e+00 +6.0002e-01 +2.5312e+00
9882 +5.518149351e-07 +5.518149351e-07 -1.345799994e+02 -1.345799994e+02 -3.0520e+00 +6.0001e-01 +2.5312e+00
9962 +3.393135160e-07 +3.393135160e-07 -1.345799997e+02 -1.345799997e+02 -3.0520e+00 +5.9999e-01 +2.5312e+00
10002 +1.661243232e-07 +1.661243232e-07 -1.345799998e+02 -1.345799998e+02 -3.0520e+00 +6.0000e-01 +2.5312e+00
10082 +1.226230495e-07 +1.226230495e-07 -1.345799999e+02 -1.345799999e+02 -3.0520e+00 +6.0000e-01 +2.5312e+00
10482 +9.703509818e-08 +9.703509818e-08 -1.345799999e+02 -1.345799999e+02 -3.0520e+00 +6.0000e-01 +2.5312e+00
10779 +4.450879487e-08 +4.450879487e-08 -1.345800000e+02 -1.345800000e+02 -3.0520e+00 +6.0000e-01 +2.5312e+00
10882 +3.056447895e-08 +3.056447895e-08 -1.345800000e+02 -1.345800000e+02 -3.0520e+00 +6.0000e-01 +2.5312e+00
11307 +1.088591262e-08 +1.088591262e-08 -1.345800000e+02 -1.345800000e+02 -3.0520e+00 +6.0000e-01 +2.5312e+00
11442 +9.800203316e-09 +9.800203316e-09 -1.345800000e+02 -1.345800000e+02 -3.0520e+00 +6.0000e-01 +2.5312e+00
11602 +1.106116088e-09 +1.106116088e-09 -1.345800000e+02 -1.345800000e+02 -3.0520e+00 +6.0000e-01 +2.5312e+00
11722 +7.024425486e-10 +7.024425486e-10 -1.345800000e+02 -1.345800000e+02 -3.0520e+00 +6.0000e-01 +2.5312e+00
11939 +2.600586413e-10 +2.600586413e-10 -1.345800000e+02 -1.345800000e+02 -3.0520e+00 +6.0000e-01 +2.5312e+00
12362 +2.133901944e-10 +2.133901944e-10 -1.345800000e+02 -1.345800000e+02 -3.0520e+00 +6.0000e-01 +2.5312e+00
12619 +4.425260158e-11 +4.425260158e-11 -1.345800000e+02 -1.345800000e+02 -3.0520e+00 +6.0000e-01 +2.5312e+00
12762 +1.381295078e-11 +1.381295078e-11 -1.345800000e+02 -1.345800000e+02 -3.0520e+00 +6.0000e-01 +2.5312e+00
13025 +9.890754882e-12 +9.890754882e-12 -1.345800000e+02 -1.345800000e+02 -3.0520e+00 +6.0000e-01 +2.5312e+00
13627 +6.110667528e-12 +6.110667528e-12 -1.345800000e+02 -1.345800000e+02 -3.0520e+00 +6.0000e-01 +2.5312e+00
14038 +2.387423592e-12 +2.387423592e-12 -1.345800000e+02 -1.345800000e+02 -3.0520e+00 +6.0000e-01 +2.5312e+00
14380 +9.379164112e-13 +9.379164112e-13 -1.345800000e+02 -1.345800000e+02 -3.0520e+00 +6.0000e-01 +2.5312e+00
14460 +4.831690603e-13 +4.831690603e-13 -1.345800000e+02 -1.345800000e+02 -3.0520e+00 +6.0000e-01 +2.5312e+00
14500 +8.526512829e-14 +8.526512829e-14 -1.345800000e+02 -1.345800000e+02 -3.0520e+00 +6.0000e-01 +2.5312e+00
14540 +5.684341886e-14 +5.684341886e-14 -1.345800000e+02 -1.345800000e+02 -3.0520e+00 +6.0000e-01 +2.5312e+00
14660 +2.842170943e-14 +2.842170943e-14 -1.345800000e+02 -1.345800000e+02 -3.0520e+00 +6.0000e-01 +2.5312e+00
15140 +0.000000000e+00 +0.000000000e+00 -1.345800000e+02 -1.345800000e+02 -3.0520e+00 +6.0000e-01 +2.5312e+00
% function evaluation | noise-free fitness - Fopt (1.205900000000e+02) | best noise-free fitness - Fopt | measured fitness | best measured fitness | x1 | x2...
1 +8.189053573e+01 +8.189053573e+01 +2.024805357e+02 +2.024805357e+02 -3.3348e+00 +2.9951e+00 -3.6119e+00
2 +4.105291201e+01 +4.105291201e+01 +1.616429120e+02 +1.616429120e+02 +1.1339e+00 -7.0970e-01 -4.6908e+00
12 +2.832100853e+01 +2.832100853e+01 +1.489110085e+02 +1.489110085e+02 -4.4321e-01 +3.2106e-02 -1.2641e+00
70 +2.329467756e+01 +2.329467756e+01 +1.438846776e+02 +1.438846776e+02 -3.4292e+00 +9.8430e-01 -1.7622e+00
216 +1.574259263e+01 +1.574259263e+01 +1.363325926e+02 +1.363325926e+02 -2.4502e+00 +0.0000e+00 -1.9524e+00
414 +4.714399499e+00 +4.714399499e+00 +1.253043995e+02 +1.253043995e+02 -1.5073e+00 +8.0642e-01 -2.1516e+00
987 +3.827394299e+00 +3.827394299e+00 +1.244173943e+02 +1.244173943e+02 -1.5446e+00 +8.0479e-01 -2.1555e+00
2519 +1.462742055e+00 +1.462742055e+00 +1.220527421e+02 +1.220527421e+02 -4.4014e-02 -2.9511e-01 -2.2533e+00
3253 +9.060439390e-01 +9.060439390e-01 +1.214960439e+02 +1.214960439e+02 -1.0045e+00 +1.3557e-01 -2.0597e+00
3779 +1.574040556e-01 +1.574040556e-01 +1.207474041e+02 +1.207474041e+02 -9.6313e-01 +1.2515e-01 -2.0545e+00
4533 +1.716570024e-02 +1.716570024e-02 +1.206071657e+02 +1.206071657e+02 -9.4396e-01 +1.1987e-01 -2.0713e+00
5173 +1.546058949e-02 +1.546058949e-02 +1.206054606e+02 +1.206054606e+02 -9.5022e-01 +1.1888e-01 -2.0725e+00
5613 +9.333469298e-03 +9.333469298e-03 +1.205993335e+02 +1.205993335e+02 -9.4706e-01 +1.2148e-01 -2.0725e+00
5653 +2.600056597e-03 +2.600056597e-03 +1.205926001e+02 +1.205926001e+02 -9.4959e-01 +1.2233e-01 -2.0728e+00
5693 +1.933089636e-03 +1.933089636e-03 +1.205919331e+02 +1.205919331e+02 -9.5159e-01 +1.2300e-01 -2.0731e+00
5933 +7.029051877e-04 +7.029051877e-04 +1.205907029e+02 +1.205907029e+02 -9.5215e-01 +1.2262e-01 -2.0730e+00
6453 +6.051367219e-04 +6.051367219e-04 +1.205906051e+02 +1.205906051e+02 -9.5209e-01 +1.2224e-01 -2.0730e+00
6613 +3.079096184e-05 +3.079096184e-05 +1.205900308e+02 +1.205900308e+02 -9.5208e-01 +1.2233e-01 -2.0722e+00
7333 +2.190939432e-05 +2.190939432e-05 +1.205900219e+02 +1.205900219e+02 -9.5191e-01 +1.2228e-01 -2.0722e+00
7493 +1.355767277e-05 +1.355767277e-05 +1.205900136e+02 +1.205900136e+02 -9.5195e-01 +1.2234e-01 -2.0719e+00
7613 +9.372087064e-06 +9.372087064e-06 +1.205900094e+02 +1.205900094e+02 -9.5195e-01 +1.2234e-01 -2.0721e+00
7813 +3.765721914e-06 +3.765721914e-06 +1.205900038e+02 +1.205900038e+02 -9.5195e-01 +1.2234e-01 -2.0720e+00
8293 +3.021541204e-07 +3.021541204e-07 +1.205900003e+02 +1.205900003e+02 -9.5200e-01 +1.2241e-01 -2.0720e+00
8553 +1.387057296e-07 +1.387057296e-07 +1.205900001e+02 +1.205900001e+02 -9.5202e-01 +1.2241e-01 -2.0720e+00
10110 +9.394585732e-08 +9.394585732e-08 +1.205900001e+02 +1.205900001e+02 -9.5200e-01 +1.2241e-01 -2.0720e+00
10213 +4.286472688e-08 +4.286472688e-08 +1.205900000e+02 +1.205900000e+02 -9.5201e-01 +1.2240e-01 -2.0720e+00
10356 +2.531353971e-08 +2.531353971e-08 +1.205900000e+02 +1.205900000e+02 -9.5201e-01 +1.2240e-01 -2.0720e+00
10613 +1.416192674e-08 +1.416192674e-08 +1.205900000e+02 +1.205900000e+02 -9.5201e-01 +1.2240e-01 -2.0720e+00
10653 +9.270607393e-09 +9.270607393e-09 +1.205900000e+02 +1.205900000e+02 -9.5201e-01 +1.2240e-01 -2.0720e+00
11281 +4.366853545e-09 +4.366853545e-09 +1.205900000e+02 +1.205900000e+02 -9.5200e-01 +1.2240e-01 -2.0720e+00
11310 +3.268240789e-09 +3.268240789e-09 +1.205900000e+02 +1.205900000e+02 -9.5200e-01 +1.2240e-01 -2.0720e+00
11710 +2.320092563e-09 +2.320092563e-09 +1.205900000e+02 +1.205900000e+02 -9.5200e-01 +1.2240e-01 -2.0720e+00
12178 +1.554255391e-09 +1.554255391e-09 +1.205900000e+02 +1.205900000e+02 -9.5200e-01 +1.2240e-01 -2.0720e+00
12378 +9.436718074e-10 +9.436718074e-10 +1.205900000e+02 +1.205900000e+02 -9.5200e-01 +1.2240e-01 -2.0720e+00
12550 +6.195506330e-10 +6.195506330e-10 +1.205900000e+02 +1.205900000e+02 -9.5200e-01 +1.2240e-01 -2.0720e+00
12573 +3.115872005e-10 +3.115872005e-10 +1.205900000e+02 +1.205900000e+02 -9.5200e-01 +1.2240e-01 -2.0720e+00
12670 +1.978435193e-10 +1.978435193e-10 +1.205900000e+02 +1.205900000e+02 -9.5200e-01 +1.2240e-01 -2.0720e+00
12710 +9.612222129e-11 +9.612222129e-11 +1.205900000e+02 +1.205900000e+02 -9.5200e-01 +1.2240e-01 -2.0720e+00
12813 +5.962874638e-11 +5.962874638e-11 +1.205900000e+02 +1.205900000e+02 -9.5200e-01 +1.2240e-01 -2.0720e+00
12870 +4.689582056e-13 +4.689582056e-13 +1.205900000e+02 +1.205900000e+02 -9.5200e-01 +1.2240e-01 -2.0720e+00
14630 +5.684341886e-14 +5.684341886e-14 +1.205900000e+02 +1.205900000e+02 -9.5200e-01 +1.2240e-01 -2.0720e+00
14990 +2.842170943e-14 +2.842170943e-14 +1.205900000e+02 +1.205900000e+02 -9.5200e-01 +1.2240e-01 -2.0720e+00
15350 +1.421085472e-14 +1.421085472e-14 +1.205900000e+02 +1.205900000e+02 -9.5200e-01 +1.2240e-01 -2.0720e+00
16236 +0.000000000e+00 +0.000000000e+00 +1.205900000e+02 +1.205900000e+02 -9.5200e-01 +1.2240e-01 -2.0720e+00
% function evaluation | noise-free fitness - Fopt (1.000000000000e+03) | best noise-free fitness - Fopt | measured fitness | best measured fitness | x1 | x2...
1 +1.803347019e+02 +1.803347019e+02 +1.180334702e+03 +1.180334702e+03 -1.1444e+00 -1.4694e+00 +9.5679e-01
4 +3.705272190e+01 +3.705272190e+01 +1.037052722e+03 +1.037052722e+03 -2.6076e+00 -1.3176e+00 -3.4089e+00
66 +8.419300319e+00 +8.419300319e+00 +1.008419300e+03 +1.008419300e+03 -2.2820e+00 -2.8427e+00 -7.4969e-01
624 +6.227564934e+00 +6.227564934e+00 +1.006227565e+03 +1.006227565e+03 -2.0162e+00 -3.3545e+00 -1.0226e+00
693 +3.692105456e+00 +3.692105456e+00 +1.003692105e+03 +1.003692105e+03 -1.5283e+00 -3.1990e+00 -1.3386e+00
1620 +2.501418256e+00 +2.501418256e+00 +1.002501418e+03 +1.002501418e+03 -2.1907e+00 -2.9877e+00 -1.2872e+00
15715 +1.569727724e+00 +1.569727724e+00 +1.001569728e+03 +1.001569728e+03 -2.1733e+00 -2.3967e+00 -1.6182e+00
21454 +9.986288666e-01 +9.986288666e-01 +1.000998629e+03 +1.000998629e+03 -2.1722e+00 -2.4242e+00 -1.6013e+00
% function evaluation | noise-free fitness - Fopt (-9.166000000000e+01) | best noise-free fitness - Fopt | measured fitness | best measured fitness | x1 | x2...
1 +1.684396284e+02 +1.684396284e+02 +7.677962838e+01 +7.677962838e+01 -4.7142e+00 -1.2973e+00 +3.4353e+00
2 +8.154840122e+01 +8.154840122e+01 -1.011159878e+01 -1.011159878e+01 +6.1046e-01 -1.8473e+00 +3.8519e+00
7 +6.288713867e+01 +6.288713867e+01 -2.877286133e+01 -2.877286133e+01 +3.6043e+00 -3.5249e+00 +4.4218e+00
21 +2.956063944e+01 +2.956063944e+01 -6.209936056e+01 -6.209936056e+01 -5.3875e-01 -4.5389e+00 +3.5141e+00
85 +2.179112724e+01 +2.179112724e+01 -6.986887276e+01 -6.986887276e+01 +1.6228e+00 -4.1470e+00 +3.2206e+00
99 +1.368976739e+01 +1.368976739e+01 -7.797023261e+01 -7.797023261e+01 +1.9495e+00 -3.9416e+00 +4.4335e+00
171 +8.088083365e+00 +8.088083365e+00 -8.357191664e+01 -8.357191664e+01 +1.4848e+00 -3.9531e+00 +4.7732e+00
1071 +5.372862531e+00 +5.372862531e+00 -8.628713747e+01 -8.628713747e+01 +8.9663e-01 -3.3753e+00 +4.2660e+00
1801 +3.735356791e+00 +3.735356791e+00 -8.792464321e+01 -8.792464321e+01 +8.8104e-01 -3.3219e+00 +4.2027e+00
2138 +2.222010719e+00 +2.222010719e+00 -8.943798928e+01 -8.943798928e+01 +1.2268e-01 -2.9627e+00 +4.2855e+00
% function evaluation | noise-free fitness - Fopt (5.961500000000e+02) | best noise-free fitness - Fopt | measured fitness | best measured fitness | x1 | x2...
1 +7.599890369e+01 +7.599890369e+01 +6.721489037e+02 +6.721489037e+02 -3.7742e-01 -1.3773e+00 -9.7813e-01
2 +3.526330744e+01 +3.526330744e+01 +6.314133074e+02 +6.314133074e+02 -1.3822e+00 -2.2544e+00 -8.8030e-01
41 +2.501962325e+01 +2.501962325e+01 +6.211696232e+02 +6.211696232e+02 -1.5219e+00 -1.0672e+00 -3.4342e+00
118 +1.257673394e+01 +1.257673394e+01 +6.087267339e+02 +6.087267339e+02 -2.9181e+00 +5.6044e-02 -3.5091e+00
399 +7.765821111e+00 +7.765821111e+00 +6.039158211e+02 +6.039158211e+02 -2.3244e+00 -1.1193e+00 -2.9820e+00
520 +5.864799235e+00 +5.864799235e+00 +6.020147992e+02 +6.020147992e+02 -2.2805e+00 -7.3299e-01 -2.0863e+00
992 +3.661441060e+00 +3.661441060e+00 +5.998114411e+02 +5.998114411e+02 -2.1456e+00 -6.8446e-01 -2.1361e+00
1472 +2.495349489e+00 +2.495349489e+00 +5.986453495e+02 +5.986453495e+02 -2.1047e+00 -6.7290e-01 -2.1101e+00
% function evaluation | noise-free fitness - Fopt (1.325100000000e+02) | best noise-free fitness - Fopt | measured fitness | best measured fitness | x1 | x2...
1 +2.345037991e+02 +2.345037991e+02 +3.670137991e+02 +3.670137991e+02 +2.0661e+00 -3.2413e+00 +1.5667e+00
5 +1.117326790e+02 +1.117326790e+02 +2.442426790e+02 +2.442426790e+02 +2.7331e+00 -1.2614e+00 +9.6752e-01
10 +6.850494258e+01 +6.850494258e+01 +2.010149426e+02 +2.010149426e+02 +1.2149e-01 +6.2882e-01 +1.5442e+00
19 +4.163220712e+01 +4.163220712e+01 +1.741422071e+02 +1.741422071e+02 +8.6725e-01 +2.0721e+00 +4.1394e+00
24 +3.489258074e+01 +3.489258074e+01 +1.674025807e+02 +1.674025807e+02 +1.6422e+00 +4.0271e+00 +4.6927e+00
192 +2.450063505e+01 +2.450063505e+01 +1.570106350e+02 +1.570106350e+02 +8.7249e-01 +3.2299e+00 +3.1375e+00
198 +1.156619348e+01 +1.156619348e+01 +1.440761935e+02 +1.440761935e+02 +1.2167e+00 +3.2563e+00 +2.8052e+00
227 +6.982852796e+00 +6.982852796e+00 +1.394928528e+02 +1.394928528e+02 +8.6162e-01 +3.8750e+00 +3.5795e+00
230 +4.345291550e+00 +4.345291550e+00 +1.368552915e+02 +1.368552915e+02 +1.2007e+00 +3.3710e+00 +3.0095e+00
649 +3.215913345e+00 +3.215913345e+00 +1.357259133e+02 +1.357259133e+02 +1.4387e+00 +3.8967e+00 +3.8663e+00
1572 +2.477167303e+00 +2.477167303e+00 +1.349871673e+02 +1.349871673e+02 +1.4002e+00 +3.8447e+00 +3.7271e+00
7134 +1.031840605e+00 +1.031840605e+00 +1.335418406e+02 +1.335418406e+02 +1.6033e+00 +3.0106e+00 +3.3753e+00
7294 +7.892821222e-01 +7.892821222e-01 +1.332992821e+02 +1.332992821e+02 +1.5932e+00 +3.0091e+00 +3.3522e+00
7617 +5.204594413e-01 +5.204594413e-01 +1.330304594e+02 +1.330304594e+02 +1.5876e+00 +3.0530e+00 +3.3330e+00
8414 +1.032700488e-01 +1.032700488e-01 +1.326132700e+02 +1.326132700e+02 +1.5964e+00 +3.0353e+00 +3.3374e+00
9294 +7.135089146e-02 +7.135089146e-02 +1.325813509e+02 +1.325813509e+02 +1.6017e+00 +3.0287e+00 +3.3543e+00
9414 +4.949420061e-02 +4.949420061e-02 +1.325594942e+02 +1.325594942e+02 +1.6047e+00 +3.0291e+00 +3.3456e+00
9494 +3.776605313e-02 +3.776605313e-02 +1.325477661e+02 +1.325477661e+02 +1.6074e+00 +3.0286e+00 +3.3506e+00
9735 +1.229872876e-02 +1.229872876e-02 +1.325222987e+02 +1.325222987e+02 +1.6049e+00 +3.0372e+00 +3.3509e+00
10054 +9.941797107e-03 +9.941797107e-03 +1.325199418e+02 +1.325199418e+02 +1.6049e+00 +3.0361e+00 +3.3508e+00
10374 +6.107691915e-03 +6.107691915e-03 +1.325161077e+02 +1.325161077e+02 +1.6049e+00 +3.0347e+00 +3.3524e+00
10775 +3.204068569e-03 +3.204068569e-03 +1.325132041e+02 +1.325132041e+02 +1.6058e+00 +3.0352e+00 +3.3538e+00
10854 +2.323436792e-03 +2.323436792e-03 +1.325123234e+02 +1.325123234e+02 +1.6060e+00 +3.0357e+00 +3.3541e+00
10975 +4.912917683e-04 +4.912917683e-04 +1.325104913e+02 +1.325104913e+02 +1.6059e+00 +3.0367e+00 +3.3555e+00
11295 +3.319330360e-04 +3.319330360e-04 +1.325103319e+02 +1.325103319e+02 +1.6062e+00 +3.0371e+00 +3.3561e+00
11415 +1.498848615e-04 +1.498848615e-04 +1.325101499e+02 +1.325101499e+02 +1.6062e+00 +3.0367e+00 +3.3560e+00
13967 +7.382360005e-05 +7.382360005e-05 +1.325100738e+02 +1.325100738e+02 +1.6063e+00 +3.0367e+00 +3.3570e+00
14014 +2.282347106e-05 +2.282347106e-05 +1.325100228e+02 +1.325100228e+02 +1.6063e+00 +3.0366e+00 +3.3565e+00
14214 +1.561405145e-05 +1.561405145e-05 +1.325100156e+02 +1.325100156e+02 +1.6064e+00 +3.0366e+00 +3.3567e+00
16134 +7.334421213e-06 +7.334421213e-06 +1.325100073e+02 +1.325100073e+02 +1.6064e+00 +3.0367e+00 +3.3567e+00
16654 +6.193325959e-06 +6.193325959e-06 +1.325100062e+02 +1.325100062e+02 +1.6064e+00 +3.0367e+00 +3.3567e+00
16775 +3.856722316e-06 +3.856722316e-06 +1.325100039e+02 +1.325100039e+02 +1.6064e+00 +3.0367e+00 +3.3567e+00
16814 +2.299057286e-06 +2.299057286e-06 +1.325100023e+02 +1.325100023e+02 +1.6064e+00 +3.0368e+00 +3.3567e+00
16937 +1.010243039e-06 +1.010243039e-06 +1.325100010e+02 +1.325100010e+02 +1.6064e+00 +3.0368e+00 +3.3568e+00
16977 +6.071027769e-08 +6.071027769e-08 +1.325100001e+02 +1.325100001e+02 +1.6064e+00 +3.0368e+00 +3.3568e+00
17175 +6.942315167e-09 +6.942315167e-09 +1.325100000e+02 +1.325100000e+02 +1.6064e+00 +3.0368e+00 +3.3568e+00
17737 +5.519041224e-09 +5.519041224e-09 +1.325100000e+02 +1.325100000e+02 +1.6064e+00 +3.0368e+00 +3.3568e+00
17895 +8.305676147e-10 +8.305676147e-10 +1.325100000e+02 +1.325100000e+02 +1.6064e+00 +3.0368e+00 +3.3568e+00
18737 +6.042739642e-10 +6.042739642e-10 +1.325100000e+02 +1.325100000e+02 +1.6064e+00 +3.0368e+00 +3.3568e+00
19495 +3.810782800e-10 +3.810782800e-10 +1.325100000e+02 +1.325100000e+02 +1.6064e+00 +3.0368e+00 +3.3568e+00
20135 +1.385842552e-10 +1.385842552e-10 +1.325100000e+02 +1.325100000e+02 +1.6064e+00 +3.0368e+00 +3.3568e+00
21335 +9.947598301e-11 +9.947598301e-11 +1.325100000e+02 +1.325100000e+02 +1.6064e+00 +3.0368e+00 +3.3568e+00
21817 +6.110667528e-11 +6.110667528e-11 +1.325100000e+02 +1.325100000e+02 +1.6064e+00 +3.0368e+00 +3.3568e+00
21895 +3.723243935e-11 +3.723243935e-11 +1.325100000e+02 +1.325100000e+02 +1.6064e+00 +3.0368e+00 +3.3568e+00
22082 +1.506350600e-11 +1.506350600e-11 +1.325100000e+02 +1.325100000e+02 +1.6064e+00 +3.0368e+00 +3.3568e+00
22134 +8.810729923e-12 +8.810729923e-12 +1.325100000e+02 +1.325100000e+02 +1.6064e+00 +3.0368e+00 +3.3568e+00
22522 +5.542233339e-12 +5.542233339e-12 +1.325100000e+02 +1.325100000e+02 +1.6064e+00 +3.0368e+00 +3.3568e+00
22575 +2.614797268e-12 +2.614797268e-12 +1.325100000e+02 +1.325100000e+02 +1.6064e+00 +3.0368e+00 +3.3568e+00
23014 +6.821210263e-13 +6.821210263e-13 +1.325100000e+02 +1.325100000e+02 +1.6064e+00 +3.0368e+00 +3.3568e+00
23094 +2.557953849e-13 +2.557953849e-13 +1.325100000e+02 +1.325100000e+02 +1.6064e+00 +3.0368e+00 +3.3568e+00
23174 +8.526512829e-14 +8.526512829e-14 +1.325100000e+02 +1.325100000e+02 +1.6064e+00 +3.0368e+00 +3.3568e+00
24057 +2.842170943e-14 +2.842170943e-14 +1.325100000e+02 +1.325100000e+02 +1.6064e+00 +3.0368e+00 +3.3568e+00
24161 +0.000000000e+00 +0.000000000e+00 +1.325100000e+02 +1.325100000e+02 +1.6064e+00 +3.0368e+00 +3.3568e+00
% function evaluation | noise-free fitness - Fopt (-2.401800000000e+02) | best noise-free fitness - Fopt | measured fitness | best measured fitness | x1 | x2...
1 +1.173305703e+02 +1.173305703e+02 -1.228494297e+02 -1.228494297e+02 -2.7568e+00 -1.9165e+00 -1.4789e-01
4 +4.984880977e+01 +4.984880977e+01 -1.903311902e+02 -1.903311902e+02 -1.5634e-02 -7.7926e-01 +2.0076e+00
22 +3.324380502e+01 +3.324380502e+01 -2.069361950e+02 -2.069361950e+02 -3.2492e+00 +1.5760e+00 +1.8047e+00
122 +2.424619644e+01 +2.424619644e+01 -2.159338036e+02 -2.159338036e+02 -3.1465e+00 +3.0800e+00 +2.2731e+00
168 +1.509409849e+01 +1.509409849e+01 -2.250859015e+02 -2.250859015e+02 -2.9139e+00 +1.7162e+00 +1.4427e+00
429 +5.924116815e+00 +5.924116815e+00 -2.342558832e+02 -2.342558832e+02 -3.7088e+00 +3.0436e+00 +9.4409e-01
751 +2.865762919e+00 +2.865762919e+00 -2.373142371e+02 -2.373142371e+02 -4.1121e+00 +2.6570e+00 +1.1737e+00
1188 +2.307677446e+00 +2.307677446e+00 -2.378723226e+02 -2.378723226e+02 -4.0943e+00 +2.6000e+00 +1.1866e+00
3816 +1.375601591e+00 +1.375601591e+00 -2.388043984e+02 -2.388043984e+02 -4.0094e+00 +2.7472e+00 +5.2891e-01
6743 +9.985584266e-01 +9.985584266e-01 -2.391814416e+02 -2.391814416e+02 -3.9853e+00 +2.7500e+00 +5.4472e-01
38661 +6.079857882e-01 +6.079857882e-01 -2.395720142e+02 -2.395720142e+02 -3.3280e+00 +2.5329e+00 +9.2206e-01
39901 +3.276063235e-01 +3.276063235e-01 -2.398523937e+02 -2.398523937e+02 -3.3374e+00 +2.5085e+00 +8.9882e-01
40181 +1.927109556e-01 +1.927109556e-01 -2.399872890e+02 -2.399872890e+02 -3.3493e+00 +2.5180e+00 +9.1698e-01
40781 +1.431867514e-01 +1.431867514e-01 -2.400368132e+02 -2.400368132e+02 -3.3554e+00 +2.5239e+00 +9.0654e-01
41101 +7.267397626e-02 +7.267397626e-02 -2.401073260e+02 -2.401073260e+02 -3.3483e+00 +2.5232e+00 +9.0533e-01
41181 +6.180928884e-02 +6.180928884e-02 -2.401181907e+02 -2.401181907e+02 -3.3461e+00 +2.5240e+00 +9.0609e-01
% function evaluation | noise-free fitness - Fopt (-3.941600000000e+02) | best noise-free fitness - Fopt | measured fitness | best measured fitness | x1 | x2...
1 +3.111987833e+03 +3.111987833e+03 +2.717827833e+03 +2.717827833e+03 +4.1518e+00 -3.5814e+00 -4.2057e+00
2 +2.811005512e+02 +2.811005512e+02 -1.130594488e+02 -1.130594488e+02 -2.9163e+00 -3.0481e+00 -4.3590e+00
3 +1.861114478e+02 +1.861114478e+02 -2.080485522e+02 -2.080485522e+02 -3.1634e+00 +6.9114e-01 +3.6609e+00
4 +9.250260627e+01 +9.250260627e+01 -3.016573937e+02 -3.016573937e+02 -1.6327e+00 -2.3573e+00 +3.0007e+00
8 +5.585108366e+01 +5.585108366e+01 -3.383089163e+02 -3.383089163e+02 -7.9557e-01 -3.4727e+00 +2.4346e+00
57 +3.807322323e+01 +3.807322323e+01 -3.560867768e+02 -3.560867768e+02 -2.8084e+00 -3.7343e+00 +6.6283e-01
144 +1.095897286e+01 +1.095897286e+01 -3.832010271e+02 -3.832010271e+02 -3.3686e+00 -3.6057e+00 -7.2698e-01
432 +1.613003413e+00 +1.613003413e+00 -3.925469966e+02 -3.925469966e+02 -2.9755e+00 -3.5480e+00 -2.3941e-01
1278 +5.567441288e-01 +5.567441288e-01 -3.936032559e+02 -3.936032559e+02 -2.8487e+00 -3.5381e+00 -1.9751e-01
1358 +3.602361902e-01 +3.602361902e-01 -3.937997638e+02 -3.937997638e+02 -2.8433e+00 -3.5394e+00 -2.0917e-01
2296 +2.094039921e-01 +2.094039921e-01 -3.939505960e+02 -3.939505960e+02 -2.8670e+00 -3.5271e+00 -2.0199e-01
2798 +1.411924862e-01 +1.411924862e-01 -3.940188075e+02 -3.940188075e+02 -2.8767e+00 -3.5309e+00 -2.0345e-01
2918 +9.454556647e-02 +9.454556647e-02 -3.940654544e+02 -3.940654544e+02 -2.8733e+00 -3.5320e+00 -2.0603e-01
3195 +2.038160267e-02 +2.038160267e-02 -3.941396184e+02 -3.941396184e+02 -2.8911e+00 -3.5364e+00 -2.1194e-01
3523 +1.323541437e-02 +1.323541437e-02 -3.941467646e+02 -3.941467646e+02 -2.8875e+00 -3.5443e+00 -2.1572e-01
3620 +4.430587506e-03 +4.430587506e-03 -3.941555694e+02 -3.941555694e+02 -2.8912e+00 -3.5389e+00 -2.1337e-01
3776 +1.322211973e-03 +1.322211973e-03 -3.941586778e+02 -3.941586778e+02 -2.8890e+00 -3.5410e+00 -2.1453e-01
4256 +6.066886987e-04 +6.066886987e-04 -3.941593933e+02 -3.941593933e+02 -2.8889e+00 -3.5416e+00 -2.1414e-01
4325 +2.228279417e-04 +2.228279417e-04 -3.941597772e+02 -3.941597772e+02 -2.8897e+00 -3.5409e+00 -2.1395e-01
4416 +9.597042845e-05 +9.597042845e-05 -3.941599040e+02 -3.941599040e+02 -2.8888e+00 -3.5412e+00 -2.1366e-01
5100 +3.195817135e-05 +3.195817135e-05 -3.941599680e+02 -3.941599680e+02 -2.8891e+00 -3.5407e+00 -2.1358e-01
5358 +1.931772715e-05 +1.931772715e-05 -3.941599807e+02 -3.941599807e+02 -2.8886e+00 -3.5409e+00 -2.1359e-01
5979 +6.494643856e-06 +6.494643856e-06 -3.941599935e+02 -3.941599935e+02 -2.8889e+00 -3.5408e+00 -2.1361e-01
6155 +4.691701633e-06 +4.691701633e-06 -3.941599953e+02 -3.941599953e+02 -2.8889e+00 -3.5409e+00 -2.1365e-01
6799 +1.704838724e-06 +1.704838724e-06 -3.941599983e+02 -3.941599983e+02 -2.8888e+00 -3.5408e+00 -2.1363e-01
7083 +5.696250582e-08 +5.696250582e-08 -3.941599999e+02 -3.941599999e+02 -2.8888e+00 -3.5408e+00 -2.1360e-01
8908 +1.315152076e-08 +1.315152076e-08 -3.941600000e+02 -3.941600000e+02 -2.8888e+00 -3.5408e+00 -2.1360e-01
9562 +9.878363016e-09 +9.878363016e-09 -3.941600000e+02 -3.941600000e+02 -2.8888e+00 -3.5408e+00 -2.1360e-01
9911 +3.922991709e-09 +3.922991709e-09 -3.941600000e+02 -3.941600000e+02 -2.8888e+00 -3.5408e+00 -2.1360e-01
10031 +1.419891760e-09 +1.419891760e-09 -3.941600000e+02 -3.941600000e+02 -2.8888e+00 -3.5408e+00 -2.1360e-01
10478 +9.632685760e-10 +9.632685760e-10 -3.941600000e+02 -3.941600000e+02 -2.8888e+00 -3.5408e+00 -2.1360e-01
10518 +4.122284736e-10 +4.122284736e-10 -3.941600000e+02 -3.941600000e+02 -2.8888e+00 -3.5408e+00 -2.1360e-01
10558 +3.967670636e-10 +3.967670636e-10 -3.941600000e+02 -3.941600000e+02 -2.8888e+00 -3.5408e+00 -2.1360e-01
10578 +1.147100193e-10 +1.147100193e-10 -3.941600000e+02 -3.941600000e+02 -2.8888e+00 -3.5408e+00 -2.1360e-01
10638 +9.049472283e-11 +9.049472283e-11 -3.941600000e+02 -3.941600000e+02 -2.8888e+00 -3.5408e+00 -2.1360e-01
10878 +2.268052413e-11 +2.268052413e-11 -3.941600000e+02 -3.941600000e+02 -2.8888e+00 -3.5408e+00 -2.1360e-01
11078 +3.979039320e-12 +3.979039320e-12 -3.941600000e+02 -3.941600000e+02 -2.8888e+00 -3.5408e+00 -2.1360e-01
11158 +1.875832822e-12 +1.875832822e-12 -3.941600000e+02 -3.941600000e+02 -2.8888e+00 -3.5408e+00 -2.1360e-01
11562 +1.080024958e-12 +1.080024958e-12 -3.941600000e+02 -3.941600000e+02 -2.8888e+00 -3.5408e+00 -2.1360e-01
11762 +8.526512829e-13 +8.526512829e-13 -3.941600000e+02 -3.941600000e+02 -2.8888e+00 -3.5408e+00 -2.1360e-01
12464 +1.136868377e-13 +1.136868377e-13 -3.941600000e+02 -3.941600000e+02 -2.8888e+00 -3.5408e+00 -2.1360e-01
13358 +0.000000000e+00 +0.000000000e+00 -3.941600000e+02 -3.941600000e+02 -2.8888e+00 -3.5408e+00 -2.1360e-01
