% function evaluation | noise-free fitness - Fopt (-9.210000000000e+00) | best noise-free fitness - Fopt | measured fitness | best measured fitness | x1 | x2...
1 +1.074355687e+02 +1.074355687e+02 +9.822556871e+01 +9.822556871e+01 +3.9809e+00 +3.0936e+00 -1.0414e+00 -3.0285e+00 -1.1226e+00
3 +5.782867526e+01 +5.782867526e+01 +4.861867526e+01 +4.861867526e+01 -1.4209e+00 +4.8306e+00 +1.2937e+00 +2.1913e+00 -2.6409e+00
50 +2.746917780e+01 +2.746917780e+01 +1.825917780e+01 +1.825917780e+01 +5.9284e+00 -2.4824e-01 +5.6187e+00 +1.7749e+00 -6.7531e+00
54 +1.914493393e+01 +1.914493393e+01 +9.934933932e+00 +9.934933932e+00 +6.8853e+00 +1.3714e+00 +1.4149e+01 +3.6505e+00 -4.4897e+00
60 +1.313687484e+01 +1.313687484e+01 +3.926874840e+00 +3.926874840e+00 -1.0754e+00 +4.8112e+00 +4.1647e+00 +4.2737e+00 -5.7679e+00
77 +9.364249637e+00 +9.364249637e+00 +1.542496365e-01 +1.542496365e-01 +1.1413e+01 +2.7545e+00 +8.0182e+00 +4.0449e+00 -5.5827e+00
102 +3.625600820e+00 +3.625600820e+00 -5.584399180e+00 -5.584399180e+00 +7.9164e+00 +2.9612e+00 +1.2651e+01 +1.1715e+01 -6.1906e+00
133 -7.105427358e-15 -7.105427358e-15 -9.210000000e+00 -9.210000000e+00 +1.4563e+01 +7.1576e+00 +8.9025e+00 +5.7804e+00 -1.2226e+01
% function evaluation | noise-free fitness - Fopt (6.559900000000e+02) | best noise-free fitness - Fopt | measured fitness | best measured fitness | x1 | x2...
1 +5.878540879e+01 +5.878540879e+01 +7.147754088e+02 +7.147754088e+02 +1.5895e+00 -3.7974e+00 -4.6762e+00 +2.8032e+00 -1.0141e+00
28 +3.411675326e+01 +3.411675326e+01 +6.901067533e+02 +6.901067533e+02 +1.5895e+00 -3.7974e+00 -4.6762e+00 +2.8032e+00 -3.4810e+00
34 +1.746714862e+01 +1.746714862e+01 +6.734571486e+02 +6.734571486e+02 -1.2031e+00 -2.8827e+00 -2.9279e+00 +4.8317e+00 -6.2413e+00
63 +8.166553980e+00 +8.166553980e+00 +6.641565540e+02 +6.641565540e+02 +9.2245e-01 -6.7644e+00 -5.1262e+00 +4.2729e+00 -7.8623e+00
76 +4.639726141e+00 +4.639726141e+00 +6.606297261e+02 +6.606297261e+02 +3.6027e-01 -9.4638e+00 -5.2733e+00 +8.0040e+00 -1.0340e+01
78 +2.644924550e-01 +2.644924550e-01 +6.562544925e+02 +6.562544925e+02 +4.7355e+00 -8.1323e+00 -9.2123e+00 +6.1892e+00 -1.2993e+01
101 +0.000000000e+00 +0.000000000e+00 +6.559900000e+02 +6.559900000e+02 +5.1887e+00 -1.0237e+01 -1.0784e+01 +7.8835e+00 -1.5939e+01
% function evaluation | noise-free fitness - Fopt (6.671000000000e+01) | best noise-free fitness - Fopt | measured fitness | best measured fitness | x1 | x2...
1 +9.511607580e+01 +9.511607580e+01 +1.618260758e+02 +1.618260758e+02 +4.8298e+00 +5.4672e-01 -9.6500e-01 +3.5591e+00 +4.5602e-01
24 +5.516702583e+01 +5.516702583e+01 +1.218770258e+02 +1.218770258e+02 -4.3046e+00 +3.7483e-01 +2.9904e+00 +2.7082e+00 -4.3242e+00
42 +3.242839747e+01 +3.242839747e+01 +9.913839747e+01 +9.913839747e+01 -5.4206e+00 +5.8312e-01 -3.7221e+00 +2.0710e+00 -4.8012e+00
52 +2.492751241e+01 +2.492751241e+01 +9.163751241e+01 +9.163751241e+01 -5.1378e+00 -4.0753e+00 +4.1002e-01 +3.9019e+00 -5.1302e+00
78 +1.462676033e+01 +1.462676033e+01 +8.133676033e+01 +8.133676033e+01 -3.0515e+00 -6.0449e+00 -2.7510e+00 +5.7676e+00 -4.4434e+00
101 +3.405512087e+00 +3.405512087e+00 +7.011551209e+01 +7.011551209e+01 -1.2555e+01 -3.0849e+00 -6.3342e+00 +6.5805e+00 -9.1906e+00
145 +1.421085472e-14 +1.421085472e-14 +6.671000000e+01 +6.671000000e+01 -1.6091e+01 -5.4734e+00 -8.2536e+00 +6.9847e+00 -9.5781e+00
% function evaluation | noise-free fitness - Fopt (9.416700000000e+02) | best noise-free fitness - Fopt | measured fitness | best measured fitness | x1 | x2...
1 +1.040425658e+02 +1.040425658e+02 +1.045712566e+03 +1.045712566e+03 -2.9450e+00 -8.9586e-01 -1.5381e+00 +4.0540e+00 +1.8694e+00
2 +8.509325764e+01 +8.509325764e+01 +1.026763258e+03 +1.026763258e+03 -4.2522e+00 -2.6609e+00 -2.9602e+00 -2.3092e+00 -3.6089e+00
13 +5.766605883e+01 +5.766605883e+01 +9.993360588e+02 +9.993360588e+02 -4.2879e+00 +4.4880e+00 -1.6462e+00 +4.2705e+00 -3.5037e+00
30 +2.006560348e+01 +2.006560348e+01 +9.617356035e+02 +9.617356035e+02 -2.1090e+00 -3.7458e+00 +1.8995e+00 +4.0860e+00 -5.7433e+00
55 +6.878617276e+00 +6.878617276e+00 +9.485486173e+02 +9.485486173e+02 -5.2667e+00 -2.2990e+00 +4.3437e+00 +7.3519e+00 -7.4663e+00
62 +5.027764082e+00 +5.027764082e+00 +9.466977641e+02 +9.466977641e+02 -8.4091e+00 -2.1727e+00 +6.5486e+00 +1.1042e+01 -7.6481e+00
79 +4.735926761e-01 +4.735926761e-01 +9.421435927e+02 +9.421435927e+02 -4.9564e+00 -9.6202e+00 +8.6773e+00 +8.3377e+00 -4.9570e+00
82 -1.136868377e-13 -1.136868377e-13 +9.416700000e+02 +9.416700000e+02 -1.0990e+01 -1.1987e+01 +8.2524e+00 +1.5482e+01 -1.1543e+01
% function evaluation | noise-free fitness - Fopt (-3.745000000000e+01) | best noise-free fitness - Fopt | measured fitness | best measured fitness | x1 | x2...
1 +1.469047050e+02 +1.469047050e+02 +1.094547050e+02 +1.094547050e+02 -2.3062e+00 -1.6764e-02 +2.9526e+00 +2.3109e+00 +3.3091e+00
3 +6.095889402e+01 +6.095889402e+01 +2.350889402e+01 +2.350889402e+01 +4.7851e+00 -3.1651e+00 +4.4786e+00 -4.2217e+00 -9.8016e-01
11 +3.946228435e+01 +3.946228435e+01 +2.012284350e+00 +2.012284350e+00 -9.3825e-01 -9.5394e-01 +3.8847e+00 -2.2809e+00 -4.5881e+00
67 +1.095121202e+01 +1.095121202e+01 -2.649878798e+01 -2.649878798e+01 +2.4660e+00 +3.8308e+00 +5.5404e+00 -3.8729e+00 -8.7119e+00
102 +5.089145248e+00 +5.089145248e+00 -3.236085475e+01 -3.236085475e+01 +7.4818e+00 +4.5546e+00 +1.0184e+01 -4.2358e+00 -9.7710e+00
114 +1.087562563e+00 +1.087562563e+00 -3.636243744e+01 -3.636243744e+01 +5.8898e+00 +4.3884e+00 +7.4893e+00 -7.5085e+00 -5.8203e+00
127 +4.943232188e-01 +4.943232188e-01 -3.695567678e+01 -3.695567678e+01 +4.5057e+00 +8.3590e+00 +2.8582e+01 -1.1779e+01 -1.0026e+01
143 +0.000000000e+00 +0.000000000e+00 -3.745000000e+01 -3.745000000e+01 +5.2914e+00 +1.4533e+01 +1.3773e+01 -1.0373e+01 -1.4193e+01
% function evaluation | noise-free fitness - Fopt (2.906200000000e+02) | best noise-free fitness - Fopt | measured fitness | best measured fitness | x1 | x2...
1 +7.233021569e+01 +7.233021569e+01 +3.629502157e+02 +3.629502157e+02 +1.5345e+00 -3.7113e+00 -1.7914e+00 -4.5650e+00 -9.2189e-01
5 +5.980863513e+01 +5.980863513e+01 +3.504286351e+02 +3.504286351e+02 -1.7639e+00 +3.3478e+00 -8.5499e-01 +3.0446e-01 -4.2830e+00
30 +2.960648499e+01 +2.960648499e+01 +3.202264850e+02 +3.202264850e+02 -1.3909e+00 +3.3478e+00 -8.5499e-01 -5.1569e+00 -4.2830e+00
40 +2.000349152e+01 +2.000349152e+01 +3.106234915e+02 +3.106234915e+02 +3.3483e+00 +3.3362e+00 -2.1973e+00 -3.8388e+00 -6.2076e+00
59 +7.554163626e+00 +7.554163626e+00 +2.981741636e+02 +2.981741636e+02 +5.8895e+00 +7.5198e-01 -5.4400e+00 -9.6481e+00 -8.2013e+00
77 +0.000000000e+00 +0.000000000e+00 +2.906200000e+02 +2.906200000e+02 +8.9797e+00 +5.3488e+00 -8.0165e+00 -6.8457e+00 -5.4673e+00
% function evaluation | noise-free fitness - Fopt (-1.015300000000e+02) | best noise-free fitness - Fopt | measured fitness | best measured fitness | x1 | x2...
1 +3.276060331e+01 +3.276060331e+01 -6.876939669e+01 -6.876939669e+01 -5.5775e-01 -3.5718e+00 +2.1526e+00 +4.3781e+00 -3.6722e+00
33 +1.255077229e+01 +1.255077229e+01 -8.897922771e+01 -8.897922771e+01 -4.2357e+00 -3.2809e+00 +3.2145e+00 +6.1330e+00 -4.6917e+00
35 +6.647181053e+00 +6.647181053e+00 -9.488281895e+01 -9.488281895e+01 -5.3617e+00 -9.4352e+00 +4.2237e+00 +5.6557e+00 -4.5808e+00
51 +4.428468281e+00 +4.428468281e+00 -9.710153172e+01 -9.710153172e+01 -6.0813e+00 -9.0764e+00 +4.3636e+00 +5.2124e+00 -4.7584e+00
52 +2.390854929e+00 +2.390854929e+00 -9.913914507e+01 -9.913914507e+01 -4.1550e+00 -4.1307e+00 +5.4665e+00 +6.3945e+00 -5.6133e+00
67 +7.509805928e-01 +7.509805928e-01 -1.007790194e+02 -1.007790194e+02 -7.5047e+00 -6.0917e+00 +4.7625e+00 +7.3270e+00 -8.9259e+00
82 +0.000000000e+00 +0.000000000e+00 -1.015300000e+02 -1.015300000e+02 -1.0157e+01 -1.0808e+01 +5.0636e+00 +7.6387e+00 -1.0229e+01
% function evaluation | noise-free fitness - Fopt (3.019700000000e+02) | best noise-free fitness - Fopt | measured fitness | best measured fitness | x1 | x2...
1 +1.075217557e+02 +1.075217557e+02 +4.094917557e+02 +4.094917557e+02 -4.3189e+00 -3.1101e+00 -4.2939e+00 -6.6501e-01 -1.1349e+00
3 +9.093758532e+01 +9.093758532e+01 +3.929075853e+02 +3.929075853e+02 -3.4932e+00 +3.8304e+00 +2.6198e+00 +3.9791e+00 -2.0669e+00
4 +4.656230373e+01 +4.656230373e+01 +3.485323037e+02 +3.485323037e+02 -4.9213e+00 +2.9077e+00 -7.9522e-01 -1.4139e+00 -4.5729e+00
11 +1.960742860e+01 +1.960742860e+01 +3.215774286e+02 +3.215774286e+02 -4.9361e+00 +3.2706e+00 +2.7140e+00 -3.6426e+00 -4.8394e+00
27 +8.070299655e+00 +8.070299655e+00 +3.100402997e+02 +3.100402997e+02 -4.9213e+00 +2.9077e+00 +7.9914e+00 -7.7406e+00 -4.5729e+00
51 +2.752090425e+00 +2.752090425e+00 +3.047220904e+02 +3.047220904e+02 -6.4902e+00 +3.4524e+00 +6.7806e+00 -8.2616e+00 -5.0155e+00
57 +2.146928412e+00 +2.146928412e+00 +3.041169284e+02 +3.041169284e+02 -2.8531e+00 +5.4629e+00 +8.1932e+00 -6.2881e+00 -1.3266e+01
86 +1.280756611e+00 +1.280756611e+00 +3.032507566e+02 +3.032507566e+02 -8.6765e+00 +4.2798e+00 +7.8516e+00 -6.3700e+00 -1.0927e+01
90 +0.000000000e+00 +0.000000000e+00 +3.019700000e+02 +3.019700000e+02 -8.6630e+00 +7.2418e+00 +1.6487e+01 -1.1262e+01 -1.5854e+01
% function evaluation | noise-free fitness - Fopt (-6.561000000000e+01) | best noise-free fitness - Fopt | measured fitness | best measured fitness | x1 | x2...
1 +9.104749569e+01 +9.104749569e+01 +2.543749569e+01 +2.543749569e+01 +4.3644e+00 -4.3784e+00 -4.8224e+00 -3.1215e+00 +4.6154e+00
3 +2.406171087e+01 +2.406171087e+01 -4.154828913e+01 -4.154828913e+01 -2.7164e+00 +6.7562e-01 +4.5425e+00 +4.5345e+00 +4.2379e+00
27 +1.538071943e+01 +1.538071943e+01 -5.022928057e+01 -5.022928057e+01 +4.8631e-01 -2.9174e+00 +3.0423e+00 +6.4484e+00 +9.8257e+00
58 +8.096429329e+00 +8.096429329e+00 -5.751357067e+01 -5.751357067e+01 +1.1253e+00 -3.8915e+00 +7.2266e+00 +1.2378e+01 +1.1534e+01
90 +4.501166655e+00 +4.501166655e+00 -6.110883334e+01 -6.110883334e+01 -4.9883e-01 -6.5846e+00 +1.6248e+01 +1.1680e+01 +9.9037e+00
120 +2.360978594e+00 +2.360978594e+00 -6.324902141e+01 -6.324902141e+01 -2.6390e+00 -7.9403e+00 +1.8180e+01 +9.3643e+00 +1.2927e+01
143 +0.000000000e+00 +0.000000000e+00 -6.561000000e+01 -6.561000000e+01 -5.5666e+00 -1.1632e+01 +2.3632e+01 +1.6991e+01 +1.6724e+01
% function evaluation | noise-free fitness - Fopt (-3.569000000000e+01) | best noise-free fitness - Fopt | measured fitness | best measured fitness | x1 | x2...
1 +7.284729869e+01 +7.284729869e+01 +3.715729869e+01 +3.715729869e+01 -2.4494e+00 +3.2038e+00 +4.8634e+00 -1.9474e+00 +3.6153e+00
3 +2.058587309e+01 +2.058587309e+01 -1.510412691e+01 -1.510412691e+01 +2.5167e+00 +4.9059e+00 -2.1245e+00 -3.6924e+00 +4.8511e+00
40 +1.471529946e+01 +1.471529946e+01 -2.097470054e+01 -2.097470054e+01 +9.4503e+00 +3.2286e-01 -2.9768e+00 -5.6401e+00 +7.9253e+00
56 +2.313952632e+00 +2.313952632e+00 -3.337604737e+01 -3.337604737e+01 +3.8147e+00 +6.8264e+00 -7.7200e+00 -4.7993e+00 +8.6561e+00
76 +0.000000000e+00 +0.000000000e+00 -3.569000000e+01 -3.569000000e+01 +6.8536e+00 +6.6192e+00 -8.4603e+00 -6.1528e+00 +1.0242e+01
% function evaluation | noise-free fitness - Fopt (3.174000000000e+01) | best noise-free fitness - Fopt | measured fitness | best measured fitness | x1 | x2...
1 +1.232863251e+02 +1.232863251e+02 +1.550263251e+02 +1.550263251e+02 +4.4214e-02 +7.0267e-01 -4.9498e+00 +2.1883e+00 +1.7608e+00
4 +6.109922667e+01 +6.109922667e+01 +9.283922667e+01 +9.283922667e+01 +1.9781e+00 +7.7006e-01 -4.9458e+00 -8.2829e-01 -2.5814e+00
27 +3.899164216e+01 +3.899164216e+01 +7.073164216e+01 +7.073164216e+01 +1.8006e+00 -8.0966e+00 -4.7139e+00 +1.2040e+00 -5.8233e+00
35 +2.266104517e+01 +2.266104517e+01 +5.440104517e+01 +5.440104517e+01 +4.1154e+00 -3.8610e+00 -5.6453e+00 -1.9361e+00 -4.7479e+00
59 +8.634604116e-02 +8.634604116e-02 +3.182634604e+01 +3.182634604e+01 +7.6442e+00 -7.0308e+00 -4.9727e+00 -5.9488e+00 -6.9441e+00
80 +1.065814104e-14 +1.065814104e-14 +3.174000000e+01 +3.174000000e+01 +7.4046e+00 -8.9490e+00 -5.8497e+00 -5.2707e+00 -1.0118e+01
% function evaluation | noise-free fitness - Fopt (8.344900000000e+02) | best noise-free fitness - Fopt | measured fitness | best measured fitness | x1 | x2...
1 +1.167710878e+02 +1.167710878e+02 +9.512610878e+02 +9.512610878e+02 -1.5191e+00 +2.5030e+00 +4.7183e+00 +1.6098e+00 -1.5153e-02
6 +8.840840942e+01 +8.840840942e+01 +9.228984094e+02 +9.228984094e+02 +2.3004e+00 -4.8193e+00 +4.5909e+00 -1.2476e+00 +3.4675e+00
17 +2.813665955e+01 +2.813665955e+01 +8.626266595e+02 +8.626266595e+02 +3.5959e+00 -3.9666e+00 -4.6913e+00 +4.6627e+00 +3.5170e+00
28 +1.227623064e+01 +1.227623064e+01 +8.467662306e+02 +8.467662306e+02 -2.6012e+00 -4.9015e+00 -7.4597e+00 +4.0332e+00 +4.5734e+00
51 +2.708319523e-01 +2.708319523e-01 +8.347608320e+02 +8.347608320e+02 -4.7292e+00 -1.0268e+01 -1.2753e+01 +7.2225e+00 +6.0854e+00
76 +0.000000000e+00 +0.000000000e+00 +8.344900000e+02 +8.344900000e+02 -5.3136e+00 -1.1186e+01 -1.1588e+01 +7.5997e+00 +6.8593e+00
% function evaluation | noise-free fitness - Fopt (4.159000000000e+01) | best noise-free fitness - Fopt | measured fitness | best measured fitness | x1 | x2...
1 +1.092926388e+02 +1.092926388e+02 +1.508826388e+02 +1.508826388e+02 +3.2119e+00 +4.1319e+00 +2.1117e+00 -4.5019e+00 -6.6063e-01
2 +7.082425665e+01 +7.082425665e+01 +1.124142567e+02 +1.124142567e+02 -2.2290e-01 +3.0183e+00 -3.3665e+00 +3.1450e-01 -4.0728e+00
10 +6.028418060e+01 +6.028418060e+01 +1.018741806e+02 +1.018741806e+02 -1.5072e+00 +4.8132e+00 +6.8033e-01 +1.0696e+00 -3.2318e+00
51 +3.186137473e+01 +3.186137473e+01 +7.345137473e+01 +7.345137473e+01 +3.0886e+00 +5.7039e+00 -8.9782e-01 +2.9906e+00 -6.5212e+00
81 +1.131193877e+01 +1.131193877e+01 +5.290193877e+01 +5.290193877e+01 +4.7904e+00 +7.6943e+00 +6.9104e+00 +1.2740e+01 -3.8898e+00
113 +5.658826592e+00 +5.658826592e+00 +4.724882659e+01 +4.724882659e+01 +1.1160e+01 +1.0663e+01 +4.8773e+00 +8.4396e+00 -4.4729e+00
121 +8.501448154e-01 +8.501448154e-01 +4.244014482e+01 +4.244014482e+01 +4.1499e+00 +9.4982e+00 +5.3601e+00 +1.2087e+01 -6.7904e+00
140 +0.000000000e+00 +0.000000000e+00 +4.159000000e+01 +4.159000000e+01 +1.0005e+01 +1.6341e+01 +6.1268e+00 +1.2715e+01 -5.5219e+00
% function evaluation | noise-free fitness - Fopt (1.004200000000e+02) | best noise-free fitness - Fopt | measured fitness | best measured fitness | x1 | x2...
1 +7.686914493e+01 +7.686914493e+01 +1.772891449e+02 +1.772891449e+02 +3.7371e+00 +2.1269e+00 -3.3763e+00 +1.4917e+00 -3.3284e+00
2 +3.606762853e+01 +3.606762853e+01 +1.364876285e+02 +1.364876285e+02 -1.1191e+00 +4.2732e+00 +3.8284e+00 +4.0382e+00 -4.5656e+00
59 +2.308771608e+01 +2.308771608e+01 +1.235077161e+02 +1.235077161e+02 -1.5237e+00 +4.3146e+00 +6.9603e+00 +7.8794e+00 -7.2617e+00
160 +1.207795054e+01 +1.207795054e+01 +1.124979505e+02 +1.124979505e+02 -1.6046e+00 -3.5266e+00 +4.0978e+00 +6.5791e+00 -5.8339e+00
203 +8.645162471e+00 +8.645162471e+00 +1.090651625e+02 +1.090651625e+02 -3.6452e+00 -6.0738e+00 +6.4436e+00 +6.7715e+00 -7.7292e+00
205 +5.583974651e+00 +5.583974651e+00 +1.060039747e+02 +1.060039747e+02 -5.8397e-01 -6.2425e+00 +8.0964e+00 +7.5039e+00 -7.0207e+00
261 +1.019062679e+00 +1.019062679e+00 +1.014390627e+02 +1.014390627e+02 +3.9809e+00 -6.5943e+00 +7.2248e+00 +7.4967e+00 -8.5567e+00
286 -1.421085472e-14 -1.421085472e-14 +1.004200000e+02 +1.004200000e+02 +7.4289e+00 -6.0489e+00 +6.7850e+00 +1.1005e+01 -1.1647e+01
% function evaluation | noise-free fitness - Fopt (-7.530000000000e+00) | best noise-free fitness - Fopt | measured fitness | best measured fitness | x1 | x2...
1 +1.430696476e+02 +1.430696476e+02 +1.355396476e+02 +1.355396476e+02 +2.8944e+00 -1.8098e+00 -2.9693e-01 -5.1913e-01 -4.3343e+00
2 +9.688502597e+01 +9.688502597e+01 +8.935502597e+01 +8.935502597e+01 -9.0574e-01 +4.1431e+00 +3.9562e+00 -3.2541e+00 -1.1601e+00
9 +4.124201047e+01 +4.124201047e+01 +3.371201047e+01 +3.371201047e+01 +5.5461e-01 -2.9999e+00 +2.8462e+00 -3.4073e+00 +3.2527e+00
29 +1.439622141e+01 +1.439622141e+01 +6.866221412e+00 +6.866221412e+00 +3.6824e+00 -6.0030e+00 +3.0935e+00 -7.1873e+00 +4.2950e+00
51 +9.316975824e+00 +9.316975824e+00 +1.786975824e+00 +1.786975824e+00 +2.4312e+00 -4.2309e+00 +3.2986e+00 -8.2338e+00 +6.7082e+00
56 +5.139983480e+00 +5.139983480e+00 -2.390016520e+00 -2.390016520e+00 +4.1308e+00 -5.4855e+00 +6.8922e+00 -9.5563e+00 +4.5729e+00
76 +6.172479414e-01 +6.172479414e-01 -6.912752059e+00 -6.912752059e+00 +4.3828e+00 -6.2689e+00 +6.5229e+00 -1.3848e+01 +8.2615e+00
80 -8.881784197e-16 -8.881784197e-16 -7.530000000e+00 -7.530000000e+00 +1.1941e+01 -1.1858e+01 +6.7078e+00 -1.5605e+01 +6.8828e+00
