% function evaluation | noise-free fitness - Fopt (4.078000000000e+01) | best noise-free fitness - Fopt | measured fitness | best measured fitness | x1 | x2...
1 +6.585405306e+01 +6.585405306e+01 +1.066340531e+02 +1.066340531e+02 +4.8141e-01 +1.9761e+00 +4.2688e+00 -4.0939e+00 +4.6423e+00
7 +1.887390336e+01 +1.887390336e+01 +5.965390336e+01 +5.965390336e+01 -9.1036e-01 +4.3669e+00 +3.4799e+00 +4.1690e-01 +5.1533e-01
23 +1.457165179e+01 +1.457165179e+01 +5.535165179e+01 +5.535165179e+01 +7.2321e-02 +3.3809e+00 +3.5816e+00 +5.1842e-01 +1.7929e+00
59 +8.000302426e+00 +8.000302426e+00 +4.878030243e+01 +4.878030243e+01 -1.8762e+00 -9.5143e-01 +1.2829e+00 -2.0873e+00 -2.3564e+00
580 +3.209819674e+00 +3.209819674e+00 +4.398981967e+01 +4.398981967e+01 -1.8573e+00 +1.5192e+00 +5.9728e-01 -1.4205e+00 +1.4764e+00
653 +2.455488472e+00 +2.455488472e+00 +4.323548847e+01 +4.323548847e+01 -1.5575e+00 +1.9399e+00 +4.9718e-01 -1.7064e+00 +9.9405e-01
1527 +1.555588322e+00 +1.555588322e+00 +4.233558832e+01 +4.233558832e+01 -1.5941e+00 +1.2927e+00 +3.1943e-01 -1.6609e+00 +5.7001e-01
7351 +5.477396925e-01 +5.477396925e-01 +4.132773969e+01 +4.132773969e+01 -2.8620e+00 -1.5862e+00 +3.4254e+00 -2.4720e+00 -3.3664e+00
7576 +3.734291231e-01 +3.734291231e-01 +4.115342912e+01 +4.115342912e+01 -2.9478e+00 -1.5634e+00 +4.1571e+00 -1.8282e+00 -3.7380e+00
7678 +2.259767944e-02 +2.259767944e-02 +4.080259768e+01 +4.080259768e+01 -2.1890e+00 -2.0996e+00 +4.1003e+00 -1.9784e+00 -3.6405e+00
7951 +3.793046139e-03 +3.793046139e-03 +4.078379305e+01 +4.078379305e+01 -2.3923e+00 -2.0996e+00 +4.0198e+00 -1.9784e+00 -3.6405e+00
8193 +1.397088530e-03 +1.397088530e-03 +4.078139709e+01 +4.078139709e+01 -2.4274e+00 -1.8419e+00 +3.9576e+00 -2.0342e+00 -3.6183e+00
8409 +3.254018333e-04 +3.254018333e-04 +4.078032540e+01 +4.078032540e+01 -2.4817e+00 -1.7612e+00 +3.7167e+00 -2.1119e+00 -3.5466e+00
8476 +1.600257227e-04 +1.600257227e-04 +4.078016003e+01 +4.078016003e+01 -2.5323e+00 -1.7612e+00 +3.7762e+00 -2.1119e+00 -3.5954e+00
8564 +1.494919319e-04 +1.494919319e-04 +4.078014949e+01 +4.078014949e+01 -2.5193e+00 -1.7221e+00 +3.8056e+00 -2.1156e+00 -3.6268e+00
8660 +6.945476706e-06 +6.945476706e-06 +4.078000695e+01 +4.078000695e+01 -2.5493e+00 -1.8259e+00 +3.9518e+00 -2.1400e+00 -3.6894e+00
9099 +4.644891789e-06 +4.644891789e-06 +4.078000464e+01 +4.078000464e+01 -2.5413e+00 -1.7933e+00 +3.9474e+00 -2.1780e+00 -3.6976e+00
9136 +2.457169835e-06 +2.457169835e-06 +4.078000246e+01 +4.078000246e+01 -2.5306e+00 -1.8430e+00 +3.9517e+00 -2.1500e+00 -3.7016e+00
9211 +7.541608511e-07 +7.541608511e-07 +4.078000075e+01 +4.078000075e+01 -2.5265e+00 -1.8286e+00 +3.9281e+00 -2.1613e+00 -3.6974e+00
9301 +5.440346769e-07 +5.440346769e-07 +4.078000054e+01 +4.078000054e+01 -2.5413e+00 -1.7933e+00 +3.9208e+00 -2.1805e+00 -3.6979e+00
9402 +2.684735279e-08 +2.684735279e-08 +4.078000003e+01 +4.078000003e+01 -2.5116e+00 -1.7982e+00 +3.8865e+00 -2.1572e+00 -3.6612e+00
9476 +2.487578143e-08 +2.487578143e-08 +4.078000002e+01 +4.078000002e+01 -2.5120e+00 -1.7982e+00 +3.8865e+00 -2.1581e+00 -3.6612e+00
9730 +1.364340108e-08 +1.364340108e-08 +4.078000001e+01 +4.078000001e+01 -2.5109e+00 -1.7958e+00 +3.8898e+00 -2.1603e+00 -3.6688e+00
10001 +4.480718019e-09 +4.480718019e-09 +4.078000000e+01 +4.078000000e+01 -2.5109e+00 -1.7958e+00 +3.8899e+00 -2.1603e+00 -3.6658e+00
% function evaluation | noise-free fitness - Fopt (-1.600000000000e+00) | best noise-free fitness - Fopt | measured fitness | best measured fitness | x1 | x2...
1 +2.970238967e+01 +2.970238967e+01 +2.810238967e+01 +2.810238967e+01 +1.2159e+00 +4.3305e+00 +3.8512e-01 -4.1514e+00 +2.4653e-01
22 +1.257696886e+01 +1.257696886e+01 +1.097696886e+01 +1.097696886e+01 +1.1508e+00 -6.3395e-01 +2.5812e+00 +2.2076e+00 -1.0917e+00
151 +9.590119671e+00 +9.590119671e+00 +7.990119671e+00 +7.990119671e+00 +1.9853e+00 +1.5408e+00 +1.7379e+00 +2.0975e+00 -1.8105e+00
153 +1.911167997e+00 +1.911167997e+00 +3.111679969e-01 +3.111679969e-01 +1.8815e-01 -2.0899e+00 +6.6007e-01 +2.4111e+00 -2.1681e+00
652 +1.220009883e+00 +1.220009883e+00 -3.799901171e-01 -3.799901171e-01 +1.1573e+00 -2.0637e+00 +1.2876e+00 +2.4577e+00 -2.5948e+00
837 +5.208157179e-01 +5.208157179e-01 -1.079184282e+00 -1.079184282e+00 +7.1866e-01 -2.7501e+00 +2.1087e-01 +2.6549e+00 -1.5790e+00
926 +3.464751635e-02 +3.464751635e-02 -1.565352484e+00 -1.565352484e+00 +1.0154e+00 -2.3887e+00 +3.8516e-01 +2.9842e+00 -1.9919e+00
933 +3.676376335e-03 +3.676376335e-03 -1.596323624e+00 -1.596323624e+00 +9.5682e-01 -2.0503e+00 +6.5402e-01 +3.0120e+00 -1.7849e+00
1451 +2.382790682e-03 +2.382790682e-03 -1.597617209e+00 -1.597617209e+00 +1.1293e+00 -1.8453e+00 +6.5402e-01 +3.0120e+00 -1.9248e+00
1629 +1.256860420e-03 +1.256860420e-03 -1.598743140e+00 -1.598743140e+00 +1.0680e+00 -2.2172e+00 +4.2576e-01 +2.9490e+00 -2.1166e+00
1666 +8.988597360e-04 +8.988597360e-04 -1.599101140e+00 -1.599101140e+00 +1.2214e+00 -1.8842e+00 +7.0722e-01 +2.9914e+00 -2.0408e+00
1705 +2.556536667e-04 +2.556536667e-04 -1.599744346e+00 -1.599744346e+00 +1.1151e+00 -1.9420e+00 +7.5570e-01 +2.9572e+00 -2.0313e+00
1943 +2.206240297e-04 +2.206240297e-04 -1.599779376e+00 -1.599779376e+00 +1.0923e+00 -2.0084e+00 +6.9557e-01 +2.9542e+00 -2.1259e+00
1953 +1.527645544e-04 +1.527645544e-04 -1.599847235e+00 -1.599847235e+00 +1.1151e+00 -1.9784e+00 +7.3447e-01 +2.9683e+00 -2.0313e+00
1955 +8.675891134e-05 +8.675891134e-05 -1.599913241e+00 -1.599913241e+00 +1.0927e+00 -1.9861e+00 +6.4077e-01 +3.0156e+00 -2.1296e+00
1968 +5.719342350e-05 +5.719342350e-05 -1.599942807e+00 -1.599942807e+00 +1.1717e+00 -2.0360e+00 +6.0300e-01 +3.0196e+00 -2.1696e+00
2104 +2.586231762e-05 +2.586231762e-05 -1.599974138e+00 -1.599974138e+00 +1.1329e+00 -2.0038e+00 +5.3201e-01 +3.0409e+00 -2.0622e+00
2126 +2.471963676e-05 +2.471963676e-05 -1.599975280e+00 -1.599975280e+00 +1.1650e+00 -2.0038e+00 +6.1981e-01 +3.0246e+00 -2.0622e+00
2200 +1.448609543e-05 +1.448609543e-05 -1.599985514e+00 -1.599985514e+00 +1.1751e+00 -1.9624e+00 +5.9596e-01 +3.0204e+00 -2.1380e+00
2222 +1.936089466e-06 +1.936089466e-06 -1.599998064e+00 -1.599998064e+00 +1.1363e+00 -1.9803e+00 +5.7365e-01 +3.0218e+00 -2.1248e+00
2237 +4.659920578e-07 +4.659920578e-07 -1.599999534e+00 -1.599999534e+00 +1.1419e+00 -2.0105e+00 +5.4222e-01 +3.0223e+00 -2.1350e+00
2326 +2.220580939e-07 +2.220580939e-07 -1.599999778e+00 -1.599999778e+00 +1.1419e+00 -2.0201e+00 +5.4713e-01 +3.0223e+00 -2.1350e+00
2355 +1.441849322e-07 +1.441849322e-07 -1.599999856e+00 -1.599999856e+00 +1.1363e+00 -2.0116e+00 +5.7365e-01 +3.0218e+00 -2.1248e+00
2376 +5.092244382e-08 +5.092244382e-08 -1.599999949e+00 -1.599999949e+00 +1.1363e+00 -2.0116e+00 +5.5880e-01 +3.0218e+00 -2.1248e+00
2576 +4.095904726e-09 +4.095904726e-09 -1.599999996e+00 -1.599999996e+00 +1.1291e+00 -2.0120e+00 +5.6511e-01 +3.0154e+00 -2.1270e+00
% function evaluation | noise-free fitness - Fopt (-3.708400000000e+02) | best noise-free fitness - Fopt | measured fitness | best measured fitness | x1 | x2...
1 +4.045987542e+01 +4.045987542e+01 -3.303801246e+02 -3.303801246e+02 +1.5401e+00 -3.0061e+00 -2.3560e+00 +2.8885e+00 +3.1615e-01
16 +3.253837796e+01 +3.253837796e+01 -3.383016220e+02 -3.383016220e+02 +4.8173e+00 -7.8873e-02 +9.9338e-01 -1.9803e-01 -8.7223e-01
22 +2.282358586e+01 +2.282358586e+01 -3.480164141e+02 -3.480164141e+02 -7.9452e-02 -3.0995e+00 -2.8211e+00 -2.5825e+00 +4.2828e+00
75 +1.179255468e+01 +1.179255468e+01 -3.590474453e+02 -3.590474453e+02 -4.6615e+00 -4.6165e+00 +2.5284e+00 -1.3676e+00 +1.3861e+00
192 +9.037367479e+00 +9.037367479e+00 -3.618026325e+02 -3.618026325e+02 -7.5135e-02 -3.2431e+00 +3.6547e+00 -2.7200e-01 +4.0087e+00
277 +2.195415195e+00 +2.195415195e+00 -3.686445848e+02 -3.686445848e+02 -7.5135e-02 -4.2490e-01 +3.6547e+00 -2.7200e-01 +4.0087e+00
3027 +1.566785255e+00 +1.566785255e+00 -3.692732147e+02 -3.692732147e+02 +7.9433e-01 -9.0158e-01 +4.4512e+00 +1.0803e-01 +3.7475e+00
12863 +8.386739320e-01 +8.386739320e-01 -3.700013261e+02 -3.700013261e+02 +3.0271e+00 +4.4251e+00 -4.2055e+00 +4.3967e-01 -3.4836e-01
37879 +6.191767165e-01 +6.191767165e-01 -3.702208233e+02 -3.702208233e+02 +3.0331e+00 -3.5524e-01 -1.7385e+00 +2.2634e+00 +9.9810e-01
38227 +1.536263494e-01 +1.536263494e-01 -3.706863737e+02 -3.706863737e+02 +3.2446e+00 -3.5524e-01 -1.7385e+00 +2.2634e+00 +4.0123e-01
38402 +7.537459541e-02 +7.537459541e-02 -3.707646254e+02 -3.707646254e+02 +2.8482e+00 -4.3086e-01 -1.7565e+00 +1.8774e+00 +4.7060e-01
38506 +1.243885432e-02 +1.243885432e-02 -3.708275611e+02 -3.708275611e+02 +3.1139e+00 -4.9448e-01 -1.4868e+00 +1.8138e+00 +5.2057e-01
38576 +3.895925125e-03 +3.895925125e-03 -3.708361041e+02 -3.708361041e+02 +3.1363e+00 -4.9448e-01 -1.4868e+00 +1.8989e+00 +5.2057e-01
38602 +9.523518255e-04 +9.523518255e-04 -3.708390476e+02 -3.708390476e+02 +2.9983e+00 -7.7657e-01 -1.7081e+00 +1.8089e+00 +7.4716e-01
39149 +2.571814304e-05 +2.571814304e-05 -3.708399743e+02 -3.708399743e+02 +3.1329e+00 -7.7495e-01 -1.6192e+00 +1.9161e+00 +6.0525e-01
39464 +2.114404532e-05 +2.114404532e-05 -3.708399789e+02 -3.708399789e+02 +3.0728e+00 -8.1042e-01 -1.6875e+00 +1.8805e+00 +6.3160e-01
39554 +6.283502103e-06 +6.283502103e-06 -3.708399937e+02 -3.708399937e+02 +3.1182e+00 -7.7414e-01 -1.6089e+00 +1.9020e+00 +5.9389e-01
39555 +5.366692903e-07 +5.366692903e-07 -3.708399995e+02 -3.708399995e+02 +3.0924e+00 -7.8846e-01 -1.6192e+00 +1.9161e+00 +6.0525e-01
39761 +1.861523629e-07 +1.861523629e-07 -3.708399998e+02 -3.708399998e+02 +3.1202e+00 -8.3708e-01 -1.5835e+00 +1.9478e+00 +6.0503e-01
39822 +5.961766192e-08 +5.961766192e-08 -3.708399999e+02 -3.708399999e+02 +3.1144e+00 -8.0384e-01 -1.5802e+00 +1.9360e+00 +6.1177e-01
40030 +1.717239684e-10 +1.717239684e-10 -3.708400000e+02 -3.708400000e+02 +3.1130e+00 -8.0780e-01 -1.5904e+00 +1.9319e+00 +6.0619e-01
% function evaluation | noise-free fitness - Fopt (-3.256000000000e+01) | best noise-free fitness - Fopt | measured fitness | best measured fitness | x1 | x2...
1 +6.016308776e+01 +6.016308776e+01 +2.760308776e+01 +2.760308776e+01 -1.7276e+00 +3.2608e+00 +2.3467e+00 +3.3849e+00 +2.6175e+00
13 +3.376048238e+01 +3.376048238e+01 +1.200482375e+00 +1.200482375e+00 +4.0822e-01 -2.7099e-01 +7.5157e-01 -3.5676e+00 -4.9286e-01
58 +1.820401239e+01 +1.820401239e+01 -1.435598761e+01 -1.435598761e+01 -1.0377e-01 -2.5981e+00 +4.4147e-01 +4.0911e+00 +1.2193e+00
156 +9.818518981e+00 +9.818518981e+00 -2.274148102e+01 -2.274148102e+01 +4.1151e+00 +2.7599e+00 -1.8576e-02 +8.4526e-01 -3.5915e+00
239 +4.049139362e+00 +4.049139362e+00 -2.851086064e+01 -2.851086064e+01 +2.5574e+00 +5.2732e+00 -1.5910e+00 +2.5766e+00 -3.8919e+00
389 +2.917256191e+00 +2.917256191e+00 -2.964274381e+01 -2.964274381e+01 +1.9008e+00 +4.7450e+00 -6.8237e-01 +2.5932e+00 -3.1490e+00
1549 +2.008887407e+00 +2.008887407e+00 -3.055111259e+01 -3.055111259e+01 +8.6538e-02 +1.8379e+00 -8.6671e-01 +2.2560e+00 -3.3644e+00
2608 +1.413704519e+00 +1.413704519e+00 -3.114629548e+01 -3.114629548e+01 +6.3180e-01 +1.7114e+00 -1.2793e+00 +2.1772e+00 -3.4551e+00
16926 +5.998684964e-01 +5.998684964e-01 -3.196013150e+01 -3.196013150e+01 +1.5887e+00 -3.5358e+00 -1.6063e+00 +2.8979e+00 -1.3177e+00
17201 +2.459368952e-01 +2.459368952e-01 -3.231406310e+01 -3.231406310e+01 +1.2744e+00 -4.1566e+00 -1.0927e+00 +2.8012e+00 -2.0354e+00
17702 +1.311008494e-01 +1.311008494e-01 -3.242889915e+01 -3.242889915e+01 +1.2166e+00 -2.8153e+00 -2.1247e+00 +3.5958e+00 -1.4003e+00
17714 +8.347753843e-02 +8.347753843e-02 -3.247652246e+01 -3.247652246e+01 +1.3161e+00 -3.7740e+00 -1.4431e+00 +2.9297e+00 -1.5706e+00
17806 +4.053390217e-02 +4.053390217e-02 -3.251946610e+01 -3.251946610e+01 +1.2219e+00 -3.7323e+00 -1.5512e+00 +3.3483e+00 -1.6474e+00
17977 +3.933396146e-02 +3.933396146e-02 -3.252066604e+01 -3.252066604e+01 +1.3798e+00 -3.2144e+00 -1.3374e+00 +3.2552e+00 -1.4766e+00
18226 +2.503789792e-02 +2.503789792e-02 -3.253496210e+01 -3.253496210e+01 +1.3798e+00 -3.2144e+00 -1.6377e+00 +3.2552e+00 -1.4608e+00
18231 +1.407104121e-02 +1.407104121e-02 -3.254592896e+01 -3.254592896e+01 +1.2904e+00 -3.2733e+00 -1.4110e+00 +3.4000e+00 -1.4986e+00
18258 +6.595795222e-03 +6.595795222e-03 -3.255340420e+01 -3.255340420e+01 +1.2166e+00 -3.1938e+00 -1.4987e+00 +3.5958e+00 -1.4003e+00
18277 +5.547093274e-03 +5.547093274e-03 -3.255445291e+01 -3.255445291e+01 +1.1846e+00 -3.2733e+00 -1.4110e+00 +3.4000e+00 -1.4555e+00
18379 +3.712196421e-03 +3.712196421e-03 -3.255628780e+01 -3.255628780e+01 +1.1915e+00 -3.3239e+00 -1.7546e+00 +3.4077e+00 -1.4492e+00
18411 +1.376369135e-03 +1.376369135e-03 -3.255862363e+01 -3.255862363e+01 +1.1966e+00 -3.2119e+00 -1.5230e+00 +3.5563e+00 -1.2721e+00
18459 +8.716412505e-04 +8.716412505e-04 -3.255912836e+01 -3.255912836e+01 +1.0998e+00 -3.3942e+00 -1.5925e+00 +3.5016e+00 -1.2890e+00
18494 +3.252952771e-04 +3.252952771e-04 -3.255967470e+01 -3.255967470e+01 +1.1458e+00 -3.2718e+00 -1.4575e+00 +3.4965e+00 -1.2891e+00
18595 +7.012378989e-05 +7.012378989e-05 -3.255992988e+01 -3.255992988e+01 +1.0433e+00 -3.3113e+00 -1.4431e+00 +3.5002e+00 -1.2419e+00
18626 +6.219244528e-05 +6.219244528e-05 -3.255993781e+01 -3.255993781e+01 +1.0508e+00 -3.3140e+00 -1.4431e+00 +3.5002e+00 -1.2419e+00
18777 +3.341480921e-05 +3.341480921e-05 -3.255996659e+01 -3.255996659e+01 +1.0234e+00 -3.3088e+00 -1.5388e+00 +3.5420e+00 -1.2293e+00
18902 +2.288710087e-05 +2.288710087e-05 -3.255997711e+01 -3.255997711e+01 +1.0119e+00 -3.3192e+00 -1.5037e+00 +3.5555e+00 -1.2384e+00
18931 +6.650210040e-06 +6.650210040e-06 -3.255999335e+01 -3.255999335e+01 +1.0180e+00 -3.2747e+00 -1.5038e+00 +3.5843e+00 -1.2290e+00
19021 +5.008606692e-06 +5.008606692e-06 -3.255999499e+01 -3.255999499e+01 +1.0237e+00 -3.2941e+00 -1.5089e+00 +3.5824e+00 -1.2399e+00
19077 +2.891672764e-06 +2.891672764e-06 -3.255999711e+01 -3.255999711e+01 +1.0366e+00 -3.2747e+00 -1.5126e+00 +3.5675e+00 -1.2290e+00
19176 +1.820923423e-06 +1.820923423e-06 -3.255999818e+01 -3.255999818e+01 +1.0366e+00 -3.2645e+00 -1.5126e+00 +3.5804e+00 -1.2290e+00
19383 +1.583490508e-06 +1.583490508e-06 -3.255999842e+01 -3.255999842e+01 +1.0678e+00 -3.2868e+00 -1.5362e+00 +3.5566e+00 -1.2593e+00
19470 +4.838284937e-07 +4.838284937e-07 -3.255999952e+01 -3.255999952e+01 +1.0424e+00 -3.2625e+00 -1.5387e+00 +3.5889e+00 -1.2258e+00
19527 +3.191507432e-07 +3.191507432e-07 -3.255999968e+01 -3.255999968e+01 +1.0650e+00 -3.2639e+00 -1.5496e+00 +3.5793e+00 -1.2492e+00
19582 +4.792990893e-08 +4.792990893e-08 -3.255999995e+01 -3.255999995e+01 +1.0505e+00 -3.2619e+00 -1.5614e+00 +3.6016e+00 -1.2537e+00
19887 +2.491429285e-08 +2.491429285e-08 -3.255999998e+01 -3.255999998e+01 +1.0551e+00 -3.2637e+00 -1.5614e+00 +3.5846e+00 -1.2579e+00
19930 +1.123798654e-08 +1.123798654e-08 -3.255999999e+01 -3.255999999e+01 +1.0535e+00 -3.2511e+00 -1.5651e+00 +3.5966e+00 -1.2503e+00
20009 +1.577248554e-09 +1.577248554e-09 -3.256000000e+01 -3.256000000e+01 +1.0498e+00 -3.2463e+00 -1.5715e+00 +3.6068e+00 -1.2424e+00
% function evaluation | noise-free fitness - Fopt (5.154000000000e+02) | best noise-free fitness - Fopt | measured fitness | best measured fitness | x1 | x2...
1 +6.448171495e+01 +6.448171495e+01 +5.798817149e+02 +5.798817149e+02 -3.5480e+00 -4.5131e+00 +2.5019e+00 -3.9166e+00 -1.9085e+00
2 +5.649721719e+01 +5.649721719e+01 +5.718972172e+02 +5.718972172e+02 -6.3070e-01 -1.0014e+00 -2.6443e+00 -1.4651e+00 +2.7841e+00
11 +1.973406176e+01 +1.973406176e+01 +5.351340618e+02 +5.351340618e+02 -2.4241e+00 +3.6408e+00 +1.9360e+00 +2.8452e+00 -1.8137e+00
158 +7.221140976e+00 +7.221140976e+00 +5.226211410e+02 +5.226211410e+02 -2.4477e+00 -6.9989e-01 -1.6384e+00 +2.0832e-01 -2.6413e+00
359 +2.052853527e+00 +2.052853527e+00 +5.174528535e+02 +5.174528535e+02 -3.3444e-01 -3.0665e+00 -1.2490e+00 +1.1518e+00 -1.7703e+00
682 +8.436922008e-01 +8.436922008e-01 +5.162436922e+02 +5.162436922e+02 -2.4477e+00 -6.9989e-01 -1.4720e+00 +2.0832e-01 -1.6105e+00
742 +3.157205790e-01 +3.157205790e-01 +5.157157206e+02 +5.157157206e+02 -2.6939e+00 -7.9492e-01 -1.7463e+00 +5.9053e-01 -1.9179e+00
1443 +1.507836205e-01 +1.507836205e-01 +5.155507836e+02 +5.155507836e+02 -3.8251e+00 -5.5753e-01 -2.4096e+00 +1.2521e-01 -2.5748e+00
1735 +7.357506261e-02 +7.357506261e-02 +5.154735751e+02 +5.154735751e+02 -3.6913e+00 -2.9094e-01 -2.6684e+00 +1.4858e-01 -2.7499e+00
1780 +4.431352501e-02 +4.431352501e-02 +5.154443135e+02 +5.154443135e+02 -3.4228e+00 -7.9492e-01 -2.2169e+00 +5.9053e-01 -2.1857e+00
1976 +1.825292997e-02 +1.825292997e-02 +5.154182529e+02 +5.154182529e+02 -3.4228e+00 -9.9553e-01 -2.2169e+00 +5.9053e-01 -2.1857e+00
2003 +1.429778197e-03 +1.429778197e-03 +5.154014298e+02 +5.154014298e+02 -3.3233e+00 -6.5006e-01 -2.5971e+00 +4.1674e-01 -2.4498e+00
2526 +7.902582289e-04 +7.902582289e-04 +5.154007903e+02 +5.154007903e+02 -3.2672e+00 -5.6626e-01 -2.6214e+00 +3.2115e-01 -2.2697e+00
2571 +2.711607193e-04 +2.711607193e-04 +5.154002712e+02 +5.154002712e+02 -3.4563e+00 -6.4065e-01 -2.7056e+00 +3.3070e-01 -2.3803e+00
2759 +2.007484749e-04 +2.007484749e-04 +5.154002007e+02 +5.154002007e+02 -3.4965e+00 -8.5389e-01 -2.6052e+00 +4.2994e-01 -2.3809e+00
2896 +5.107164850e-05 +5.107164850e-05 +5.154000511e+02 +5.154000511e+02 -3.5006e+00 -7.8339e-01 -2.6267e+00 +4.2796e-01 -2.4479e+00
3005 +1.774332191e-06 +1.774332191e-06 +5.154000018e+02 +5.154000018e+02 -3.4965e+00 -7.6391e-01 -2.6052e+00 +4.2994e-01 -2.3809e+00
3152 +7.610024113e-07 +7.610024113e-07 +5.154000008e+02 +5.154000008e+02 -3.4432e+00 -7.0333e-01 -2.5624e+00 +4.1159e-01 -2.3780e+00
3353 +1.920652721e-07 +1.920652721e-07 +5.154000002e+02 +5.154000002e+02 -3.4515e+00 -7.3296e-01 -2.5946e+00 +4.2056e-01 -2.3847e+00
3502 +4.758942396e-08 +4.758942396e-08 +5.154000000e+02 +5.154000000e+02 -3.4515e+00 -7.1384e-01 -2.5946e+00 +4.0710e-01 -2.3847e+00
3580 +3.764284884e-09 +3.764284884e-09 +5.154000000e+02 +5.154000000e+02 -3.4773e+00 -7.3661e-01 -2.6000e+00 +4.1697e-01 -2.3976e+00
% function evaluation | noise-free fitness - Fopt (9.862300000000e+02) | best noise-free fitness - Fopt | measured fitness | best measured fitness | x1 | x2...
1 +7.197078915e+01 +7.197078915e+01 +1.058200789e+03 +1.058200789e+03 +4.8737e+00 -1.2636e+00 +2.5388e+00 +3.8194e+00 -1.2761e+00
2 +4.706201564e+01 +4.706201564e+01 +1.033292016e+03 +1.033292016e+03 +2.9685e+00 -3.3531e+00 +2.9450e+00 +1.5232e+00 -4.9799e+00
3 +3.357981081e+01 +3.357981081e+01 +1.019809811e+03 +1.019809811e+03 -1.9715e+00 +2.7282e+00 -1.9740e+00 +1.9046e+00 -1.3458e+00
60 +2.374123435e+01 +2.374123435e+01 +1.009971234e+03 +1.009971234e+03 -5.2982e+00 -2.1977e+00 +5.9804e-01 +5.9040e+00 -3.7480e+00
62 +1.204954610e+01 +1.204954610e+01 +9.982795461e+02 +9.982795461e+02 +1.1339e+00 -1.2042e+00 -3.7991e+00 +3.1525e+00 -3.2950e+00
312 +7.237397333e+00 +7.237397333e+00 +9.934673973e+02 +9.934673973e+02 -7.5000e-01 +2.0183e+00 +1.1413e+00 +4.6464e+00 +4.9597e+00
327 +4.243826057e+00 +4.243826057e+00 +9.904738261e+02 +9.904738261e+02 +2.4813e-01 -1.2619e-01 -4.0400e-01 +2.3043e+00 -1.2969e+00
1077 +3.882051633e+00 +3.882051633e+00 +9.901120516e+02 +9.901120516e+02 +4.6975e-01 -6.0422e-02 +2.8989e-02 +2.5882e+00 -1.3458e+00
5563 +2.191710713e+00 +2.191710713e+00 +9.884217107e+02 +9.884217107e+02 -4.1396e+00 -3.5270e+00 +2.2198e+00 +2.8324e+00 -2.2848e+00
5951 +1.456056738e+00 +1.456056738e+00 +9.876860567e+02 +9.876860567e+02 -2.8110e+00 -3.7275e+00 +1.3289e+00 +2.5123e+00 -2.2891e+00
6001 +2.539682091e-01 +2.539682091e-01 +9.864839682e+02 +9.864839682e+02 -2.5161e+00 -3.7275e+00 +1.3289e+00 +3.2687e+00 -2.2891e+00
6026 +1.110254723e-01 +1.110254723e-01 +9.863410255e+02 +9.863410255e+02 -2.5161e+00 -3.7275e+00 +1.1916e+00 +3.2687e+00 -2.2891e+00
6401 +7.748338098e-02 +7.748338098e-02 +9.863074834e+02 +9.863074834e+02 -2.5940e+00 -3.7275e+00 +1.1916e+00 +3.2687e+00 -2.2891e+00
6501 +1.386258598e-02 +1.386258598e-02 +9.862438626e+02 +9.862438626e+02 -3.3925e+00 -3.7275e+00 +1.1916e+00 +3.2687e+00 -2.2891e+00
6551 +3.721510550e-03 +3.721510550e-03 +9.862337215e+02 +9.862337215e+02 -3.3925e+00 -3.7275e+00 +1.1916e+00 +3.3441e+00 -2.2891e+00
6857 +8.553217509e-04 +8.553217509e-04 +9.862308553e+02 +9.862308553e+02 -3.9035e+00 -3.4776e+00 +1.2141e+00 +3.5936e+00 -2.5046e+00
6902 +2.874094637e-04 +2.874094637e-04 +9.862302874e+02 +9.862302874e+02 -3.6499e+00 -3.5826e+00 +1.2109e+00 +3.4920e+00 -2.3049e+00
6916 +5.350687525e-05 +5.350687525e-05 +9.862300535e+02 +9.862300535e+02 -3.6756e+00 -3.5467e+00 +1.1917e+00 +3.4865e+00 -2.3791e+00
7102 +2.638615899e-05 +2.638615899e-05 +9.862300264e+02 +9.862300264e+02 -3.6275e+00 -3.5793e+00 +1.1983e+00 +3.5663e+00 -2.3932e+00
7103 +3.259472464e-06 +3.259472464e-06 +9.862300033e+02 +9.862300033e+02 -3.6481e+00 -3.5534e+00 +1.2265e+00 +3.4763e+00 -2.3641e+00
7445 +2.110149126e-06 +2.110149126e-06 +9.862300021e+02 +9.862300021e+02 -3.5848e+00 -3.6062e+00 +1.2198e+00 +3.4929e+00 -2.3592e+00
7478 +2.707383828e-07 +2.707383828e-07 +9.862300003e+02 +9.862300003e+02 -3.6275e+00 -3.5588e+00 +1.2077e+00 +3.5210e+00 -2.3932e+00
7655 +2.427009349e-07 +2.427009349e-07 +9.862300002e+02 +9.862300002e+02 -3.6310e+00 -3.5381e+00 +1.1966e+00 +3.5234e+00 -2.3971e+00
7753 +4.612775228e-08 +4.612775228e-08 +9.862300000e+02 +9.862300000e+02 -3.6200e+00 -3.5526e+00 +1.2077e+00 +3.4998e+00 -2.3895e+00
7801 +1.075704859e-09 +1.075704859e-09 +9.862300000e+02 +9.862300000e+02 -3.6093e+00 -3.5564e+00 +1.2077e+00 +3.5024e+00 -2.3839e+00
% function evaluation | noise-free fitness - Fopt (1.240800000000e+02) | best noise-free fitness - Fopt | measured fitness | best measured fitness | x1 | x2...
1 +6.977354629e+01 +6.977354629e+01 +1.938535463e+02 +1.938535463e+02 -9.8443e-01 +3.9795e+00 +2.0810e+00 +1.4374e+00 +1.6915e+00
2 +4.866731770e+01 +4.866731770e+01 +1.727473177e+02 +1.727473177e+02 -2.1016e+00 +1.7659e+00 -9.8272e-01 +6.4500e-01 -2.4903e+00
6 +3.905006216e+01 +3.905006216e+01 +1.631300622e+02 +1.631300622e+02 -2.6967e+00 +2.0306e+00 +4.3406e+00 -1.3714e+00 +3.5842e+00
13 +2.191842802e+01 +2.191842802e+01 +1.459984280e+02 +1.459984280e+02 +2.0291e+00 +1.2273e+00 +5.4104e-01 +4.0695e+00 +4.0041e-01
84 +8.296967842e+00 +8.296967842e+00 +1.323769678e+02 +1.323769678e+02 +4.4012e+00 +1.9617e+00 +1.7609e+00 +4.1839e+00 -3.0799e+00
309 +5.899859073e+00 +5.899859073e+00 +1.299798591e+02 +1.299798591e+02 +1.4904e+00 +1.6870e+00 +1.0602e+00 +3.2136e+00 -2.0523e+00
427 +2.353095029e+00 +2.353095029e+00 +1.264330950e+02 +1.264330950e+02 +4.4012e+00 +1.9617e+00 +1.4645e+00 +4.1839e+00 -3.0799e+00
3101 +1.571712143e+00 +1.571712143e+00 +1.256517121e+02 +1.256517121e+02 +4.4443e+00 +1.7078e+00 +1.5758e+00 +3.3822e+00 -2.7392e+00
28181 +4.912343161e-01 +4.912343161e-01 +1.245712343e+02 +1.245712343e+02 -3.2156e+00 -1.7049e-01 -3.1269e-01 +6.1688e-01 -3.0459e+00
28427 +2.341430417e-01 +2.341430417e-01 +1.243141430e+02 +1.243141430e+02 -3.9540e+00 -1.7049e-01 -3.1269e-01 +6.1688e-01 -3.0459e+00
28477 +7.047990891e-02 +7.047990891e-02 +1.241504799e+02 +1.241504799e+02 -2.5838e+00 -7.6661e-01 -1.8537e-01 -1.0422e+00 -3.5695e+00
28777 +4.263549592e-02 +4.263549592e-02 +1.241226355e+02 +1.241226355e+02 -2.8971e+00 -7.6661e-01 -1.8537e-01 -1.0422e+00 -3.5695e+00
28803 +2.978027122e-02 +2.978027122e-02 +1.241097803e+02 +1.241097803e+02 -3.8042e+00 -3.4069e-01 -2.1970e-01 +6.8859e-02 -3.2940e+00
29005 +1.484279182e-02 +1.484279182e-02 +1.240948428e+02 +1.240948428e+02 -4.2492e+00 -4.7564e-01 -2.1474e-01 -1.6246e-01 -3.2979e+00
29051 +5.956129042e-03 +5.956129042e-03 +1.240859561e+02 +1.240859561e+02 -4.1226e+00 -5.8422e-01 -2.1474e-01 -2.1100e-01 -3.2979e+00
29312 +7.824146900e-04 +7.824146900e-04 +1.240807824e+02 +1.240807824e+02 -3.3788e+00 -5.2597e-01 -1.9129e-01 -2.8893e-01 -3.2909e+00
29507 +1.892093192e-04 +1.892093192e-04 +1.240801892e+02 +1.240801892e+02 -3.3787e+00 -5.7111e-01 -1.1609e-01 -4.2395e-01 -3.3540e+00
29533 +7.766672221e-05 +7.766672221e-05 +1.240800777e+02 +1.240800777e+02 -3.4217e+00 -6.0193e-01 -1.9168e-01 -4.8763e-01 -3.3619e+00
29651 +2.621000606e-05 +2.621000606e-05 +1.240800262e+02 +1.240800262e+02 -3.4217e+00 -6.0193e-01 -1.9168e-01 -4.8763e-01 -3.3845e+00
29790 +1.906939133e-05 +1.906939133e-05 +1.240800191e+02 +1.240800191e+02 -3.5873e+00 -5.5153e-01 -2.1023e-01 -4.0613e-01 -3.3435e+00
29801 +6.561847641e-06 +6.561847641e-06 +1.240800066e+02 +1.240800066e+02 -3.5355e+00 -5.5153e-01 -2.0130e-01 -4.0613e-01 -3.3435e+00
29866 +1.072676937e-06 +1.072676937e-06 +1.240800011e+02 +1.240800011e+02 -3.5043e+00 -5.6923e-01 -1.9102e-01 -4.0798e-01 -3.3726e+00
29951 +3.957161709e-07 +3.957161709e-07 +1.240800004e+02 +1.240800004e+02 -3.5043e+00 -5.6815e-01 -2.0962e-01 -4.0798e-01 -3.3726e+00
30054 +1.634643496e-07 +1.634643496e-07 +1.240800002e+02 +1.240800002e+02 -3.5203e+00 -5.6971e-01 -1.9186e-01 -4.0415e-01 -3.3620e+00
30079 +1.298282370e-08 +1.298282370e-08 +1.240800000e+02 +1.240800000e+02 -3.5070e+00 -5.6996e-01 -2.0355e-01 -3.9731e-01 -3.3616e+00
30213 +9.171259308e-10 +9.171259308e-10 +1.240800000e+02 +1.240800000e+02 -3.5203e+00 -5.6980e-01 -2.0550e-01 -3.8781e-01 -3.3612e+00
% function evaluation | noise-free fitness - Fopt (-4.683100000000e+02) | best noise-free fitness - Fopt | measured fitness | best measured fitness | x1 | x2...
1 +5.217911247e+01 +5.217911247e+01 -4.161308875e+02 -4.161308875e+02 -6.7643e-01 -4.0196e+00 +2.2145e+00 +2.5362e+00 -2.3639e-01
4 +2.955378692e+01 +2.955378692e+01 -4.387562131e+02 -4.387562131e+02 -1.5350e+00 -1.8435e+00 -2.2781e+00 -3.1565e+00 +3.4521e-01
18 +2.358403343e+01 +2.358403343e+01 -4.447259666e+02 -4.447259666e+02 +2.5737e+00 +4.8415e+00 -4.3366e+00 +4.7773e+00 +4.0243e+00
66 +1.216190647e+01 +1.216190647e+01 -4.561480935e+02 -4.561480935e+02 +2.2221e+00 +7.8391e-01 -3.7644e+00 -2.6589e+00 -1.9495e+00
329 +4.375523608e+00 +4.375523608e+00 -4.639344764e+02 -4.639344764e+02 -2.6821e+00 +8.9403e-01 +5.2544e-01 -4.7524e+00 +1.1755e+00
838 +1.145210381e+00 +1.145210381e+00 -4.671647896e+02 -4.671647896e+02 -3.2716e+00 +6.2233e-01 +8.9877e-01 -4.3442e+00 +9.8797e-01
1106 +7.430966954e-01 +7.430966954e-01 -4.675669033e+02 -4.675669033e+02 -3.5430e+00 +2.0304e+00 +1.9496e+00 -3.4400e+00 +1.6879e+00
1307 +5.240733615e-01 +5.240733615e-01 -4.677859266e+02 -4.677859266e+02 -2.8081e+00 +1.3765e+00 +1.7800e+00 -4.1456e+00 +1.5539e+00
1903 +8.228857993e-02 +8.228857993e-02 -4.682277114e+02 -4.682277114e+02 -3.0298e+00 +1.4234e+00 +2.2295e+00 -3.2671e+00 +2.1246e+00
2126 +4.252866499e-02 +4.252866499e-02 -4.682674713e+02 -4.682674713e+02 -2.8750e+00 +8.4521e-01 +1.6062e+00 -3.9560e+00 +1.9158e+00
2280 +2.847874620e-02 +2.847874620e-02 -4.682815213e+02 -4.682815213e+02 -2.6066e+00 +1.1968e+00 +2.2186e+00 -3.6998e+00 +2.3319e+00
2585 +1.581302956e-02 +1.581302956e-02 -4.682941870e+02 -4.682941870e+02 -3.2079e+00 +1.1013e+00 +2.0640e+00 -3.4723e+00 +2.3776e+00
2784 +5.906765682e-04 +5.906765682e-04 -4.683094093e+02 -4.683094093e+02 -2.7671e+00 +1.0373e+00 +2.2186e+00 -3.6078e+00 +2.3411e+00
3128 +5.763618043e-05 +5.763618043e-05 -4.683099424e+02 -4.683099424e+02 -2.8480e+00 +1.1172e+00 +2.2612e+00 -3.5573e+00 +2.3988e+00
3201 +2.922300359e-05 +2.922300359e-05 -4.683099708e+02 -4.683099708e+02 -2.9100e+00 +1.1172e+00 +2.2612e+00 -3.5573e+00 +2.3223e+00
3232 +2.188576894e-05 +2.188576894e-05 -4.683099781e+02 -4.683099781e+02 -2.8774e+00 +1.0695e+00 +2.2567e+00 -3.5730e+00 +2.3433e+00
3317 +2.018515033e-06 +2.018515033e-06 -4.683099980e+02 -4.683099980e+02 -2.9164e+00 +1.0721e+00 +2.2564e+00 -3.5738e+00 +2.3773e+00
3656 +1.071482586e-06 +1.071482586e-06 -4.683099989e+02 -4.683099989e+02 -2.8971e+00 +1.0687e+00 +2.2423e+00 -3.5617e+00 +2.4101e+00
3665 +5.664059017e-07 +5.664059017e-07 -4.683099994e+02 -4.683099994e+02 -2.8876e+00 +1.0773e+00 +2.2576e+00 -3.5641e+00 +2.4097e+00
3834 +2.197272693e-07 +2.197272693e-07 -4.683099998e+02 -4.683099998e+02 -2.8727e+00 +1.0403e+00 +2.2591e+00 -3.5752e+00 +2.4121e+00
4033 +8.381516636e-08 +8.381516636e-08 -4.683099999e+02 -4.683099999e+02 -2.8882e+00 +1.0443e+00 +2.2423e+00 -3.5738e+00 +2.4164e+00
4130 +5.094477729e-08 +5.094477729e-08 -4.683099999e+02 -4.683099999e+02 -2.8802e+00 +1.0596e+00 +2.2612e+00 -3.5677e+00 +2.4171e+00
4207 +8.332108337e-09 +8.332108337e-09 -4.683100000e+02 -4.683100000e+02 -2.8901e+00 +1.0403e+00 +2.2571e+00 -3.5752e+00 +2.4182e+00
% function evaluation | noise-free fitness - Fopt (-6.062000000000e+01) | best noise-free fitness - Fopt | measured fitness | best measured fitness | x1 | x2...
1 +6.572986176e+01 +6.572986176e+01 +5.109861765e+00 +5.109861765e+00 -1.0953e+00 +4.2126e+00 +4.1454e-01 -2.8941e+00 -1.6508e+00
2 +6.141998001e+01 +6.141998001e+01 +7.999800062e-01 +7.999800062e-01 +2.5547e+00 -1.3092e+00 +4.0835e+00 -1.5610e+00 +2.3216e+00
3 +1.942921270e+01 +1.942921270e+01 -4.119078730e+01 -4.119078730e+01 +2.1177e+00 -1.3643e+00 +1.6771e+00 -1.9487e+00 -3.6387e+00
12 +1.150481165e+01 +1.150481165e+01 -4.911518835e+01 -4.911518835e+01 +7.9251e-01 -4.6805e+00 -1.8648e+00 -1.8935e+00 -4.4143e+00
226 +9.526426464e+00 +9.526426464e+00 -5.109357354e+01 -5.109357354e+01 +1.1633e+00 -3.8191e+00 +3.3526e-01 -9.1956e-01 -4.9358e+00
351 +4.486658176e+00 +4.486658176e+00 -5.613334182e+01 -5.613334182e+01 +1.1633e+00 -3.8191e+00 -2.8996e-01 -9.1956e-01 -4.9358e+00
383 +3.652887986e+00 +3.652887986e+00 -5.696711201e+01 -5.696711201e+01 +1.9704e+00 -4.2186e+00 -1.0983e+00 -5.3044e-01 -5.1175e+00
627 +1.912648904e+00 +1.912648904e+00 -5.870735110e+01 -5.870735110e+01 +1.9704e+00 -3.2857e+00 -1.0983e+00 -1.4991e+00 -4.8252e+00
1266 +1.541718985e+00 +1.541718985e+00 -5.907828102e+01 -5.907828102e+01 +1.7054e+00 -3.4217e+00 -9.3862e-01 -1.2074e+00 -4.6973e+00
6401 +9.367936849e-01 +9.367936849e-01 -5.968320632e+01 -5.968320632e+01 +4.0127e+00 +4.3116e+00 +4.0340e+00 -2.8368e+00 +3.0806e+00
6476 +3.877470999e-01 +3.877470999e-01 -6.023225290e+01 -6.023225290e+01 +2.7015e+00 +4.3116e+00 +4.0340e+00 -2.8368e+00 +3.0806e+00
6626 +1.319440122e-01 +1.319440122e-01 -6.048805599e+01 -6.048805599e+01 +2.7222e+00 +4.1052e+00 +4.0340e+00 -2.8368e+00 +3.0806e+00
6752 +7.104294990e-02 +7.104294990e-02 -6.054895705e+01 -6.054895705e+01 +3.2894e+00 +3.5954e+00 +3.5885e+00 -3.0374e+00 +2.6439e+00
7001 +4.781521440e-02 +4.781521440e-02 -6.057218479e+01 -6.057218479e+01 +3.0477e+00 +3.5017e+00 +3.9234e+00 -2.7746e+00 +2.6439e+00
7051 +3.803372402e-02 +3.803372402e-02 -6.058196628e+01 -6.058196628e+01 +3.0477e+00 +3.5017e+00 +3.9234e+00 -2.7746e+00 +2.8737e+00
7135 +1.652172015e-02 +1.652172015e-02 -6.060347828e+01 -6.060347828e+01 +4.0444e+00 +3.6714e+00 +3.9900e+00 -2.5703e+00 +2.3711e+00
7179 +8.803876638e-03 +8.803876638e-03 -6.061119612e+01 -6.061119612e+01 +3.6444e+00 +3.8175e+00 +4.0521e+00 -2.7566e+00 +2.5832e+00
7208 +3.654227846e-03 +3.654227846e-03 -6.061634577e+01 -6.061634577e+01 +3.4731e+00 +3.4566e+00 +3.8105e+00 -2.8596e+00 +2.7844e+00
7284 +9.480791777e-04 +9.480791777e-04 -6.061905192e+01 -6.061905192e+01 +3.6899e+00 +3.5212e+00 +3.7335e+00 -2.8400e+00 +2.6930e+00
7627 +3.878656942e-04 +3.878656942e-04 -6.061961213e+01 -6.061961213e+01 +3.9826e+00 +3.4907e+00 +3.8346e+00 -2.7557e+00 +2.5473e+00
7656 +1.808344700e-04 +1.808344700e-04 -6.061981917e+01 -6.061981917e+01 +3.7679e+00 +3.5323e+00 +3.8775e+00 -2.8125e+00 +2.6902e+00
7757 +7.170754010e-05 +7.170754010e-05 -6.061992829e+01 -6.061992829e+01 +3.8570e+00 +3.5623e+00 +3.9167e+00 -2.7602e+00 +2.5895e+00
7891 +2.572500109e-05 +2.572500109e-05 -6.061997427e+01 -6.061997427e+01 +3.8382e+00 +3.4739e+00 +3.8477e+00 -2.7671e+00 +2.6186e+00
7988 +2.510740085e-05 +2.510740085e-05 -6.061997489e+01 -6.061997489e+01 +3.8442e+00 +3.4644e+00 +3.8716e+00 -2.7522e+00 +2.6038e+00
8002 +1.602543705e-06 +1.602543705e-06 -6.061999840e+01 -6.061999840e+01 +3.8382e+00 +3.5025e+00 +3.8946e+00 -2.7342e+00 +2.6186e+00
8103 +1.495778548e-06 +1.495778548e-06 -6.061999850e+01 -6.061999850e+01 +3.7642e+00 +3.5504e+00 +3.9356e+00 -2.7018e+00 +2.6040e+00
8179 +2.567288746e-07 +2.567288746e-07 -6.061999974e+01 -6.061999974e+01 +3.7770e+00 +3.5532e+00 +3.9183e+00 -2.7243e+00 +2.6129e+00
8408 +1.913420604e-07 +1.913420604e-07 -6.061999981e+01 -6.061999981e+01 +3.7973e+00 +3.5261e+00 +3.9008e+00 -2.7242e+00 +2.6050e+00
8441 +1.601973310e-08 +1.601973310e-08 -6.061999998e+01 -6.061999998e+01 +3.7995e+00 +3.5319e+00 +3.9110e+00 -2.7321e+00 +2.6180e+00
8577 +1.194268862e-08 +1.194268862e-08 -6.061999999e+01 -6.061999999e+01 +3.7931e+00 +3.5395e+00 +3.9239e+00 -2.7238e+00 +2.6179e+00
8607 +9.197954398e-09 +9.197954398e-09 -6.061999999e+01 -6.061999999e+01 +3.7858e+00 +3.5316e+00 +3.9114e+00 -2.7206e+00 +2.6145e+00
% function evaluation | noise-free fitness - Fopt (2.864600000000e+02) | best noise-free fitness - Fopt | measured fitness | best measured fitness | x1 | x2...
1 +7.140715668e+01 +7.140715668e+01 +3.578671567e+02 +3.578671567e+02 +2.4845e+00 -2.5141e+00 -2.9746e+00 -4.3546e+00 +4.2079e+00
2 +4.624123155e+01 +4.624123155e+01 +3.327012316e+02 +3.327012316e+02 -4.3655e+00 -1.3966e+00 +4.8752e+00 -9.2535e-01 +1.8840e+00
3 +3.871695097e+01 +3.871695097e+01 +3.251769510e+02 +3.251769510e+02 -1.8203e+00 -4.5889e+00 +4.9341e+00 +2.9654e+00 -2.5413e+00
7 +1.884214149e+01 +1.884214149e+01 +3.053021415e+02 +3.053021415e+02 +2.2812e+00 -2.5379e+00 -1.1367e+00 -3.1228e+00 -2.5680e+00
16 +1.002134160e+01 +1.002134160e+01 +2.964813416e+02 +2.964813416e+02 +3.6400e+00 -3.0005e+00 +8.7295e-01 +2.1788e+00 +2.4244e+00
257 +8.040888674e+00 +8.040888674e+00 +2.945008887e+02 +2.945008887e+02 +4.0692e+00 -3.0945e+00 +2.9823e-01 +2.6152e+00 +2.6320e+00
431 +4.805854745e+00 +4.805854745e+00 +2.912658547e+02 +2.912658547e+02 +3.6025e+00 -3.6962e+00 -5.6027e-02 +2.3505e+00 +1.9741e+00
911 +3.858627063e+00 +3.858627063e+00 +2.903186271e+02 +2.903186271e+02 +4.5286e+00 -3.6375e+00 +2.4093e-04 +1.8134e+00 +1.5759e+00
1051 +2.323290605e+00 +2.323290605e+00 +2.887832906e+02 +2.887832906e+02 +4.8511e+00 -4.1762e+00 +3.9675e+00 +3.4112e+00 +3.8176e-02
7101 +4.094060110e-02 +4.094060110e-02 +2.865009406e+02 +2.865009406e+02 -4.0581e+00 +5.9052e-01 -3.6708e+00 +3.4755e+00 -2.2766e+00
7572 +1.925711704e-02 +1.925711704e-02 +2.864792571e+02 +2.864792571e+02 -3.6574e+00 +7.2054e-01 -3.2589e+00 +3.5555e+00 -2.1691e+00
7938 +1.054793873e-02 +1.054793873e-02 +2.864705479e+02 +2.864705479e+02 -3.6855e+00 +3.7591e-01 -3.5380e+00 +3.4292e+00 -1.6470e+00
7955 +3.624514966e-03 +3.624514966e-03 +2.864636245e+02 +2.864636245e+02 -3.7390e+00 +6.4350e-01 -3.5096e+00 +3.5618e+00 -2.0009e+00
8173 +3.619708592e-04 +3.619708592e-04 +2.864603620e+02 +2.864603620e+02 -3.6339e+00 +2.9050e-01 -3.3414e+00 +3.4317e+00 -1.7275e+00
8176 +1.931494556e-04 +1.931494556e-04 +2.864601931e+02 +2.864601931e+02 -3.5649e+00 +4.1669e-01 -3.3414e+00 +3.4317e+00 -1.7275e+00
8677 +2.803207877e-05 +2.803207877e-05 +2.864600280e+02 +2.864600280e+02 -3.6268e+00 +4.1669e-01 -3.3414e+00 +3.4317e+00 -1.7974e+00
8757 +1.347661168e-06 +1.347661168e-06 +2.864600013e+02 +2.864600013e+02 -3.7274e+00 +4.2589e-01 -3.3787e+00 +3.4747e+00 -1.9015e+00
8926 +5.817584565e-07 +5.817584565e-07 +2.864600006e+02 +2.864600006e+02 -3.7274e+00 +4.0515e-01 -3.3760e+00 +3.4747e+00 -1.9015e+00
9326 +1.751664058e-07 +1.751664058e-07 +2.864600002e+02 +2.864600002e+02 -3.7583e+00 +4.0495e-01 -3.3915e+00 +3.4616e+00 -1.9223e+00
9329 +7.904174026e-08 +7.904174026e-08 +2.864600001e+02 +2.864600001e+02 -3.7274e+00 +4.0515e-01 -3.3760e+00 +3.4661e+00 -1.9015e+00
9436 +1.814424877e-08 +1.814424877e-08 +2.864600000e+02 +2.864600000e+02 -3.7366e+00 +3.9597e-01 -3.3995e+00 +3.4708e+00 -1.9058e+00
9525 +2.427782420e-09 +2.427782420e-09 +2.864600000e+02 +2.864600000e+02 -3.7383e+00 +4.0483e-01 -3.3880e+00 +3.4698e+00 -1.9116e+00
% function evaluation | noise-free fitness - Fopt (1.134200000000e+02) | best noise-free fitness - Fopt | measured fitness | best measured fitness | x1 | x2...
1 +7.608615266e+01 +7.608615266e+01 +1.895061527e+02 +1.895061527e+02 +3.3485e+00 +3.2390e+00 +2.9869e+00 -4.8608e+00 -3.2994e+00
6 +2.940435102e+01 +2.940435102e+01 +1.428243510e+02 +1.428243510e+02 +3.7603e+00 -7.8694e-01 -2.7420e+00 -3.6200e+00 -4.8473e-01
8 +2.434754608e+01 +2.434754608e+01 +1.377675461e+02 +1.377675461e+02 -2.0465e+00 +1.7771e+00 +4.7420e-01 -7.3774e-01 -1.5593e+00
83 +8.034688192e+00 +8.034688192e+00 +1.214546882e+02 +1.214546882e+02 -3.2526e+00 -3.1063e+00 -2.0068e+00 -9.7059e-01 -4.4484e+00
942 +4.920724521e+00 +4.920724521e+00 +1.183407245e+02 +1.183407245e+02 -8.8194e-01 -1.9470e+00 -3.0319e+00 -3.6146e+00 +4.7210e+00
1326 +2.336585106e+00 +2.336585106e+00 +1.157565851e+02 +1.157565851e+02 -2.0455e+00 +3.0528e-01 -3.3023e+00 -3.3790e+00 +2.6532e+00
1586 +8.155728057e-01 +8.155728057e-01 +1.142355728e+02 +1.142355728e+02 -2.5335e+00 -1.2735e+00 -2.4147e+00 -3.1733e+00 +3.1721e+00
1780 +5.078776776e-01 +5.078776776e-01 +1.139278777e+02 +1.139278777e+02 -2.6074e+00 -1.2873e+00 -2.8767e+00 -3.4981e+00 +3.2696e+00
1879 +1.584108840e-01 +1.584108840e-01 +1.135784109e+02 +1.135784109e+02 -1.4844e+00 -1.0100e+00 -2.9249e+00 -3.4644e+00 +3.6389e+00
1927 +9.845677463e-02 +9.845677463e-02 +1.135184568e+02 +1.135184568e+02 -1.4844e+00 -1.0100e+00 -3.1842e+00 -3.5457e+00 +3.8911e+00
2630 +1.533661552e-02 +1.533661552e-02 +1.134353366e+02 +1.134353366e+02 -1.6249e+00 -8.1150e-01 -3.1878e+00 -3.5462e+00 +3.6467e+00
2703 +3.562889315e-03 +3.562889315e-03 +1.134235629e+02 +1.134235629e+02 -1.8074e+00 -8.5915e-01 -3.3023e+00 -3.6016e+00 +3.6040e+00
3111 +1.226103546e-03 +1.226103546e-03 +1.134212261e+02 +1.134212261e+02 -1.7157e+00 -6.0082e-01 -3.3827e+00 -3.7737e+00 +3.5532e+00
3133 +4.457569437e-04 +4.457569437e-04 +1.134204458e+02 +1.134204458e+02 -1.7753e+00 -6.5858e-01 -3.3761e+00 -3.7162e+00 +3.5253e+00
3310 +2.857110257e-04 +2.857110257e-04 +1.134202857e+02 +1.134202857e+02 -1.6233e+00 -7.1454e-01 -3.5015e+00 -3.7981e+00 +3.4444e+00
3435 +1.497173930e-04 +1.497173930e-04 +1.134201497e+02 +1.134201497e+02 -1.6813e+00 -6.9763e-01 -3.4927e+00 -3.7942e+00 +3.4604e+00
3512 +9.263750842e-05 +9.263750842e-05 +1.134200926e+02 +1.134200926e+02 -1.7052e+00 -7.8155e-01 -3.4363e+00 -3.7474e+00 +3.4961e+00
3834 +2.721271760e-05 +2.721271760e-05 +1.134200272e+02 +1.134200272e+02 -1.6939e+00 -7.5255e-01 -3.4574e+00 -3.7404e+00 +3.4650e+00
3908 +4.610353258e-06 +4.610353258e-06 +1.134200046e+02 +1.134200046e+02 -1.7249e+00 -7.5452e-01 -3.4222e+00 -3.7032e+00 +3.4563e+00
4014 +1.470146842e-06 +1.470146842e-06 +1.134200015e+02 +1.134200015e+02 -1.7104e+00 -7.3453e-01 -3.4735e+00 -3.7055e+00 +3.3819e+00
4129 +8.758507164e-07 +8.758507164e-07 +1.134200009e+02 +1.134200009e+02 -1.7180e+00 -7.0878e-01 -3.4883e+00 -3.7204e+00 +3.3869e+00
4505 +4.121807251e-08 +4.121807251e-08 +1.134200000e+02 +1.134200000e+02 -1.7424e+00 -7.4768e-01 -3.4418e+00 -3.6910e+00 +3.4017e+00
4576 +1.226376867e-08 +1.226376867e-08 +1.134200000e+02 +1.134200000e+02 -1.7424e+00 -7.4768e-01 -3.4418e+00 -3.6910e+00 +3.3976e+00
4977 +9.856250927e-09 +9.856250927e-09 +1.134200000e+02 +1.134200000e+02 -1.7430e+00 -7.4768e-01 -3.4418e+00 -3.6941e+00 +3.3976e+00
4985 +9.833343029e-10 +9.833343029e-10 +1.134200000e+02 +1.134200000e+02 -1.7446e+00 -7.3996e-01 -3.4471e+00 -3.6930e+00 +3.3901e+00
% function evaluation | noise-free fitness - Fopt (-1.958600000000e+02) | best noise-free fitness - Fopt | measured fitness | best measured fitness | x1 | x2...
1 +7.064327308e+01 +7.064327308e+01 -1.252167269e+02 -1.252167269e+02 +2.2571e+00 -2.8685e+00 +4.3545e+00 +4.2033e+00 -3.4872e+00
2 +1.853165555e+01 +1.853165555e+01 -1.773283444e+02 -1.773283444e+02 -4.7023e+00 +2.7011e+00 -2.7667e+00 +2.0605e-01 +1.4776e+00
57 +1.092401323e+01 +1.092401323e+01 -1.849359868e+02 -1.849359868e+02 -4.5576e-01 -5.3443e-01 -3.0597e+00 +2.4442e+00 +2.7558e+00
156 +6.407346547e+00 +6.407346547e+00 -1.894526535e+02 -1.894526535e+02 -3.2735e+00 +8.7626e-01 -4.2753e-01 +2.7753e+00 -1.3727e+00
176 +5.611669679e+00 +5.611669679e+00 -1.902483303e+02 -1.902483303e+02 -2.8582e+00 +8.7626e-01 -1.0176e+00 +2.7753e+00 -1.3727e+00
751 +3.212805114e+00 +3.212805114e+00 -1.926471949e+02 -1.926471949e+02 -2.8582e+00 +1.0431e+00 -3.8434e-01 +2.7753e+00 -1.3727e+00
1276 +2.159077880e+00 +2.159077880e+00 -1.937009221e+02 -1.937009221e+02 -2.8582e+00 +1.0431e+00 -3.8434e-01 +3.0618e+00 -1.3727e+00
3277 +1.541199171e+00 +1.541199171e+00 -1.943188008e+02 -1.943188008e+02 -1.3080e+00 +1.5686e+00 -5.5535e-02 +2.7860e+00 -1.1393e+00
31117 +1.398267842e-01 +1.398267842e-01 -1.957201732e+02 -1.957201732e+02 +9.6009e-01 -3.5604e+00 -2.3578e+00 -3.7283e+00 -1.4408e+00
32407 +2.185693600e-02 +2.185693600e-02 -1.958381431e+02 -1.958381431e+02 +7.1766e-01 -3.3243e+00 -2.6369e+00 -3.9570e+00 -1.6578e+00
32680 +6.641792028e-03 +6.641792028e-03 -1.958533582e+02 -1.958533582e+02 +6.3525e-01 -3.3739e+00 -2.7490e+00 -4.0738e+00 -1.3521e+00
32926 +3.606631940e-03 +3.606631940e-03 -1.958563934e+02 -1.958563934e+02 +6.3525e-01 -3.3059e+00 -2.7490e+00 -4.0509e+00 -1.3521e+00
32953 +1.252512764e-03 +1.252512764e-03 -1.958587475e+02 -1.958587475e+02 +7.6060e-01 -3.4585e+00 -2.6274e+00 -3.9280e+00 -1.2866e+00
33112 +6.881286090e-04 +6.881286090e-04 -1.958593119e+02 -1.958593119e+02 +7.2546e-01 -3.2367e+00 -2.7304e+00 -3.9854e+00 -1.3819e+00
33262 +2.762787388e-04 +2.762787388e-04 -1.958597237e+02 -1.958597237e+02 +6.8826e-01 -3.2763e+00 -2.8275e+00 -4.0118e+00 -1.4936e+00
33554 +5.977697043e-05 +5.977697043e-05 -1.958599402e+02 -1.958599402e+02 +7.1570e-01 -3.2367e+00 -2.8333e+00 -3.9912e+00 -1.5358e+00
33631 +2.773708306e-05 +2.773708306e-05 -1.958599723e+02 -1.958599723e+02 +8.0692e-01 -3.3681e+00 -2.8825e+00 -3.9603e+00 -1.5171e+00
33834 +6.782733948e-06 +6.782733948e-06 -1.958599932e+02 -1.958599932e+02 +7.9732e-01 -3.3339e+00 -2.8787e+00 -3.9775e+00 -1.5176e+00
33876 +2.383382736e-06 +2.383382736e-06 -1.958599976e+02 -1.958599976e+02 +7.8264e-01 -3.3339e+00 -2.8787e+00 -3.9775e+00 -1.5047e+00
33962 +5.057697194e-08 +5.057697194e-08 -1.958599999e+02 -1.958599999e+02 +7.6688e-01 -3.3116e+00 -2.8481e+00 -3.9886e+00 -1.4966e+00
34227 +3.081930799e-08 +3.081930799e-08 -1.958600000e+02 -1.958600000e+02 +7.7262e-01 -3.3203e+00 -2.8604e+00 -3.9908e+00 -1.5050e+00
34251 +1.405805961e-08 +1.405805961e-08 -1.958600000e+02 -1.958600000e+02 +7.6935e-01 -3.3203e+00 -2.8604e+00 -3.9908e+00 -1.5050e+00
34331 +1.276958983e-09 +1.276958983e-09 -1.958600000e+02 -1.958600000e+02 +7.7329e-01 -3.3250e+00 -2.8589e+00 -3.9990e+00 -1.5036e+00
% function evaluation | noise-free fitness - Fopt (-5.760000000000e+00) | best noise-free fitness - Fopt | measured fitness | best measured fitness | x1 | x2...
1 +7.002513040e+01 +7.002513040e+01 +6.426513040e+01 +6.426513040e+01 +4.3446e+00 -3.1379e+00 -1.3336e+00 -4.2404e+00 +4.9141e+00
2 +6.144620754e+01 +6.144620754e+01 +5.568620754e+01 +5.568620754e+01 -1.3349e+00 +3.4589e+00 +3.5689e+00 -6.4759e-01 +1.9391e+00
12 +3.733300039e+01 +3.733300039e+01 +3.157300039e+01 +3.157300039e+01 -1.7432e+00 -1.2322e-01 +9.9688e-02 +3.5481e+00 +3.2478e-01
15 +2.352462873e+01 +2.352462873e+01 +1.776462873e+01 +1.776462873e+01 +4.6397e+00 -2.8981e+00 +1.0737e+00 -6.8099e-01 +1.3867e+00
62 +1.255371266e+01 +1.255371266e+01 +6.793712657e+00 +6.793712657e+00 +4.1688e+00 -2.4762e+00 -8.6878e-01 -1.0925e+00 +2.4095e+00
131 +3.253464636e+00 +3.253464636e+00 -2.506535364e+00 -2.506535364e+00 +3.4356e+00 -1.9669e+00 +2.4875e-01 -1.7127e+00 +1.4226e+00
282 +2.185052638e+00 +2.185052638e+00 -3.574947362e+00 -3.574947362e+00 +4.1688e+00 -2.4762e+00 +1.6669e+00 -1.6678e+00 +2.4095e+00
648 +6.675588525e-01 +6.675588525e-01 -5.092441148e+00 -5.092441148e+00 +3.1318e+00 -2.3445e-01 +2.4038e-01 -1.9294e+00 +2.4424e+00
654 +5.179207482e-01 +5.179207482e-01 -5.242079252e+00 -5.242079252e+00 +3.5405e+00 -1.7173e+00 +1.2566e+00 -1.4730e+00 +2.6115e+00
879 +3.673930709e-02 +3.673930709e-02 -5.723260693e+00 -5.723260693e+00 +3.4565e+00 -1.7173e+00 -1.2418e-01 -1.4730e+00 +2.6115e+00
1037 +2.371347070e-02 +2.371347070e-02 -5.736286529e+00 -5.736286529e+00 +3.5508e+00 -1.6646e+00 +4.9900e-01 -1.4695e+00 +2.4976e+00
1177 +1.311783275e-02 +1.311783275e-02 -5.746882167e+00 -5.746882167e+00 +3.3967e+00 -1.7173e+00 +2.0401e-01 -1.5967e+00 +2.6670e+00
1179 +3.706018653e-03 +3.706018653e-03 -5.756293981e+00 -5.756293981e+00 +3.5390e+00 -1.7322e+00 +2.6894e-02 -1.5882e+00 +2.4892e+00
1352 +9.365395091e-04 +9.365395091e-04 -5.759063460e+00 -5.759063460e+00 +3.3237e+00 -1.3857e+00 -9.3397e-03 -1.7041e+00 +2.6670e+00
1465 +5.000436910e-04 +5.000436910e-04 -5.759499956e+00 -5.759499956e+00 +3.4153e+00 -1.3867e+00 -1.4922e-01 -1.8034e+00 +2.5548e+00
1532 +1.710459077e-04 +1.710459077e-04 -5.759828954e+00 -5.759828954e+00 +3.3854e+00 -1.3870e+00 -1.5075e-02 -1.7176e+00 +2.6700e+00
1584 +1.357074398e-04 +1.357074398e-04 -5.759864293e+00 -5.759864293e+00 +3.4361e+00 -1.3965e+00 +1.4987e-02 -1.6998e+00 +2.6247e+00
1604 +3.868219494e-05 +3.868219494e-05 -5.759961318e+00 -5.759961318e+00 +3.4153e+00 -1.4525e+00 +6.1437e-02 -1.7414e+00 +2.5548e+00
1703 +1.229404147e-05 +1.229404147e-05 -5.759987706e+00 -5.759987706e+00 +3.4173e+00 -1.3624e+00 -1.5044e-02 -1.7919e+00 +2.6295e+00
1779 +4.972847482e-06 +4.972847482e-06 -5.759995027e+00 -5.759995027e+00 +3.4162e+00 -1.4096e+00 +6.1437e-02 -1.7414e+00 +2.5904e+00
1783 +1.162588836e-06 +1.162588836e-06 -5.759998837e+00 -5.759998837e+00 +3.3854e+00 -1.3870e+00 +2.5852e-03 -1.7176e+00 +2.5840e+00
2003 +4.881127200e-07 +4.881127200e-07 -5.759999512e+00 -5.759999512e+00 +3.3997e+00 -1.4011e+00 +3.1465e-02 -1.7195e+00 +2.6092e+00
2279 +3.137149998e-07 +3.137149998e-07 -5.759999686e+00 -5.759999686e+00 +3.3991e+00 -1.4234e+00 +1.3309e-02 -1.7335e+00 +2.5930e+00
2304 +2.447576737e-07 +2.447576737e-07 -5.759999755e+00 -5.759999755e+00 +3.3993e+00 -1.4011e+00 +3.1465e-02 -1.7195e+00 +2.5924e+00
2401 +4.333013148e-08 +4.333013148e-08 -5.759999957e+00 -5.759999957e+00 +3.4116e+00 -1.4282e+00 +3.0502e-02 -1.7236e+00 +2.5871e+00
2490 +3.578229002e-08 +3.578229002e-08 -5.759999964e+00 -5.759999964e+00 +3.4134e+00 -1.4337e+00 +2.0672e-02 -1.7305e+00 +2.5921e+00
2529 +1.513776837e-08 +1.513776837e-08 -5.759999985e+00 -5.759999985e+00 +3.4016e+00 -1.4022e+00 +9.6697e-03 -1.7286e+00 +2.5917e+00
2632 +1.513289938e-09 +1.513289938e-09 -5.759999998e+00 -5.759999998e+00 +3.4027e+00 -1.4095e+00 +1.3212e-02 -1.7325e+00 +2.5945e+00
% function evaluation | noise-free fitness - Fopt (-4.986500000000e+02) | best noise-free fitness - Fopt | measured fitness | best measured fitness | x1 | x2...
1 +7.056411318e+01 +7.056411318e+01 -4.280858868e+02 -4.280858868e+02 -1.0719e-02 -3.5287e+00 -4.0472e+00 +1.4507e+00 -2.3122e+00
2 +4.593317089e+01 +4.593317089e+01 -4.527168291e+02 -4.527168291e+02 -5.3805e-01 -4.6927e+00 -4.2922e+00 +4.2432e+00 -3.1917e+00
5 +2.713561088e+01 +2.713561088e+01 -4.715143891e+02 -4.715143891e+02 +1.1299e+00 -3.1484e+00 +3.4610e+00 +1.3725e+00 +4.1518e+00
82 +2.148685090e+01 +2.148685090e+01 -4.771631491e+02 -4.771631491e+02 +1.3949e+00 -2.7873e-01 +4.7198e+00 +2.0042e+00 -8.8372e-01
152 +8.291272893e+00 +8.291272893e+00 -4.903587271e+02 -4.903587271e+02 +1.1299e+00 -3.1484e+00 +3.4610e+00 +1.7839e+00 +4.1518e+00
1031 +4.670330151e+00 +4.670330151e+00 -4.939796698e+02 -4.939796698e+02 -9.2633e-01 -3.7219e+00 +2.0560e-01 +1.2551e+00 -2.1145e+00
1326 +1.969349900e+00 +1.969349900e+00 -4.966806501e+02 -4.966806501e+02 -9.2633e-01 -3.7219e+00 -5.5820e-01 +1.2551e+00 -2.1145e+00
3502 +1.584765636e+00 +1.584765636e+00 -4.970652344e+02 -4.970652344e+02 -1.2155e+00 -3.7935e+00 -1.0485e+00 +1.0800e+00 -1.6219e+00
12883 +9.091152621e-01 +9.091152621e-01 -4.977408847e+02 -4.977408847e+02 -1.6733e+00 +1.6359e+00 -1.9300e+00 +5.5329e-02 -4.4614e+00
13001 +6.000149634e-01 +6.000149634e-01 -4.980499850e+02 -4.980499850e+02 -1.4530e+00 +1.7140e+00 -1.8360e+00 +1.0697e-03 -4.3940e+00
13051 +2.505150578e-01 +2.505150578e-01 -4.983994849e+02 -4.983994849e+02 -1.4530e+00 +1.3458e+00 -1.8360e+00 -5.4323e-02 -4.3940e+00
13101 +1.159912110e-01 +1.159912110e-01 -4.985340088e+02 -4.985340088e+02 -1.3198e+00 +1.1705e+00 -1.7793e+00 -5.4323e-02 -4.3940e+00
13277 +5.047707595e-02 +5.047707595e-02 -4.985995229e+02 -4.985995229e+02 -1.1180e+00 +1.1176e+00 -1.6775e+00 -3.5124e-01 -4.3994e+00
13376 +2.544988887e-02 +2.544988887e-02 -4.986245501e+02 -4.986245501e+02 -1.1180e+00 +1.1176e+00 -1.6775e+00 -3.5124e-01 -4.3309e+00
13531 +3.666210549e-03 +3.666210549e-03 -4.986463338e+02 -4.986463338e+02 -1.0119e+00 +1.0654e+00 -1.6194e+00 -4.2961e-01 -4.1166e+00
13701 +2.258334548e-03 +2.258334548e-03 -4.986477417e+02 -4.986477417e+02 -1.0119e+00 +1.0766e+00 -1.4990e+00 -5.4184e-01 -4.1166e+00
13806 +6.250176718e-04 +6.250176718e-04 -4.986493750e+02 -4.986493750e+02 -1.0700e+00 +1.1145e+00 -1.5616e+00 -5.4923e-01 -4.0564e+00
13836 +3.162986608e-04 +3.162986608e-04 -4.986496837e+02 -4.986496837e+02 -1.1029e+00 +1.0382e+00 -1.4780e+00 -6.0925e-01 -3.9363e+00
13930 +3.948987205e-05 +3.948987205e-05 -4.986499605e+02 -4.986499605e+02 -1.1916e+00 +1.0854e+00 -1.4603e+00 -6.5129e-01 -3.9455e+00
14103 +1.753809227e-05 +1.753809227e-05 -4.986499825e+02 -4.986499825e+02 -1.2297e+00 +1.1501e+00 -1.4449e+00 -6.9794e-01 -3.8983e+00
14126 +7.641429818e-06 +7.641429818e-06 -4.986499924e+02 -4.986499924e+02 -1.1362e+00 +1.1457e+00 -1.4725e+00 -6.7297e-01 -3.8983e+00
14301 +1.771449604e-06 +1.771449604e-06 -4.986499982e+02 -4.986499982e+02 -1.1404e+00 +1.1457e+00 -1.4784e+00 -7.2931e-01 -3.9102e+00
14507 +1.235655986e-06 +1.235655986e-06 -4.986499988e+02 -4.986499988e+02 -1.1426e+00 +1.1367e+00 -1.4606e+00 -7.1698e-01 -3.8990e+00
14552 +5.316366583e-07 +5.316366583e-07 -4.986499995e+02 -4.986499995e+02 -1.1604e+00 +1.1515e+00 -1.4535e+00 -7.4992e-01 -3.8736e+00
14654 +2.083524464e-07 +2.083524464e-07 -4.986499998e+02 -4.986499998e+02 -1.1618e+00 +1.1585e+00 -1.4793e+00 -7.1420e-01 -3.8959e+00
14805 +4.170846069e-08 +4.170846069e-08 -4.986500000e+02 -4.986500000e+02 -1.1686e+00 +1.1700e+00 -1.4704e+00 -7.2281e-01 -3.8840e+00
14905 +1.276549710e-08 +1.276549710e-08 -4.986500000e+02 -4.986500000e+02 -1.1715e+00 +1.1757e+00 -1.4675e+00 -7.3402e-01 -3.8721e+00
14914 +4.229661954e-09 +4.229661954e-09 -4.986500000e+02 -4.986500000e+02 -1.1661e+00 +1.1656e+00 -1.4674e+00 -7.3318e-01 -3.8774e+00
% function evaluation | noise-free fitness - Fopt (-4.286000000000e+01) | best noise-free fitness - Fopt | measured fitness | best measured fitness | x1 | x2...
1 +4.779639331e+01 +4.779639331e+01 +4.936393312e+00 +4.936393312e+00 -1.7321e+00 -3.1261e+00 +1.7073e+00 +2.2434e+00 -8.6019e-01
3 +1.066204700e+01 +1.066204700e+01 -3.219795300e+01 -3.219795300e+01 -1.5334e+00 -2.0099e+00 -2.5374e-01 -2.8170e+00 -2.0249e-01
122 +9.093887442e+00 +9.093887442e+00 -3.376611256e+01 -3.376611256e+01 +2.3911e+00 -1.6608e+00 +1.7791e-02 +2.0954e+00 -4.7460e-01
126 +5.047286354e+00 +5.047286354e+00 -3.781271365e+01 -3.781271365e+01 +2.3911e+00 -8.6209e-01 +1.7791e-02 +1.4627e+00 -4.7460e-01
455 +3.697363822e-01 +3.697363822e-01 -4.249026362e+01 -4.249026362e+01 +2.4790e+00 -1.5331e+00 +1.5486e+00 +2.0730e+00 -5.9970e-01
1152 +1.597227518e-01 +1.597227518e-01 -4.270027725e+01 -4.270027725e+01 +3.1056e+00 -1.0923e+00 +1.3106e+00 +2.1583e+00 -9.4517e-01
1355 +1.242039570e-01 +1.242039570e-01 -4.273579604e+01 -4.273579604e+01 +1.9325e+00 -1.6201e+00 +9.9960e-01 +2.4010e+00 -3.2626e-02
1801 +2.566973587e-02 +2.566973587e-02 -4.283433026e+01 -4.283433026e+01 +2.4321e+00 -1.1933e+00 +1.0260e+00 +1.6069e+00 -1.0015e-01
1861 +8.870355994e-04 +8.870355994e-04 -4.285911296e+01 -4.285911296e+01 +2.3946e+00 -9.1351e-01 +1.0112e+00 +1.8774e+00 +9.9155e-02
2597 +2.015506250e-04 +2.015506250e-04 -4.285979845e+01 -4.285979845e+01 +2.4698e+00 -1.0881e+00 +1.1421e+00 +1.9689e+00 -1.4651e-01
2626 +8.194846401e-05 +8.194846401e-05 -4.285991805e+01 -4.285991805e+01 +2.5273e+00 -1.0881e+00 +1.1878e+00 +1.9276e+00 -1.4651e-01
2726 +5.343764278e-05 +5.343764278e-05 -4.285994656e+01 -4.285994656e+01 +2.5220e+00 -1.0470e+00 +1.1777e+00 +1.8774e+00 -6.1268e-02
2730 +7.542761118e-06 +7.542761118e-06 -4.285999246e+01 -4.285999246e+01 +2.4923e+00 -1.0184e+00 +1.1273e+00 +1.8816e+00 -2.7476e-02
2814 +3.154115745e-06 +3.154115745e-06 -4.285999685e+01 -4.285999685e+01 +2.4866e+00 -1.0420e+00 +1.1422e+00 +1.8992e+00 -4.4037e-02
2986 +1.645371817e-06 +1.645371817e-06 -4.285999835e+01 -4.285999835e+01 +2.4129e+00 -1.0881e+00 +1.1072e+00 +1.9340e+00 -1.4137e-02
3206 +1.475177257e-06 +1.475177257e-06 -4.285999852e+01 -4.285999852e+01 +2.3796e+00 -1.0669e+00 +1.0921e+00 +1.9280e+00 +5.9890e-02
3229 +2.412004392e-07 +2.412004392e-07 -4.285999976e+01 -4.285999976e+01 +2.4030e+00 -1.0625e+00 +1.1027e+00 +1.9121e+00 +1.6801e-02
3605 +7.153480652e-08 +7.153480652e-08 -4.285999993e+01 -4.285999993e+01 +2.4195e+00 -1.0389e+00 +1.1117e+00 +1.9055e+00 +3.3977e-02
3651 +5.117968271e-08 +5.117968271e-08 -4.285999995e+01 -4.285999995e+01 +2.4195e+00 -1.0514e+00 +1.1117e+00 +1.9055e+00 +3.3977e-02
3838 +3.053536091e-09 +3.053536091e-09 -4.286000000e+01 -4.286000000e+01 +2.4203e+00 -1.0625e+00 +1.1113e+00 +1.9145e+00 +1.5437e-02
