% function evaluation | noise-free fitness - Fopt (-1.694000000000e+01) | best noise-free fitness - Fopt | measured fitness | best measured fitness | x1 | x2...
1 +7.498069005e+01 +7.498069005e+01 +5.804069005e+01 +5.804069005e+01 +3.9711e+00 +1.1156e-01 -3.7006e+00 -1.4310e+00 +4.4565e+00 -3.4356e+00 +3.5231e+00 +7.6367e-01 +1.2221e-01 +4.4594e+00
24 +4.931739453e+01 +4.931739453e+01 +3.237739453e+01 +3.237739453e+01 +4.7503e+00 +4.6573e-01 -6.1645e-01 +3.6039e+00 +3.1824e+00 +3.7320e+00 +4.8193e+00 -2.2468e+00 -2.1183e+00 -4.5245e+00
46 +2.950553756e+01 +2.950553756e+01 +1.256553756e+01 +1.256553756e+01 +5.0000e+00 +8.3001e-01 +1.1233e-01 +7.5601e-02 +1.2864e+00 -9.7830e-01 +2.4753e+00 -4.9722e+00 -1.7519e+00 -5.0000e+00
282 +1.752052007e+01 +1.752052007e+01 +5.805200693e-01 +5.805200693e-01 +4.8552e+00 +3.3325e+00 -1.1541e+00 -5.3466e-01 +2.1661e+00 -2.3985e+00 +4.4967e+00 -1.9357e+00 -2.4196e+00 -1.5042e+00
484 +1.424816195e+01 +1.424816195e+01 -2.691838051e+00 -2.691838051e+00 +4.9510e+00 +2.6319e+00 -2.0370e+00 +2.5644e+00 +1.7505e+00 -2.5692e-01 +3.8489e+00 -2.5554e+00 -1.2015e+00 -2.6763e+00
1041 +7.924774939e+00 +7.924774939e+00 -9.015225061e+00 -9.015225061e+00 +4.7905e+00 +3.0804e+00 -2.3498e+00 +3.1241e-01 +1.6949e+00 -2.7976e+00 +4.2674e+00 -2.2896e+00 -8.9359e-01 -1.8299e+00
1439 +5.887622262e+00 +5.887622262e+00 -1.105237774e+01 -1.105237774e+01 +4.6382e+00 +2.8373e+00 -1.8200e+00 +7.1001e-01 +1.4965e+00 -9.4046e-01 +3.7860e+00 -2.6118e+00 -9.0061e-01 -1.3105e+00
2322 +3.838290337e+00 +3.838290337e+00 -1.310170966e+01 -1.310170966e+01 +4.3535e+00 +2.6817e+00 -2.6597e+00 +1.1366e+00 +6.2224e-01 -2.0257e+00 +3.0500e+00 -1.7944e+00 -7.1711e-01 -1.5301e+00
2600 +2.507900477e+00 +2.507900477e+00 -1.443209952e+01 -1.443209952e+01 +4.6746e+00 +2.7468e+00 -1.8613e+00 +1.0310e+00 +5.6760e-01 -1.7913e+00 +3.7076e+00 -1.8240e+00 -7.2924e-01 -1.5136e+00
% function evaluation | noise-free fitness - Fopt (1.881000000000e+01) | best noise-free fitness - Fopt | measured fitness | best measured fitness | x1 | x2...
1 +1.470770965e+02 +1.470770965e+02 +1.658870965e+02 +1.658870965e+02 -2.9338e+00 -4.9669e+00 +2.5037e+00 +3.4193e+00 +3.3774e+00 +2.6993e+00 -4.4119e+00 +2.1155e+00 -2.0725e+00 -3.7587e+00
2 +6.195126451e+01 +6.195126451e+01 +8.076126451e+01 +8.076126451e+01 +1.4391e+00 +1.5630e+00 -6.0269e-01 -1.1604e+00 -7.5658e-01 +1.1081e+00 +2.1249e+00 +1.6577e+00 -1.3413e+00 -4.9262e+00
46 +3.668550427e+01 +3.668550427e+01 +5.549550427e+01 +5.549550427e+01 -1.6597e+00 -2.1436e+00 -9.1206e-01 -3.0929e+00 -6.1492e-01 -2.7942e+00 +2.7375e+00 -1.9282e-01 +7.5858e-01 +3.7131e+00
120 +2.297626642e+01 +2.297626642e+01 +4.178626642e+01 +4.178626642e+01 -2.8330e+00 +0.0000e+00 -3.4253e+00 -2.0448e+00 +2.5283e+00 -1.9245e+00 +3.4038e+00 -2.0521e+00 +2.6065e+00 +2.5777e+00
503 +1.229173288e+01 +1.229173288e+01 +3.110173288e+01 +3.110173288e+01 -8.2520e-01 +9.9401e-02 -2.2211e+00 -7.2235e-01 +9.6050e-01 -4.6707e+00 +2.0200e+00 -3.7286e-01 +7.6287e-01 +3.6363e+00
1228 +7.921065027e+00 +7.921065027e+00 +2.673106503e+01 +2.673106503e+01 -4.6888e-01 +8.5927e-01 -2.3547e+00 -1.4801e-01 +9.0781e-01 -3.6211e+00 +2.9156e-01 +5.9775e-01 +1.2450e+00 +3.4782e+00
1506 +4.229548608e+00 +4.229548608e+00 +2.303954861e+01 +2.303954861e+01 -9.4537e-01 +6.0247e-01 -1.7766e+00 +3.8157e-01 +1.4488e+00 -2.8953e+00 +4.0080e-01 -1.3333e-01 +9.5000e-01 +2.4900e+00
2349 +3.749414073e+00 +3.749414073e+00 +2.255941407e+01 +2.255941407e+01 -9.5098e-01 +1.0098e+00 -1.1062e+00 -3.3893e-01 +1.5222e+00 -3.0001e+00 +2.9795e-01 -1.4487e-01 +1.3905e+00 +3.1996e+00
2953 +2.226487595e+00 +2.226487595e+00 +2.103648759e+01 +2.103648759e+01 -9.8426e-01 +1.1226e+00 -1.7260e+00 -5.4407e-01 +1.3687e+00 -3.7340e+00 +5.9691e-01 +9.5790e-03 +9.8242e-01 +2.0387e+00
3361 +1.497592900e+00 +1.497592900e+00 +2.030759290e+01 +2.030759290e+01 -1.4334e+00 +1.1410e+00 -1.8360e+00 -2.1536e-01 +1.6386e+00 -3.6705e+00 +7.0588e-01 -2.0320e-01 +1.0486e+00 +2.5028e+00
3693 +9.449131710e-01 +9.449131710e-01 +1.975491317e+01 +1.975491317e+01 -1.3790e+00 +1.1371e+00 -1.8176e+00 -2.0809e-01 +1.6077e+00 -3.6818e+00 +7.0703e-01 -2.0386e-01 +1.0239e+00 +2.5483e+00
% function evaluation | noise-free fitness - Fopt (2.731500000000e+02) | best noise-free fitness - Fopt | measured fitness | best measured fitness | x1 | x2...
1 +9.719436517e+01 +9.719436517e+01 +3.703443652e+02 +3.703443652e+02 -2.6872e+00 +2.8927e+00 +3.6248e+00 +3.4432e+00 -3.9587e-01 -3.4565e+00 +3.5767e+00 -3.8117e+00 -1.8132e+00 -4.1203e+00
8 +5.758029613e+01 +5.758029613e+01 +3.307302961e+02 +3.307302961e+02 -2.1225e+00 +4.6751e+00 -1.8426e+00 +1.8955e+00 -4.5641e+00 +4.6790e+00 +3.2033e-01 -1.8460e+00 -3.9134e+00 -1.9510e+00
42 +3.814272418e+01 +3.814272418e+01 +3.112927242e+02 +3.112927242e+02 -3.5780e+00 +5.0000e+00 -3.0215e+00 -8.6695e-01 -2.3502e+00 -4.6788e+00 +2.9576e-01 -8.1860e-01 -4.3551e+00 -1.4827e+00
109 +2.303979008e+01 +2.303979008e+01 +2.961897901e+02 +2.961897901e+02 -4.8787e+00 +4.9664e+00 -2.4919e+00 +0.0000e+00 -1.5743e+00 -4.3914e+00 +1.4342e-01 -1.5954e+00 -5.0000e+00 -8.3585e-01
361 +1.342647709e+01 +1.342647709e+01 +2.865764771e+02 +2.865764771e+02 -4.8687e+00 +3.3135e+00 +5.9397e-02 +3.4177e+00 -2.1935e+00 -4.3797e+00 +9.5952e-02 -2.7840e+00 -5.0000e+00 +1.5716e-01
1900 +9.979509951e+00 +9.979509951e+00 +2.831295100e+02 +2.831295100e+02 -4.9968e+00 +4.1254e+00 -1.8406e+00 +3.4372e+00 -2.6807e-01 -4.9512e+00 +2.0234e-01 -3.2308e+00 -5.0000e+00 +2.0525e-01
3511 +6.236862076e+00 +6.236862076e+00 +2.793868621e+02 +2.793868621e+02 -4.9995e+00 +3.3469e+00 -8.5885e-01 +2.5000e+00 +0.0000e+00 -4.7567e+00 +2.8415e-01 -1.8814e+00 -3.7500e+00 +2.1447e+00
% function evaluation | noise-free fitness - Fopt (3.718000000000e+01) | best noise-free fitness - Fopt | measured fitness | best measured fitness | x1 | x2...
1 +2.202527872e+02 +2.202527872e+02 +2.574327872e+02 +2.574327872e+02 +3.5479e+00 -1.9639e-01 +2.9316e+00 +2.9108e+00 -2.0414e+00 +3.1593e+00 +2.9778e+00 +3.2765e+00 +3.1930e+00 +4.0165e+00
3 +1.375788881e+02 +1.375788881e+02 +1.747588881e+02 +1.747588881e+02 -1.8043e+00 +2.6918e+00 -2.1483e-01 +1.5876e+00 +1.8795e+00 -4.3084e+00 -2.8780e+00 +2.8890e+00 +1.5190e+00 -3.4197e+00
11 +8.499313156e+01 +8.499313156e+01 +1.221731316e+02 +1.221731316e+02 -4.7778e+00 -3.0617e+00 +5.1022e-01 -3.7598e+00 -1.9471e+00 +6.7083e-02 -2.9705e+00 -3.4527e+00 -3.7912e+00 +4.5898e+00
14 +5.675244209e+01 +5.675244209e+01 +9.393244209e+01 +9.393244209e+01 +2.8268e+00 +1.2622e+00 +2.2638e+00 -3.2495e+00 -1.1623e+00 +3.1003e+00 -2.1179e+00 -3.4910e+00 +4.3182e+00 +1.4906e+00
58 +3.753477371e+01 +3.753477371e+01 +7.471477371e+01 +7.471477371e+01 -4.3538e+00 +2.2360e+00 +2.0707e+00 -4.7597e-01 +3.8808e-01 -1.4016e+00 +1.5078e+00 -4.7595e+00 -1.0417e+00 +2.8871e+00
154 +2.274652076e+01 +2.274652076e+01 +5.992652076e+01 +5.992652076e+01 -2.1904e+00 -8.6423e-01 +3.0197e+00 +0.0000e+00 -3.9447e+00 +1.1724e+00 +4.8188e-02 -2.5166e+00 +1.2840e+00 +2.2870e+00
312 +1.443112233e+01 +1.443112233e+01 +5.161112233e+01 +5.161112233e+01 -2.3367e+00 +2.0880e+00 +1.2103e+00 +6.6504e-01 -2.7267e+00 -6.2693e-03 +1.0004e+00 -4.8352e+00 -9.6208e-01 +3.1023e+00
1291 +8.326764915e+00 +8.326764915e+00 +4.550676491e+01 +4.550676491e+01 -4.1505e+00 +1.1398e+00 +8.8779e-01 +2.4410e+00 -4.9726e+00 -1.0322e-01 -1.2715e+00 -4.9078e+00 -3.4205e+00 +1.9557e+00
2380 +5.455899970e+00 +5.455899970e+00 +4.263589997e+01 +4.263589997e+01 -4.5166e+00 +1.4883e+00 +2.1393e+00 +2.2969e+00 -3.6643e+00 -2.7536e-01 -6.8536e-01 -4.9941e+00 -3.0763e+00 +3.4793e+00
2761 +3.657960515e+00 +3.657960515e+00 +4.083796052e+01 +4.083796052e+01 -4.5522e+00 +1.4768e+00 +1.8725e+00 +2.4056e+00 -4.1015e+00 -3.6445e-01 -8.8895e-01 -5.0000e+00 -3.4718e+00 +3.4492e+00
4334 +2.508809479e+00 +2.508809479e+00 +3.968880948e+01 +3.968880948e+01 -4.5253e+00 +1.4932e+00 +1.8401e+00 +2.3952e+00 -4.1579e+00 -6.3662e-01 -7.2496e-01 -4.9982e+00 -3.7357e+00 +3.4468e+00
% function evaluation | noise-free fitness - Fopt (-1.479000000000e+02) | best noise-free fitness - Fopt | measured fitness | best measured fitness | x1 | x2...
1 +9.719182592e+01 +9.719182592e+01 -5.070817408e+01 -5.070817408e+01 -4.7945e+00 +1.3592e+00 +2.1488e-02 -8.7868e-01 -4.8690e+00 -4.8016e+00 -3.2980e+00 -1.2390e+00 -1.2638e+00 +6.9734e-01
2 +6.040090248e+01 +6.040090248e+01 -8.749909752e+01 -8.749909752e+01 +3.6013e-01 -4.1655e-01 -3.7059e+00 +2.7025e+00 -6.2966e-01 +8.7116e-01 +1.6224e+00 +1.2393e+00 -3.6427e+00 -1.6762e+00
16 +3.396908121e+01 +3.396908121e+01 -1.139309188e+02 -1.139309188e+02 -1.0269e-01 +2.0539e+00 -2.4735e+00 -3.7807e+00 -1.8735e-01 -6.8633e-01 -1.8715e-01 +3.1781e+00 +2.1252e+00 -1.3786e+00
113 +2.440911502e+01 +2.440911502e+01 -1.234908850e+02 -1.234908850e+02 +1.4474e+00 +3.4063e-01 -3.6080e+00 -5.0000e+00 +8.6594e-01 +6.2677e-01 -1.0070e+00 +2.0220e+00 -2.1176e+00 -5.0000e+00
1541 +1.557256322e+01 +1.557256322e+01 -1.323274368e+02 -1.323274368e+02 +1.0183e+00 +6.7890e-01 +2.9788e+00 -2.3739e+00 +1.5573e+00 -1.6642e+00 -1.0662e+00 -5.0251e-01 -4.8219e-01 -1.8737e+00
2803 +8.509517824e+00 +8.509517824e+00 -1.393904822e+02 -1.393904822e+02 -4.8261e-01 +1.7740e+00 +1.7609e+00 -1.0303e+00 -2.5085e-01 +1.2040e+00 -8.8823e-01 -1.7693e+00 -1.1842e+00 -6.3011e-01
2963 +5.795627822e+00 +5.795627822e+00 -1.421043722e+02 -1.421043722e+02 -4.5012e-01 +1.6540e+00 +1.7602e+00 -1.5983e+00 -2.8801e-01 +7.2562e-01 -1.0511e+00 -8.4723e-01 -9.1522e-01 -7.5184e-01
3163 +3.882594046e+00 +3.882594046e+00 -1.440174060e+02 -1.440174060e+02 -4.9170e-01 +1.9575e+00 +1.7268e+00 -1.8337e+00 -3.6696e-01 +8.9570e-01 -1.0152e+00 -8.3240e-01 -8.1967e-01 -8.4952e-01
3956 +2.469468085e+00 +2.469468085e+00 -1.454305319e+02 -1.454305319e+02 -4.6438e-01 +2.0785e+00 +1.6350e+00 -1.9792e+00 -3.5796e-01 +1.0558e+00 -1.0207e+00 -5.6027e-01 -9.1846e-01 -9.6186e-01
% function evaluation | noise-free fitness - Fopt (-2.218900000000e+02) | best noise-free fitness - Fopt | measured fitness | best measured fitness | x1 | x2...
1 +2.827316843e+02 +2.827316843e+02 +6.084168429e+01 +6.084168429e+01 -1.5748e+00 -1.7995e+00 +2.3052e+00 -3.9412e+00 +4.7682e+00 -4.9140e+00 +1.1670e-04 +4.7297e+00 +3.5653e+00 +4.9989e+00
3 +2.206416299e+02 +2.206416299e+02 -1.248370122e+00 -1.248370122e+00 -5.3770e-01 -1.3974e+00 +1.5225e+00 -1.5533e+00 +3.6561e+00 -6.9122e-01 -3.4203e+00 -4.8201e+00 -4.2699e+00 +3.5019e+00
5 +1.548400478e+02 +1.548400478e+02 -6.704995221e+01 -6.704995221e+01 +4.0019e+00 -4.4500e+00 +3.1135e+00 +3.7174e+00 +3.7599e+00 -1.8437e+00 -3.9223e+00 +7.8752e-01 +4.9605e+00 -3.8103e+00
7 +8.045791119e+01 +8.045791119e+01 -1.414320888e+02 -1.414320888e+02 +8.9044e-01 +1.2337e+00 +4.0878e+00 +9.9737e-01 -3.5626e+00 -4.3945e+00 +1.4632e+00 +1.5207e+00 +4.2121e+00 +1.0607e+00
20 +5.371848663e+01 +5.371848663e+01 -1.681715134e+02 -1.681715134e+02 -2.9122e+00 +1.8075e+00 -6.6604e-01 +3.2652e+00 -4.4827e+00 +9.7768e-01 +1.3626e+00 -3.5840e+00 -7.3962e-01 -2.8496e+00
41 +2.970017847e+01 +2.970017847e+01 -1.921898215e+02 -1.921898215e+02 +7.1624e-01 +2.5477e+00 -2.6948e+00 +1.0588e+00 -2.3178e-01 +8.6011e-02 +5.0000e+00 -2.7034e-01 -1.4347e+00 +6.8193e-01
134 +2.356096388e+01 +2.356096388e+01 -1.983290361e+02 -1.983290361e+02 +1.1210e+00 +3.9035e+00 -2.9078e+00 +1.1820e+00 -2.8945e+00 -1.5667e-01 +2.8948e+00 +0.0000e+00 -1.7480e+00 +0.0000e+00
882 +1.407969668e+01 +1.407969668e+01 -2.078103033e+02 -2.078103033e+02 -3.1580e+00 +2.7325e+00 -1.3697e+00 +1.8689e+00 -1.4598e+00 +2.5415e+00 +4.1952e+00 -1.5549e+00 -9.5682e-01 -1.6090e+00
1582 +9.442201829e+00 +9.442201829e+00 -2.124477982e+02 -2.124477982e+02 -2.3792e+00 +2.2068e+00 -4.1058e-01 +1.7451e+00 -2.2132e+00 +1.6329e+00 +4.0659e+00 +1.1754e-01 -4.8797e-01 -2.5366e-01
2401 +6.293940130e+00 +6.293940130e+00 -2.155960599e+02 -2.155960599e+02 -2.6918e+00 +2.2504e+00 +3.2857e-01 +1.4786e+00 -1.7133e+00 +2.1859e+00 +3.0165e+00 -3.9641e-01 -2.0475e+00 -5.2680e-01
2648 +3.962454568e+00 +3.962454568e+00 -2.179275454e+02 -2.179275454e+02 -2.7606e+00 +2.4399e+00 +6.1976e-01 +1.3922e+00 -1.9403e+00 +2.6660e+00 +3.1842e+00 -3.8015e-01 -2.0626e+00 -4.9149e-01
3287 +2.479462624e+00 +2.479462624e+00 -2.194105374e+02 -2.194105374e+02 -2.7912e+00 +2.6238e+00 +4.0568e-01 +1.3876e+00 -1.7843e+00 +2.6189e+00 +3.1995e+00 -3.5361e-01 -1.9856e+00 -8.8523e-01
4434 +1.556959982e+00 +1.556959982e+00 -2.203330400e+02 -2.203330400e+02 -2.8239e+00 +2.7085e+00 +4.1212e-01 +1.4123e+00 -1.8377e+00 +2.6174e+00 +3.2392e+00 -4.0964e-01 -2.0003e+00 -7.9260e-01
% function evaluation | noise-free fitness - Fopt (1.195400000000e+02) | best noise-free fitness - Fopt | measured fitness | best measured fitness | x1 | x2...
1 +1.889259699e+02 +1.889259699e+02 +3.084659699e+02 +3.084659699e+02 -8.0636e-01 +8.3504e-01 -3.1607e+00 +2.2143e+00 +3.2144e+00 +4.4175e+00 +2.2767e-01 -3.9690e+00 +3.3563e+00 +4.8253e+00
2 +1.582940577e+02 +1.582940577e+02 +2.778340577e+02 +2.778340577e+02 +2.2218e+00 +3.0312e+00 -1.7792e+00 -7.9922e-01 -3.5021e+00 -1.3471e+00 -4.8906e+00 -1.1396e+00 -4.0766e+00 +3.2766e+00
7 +2.698540614e+01 +2.698540614e+01 +1.465254061e+02 +1.465254061e+02 +1.3145e+00 +3.0589e+00 -2.8483e+00 -2.3038e+00 +3.3730e+00 -1.4046e+00 +4.3699e+00 +3.4281e+00 +1.2191e+00 -4.1786e+00
57 +1.802174097e+01 +1.802174097e+01 +1.375617410e+02 +1.375617410e+02 +1.5519e+00 +1.0385e-01 -2.8138e+00 -8.0639e-01 +5.0000e+00 -6.1128e-02 +4.0906e+00 +2.4712e-01 +2.3077e+00 -1.2322e+00
297 +1.149212755e+01 +1.149212755e+01 +1.310321276e+02 +1.310321276e+02 +1.9378e+00 -4.6201e-01 -4.0917e+00 -2.0644e+00 +5.0000e+00 -1.0458e+00 +4.9133e+00 +1.4237e+00 +1.1642e+00 +5.6822e-01
1418 +8.461824231e+00 +8.461824231e+00 +1.280018242e+02 +1.280018242e+02 +1.6532e+00 +1.7755e+00 -4.1123e+00 -9.4024e-01 +5.0000e+00 -3.7046e-01 +4.9784e+00 +1.9702e+00 -7.3789e-01 +7.0364e-01
1818 +4.944063642e+00 +4.944063642e+00 +1.244840636e+02 +1.244840636e+02 +1.0201e+00 +1.4744e+00 -4.4579e+00 -1.0066e+00 +5.0000e+00 -2.3651e-01 +4.8985e+00 +2.2359e+00 -4.9872e-02 -6.1260e-02
2365 +3.519055014e+00 +3.519055014e+00 +1.230590550e+02 +1.230590550e+02 +1.3296e+00 +1.4030e+00 -4.2350e+00 -5.0060e-01 +5.0000e+00 -2.2860e-01 +4.8664e+00 +2.1810e+00 +3.4130e-01 -3.0300e-01
2745 +2.058483880e+00 +2.058483880e+00 +1.215984839e+02 +1.215984839e+02 +1.6108e+00 +1.3526e+00 -4.2429e+00 -7.0009e-01 +5.0000e+00 -2.1644e-01 +5.0000e+00 +1.9214e+00 +3.6753e-01 -2.5660e-01
3097 +1.221379703e+00 +1.221379703e+00 +1.207613797e+02 +1.207613797e+02 +1.6068e+00 +1.3577e+00 -4.2236e+00 -6.1197e-01 +5.0000e+00 -2.7742e-01 +5.0000e+00 +2.0432e+00 +3.1750e-01 -2.3196e-01
3574 +9.871577198e-01 +9.871577198e-01 +1.205271577e+02 +1.205271577e+02 +1.6072e+00 +1.3569e+00 -4.2040e+00 -6.2765e-01 +5.0000e+00 -2.7951e-01 +4.9994e+00 +2.0445e+00 +3.1833e-01 -2.3487e-01
% function evaluation | noise-free fitness - Fopt (6.983000000000e+01) | best noise-free fitness - Fopt | measured fitness | best measured fitness | x1 | x2...
1 +1.360012090e+02 +1.360012090e+02 +2.058312090e+02 +2.058312090e+02 +2.4277e+00 -1.1728e+00 +2.9350e+00 +8.9650e-01 +4.2524e+00 +3.9897e+00 -3.4903e-01 -5.7951e-01 +4.4967e-01 -3.3328e+00
13 +7.288927833e+01 +7.288927833e+01 +1.427192783e+02 +1.427192783e+02 -4.7342e-01 -4.4877e-01 -4.3157e+00 +1.1451e+00 -2.9177e+00 -2.8687e+00 +4.9144e-01 +4.8494e+00 +3.7357e+00 -9.5319e-01
16 +5.503932050e+01 +5.503932050e+01 +1.248693205e+02 +1.248693205e+02 -4.9811e+00 +3.2004e+00 -1.5889e+00 -1.9774e+00 -2.2020e+00 +4.4308e+00 +1.6011e+00 +3.4006e+00 +4.8079e+00 -3.8673e+00
48 +3.069627653e+01 +3.069627653e+01 +1.005262765e+02 +1.005262765e+02 -5.0000e+00 -1.5592e+00 -4.7345e+00 -4.7366e+00 +3.1023e+00 +2.0599e+00 -2.1243e+00 +2.2541e-01 +3.5462e+00 -2.5342e+00
103 +2.492184995e+01 +2.492184995e+01 +9.475184995e+01 +9.475184995e+01 -1.0682e+00 -2.5194e+00 -7.7960e-01 -4.8044e+00 +1.8650e+00 +4.2378e+00 -3.9898e+00 +5.0000e+00 +5.0000e+00 -2.3662e+00
1138 +1.226839278e+01 +1.226839278e+01 +8.209839278e+01 +8.209839278e+01 -2.0965e+00 -2.8446e+00 -2.9100e-01 -2.2084e+00 -1.5225e-01 +2.4603e+00 -1.8768e+00 +3.2353e+00 +2.6198e+00 +6.4732e-01
1299 +9.982766305e+00 +9.982766305e+00 +7.981276630e+01 +7.981276630e+01 -1.7883e+00 -2.2164e+00 -4.1907e+00 -2.6746e+00 +2.1089e+00 +2.4498e+00 +0.0000e+00 +5.0000e+00 +2.4016e+00 -9.5321e-01
2023 +3.355289730e+00 +3.355289730e+00 +7.318528973e+01 +7.318528973e+01 -2.6620e+00 -1.3522e+00 -2.7311e+00 -3.7337e+00 +2.5537e+00 +3.7749e+00 -1.5287e+00 +2.4151e+00 +2.2763e+00 -8.3352e-01
2529 +2.476042948e+00 +2.476042948e+00 +7.230604295e+01 +7.230604295e+01 -2.6278e+00 -1.5748e+00 -2.7614e+00 -3.3684e+00 +1.9559e+00 +3.4746e+00 -1.8397e+00 +2.8208e+00 +2.6407e+00 -1.5263e+00
2744 +1.328375710e+00 +1.328375710e+00 +7.115837571e+01 +7.115837571e+01 -2.7275e+00 -1.3127e+00 -2.8626e+00 -3.7371e+00 +1.8346e+00 +3.7070e+00 -2.0011e+00 +2.3792e+00 +2.7760e+00 -1.5134e+00
2808 +8.444533219e-01 +8.444533219e-01 +7.067445332e+01 +7.067445332e+01 -2.7444e+00 -1.2955e+00 -2.8702e+00 -3.8212e+00 +1.8543e+00 +3.8746e+00 -2.0301e+00 +2.3015e+00 +2.8134e+00 -1.3973e+00
3528 +4.855024814e-01 +4.855024814e-01 +7.031550248e+01 +7.031550248e+01 -2.7444e+00 -1.2910e+00 -2.8715e+00 -3.8270e+00 +1.8439e+00 +3.8775e+00 -2.0029e+00 +2.3004e+00 +2.8154e+00 -1.3411e+00
% function evaluation | noise-free fitness - Fopt (7.000000000000e-02) | best noise-free fitness - Fopt | measured fitness | best measured fitness | x1 | x2...
1 +2.082776993e+02 +2.082776993e+02 +2.083476993e+02 +2.083476993e+02 -3.2292e+00 -1.0656e+00 +3.6599e+00 +3.5315e+00 +9.2961e-01 +8.2283e-01 +1.1730e+00 -7.8785e-01 -1.8255e+00 -4.2241e+00
3 +1.433858150e+02 +1.433858150e+02 +1.434558150e+02 +1.434558150e+02 +3.6902e-01 +4.7893e+00 +4.2088e+00 +5.4398e-01 +1.1070e+00 -8.5110e-01 +3.7504e+00 -4.1651e+00 -3.4860e+00 +4.1976e+00
4 +8.029246444e+01 +8.029246444e+01 +8.036246444e+01 +8.036246444e+01 +2.8732e+00 -1.3163e+00 +3.0452e+00 -4.8936e+00 -3.1573e+00 -7.7612e-01 -1.0141e+00 +1.1060e+00 +2.1004e+00 -2.2828e-01
44 +6.209935724e+01 +6.209935724e+01 +6.216935724e+01 +6.216935724e+01 +5.0000e+00 +3.6837e+00 -6.9626e-01 -5.0000e+00 +1.8427e+00 -4.4891e-01 +2.1792e+00 -8.5309e-03 +5.0000e+00 -2.2327e+00
123 +3.810244867e+01 +3.810244867e+01 +3.817244867e+01 +3.817244867e+01 +3.3762e+00 -1.5654e+00 +2.1250e+00 -4.2162e+00 +1.0679e+00 +0.0000e+00 +3.9200e+00 -5.0000e+00 +6.0418e-01 +2.0173e-01
277 +2.406976935e+01 +2.406976935e+01 +2.413976935e+01 +2.413976935e+01 +3.0556e-01 -4.2605e-02 +4.2918e+00 -5.0000e+00 +3.5263e+00 -2.0614e+00 +1.3768e+00 -3.6889e+00 +2.2925e+00 -1.5670e+00
626 +1.383213756e+01 +1.383213756e+01 +1.390213756e+01 +1.390213756e+01 +2.4819e+00 -1.0131e+00 +4.2761e+00 -3.6064e+00 +3.1086e+00 -3.6182e+00 +1.1882e+00 -4.9630e+00 +9.7599e-02 -2.1565e+00
1978 +9.015734413e+00 +9.015734413e+00 +9.085734413e+00 +9.085734413e+00 +1.4961e+00 -3.3294e+00 +4.0778e+00 -4.5029e+00 +3.1685e+00 -4.0744e+00 +2.7125e+00 -3.7167e+00 -7.3274e-01 -9.2845e-01
2738 +5.381228839e+00 +5.381228839e+00 +5.451228839e+00 +5.451228839e+00 +1.1745e+00 -2.9241e+00 +4.0526e+00 -4.8521e+00 +3.1321e+00 -3.9259e+00 +2.5917e+00 -3.5358e+00 -7.6416e-01 -1.0260e+00
4209 +3.779850995e+00 +3.779850995e+00 +3.849850995e+00 +3.849850995e+00 +1.1512e+00 -2.9348e+00 +3.9945e+00 -4.7850e+00 +3.2323e+00 -3.6106e+00 +2.4870e+00 -3.4544e+00 -7.6808e-01 -1.0219e+00
4524 +2.500411777e+00 +2.500411777e+00 +2.570411777e+00 +2.570411777e+00 +1.1461e+00 -3.0224e+00 +4.1030e+00 -4.8260e+00 +3.3795e+00 -3.6000e+00 +2.4994e+00 -3.3575e+00 -7.1225e-01 -1.0606e+00
% function evaluation | noise-free fitness - Fopt (4.960000000000e+00) | best noise-free fitness - Fopt | measured fitness | best measured fitness | x1 | x2...
1 +7.941404365e+01 +7.941404365e+01 +8.437404365e+01 +8.437404365e+01 +5.6231e-01 +4.4892e+00 -4.9364e+00 -1.6326e+00 -4.0466e+00 -1.3102e-01 +4.2636e+00 +4.6731e+00 -3.6355e+00 +1.4085e+00
3 +3.803228800e+01 +3.803228800e+01 +4.299228800e+01 +4.299228800e+01 +2.0225e+00 +2.5699e+00 +2.8027e+00 -3.1580e+00 -4.2392e+00 -2.8963e+00 +3.1601e+00 +3.6309e-04 -1.0735e+00 -4.7086e-01
426 +1.901708098e+01 +1.901708098e+01 +2.397708098e+01 +2.397708098e+01 +4.8432e+00 +3.7001e+00 -2.2611e+00 -4.8044e+00 -2.9487e+00 -3.4431e+00 +3.3243e+00 +2.0467e+00 -3.5251e+00 -2.9323e+00
517 +1.332272404e+01 +1.332272404e+01 +1.828272404e+01 +1.828272404e+01 +3.3312e+00 +2.9798e+00 +7.2188e-02 -5.0000e+00 -3.8596e+00 -3.4597e+00 +7.4996e-01 +4.4307e+00 -5.0000e+00 +7.9097e-01
1333 +9.961588854e+00 +9.961588854e+00 +1.492158885e+01 +1.492158885e+01 +3.3596e+00 +3.2902e+00 -4.9391e-01 -5.0000e+00 -3.2804e+00 -4.3206e+00 +2.9613e+00 +2.7609e+00 -5.0000e+00 +4.9679e-01
2333 +6.152360738e+00 +6.152360738e+00 +1.111236074e+01 +1.111236074e+01 +3.9233e+00 +3.6749e+00 -6.3746e-01 -5.0000e+00 -2.0085e+00 -4.1208e+00 +3.0087e+00 +3.1458e+00 -4.9998e+00 -7.0608e-01
2739 +3.584294485e+00 +3.584294485e+00 +8.544294485e+00 +8.544294485e+00 +3.7608e+00 +3.6115e+00 -5.2494e-01 -5.0000e+00 -1.8747e+00 -3.8123e+00 +2.9232e+00 +3.0054e+00 -4.9998e+00 -6.6522e-01
3036 +2.469744820e+00 +2.469744820e+00 +7.429744820e+00 +7.429744820e+00 +3.7828e+00 +3.6236e+00 -5.5100e-01 -5.0000e+00 -1.9484e+00 -3.7699e+00 +2.9399e+00 +2.9983e+00 -4.9997e+00 -4.4866e-01
4102 +1.563991330e+00 +1.563991330e+00 +6.523991330e+00 +6.523991330e+00 +3.7517e+00 +3.6124e+00 -5.0505e-01 -5.0000e+00 -1.9592e+00 -3.7895e+00 +2.9413e+00 +2.9679e+00 -4.9998e+00 -4.4343e-01
% function evaluation | noise-free fitness - Fopt (1.923000000000e+02) | best noise-free fitness - Fopt | measured fitness | best measured fitness | x1 | x2...
1 +1.454186813e+02 +1.454186813e+02 +3.377186813e+02 +3.377186813e+02 +5.8697e-02 -2.6865e+00 +3.7901e-01 -2.3387e+00 -1.7609e+00 +3.3835e+00 +4.8502e+00 +4.9823e+00 +1.2339e+00 +3.2664e+00
2 +9.411477434e+01 +9.411477434e+01 +2.864147743e+02 +2.864147743e+02 -1.1661e+00 -1.6872e+00 -2.7053e+00 +3.7085e+00 -4.6319e+00 -4.8374e+00 +1.9713e+00 +1.2985e+00 +4.3269e+00 +4.6620e+00
9 +4.616576644e+01 +4.616576644e+01 +2.384657664e+02 +2.384657664e+02 +1.5082e+00 -3.6153e-01 -1.6289e+00 +2.5754e+00 +2.3627e+00 +4.5742e+00 -2.5268e+00 -1.5431e+00 +3.3569e+00 +2.2782e+00
61 +3.122915366e+01 +3.122915366e+01 +2.235291537e+02 +2.235291537e+02 -7.9978e-01 +2.0745e+00 -1.8370e+00 -1.8640e+00 +9.4778e-01 +5.2844e-01 -1.2103e+00 -1.7018e+00 +2.1872e+00 +9.2446e-01
163 +1.998985779e+01 +1.998985779e+01 +2.122898578e+02 +2.122898578e+02 -1.4471e+00 +2.1709e+00 -2.7718e+00 -1.1354e+00 -3.7833e+00 +7.6446e-01 -1.9657e+00 +0.0000e+00 +4.6259e+00 +9.1592e-01
675 +1.330454714e+01 +1.330454714e+01 +2.056045471e+02 +2.056045471e+02 -1.4056e+00 +5.0000e+00 -3.5271e+00 -1.1831e+00 -4.7247e+00 +1.5165e+00 +1.5170e+00 +2.4826e+00 +3.7285e+00 +4.1649e-02
1006 +9.341340699e+00 +9.341340699e+00 +2.016413407e+02 +2.016413407e+02 -2.5028e+00 +5.0000e+00 -1.1619e+00 -1.3596e+00 -4.9584e+00 +1.8344e+00 -2.8258e+00 +2.5297e+00 +7.0567e-01 -1.4185e+00
1729 +5.837199666e+00 +5.837199666e+00 +1.981371997e+02 +1.981371997e+02 -2.7592e+00 +4.4580e+00 -2.4618e+00 -1.8855e+00 -4.4232e+00 -9.4222e-01 -4.9295e-01 +1.7774e+00 +2.9056e+00 -6.0138e-02
2247 +2.781244494e+00 +2.781244494e+00 +1.950812445e+02 +1.950812445e+02 -2.9408e+00 +3.4274e+00 -2.4996e+00 -7.0673e-01 -3.9289e+00 -2.9594e-01 -3.0821e-01 +2.2851e+00 +2.5565e+00 -2.0996e-01
2567 +1.870812751e+00 +1.870812751e+00 +1.941708128e+02 +1.941708128e+02 -2.8538e+00 +3.3006e+00 -2.5747e+00 -6.8686e-01 -3.8695e+00 -5.4610e-03 -2.7480e-01 +1.8653e+00 +2.7394e+00 -2.5720e-01
3174 +1.551741725e+00 +1.551741725e+00 +1.938517417e+02 +1.938517417e+02 -2.7416e+00 +3.5023e+00 -2.6281e+00 -8.6101e-01 -3.8766e+00 -1.4609e-01 -1.7195e-01 +1.9192e+00 +2.6160e+00 -9.6365e-02
3534 +7.688621013e-01 +7.688621013e-01 +1.930688621e+02 +1.930688621e+02 -2.7147e+00 +3.5484e+00 -2.8074e+00 -8.1526e-01 -3.9409e+00 -2.3193e-01 -1.4828e-01 +1.9203e+00 +2.7021e+00 -1.1694e-01
4028 +5.740956462e-01 +5.740956462e-01 +1.928740956e+02 +1.928740956e+02 -2.7079e+00 +3.5613e+00 -2.7996e+00 -8.1634e-01 -3.9642e+00 -2.0175e-01 -1.9006e-01 +1.9026e+00 +2.7862e+00 +0.0000e+00
4452 +3.378453479e-01 +3.378453479e-01 +1.926378453e+02 +1.926378453e+02 -2.7079e+00 +3.5533e+00 -2.8088e+00 -8.1006e-01 -3.9735e+00 -2.1357e-01 -1.7059e-01 +1.9188e+00 +2.7520e+00 -2.5712e-02
% function evaluation | noise-free fitness - Fopt (4.971000000000e+01) | best noise-free fitness - Fopt | measured fitness | best measured fitness | x1 | x2...
1 +3.961811179e+02 +3.961811179e+02 +4.458911179e+02 +4.458911179e+02 -1.5291e+00 +1.8047e+00 -3.9337e+00 -4.2205e+00 +6.4165e-02 +2.9618e+00 +1.6657e+00 -3.1259e+00 +3.6565e+00 -1.5179e+00
4 +1.380185250e+02 +1.380185250e+02 +1.877285250e+02 +1.877285250e+02 +1.7245e+00 +1.2591e-01 -3.2672e+00 -4.3654e+00 +6.9886e-01 -2.2445e-01 -2.4739e-01 +2.2414e+00 +2.9261e+00 -3.3431e+00
10 +5.760330932e+01 +5.760330932e+01 +1.073133093e+02 +1.073133093e+02 +1.5942e+00 +1.6335e+00 -4.3091e+00 +3.2509e-01 -4.6068e+00 +4.2869e+00 -9.0318e-01 +1.2432e+00 -9.4745e-01 +4.7322e+00
105 +3.779094572e+01 +3.779094572e+01 +8.750094572e+01 +8.750094572e+01 +5.0000e+00 -1.4096e+00 -5.0000e+00 +4.4745e+00 -5.0000e+00 +5.0000e+00 +0.0000e+00 -5.0000e+00 -5.0000e+00 +4.3475e+00
368 +2.259496093e+01 +2.259496093e+01 +7.230496093e+01 +7.230496093e+01 +5.0000e+00 -5.0000e+00 -5.0000e+00 +4.4414e+00 -5.0000e+00 +5.0000e+00 +2.0032e+00 -3.6241e+00 -3.1088e+00 +3.1452e+00
1221 +1.575615207e+01 +1.575615207e+01 +6.546615207e+01 +6.546615207e+01 +4.9852e+00 -5.0000e+00 -4.9995e+00 +4.8618e+00 -4.8797e+00 +4.8935e+00 +2.7242e+00 -5.0000e+00 -4.2077e+00 +3.1673e+00
% function evaluation | noise-free fitness - Fopt (2.051200000000e+02) | best noise-free fitness - Fopt | measured fitness | best measured fitness | x1 | x2...
1 +8.334241483e+02 +8.334241483e+02 +1.038544148e+03 +1.038544148e+03 -4.4455e+00 -2.8685e+00 +3.8738e+00 +4.7097e+00 +3.6819e+00 +4.9096e+00 +2.1692e+00 -1.4698e+00 +1.5224e+00 -1.0332e+00
4 +8.518589392e+01 +8.518589392e+01 +2.903058939e+02 +2.903058939e+02 -4.6980e+00 +4.7689e+00 -3.9585e+00 -9.5190e-01 -2.9632e+00 -8.4352e-01 -3.5043e+00 -4.0994e+00 -2.3219e+00 -3.3743e+00
47 +5.182665973e+01 +5.182665973e+01 +2.569466597e+02 +2.569466597e+02 +1.0823e+00 -2.2086e+00 -4.0585e+00 -2.6856e+00 +1.0993e+00 +2.1475e+00 +1.5104e+00 +2.7923e+00 +5.0000e+00 +4.3979e+00
87 +3.974912665e+01 +3.974912665e+01 +2.448691267e+02 +2.448691267e+02 -1.8012e+00 -3.9087e+00 -5.0000e+00 -2.6047e+00 -3.7923e+00 +5.0000e+00 +5.0000e+00 -1.8722e-01 +4.2761e+00 +4.4658e+00
132 +2.266288090e+01 +2.266288090e+01 +2.277828809e+02 +2.277828809e+02 -1.6585e+00 -4.4890e-01 -5.0000e+00 -5.3673e-01 -9.4442e-01 +1.1086e+00 +2.9438e+00 +1.6347e+00 +4.0675e+00 +5.0000e+00
322 +1.316451885e+01 +1.316451885e+01 +2.182845188e+02 +2.182845188e+02 -5.5558e-01 +1.2892e+00 -5.0000e+00 +9.2151e-01 +0.0000e+00 +1.3236e+00 +2.0173e+00 +3.0555e+00 +3.9279e+00 +4.8890e+00
1119 +7.802372685e+00 +7.802372685e+00 +2.129223727e+02 +2.129223727e+02 -2.4754e+00 +2.2101e+00 -5.0000e+00 -2.9506e+00 -1.3812e+00 +1.6156e+00 +4.9141e+00 +2.8503e+00 +2.4336e+00 +4.8521e+00
1315 +5.569113628e+00 +5.569113628e+00 +2.106891136e+02 +2.106891136e+02 -2.5492e+00 +2.1951e+00 -5.0000e+00 -2.2120e+00 -1.6593e+00 +2.5000e+00 +4.8799e+00 +3.0528e+00 +1.8289e+00 +4.8346e+00
2290 +3.883422867e+00 +3.883422867e+00 +2.090034229e+02 +2.090034229e+02 -2.3462e+00 +2.4597e+00 -5.0000e+00 -3.0481e+00 -1.8671e+00 +2.3867e+00 +4.7877e+00 +3.1975e+00 +1.4666e+00 +4.8830e+00
3207 +2.171252188e+00 +2.171252188e+00 +2.072912522e+02 +2.072912522e+02 -2.4141e+00 +2.6432e+00 -5.0000e+00 -2.9371e+00 -1.7876e+00 +2.6078e+00 +4.5914e+00 +3.1466e+00 +1.3885e+00 +4.9070e+00
3836 +1.582841690e+00 +1.582841690e+00 +2.067028417e+02 +2.067028417e+02 -2.4825e+00 +2.6093e+00 -5.0000e+00 -2.8454e+00 -1.7832e+00 +2.6169e+00 +4.4814e+00 +3.1107e+00 +1.4161e+00 +4.8980e+00
% function evaluation | noise-free fitness - Fopt (-1.729000000000e+02) | best noise-free fitness - Fopt | measured fitness | best measured fitness | x1 | x2...
1 +1.076948494e+02 +1.076948494e+02 -6.520515063e+01 -6.520515063e+01 -1.2568e+00 +4.4786e+00 -9.3662e-01 -2.0579e+00 -3.4343e+00 -1.6280e+00 -3.4035e+00 -3.7500e+00 -1.6590e+00 +2.6027e+00
3 +8.511673948e+01 +8.511673948e+01 -8.778326052e+01 -8.778326052e+01 +2.1431e+00 -2.5690e+00 -1.1395e+00 -3.5499e+00 +1.6219e+00 +4.6053e+00 -1.9604e-01 -1.8676e-01 +1.5491e+00 +2.3997e+00
4 +4.401407561e+01 +4.401407561e+01 -1.288859244e+02 -1.288859244e+02 -2.0174e+00 +2.4642e+00 +3.7012e-01 +7.9418e-01 -2.7493e-01 -2.9218e+00 +7.2780e-01 +7.1161e-01 -3.4620e+00 -2.2148e+00
58 +3.836450103e+01 +3.836450103e+01 -1.345354990e+02 -1.345354990e+02 -1.3793e+00 +4.0078e-01 +1.1807e+00 +1.8189e+00 -7.1760e-01 -2.3594e+00 +2.4913e+00 -1.0058e+00 -5.0000e+00 -1.0992e+00
113 +2.497702823e+01 +2.497702823e+01 -1.479229718e+02 -1.479229718e+02 -1.6006e-01 +3.8895e-01 +5.0000e+00 +1.9073e-02 -3.5342e+00 -1.7448e+00 -3.2801e-01 +8.9451e-01 -3.5139e-01 +2.8363e+00
358 +1.427633028e+01 +1.427633028e+01 -1.586236697e+02 -1.586236697e+02 -3.3092e+00 -1.6729e+00 +4.2591e+00 -1.7690e+00 -2.3086e+00 -1.1252e+00 +9.0826e-02 +1.2546e-01 -4.0092e+00 +1.8624e+00
724 +8.017384300e+00 +8.017384300e+00 -1.648826157e+02 -1.648826157e+02 -2.4876e+00 -2.1206e+00 +4.6605e+00 -4.3548e+00 -2.3972e+00 -1.5348e+00 -2.7650e-01 -2.7852e-01 -3.6933e+00 +0.0000e+00
1646 +5.900872529e+00 +5.900872529e+00 -1.669991275e+02 -1.669991275e+02 -1.6693e+00 -8.0222e-01 +4.4503e+00 -5.0000e+00 -3.2606e+00 -1.5435e+00 -3.9560e-01 +5.9543e-01 -3.6480e+00 +4.9832e-01
2186 +3.268040305e+00 +3.268040305e+00 -1.696319597e+02 -1.696319597e+02 -2.1337e+00 -1.1206e+00 +4.4651e+00 -4.9962e+00 -3.4282e+00 -1.8597e+00 -7.0909e-02 +6.5959e-01 -3.7826e+00 +9.3011e-01
2971 +2.322761332e+00 +2.322761332e+00 -1.705772387e+02 -1.705772387e+02 -2.4627e+00 -9.9808e-01 +4.4049e+00 -4.3211e+00 -3.4691e+00 -1.8832e+00 +2.3414e-01 +6.0635e-01 -3.7281e+00 +8.9580e-01
4090 +1.567845380e+00 +1.567845380e+00 -1.713321546e+02 -1.713321546e+02 -2.4523e+00 -1.0374e+00 +4.2483e+00 -4.3669e+00 -3.4583e+00 -1.8174e+00 +2.8294e-01 +6.0815e-01 -3.5747e+00 +8.6874e-01
4369 +9.819794667e-01 +9.819794667e-01 -1.719180205e+02 -1.719180205e+02 -2.4798e+00 -1.0407e+00 +4.2380e+00 -4.4466e+00 -3.4139e+00 -1.7675e+00 +2.7754e-01 +6.6665e-01 -3.5897e+00 +8.8678e-01
% function evaluation | noise-free fitness - Fopt (-3.506200000000e+02) | best noise-free fitness - Fopt | measured fitness | best measured fitness | x1 | x2...
1 +8.217156782e+01 +8.217156782e+01 -2.684484322e+02 -2.684484322e+02 -2.0053e+00 +2.1375e-01 -6.8571e-01 +2.9668e+00 -6.9223e-01 +2.9196e+00 +1.7753e+00 +4.8536e+00 +4.6750e+00 +4.2795e+00
11 +6.213844374e+01 +6.213844374e+01 -2.884815563e+02 -2.884815563e+02 -3.1837e+00 -1.8594e+00 +8.8249e-01 +3.1920e+00 -5.7508e-01 +2.4795e+00 +2.7657e-01 +3.6481e+00 +9.4979e-01 -3.8338e+00
45 +3.167290122e+01 +3.167290122e+01 -3.189470988e+02 -3.189470988e+02 +3.5355e-01 -1.0695e+00 +5.0000e+00 +2.0820e+00 +9.2058e-01 -6.7953e-01 +5.0000e+00 -4.9550e-01 +1.3713e+00 +4.8115e+00
814 +2.470328033e+01 +2.470328033e+01 -3.259167197e+02 -3.259167197e+02 -2.0781e+00 -2.9154e+00 +5.0000e+00 -2.1533e-01 -7.8276e-01 +3.1385e+00 +3.7421e+00 +1.5470e+00 +9.0769e-01 +7.8165e-01
887 +1.495511069e+01 +1.495511069e+01 -3.356648893e+02 -3.356648893e+02 -5.0000e+00 -4.4967e+00 +4.7299e+00 -1.8013e+00 -9.0133e-01 +3.5696e+00 +2.7104e+00 +3.1495e+00 +2.5743e+00 +0.0000e+00
1359 +9.971026848e+00 +9.971026848e+00 -3.406489732e+02 -3.406489732e+02 -3.3196e+00 -5.0000e+00 +9.0257e-01 -1.8297e+00 +8.5199e-01 +2.5673e+00 +3.2142e+00 +3.6330e+00 +7.3204e-01 +3.4717e+00
1500 +4.539530836e+00 +4.539530836e+00 -3.460804692e+02 -3.460804692e+02 -3.3088e+00 -5.0000e+00 +2.4489e-01 -1.6378e+00 +1.4275e+00 +2.5420e+00 +2.9754e+00 +3.4644e+00 -3.6178e-02 +2.4974e+00
2049 +3.947190512e+00 +3.947190512e+00 -3.466728095e+02 -3.466728095e+02 -3.3605e+00 -5.0000e+00 +0.0000e+00 -2.6815e+00 +1.4277e+00 +2.6279e+00 +3.0230e+00 +3.2237e+00 -6.1907e-01 +2.5341e+00
2886 +2.308029161e+00 +2.308029161e+00 -3.483119708e+02 -3.483119708e+02 -3.4980e+00 -4.9982e+00 +0.0000e+00 -2.0678e+00 +2.0241e+00 +2.8112e+00 +3.2287e+00 +3.2391e+00 -4.0566e-01 +2.4702e+00
3996 +1.569623278e+00 +1.569623278e+00 -3.490503767e+02 -3.490503767e+02 -3.4943e+00 -4.9989e+00 +0.0000e+00 -2.0824e+00 +1.9677e+00 +2.8377e+00 +3.1763e+00 +3.2473e+00 -3.9366e-01 +2.4748e+00
