% function evaluation | noise-free fitness - Fopt (-1.694000000000e+01) | best noise-free fitness - Fopt | measured fitness | best measured fitness | x1 | x2...
1 +1.379324174e+03 +1.379324174e+03 +1.362384174e+03 +1.362384174e+03 -1.6874e+00 -4.8366e+00
2 +1.030418659e+02 +1.030418659e+02 +8.610186588e+01 +8.610186588e+01 +4.2660e+00 +3.6758e+00
7 +6.676867328e+01 +6.676867328e+01 +4.982867328e+01 +4.982867328e+01 +3.9904e+00 +3.8878e+00
21 +2.639267947e+01 +2.639267947e+01 +9.452679466e+00 +9.452679466e+00 +4.0546e+00 -7.5980e-01
24 +6.543696688e+00 +6.543696688e+00 -1.039630331e+01 -1.039630331e+01 +4.7809e+00 -2.4652e+00
147 +5.170393834e+00 +5.170393834e+00 -1.176960617e+01 -1.176960617e+01 +4.6132e+00 -2.3087e+00
394 +3.199768887e+00 +3.199768887e+00 -1.374023111e+01 -1.374023111e+01 +4.2666e+00 -5.2958e-01
524 +7.598463012e-01 +7.598463012e-01 -1.618015370e+01 -1.618015370e+01 +3.5916e+00 +2.6440e+00
1204 +6.134798211e-01 +6.134798211e-01 -1.632652018e+01 -1.632652018e+01 +3.5859e+00 +2.7889e+00
1739 +2.448922258e-01 +2.448922258e-01 -1.669510777e+01 -1.669510777e+01 +3.5741e+00 +2.7895e+00
2499 +1.573400740e-01 +1.573400740e-01 -1.678265993e+01 -1.678265993e+01 +3.6077e+00 +2.6846e+00
3687 +4.216448919e-02 +4.216448919e-02 -1.689783551e+01 -1.689783551e+01 +3.6460e+00 +2.5830e+00
3735 +1.191498778e-02 +1.191498778e-02 -1.692808501e+01 -1.692808501e+01 +3.6538e+00 +2.5578e+00
4022 +7.632046983e-03 +7.632046983e-03 -1.693236795e+01 -1.693236795e+01 +3.6543e+00 +2.5555e+00
4375 +3.368426877e-03 +3.368426877e-03 -1.693663157e+01 -1.693663157e+01 +3.6554e+00 +2.5522e+00
% function evaluation | noise-free fitness - Fopt (1.881000000000e+01) | best noise-free fitness - Fopt | measured fitness | best measured fitness | x1 | x2...
1 +5.222948894e+01 +5.222948894e+01 +7.103948894e+01 +7.103948894e+01 -6.6883e-01 +1.4394e-01
5 +3.645813482e+01 +3.645813482e+01 +5.526813482e+01 +5.526813482e+01 +2.2321e+00 +2.7062e+00
30 +1.723499997e+01 +1.723499997e+01 +3.604499997e+01 +3.604499997e+01 +1.4362e+00 +1.4807e+00
40 +8.574319757e+00 +8.574319757e+00 +2.738431976e+01 +2.738431976e+01 -2.1408e+00 +1.6277e+00
149 +3.475270175e+00 +3.475270175e+00 +2.228527017e+01 +2.228527017e+01 +7.4635e-01 +1.7118e+00
437 +1.651153703e+00 +1.651153703e+00 +2.046115370e+01 +2.046115370e+01 +1.0351e+00 +1.7671e+00
470 +9.023211810e-01 +9.023211810e-01 +1.971232118e+01 +1.971232118e+01 +9.7262e-02 +1.7584e+00
710 +4.225204296e-01 +4.225204296e-01 +1.923252043e+01 +1.923252043e+01 -4.9457e-02 +1.7646e+00
726 +3.430182921e-01 +3.430182921e-01 +1.915301829e+01 +1.915301829e+01 -1.3355e-01 +1.7771e+00
1043 +2.168218380e-01 +2.168218380e-01 +1.902682184e+01 +1.902682184e+01 -8.7151e-02 +1.7589e+00
1210 +6.453810220e-02 +6.453810220e-02 +1.887453810e+01 +1.887453810e+01 -2.4121e-01 +1.7824e+00
1817 +5.997543275e-02 +5.997543275e-02 +1.886997543e+01 +1.886997543e+01 -2.0630e-01 +1.7811e+00
1832 +2.677005301e-02 +2.677005301e-02 +1.883677005e+01 +1.883677005e+01 -2.0408e-01 +1.7818e+00
1870 +1.951993062e-02 +1.951993062e-02 +1.882951993e+01 +1.882951993e+01 -1.9084e-01 +1.7811e+00
1912 +1.337008825e-02 +1.337008825e-02 +1.882337009e+01 +1.882337009e+01 -1.9401e-01 +1.7808e+00
2352 +1.588890751e-03 +1.588890751e-03 +1.881158889e+01 +1.881158889e+01 -1.9110e-01 +1.7808e+00
2630 +1.096506539e-03 +1.096506539e-03 +1.881109651e+01 +1.881109651e+01 -1.9006e-01 +1.7807e+00
2921 +9.981123859e-04 +9.981123859e-04 +1.881099811e+01 +1.881099811e+01 -1.9038e-01 +1.7807e+00
3978 +9.878564771e-05 +9.878564771e-05 +1.881009879e+01 +1.881009879e+01 -1.9115e-01 +1.7808e+00
4122 +3.492283268e-05 +3.492283268e-05 +1.881003492e+01 +1.881003492e+01 -1.9122e-01 +1.7808e+00
4760 +1.528263351e-05 +1.528263351e-05 +1.881001528e+01 +1.881001528e+01 -1.9120e-01 +1.7808e+00
4818 +6.077085921e-06 +6.077085921e-06 +1.881000608e+01 +1.881000608e+01 -1.9120e-01 +1.7808e+00
4895 +3.193434750e-06 +3.193434750e-06 +1.881000319e+01 +1.881000319e+01 -1.9120e-01 +1.7808e+00
4906 +7.510768754e-07 +7.510768754e-07 +1.881000075e+01 +1.881000075e+01 -1.9120e-01 +1.7808e+00
% function evaluation | noise-free fitness - Fopt (2.731500000000e+02) | best noise-free fitness - Fopt | measured fitness | best measured fitness | x1 | x2...
1 +2.789947820e+02 +2.789947820e+02 +5.521447820e+02 +5.521447820e+02 +4.4899e+00 +3.2467e-01
2 +5.391852641e+01 +5.391852641e+01 +3.270685264e+02 +3.270685264e+02 -2.5404e+00 +2.1486e+00
5 +2.031158083e+01 +2.031158083e+01 +2.934615808e+02 +2.934615808e+02 -4.5547e+00 +1.1609e+00
52 +1.460177304e+01 +1.460177304e+01 +2.877517730e+02 +2.877517730e+02 -5.0000e+00 -3.4420e-01
54 +9.445682097e+00 +9.445682097e+00 +2.825956821e+02 +2.825956821e+02 -3.9846e+00 +3.3625e+00
154 +5.366441796e+00 +5.366441796e+00 +2.785164418e+02 +2.785164418e+02 -5.0000e+00 +8.5263e-01
205 +2.445581947e+00 +2.445581947e+00 +2.755955819e+02 +2.755955819e+02 -4.3597e+00 +1.9484e+00
396 +6.621139717e-01 +6.621139717e-01 +2.738121140e+02 +2.738121140e+02 -3.6985e+00 +3.5267e+00
898 +1.624317807e-01 +1.624317807e-01 +2.733124318e+02 +2.733124318e+02 -3.5133e+00 +3.9132e+00
2101 +9.966010751e-02 +9.966010751e-02 +2.732496601e+02 +2.732496601e+02 -3.6190e+00 +3.6695e+00
2604 +6.092295236e-03 +6.092295236e-03 +2.731560923e+02 +2.731560923e+02 -3.5777e+00 +3.7569e+00
2721 +3.023399223e-03 +3.023399223e-03 +2.731530234e+02 +2.731530234e+02 -3.5790e+00 +3.7542e+00
3089 +2.041147072e-03 +2.041147072e-03 +2.731520411e+02 +2.731520411e+02 -3.5788e+00 +3.7543e+00
3289 +9.828440389e-04 +9.828440389e-04 +2.731509828e+02 +2.731509828e+02 -3.5789e+00 +3.7543e+00
4922 +5.602884125e-04 +5.602884125e-04 +2.731505603e+02 +2.731505603e+02 -3.5791e+00 +3.7539e+00
% function evaluation | noise-free fitness - Fopt (3.718000000000e+01) | best noise-free fitness - Fopt | measured fitness | best measured fitness | x1 | x2...
1 +7.247723738e+01 +7.247723738e+01 +1.096572374e+02 +1.096572374e+02 -2.0868e+00 +1.3069e+00
3 +5.265024857e+01 +5.265024857e+01 +8.983024857e+01 +8.983024857e+01 +3.5590e+00 +8.2388e-01
4 +2.354223841e+01 +2.354223841e+01 +6.072223841e+01 +6.072223841e+01 +4.8697e+00 +1.2195e+00
27 +1.100924194e+01 +1.100924194e+01 +4.818924194e+01 +4.818924194e+01 -2.4529e+00 +1.9063e+00
30 +6.297589507e+00 +6.297589507e+00 +4.347758951e+01 +4.347758951e+01 -3.3705e+00 +2.1106e+00
43 +3.182745488e+00 +3.182745488e+00 +4.036274549e+01 +4.036274549e+01 -1.4410e+00 +1.9954e+00
291 +1.819449253e+00 +1.819449253e+00 +3.899944925e+01 +3.899944925e+01 -3.3710e+00 +2.0625e+00
388 +1.561318712e+00 +1.561318712e+00 +3.874131871e+01 +3.874131871e+01 -5.0000e+00 +2.1410e+00
816 +3.807570229e-01 +3.807570229e-01 +3.756075702e+01 +3.756075702e+01 -4.1476e+00 +2.0759e+00
1562 +1.203620382e-01 +1.203620382e-01 +3.730036204e+01 +3.730036204e+01 -3.8481e+00 +2.0587e+00
1922 +9.972116887e-02 +9.972116887e-02 +3.727972117e+01 +3.727972117e+01 -3.8600e+00 +2.0612e+00
2086 +6.080162172e-02 +6.080162172e-02 +3.724080162e+01 +3.724080162e+01 -3.8746e+00 +2.0562e+00
2273 +1.800814196e-02 +1.800814196e-02 +3.719800814e+01 +3.719800814e+01 -3.8879e+00 +2.0596e+00
2554 +1.085718890e-02 +1.085718890e-02 +3.719085719e+01 +3.719085719e+01 -3.8964e+00 +2.0600e+00
2593 +6.196904366e-03 +6.196904366e-03 +3.718619690e+01 +3.718619690e+01 -3.8985e+00 +2.0600e+00
2594 +9.831385012e-04 +9.831385012e-04 +3.718098314e+01 +3.718098314e+01 -3.8985e+00 +2.0600e+00
3092 +4.112339034e-04 +4.112339034e-04 +3.718041123e+01 +3.718041123e+01 -3.8992e+00 +2.0600e+00
3262 +2.675616342e-04 +2.675616342e-04 +3.718026756e+01 +3.718026756e+01 -3.8995e+00 +2.0600e+00
3401 +1.217555543e-04 +1.217555543e-04 +3.718012176e+01 +3.718012176e+01 -3.8993e+00 +2.0600e+00
3633 +9.769211293e-05 +9.769211293e-05 +3.718009769e+01 +3.718009769e+01 -3.8992e+00 +2.0600e+00
3772 +3.956105934e-05 +3.956105934e-05 +3.718003956e+01 +3.718003956e+01 -3.8992e+00 +2.0600e+00
4221 +9.882320768e-06 +9.882320768e-06 +3.718000988e+01 +3.718000988e+01 -3.8992e+00 +2.0600e+00
4450 +1.324829078e-06 +1.324829078e-06 +3.718000132e+01 +3.718000132e+01 -3.8992e+00 +2.0600e+00
4601 +6.900707135e-07 +6.900707135e-07 +3.718000069e+01 +3.718000069e+01 -3.8992e+00 +2.0600e+00
4690 +5.654776771e-07 +5.654776771e-07 +3.718000057e+01 +3.718000057e+01 -3.8992e+00 +2.0600e+00
% function evaluation | noise-free fitness - Fopt (-1.479000000000e+02) | best noise-free fitness - Fopt | measured fitness | best measured fitness | x1 | x2...
1 +2.660673910e+02 +2.660673910e+02 +1.181673910e+02 +1.181673910e+02 -9.6869e-01 +4.9342e+00
2 +2.368256004e+01 +2.368256004e+01 -1.242174400e+02 -1.242174400e+02 -2.9350e+00 +2.3358e+00
20 +8.511954133e+00 +8.511954133e+00 -1.393880459e+02 -1.393880459e+02 +2.3105e+00 -4.7431e+00
101 +6.306058061e+00 +6.306058061e+00 -1.415939419e+02 -1.415939419e+02 +2.1543e+00 -4.5746e+00
395 +3.398179114e+00 +3.398179114e+00 -1.445018209e+02 -1.445018209e+02 +5.0525e-01 -2.1436e+00
457 +1.139012288e+00 +1.139012288e+00 -1.467609877e+02 -1.467609877e+02 -1.5259e+00 +0.0000e+00
1458 +9.854694188e-01 +9.854694188e-01 -1.469145306e+02 -1.469145306e+02 -1.5552e+00 +6.1844e-02
1632 +4.313137110e-01 +4.313137110e-01 -1.474686863e+02 -1.474686863e+02 -1.6035e+00 +9.3365e-02
1784 +2.097147729e-01 +2.097147729e-01 -1.476902852e+02 -1.476902852e+02 -1.7085e+00 +1.7683e-01
2010 +1.504997378e-01 +1.504997378e-01 -1.477495003e+02 -1.477495003e+02 -1.7026e+00 +1.6737e-01
2272 +5.909157446e-02 +5.909157446e-02 -1.478409084e+02 -1.478409084e+02 -1.7043e+00 +1.6830e-01
% function evaluation | noise-free fitness - Fopt (-2.218900000000e+02) | best noise-free fitness - Fopt | measured fitness | best measured fitness | x1 | x2...
1 +1.488008182e+03 +1.488008182e+03 +1.266118182e+03 +1.266118182e+03 +3.7422e+00 -4.0964e+00
2 +4.461353185e+02 +4.461353185e+02 +2.242453185e+02 +2.242453185e+02 +3.3986e-01 -3.1954e+00
7 +6.545327436e+01 +6.545327436e+01 -1.564367256e+02 -1.564367256e+02 -8.8174e-01 -2.7842e+00
25 +3.616318013e+01 +3.616318013e+01 -1.857268199e+02 -1.857268199e+02 -4.8784e+00 +1.5349e+00
34 +6.830369695e+00 +6.830369695e+00 -2.150596303e+02 -2.150596303e+02 -2.1705e+00 -8.1152e-01
59 +5.744221075e+00 +5.744221075e+00 -2.161457789e+02 -2.161457789e+02 -1.9545e+00 -1.0669e+00
166 +5.956951358e-01 +5.956951358e-01 -2.212943049e+02 -2.212943049e+02 -4.4125e+00 +4.7881e-01
1059 +3.629768638e-01 +3.629768638e-01 -2.215270231e+02 -2.215270231e+02 -4.0386e+00 +2.8359e-01
1242 +1.701066094e-01 +1.701066094e-01 -2.217198934e+02 -2.217198934e+02 -4.0664e+00 +3.1207e-01
1680 +3.196307905e-02 +3.196307905e-02 -2.218580369e+02 -2.218580369e+02 -3.9523e+00 +2.5152e-01
2720 +2.441094008e-02 +2.441094008e-02 -2.218655891e+02 -2.218655891e+02 -3.9517e+00 +2.5230e-01
3138 +7.559100180e-03 +7.559100180e-03 -2.218824409e+02 -2.218824409e+02 -3.9499e+00 +2.5138e-01
3866 +6.157524179e-03 +6.157524179e-03 -2.218838425e+02 -2.218838425e+02 -3.9455e+00 +2.4906e-01
4057 +9.831540169e-04 +9.831540169e-04 -2.218890168e+02 -2.218890168e+02 -3.9433e+00 +2.4808e-01
4377 +2.503290597e-04 +2.503290597e-04 -2.218897497e+02 -2.218897497e+02 -3.9434e+00 +2.4808e-01
4688 +4.072254941e-05 +4.072254941e-05 -2.218899593e+02 -2.218899593e+02 -3.9432e+00 +2.4799e-01
4888 +2.884530335e-05 +2.884530335e-05 -2.218899712e+02 -2.218899712e+02 -3.9432e+00 +2.4799e-01
% function evaluation | noise-free fitness - Fopt (1.195400000000e+02) | best noise-free fitness - Fopt | measured fitness | best measured fitness | x1 | x2...
1 +1.221172366e+02 +1.221172366e+02 +2.416572366e+02 +2.416572366e+02 +2.6813e+00 +2.1114e+00
7 +8.997551435e+00 +8.997551435e+00 +1.285375514e+02 +1.285375514e+02 -1.7301e+00 +1.2225e+00
63 +4.209934070e+00 +4.209934070e+00 +1.237499341e+02 +1.237499341e+02 -1.0515e+00 +1.4315e+00
208 +2.850343310e+00 +2.850343310e+00 +1.223903433e+02 +1.223903433e+02 -7.3241e-01 +1.2277e+00
578 +2.401071279e+00 +2.401071279e+00 +1.219410713e+02 +1.219410713e+02 +8.1024e-01 +1.0111e+00
693 +4.254213311e-01 +4.254213311e-01 +1.199654213e+02 +1.199654213e+02 +1.6850e+00 +8.9024e-01
1183 +3.799515961e-01 +3.799515961e-01 +1.199199516e+02 +1.199199516e+02 +1.5807e+00 +8.9834e-01
1783 +1.762061243e-01 +1.762061243e-01 +1.197162061e+02 +1.197162061e+02 +1.3548e+00 +8.9934e-01
1974 +1.447692131e-01 +1.447692131e-01 +1.196847692e+02 +1.196847692e+02 +1.2474e+00 +9.2315e-01
2143 +4.121579039e-02 +4.121579039e-02 +1.195812158e+02 +1.195812158e+02 +1.3231e+00 +9.0789e-01
2303 +1.808461601e-02 +1.808461601e-02 +1.195580846e+02 +1.195580846e+02 +1.3154e+00 +9.0900e-01
2503 +8.692637351e-03 +8.692637351e-03 +1.195486926e+02 +1.195486926e+02 +1.3155e+00 +9.0964e-01
3118 +2.306123007e-03 +2.306123007e-03 +1.195423061e+02 +1.195423061e+02 +1.3185e+00 +9.0896e-01
3522 +1.277451563e-03 +1.277451563e-03 +1.195412775e+02 +1.195412775e+02 +1.3184e+00 +9.0894e-01
3882 +9.988706013e-04 +9.988706013e-04 +1.195409989e+02 +1.195409989e+02 +1.3187e+00 +9.0891e-01
4001 +2.505747505e-04 +2.505747505e-04 +1.195402506e+02 +1.195402506e+02 +1.3190e+00 +9.0884e-01
4108 +6.252191037e-05 +6.252191037e-05 +1.195400625e+02 +1.195400625e+02 +1.3192e+00 +9.0880e-01
4394 +3.140903409e-05 +3.140903409e-05 +1.195400314e+02 +1.195400314e+02 +1.3192e+00 +9.0880e-01
% function evaluation | noise-free fitness - Fopt (6.983000000000e+01) | best noise-free fitness - Fopt | measured fitness | best measured fitness | x1 | x2...
1 +1.119877266e+02 +1.119877266e+02 +1.818177266e+02 +1.818177266e+02 +1.9406e+00 -1.8111e-01
4 +6.413127320e+01 +6.413127320e+01 +1.339612732e+02 +1.339612732e+02 -3.3615e+00 +5.9247e-01
5 +6.302747842e+00 +6.302747842e+00 +7.613274784e+01 +7.613274784e+01 -3.8351e+00 -1.2923e+00
43 +3.375564995e+00 +3.375564995e+00 +7.320556499e+01 +7.320556499e+01 +2.0993e-01 -2.2154e+00
294 +1.027655038e+00 +1.027655038e+00 +7.085765504e+01 +7.085765504e+01 -2.3070e+00 -1.5678e+00
776 +7.273132111e-01 +7.273132111e-01 +7.055731321e+01 +7.055731321e+01 -2.3329e+00 -1.5873e+00
1773 +6.306548138e-01 +6.306548138e-01 +7.046065481e+01 +7.046065481e+01 -2.5025e+00 -1.5431e+00
1800 +3.907784876e-01 +3.907784876e-01 +7.022077849e+01 +7.022077849e+01 -2.6183e+00 -1.5256e+00
1869 +1.686699052e-01 +1.686699052e-01 +6.999866991e+01 +6.999866991e+01 -3.0184e+00 -1.4396e+00
2023 +1.166834473e-01 +1.166834473e-01 +6.994668345e+01 +6.994668345e+01 -2.9556e+00 -1.4467e+00
2423 +7.120400556e-02 +7.120400556e-02 +6.990120401e+01 +6.990120401e+01 -2.9378e+00 -1.4465e+00
2467 +3.201635220e-02 +3.201635220e-02 +6.986201635e+01 +6.986201635e+01 -2.8967e+00 -1.4507e+00
4282 +2.030255907e-02 +2.030255907e-02 +6.985030256e+01 +6.985030256e+01 -2.8576e+00 -1.4575e+00
4745 +7.661059958e-03 +7.661059958e-03 +6.983766106e+01 +6.983766106e+01 -2.8742e+00 -1.4544e+00
% function evaluation | noise-free fitness - Fopt (7.000000000000e-02) | best noise-free fitness - Fopt | measured fitness | best measured fitness | x1 | x2...
1 +3.178713440e+02 +3.178713440e+02 +3.179413440e+02 +3.179413440e+02 -2.9658e-01 +2.5403e+00
3 +1.207682971e+02 +1.207682971e+02 +1.208382971e+02 +1.208382971e+02 +2.4883e+00 -3.0739e+00
12 +9.648077160e+01 +9.648077160e+01 +9.655077160e+01 +9.655077160e+01 +5.3696e-01 -1.5976e+00
30 +3.339219980e+01 +3.339219980e+01 +3.346219980e+01 +3.346219980e+01 +4.6694e+00 -4.9893e+00
36 +1.329791642e+01 +1.329791642e+01 +1.336791642e+01 +1.336791642e+01 +4.3112e+00 -2.9134e+00
48 +7.851660229e+00 +7.851660229e+00 +7.921660229e+00 +7.921660229e+00 +3.4590e+00 -7.4592e-01
91 +2.523102088e+00 +2.523102088e+00 +2.593102088e+00 +2.593102088e+00 +4.2120e+00 -3.2776e+00
150 +2.485302697e+00 +2.485302697e+00 +2.555302697e+00 +2.555302697e+00 +4.0928e+00 -2.7675e+00
358 +8.990120133e-01 +8.990120133e-01 +9.690120133e-01 +9.690120133e-01 +3.9537e+00 -2.5639e+00
616 +4.690962900e-01 +4.690962900e-01 +5.390962900e-01 +5.390962900e-01 +3.7006e+00 -1.8472e+00
1054 +3.652707869e-01 +3.652707869e-01 +4.352707869e-01 +4.352707869e-01 +3.6473e+00 -1.7570e+00
1239 +2.147712337e-01 +2.147712337e-01 +2.847712337e-01 +2.847712337e-01 +3.7424e+00 -2.0079e+00
1802 +1.263457086e-01 +1.263457086e-01 +1.963457086e-01 +1.963457086e-01 +3.7037e+00 -1.8933e+00
2607 +9.984628484e-02 +9.984628484e-02 +1.698462848e-01 +1.698462848e-01 +3.7006e+00 -1.8759e+00
2862 +5.820047003e-02 +5.820047003e-02 +1.282004700e-01 +1.282004700e-01 +3.7485e+00 -2.0201e+00
3502 +3.202246974e-02 +3.202246974e-02 +1.020224697e-01 +1.020224697e-01 +3.7505e+00 -2.0222e+00
3516 +2.025434395e-02 +2.025434395e-02 +9.025434395e-02 +9.025434395e-02 +3.7450e+00 -2.0083e+00
3864 +1.178106703e-02 +1.178106703e-02 +8.178106703e-02 +8.178106703e-02 +3.7417e+00 -1.9996e+00
4053 +3.853404553e-03 +3.853404553e-03 +7.385340455e-02 +7.385340455e-02 +3.7403e+00 -1.9958e+00
4187 +1.381506002e-03 +1.381506002e-03 +7.138150600e-02 +7.138150600e-02 +3.7404e+00 -1.9957e+00
4813 +9.868457431e-04 +9.868457431e-04 +7.098684574e-02 +7.098684574e-02 +3.7405e+00 -1.9959e+00
% function evaluation | noise-free fitness - Fopt (4.960000000000e+00) | best noise-free fitness - Fopt | measured fitness | best measured fitness | x1 | x2...
1 +1.014759798e+02 +1.014759798e+02 +1.064359798e+02 +1.064359798e+02 -2.3740e+00 +4.9762e+00
3 +4.960937235e+01 +4.960937235e+01 +5.456937235e+01 +5.456937235e+01 +4.2398e+00 +2.0440e+00
12 +2.414277066e+01 +2.414277066e+01 +2.910277066e+01 +2.910277066e+01 +2.4914e+00 +3.3513e+00
19 +4.262012301e+00 +4.262012301e+00 +9.222012301e+00 +9.222012301e+00 +2.7339e+00 +2.2308e+00
227 +3.184569726e+00 +3.184569726e+00 +8.144569726e+00 +8.144569726e+00 +1.5286e+00 +3.7281e+00
432 +2.710267758e-01 +2.710267758e-01 +5.231026776e+00 +5.231026776e+00 +3.1187e+00 +1.9755e+00
1634 +3.173659328e-02 +3.173659328e-02 +4.991736593e+00 +4.991736593e+00 +3.2706e+00 +1.8083e+00
2514 +2.478482331e-02 +2.478482331e-02 +4.984784823e+00 +4.984784823e+00 +3.2703e+00 +1.8083e+00
3815 +9.604072825e-03 +9.604072825e-03 +4.969604073e+00 +4.969604073e+00 +3.2668e+00 +1.8111e+00
% function evaluation | noise-free fitness - Fopt (1.923000000000e+02) | best noise-free fitness - Fopt | measured fitness | best measured fitness | x1 | x2...
1 +1.202630776e+02 +1.202630776e+02 +3.125630776e+02 +3.125630776e+02 -3.7879e+00 +4.9967e+00
8 +8.116928036e+01 +8.116928036e+01 +2.734692804e+02 +2.734692804e+02 -2.2428e+00 +2.8693e+00
11 +2.982837606e+01 +2.982837606e+01 +2.221283761e+02 +2.221283761e+02 -4.2541e+00 +2.5291e+00
54 +1.577335132e+01 +1.577335132e+01 +2.080733513e+02 +2.080733513e+02 -4.2226e+00 +8.9428e-01
138 +9.604796469e+00 +9.604796469e+00 +2.019047965e+02 +2.019047965e+02 -3.7901e+00 +1.1206e+00
189 +5.047039486e+00 +5.047039486e+00 +1.973470395e+02 +1.973470395e+02 -3.6823e+00 +1.5375e+00
223 +1.390373270e+00 +1.390373270e+00 +1.936903733e+02 +1.936903733e+02 -3.0487e+00 +4.0734e+00
936 +9.918969482e-01 +9.918969482e-01 +1.932918969e+02 +1.932918969e+02 -3.1964e+00 +3.3945e+00
1485 +1.752918917e-01 +1.752918917e-01 +1.924752919e+02 +1.924752919e+02 -2.9635e+00 +4.1271e+00
1869 +1.234223919e-01 +1.234223919e-01 +1.924234224e+02 +1.924234224e+02 -2.9937e+00 +4.0467e+00
2753 +7.670341587e-02 +7.670341587e-02 +1.923767034e+02 +1.923767034e+02 -2.9943e+00 +4.0361e+00
2833 +5.787464464e-02 +5.787464464e-02 +1.923578746e+02 +1.923578746e+02 -2.9961e+00 +4.0324e+00
3741 +2.094509725e-02 +2.094509725e-02 +1.923209451e+02 +1.923209451e+02 -3.0139e+00 +3.9792e+00
4110 +1.563745365e-02 +1.563745365e-02 +1.923156375e+02 +1.923156375e+02 -3.0164e+00 +3.9699e+00
4414 +9.818513452e-03 +9.818513452e-03 +1.923098185e+02 +1.923098185e+02 -3.0116e+00 +3.9846e+00
% function evaluation | noise-free fitness - Fopt (4.971000000000e+01) | best noise-free fitness - Fopt | measured fitness | best measured fitness | x1 | x2...
1 +1.072445470e+02 +1.072445470e+02 +1.569545470e+02 +1.569545470e+02 +3.9842e+00 +4.8849e-02
4 +5.407436365e+01 +5.407436365e+01 +1.037843636e+02 +1.037843636e+02 +2.9718e+00 -4.8641e+00
5 +3.008857269e+01 +3.008857269e+01 +7.979857269e+01 +7.979857269e+01 +4.3874e+00 -3.6750e+00
8 +8.213448355e+00 +8.213448355e+00 +5.792344835e+01 +5.792344835e+01 +2.3236e+00 -4.2716e+00
61 +4.877799756e+00 +4.877799756e+00 +5.458779976e+01 +5.458779976e+01 +3.9670e+00 -3.6898e+00
77 +2.917978067e+00 +2.917978067e+00 +5.262797807e+01 +5.262797807e+01 +5.0000e+00 -3.0668e+00
118 +2.420799870e+00 +2.420799870e+00 +5.213079987e+01 +5.213079987e+01 +5.0000e+00 -3.0420e+00
282 +1.449548632e+00 +1.449548632e+00 +5.115954863e+01 +5.115954863e+01 +4.1246e+00 -3.5334e+00
992 +1.175577239e-01 +1.175577239e-01 +4.982755772e+01 +4.982755772e+01 +3.8319e+00 -3.6543e+00
1872 +9.765434408e-02 +9.765434408e-02 +4.980765434e+01 +4.980765434e+01 +3.8271e+00 -3.6568e+00
3128 +4.998772564e-02 +4.998772564e-02 +4.975998773e+01 +4.975998773e+01 +3.7295e+00 -3.7090e+00
3427 +3.631085542e-02 +3.631085542e-02 +4.974631086e+01 +4.974631086e+01 +3.7349e+00 -3.7072e+00
3488 +7.550210710e-03 +7.550210710e-03 +4.971755021e+01 +4.971755021e+01 +3.7357e+00 -3.7064e+00
4628 +3.254145252e-03 +3.254145252e-03 +4.971325415e+01 +4.971325415e+01 +3.7438e+00 -3.7022e+00
4871 +1.096057797e-03 +1.096057797e-03 +4.971109606e+01 +4.971109606e+01 +3.7439e+00 -3.7021e+00
% function evaluation | noise-free fitness - Fopt (2.051200000000e+02) | best noise-free fitness - Fopt | measured fitness | best measured fitness | x1 | x2...
1 +1.337668932e+02 +1.337668932e+02 +3.388868932e+02 +3.388868932e+02 -2.1518e-01 -4.7827e+00
2 +7.666303178e+00 +7.666303178e+00 +2.127863032e+02 +2.127863032e+02 -2.7464e-01 +1.4708e+00
49 +3.035885945e+00 +3.035885945e+00 +2.081558859e+02 +2.081558859e+02 -3.3577e-01 +1.7456e+00
188 +2.492917927e+00 +2.492917927e+00 +2.076129179e+02 +2.076129179e+02 -6.9840e-01 +2.7222e+00
293 +1.178041287e+00 +1.178041287e+00 +2.062980413e+02 +2.062980413e+02 -1.1313e+00 +3.6775e+00
564 +6.967639217e-01 +6.967639217e-01 +2.058167639e+02 +2.058167639e+02 -1.2504e+00 +4.1034e+00
1170 +5.933128845e-01 +5.933128845e-01 +2.057133129e+02 +2.057133129e+02 -1.2320e+00 +4.0632e+00
1357 +2.768102988e-01 +2.768102988e-01 +2.053968103e+02 +2.053968103e+02 -1.2090e+00 +3.9894e+00
1635 +5.485288506e-02 +5.485288506e-02 +2.051748529e+02 +2.051748529e+02 -1.1987e+00 +3.9327e+00
2357 +3.430293848e-02 +3.430293848e-02 +2.051543029e+02 +2.051543029e+02 -1.1994e+00 +3.9270e+00
2434 +7.936211075e-03 +7.936211075e-03 +2.051279362e+02 +2.051279362e+02 -1.1957e+00 +3.9141e+00
4066 +6.167684172e-03 +6.167684172e-03 +2.051261677e+02 +2.051261677e+02 -1.1941e+00 +3.9080e+00
4244 +3.934695620e-03 +3.934695620e-03 +2.051239347e+02 +2.051239347e+02 -1.1944e+00 +3.9091e+00
4330 +1.118639110e-03 +1.118639110e-03 +2.051211186e+02 +2.051211186e+02 -1.1939e+00 +3.9074e+00
4388 +9.831187583e-04 +9.831187583e-04 +2.051209831e+02 +2.051209831e+02 -1.1938e+00 +3.9071e+00
% function evaluation | noise-free fitness - Fopt (-1.729000000000e+02) | best noise-free fitness - Fopt | measured fitness | best measured fitness | x1 | x2...
1 +9.556118964e+01 +9.556118964e+01 -7.733881036e+01 -7.733881036e+01 -2.0987e+00 -1.5209e+00
8 +4.086489020e+01 +4.086489020e+01 -1.320351098e+02 -1.320351098e+02 -2.9059e+00 -2.4447e+00
10 +1.093954979e+01 +1.093954979e+01 -1.619604502e+02 -1.619604502e+02 -3.3562e+00 -1.7433e+00
11 +3.490880325e+00 +3.490880325e+00 -1.694091197e+02 -1.694091197e+02 -3.8168e+00 -1.8575e+00
32 +1.393079005e+00 +1.393079005e+00 -1.715069210e+02 -1.715069210e+02 -3.8844e+00 -1.9945e+00
77 +9.163493187e-01 +9.163493187e-01 -1.719836507e+02 -1.719836507e+02 -2.5058e+00 -5.1104e-01
882 +3.629511681e-01 +3.629511681e-01 -1.725370488e+02 -1.725370488e+02 -2.8213e+00 -9.0706e-01
1054 +1.393488910e-01 +1.393488910e-01 -1.727606511e+02 -1.727606511e+02 -2.9335e+00 -1.0342e+00
2180 +5.158224975e-02 +5.158224975e-02 -1.728484178e+02 -1.728484178e+02 -2.9453e+00 -1.0414e+00
2682 +1.383279145e-02 +1.383279145e-02 -1.728861672e+02 -1.728861672e+02 -2.9337e+00 -1.0299e+00
2735 +3.573996853e-03 +3.573996853e-03 -1.728964260e+02 -1.728964260e+02 -2.9302e+00 -1.0263e+00
3008 +1.407288833e-03 +1.407288833e-03 -1.728985927e+02 -1.728985927e+02 -2.9308e+00 -1.0269e+00
3048 +9.980551513e-04 +9.980551513e-04 -1.728990019e+02 -1.728990019e+02 -2.9310e+00 -1.0269e+00
3949 +4.006093582e-04 +4.006093582e-04 -1.728995994e+02 -1.728995994e+02 -2.9311e+00 -1.0271e+00
3989 +2.387158823e-04 +2.387158823e-04 -1.728997613e+02 -1.728997613e+02 -2.9312e+00 -1.0272e+00
4295 +4.082941913e-05 +4.082941913e-05 -1.728999592e+02 -1.728999592e+02 -2.9312e+00 -1.0272e+00
4335 +3.773746326e-05 +3.773746326e-05 -1.728999623e+02 -1.728999623e+02 -2.9312e+00 -1.0272e+00
% function evaluation | noise-free fitness - Fopt (-3.506200000000e+02) | best noise-free fitness - Fopt | measured fitness | best measured fitness | x1 | x2...
1 +2.087399334e+01 +2.087399334e+01 -3.297460067e+02 -3.297460067e+02 -4.1442e+00 -2.7520e+00
28 +3.728727717e+00 +3.728727717e+00 -3.468912723e+02 -3.468912723e+02 -4.4504e+00 -4.9126e+00
126 +1.413731473e+00 +1.413731473e+00 -3.492062685e+02 -3.492062685e+02 -4.3876e+00 -4.9727e+00
220 +8.135774927e-01 +8.135774927e-01 -3.498064225e+02 -3.498064225e+02 -4.1870e+00 -4.4203e+00
958 +3.334981820e-01 +3.334981820e-01 -3.502865018e+02 -3.502865018e+02 -3.9204e+00 -3.7887e+00
1362 +1.581207017e-01 +1.581207017e-01 -3.504618793e+02 -3.504618793e+02 -3.9673e+00 -3.8831e+00
2514 +9.192356975e-02 +9.192356975e-02 -3.505280764e+02 -3.505280764e+02 -3.9117e+00 -3.7433e+00
2677 +5.229515896e-02 +5.229515896e-02 -3.505677048e+02 -3.505677048e+02 -3.8965e+00 -3.7182e+00
3080 +3.409715773e-02 +3.409715773e-02 -3.505859028e+02 -3.505859028e+02 -3.9084e+00 -3.7361e+00
3120 +7.746593032e-03 +7.746593032e-03 -3.506122534e+02 -3.506122534e+02 -3.9073e+00 -3.7351e+00
3726 +4.434815956e-03 +4.434815956e-03 -3.506155652e+02 -3.506155652e+02 -3.9108e+00 -3.7430e+00
3914 +3.463967307e-03 +3.463967307e-03 -3.506165360e+02 -3.506165360e+02 -3.9107e+00 -3.7427e+00
4120 +1.005620519e-03 +1.005620519e-03 -3.506189944e+02 -3.506189944e+02 -3.9098e+00 -3.7406e+00
4400 +9.884478079e-04 +9.884478079e-04 -3.506190116e+02 -3.506190116e+02 -3.9099e+00 -3.7406e+00
