% function evaluation | noise-free fitness - Fopt (-1.025500000000e+02) | best noise-free fitness - Fopt | measured fitness | best measured fitness | x1 | x2...
1 +5.728217420e+01 +5.728217420e+01 -4.526782580e+01 -4.526782580e+01 +2.3237e+00 +3.3096e+00 -3.2717e+00 -5.7324e-01 -4.6794e+00 +2.1344e-01 +4.2579e+00 -2.9010e+00 +3.0972e+00 +1.6048e+00 +3.1612e+00 +3.9599e+00 -2.2486e+00 +3.4119e+00 +3.5543e+00 +3.3593e+00 -1.9353e+00 -2.0754e+00 +1.7726e+00 +1.4660e+00
2 +3.596307823e+01 +3.596307823e+01 -6.658692177e+01 -6.658692177e+01 +3.4010e+00 +1.5728e+00 -2.0117e-01 +8.6709e-01 -1.7918e+00 -1.6025e+00 -7.9525e-01 -2.0147e+00 -2.5582e-01 +1.3641e+00 +2.4039e+00 +4.0784e+00 +1.4175e+00 +3.0992e+00 -3.3289e+00 +2.4294e+00 +2.9446e+00 +4.6046e+00 +1.1476e+00 -2.3998e+00
7 +2.396887533e+01 +2.396887533e+01 -7.858112467e+01 -7.858112467e+01 -1.8667e+00 +3.0087e+00 -3.8928e-01 -2.7977e+00 -3.7324e+00 +2.5594e+00 -5.2072e-01 +1.5507e+00 -1.4734e+00 -1.7011e+00 -2.2827e+00 -1.4826e+00 +1.0691e+00 -1.0441e-01 -2.8539e-01 +9.2962e-01 -3.3123e+00 +3.8163e+00 +1.9531e-01 +2.6114e+00
220 +1.446622772e+01 +1.446622772e+01 -8.808377228e+01 -8.808377228e+01 -7.8956e-01 +2.8579e+00 -2.4678e+00 -3.8143e+00 +3.9439e-01 -1.1026e+00 -1.8072e+00 -1.5827e+00 -2.0510e+00 -1.2985e+00 +1.8051e+00 -1.8917e+00 -3.2664e-01 +0.0000e+00 +1.3674e+00 +1.4725e+00 -1.3689e+00 +2.9431e-01 +1.3499e+00 +1.0494e-01
426 +9.592708112e+00 +9.592708112e+00 -9.295729189e+01 -9.295729189e+01 -2.0493e+00 +2.6628e+00 -2.2815e+00 -2.6498e+00 -3.6741e-01 +5.5327e-02 -5.5774e-01 +0.0000e+00 +1.1270e+00 -1.7823e-01 +1.0162e+00 +3.6818e-01 -1.0997e+00 -9.6096e-01 -2.9567e-01 -2.4634e+00 +6.9692e-01 +7.1089e-01 -4.1385e-01 +1.0809e+00
6577 +6.199154607e+00 +6.199154607e+00 -9.635084539e+01 -9.635084539e+01 -2.3104e+00 -7.2939e-01 -3.0249e+00 -9.0464e-01 -1.9309e-01 -1.4133e+00 -2.1102e-01 -4.7172e-01 +6.2761e-01 +8.9478e-02 +9.0300e-02 -8.5827e-01 +3.9677e-01 -9.2762e-01 +7.4926e-01 -1.2288e-01 -2.5207e+00 +1.3606e+00 -1.2932e+00 -2.3788e+00
% function evaluation | noise-free fitness - Fopt (7.169000000000e+01) | best noise-free fitness - Fopt | measured fitness | best measured fitness | x1 | x2...
1 +2.598437973e+01 +2.598437973e+01 +9.767437973e+01 +9.767437973e+01 -1.9603e+00 -1.6664e+00 -1.2649e+00 -1.1945e+00 -2.9710e+00 -9.4171e-01 +7.0157e-01 +2.4851e+00 -1.6683e+00 -4.0328e-02 -8.9623e-01 +3.2514e+00 -2.3204e+00 +2.5611e+00 +2.3835e+00 -2.3482e+00 -4.7548e+00 -1.5585e-01 -2.3071e+00 +2.4445e+00
7 +2.352971194e+01 +2.352971194e+01 +9.521971194e+01 +9.521971194e+01 -2.3747e+00 +2.4627e+00 -6.0132e-01 -1.1373e+00 -4.9736e+00 +1.4533e+00 -3.3920e+00 +2.2374e+00 -4.3103e+00 +3.8986e+00 +5.4919e-01 -2.1304e-01 +3.9201e+00 -1.6643e+00 -1.3084e+00 -9.4416e-01 +4.9497e-01 -1.3308e+00 -3.8506e-01 -2.3184e+00
134 +1.515994231e+01 +1.515994231e+01 +8.684994231e+01 +8.684994231e+01 -2.2384e-01 +2.9352e+00 -3.0408e+00 -1.1072e-01 -3.8664e+00 +1.6380e+00 +3.5720e-01 +2.3778e+00 -8.8612e-01 +3.1592e-01 -3.7812e-01 +1.3387e+00 +2.8468e+00 +1.3320e+00 -2.2267e+00 +0.0000e+00 -3.9793e-01 +3.4882e+00 +1.8063e+00 -1.5943e+00
1164 +9.301385033e+00 +9.301385033e+00 +8.099138503e+01 +8.099138503e+01 -5.2580e-01 +2.5064e+00 -2.7817e+00 -3.3230e+00 -3.5200e+00 +6.7900e-01 -3.2490e-01 +5.7922e-01 -7.9623e-01 -7.6194e-01 +6.5571e-03 +4.3898e+00 +2.9250e+00 +8.1990e-01 -2.1083e+00 -3.1848e+00 +2.2661e+00 +2.9837e+00 +1.3168e+00 -2.4973e+00
2033 +5.817639968e+00 +5.817639968e+00 +7.750763997e+01 +7.750763997e+01 -9.7341e-01 -2.1773e-01 -1.2684e+00 -9.5110e-01 +2.8101e-01 +2.0768e-01 +5.1669e-01 +1.2099e+00 -7.4650e-02 -1.5552e+00 -1.4198e-01 +1.6104e+00 +9.6007e-01 +1.0277e+00 -7.3289e-01 -1.5378e+00 -3.0912e-01 +2.7507e+00 +9.7804e-01 -1.3977e+00
17233 +3.944698048e+00 +3.944698048e+00 +7.563469805e+01 +7.563469805e+01 -1.3820e+00 -7.7215e-01 -1.3460e+00 -1.6031e+00 +8.0713e-01 +1.2770e-01 +1.2913e+00 +2.2967e+00 -7.4624e-02 -1.6701e+00 -8.4373e-02 +4.3452e-01 +9.6223e-01 -3.1675e-01 -6.1722e-01 -9.1912e-01 +3.7814e-01 +2.6043e+00 +6.8806e-01 -1.4134e+00
% function evaluation | noise-free fitness - Fopt (2.140100000000e+02) | best noise-free fitness - Fopt | measured fitness | best measured fitness | x1 | x2...
1 +1.124565773e+02 +1.124565773e+02 +3.264665773e+02 +3.264665773e+02 +4.1006e+00 -3.5746e+00 +1.8163e+00 +2.5563e+00 -3.8196e+00 -1.2313e+00 +3.1802e+00 +1.8882e+00 -1.2632e+00 +3.1574e+00 -4.4564e+00 -2.0792e+00 -2.5731e+00 -3.7167e+00 +4.6315e+00 +3.4091e-01 -4.8602e+00 -1.7707e+00 +3.4081e+00 +4.3029e+00
2 +7.812452611e+01 +7.812452611e+01 +2.921345261e+02 +2.921345261e+02 -4.7915e+00 -3.5794e+00 -3.3109e+00 +1.5100e+00 +3.2274e+00 +2.2655e+00 -4.1894e+00 +1.4683e+00 +4.5284e+00 -1.3981e+00 -4.3712e+00 +2.8971e+00 +4.0659e+00 +5.8076e-01 +4.4777e+00 -3.4390e-02 +1.9521e+00 +2.1164e+00 +2.5011e+00 +4.1229e+00
3 +2.846249462e+01 +2.846249462e+01 +2.424724946e+02 +2.424724946e+02 -8.4433e-01 +3.7745e+00 -2.8337e+00 +3.3839e+00 -6.0244e-02 +3.4221e+00 +1.2632e+00 -1.7114e+00 +2.1912e+00 -1.0781e+00 -7.5129e-01 +2.6148e+00 +2.5351e+00 -2.9831e+00 -1.1116e+00 +4.0787e+00 -2.3800e+00 +1.7577e+00 -1.0409e+00 +3.4851e+00
72 +1.961780166e+01 +1.961780166e+01 +2.336278017e+02 +2.336278017e+02 -3.9321e+00 +1.0403e+00 -2.5014e-01 +7.2172e-02 +6.7363e-01 +2.2866e-01 +8.6840e-01 -3.2072e+00 +2.8730e+00 +3.7664e-01 +1.0068e+00 +2.0150e+00 +2.1804e+00 +3.5488e+00 +2.7353e+00 -1.5355e+00 -1.5736e-01 +2.8804e+00 -4.9499e+00 +1.6711e+00
121 +1.538840624e+01 +1.538840624e+01 +2.293984062e+02 +2.293984062e+02 -5.9304e-01 -7.3787e-02 -2.3596e-01 -8.9119e-01 +5.7595e-01 -8.1752e-01 +2.3615e+00 -1.8641e-01 +4.2925e+00 -2.2693e-01 -1.1972e+00 -9.5743e-01 -2.1206e+00 -3.5363e+00 -1.2747e-01 -1.4432e+00 +1.8457e+00 -4.1398e-02 +0.0000e+00 -8.1214e-01
541 +7.728410257e+00 +7.728410257e+00 +2.217384103e+02 +2.217384103e+02 -1.9745e+00 -1.9134e+00 -3.9961e-01 +1.8743e+00 +6.2669e-01 +2.5658e+00 -3.1186e-01 -2.5585e+00 +2.6653e+00 -1.6138e+00 +3.4779e-01 +8.5894e-01 -4.6396e-01 -3.1983e+00 +2.1359e-01 -8.1808e-02 -1.3072e+00 +1.1369e-01 -2.6060e-01 +1.1018e+00
5641 +6.299782767e+00 +6.299782767e+00 +2.203097828e+02 +2.203097828e+02 -1.5764e+00 +7.9178e-01 +8.3583e-02 +1.7310e+00 +2.1234e-01 +1.3426e+00 +2.4027e+00 +1.3304e-01 +9.7840e-01 -1.4489e-01 -2.9323e-01 +9.9430e-01 -1.9899e-01 +6.4356e-01 -1.5144e+00 +5.3052e-01 -4.6860e-01 +2.0970e+00 -2.3080e-02 -1.2980e+00
29673 +3.664730898e+00 +3.664730898e+00 +2.176747309e+02 +2.176747309e+02 -7.7725e-01 -1.4692e+00 -3.3034e-01 +1.5904e+00 -5.6069e-01 -7.2278e-01 +3.0027e+00 +1.4600e-01 -2.2605e+00 +4.9435e-01 -2.0310e+00 +1.4814e+00 -2.3563e-02 +6.8133e-01 +2.0674e+00 +8.9937e-01 -5.3683e-01 +2.2662e+00 +3.1956e-01 -1.5427e+00
% function evaluation | noise-free fitness - Fopt (-5.848000000000e+01) | best noise-free fitness - Fopt | measured fitness | best measured fitness | x1 | x2...
1 +4.099180083e+01 +4.099180083e+01 -1.748819917e+01 -1.748819917e+01 -2.2944e-01 -3.9951e+00 +1.2094e+00 +9.2208e-01 +1.4838e-01 -4.6055e+00 -6.8707e-01 -4.0084e+00 +8.0235e-01 -3.6311e+00 +3.5996e+00 +1.3204e+00 -3.1157e+00 +3.5494e-01 -3.4781e+00 -8.3772e-01 -4.2465e-02 +4.1754e+00 -3.6670e+00 +2.4428e+00
9 +3.071328786e+01 +3.071328786e+01 -2.776671214e+01 -2.776671214e+01 +2.2327e+00 -1.7896e+00 -4.6110e+00 -3.3621e-01 +5.6495e-01 -1.6108e+00 +2.7646e+00 -1.5619e+00 -4.1837e+00 +3.3062e-02 -4.9852e+00 +1.3213e+00 -1.8405e+00 -3.5555e+00 +8.7182e-01 -2.6047e-01 +1.7772e+00 -1.0727e+00 +1.8922e+00 -5.0112e-01
36 +2.422911149e+01 +2.422911149e+01 -3.425088851e+01 -3.425088851e+01 -2.1397e+00 +2.6449e+00 +2.1278e+00 -2.8759e+00 -1.3454e+00 -3.7714e+00 -1.7451e-01 -1.4786e-01 -2.4217e+00 -3.4944e-02 -3.8275e-01 -3.0160e+00 -1.4041e+00 +6.6171e-01 +3.8084e-01 -2.6404e+00 +3.8467e+00 -1.0802e+00 +3.4866e+00 +2.9679e-01
124 +1.484198770e+01 +1.484198770e+01 -4.363801230e+01 -4.363801230e+01 +1.0889e+00 +1.7921e+00 +2.7773e-01 +1.2144e+00 -8.7231e-01 -1.0004e+00 -5.3164e-01 +2.9348e-01 +3.0296e-01 +3.9726e+00 -1.1172e+00 -1.6192e+00 +1.1054e+00 +0.0000e+00 +8.4723e-01 +3.7703e-01 +3.0176e+00 +3.9730e-01 +2.2652e+00 -4.8561e-01
567 +9.839611806e+00 +9.839611806e+00 -4.864038819e+01 -4.864038819e+01 +1.2098e+00 -1.6636e+00 -5.0550e-01 +2.1976e+00 +3.8052e-01 +5.8074e-01 +1.0877e+00 +1.9391e+00 -3.3126e-01 +2.3091e+00 +6.0116e-01 -2.1905e+00 -3.9519e+00 -1.5353e+00 +2.5070e+00 -2.4418e+00 +6.6470e-01 -3.5655e-01 +1.2561e-01 +5.3211e-01
4206 +6.235818247e+00 +6.235818247e+00 -5.224418175e+01 -5.224418175e+01 -1.4413e+00 -6.1799e-01 -9.7593e-02 +1.6305e+00 -1.6042e+00 -4.1427e-01 +1.4213e+00 +4.6467e-01 +2.7740e-01 +7.4320e-02 -2.2719e-01 -4.5535e+00 -1.9610e-01 -1.4143e+00 -3.1444e-01 -2.8317e+00 -1.2723e+00 +6.8778e-02 +9.8636e-01 -3.3193e-01
% function evaluation | noise-free fitness - Fopt (-6.130800000000e+02) | best noise-free fitness - Fopt | measured fitness | best measured fitness | x1 | x2...
1 +4.356590650e+01 +4.356590650e+01 -5.695140935e+02 -5.695140935e+02 +3.0693e+00 +4.2631e+00 -2.6658e+00 -4.2413e+00 +3.2538e+00 +3.0073e+00 -3.1446e+00 +3.5314e+00 -8.0254e-01 +6.9374e-01 +1.9628e+00 +1.2349e+00 -5.4109e-01 +4.3791e+00 +4.5389e+00 -3.8305e-01 +1.3296e+00 +2.6915e+00 -3.6530e+00 -3.8470e+00
5 +3.679513826e+01 +3.679513826e+01 -5.762848617e+02 -5.762848617e+02 -2.1003e+00 +3.5683e+00 +2.7651e+00 +3.4307e+00 -4.0857e-02 +3.6785e+00 +1.9088e+00 -4.8622e-01 +1.2711e+00 -1.3742e+00 +4.1472e+00 -1.4161e+00 +1.4137e+00 -2.4075e+00 +4.4949e+00 -1.9574e+00 +3.2731e+00 +4.6566e+00 +1.2055e+00 +4.8240e-01
37 +2.208574018e+01 +2.208574018e+01 -5.909942598e+02 -5.909942598e+02 -1.1009e-01 -4.0539e+00 +2.6166e+00 -2.1832e+00 +9.6732e-01 -7.6639e-01 +1.6522e+00 -1.3363e+00 -6.8349e-01 +4.7595e+00 +1.6836e+00 -1.3579e+00 +4.1702e+00 -4.1874e-01 +7.7679e-01 -1.5634e+00 -5.0267e-01 +1.7828e+00 -4.9696e-01 +1.4154e+00
117 +1.347300166e+01 +1.347300166e+01 -5.996069983e+02 -5.996069983e+02 -1.8855e-01 -5.3440e-01 +6.1810e-01 -5.9392e-01 -2.2009e-01 +3.7180e-01 +1.4108e+00 -3.6436e+00 -2.0428e+00 +1.2556e+00 +1.6067e+00 -1.0549e+00 +1.8585e+00 -2.5489e+00 +5.6409e-01 +2.4073e+00 -7.8733e-01 +2.0861e+00 -1.5844e-01 +1.9922e+00
298 +9.119036748e+00 +9.119036748e+00 -6.039609633e+02 -6.039609633e+02 +4.1485e-01 -5.2465e-02 +8.6663e-01 +1.7943e-01 -1.0063e+00 +8.1349e-01 +1.9157e+00 -3.7713e+00 -1.0931e+00 -8.1752e-02 -2.2498e+00 -1.6099e-01 +3.0915e-02 -1.7805e+00 +1.3091e+00 -4.7602e-01 -2.3845e+00 +2.3205e+00 +3.1997e+00 -1.0958e-01
5339 +6.028819490e+00 +6.028819490e+00 -6.070511805e+02 -6.070511805e+02 -1.2279e+00 +1.4724e+00 -1.8087e+00 -8.7895e-01 -2.0508e-01 +4.9984e-01 +5.5300e-01 -3.0884e-01 -7.1768e-01 -1.5756e+00 -1.1261e+00 -6.6684e-01 -1.4053e+00 -1.9429e+00 +1.1276e+00 -1.7549e-01 -1.4217e+00 +2.0846e+00 -1.7569e+00 +5.7948e-01
16543 +3.817530352e+00 +3.817530352e+00 -6.092624696e+02 -6.092624696e+02 +7.4271e-01 +5.8702e-01 +3.7210e-01 -1.4649e-02 +6.6755e-01 +2.8453e+00 +5.1469e-01 +1.8294e+00 -1.4615e+00 +1.8164e-01 -1.0143e+00 -4.2568e-01 -1.6268e+00 -1.1484e+00 +8.9135e-01 -6.0902e-01 -1.5482e+00 +6.4826e-01 -7.6850e-01 +4.4926e-01
% function evaluation | noise-free fitness - Fopt (-1.852700000000e+02) | best noise-free fitness - Fopt | measured fitness | best measured fitness | x1 | x2...
1 +7.092678102e+01 +7.092678102e+01 -1.143432190e+02 -1.143432190e+02 +1.4112e+00 -1.5993e+00 -4.4180e+00 -2.4241e+00 -3.8584e+00 -2.1231e+00 -4.4514e+00 -3.0927e+00 +2.7339e+00 -1.5472e+00 +8.4235e-01 +4.6560e+00 -1.0655e+00 -2.4368e+00 -3.5703e+00 +3.7420e+00 +3.0841e+00 +3.6841e+00 -4.0359e-01 +2.2250e+00
2 +4.020051814e+01 +4.020051814e+01 -1.450694819e+02 -1.450694819e+02 +2.0417e+00 -1.0106e+00 -4.2605e+00 +3.2332e+00 +8.2197e-01 +1.2606e+00 +1.2386e-01 -5.2153e-01 -1.0333e+00 +4.3959e+00 -4.1630e+00 -4.9435e-01 -3.4928e+00 -3.1738e+00 +2.0846e+00 -1.4978e+00 -4.0381e+00 +2.1405e+00 -4.2559e-01 -2.5677e-01
10 +2.556583997e+01 +2.556583997e+01 -1.597041600e+02 -1.597041600e+02 +3.5112e+00 +3.4852e-01 +6.4359e-01 -2.4419e+00 +2.7428e+00 -3.6662e+00 -8.1329e-02 +1.0652e+00 -1.0522e+00 +2.8281e-01 +2.9808e-01 -4.0247e+00 +1.5794e+00 -3.2786e+00 +2.4061e+00 -2.8983e+00 -7.0694e-01 +2.0153e+00 -2.4792e+00 +2.8565e+00
14 +1.995126769e+01 +1.995126769e+01 -1.653187323e+02 -1.653187323e+02 -3.9986e+00 -7.5975e-01 +3.2046e+00 -4.4786e+00 +8.5122e-01 +3.9012e+00 +1.0465e+00 +1.9696e+00 -3.3916e+00 +3.1282e+00 +3.4634e+00 -2.8698e+00 +1.1674e-01 -5.0191e-01 +3.6587e+00 -1.2258e-01 +1.8344e+00 +3.1456e-01 -2.4757e+00 -4.2009e+00
130 +1.384045617e+01 +1.384045617e+01 -1.714295438e+02 -1.714295438e+02 +2.7201e-01 -6.6920e-01 +1.2274e+00 -8.6763e-01 +3.7348e+00 +9.4420e-01 +3.6299e-01 -1.8185e+00 +1.0179e+00 +1.2190e+00 +1.6518e+00 -2.0567e+00 +8.5706e-02 +1.2038e+00 +2.7770e+00 -2.5623e+00 +1.1505e+00 +1.5068e+00 -1.6526e+00 -2.6017e+00
735 +8.301339745e+00 +8.301339745e+00 -1.769686603e+02 -1.769686603e+02 -6.6326e-02 -1.6173e+00 -8.4605e-01 -2.0993e+00 +3.7823e+00 +4.2937e-01 -4.4594e-01 -2.1682e+00 -1.7319e+00 +1.0478e+00 +2.7578e+00 -3.9832e+00 +4.6174e+00 -5.2515e-01 +2.9980e+00 +1.2806e+00 +1.7292e+00 +2.7398e+00 -3.9705e+00 -2.0235e-01
8789 +6.292982798e+00 +6.292982798e+00 -1.789770172e+02 -1.789770172e+02 -1.1714e+00 -2.8259e+00 -1.8736e-02 -2.9542e+00 +4.5637e+00 +1.3871e+00 +2.5987e+00 -1.2430e+00 -7.8879e-01 +1.9315e-01 +1.9862e+00 -3.9603e+00 +2.7909e+00 -1.5972e+00 +2.7829e+00 +5.0278e-01 +0.0000e+00 +7.5897e-02 -2.2694e+00 +2.4617e-01
% function evaluation | noise-free fitness - Fopt (3.747000000000e+01) | best noise-free fitness - Fopt | measured fitness | best measured fitness | x1 | x2...
1 +1.153051145e+02 +1.153051145e+02 +1.527751145e+02 +1.527751145e+02 -3.7155e+00 +4.3185e+00 -4.2897e+00 +7.5065e-01 +4.3828e+00 -3.1404e+00 -1.7755e-01 +3.9817e+00 -1.3844e+00 -3.0188e+00 +2.2840e+00 -2.9808e+00 -3.4950e+00 -7.0861e-01 +2.8376e+00 -2.6391e+00 -4.3291e+00 -2.0645e+00 +4.8088e+00 -2.7263e+00
2 +7.171646126e+01 +7.171646126e+01 +1.091864613e+02 +1.091864613e+02 -1.7330e+00 -7.9687e-01 -7.7674e-01 +3.5992e+00 -2.3217e+00 -9.1966e-01 -3.0555e-01 -4.4314e+00 -3.6027e+00 -2.9669e+00 +2.7362e+00 -2.9607e+00 -1.6153e+00 -4.7897e+00 -1.4326e+00 +3.1575e+00 -3.2549e+00 +5.6806e-01 +4.3392e+00 +2.2160e+00
3 +3.163950436e+01 +3.163950436e+01 +6.910950436e+01 +6.910950436e+01 +2.7716e+00 +4.3912e+00 -1.2832e+00 -4.4179e+00 -2.5638e+00 -2.3750e+00 +1.4313e+00 +3.8333e+00 +1.7169e+00 +3.0805e+00 -1.3240e+00 +8.8696e-01 -1.8766e+00 +1.3636e+00 -4.7451e+00 -2.1355e+00 -2.7637e+00 -1.9046e+00 +1.0728e+00 -2.4645e+00
49 +2.119513919e+01 +2.119513919e+01 +5.866513919e+01 +5.866513919e+01 +1.7502e+00 -2.2928e-01 -2.9011e+00 +3.6787e+00 +6.9220e-01 -1.5256e+00 +2.6124e+00 -2.4759e+00 -9.4327e-03 +3.8713e+00 +3.0698e+00 +4.1679e+00 +1.7508e-01 -3.1316e+00 -1.1095e+00 -5.5897e-01 -2.7627e+00 +1.1643e+00 -5.0000e+00 -1.5006e-01
135 +1.300795001e+01 +1.300795001e+01 +5.047795001e+01 +5.047795001e+01 +0.0000e+00 +2.7813e+00 -7.2488e-01 +8.6933e-01 -8.9790e-01 -3.7832e+00 +3.4499e+00 +7.4238e-01 +0.0000e+00 +2.5799e+00 +2.5617e+00 +1.7155e+00 +1.1082e+00 +6.0429e-01 +5.3620e-02 +2.2388e+00 -4.3081e-01 +2.8098e+00 +1.3353e+00 -2.3504e+00
782 +8.018756016e+00 +8.018756016e+00 +4.548875602e+01 +4.548875602e+01 +2.6148e+00 +2.1128e+00 +6.8047e-02 +1.0900e+00 -1.4759e-01 -2.5268e+00 +1.9625e+00 -5.9162e-01 +2.3700e+00 +2.8124e+00 +1.4535e+00 +3.0530e+00 -1.6566e+00 +2.6865e+00 -2.0186e-01 +3.0046e+00 -2.8680e+00 -8.5308e-01 +1.0472e+00 -2.5670e+00
1945 +6.241986374e+00 +6.241986374e+00 +4.371198637e+01 +4.371198637e+01 +1.3063e+00 +1.6296e+00 -1.4629e-01 +3.9325e-01 -1.1254e+00 -1.8723e+00 +2.4743e+00 +1.5842e+00 +1.3483e+00 +2.7311e+00 +1.5743e+00 +7.6251e-01 -1.0773e+00 +2.6011e+00 +4.2190e-01 +1.2266e+00 -2.7460e+00 -8.8334e-01 +1.9520e+00 -2.5060e+00
36599 +3.893889422e+00 +3.893889422e+00 +4.136388942e+01 +4.136388942e+01 +8.4715e-01 +1.6011e+00 -4.5483e-01 +4.0192e-01 -1.1288e+00 -2.1184e+00 +1.8519e+00 +1.6843e+00 +1.4514e+00 +2.5136e+00 +1.5659e+00 +7.6830e-01 -1.1058e+00 +2.9407e-01 +6.3390e-01 +1.0725e+00 -2.6020e+00 -3.5660e-01 +7.8116e-01 -2.2676e+00
% function evaluation | noise-free fitness - Fopt (-3.944700000000e+02) | best noise-free fitness - Fopt | measured fitness | best measured fitness | x1 | x2...
1 +6.782350380e+01 +6.782350380e+01 -3.266464962e+02 -3.266464962e+02 -2.7552e+00 +4.3505e+00 +1.6230e+00 +3.3220e+00 +1.7682e+00 +5.6619e-01 +1.1419e+00 +1.5534e+00 +4.3054e+00 +1.9152e+00 +4.3643e+00 +3.6285e+00 -3.0027e+00 -4.8673e+00 +4.5155e+00 +3.7643e+00 -2.6222e+00 +2.5599e+00 -1.9024e+00 +4.2661e+00
4 +3.061760744e+01 +3.061760744e+01 -3.638523926e+02 -3.638523926e+02 +1.0284e+00 -1.0357e+00 -3.4702e+00 +4.5068e+00 -2.0723e+00 +2.0763e+00 +1.0142e+00 +1.7186e+00 +2.5767e+00 -2.0444e+00 -3.7361e+00 +8.0578e-01 -1.8811e+00 +3.3004e+00 -2.5515e+00 -5.7309e-01 +3.1682e+00 -4.5253e+00 +3.3873e+00 +1.9741e-01
35 +2.451963456e+01 +2.451963456e+01 -3.699503654e+02 -3.699503654e+02 -1.8258e+00 -4.2845e+00 -2.5806e+00 +4.0223e+00 +3.8745e+00 +1.0863e+00 -1.9367e+00 +1.7944e+00 +9.9880e-01 +1.9289e+00 +3.2553e+00 -1.3262e-01 -4.3271e-01 -9.0303e-01 +8.4626e-01 -4.5705e+00 +2.0521e+00 -3.1649e+00 -2.3607e+00 -7.0179e-01
133 +1.505401912e+01 +1.505401912e+01 -3.794159809e+02 -3.794159809e+02 +3.8366e-01 +4.2388e+00 +1.1118e+00 -6.5369e-01 -2.5840e+00 +0.0000e+00 -2.2222e+00 -1.7952e+00 -5.1803e-02 +3.1518e-01 -7.0942e-01 -3.4630e+00 -3.7109e-02 +4.1476e+00 +2.1473e+00 -4.4290e-01 +6.7892e-01 -1.5853e+00 -2.7085e+00 -1.4596e+00
469 +9.742886220e+00 +9.742886220e+00 -3.847271138e+02 -3.847271138e+02 -2.7280e-01 +1.9468e+00 -2.3239e-01 +3.1831e-01 -1.9555e+00 -1.1545e-01 -2.1072e+00 -2.9917e-01 -6.4144e-01 +4.1822e-01 +3.0565e-01 -1.8411e+00 -1.2579e+00 +3.1818e+00 -1.8322e+00 +9.9141e-01 -3.0922e+00 -4.1331e-01 -2.7154e-01 -2.3065e+00
1933 +6.130395738e+00 +6.130395738e+00 -3.883396043e+02 -3.883396043e+02 +1.4649e-01 +8.6874e-01 -6.4957e-01 -6.1915e-01 +8.8916e-01 +9.3782e-01 +2.7322e-02 +1.2383e+00 -3.0026e-01 -1.5859e-02 +4.1377e-01 -1.7021e+00 -9.8756e-01 +3.0684e+00 -3.4524e-01 +1.1857e+00 -8.1643e-01 -1.0377e+00 +1.0844e-01 -7.0558e-01
% function evaluation | noise-free fitness - Fopt (-1.026200000000e+02) | best noise-free fitness - Fopt | measured fitness | best measured fitness | x1 | x2...
1 +6.233025414e+01 +6.233025414e+01 -4.028974586e+01 -4.028974586e+01 +1.1967e+00 -2.2335e+00 +2.0136e+00 -4.4146e+00 +4.6701e+00 +3.9979e+00 +3.2253e+00 +1.2985e+00 +2.4307e+00 -4.8276e+00 -2.9435e+00 +3.1107e+00 +1.2515e+00 -4.6728e+00 +4.9143e+00 -3.8062e+00 +3.8064e+00 +5.9300e-01 +1.3063e-01 +4.8071e+00
4 +3.511239287e+01 +3.511239287e+01 -6.750760713e+01 -6.750760713e+01 -2.2207e+00 -4.3550e+00 +4.1798e+00 -1.3235e+00 -1.8447e+00 +2.3401e+00 +1.4990e+00 +1.8770e+00 -4.0508e-01 +2.0544e-01 +4.3213e+00 +2.6530e+00 +4.6452e+00 +2.0591e+00 -2.2354e+00 +1.7994e+00 +1.4163e+00 +1.3167e+00 +1.1899e+00 +1.0870e+00
7 +2.135153639e+01 +2.135153639e+01 -8.126846361e+01 -8.126846361e+01 -3.8353e+00 +1.7673e+00 +3.8149e+00 +6.4373e-01 +1.5993e+00 -2.6113e+00 +1.0477e+00 +2.3900e+00 -1.7074e+00 -4.0308e+00 -2.0944e+00 +2.9291e-01 -4.9518e+00 -2.7449e-02 +1.6955e+00 +1.5752e-01 +3.8313e+00 -1.7494e+00 +1.2894e+00 +2.4309e+00
62 +1.412546711e+01 +1.412546711e+01 -8.849453289e+01 -8.849453289e+01 -6.8458e-01 +2.8749e+00 +2.9821e+00 +7.4933e-01 +1.7013e+00 -1.2543e+00 +1.2937e+00 +1.0160e+00 +1.4228e+00 -2.0850e+00 -1.0791e+00 +2.3080e+00 -1.2697e+00 -5.6222e-01 -1.2284e+00 -1.2151e+00 -1.6307e+00 +2.5656e-01 -1.7968e+00 +1.3316e+00
198 +9.807943857e+00 +9.807943857e+00 -9.281205614e+01 -9.281205614e+01 +5.7022e-01 +9.4450e-01 +2.2920e+00 +3.2538e+00 -5.8137e-01 +8.3115e-01 +3.2839e+00 +7.9100e-01 +1.6884e+00 -8.1268e-01 -3.2688e-01 -1.4526e+00 +1.3918e+00 +1.6659e+00 +1.9971e+00 +4.0043e-01 +1.1172e+00 +1.1600e+00 -4.3050e-01 -6.7826e-01
9620 +5.998661166e+00 +5.998661166e+00 -9.662133883e+01 -9.662133883e+01 -1.1939e-01 +6.9836e-01 +2.4954e+00 +7.8253e-01 -1.8469e+00 -1.4985e-01 +2.6437e+00 +1.2476e+00 +1.3614e+00 -5.6611e-01 +5.7805e-01 +1.8939e-02 -4.8150e-01 +1.9960e+00 -4.2245e-01 -1.8572e+00 +8.9862e-01 -1.9835e-01 -7.9964e-01 -3.8839e-01
21722 +3.935712351e+00 +3.935712351e+00 -9.868428765e+01 -9.868428765e+01 -1.1490e-01 +6.8486e-01 +2.4678e+00 +9.1047e-01 -1.6859e+00 -1.3953e-01 +2.7111e+00 +1.2708e+00 +1.4557e+00 -8.4287e-01 +5.8500e-01 +3.4480e-03 -1.4145e-01 +2.1816e+00 +6.0976e-01 -1.8763e+00 +1.1029e+00 +4.9216e-02 -6.7650e-01 +2.0424e+00
% function evaluation | noise-free fitness - Fopt (2.728300000000e+02) | best noise-free fitness - Fopt | measured fitness | best measured fitness | x1 | x2...
1 +4.556736507e+01 +4.556736507e+01 +3.183973651e+02 +3.183973651e+02 -4.4940e+00 +3.3810e-01 +4.3084e+00 -2.7738e+00 +3.2179e+00 +2.5964e+00 +1.3192e+00 -1.0574e+00 -9.2083e-01 -3.9959e+00 +8.7435e-01 +2.8492e-01 +3.5896e+00 -2.6865e+00 +3.4987e+00 +3.8776e+00 -2.0809e+00 -3.4338e+00 -1.4156e-01 +1.3174e+00
17 +3.780281608e+01 +3.780281608e+01 +3.106328161e+02 +3.106328161e+02 +3.1876e+00 +1.5150e+00 +5.9519e-01 -4.1444e-01 -3.8221e+00 +1.4319e+00 -2.8193e+00 +1.2091e+00 +4.0280e+00 +3.6975e+00 -4.1686e+00 +3.0927e+00 -1.1060e+00 +1.4277e+00 +4.7829e-01 -2.1197e+00 +4.1722e+00 -2.9370e+00 +3.0338e+00 +1.2018e+00
85 +1.778442896e+01 +1.778442896e+01 +2.906144290e+02 +2.906144290e+02 -1.9675e+00 +1.0182e+00 -6.3239e-01 -1.8296e+00 +1.6111e+00 +2.6145e+00 +1.6204e+00 -6.3090e-01 -3.7016e+00 +4.9748e-01 -2.5031e+00 +4.9866e-01 +1.1922e-02 -7.4270e-01 +2.9215e+00 -5.1845e-01 +1.6133e+00 +1.4048e+00 -2.9833e+00 -3.4388e+00
244 +1.393871876e+01 +1.393871876e+01 +2.867687188e+02 +2.867687188e+02 -9.0818e-01 +7.0424e-01 +1.0400e+00 -2.8779e-01 -1.9352e-01 +1.3478e+00 +6.3382e-02 -2.0867e+00 -2.3319e+00 +6.5631e-01 +3.8753e-01 -2.0469e+00 -4.0787e+00 +3.2960e+00 +3.1654e+00 +2.8456e+00 +9.0401e-01 -1.9655e+00 -7.3226e-01 -7.8588e-01
887 +9.840662384e+00 +9.840662384e+00 +2.826706624e+02 +2.826706624e+02 -5.3481e-02 +3.8749e-01 +1.4789e-01 +2.0500e+00 -8.2883e-02 +1.7124e+00 -1.0979e-01 -1.0007e+00 -1.2736e+00 +2.5986e-01 +1.3258e+00 -1.1877e+00 -2.3970e+00 +5.7462e-01 +4.6338e-01 +2.3700e+00 +5.6704e-01 -1.1547e-01 -3.5611e-01 +8.6089e-01
5068 +6.005370442e+00 +6.005370442e+00 +2.788353704e+02 +2.788353704e+02 -1.7233e+00 -5.3884e-01 +8.1912e-01 -1.7204e-01 +8.0359e-01 -1.0347e+00 +4.6128e-01 -5.4085e-01 +1.7930e+00 -4.4846e-01 +3.7882e-01 -1.1160e+00 +1.1775e+00 +8.5560e-01 -7.1137e-01 +9.6853e-01 +2.8116e+00 -3.6052e-01 +8.1925e-01 -8.0303e-01
% function evaluation | noise-free fitness - Fopt (-3.400000000000e+00) | best noise-free fitness - Fopt | measured fitness | best measured fitness | x1 | x2...
1 +6.714089930e+01 +6.714089930e+01 +6.374089930e+01 +6.374089930e+01 -2.0874e+00 -3.2510e+00 +2.1834e-01 -3.1991e-01 -1.8724e+00 -1.2048e+00 -4.0304e+00 +3.9167e+00 +3.4879e+00 -2.6094e+00 +2.1874e-01 -3.3290e+00 -3.8136e+00 -1.9766e+00 -3.6064e+00 +8.1807e-01 -2.7337e+00 +1.0561e+00 -2.9118e-01 +4.9239e+00
7 +3.588782762e+01 +3.588782762e+01 +3.248782762e+01 +3.248782762e+01 -3.2593e+00 +3.3043e+00 -3.8115e+00 +4.5935e+00 -1.2628e-01 -4.6655e+00 +4.0643e-01 +2.0342e+00 -8.1370e-01 +4.0334e+00 +2.3324e+00 +2.8577e+00 +3.0679e+00 +9.4683e-02 -7.1192e-01 +4.7869e-01 -2.2699e+00 +2.8470e+00 -2.0795e+00 +2.0953e-01
52 +2.089085144e+01 +2.089085144e+01 +1.749085144e+01 +1.749085144e+01 +3.8089e-01 +3.2331e-01 -1.4193e+00 +1.0499e+00 -5.8554e-01 +8.3216e-01 -1.6853e+00 -1.6103e+00 +9.9060e-01 -2.6122e+00 -2.2279e+00 +3.3700e-01 -2.6129e+00 +3.8625e+00 +1.9792e+00 +1.1960e+00 -3.1543e+00 -3.7035e+00 -6.7851e-01 +6.0320e-01
146 +1.488283317e+01 +1.488283317e+01 +1.148283317e+01 +1.148283317e+01 +2.1477e-01 +3.6811e-01 -4.0748e-02 +2.4751e+00 +3.2394e+00 +1.4378e+00 -3.0896e+00 -1.3478e+00 +9.5832e-01 +3.7968e-01 -9.5108e-01 +2.2341e+00 -1.5532e+00 +1.2518e+00 +0.0000e+00 +2.2409e+00 -2.0299e+00 +5.4634e-01 -9.5939e-01 +2.4515e+00
452 +9.812207929e+00 +9.812207929e+00 +6.412207929e+00 +6.412207929e+00 -3.2557e-01 -5.0197e-01 -5.6586e-01 +8.6197e-01 +1.1740e+00 +3.0610e-04 +2.3010e-01 -4.6599e+00 +3.7010e-01 -1.8642e-01 -3.1512e+00 +1.7354e+00 -2.1236e+00 -1.6925e+00 +9.9338e-01 +2.4185e+00 +5.7446e-01 -1.1732e-01 -1.1741e+00 +2.5687e+00
4596 +5.754911462e+00 +5.754911462e+00 +2.354911462e+00 +2.354911462e+00 +5.5911e-01 -1.0885e+00 -7.0460e-01 +1.9221e+00 +2.9417e+00 +2.5483e+00 -5.2240e-01 -3.4664e+00 -7.4072e-02 +1.3121e+00 -1.4916e+00 +7.4240e-01 -1.9066e+00 -1.3573e+00 +1.5325e+00 +1.8266e+00 +2.7816e-01 +1.5499e+00 -5.3549e-01 +4.3273e+00
% function evaluation | noise-free fitness - Fopt (-1.851700000000e+02) | best noise-free fitness - Fopt | measured fitness | best measured fitness | x1 | x2...
1 +6.564588568e+01 +6.564588568e+01 -1.195241143e+02 -1.195241143e+02 +4.5632e+00 -2.9880e+00 -2.7514e+00 -2.6725e+00 +1.9420e+00 -7.0404e-01 -3.4145e+00 -1.5036e+00 +3.6367e+00 -3.2788e+00 +2.0311e+00 +2.5852e+00 +6.0785e-02 -3.5056e+00 +2.9411e+00 +2.4100e+00 +4.9912e+00 +1.8526e+00 -3.5937e+00 +3.1378e+00
2 +4.994913455e+01 +4.994913455e+01 -1.352208654e+02 -1.352208654e+02 +1.5253e-01 +4.7642e+00 -1.2850e+00 +1.4908e+00 -3.1909e-01 +4.0791e+00 -1.4881e-01 +3.5638e+00 -2.8060e+00 +5.0243e-01 -6.0292e-01 +1.9144e+00 +2.3839e+00 -4.6058e+00 -4.9787e+00 -2.5727e+00 +1.1872e+00 -2.4565e+00 -1.4893e+00 -1.7236e+00
5 +3.659157184e+01 +3.659157184e+01 -1.485784282e+02 -1.485784282e+02 -1.1612e+00 +9.2339e-01 -3.4669e+00 +3.4676e+00 -2.6145e+00 +1.0497e+00 -3.0876e+00 -2.0193e+00 -2.7559e+00 +6.9329e-01 -1.9593e+00 +1.2883e+00 +2.7108e+00 +7.4717e-01 -4.0665e+00 +8.9123e-01 +3.9682e+00 +5.2585e-01 +4.0669e+00 -2.9333e+00
7 +2.154766532e+01 +2.154766532e+01 -1.636223347e+02 -1.636223347e+02 -1.6849e-01 -1.3195e-01 -3.0783e-01 -1.5865e+00 -4.8283e+00 -3.4046e+00 -9.3549e-01 +5.3972e-01 -1.9758e+00 +3.4389e+00 +3.5795e+00 -2.0679e+00 +2.4652e-01 -1.6108e+00 -1.1506e+00 -8.5158e-01 +1.5246e+00 +3.4196e+00 -1.5883e+00 -7.0700e-01
108 +1.101898912e+01 +1.101898912e+01 -1.741510109e+02 -1.741510109e+02 -1.2881e+00 +1.4113e+00 -2.3978e-01 +5.2775e-01 -2.1560e+00 +3.0465e+00 -1.6579e+00 +7.0804e-01 +7.2587e-01 +0.0000e+00 -9.5901e-01 -9.6762e-01 -3.6238e+00 -1.6134e+00 +2.2676e-01 +1.9258e+00 -1.3665e+00 +0.0000e+00 -3.6302e-01 -1.7148e+00
335 +9.718377712e+00 +9.718377712e+00 -1.754516223e+02 -1.754516223e+02 +7.8109e-01 +8.3593e-01 -6.5125e-01 +1.7348e+00 -2.3462e+00 +0.0000e+00 -1.8666e+00 +2.4706e-01 +6.2299e-01 -1.1405e+00 -2.2274e+00 -1.4235e+00 -2.1418e+00 -7.6861e-01 +0.0000e+00 +1.9599e+00 -1.1834e-01 +1.1728e+00 -1.1685e+00 -1.5722e+00
1693 +5.890118201e+00 +5.890118201e+00 -1.792798818e+02 -1.792798818e+02 +3.9154e-02 +1.7472e+00 -8.6899e-01 +5.6084e-01 +1.2075e+00 -8.2166e-01 +9.3519e-01 -9.5565e-01 -7.9442e-01 -7.6161e-02 +6.4578e-01 -9.2999e-01 -1.3910e-01 -2.6743e-01 +8.2177e-02 +2.4790e+00 -1.0274e+00 -1.1593e+00 -8.1070e-01 -2.9491e-01
% function evaluation | noise-free fitness - Fopt (1.013400000000e+02) | best noise-free fitness - Fopt | measured fitness | best measured fitness | x1 | x2...
1 +7.089807432e+01 +7.089807432e+01 +1.722380743e+02 +1.722380743e+02 +4.4927e+00 +2.2099e+00 -4.2865e+00 -1.6493e-01 -3.7378e+00 -2.3291e+00 +4.7337e+00 -1.7391e+00 -4.7720e+00 +2.3352e+00 -3.6020e+00 -2.1613e+00 -1.2695e+00 +5.2822e-01 -3.9730e+00 +2.4968e+00 +4.2199e+00 -3.6564e+00 +1.3788e+00 +2.2394e+00
3 +6.021064577e+01 +6.021064577e+01 +1.615506458e+02 +1.615506458e+02 +1.0366e+00 +4.5110e+00 -7.4368e-01 +1.5319e+00 +3.3255e+00 +1.1268e+00 +2.3043e+00 +3.1865e+00 +3.8852e+00 -3.3021e+00 +4.2052e+00 +1.9261e+00 +3.5270e+00 +4.9515e+00 -1.0899e+00 -4.3490e+00 -4.8725e+00 +4.9620e+00 -1.2653e+00 -1.0652e-01
10 +2.539462705e+01 +2.539462705e+01 +1.267346270e+02 +1.267346270e+02 +4.9285e+00 -1.1895e+00 -1.8079e+00 +3.1345e-01 -1.6414e+00 -3.0687e+00 +4.6545e-01 -5.5363e-01 +2.5747e+00 -3.4076e+00 +2.4011e+00 +4.8614e+00 +1.1013e+00 -1.0478e+00 -3.9251e+00 -9.2908e-02 +3.0325e-01 -6.5489e-02 +3.5341e+00 -2.8138e+00
55 +2.496027785e+01 +2.496027785e+01 +1.263002779e+02 +1.263002779e+02 +2.6977e+00 -2.2317e+00 -2.2923e+00 +3.6107e-01 -5.7233e-01 +7.2837e-01 -9.2263e-01 +2.9566e+00 +1.4152e+00 -1.2175e+00 -2.8242e+00 +2.3762e-01 +4.3342e+00 -3.6141e-01 +1.9245e+00 -4.7241e-01 -1.6827e-01 +5.0000e+00 +1.4672e+00 -1.7773e-01
140 +1.567302912e+01 +1.567302912e+01 +1.170130291e+02 +1.170130291e+02 +0.0000e+00 +2.1700e+00 -2.7857e+00 -6.0629e-01 -7.5678e-01 -1.6506e-01 -7.9313e-01 +1.5769e+00 +2.6916e+00 -1.7628e+00 +6.5816e-01 +1.8667e+00 -1.6967e+00 +3.9596e+00 -2.2457e+00 +3.7001e-01 +1.6264e+00 -5.7308e-01 +1.4381e+00 +1.9295e-01
662 +9.793394995e+00 +9.793394995e+00 +1.111333950e+02 +1.111333950e+02 -7.1258e-01 -3.5349e-01 -2.2461e+00 +1.1982e-01 +4.7620e-01 -6.8095e-01 +1.0118e+00 +1.7254e+00 -3.9339e-01 -1.3612e+00 -1.2919e+00 -6.9471e-01 -1.7606e+00 +2.9429e+00 +1.0188e+00 -5.1527e-01 +3.3438e+00 -9.1029e-01 -1.2400e+00 -8.0658e-01
3868 +5.869652411e+00 +5.869652411e+00 +1.072096524e+02 +1.072096524e+02 +3.2881e-01 -9.6008e-01 -1.3249e+00 -1.3932e-01 +5.1112e-01 +3.6148e-01 -2.8390e-01 -6.3179e-01 -7.7037e-01 -1.1196e+00 +3.4736e-01 -1.1313e+00 -3.0503e+00 +7.6472e-01 +3.4339e+00 -7.6887e-01 +1.6516e+00 -1.2059e+00 -6.9906e-01 -5.4272e-01
22085 +3.911811489e+00 +3.911811489e+00 +1.052518115e+02 +1.052518115e+02 +3.2209e-01 -7.3086e-01 -1.0036e+00 -2.5845e-01 +7.3279e-02 +2.5137e-01 +2.8901e-01 +3.0914e-01 -7.7990e-01 -1.0121e+00 -3.4644e-01 -1.1316e+00 -2.8387e+00 +3.6321e-01 +2.0962e+00 -1.3960e+00 +1.8147e+00 -3.2000e-01 -7.6195e-01 +3.1281e-01
% function evaluation | noise-free fitness - Fopt (-2.400000000000e+00) | best noise-free fitness - Fopt | measured fitness | best measured fitness | x1 | x2...
1 +4.503568089e+01 +4.503568089e+01 +4.263568089e+01 +4.263568089e+01 +3.6729e+00 -2.0583e+00 +4.1203e-01 +8.5191e-01 +3.6197e+00 -2.5560e+00 +3.0963e+00 +2.4844e+00 +8.1648e-01 +2.6522e-01 -3.0292e-04 -4.4660e+00 +2.0031e-01 +3.5352e+00 -4.3380e+00 +8.4196e-02 -3.9717e+00 +1.4021e+00 -3.8817e-01 -9.2036e-01
4 +3.727145565e+01 +3.727145565e+01 +3.487145565e+01 +3.487145565e+01 +1.7620e+00 +8.2439e-01 -1.0237e+00 -2.3713e+00 +2.2661e-01 -2.3104e+00 +4.7699e+00 -2.0486e+00 +1.9541e+00 -9.1831e-01 -1.3730e+00 +2.2690e-01 +1.0372e-01 +2.7191e+00 +4.4560e+00 +3.8446e+00 +4.8242e+00 -2.7124e-01 +2.6269e+00 -1.7287e+00
10 +2.029974630e+01 +2.029974630e+01 +1.789974630e+01 +1.789974630e+01 +4.2833e+00 +7.6296e-01 +3.9424e+00 +2.0606e+00 -1.4196e+00 +7.9130e-01 -3.0444e+00 +1.9224e-01 -1.7686e+00 -1.3628e+00 +8.6246e-01 +1.9889e+00 -1.6869e+00 -2.6866e+00 +3.4633e-01 +4.6380e+00 +2.3567e+00 +1.4138e+00 +7.3525e-01 -2.3102e+00
101 +1.192643051e+01 +1.192643051e+01 +9.526430511e+00 +9.526430511e+00 +1.2564e+00 +1.3199e+00 +0.0000e+00 -1.7954e+00 -5.0000e+00 +7.7962e-01 -4.0148e+00 -9.7949e-01 -5.0851e-01 +1.2462e+00 +6.4367e-01 +7.5405e-01 -1.5971e+00 +7.8788e-01 -1.0036e-01 -6.4931e-01 -8.6756e-02 -1.2153e+00 -2.4478e+00 +4.6935e-01
152 +9.288918286e+00 +9.288918286e+00 +6.888918286e+00 +6.888918286e+00 +1.0850e+00 +1.9557e+00 -6.4999e-01 +9.8132e-02 -5.9013e-01 -5.4843e-01 -1.9064e+00 +0.0000e+00 -1.5751e+00 -2.8915e-01 +5.6750e-01 +9.2239e-01 +0.0000e+00 +1.9063e+00 +2.5384e-02 +8.6568e-01 -3.8161e+00 -1.3042e+00 +1.9988e+00 +0.0000e+00
4016 +6.236170246e+00 +6.236170246e+00 +3.836170246e+00 +3.836170246e+00 +4.9654e-01 +9.0055e-01 -2.7623e-01 +2.9956e-01 -2.5787e+00 -3.7398e-01 -3.1712e+00 +9.2285e-01 -1.4548e+00 -6.8711e-01 +4.7098e-01 -6.3477e-01 +1.5361e-01 +1.6768e+00 -1.0338e+00 -9.1698e-02 -3.0426e-02 -6.5159e-01 -1.4747e+00 -3.1169e-01
% function evaluation | noise-free fitness - Fopt (-2.778000000000e+01) | best noise-free fitness - Fopt | measured fitness | best measured fitness | x1 | x2...
1 +9.596048549e+01 +9.596048549e+01 +6.818048549e+01 +6.818048549e+01 +1.2043e+00 -3.2900e+00 +4.7638e+00 +4.1253e+00 -7.5515e-01 +4.3311e+00 +5.5174e-01 -1.9938e+00 -4.7789e-02 +3.6412e+00 -4.3854e+00 -2.8424e+00 -1.1504e+00 +3.4630e+00 -3.5331e+00 -3.2088e+00 -3.2418e+00 +4.6387e-01 -4.6091e+00 -1.8171e+00
3 +3.640318506e+01 +3.640318506e+01 +8.623185062e+00 +8.623185062e+00 +3.4682e+00 +4.9845e+00 -3.6492e+00 -2.0456e-01 -5.8491e-01 +1.4711e-01 +3.3690e+00 -1.6859e+00 -9.0604e-01 +8.8303e-01 +1.9513e-01 -2.0480e+00 +1.4018e+00 -4.2693e+00 -8.0534e-02 +2.4721e-01 -2.8904e+00 -2.7924e+00 -1.2789e+00 +3.5213e+00
19 +2.422879955e+01 +2.422879955e+01 -3.551200454e+00 -3.551200454e+00 +2.8340e-01 +3.5351e+00 -2.2531e+00 -1.8937e+00 +8.4439e-01 +4.3404e+00 -1.3837e+00 -2.1355e+00 +6.2099e-02 -5.3414e-01 +3.6770e+00 -1.0138e-03 +4.1183e-01 +9.4321e-01 +1.7868e+00 -3.6922e-01 +3.7393e-01 -2.6793e+00 +4.4842e+00 +9.4593e-01
83 +1.032176965e+01 +1.032176965e+01 -1.745823035e+01 -1.745823035e+01 +1.4266e-01 +4.6521e+00 -1.3671e+00 +0.0000e+00 -2.1065e-01 -2.3908e-01 +2.4718e+00 +3.8611e-01 +1.1309e+00 -4.1359e-01 +0.0000e+00 -2.6030e-01 +1.1094e+00 +4.2147e-01 +1.6532e+00 +1.4630e+00 -1.0773e+00 -1.7857e+00 +1.9314e+00 -1.3355e+00
549 +9.984198554e+00 +9.984198554e+00 -1.779580145e+01 -1.779580145e+01 +1.3293e+00 +4.7474e+00 -1.4372e+00 -3.9213e-02 -7.7138e-01 +9.5738e-02 +2.4061e+00 -6.8063e-01 +1.0196e+00 -2.2409e-01 -1.5727e-01 -2.3832e-01 +7.4329e-01 +1.0899e+00 +2.9632e-01 +7.4765e-01 -1.1005e+00 -1.6741e+00 +2.2824e+00 +7.5567e-02
3044 +5.465125268e+00 +5.465125268e+00 -2.231487473e+01 -2.231487473e+01 +1.4158e+00 -1.3637e+00 -1.2010e+00 -1.7104e+00 +1.9059e+00 -1.3315e+00 +3.5294e-01 -1.7348e+00 +8.5299e-01 +2.5678e-01 -1.8666e-01 +8.1222e-01 -1.1323e+00 +4.2044e-01 +2.8108e-01 -9.9241e-01 +7.9564e-01 -1.9648e+00 -9.7752e-01 -1.7123e+00
