% function evaluation | noise-free fitness - Fopt (-5.235000000000e+01) | best noise-free fitness - Fopt | measured fitness | best measured fitness | x1 | x2...
1 +1.040154773e+02 +1.040154773e+02 +5.166547732e+01 +5.166547732e+01 -2.7915e+00 -2.6599e+00 -2.8021e+00 -1.6105e+00 -4.4779e+00 +4.3662e+00 +4.5550e-02 -3.1302e+00 +4.6115e+00 -1.1224e+00 +4.2618e+00 +3.7961e-01 +3.3424e+00 -1.2773e+00 -1.6176e+00 -1.4326e+00 -3.1276e+00 -3.4228e+00 +2.6075e+00 +1.3169e+00
28 +6.004173228e+01 +6.004173228e+01 +7.691732280e+00 +7.691732280e+00 +1.6416e+00 +8.7188e-02 -5.6746e-01 -1.2122e+00 -4.3864e-01 +2.1496e+00 +4.8148e+00 -1.8679e-01 -3.7434e-01 -2.2273e+00 -4.2704e-01 +3.8795e-01 -4.8086e+00 +2.3819e+00 +3.6220e+00 -2.1871e+00 +3.3703e+00 -1.1652e+00 +2.1058e+00 -1.8603e+00
132 +3.408328692e+01 +3.408328692e+01 -1.826671308e+01 -1.826671308e+01 +1.0514e+00 -3.3047e-02 +0.0000e+00 +3.0207e+00 -1.0723e+00 +3.5298e+00 -5.0044e-01 +9.0177e-02 +0.0000e+00 -2.7498e+00 -4.8428e-01 +0.0000e+00 -1.2217e-01 +0.0000e+00 +4.2538e+00 -1.8611e+00 -2.5168e+00 +4.7080e+00 +3.2560e+00 -1.4101e+00
289 +2.363675261e+01 +2.363675261e+01 -2.871324739e+01 -2.871324739e+01 -2.6703e+00 +8.9794e-01 -6.9523e-01 +0.0000e+00 -2.2330e+00 +3.5078e+00 -1.9472e+00 +0.0000e+00 +6.2118e-01 -5.0000e+00 -7.7006e-02 +3.5864e+00 +0.0000e+00 +0.0000e+00 +5.0000e+00 -2.2308e+00 -2.1673e+00 -9.8740e-01 -4.4615e-01 -4.9294e-01
871 +1.474030612e+01 +1.474030612e+01 -3.760969388e+01 -3.760969388e+01 -1.7709e+00 +6.9027e-01 +3.9924e-01 -2.8562e+00 -1.4082e+00 +4.5551e+00 -2.7667e+00 -1.4423e+00 +2.1452e+00 -3.0766e+00 +9.5509e-01 +1.4919e-01 +5.0000e+00 +1.8569e+00 +4.7135e+00 -2.0609e-01 -1.2355e+00 +2.7608e+00 -5.2203e-01 -2.8831e+00
1588 +9.511908719e+00 +9.511908719e+00 -4.283809128e+01 -4.283809128e+01 +2.8584e-01 -1.2350e+00 +3.2702e+00 -1.9898e+00 -3.1301e+00 +4.1880e+00 -3.4685e+00 -1.3128e+00 +4.1052e+00 -2.0679e+00 +2.1938e+00 -1.6534e-01 +3.5123e+00 +1.8405e+00 +1.6380e+00 -5.8656e-01 +0.0000e+00 +2.1844e+00 +1.5838e+00 -2.6269e+00
2318 +5.537217519e+00 +5.537217519e+00 -4.681278248e+01 -4.681278248e+01 -4.8804e-01 -1.0972e+00 +1.5840e+00 -2.5000e+00 -2.1182e+00 +3.6726e+00 -3.6662e+00 -1.5538e-01 +3.7040e+00 -2.5000e+00 +1.9581e+00 -2.1147e+00 +4.3269e+00 -1.6413e+00 +1.4120e-01 -2.6544e-01 +0.0000e+00 +8.0914e-02 +2.7427e+00 -4.8397e+00
3402 +3.785713528e+00 +3.785713528e+00 -4.856428647e+01 -4.856428647e+01 -7.6334e-01 -4.5669e-01 +2.6217e+00 -2.6036e+00 -1.3821e+00 +3.1560e+00 -3.3533e+00 -4.2733e-01 +2.2960e+00 -1.9290e+00 +1.8522e+00 -6.3256e-01 +4.2261e+00 -1.9379e+00 +5.0295e-01 +0.0000e+00 -6.5136e-01 +1.0416e+00 +3.1164e+00 -3.4645e+00
4401 +2.403798596e+00 +2.403798596e+00 -4.994620140e+01 -4.994620140e+01 -6.7228e-01 -1.3866e+00 +2.5457e+00 -2.9984e+00 -1.7453e+00 +3.0247e+00 -3.4260e+00 +4.5634e-01 +2.7470e+00 -1.5852e+00 +2.4794e+00 -6.6547e-01 +3.0683e+00 -1.0241e+00 +0.0000e+00 -3.1590e-02 -1.2500e+00 +1.4163e+00 +3.3263e+00 -3.8927e+00
12041 +7.126937248e-01 +7.126937248e-01 -5.163730628e+01 -5.163730628e+01 -8.4374e-01 -1.0255e+00 +2.5000e+00 -2.6723e+00 -1.0730e+00 +3.7500e+00 -3.8654e+00 +4.6873e-01 +2.7901e+00 -1.5625e+00 +3.1250e+00 -3.1250e-01 +3.3548e+00 -1.0624e+00 -1.7670e+00 +0.0000e+00 -1.0938e+00 +1.7666e+00 +3.1212e+00 -4.2085e+00
12564 +5.883756523e-01 +5.883756523e-01 -5.176162435e+01 -5.176162435e+01 -8.4400e-01 -1.0352e+00 +2.5000e+00 -2.6693e+00 -1.0938e+00 +3.7500e+00 -3.8606e+00 +4.6867e-01 +2.7773e+00 -1.5625e+00 +3.1250e+00 -3.1250e-01 +3.3538e+00 -1.0651e+00 -1.9740e+00 +1.6515e-01 -1.0938e+00 +1.7613e+00 +3.1188e+00 -4.2017e+00
12569 +3.377056928e-01 +3.377056928e-01 -5.201229431e+01 -5.201229431e+01 -8.4406e-01 -1.0336e+00 +2.5000e+00 -2.6698e+00 -1.0938e+00 +3.7500e+00 -3.8611e+00 +4.6873e-01 +2.7935e+00 -1.5625e+00 +3.1250e+00 -3.1250e-01 +3.3551e+00 -1.0643e+00 -1.9852e+00 +8.2721e-01 -1.0938e+00 +1.7627e+00 +3.1192e+00 -4.2089e+00
12761 +2.476248923e-01 +2.476248923e-01 -5.210237511e+01 -5.210237511e+01 -8.4315e-01 -1.0328e+00 +2.5000e+00 -2.6734e+00 -1.0938e+00 +3.7500e+00 -3.8594e+00 +4.6862e-01 +2.7923e+00 -1.5625e+00 +3.1250e+00 -3.1250e-01 +3.3541e+00 -1.0679e+00 -1.5354e+00 +1.3522e+00 -1.0938e+00 +1.7644e+00 +3.1220e+00 -4.2188e+00
16167 +1.551683885e-01 +1.551683885e-01 -5.219483161e+01 -5.219483161e+01 -8.4961e-01 -1.1717e+00 +2.5000e+00 -2.6563e+00 -1.0938e+00 +3.5556e+00 -3.8477e+00 +4.6631e-01 +2.7734e+00 -1.7481e+00 +3.1251e+00 -3.5675e-01 +3.3203e+00 -1.0547e+00 -1.6763e+00 +1.1601e+00 -1.1036e+00 +1.7578e+00 +3.1250e+00 -4.1992e+00
17051 +9.255110317e-02 +9.255110317e-02 -5.225744890e+01 -5.225744890e+01 -8.5820e-01 -1.2066e+00 +2.5000e+00 -2.5551e+00 -1.0938e+00 +3.5609e+00 -3.8477e+00 +1.8258e-01 +2.7734e+00 -1.7459e+00 +3.1251e+00 -3.5307e-01 +3.3203e+00 -1.0547e+00 -1.6791e+00 +1.1645e+00 -1.1094e+00 +1.7313e+00 +3.1250e+00 -4.1128e+00
17694 +6.186104129e-02 +6.186104129e-02 -5.228813896e+01 -5.228813896e+01 -8.9345e-01 -1.2237e+00 +2.5000e+00 -2.5115e+00 -1.2467e+00 +3.5715e+00 -3.8676e+00 +1.6755e-01 +2.8078e+00 -1.7438e+00 +3.0612e+00 -3.5128e-01 +3.3203e+00 -1.0518e+00 -1.6846e+00 +1.1652e+00 -1.1100e+00 +1.8403e+00 +3.1250e+00 -4.0943e+00
18745 +3.955074724e-02 +3.955074724e-02 -5.231044925e+01 -5.231044925e+01 -9.0402e-01 -1.2500e+00 +2.5565e+00 -2.5099e+00 -1.2914e+00 +3.5980e+00 -3.8370e+00 +1.6950e-01 +2.7761e+00 -1.7330e+00 +3.0063e+00 -3.5233e-01 +3.4198e+00 -9.9182e-01 -1.6873e+00 +1.1660e+00 -1.1127e+00 +1.7885e+00 +3.1250e+00 -4.1131e+00
% function evaluation | noise-free fitness - Fopt (-1.795400000000e+02) | best noise-free fitness - Fopt | measured fitness | best measured fitness | x1 | x2...
1 +6.669680213e+01 +6.669680213e+01 -1.128431979e+02 -1.128431979e+02 +1.5151e+00 +7.3948e-01 +3.6520e+00 +9.9513e-01 -5.3150e-01 -7.3714e-01 +3.6083e+00 +4.0301e+00 -2.9814e+00 -2.1572e+00 +6.7234e-02 +3.2632e+00 -8.8653e-02 +3.1073e+00 -8.0349e-01 -1.5505e+00 +6.6715e-01 +2.0075e+00 -5.0874e-01 -9.2647e-01
63 +4.704743555e+01 +4.704743555e+01 -1.324925644e+02 -1.324925644e+02 -4.6384e+00 +9.0979e-01 +1.0490e+00 +1.0850e+00 +5.0000e+00 -4.8900e+00 +3.6457e+00 +3.0418e+00 -3.3501e+00 +6.3079e-01 +3.0378e+00 +5.0000e+00 -2.6756e+00 +2.6684e+00 +5.2909e-01 -1.5274e+00 +3.8873e+00 +5.0000e+00 -4.0234e+00 -1.8247e+00
84 +3.209758919e+01 +3.209758919e+01 -1.474424108e+02 -1.474424108e+02 +2.1401e-01 -9.1593e-02 +1.6098e+00 +2.5129e+00 +2.4113e+00 -5.0000e+00 +3.2228e+00 +4.7589e+00 -2.4151e+00 +4.5645e-01 +1.2745e+00 +2.2981e+00 +0.0000e+00 +1.1567e+00 +3.4869e+00 -5.6961e-01 +1.8458e+00 +5.0000e+00 -2.5387e+00 -5.0000e+00
164 +1.586571331e+01 +1.586571331e+01 -1.636742867e+02 -1.636742867e+02 +9.2199e-01 +4.2447e-01 +1.0875e+00 +3.1730e+00 +1.4940e+00 +0.0000e+00 +3.6177e+00 +4.6601e+00 -1.9344e+00 +3.9828e+00 +2.2803e+00 +1.5829e+00 -5.0000e+00 +1.8886e+00 +0.0000e+00 +0.0000e+00 +5.0865e-01 +5.0000e+00 +1.3010e+00 -2.3905e+00
304 +1.526168256e+01 +1.526168256e+01 -1.642783174e+02 -1.642783174e+02 +5.7873e-01 +1.1613e+00 +1.0909e+00 +2.6918e+00 -6.3099e-01 +2.3549e-01 +3.4702e+00 +4.2102e+00 -1.7223e+00 +3.7337e+00 -1.4218e-01 +6.5087e-01 +0.0000e+00 +0.0000e+00 -9.1090e-01 +1.7830e+00 +4.0101e-01 +5.0000e+00 +2.3053e-01 -2.0579e+00
1029 +7.977755157e+00 +7.977755157e+00 -1.715622448e+02 -1.715622448e+02 -6.5272e-01 -5.7630e-01 -3.9017e+00 +4.8695e+00 +2.9808e+00 -1.8815e+00 +2.5718e+00 +2.8281e+00 +1.0854e+00 +8.2741e-01 -7.7881e-02 -1.6897e+00 -1.8514e+00 +1.2343e+00 +2.3500e-01 +9.7136e-01 +0.0000e+00 +5.0000e+00 +8.9258e-01 -6.9090e-01
1682 +6.050623470e+00 +6.050623470e+00 -1.734893765e+02 -1.734893765e+02 +0.0000e+00 +0.0000e+00 -4.2369e+00 +4.7279e+00 +3.8659e+00 -9.9389e-01 +3.1508e+00 +4.9249e+00 +7.8469e-01 +1.8414e+00 -2.9299e-01 +3.9804e-01 -2.4034e+00 +5.8209e-01 +2.5852e+00 +3.9096e-01 +4.3938e-02 +5.0000e+00 +1.8552e+00 -3.2441e+00
4327 +3.779562388e+00 +3.779562388e+00 -1.757604376e+02 -1.757604376e+02 +5.4047e-01 +8.5452e-01 -3.0440e+00 +3.7500e+00 +2.6782e+00 -1.2479e+00 +4.0239e+00 +5.0000e+00 +1.8641e-01 +1.3632e+00 +1.5101e-01 +7.5917e-01 -3.1440e-01 +1.9819e+00 +1.5228e+00 +2.9659e-01 -2.2595e+00 +5.0000e+00 +5.5683e-01 -1.7149e+00
5391 +2.354090050e+00 +2.354090050e+00 -1.771859099e+02 -1.771859099e+02 +5.8305e-01 -1.8472e-01 -3.2763e+00 +3.7500e+00 +3.9645e+00 -8.3922e-01 +3.8961e+00 +4.8586e+00 +3.5242e-02 +2.1818e+00 -1.9086e-01 +5.4210e-01 -1.0451e+00 +1.6301e+00 +2.1038e+00 +1.1836e+00 -2.5000e+00 +5.0000e+00 +2.3655e+00 -1.0773e+00
7308 +1.584297836e+00 +1.584297836e+00 -1.779557022e+02 -1.779557022e+02 +1.0582e+00 +4.3221e-01 -3.3329e+00 +3.7506e+00 +4.1031e+00 -8.3981e-01 +3.7852e+00 +4.6875e+00 +3.3966e-01 +2.4867e+00 -8.1602e-01 +5.0211e-01 -1.2630e+00 +1.3485e+00 +2.1836e+00 +1.2825e+00 -1.2742e+00 +5.0000e+00 +1.6525e+00 -9.3110e-01
12403 +8.401381889e-01 +8.401381889e-01 -1.786998618e+02 -1.786998618e+02 +8.4938e-01 +5.3048e-01 -3.4375e+00 +2.7540e+00 +4.2188e+00 -4.3381e-01 +4.0926e+00 +4.6875e+00 +0.0000e+00 +2.1875e+00 -9.3717e-01 +5.0831e-01 -1.2500e+00 +1.2500e+00 +2.1875e+00 +9.3768e-01 -1.4063e+00 +4.2706e+00 +1.5618e+00 -1.1138e+00
13521 +4.493376275e-01 +4.493376275e-01 -1.790906624e+02 -1.790906624e+02 +8.6490e-01 +5.3847e-01 -3.4375e+00 +2.4610e+00 +4.2188e+00 -4.7579e-01 +4.0625e+00 +4.3534e+00 +0.0000e+00 +2.1875e+00 -8.9844e-01 +5.4595e-01 -1.2500e+00 +1.2500e+00 +2.1875e+00 +9.3787e-01 -1.4063e+00 +3.7500e+00 +1.5624e+00 -1.0938e+00
13522 +3.750879267e-01 +3.750879267e-01 -1.791649121e+02 -1.791649121e+02 +8.5520e-01 +5.3776e-01 -3.4375e+00 +2.4614e+00 +4.2188e+00 -4.5881e-01 +4.0625e+00 +3.4255e+00 +0.0000e+00 +2.1875e+00 -8.9844e-01 +5.4688e-01 -1.2500e+00 +1.2500e+00 +2.1875e+00 +9.3775e-01 -1.4063e+00 +3.7500e+00 +1.5624e+00 -1.0938e+00
15246 +2.509466183e-01 +2.509466183e-01 -1.792890534e+02 -1.792890534e+02 +7.8127e-01 +5.4688e-01 -3.4375e+00 +2.3428e+00 +4.2188e+00 -5.1104e-01 +4.0625e+00 +3.8047e+00 +0.0000e+00 +2.1875e+00 -8.9844e-01 +5.4688e-01 -1.2500e+00 +1.0051e+00 +2.1875e+00 +9.4727e-01 -1.2670e+00 +3.7500e+00 +1.5625e+00 -1.0938e+00
18244 +1.576207698e-01 +1.576207698e-01 -1.793823792e+02 -1.793823792e+02 +7.8141e-01 +5.3397e-01 -3.4555e+00 +2.2298e+00 +3.8840e+00 -4.6875e-01 +4.0625e+00 +3.7500e+00 -1.4922e-02 +2.1400e+00 -7.2275e-01 +5.4688e-01 -1.2806e+00 +9.2279e-01 +2.0943e+00 +9.8281e-01 -1.1467e+00 +3.7500e+00 +1.8588e+00 -1.0533e+00
18758 +8.871917564e-02 +8.871917564e-02 -1.794512808e+02 -1.794512808e+02 +7.8138e-01 +5.2166e-01 -3.4557e+00 +2.2496e+00 +3.8950e+00 -4.6933e-01 +3.7477e+00 +3.7500e+00 -3.4799e-02 +2.2536e+00 -7.8292e-01 +5.0063e-01 -1.3423e+00 +8.8139e-01 +2.1496e+00 +1.0510e+00 -1.1310e+00 +3.7500e+00 +1.8319e+00 -1.0386e+00
18875 +5.632410565e-02 +5.632410565e-02 -1.794836759e+02 -1.794836759e+02 +7.8134e-01 +5.7610e-01 -3.4933e+00 +2.2593e+00 +3.8914e+00 -4.7001e-01 +3.7233e+00 +3.7500e+00 +8.8662e-02 +2.1349e+00 -6.8705e-01 +6.0969e-01 -1.3232e+00 +8.9222e-01 +2.2003e+00 +1.0512e+00 -1.1482e+00 +3.7500e+00 +1.8299e+00 -9.7452e-01
19123 +3.938413541e-02 +3.938413541e-02 -1.795006159e+02 -1.795006159e+02 +7.8148e-01 +5.3491e-01 -3.4749e+00 +2.2555e+00 +3.9093e+00 -4.6947e-01 +3.6728e+00 +3.7500e+00 +1.6001e-01 +2.2366e+00 -6.4856e-01 +6.0824e-01 -1.3970e+00 +8.9669e-01 +2.1936e+00 +1.0679e+00 -1.1618e+00 +3.7500e+00 +1.8153e+00 -9.8214e-01
% function evaluation | noise-free fitness - Fopt (7.731000000000e+01) | best noise-free fitness - Fopt | measured fitness | best measured fitness | x1 | x2...
1 +1.281923901e+02 +1.281923901e+02 +2.055023901e+02 +2.055023901e+02 +7.9398e-01 +3.0449e+00 +2.1422e+00 +4.2136e+00 +3.3762e+00 -4.1579e+00 +4.0084e+00 -4.1125e+00 +3.0114e+00 -4.3644e+00 -6.0778e-01 -1.3153e+00 -2.6336e+00 +4.9235e-01 +8.7549e-01 +2.5461e+00 -4.9239e+00 +3.5499e-01 +2.4877e+00 +4.6573e+00
2 +9.097978106e+01 +9.097978106e+01 +1.682897811e+02 +1.682897811e+02 +3.1556e+00 -4.8477e+00 +4.7654e+00 +3.8129e-01 +3.5153e+00 +1.0596e+00 -3.5980e+00 +1.2424e+00 -4.0871e+00 -4.1112e+00 -1.5117e+00 -1.2806e+00 +9.0756e-02 +1.0301e+00 +4.8932e+00 -3.0217e+00 -1.9193e+00 -3.7810e+00 +8.7395e-01 +2.5108e+00
9 +4.864136430e+01 +4.864136430e+01 +1.259513643e+02 +1.259513643e+02 +3.4159e+00 -2.3137e+00 -8.7567e-01 +2.4399e+00 +2.4462e+00 -2.4405e+00 +9.4053e-01 -5.3242e-01 -3.6793e+00 -1.2528e+00 +2.3613e-01 +2.7103e+00 +2.5341e+00 +1.1168e+00 +1.5699e-01 +1.1941e+00 +3.5537e+00 +3.1173e+00 +3.4426e+00 +4.9233e+00
54 +2.860427959e+01 +2.860427959e+01 +1.059142796e+02 +1.059142796e+02 +8.8605e-01 -1.3701e+00 -8.6624e-01 -5.0000e+00 -3.3515e-01 +2.5353e+00 +4.2600e-01 +1.8055e+00 +2.2965e+00 +3.2602e+00 +1.6179e+00 -2.6678e-01 +1.5555e+00 -1.6084e+00 +3.4778e+00 +2.0713e+00 +1.0226e+00 +3.2487e+00 +2.6573e+00 +8.6871e-01
61 +2.313814668e+01 +2.313814668e+01 +1.004481467e+02 +1.004481467e+02 -5.0000e+00 +6.3106e-01 -2.4084e+00 -4.3221e-01 +7.7579e-01 +2.1154e-01 +4.2723e+00 -2.0348e-01 +2.7865e+00 +5.0000e+00 +1.5165e+00 +1.2054e+00 +1.4838e+00 -8.9198e-01 -3.4176e+00 +5.0000e+00 +1.8456e+00 +3.4690e+00 +2.9224e+00 -1.0944e+00
214 +1.289416856e+01 +1.289416856e+01 +9.020416856e+01 +9.020416856e+01 +5.7274e-01 +1.1606e-03 -2.5532e+00 -2.4976e+00 -1.2548e+00 +6.4028e-01 +1.9429e+00 -5.0000e+00 +3.8880e+00 +4.1524e+00 +6.2035e-01 +2.4229e+00 +2.2346e+00 +1.0138e+00 +1.2759e+00 +5.0000e+00 +4.5218e-01 -1.4024e+00 +5.0000e+00 +9.9190e-01
387 +9.925433039e+00 +9.925433039e+00 +8.723543304e+01 +8.723543304e+01 +0.0000e+00 -2.7488e+00 +9.8241e-01 -3.1486e+00 +5.6713e-01 -1.3726e+00 -7.8784e-01 -4.2524e+00 +1.4483e+00 -5.3254e-01 +2.8075e+00 +1.1345e+00 +1.7150e+00 +9.9381e-01 -5.0120e-01 +4.9600e+00 -1.1044e+00 +3.7911e+00 +5.0000e+00 -1.6914e-01
2500 +5.844805436e+00 +5.844805436e+00 +8.315480544e+01 +8.315480544e+01 -6.6970e-02 -1.7158e+00 -6.2515e-01 -2.9641e+00 +8.6571e-01 -1.4811e+00 +1.0894e+00 -2.7223e+00 +2.9993e+00 +7.2972e-01 +2.3590e+00 +1.8497e+00 +6.2376e-01 +1.4527e-01 -1.1307e+00 +4.9746e+00 -2.9804e-01 +2.9909e+00 +5.0000e+00 +1.7423e+00
3868 +3.805555729e+00 +3.805555729e+00 +8.111555573e+01 +8.111555573e+01 +1.4765e+00 -2.5961e+00 -2.5889e+00 -2.4096e+00 +9.9783e-04 -1.5157e+00 +8.4616e-01 -2.5002e+00 +1.7996e+00 +2.5000e+00 +1.8818e+00 +1.0074e+00 +7.8087e-01 +1.3354e+00 -7.7835e-01 +4.9720e+00 -1.1269e+00 +2.5179e+00 +5.0000e+00 +2.3735e+00
4564 +2.500034415e+00 +2.500034415e+00 +7.981003442e+01 +7.981003442e+01 +1.8293e-01 -1.0677e+00 -2.4153e+00 -2.6591e+00 +5.9732e-01 -2.0244e+00 +9.9403e-01 -2.5000e+00 +1.6195e+00 +2.2865e+00 +1.2780e+00 +6.1020e-01 +9.6419e-01 +1.1639e+00 +2.8531e-01 +4.9624e+00 -8.0530e-01 +1.7087e+00 +4.8535e+00 +2.3864e+00
6231 +1.559003359e+00 +1.559003359e+00 +7.886900336e+01 +7.886900336e+01 +9.6943e-01 +0.0000e+00 -2.2898e+00 -2.1152e+00 +8.8645e-01 -2.2822e+00 +5.9281e-01 -2.5000e+00 +1.3623e+00 +2.5000e+00 +1.2998e+00 +6.9925e-01 +1.1181e+00 +4.0159e-01 -1.4335e-02 +4.9121e+00 -1.2471e+00 +2.1300e+00 +4.6875e+00 +1.9413e+00
12641 +9.761309613e-01 +9.761309613e-01 +7.828613096e+01 +7.828613096e+01 +1.0232e+00 -7.1365e-01 -2.3828e+00 -2.0615e+00 +1.2281e+00 -2.5000e+00 +6.3811e-01 -2.1853e+00 +1.4063e+00 +2.5000e+00 +1.3674e+00 +7.4342e-01 +6.9340e-01 +3.0173e-01 +3.4634e-01 +3.6381e+00 -9.6494e-01 +1.8225e+00 +4.6875e+00 +2.1493e+00
13043 +5.954653215e-01 +5.954653215e-01 +7.790546532e+01 +7.790546532e+01 +1.0235e+00 -7.1356e-01 -2.3828e+00 -2.0614e+00 +1.2281e+00 -2.5000e+00 +6.4459e-01 -2.1018e+00 +1.4063e+00 +3.7292e+00 +1.3676e+00 +7.4490e-01 +6.8848e-01 +2.9984e-01 +3.4425e-01 +4.0917e+00 -9.6323e-01 +1.8173e+00 +3.4282e+00 +2.1485e+00
13045 +1.677229928e-01 +1.677229928e-01 +7.747772299e+01 +7.747772299e+01 +1.0240e+00 -7.1355e-01 -2.3828e+00 -2.0615e+00 +1.2282e+00 -2.5000e+00 +6.4642e-01 -1.9274e+00 +1.4063e+00 +2.7084e+00 +1.3678e+00 +7.4461e-01 +7.0161e-01 +3.0030e-01 +3.4623e-01 +4.0538e+00 -9.6284e-01 +1.8159e+00 +3.3328e+00 +2.1485e+00
13200 +1.517592179e-01 +1.517592179e-01 +7.746175922e+01 +7.746175922e+01 +1.0233e+00 -7.1330e-01 -2.3828e+00 -2.0611e+00 +1.2289e+00 -2.5000e+00 +6.5303e-01 -1.8508e+00 +1.4063e+00 +2.7233e+00 +1.3675e+00 +7.4462e-01 +6.9229e-01 +3.0067e-01 +3.4600e-01 +3.9666e+00 -9.6352e-01 +1.8184e+00 +3.3530e+00 +2.1486e+00
16052 +9.379956874e-02 +9.379956874e-02 +7.740379957e+01 +7.740379957e+01 +1.0160e+00 -7.1289e-01 -2.3828e+00 -2.0606e+00 +1.2042e+00 -2.2741e+00 +6.2500e-01 -1.9669e+00 +1.4224e+00 +2.8292e+00 +1.3672e+00 +7.4574e-01 +7.0289e-01 +3.0271e-01 +3.3279e-01 +3.8248e+00 -9.5703e-01 +1.8359e+00 +3.1650e+00 +2.2077e+00
16307 +6.223902844e-02 +6.223902844e-02 +7.737223903e+01 +7.737223903e+01 +1.0160e+00 -7.1289e-01 -2.3828e+00 -1.9235e+00 +1.0599e+00 -2.2712e+00 +6.2500e-01 -1.9623e+00 +1.4314e+00 +2.8359e+00 +1.3676e+00 +7.4469e-01 +7.0277e-01 +3.0271e-01 +3.3203e-01 +3.8428e+00 -9.5703e-01 +1.8359e+00 +3.1620e+00 +2.1515e+00
18200 +3.936453331e-02 +3.936453331e-02 +7.734936453e+01 +7.734936453e+01 +9.6276e-01 -6.7191e-01 -2.2613e+00 -1.8441e+00 +1.0071e+00 -2.2969e+00 +6.2500e-01 -1.9531e+00 +1.3941e+00 +2.8341e+00 +1.3679e+00 +6.9352e-01 +7.0229e-01 +2.8367e-01 +3.3204e-01 +3.8116e+00 -9.4428e-01 +1.8250e+00 +3.1250e+00 +2.2121e+00
19727 +2.301275076e-02 +2.301275076e-02 +7.733301275e+01 +7.733301275e+01 +1.0019e+00 -6.5196e-01 -2.2546e+00 -1.8726e+00 +1.0133e+00 -2.2737e+00 +6.2500e-01 -1.9531e+00 +1.3858e+00 +2.8276e+00 +1.2275e+00 +7.1149e-01 +7.0230e-01 +3.2858e-01 +3.3150e-01 +3.8198e+00 -8.6861e-01 +1.8616e+00 +3.1250e+00 +2.2059e+00
% function evaluation | noise-free fitness - Fopt (3.992000000000e+01) | best noise-free fitness - Fopt | measured fitness | best measured fitness | x1 | x2...
1 +8.439749655e+01 +8.439749655e+01 +1.243174966e+02 +1.243174966e+02 +3.4251e+00 -1.3846e+00 +4.5843e+00 -3.1944e+00 +3.8822e+00 +3.4822e+00 -2.4888e+00 +3.6141e+00 -1.6686e+00 +3.6245e+00 +1.7995e+00 +4.1689e+00 -1.0618e+00 +1.6718e+00 -1.6869e+00 -1.8647e+00 +9.1028e-03 +3.7715e+00 +3.1186e+00 +1.5536e+00
33 +5.016392117e+01 +5.016392117e+01 +9.008392117e+01 +9.008392117e+01 -3.5876e+00 -2.5349e+00 +2.4472e+00 -4.6411e+00 +4.7471e+00 -9.5397e-01 +4.4654e+00 -2.4818e-01 -1.2032e+00 +2.7701e+00 +3.7529e-01 -3.1574e+00 -3.0720e-01 +1.3600e-01 -1.0849e+00 -7.8271e-02 +1.1488e+00 -8.2873e-01 +7.8813e-01 -2.8095e+00
42 +2.345131582e+01 +2.345131582e+01 +6.337131582e+01 +6.337131582e+01 +1.4379e-01 -5.4048e-01 -6.5772e-01 -5.0000e+00 -2.4446e+00 -2.5911e-01 +6.2552e-01 -5.0000e+00 +7.1214e-01 +5.0000e+00 +1.3094e+00 -2.1505e+00 -1.6767e+00 +1.4303e+00 -1.1002e+00 +6.5893e-01 -7.0677e-01 +1.0272e+00 -1.8478e+00 -1.1089e+00
222 +1.562594416e+01 +1.562594416e+01 +5.554594416e+01 +5.554594416e+01 -6.8038e-01 +2.8325e-01 +4.7823e+00 -4.5552e+00 -2.7317e+00 -1.1747e+00 +0.0000e+00 -1.6295e+00 +8.9268e-01 +5.0000e+00 -1.7368e+00 +1.2823e-01 -4.9850e-01 +1.5160e+00 -3.5554e+00 +1.3306e+00 +4.7490e-01 +3.0308e+00 -1.9714e+00 -4.9555e+00
867 +7.985344084e+00 +7.985344084e+00 +4.790534408e+01 +4.790534408e+01 +3.3494e+00 +1.7819e+00 +3.2489e+00 -4.8989e+00 -2.2151e+00 +1.2818e-01 +1.5735e+00 -1.1825e+00 +1.7402e+00 +5.0000e+00 -4.8775e-01 -9.1274e-01 -8.4657e-01 -3.0204e-01 -3.2090e+00 +2.1398e-01 +3.3198e-02 -9.8300e-01 +1.2144e+00 -4.1775e+00
2219 +5.729476502e+00 +5.729476502e+00 +4.564947650e+01 +4.564947650e+01 +2.5018e+00 -5.7637e-02 +1.7552e+00 -4.8029e+00 -1.1037e+00 +8.9224e-01 +2.3109e+00 -1.2549e+00 +2.0441e+00 +5.0000e+00 +4.5321e-01 -1.1051e+00 -8.7412e-01 +9.0190e-01 -1.9574e+00 -9.0428e-01 +1.0186e+00 +1.8268e+00 +1.8529e+00 -3.7693e+00
4042 +2.994594607e+00 +2.994594607e+00 +4.291459461e+01 +4.291459461e+01 +4.9677e+00 -1.0432e+00 +1.8208e+00 -3.7705e+00 -2.2818e+00 +1.5238e+00 +9.1425e-01 -8.2549e-01 +2.7227e+00 +4.9966e+00 -2.3199e-01 +4.1801e-01 +4.6678e-02 -1.9104e-01 -1.3630e+00 +3.6589e-01 +9.3173e-01 +1.0745e+00 +1.4484e+00 -3.7500e+00
5484 +2.484445357e+00 +2.484445357e+00 +4.240444536e+01 +4.240444536e+01 +5.0000e+00 -5.7961e-01 +2.5000e+00 -3.7500e+00 -2.3146e+00 +1.7582e+00 +1.9165e+00 -3.9696e-01 +2.5266e+00 +4.9972e+00 -6.2514e-01 +3.3973e-01 +2.6203e-01 +3.2159e-02 -1.2520e+00 +2.5921e-01 +8.5211e-01 +1.5234e+00 +1.0799e+00 -3.6448e+00
10961 +1.159338983e+00 +1.159338983e+00 +4.107933898e+01 +4.107933898e+01 +4.6875e+00 -7.7412e-01 +2.1176e+00 -3.7500e+00 -2.1875e+00 +2.4977e+00 +2.1858e+00 -5.3560e-01 +3.0979e+00 +3.8512e+00 -6.7596e-01 +3.0021e-01 +1.7946e-02 +1.3398e-01 -1.9025e+00 +1.2962e-01 +3.0192e-01 +1.2500e+00 +1.3241e+00 -3.8224e+00
12721 +5.768205133e-01 +5.768205133e-01 +4.049682051e+01 +4.049682051e+01 +4.6875e+00 -9.3750e-01 +2.1875e+00 -2.4796e+00 -2.1875e+00 +2.4999e+00 +2.0533e+00 -4.6875e-01 +3.1250e+00 +3.5865e+00 -6.2500e-01 +2.3438e-01 +1.6614e-01 +1.5154e-01 -1.8757e+00 +1.5625e-01 +3.1250e-01 +1.2500e+00 +1.2891e+00 -3.7500e+00
14246 +2.962646999e-01 +2.962646999e-01 +4.021626470e+01 +4.021626470e+01 +3.7221e+00 -9.3750e-01 +2.1875e+00 -2.4547e+00 -2.1875e+00 +2.4951e+00 +2.1875e+00 -4.6875e-01 +3.1250e+00 +3.6857e+00 -6.2500e-01 +2.3438e-01 +5.7007e-02 +2.6873e-01 -1.8750e+00 +1.5625e-01 +3.1250e-01 +1.2500e+00 +1.2891e+00 -3.7500e+00
14275 +2.432972637e-01 +2.432972637e-01 +4.016329726e+01 +4.016329726e+01 +4.1134e+00 -9.3750e-01 +2.1875e+00 -2.4563e+00 -2.1875e+00 +2.4951e+00 +2.1875e+00 -4.6875e-01 +3.1250e+00 +3.6857e+00 -6.2500e-01 +2.3438e-01 +5.6713e-02 +2.6760e-01 -1.8750e+00 +1.5625e-01 +3.1250e-01 +1.2500e+00 +1.2891e+00 -3.7500e+00
16390 +1.580026158e-01 +1.580026158e-01 +4.007800262e+01 +4.007800262e+01 +3.9584e+00 -9.3750e-01 +2.1875e+00 -2.3300e+00 -2.0340e+00 +2.5397e+00 +2.1875e+00 -4.6875e-01 +3.1250e+00 +3.5938e+00 -6.2500e-01 +2.3438e-01 +4.7277e-03 +2.3306e-01 -1.8750e+00 +1.5625e-01 +3.1250e-01 +1.0505e+00 +1.1289e+00 -3.7500e+00
17385 +8.914767657e-02 +8.914767657e-02 +4.000914768e+01 +4.000914768e+01 +3.9589e+00 -9.3750e-01 +2.2060e+00 -2.3284e+00 -1.9794e+00 +2.5308e+00 +2.1875e+00 -5.2100e-01 +3.1291e+00 +3.5938e+00 -4.4407e-01 +2.0482e-01 +4.4407e-03 +2.3310e-01 -1.8750e+00 +3.0061e-01 +2.7144e-01 +1.1043e+00 +1.1496e+00 -3.7293e+00
17571 +6.159693611e-02 +6.159693611e-02 +3.998159694e+01 +3.998159694e+01 +3.8860e+00 -9.3750e-01 +2.2561e+00 -2.3278e+00 -1.9738e+00 +2.5290e+00 +2.1875e+00 -7.1000e-01 +3.0805e+00 +3.5938e+00 -4.9164e-01 +2.1735e-01 +6.3830e-03 +2.3310e-01 -1.8750e+00 +4.4611e-01 +1.5156e-01 +1.0910e+00 +1.1718e+00 -3.6786e+00
18260 +3.913832557e-02 +3.913832557e-02 +3.995913833e+01 +3.995913833e+01 +3.8699e+00 -1.0492e+00 +2.2999e+00 -2.3430e+00 -1.8935e+00 +2.5275e+00 +2.1875e+00 -6.2143e-01 +3.0878e+00 +3.5938e+00 -4.6225e-01 +1.4966e-01 +4.9838e-03 +2.3281e-01 -1.6690e+00 +4.7003e-01 +1.3495e-01 +1.0617e+00 +1.1583e+00 -3.5817e+00
% function evaluation | noise-free fitness - Fopt (-5.661000000000e+01) | best noise-free fitness - Fopt | measured fitness | best measured fitness | x1 | x2...
1 +2.449500533e+02 +2.449500533e+02 +1.883400533e+02 +1.883400533e+02 -1.7060e+00 -8.0947e-01 +2.0935e+00 +1.2199e-01 +2.2980e+00 +1.3803e-02 +3.8158e+00 -2.6539e+00 +4.2535e+00 +3.7760e+00 -2.4524e+00 +2.4508e+00 +4.6186e+00 +4.1778e+00 -3.0234e+00 -4.7696e+00 -6.5244e-01 +4.8852e+00 +1.2502e+00 +3.2087e+00
8 +1.196947762e+02 +1.196947762e+02 +6.308477621e+01 +6.308477621e+01 -1.3849e+00 +5.0492e-01 +5.1681e-01 +4.4903e+00 -4.0872e+00 -4.5460e+00 +2.5576e+00 -4.5181e+00 +1.0222e+00 -4.1806e+00 -3.4585e-01 -1.1669e+00 +3.3536e+00 +3.6342e+00 -2.9222e+00 +9.6051e-01 +7.9959e-01 +8.8385e-01 -1.7914e+00 -3.6571e+00
11 +7.390036127e+01 +7.390036127e+01 +1.729036127e+01 +1.729036127e+01 -4.0296e+00 +4.9178e+00 +3.3134e+00 -1.4798e+00 -1.1077e+00 +4.1379e+00 -2.7623e-01 -5.8522e-02 +1.1534e+00 +8.6928e-01 +1.2059e+00 -7.9259e-01 +3.6610e+00 +4.6048e+00 +2.9801e+00 -2.7285e+00 -2.6791e+00 +4.0953e-01 +1.5173e+00 -2.6644e+00
30 +4.773975921e+01 +4.773975921e+01 -8.870240790e+00 -8.870240790e+00 -3.5451e+00 -3.8002e+00 +2.8095e+00 +1.6553e+00 +3.5001e+00 +1.8137e+00 +3.2344e+00 -2.2741e+00 -3.9078e+00 -3.2716e+00 +2.1011e-02 -8.9485e-02 -9.1282e-01 -4.4966e+00 -4.9989e+00 +1.4964e+00 -4.7074e+00 +4.3166e+00 -3.6285e+00 -4.0768e+00
92 +2.849449550e+01 +2.849449550e+01 -2.811550450e+01 -2.811550450e+01 -5.0000e+00 -1.3193e+00 +4.4864e-01 +2.0086e+00 +0.0000e+00 +2.2515e-01 +3.6323e+00 -1.7124e+00 -5.0000e+00 -2.4838e+00 -2.1578e+00 +1.9559e-01 +0.0000e+00 -4.0286e+00 -5.0000e+00 +0.0000e+00 -1.1594e+00 +0.0000e+00 -2.8170e+00 -2.3022e+00
142 +2.466955095e+01 +2.466955095e+01 -3.194044905e+01 -3.194044905e+01 -4.6493e+00 +0.0000e+00 +0.0000e+00 -1.3211e+00 +0.0000e+00 +3.4861e-01 +1.9627e+00 -1.6016e+00 -5.0000e+00 -1.9953e+00 -2.3184e+00 +5.9709e-01 +8.8021e-01 -2.5937e+00 -2.6623e+00 +1.0812e-01 +0.0000e+00 +0.0000e+00 -4.1388e+00 -1.8885e+00
506 +1.432584388e+01 +1.432584388e+01 -4.228415612e+01 -4.228415612e+01 -2.2639e+00 +2.2367e+00 +1.5211e+00 -2.7242e+00 +4.1862e-01 +2.5670e+00 +2.5206e+00 -2.1734e+00 -4.9890e+00 +8.0232e-01 +0.0000e+00 +1.3583e+00 +0.0000e+00 -4.1028e-01 +6.0764e-01 +0.0000e+00 -2.2524e+00 +1.3838e+00 -4.5262e-01 -4.2499e-01
1370 +9.064517684e+00 +9.064517684e+00 -4.754548232e+01 -4.754548232e+01 -1.6685e-01 +4.2144e+00 +2.1680e+00 -5.0000e+00 -2.7681e-01 +2.2075e+00 +3.2764e+00 -1.4914e+00 -4.9981e+00 +8.3835e-01 -3.6371e+00 -8.9107e-01 +3.1010e+00 -2.1256e+00 -1.5182e+00 +1.6038e+00 -3.8001e+00 +2.6191e-01 -1.0139e+00 -4.2037e+00
2121 +5.905078261e+00 +5.905078261e+00 -5.070492174e+01 -5.070492174e+01 +0.0000e+00 +3.3129e+00 +3.7514e+00 -2.6465e+00 -1.1915e+00 +2.4532e+00 +2.6183e+00 -1.6490e+00 -4.9971e+00 -9.4080e-01 -1.9709e+00 -1.1591e+00 +3.1672e+00 -1.8925e+00 -1.9940e+00 +1.0961e+00 -3.5901e+00 -6.2863e-01 -2.5054e+00 -3.8167e+00
3886 +3.883793550e+00 +3.883793550e+00 -5.272620645e+01 -5.272620645e+01 -1.1468e-01 +3.4612e+00 +3.6379e+00 -3.4637e+00 -3.2920e+00 +3.4902e+00 +2.8380e+00 -2.1965e+00 -4.9951e+00 -4.3395e-01 -2.7119e+00 -6.0520e-01 +1.6979e+00 -2.9974e-01 -2.5427e+00 +7.5049e-01 -2.3412e+00 +4.1396e-01 -3.4727e+00 -3.9686e+00
5259 +2.480613952e+00 +2.480613952e+00 -5.412938605e+01 -5.412938605e+01 -2.4525e-02 +2.6386e+00 +2.5000e+00 -2.7791e+00 -2.4962e+00 +2.4479e+00 +2.5922e+00 -3.0743e+00 -4.9987e+00 -7.4990e-01 -3.1619e+00 -1.1233e+00 +2.1955e+00 +0.0000e+00 -2.2947e+00 +5.3571e-01 -1.5122e+00 +1.0729e+00 -3.3033e+00 -3.2655e+00
11241 +1.533572971e+00 +1.533572971e+00 -5.507642703e+01 -5.507642703e+01 -6.3333e-05 +2.8124e+00 +3.1250e+00 -3.5288e+00 -2.9585e+00 +2.4021e+00 +2.3266e+00 -3.2842e+00 -3.6935e+00 -8.6377e-01 -3.3479e+00 -1.1492e+00 +2.1875e+00 +0.0000e+00 -2.1362e+00 +5.7624e-01 -1.9211e+00 +1.8125e+00 -3.5272e+00 -3.5509e+00
11842 +8.485710117e-01 +8.485710117e-01 -5.576142899e+01 -5.576142899e+01 +7.7161e-01 +2.8110e+00 +3.1250e+00 -3.5218e+00 -2.9433e+00 +2.3438e+00 +2.3312e+00 -3.2813e+00 -4.0436e+00 -9.3750e-01 -3.2893e+00 -1.2377e+00 +2.1875e+00 +0.0000e+00 -2.1796e+00 +6.1054e-01 -1.9531e+00 +1.7969e+00 -3.5938e+00 -3.5923e+00
11844 +4.954931747e-01 +4.954931747e-01 -5.611450683e+01 -5.611450683e+01 +1.5776e+00 +2.8109e+00 +3.1250e+00 -3.5197e+00 -2.9459e+00 +2.3438e+00 +2.3295e+00 -3.2813e+00 -4.0545e+00 -9.3750e-01 -3.3079e+00 -1.2133e+00 +2.1875e+00 +0.0000e+00 -2.1637e+00 +6.0164e-01 -1.9531e+00 +1.7969e+00 -3.5938e+00 -3.5938e+00
11874 +3.897852791e-01 +3.897852791e-01 -5.622021472e+01 -5.622021472e+01 +1.9609e+00 +2.8100e+00 +3.1250e+00 -3.5199e+00 -2.9436e+00 +2.3438e+00 +2.3279e+00 -3.2813e+00 -3.8545e+00 -9.3750e-01 -3.3139e+00 -1.2148e+00 +2.1875e+00 +0.0000e+00 -2.1404e+00 +6.0556e-01 -1.9531e+00 +1.7969e+00 -3.5938e+00 -3.5938e+00
12962 +2.197696927e-01 +2.197696927e-01 -5.639023031e+01 -5.639023031e+01 +2.1062e+00 +2.7930e+00 +3.1250e+00 -3.5181e+00 -2.9687e+00 +2.3438e+00 +2.3437e+00 -3.2813e+00 -3.3946e+00 -9.3750e-01 -3.2813e+00 -1.2500e+00 +2.1875e+00 +7.2472e-01 -2.1875e+00 +6.2500e-01 -1.9531e+00 +1.7969e+00 -3.5938e+00 -3.5938e+00
13152 +1.567288657e-01 +1.567288657e-01 -5.645327113e+01 -5.645327113e+01 +2.0342e+00 +2.7930e+00 +3.1250e+00 -3.5181e+00 -2.9687e+00 +2.3438e+00 +2.3437e+00 -3.2813e+00 -3.3924e+00 -9.3750e-01 -3.2813e+00 -1.2500e+00 +2.1875e+00 +4.2676e-01 -2.1875e+00 +6.2500e-01 -1.9531e+00 +1.7969e+00 -3.5938e+00 -3.5938e+00
17045 +9.878448915e-02 +9.878448915e-02 -5.651121551e+01 -5.651121551e+01 +1.8753e+00 +2.9244e+00 +3.2283e+00 -3.5071e+00 -2.9688e+00 +2.2918e+00 +2.3437e+00 -3.3259e+00 -3.4438e+00 -8.5626e-01 -3.2813e+00 -1.2500e+00 +2.2496e+00 +5.3863e-01 -2.1875e+00 +6.2499e-01 -1.9268e+00 +1.6554e+00 -3.5938e+00 -3.5515e+00
17998 +6.101226665e-02 +6.101226665e-02 -5.654898773e+01 -5.654898773e+01 +1.8750e+00 +2.9735e+00 +3.1924e+00 -3.4331e+00 -2.9664e+00 +2.2794e+00 +2.5178e+00 -3.3314e+00 -3.4450e+00 -9.2289e-01 -3.3212e+00 -1.2223e+00 +2.2361e+00 +5.3970e-01 -2.1996e+00 +5.6035e-01 -1.9417e+00 +1.6776e+00 -3.7664e+00 -3.5931e+00
18370 +3.866680051e-02 +3.866680051e-02 -5.657133320e+01 -5.657133320e+01 +1.8750e+00 +2.9491e+00 +3.1983e+00 -3.3785e+00 -2.9421e+00 +2.2386e+00 +2.6095e+00 -3.2620e+00 -3.4465e+00 -9.1172e-01 -3.3056e+00 -1.3003e+00 +2.2487e+00 +5.9496e-01 -2.1626e+00 +5.8193e-01 -1.9397e+00 +1.6620e+00 -3.9034e+00 -3.5725e+00
19185 +2.498698360e-02 +2.498698360e-02 -5.658501302e+01 -5.658501302e+01 +1.8750e+00 +2.9482e+00 +3.2197e+00 -3.3639e+00 -2.9543e+00 +2.2289e+00 +2.6440e+00 -3.3117e+00 -3.4424e+00 -8.4676e-01 -3.3040e+00 -1.3829e+00 +2.2465e+00 +6.2500e-01 -2.1111e+00 +5.8662e-01 -1.8963e+00 +1.6636e+00 -3.8894e+00 -3.5346e+00
% function evaluation | noise-free fitness - Fopt (5.134000000000e+01) | best noise-free fitness - Fopt | measured fitness | best measured fitness | x1 | x2...
1 +1.716514942e+02 +1.716514942e+02 +2.229914942e+02 +2.229914942e+02 +4.8451e+00 +1.4788e+00 +1.7692e+00 +1.5381e+00 +8.3650e-01 -1.3881e+00 +1.5420e-01 -2.7737e+00 +3.2112e+00 -6.6875e-01 +4.5499e+00 -2.5270e+00 -3.3261e+00 -6.8870e-01 +4.5247e+00 +1.6588e-01 -8.2059e-01 +2.6141e+00 -3.9147e+00 -1.7780e+00
2 +7.971882427e+01 +7.971882427e+01 +1.310588243e+02 +1.310588243e+02 -9.4148e-01 +7.1943e-01 -2.5576e+00 +1.9038e+00 +4.9779e+00 +2.2644e+00 -2.7570e+00 -2.3213e+00 -3.9366e+00 +1.1003e+00 -3.1224e+00 -1.8435e+00 +3.4738e+00 -2.5270e+00 +1.2759e+00 -2.4154e+00 +4.7428e+00 +3.5805e+00 -4.8105e+00 -4.0732e-01
6 +2.978422134e+01 +2.978422134e+01 +8.112422134e+01 +8.112422134e+01 +1.3162e+00 -3.1029e+00 +3.3732e+00 +2.2250e+00 +3.4330e-01 +3.2513e+00 -2.8217e+00 -1.7655e+00 -7.8905e-01 -1.6195e+00 +2.0369e+00 -2.2368e+00 +1.3653e-01 -3.0535e+00 -4.0749e-01 +2.8647e+00 +3.9798e+00 -8.9179e-01 +7.6142e-01 +6.5706e-01
41 +2.225865635e+01 +2.225865635e+01 +7.359865635e+01 +7.359865635e+01 -3.3342e-02 -3.5212e+00 +6.8381e-02 +5.0000e+00 -3.8544e-01 +1.0513e+00 -4.8458e+00 -5.0000e+00 -1.7888e+00 +2.1157e+00 -4.5010e-01 +1.1397e+00 +1.6739e+00 -4.5442e+00 -4.7530e-01 +2.3006e+00 +3.7868e+00 -2.3859e+00 -5.0000e+00 +3.0267e+00
185 +1.577797261e+01 +1.577797261e+01 +6.711797261e+01 +6.711797261e+01 +1.3306e+00 -2.7332e+00 +1.4274e-01 +5.0000e+00 +3.6212e-01 +1.6059e+00 -4.2496e+00 -3.3007e+00 -4.0491e+00 +2.3837e-01 -1.9297e-01 +1.0305e+00 +5.6299e-01 -5.0000e+00 +1.2981e+00 +1.6228e+00 +3.8814e+00 +2.8332e+00 -2.2264e+00 +3.9216e+00
1466 +8.924006415e+00 +8.924006415e+00 +6.026400642e+01 +6.026400642e+01 -1.1406e+00 -4.5081e+00 +3.2215e-01 +4.5764e+00 +1.2828e+00 +8.8645e-01 -3.9886e+00 +9.0180e-02 -3.3502e+00 +1.3658e+00 -4.6202e-01 +3.7785e+00 +0.0000e+00 -3.0072e+00 -1.7165e+00 +0.0000e+00 +1.5968e+00 +1.3745e+00 -2.2967e+00 +3.3651e+00
2798 +5.777473146e+00 +5.777473146e+00 +5.711747315e+01 +5.711747315e+01 -2.5750e+00 -4.4497e+00 -2.9105e-01 +4.0471e+00 +6.4898e-01 +1.0215e+00 -3.9942e+00 +1.3364e+00 -3.7228e+00 +1.6506e+00 -7.5694e-01 +1.1738e+00 -1.1026e+00 -4.0747e+00 -2.3949e+00 +2.1845e+00 +1.6451e+00 +3.5466e+00 -1.0460e+00 +2.1464e+00
3963 +3.769981402e+00 +3.769981402e+00 +5.510998140e+01 +5.510998140e+01 -2.7992e+00 -3.9132e+00 -1.5042e-01 +3.7799e+00 +7.1182e-01 +2.0603e+00 -3.8782e+00 +2.4060e-01 -2.7520e+00 +2.4657e+00 -9.6649e-01 +1.3507e+00 -2.4018e-01 -4.3849e+00 -2.7342e+00 +3.0068e+00 +2.6031e+00 +2.9216e+00 -1.4724e+00 +2.2910e+00
4550 +2.312379407e+00 +2.312379407e+00 +5.365237941e+01 +5.365237941e+01 -2.8122e+00 -3.3467e+00 -2.9846e-01 +3.0700e+00 -3.6067e-01 +2.4523e+00 -3.3444e+00 +1.0878e+00 -2.7413e+00 +2.0372e+00 -8.2142e-01 +2.4768e+00 -1.3877e-01 -4.4731e+00 -2.7981e+00 +2.9946e+00 +2.5215e+00 +2.6325e+00 -1.9022e+00 +2.8546e+00
5030 +1.443609079e+00 +1.443609079e+00 +5.278360908e+01 +5.278360908e+01 -2.6140e+00 -2.9431e+00 +3.7437e-01 +3.1567e+00 +3.5790e-01 +2.3213e+00 -2.9972e+00 +4.2253e-01 -2.7290e+00 +1.9986e+00 -9.0378e-01 +2.4861e+00 -1.5742e-01 -4.2541e+00 -2.8225e+00 +3.0011e+00 +2.5943e+00 +3.1799e+00 -1.7192e+00 +2.7294e+00
5613 +8.843289255e-01 +8.843289255e-01 +5.222432893e+01 +5.222432893e+01 -2.6082e+00 -2.6344e+00 -4.7150e-02 +2.6824e+00 +6.0533e-01 +2.4497e+00 -2.5000e+00 +2.8595e-01 -2.5271e+00 +1.8631e+00 -8.0173e-01 +2.4815e+00 -4.5151e-01 -4.1568e+00 -2.7866e+00 +2.6907e+00 +2.0199e+00 +3.2657e+00 -2.0581e+00 +2.9264e+00
6423 +6.049908042e-01 +6.049908042e-01 +5.194499080e+01 +5.194499080e+01 -2.7498e+00 -2.5596e+00 +1.9606e-01 +2.5154e+00 +6.8511e-01 +2.4449e+00 -2.5000e+00 +6.0182e-01 -2.5778e+00 +2.0117e+00 -5.0052e-01 +2.4835e+00 -6.7308e-01 -3.7626e+00 -2.9899e+00 +2.1370e+00 +2.2061e+00 +2.8792e+00 -2.0977e+00 +2.6624e+00
7947 +3.966365634e-01 +3.966365634e-01 +5.173663656e+01 +5.173663656e+01 -2.5268e+00 -2.5090e+00 +1.3220e-01 +2.8238e+00 +4.9570e-01 +2.4840e+00 -2.5000e+00 +3.4739e-01 -2.5152e+00 +2.3563e+00 -5.7920e-01 +2.4735e+00 -6.5303e-01 -3.7500e+00 -2.7917e+00 +2.4793e+00 +2.2338e+00 +3.1398e+00 -2.0922e+00 +2.6787e+00
13450 +2.419952052e-01 +2.419952052e-01 +5.158199521e+01 +5.158199521e+01 -2.5392e+00 -2.5000e+00 +1.3128e-01 +2.9341e+00 +4.6875e-01 +2.8092e+00 -2.0500e+00 +3.3143e-01 -2.5000e+00 +2.2617e+00 -5.5538e-01 +2.4219e+00 -6.5359e-01 -3.7500e+00 -2.8671e+00 +2.3987e+00 +2.1767e+00 +3.2237e+00 -2.0487e+00 +2.7155e+00
13839 +1.215000315e-01 +1.215000315e-01 +5.146150003e+01 +5.146150003e+01 -2.5451e+00 -2.2928e+00 +1.3410e-01 +2.9354e+00 +4.6875e-01 +2.8517e+00 -2.2846e+00 +3.3032e-01 -2.5000e+00 +2.2595e+00 -5.5478e-01 +2.4219e+00 -6.5341e-01 -3.4243e+00 -2.8679e+00 +2.3930e+00 +2.1765e+00 +3.2243e+00 -2.0458e+00 +2.7153e+00
14154 +9.998691094e-02 +9.998691094e-02 +5.143998691e+01 +5.143998691e+01 -2.5429e+00 -2.3646e+00 +1.3672e-01 +2.9372e+00 +4.6875e-01 +2.8688e+00 -2.1741e+00 +3.2992e-01 -2.5000e+00 +2.2597e+00 -5.5436e-01 +2.4219e+00 -6.5355e-01 -3.3654e+00 -2.8686e+00 +2.3909e+00 +2.1751e+00 +3.2242e+00 -2.0467e+00 +2.7148e+00
17834 +6.141699956e-02 +6.141699956e-02 +5.140141700e+01 +5.140141700e+01 -2.5438e+00 -2.3562e+00 +1.4495e-01 +2.8655e+00 +4.6010e-01 +2.9013e+00 -2.1576e+00 +3.1132e-01 -2.5580e+00 +2.2461e+00 -5.8429e-01 +2.3545e+00 -6.1624e-01 -3.3705e+00 -2.8083e+00 +2.3926e+00 +2.2390e+00 +3.1148e+00 -2.0153e+00 +2.7522e+00
19765 +3.934595916e-02 +3.934595916e-02 +5.137934596e+01 +5.137934596e+01 -2.5207e+00 -2.3541e+00 +1.8104e-01 +2.8405e+00 +4.4824e-01 +2.9159e+00 -2.1094e+00 +3.4478e-01 -2.5230e+00 +2.1881e+00 -6.0409e-01 +2.3563e+00 -5.7082e-01 -3.3703e+00 -2.7719e+00 +2.3750e+00 +2.2684e+00 +3.0629e+00 -2.0686e+00 +2.7716e+00
% function evaluation | noise-free fitness - Fopt (-1.244000000000e+02) | best noise-free fitness - Fopt | measured fitness | best measured fitness | x1 | x2...
1 +8.311607257e+01 +8.311607257e+01 -4.128392743e+01 -4.128392743e+01 +4.9105e+00 +1.2785e+00 -1.2333e+00 +4.0753e+00 -3.5570e+00 -4.1136e+00 -4.7025e+00 -3.3773e+00 +2.4354e+00 -2.4164e-01 -2.5824e+00 -4.1584e+00 +4.3164e-01 -2.9371e+00 -3.2854e+00 -4.3466e+00 -3.5517e+00 +5.1716e-01 -1.0549e+00 +2.9131e+00
17 +5.350521939e+01 +5.350521939e+01 -7.089478061e+01 -7.089478061e+01 +1.3779e+00 +4.9793e-01 +4.3928e+00 +4.8153e+00 -8.1769e-01 -3.2804e+00 -1.2108e+00 +2.2879e+00 +1.6395e+00 +3.9702e+00 +2.2889e+00 +1.1862e+00 +1.6048e+00 +2.5648e+00 -2.0161e+00 +1.7158e+00 -3.3163e+00 -5.4908e-01 +2.8204e-01 -5.0507e-02
102 +3.065096591e+01 +3.065096591e+01 -9.374903409e+01 -9.374903409e+01 +1.7797e+00 +5.0000e+00 +4.6367e+00 +1.3152e+00 -1.6287e+00 -1.0816e+00 +1.2384e+00 +2.0204e+00 -2.7453e-01 +1.5023e+00 +0.0000e+00 +2.0287e+00 -3.0398e+00 -3.6296e-03 -5.6026e-01 +0.0000e+00 -2.5327e+00 -4.6095e+00 +7.2611e-01 -5.0000e+00
129 +2.499683245e+01 +2.499683245e+01 -9.940316755e+01 -9.940316755e+01 +3.3287e+00 +2.4789e+00 +1.4084e+00 +0.0000e+00 +0.0000e+00 +0.0000e+00 +1.0778e+00 +1.6342e+00 +0.0000e+00 +2.8516e+00 -2.9420e-01 +2.8239e+00 +0.0000e+00 +0.0000e+00 -7.8945e-03 -1.6450e+00 -4.8805e-02 -3.3608e+00 +1.5523e+00 +1.5827e+00
841 +1.556774603e+01 +1.556774603e+01 -1.088322540e+02 -1.088322540e+02 +4.3307e+00 +6.2464e-01 +2.3891e+00 -1.1756e+00 -1.4170e+00 -3.1723e+00 -1.8888e+00 +5.0000e+00 -4.2395e+00 +3.0519e+00 +4.4103e-01 -1.2171e+00 +1.2171e-01 +2.0679e+00 -2.2067e+00 -2.1870e+00 -3.7653e+00 -4.2098e+00 +1.7009e+00 -4.9877e+00
1591 +8.904405278e+00 +8.904405278e+00 -1.154955947e+02 -1.154955947e+02 +2.4243e+00 +0.0000e+00 +1.6240e+00 -3.0871e+00 -2.4770e+00 -3.3685e+00 -1.0259e+00 +4.5730e+00 -2.0167e+00 +2.9062e+00 +4.2345e+00 -3.0762e+00 -1.0371e+00 -7.0544e-01 -3.4076e-01 -1.6735e+00 -3.5078e+00 -5.0000e+00 +1.8387e+00 -3.2083e+00
1940 +6.130191070e+00 +6.130191070e+00 -1.182698089e+02 -1.182698089e+02 +1.5741e+00 +1.4722e+00 +3.3684e+00 -2.2743e+00 -2.2582e+00 -4.4383e+00 +1.4976e+00 +1.4547e+00 -2.2552e+00 +3.3467e+00 +4.5641e+00 -1.3819e+00 +1.4922e-01 -2.1814e+00 -2.1677e-01 -1.7514e+00 -2.1501e+00 -4.9564e+00 +2.9242e+00 -3.1722e+00
2015 +3.626721819e+00 +3.626721819e+00 -1.207732782e+02 -1.207732782e+02 +1.2410e+00 +7.4070e-02 +3.4564e+00 -2.0231e+00 -2.4489e+00 -4.9222e+00 +1.9194e-01 +1.4044e+00 -9.3429e-01 +2.7753e+00 +4.8298e+00 -2.5320e+00 +1.9337e-01 -1.7717e+00 -1.3867e-01 -2.7831e-01 -2.5960e+00 -4.3555e+00 +3.5956e+00 -2.5000e+00
2966 +2.389029795e+00 +2.389029795e+00 -1.220109702e+02 -1.220109702e+02 +0.0000e+00 +7.9062e-01 +2.9481e+00 -2.6094e+00 -3.3227e+00 -3.3769e+00 +6.7968e-01 +1.4852e+00 -3.2778e-01 +2.2074e+00 +3.9932e+00 -3.0201e+00 -1.6043e-01 -1.4053e+00 +2.1596e-01 -1.0415e+00 -2.2884e+00 -3.5746e+00 +2.8203e+00 -3.0876e+00
4665 +1.521931736e+00 +1.521931736e+00 -1.228780683e+02 -1.228780683e+02 +6.4608e-02 +1.1072e+00 +2.8900e+00 -1.9139e+00 -3.1808e+00 -3.7988e+00 -6.0842e-01 +6.4277e-02 -2.9059e-01 +1.4542e+00 +3.4772e+00 -2.6038e+00 +1.0922e+00 -1.3158e+00 +6.2891e-01 -1.4532e+00 -3.2076e+00 -3.7500e+00 +3.1111e+00 -3.3020e+00
5678 +9.639149951e-01 +9.639149951e-01 -1.234360850e+02 -1.234360850e+02 +0.0000e+00 +3.3792e-01 +3.5833e+00 -2.1515e+00 -2.9815e+00 -3.4393e+00 -2.6610e-01 +4.8892e-05 -9.0025e-02 +1.8130e+00 +3.5150e+00 -2.0317e+00 +5.0186e-01 -2.2203e+00 +5.8880e-01 -1.1090e+00 -2.5676e+00 -3.7744e+00 +2.6979e+00 -3.2227e+00
6057 +5.969752660e-01 +5.969752660e-01 -1.238030247e+02 -1.238030247e+02 +2.0907e-01 +8.4727e-01 +2.8048e+00 -2.6361e+00 -2.9333e+00 -3.9262e+00 +8.4531e-02 +1.7380e-05 +0.0000e+00 +1.5661e+00 +4.1641e+00 -2.3757e+00 +2.2083e-01 -1.8789e+00 +5.3120e-01 -1.1348e+00 -2.5139e+00 -3.7512e+00 +2.4566e+00 -3.0234e+00
6940 +3.908768797e-01 +3.908768797e-01 -1.240091231e+02 -1.240091231e+02 +2.1314e-01 +1.1118e+00 +2.8900e+00 -2.4561e+00 -2.9733e+00 -3.8659e+00 -1.4613e-01 +3.2654e-05 -3.4205e-02 +1.5286e+00 +3.9822e+00 -2.2774e+00 +3.3385e-01 -1.8585e+00 +5.3895e-01 -1.1807e+00 -2.8038e+00 -3.7509e+00 +2.3540e+00 -2.9682e+00
7642 +2.485315519e-01 +2.485315519e-01 -1.241514684e+02 -1.241514684e+02 +1.4621e-01 +1.1663e+00 +3.2484e+00 -2.4229e+00 -2.6663e+00 -3.7596e+00 -1.7744e-01 +4.4142e-06 +0.0000e+00 +1.5025e+00 +4.0505e+00 -2.0677e+00 +3.9602e-01 -1.5716e+00 +4.6355e-01 -1.1399e+00 -2.5297e+00 -3.7508e+00 +2.5897e+00 -2.5009e+00
8264 +1.537476046e-01 +1.537476046e-01 -1.242462524e+02 -1.242462524e+02 +1.3769e-01 +9.3308e-01 +3.0649e+00 -2.3563e+00 -2.6549e+00 -3.6870e+00 -7.3541e-02 +0.0000e+00 -2.7946e-03 +1.5077e+00 +3.8751e+00 -2.0566e+00 +4.3529e-01 -1.5771e+00 +4.0248e-01 -1.1812e+00 -2.5567e+00 -3.7505e+00 +2.5977e+00 -2.5007e+00
13482 +7.376903550e-02 +7.376903550e-02 -1.243262310e+02 -1.243262310e+02 +7.9002e-02 +9.3465e-01 +3.1361e+00 -2.3424e+00 -2.6753e+00 -3.7273e+00 -9.6139e-02 +2.5638e-01 +2.1777e-01 +1.5301e+00 +3.8641e+00 -2.0120e+00 +3.7987e-01 -1.6538e+00 +3.2776e-01 -1.2500e+00 -2.5968e+00 -3.7512e+00 +2.5328e+00 -2.5000e+00
13522 +5.769192072e-02 +5.769192072e-02 -1.243423081e+02 -1.243423081e+02 +7.8943e-02 +9.3406e-01 +3.1416e+00 -2.3408e+00 -2.6752e+00 -3.7232e+00 -9.5833e-02 +2.1739e-01 +3.1724e-01 +1.5301e+00 +3.8622e+00 -2.0109e+00 +3.7900e-01 -1.6540e+00 +3.3011e-01 -1.2500e+00 -2.5975e+00 -3.7510e+00 +2.5449e+00 -2.5000e+00
16412 +3.852716594e-02 +3.852716594e-02 -1.243614728e+02 -1.243614728e+02 +7.8125e-02 +9.3750e-01 +3.1250e+00 -2.3340e+00 -2.6563e+00 -3.6935e+00 -9.2834e-02 +1.9812e-01 +3.3443e-01 +1.5332e+00 +3.8574e+00 -2.0313e+00 +3.7598e-01 -1.6668e+00 +3.1254e-01 -1.2500e+00 -2.5977e+00 -3.7411e+00 +2.5781e+00 -2.5284e+00
18456 +2.495105436e-02 +2.495105436e-02 -1.243750489e+02 -1.243750489e+02 +1.6108e-01 +9.3834e-01 +3.1250e+00 -2.3341e+00 -2.6563e+00 -3.7100e+00 -9.2784e-02 +1.9716e-01 +4.0695e-01 +1.5651e+00 +3.8303e+00 -2.0313e+00 +2.8850e-01 -1.6897e+00 +3.1862e-01 -1.2491e+00 -2.6301e+00 -3.7422e+00 +2.5781e+00 -2.5344e+00
19704 +1.496205841e-02 +1.496205841e-02 -1.243850379e+02 -1.243850379e+02 +1.3653e-01 +9.5023e-01 +3.0558e+00 -2.3338e+00 -2.6013e+00 -3.7087e+00 -8.5200e-02 +2.0002e-01 +4.3854e-01 +1.5619e+00 +3.8497e+00 -2.0211e+00 +2.8630e-01 -1.6927e+00 +2.9243e-01 -1.2943e+00 -2.6381e+00 -3.7398e+00 +2.5368e+00 -2.5416e+00
% function evaluation | noise-free fitness - Fopt (6.000000000000e-01) | best noise-free fitness - Fopt | measured fitness | best measured fitness | x1 | x2...
1 +1.711860807e+02 +1.711860807e+02 +1.717860807e+02 +1.717860807e+02 +1.5365e+00 -3.8005e+00 -3.8507e-01 -2.2646e+00 +4.0237e+00 +2.6996e+00 +4.1236e+00 +6.2518e-01 -1.4825e-01 -3.4481e+00 -4.3375e-01 +3.2250e+00 +2.4934e+00 -1.2251e+00 -3.4940e+00 +4.2628e+00 +4.8026e+00 -2.0975e-01 +4.5106e+00 +3.2887e-01
6 +1.218373215e+02 +1.218373215e+02 +1.224373215e+02 +1.224373215e+02 +2.2330e+00 -4.4197e+00 +1.0411e+00 +3.2997e+00 -1.0241e+00 +2.1204e+00 +4.2751e+00 +3.5991e+00 -2.2381e+00 -1.2402e+00 -3.6916e+00 +2.3722e+00 +4.0352e+00 +4.0470e+00 +4.5170e+00 +2.6459e+00 +2.1588e+00 -3.4480e+00 -3.2346e+00 +4.9750e+00
9 +8.261249662e+01 +8.261249662e+01 +8.321249662e+01 +8.321249662e+01 +2.1582e+00 +4.4211e+00 +3.1667e+00 +2.5744e+00 +1.3948e+00 -2.1087e+00 -4.1030e+00 -9.6511e-01 +1.5746e+00 -8.7514e-02 +3.0447e-01 -2.4793e+00 +4.1391e-01 +3.8336e+00 +2.2965e+00 -3.9004e-01 -5.6539e-01 +3.0537e+00 -2.8811e-01 -4.5630e+00
17 +3.944103487e+01 +3.944103487e+01 +4.004103487e+01 +4.004103487e+01 +1.5700e+00 -1.0838e+00 +2.3754e+00 +1.7472e+00 +9.8191e-01 +2.0703e+00 -3.4959e+00 -3.8751e+00 +4.4590e+00 +3.5176e+00 -3.5862e+00 -7.7856e-02 -1.2637e+00 -1.7610e+00 -3.7246e+00 +1.9420e+00 -1.0529e+00 -6.2956e-01 +1.5160e+00 -4.9698e+00
317 +2.185558649e+01 +2.185558649e+01 +2.245558649e+01 +2.245558649e+01 +4.0179e+00 -2.4782e-01 -1.5913e+00 -7.8837e-01 +1.9220e+00 -6.1776e-02 +1.9308e+00 -3.0879e+00 +5.9502e-01 -2.4954e-01 +1.7983e+00 +2.4686e+00 +1.6688e+00 -6.4096e-01 +3.8402e+00 +4.4364e+00 +0.0000e+00 -3.1455e+00 +9.6266e-01 -2.4092e+00
615 +1.392154668e+01 +1.392154668e+01 +1.452154668e+01 +1.452154668e+01 +7.1215e-01 +3.0736e-02 -1.0104e+00 +0.0000e+00 +0.0000e+00 -7.1270e-01 +9.2820e-01 -6.2672e-01 -6.4206e-01 +0.0000e+00 -2.1243e+00 +4.1526e+00 +9.4526e-01 +1.3486e-01 +1.9417e+00 +3.0230e+00 -2.3503e+00 -1.1459e+00 +7.4474e-02 +5.7623e-01
1372 +9.192813175e+00 +9.192813175e+00 +9.792813175e+00 +9.792813175e+00 +2.5000e+00 -8.6054e-01 -1.5433e+00 +2.3873e+00 +3.2947e+00 -3.3402e+00 +5.7603e-01 -5.8106e-01 -2.9111e+00 +9.9294e-01 -1.5439e+00 +4.6772e+00 -9.8343e-01 +2.6893e+00 +1.2075e+00 +8.1469e-01 -2.3037e+00 -2.6647e+00 -7.3270e-01 -1.0937e+00
2502 +5.356002926e+00 +5.356002926e+00 +5.956002926e+00 +5.956002926e+00 +2.4480e+00 -2.6057e+00 +9.2193e-02 +2.2389e+00 -7.3229e-01 -2.5414e+00 -2.0363e+00 -1.2791e-01 +5.6212e-01 +9.8193e-01 -2.7437e+00 +3.8778e+00 -1.1047e+00 +2.5024e+00 +0.0000e+00 +2.5118e+00 -3.0964e+00 -3.3107e+00 +3.6610e-01 -1.5914e+00
3170 +3.955749299e+00 +3.955749299e+00 +4.555749299e+00 +4.555749299e+00 +2.6915e+00 -2.4231e+00 +3.1150e-01 +2.6941e+00 +2.0383e-01 -2.6979e+00 -2.3193e+00 -9.1498e-02 +8.4093e-01 +1.0577e+00 -2.3397e+00 +3.5144e+00 -1.8394e-01 +3.1879e+00 +0.0000e+00 +3.1828e+00 -1.9231e+00 -2.9877e+00 +2.4653e-01 -1.5341e+00
4679 +2.430623641e+00 +2.430623641e+00 +3.030623641e+00 +3.030623641e+00 +3.0917e+00 -1.8128e+00 +6.7180e-01 +2.5049e+00 +6.5305e-01 -3.3949e+00 -2.3044e+00 +0.0000e+00 -5.6948e-01 +7.6754e-01 -1.5622e+00 +4.4228e+00 +9.1541e-01 +1.8867e+00 +8.6196e-02 +2.5940e+00 -8.4130e-01 -3.2179e+00 +6.6866e-01 -6.7931e-01
4821 +1.540350672e+00 +1.540350672e+00 +2.140350672e+00 +2.140350672e+00 +2.1655e+00 -1.8626e+00 +2.6230e-01 +3.8328e+00 +1.5786e-01 -3.6897e+00 -2.5000e+00 -4.0036e-02 -9.1560e-01 -4.8307e-01 -1.9803e+00 +3.3950e+00 +1.9995e-01 +1.4988e+00 +4.1018e-02 +2.2017e+00 -4.5056e-01 -2.8474e+00 +9.5486e-01 -5.4171e-01
7138 +9.241970792e-01 +9.241970792e-01 +1.524197079e+00 +1.524197079e+00 +2.7439e+00 -2.0631e+00 +3.1683e-01 +3.4402e+00 +2.9638e-01 -3.8046e+00 -2.4959e+00 -1.6470e-02 -4.1135e-01 +2.5898e-01 -2.2982e+00 +3.5444e+00 +6.9770e-01 +1.8202e+00 +2.1041e-02 +2.0952e+00 -7.5638e-02 -3.2854e+00 +1.0542e+00 -4.1386e-01
12601 +2.965471292e-01 +2.965471292e-01 +8.965471292e-01 +8.965471292e-01 +2.4535e+00 -2.1973e+00 +3.8508e-01 +3.7500e+00 +2.0512e-01 -3.9777e+00 -2.4918e+00 -3.4405e-08 -2.8364e-01 -2.7275e-02 -2.6764e+00 +3.7500e+00 +9.0500e-01 +2.0371e+00 -5.8489e-01 +2.0074e+00 -3.1250e-01 -3.7147e+00 +8.6664e-01 -5.4557e-01
12885 +2.055297261e-01 +2.055297261e-01 +8.055297261e-01 +8.055297261e-01 +2.4430e+00 -2.1972e+00 +3.8492e-01 +3.7500e+00 +2.0760e-01 -3.9781e+00 -2.4950e+00 +4.8074e-01 -2.8102e-01 -2.7906e-02 -2.6568e+00 +3.7500e+00 +9.0387e-01 +2.0313e+00 -7.3318e-01 +2.0115e+00 -3.1250e-01 -3.7168e+00 +8.5960e-01 -5.4579e-01
15169 +1.443028086e-01 +1.443028086e-01 +7.443028086e-01 +7.443028086e-01 +2.5000e+00 -2.1875e+00 +3.7109e-01 +3.7499e+00 +2.0780e-01 -3.9648e+00 -2.4902e+00 +3.1461e-01 -2.9297e-01 -7.8125e-02 -2.6563e+00 +3.7385e+00 +9.0332e-01 +2.0313e+00 -7.9919e-01 +2.0313e+00 -3.8785e-01 -3.7109e+00 +8.5938e-01 -5.4142e-01
17078 +9.966668858e-02 +9.966668858e-02 +6.996666886e-01 +6.996666886e-01 +2.5000e+00 -2.1875e+00 +3.7109e-01 +3.6609e+00 +2.0843e-01 -3.9648e+00 -2.3825e+00 +3.2885e-01 -2.9297e-01 -7.8125e-02 -2.6563e+00 +3.7058e+00 +9.1721e-01 +2.0313e+00 -8.9438e-01 +2.0313e+00 -4.8842e-01 -3.7603e+00 +8.2391e-01 -5.4145e-01
18525 +6.298733747e-02 +6.298733747e-02 +6.629873375e-01 +6.629873375e-01 +2.5000e+00 -2.1358e+00 +3.2992e-01 +3.6615e+00 +2.0874e-01 -3.8961e+00 -2.3626e+00 +3.6913e-01 -3.6630e-01 -7.8125e-02 -2.5965e+00 +3.7016e+00 +8.9595e-01 +1.9098e+00 -9.2738e-01 +2.0733e+00 -4.8853e-01 -3.8113e+00 +8.5940e-01 -5.4150e-01
19961 +3.978850546e-02 +3.978850546e-02 +6.397885055e-01 +6.397885055e-01 +2.5472e+00 -2.1148e+00 +2.7007e-01 +3.6514e+00 +1.4467e-01 -3.9411e+00 -2.3630e+00 +3.8007e-01 -3.8065e-01 -1.1598e-01 -2.5715e+00 +3.7018e+00 +8.5097e-01 +1.8876e+00 -9.3743e-01 +2.0889e+00 -4.8820e-01 -3.8070e+00 +8.7649e-01 -6.4475e-01
% function evaluation | noise-free fitness - Fopt (-4.071000000000e+01) | best noise-free fitness - Fopt | measured fitness | best measured fitness | x1 | x2...
1 +5.966218685e+01 +5.966218685e+01 +1.895218685e+01 +1.895218685e+01 +1.3483e+00 +1.8083e+00 +2.1436e+00 +1.1657e+00 +2.8456e+00 +4.3270e+00 +2.4991e+00 -2.8554e+00 +3.1348e+00 +2.0603e-01 +3.1474e+00 -3.9989e+00 +2.2292e+00 +1.5759e-01 -2.7218e+00 -8.0604e-01 +1.0619e+00 -3.2190e+00 -2.0921e+00 -3.4365e+00
58 +2.595204044e+01 +2.595204044e+01 -1.475795956e+01 -1.475795956e+01 +5.0000e+00 -5.0000e+00 +3.1158e+00 +4.1277e-01 +9.6988e-01 -5.0000e+00 +3.6552e+00 -1.3545e+00 -4.2029e-01 +2.9563e-01 -1.7927e+00 +5.1143e-01 +5.0000e+00 +7.9566e-01 +2.5748e+00 +2.7630e+00 +3.5182e+00 +3.9065e+00 -1.6893e+00 -5.6417e-01
108 +2.352825679e+01 +2.352825679e+01 -1.718174321e+01 -1.718174321e+01 +5.0000e+00 -5.0000e+00 +1.5403e+00 +4.8204e+00 -7.3236e-01 -5.0000e+00 +1.0497e+00 -1.0147e+00 -9.7288e-01 -7.6710e-01 +2.0165e-01 +5.1058e-01 +4.4171e+00 -4.8644e-01 +1.1159e+00 +5.0000e+00 -8.8552e-01 +5.0000e+00 -5.0000e+00 +0.0000e+00
531 +1.538026101e+01 +1.538026101e+01 -2.532973899e+01 -2.532973899e+01 +4.7976e+00 -4.3687e+00 -1.3391e+00 +2.2905e+00 -6.0994e-01 -3.9212e+00 +1.8131e+00 -4.3067e-01 -1.7015e+00 +7.9880e-01 +3.8257e+00 +2.6784e+00 +4.3133e+00 +1.0001e+00 -8.6940e-01 +5.0000e+00 +3.7042e-02 +4.7061e+00 -2.8332e+00 -9.9295e-01
1255 +9.777990936e+00 +9.777990936e+00 -3.093200906e+01 -3.093200906e+01 +4.5801e+00 -5.0000e+00 +3.2243e-03 +2.9402e+00 -2.1234e-01 -3.4368e+00 +9.7735e-01 +1.1040e+00 -3.3934e+00 -2.5703e-01 +2.5250e+00 +1.5631e+00 +4.2416e+00 -5.0742e-01 -3.7974e+00 +5.0000e+00 +1.2101e+00 +0.0000e+00 -9.3567e-02 -2.4227e+00
3331 +6.290897657e+00 +6.290897657e+00 -3.441910234e+01 -3.441910234e+01 +3.7532e+00 -3.8508e+00 +8.6723e-01 +2.5022e+00 +2.3072e-01 -3.3457e+00 +2.2827e+00 +8.2495e-01 -1.2830e+00 +4.5607e-01 +3.4419e+00 +9.3720e-01 +3.4610e+00 -1.0181e-01 -2.8093e+00 +5.0000e+00 +1.4943e+00 +0.0000e+00 -3.4965e-01 -1.0553e+00
11002 +3.421476413e+00 +3.421476413e+00 -3.728852359e+01 -3.728852359e+01 +2.5384e+00 -3.7500e+00 +1.4063e+00 +2.2266e+00 -3.3982e-01 -3.5742e+00 +1.6406e+00 +3.9063e-02 -2.1875e+00 +1.5625e-01 +4.0625e+00 +5.1051e-05 +3.8542e+00 +0.0000e+00 -2.8125e+00 +4.0161e+00 +5.2852e-01 -1.2205e+00 +0.0000e+00 -1.7372e+00
11050 +1.800303288e+00 +1.800303288e+00 -3.890969671e+01 -3.890969671e+01 +1.0801e+00 -3.7500e+00 +1.4063e+00 +2.2266e+00 -3.3764e-01 -3.5742e+00 +1.6406e+00 +3.9063e-02 -2.1875e+00 +1.5625e-01 +4.0832e+00 +4.3292e-05 +3.8377e+00 +0.0000e+00 -2.8125e+00 +3.9643e+00 +5.2395e-01 -3.3872e+00 +0.0000e+00 -1.7467e+00
11183 +1.580430794e+00 +1.580430794e+00 -3.912956921e+01 -3.912956921e+01 +3.3529e-01 -3.7500e+00 +1.4063e+00 +2.2267e+00 -3.3954e-01 -3.5742e+00 +1.6406e+00 +3.9063e-02 -2.1875e+00 +1.5625e-01 +4.0686e+00 +1.4189e-05 +3.8393e+00 +0.0000e+00 -2.8125e+00 +3.9224e+00 +5.2999e-01 -3.9442e+00 +0.0000e+00 -1.7423e+00
12803 +9.880537616e-01 +9.880537616e-01 -3.972194624e+01 -3.972194624e+01 +6.7593e-01 -2.6565e+00 +1.4063e+00 +2.2266e+00 -3.9054e-01 -3.5742e+00 +1.6406e+00 +3.9063e-02 -2.1875e+00 +1.5625e-01 +4.0633e+00 +0.0000e+00 +3.8281e+00 +4.4100e-01 -2.8125e+00 +4.0475e+00 +4.6875e-01 -4.0443e+00 +5.8269e-01 -1.8634e+00
15174 +6.202782379e-01 +6.202782379e-01 -4.008972176e+01 -4.008972176e+01 +6.6384e-01 -2.6403e+00 +1.4063e+00 +2.3013e+00 -3.9063e-01 -3.2840e+00 +1.6406e+00 +5.6814e-01 -1.8940e+00 +1.5625e-01 +4.0625e+00 -5.7405e-01 +3.8283e+00 +5.2990e-01 -2.8125e+00 +3.7500e+00 +4.6875e-01 -3.8609e+00 +8.2055e-01 -1.8750e+00
16362 +3.326654022e-01 +3.326654022e-01 -4.037733460e+01 -4.037733460e+01 +6.2500e-01 -2.5000e+00 +1.5654e+00 +2.2692e+00 -3.9062e-01 -3.4353e+00 +1.3059e+00 +5.6695e-01 -1.8207e+00 +1.0018e+00 +3.8030e+00 -5.5639e-01 +3.8284e+00 +4.5795e-01 -3.0569e+00 +3.7500e+00 +4.6875e-01 -3.9031e+00 +8.9695e-01 -1.8750e+00
16802 +2.491262472e-01 +2.491262472e-01 -4.046087375e+01 -4.046087375e+01 +6.4147e-01 -2.5000e+00 +1.4560e+00 +2.2783e+00 -3.9062e-01 -3.2393e+00 +1.3626e+00 +5.1747e-01 -1.5240e+00 +9.3152e-01 +3.7083e+00 -5.3997e-01 +3.8284e+00 +4.6044e-01 -2.8383e+00 +3.7500e+00 +4.6875e-01 -3.9025e+00 +8.9459e-01 -1.8750e+00
16897 +1.563509238e-01 +1.563509238e-01 -4.055364908e+01 -4.055364908e+01 +6.4456e-01 -2.5000e+00 +1.4731e+00 +2.2770e+00 -3.9062e-01 -3.2337e+00 +1.3833e+00 +5.7077e-01 -1.5267e+00 +9.3521e-01 +3.7080e+00 -5.3987e-01 +3.8284e+00 +4.5988e-01 -3.0470e+00 +3.7500e+00 +4.9227e-02 -3.9023e+00 +8.7163e-01 -1.8750e+00
17314 +8.972068509e-02 +8.972068509e-02 -4.062027931e+01 -4.062027931e+01 +6.5287e-01 -2.5000e+00 +1.4487e+00 +2.2735e+00 -4.2016e-01 -3.1848e+00 +1.3580e+00 +5.4370e-01 -1.6194e+00 +7.9969e-01 +3.7547e+00 -4.8323e-01 +3.8284e+00 +3.9895e-01 -2.8706e+00 +3.7500e+00 -3.4104e-02 -3.9025e+00 +8.1344e-01 -1.8750e+00
17457 +5.632650435e-02 +5.632650435e-02 -4.065367350e+01 -4.065367350e+01 +6.6334e-01 -2.5000e+00 +1.4658e+00 +2.2426e+00 -5.0473e-01 -3.1619e+00 +1.3437e+00 +5.8698e-01 -1.6001e+00 +8.8767e-01 +3.7243e+00 -4.7278e-01 +3.8330e+00 +3.4649e-01 -2.8343e+00 +3.7500e+00 -1.2531e-01 -3.9029e+00 +6.8425e-01 -1.8750e+00
17727 +3.967645882e-02 +3.967645882e-02 -4.067032354e+01 -4.067032354e+01 +6.6577e-01 -2.5000e+00 +1.4652e+00 +2.2232e+00 -5.2539e-01 -3.1310e+00 +1.3524e+00 +5.7259e-01 -1.5930e+00 +9.2158e-01 +3.8267e+00 -4.6875e-01 +3.7431e+00 +3.5189e-01 -2.7867e+00 +3.7500e+00 -1.5688e-01 -3.9032e+00 +6.2853e-01 -1.8750e+00
% function evaluation | noise-free fitness - Fopt (8.143200000000e+02) | best noise-free fitness - Fopt | measured fitness | best measured fitness | x1 | x2...
1 +1.672814638e+02 +1.672814638e+02 +9.816014638e+02 +9.816014638e+02 +1.8269e+00 +1.3747e-01 +3.5936e+00 -2.1159e+00 -4.0363e+00 -1.2943e+00 +7.9071e-01 +1.9912e+00 +2.8775e+00 -1.5521e+00 +3.5483e+00 +1.9391e-01 +3.5105e+00 +3.0213e+00 -3.7806e+00 -4.6116e+00 -2.2990e+00 +7.5597e-02 +4.5637e+00 -3.3952e+00
2 +1.172389537e+02 +1.172389537e+02 +9.315589537e+02 +9.315589537e+02 +4.5435e+00 -3.9872e+00 -3.3057e+00 +3.8683e+00 +3.4663e+00 -4.9728e+00 -4.4045e+00 +8.2673e-01 -3.4499e+00 -1.9064e+00 +3.9903e+00 +3.9964e+00 +3.6737e+00 +3.4189e+00 +2.6384e+00 +5.7348e-01 +3.7367e+00 -6.3892e-01 -1.2234e+00 -1.9779e+00
6 +9.281188959e+01 +9.281188959e+01 +9.071318896e+02 +9.071318896e+02 +4.6690e-01 -3.2988e+00 +9.4347e-01 -4.3941e+00 +8.3089e-01 -4.7557e+00 +4.7076e+00 +2.7708e+00 +2.1561e+00 +5.9005e-01 -5.9353e-01 +3.9652e+00 -3.3763e+00 -2.9295e+00 +3.6838e+00 +3.3045e+00 +1.8751e+00 -1.9844e+00 +1.9631e+00 +2.2713e+00
51 +6.251324148e+01 +6.251324148e+01 +8.768332415e+02 +8.768332415e+02 +2.3209e+00 +2.3253e+00 -1.6575e+00 -2.0387e+00 -2.1793e+00 -3.3802e+00 -5.0000e+00 +2.0129e+00 -4.0084e+00 -7.3824e-01 +9.6384e-01 -4.3313e-01 -1.4059e+00 -2.3274e+00 -4.0225e+00 -1.6309e+00 -2.5441e-02 -2.5685e+00 -4.6157e+00 +5.0000e+00
101 +3.145581122e+01 +3.145581122e+01 +8.457758112e+02 +8.457758112e+02 -3.5706e-01 -3.7526e-01 -2.8746e+00 -1.5281e+00 -5.0000e+00 -2.7043e+00 +2.4232e+00 +3.8368e+00 -9.0579e-01 -2.5739e+00 +1.2060e+00 +5.3343e-01 -5.6978e-01 -2.1748e+00 +1.7189e+00 +1.9266e+00 -3.4887e-01 +0.0000e+00 -4.3750e+00 +5.0000e+00
180 +2.465657848e+01 +2.465657848e+01 +8.389765785e+02 +8.389765785e+02 -3.4942e+00 -3.7464e+00 +6.8991e-01 -1.0677e+00 -1.7011e-01 -3.8721e+00 +4.3493e+00 +5.7229e-01 +0.0000e+00 -4.9541e+00 +0.0000e+00 +2.7197e+00 -2.8580e+00 +1.1379e+00 -1.0029e+00 +3.5348e+00 -1.9326e+00 -5.0820e-01 -4.4571e-01 +5.0000e+00
937 +1.564263195e+01 +1.564263195e+01 +8.299626319e+02 +8.299626319e+02 -1.4967e+00 -4.5850e+00 +3.0255e+00 +6.0705e-01 +2.9222e-01 -2.4065e+00 -1.1554e+00 +1.2204e+00 -7.8835e-01 -8.7499e-01 -9.0855e-01 -5.0000e+00 +1.1235e+00 -2.1050e+00 +7.9085e-01 +5.0000e+00 -1.4310e+00 +3.3915e+00 -1.4541e+00 +4.9465e+00
2125 +8.479551942e+00 +8.479551942e+00 +8.227995519e+02 +8.227995519e+02 -3.1827e+00 -5.0000e+00 +2.5334e+00 +2.3119e-01 +2.6731e+00 -1.3306e+00 +1.4669e+00 -7.6138e-01 +4.4941e-01 +0.0000e+00 -1.3424e+00 -2.4614e+00 +1.6581e+00 -9.1348e-01 +4.7373e+00 +4.2807e+00 +6.9419e-01 +4.0007e+00 -2.5426e-01 +2.6801e+00
3131 +5.941797634e+00 +5.941797634e+00 +8.202617976e+02 +8.202617976e+02 -1.7526e+00 -3.4976e+00 +2.7272e+00 -2.5860e+00 +3.3231e+00 -1.0351e+00 +1.5886e+00 +1.4031e+00 +1.1747e+00 -4.4333e-01 -2.9087e-02 -5.1596e-01 +2.0929e+00 +0.0000e+00 +5.0000e+00 +4.0190e+00 -5.7553e-01 +2.0626e+00 -2.2865e+00 +2.7894e+00
3333 +3.940415651e+00 +3.940415651e+00 +8.182604157e+02 +8.182604157e+02 -1.8467e+00 -4.4181e+00 +3.5827e+00 -7.8991e-01 +1.1264e+00 -1.6175e+00 +1.5071e+00 +9.5254e-01 +7.4576e-01 -8.3497e-01 +5.8773e-01 +0.0000e+00 +3.0582e+00 +0.0000e+00 +3.4665e+00 +4.0494e+00 -3.7468e-01 +2.1983e+00 -2.0476e+00 +2.6798e+00
4155 +2.356621165e+00 +2.356621165e+00 +8.166766212e+02 +8.166766212e+02 -3.1796e+00 -3.8996e+00 +4.1634e+00 -1.8138e+00 +1.9742e+00 -1.2480e+00 +2.0449e+00 +1.0038e+00 -8.0953e-01 -1.9631e+00 -1.6058e+00 +0.0000e+00 +3.6479e+00 -4.1188e-01 +3.9229e+00 +4.3604e+00 +4.0320e-01 +1.9648e+00 -4.0175e+00 +2.7512e+00
4819 +1.423429333e+00 +1.423429333e+00 +8.157434293e+02 +8.157434293e+02 -3.5609e+00 -4.1405e+00 +4.2498e+00 -1.6870e+00 +2.1637e+00 -8.4718e-01 +2.4140e+00 +1.1230e+00 +2.2798e-01 -1.7607e+00 -7.8075e-02 +0.0000e+00 +3.4168e+00 -2.5315e-01 +3.5381e+00 +3.9375e+00 +6.9148e-01 +1.9644e+00 -3.8173e+00 +2.7644e+00
5344 +9.273162684e-01 +9.273162684e-01 +8.152473163e+02 +8.152473163e+02 -3.3013e+00 -4.0993e+00 +4.0688e+00 -1.4277e+00 +2.2907e+00 -8.4841e-01 +2.2408e+00 +1.1703e+00 -9.3171e-02 -1.8900e+00 -6.4439e-01 +0.0000e+00 +3.3524e+00 -3.0987e-01 +3.4648e+00 +3.7500e+00 +1.8151e-01 +2.1524e+00 -3.3603e+00 +2.5000e+00
6708 +6.256318837e-01 +6.256318837e-01 +8.149456319e+02 +8.149456319e+02 -2.9422e+00 -4.0588e+00 +3.9164e+00 -1.0592e+00 +2.1571e+00 -6.4864e-01 +2.2135e+00 +8.5136e-01 -4.7533e-01 -1.8794e+00 -2.3255e-01 +0.0000e+00 +3.1250e+00 -4.0202e-03 +3.3453e+00 +3.7505e+00 +0.0000e+00 +1.8131e+00 -3.3526e+00 +2.5036e+00
12683 +3.564697985e-01 +3.564697985e-01 +8.146764698e+02 +8.146764698e+02 -2.8956e+00 -3.7500e+00 +3.8984e+00 -1.1947e+00 +2.2338e+00 -4.5568e-01 +2.5000e+00 +8.9989e-01 -5.1721e-01 -1.7831e+00 +1.0415e-01 +0.0000e+00 +3.3335e+00 +0.0000e+00 +3.2996e+00 +3.7500e+00 +2.3438e-01 +1.9237e+00 -3.3518e+00 +2.1716e+00
13088 +2.436331699e-01 +2.436331699e-01 +8.145636332e+02 +8.145636332e+02 -2.8647e+00 -3.7500e+00 +3.8953e+00 -1.1977e+00 +2.2368e+00 -4.6086e-01 +2.5000e+00 +9.0065e-01 -5.1682e-01 -1.7927e+00 +1.0239e-01 +3.4420e-01 +3.3338e+00 +0.0000e+00 +3.2998e+00 +3.1979e+00 +2.3438e-01 +1.9162e+00 -3.3519e+00 +1.8598e+00
13483 +1.582973457e-01 +1.582973457e-01 +8.144782973e+02 +8.144782973e+02 -2.8553e+00 -3.7500e+00 +3.8960e+00 -1.1992e+00 +2.2266e+00 -4.6362e-01 +2.5000e+00 +9.0051e-01 -5.1406e-01 -1.7889e+00 +1.1869e-01 +1.4186e-01 +3.3354e+00 +3.3223e-01 +3.2990e+00 +3.6042e+00 +2.3438e-01 +1.9219e+00 -3.3507e+00 +2.0086e+00
15059 +9.990533127e-02 +9.990533127e-02 +8.144199053e+02 +8.144199053e+02 -2.8125e+00 -3.8300e+00 +3.8867e+00 -1.1919e+00 +2.2266e+00 -4.6771e-01 +2.3079e+00 +9.0056e-01 -5.2093e-01 -1.7897e+00 +7.8125e-02 +2.5357e-01 +3.3364e+00 +4.4770e-01 +3.2910e+00 +3.5199e+00 +2.3438e-01 +1.9238e+00 -3.3498e+00 +1.9400e+00
17291 +6.280211977e-02 +6.280211977e-02 +8.143828021e+02 +8.143828021e+02 -2.8125e+00 -3.7991e+00 +3.8867e+00 -1.1921e+00 +2.1460e+00 -4.6831e-01 +2.2698e+00 +9.0039e-01 -5.1758e-01 -1.7892e+00 +7.8125e-02 +2.0388e-01 +3.3355e+00 +5.1262e-01 +3.2910e+00 +3.4910e+00 +2.0880e-01 +2.0502e+00 -3.1521e+00 +1.8802e+00
18575 +3.945900681e-02 +3.945900681e-02 +8.143594590e+02 +8.143594590e+02 -2.8125e+00 -3.7500e+00 +3.7903e+00 -1.1919e+00 +2.1798e+00 -4.6780e-01 +2.2700e+00 +8.6319e-01 -5.1759e-01 -1.7887e+00 +7.8125e-02 +2.6190e-01 +3.3254e+00 +5.0704e-01 +3.2774e+00 +3.4383e+00 +2.4629e-01 +2.0968e+00 -3.2289e+00 +1.8750e+00
19483 +2.388968714e-02 +2.388968714e-02 +8.143438897e+02 +8.143438897e+02 -2.8125e+00 -3.7500e+00 +3.7918e+00 -1.1914e+00 +2.2160e+00 -4.4281e-01 +2.2687e+00 +8.6942e-01 -5.1761e-01 -1.7896e+00 -4.9988e-02 +3.0822e-01 +3.2936e+00 +5.3969e-01 +3.1833e+00 +3.4375e+00 +2.5705e-01 +2.1645e+00 -3.2537e+00 +1.8750e+00
% function evaluation | noise-free fitness - Fopt (-6.205000000000e+01) | best noise-free fitness - Fopt | measured fitness | best measured fitness | x1 | x2...
1 +1.271711928e+02 +1.271711928e+02 +6.512119276e+01 +6.512119276e+01 -1.0713e+00 -4.3673e+00 +3.3297e+00 +4.8900e+00 +3.2772e+00 +1.2576e+00 -3.4991e+00 +9.6043e-01 +4.4510e-01 +6.6150e-01 +3.3403e+00 -2.4877e+00 -3.0692e+00 -8.5331e-01 -3.5959e+00 -3.3992e+00 -1.7737e+00 +2.2110e+00 +1.4948e+00 -1.9944e+00
14 +9.299270549e+01 +9.299270549e+01 +3.094270549e+01 +3.094270549e+01 -3.6260e-01 +4.6042e+00 +4.3955e-01 +1.9386e+00 -4.3668e-01 -1.7792e-01 +2.5286e+00 -1.6183e+00 +3.8414e+00 -7.6021e-01 -4.2498e+00 +2.1327e+00 +1.4117e+00 -6.9374e-01 +2.1528e+00 -3.6515e+00 +3.0323e+00 +1.2502e+00 -3.7161e+00 -9.2552e-01
19 +6.191095054e+01 +6.191095054e+01 -1.390494613e-01 -1.390494613e-01 -2.7842e+00 -2.6183e-01 -4.6033e-01 +3.6362e+00 +4.7507e+00 -7.6379e-01 +4.7337e+00 +2.7919e+00 +1.4617e-01 -6.0964e-01 -5.8853e-01 -1.5263e+00 -1.3887e+00 +3.3937e+00 +3.9216e-01 -1.7894e+00 +5.8259e-01 -2.7077e+00 +4.1428e+00 -1.4347e+00
112 +2.706813285e+01 +2.706813285e+01 -3.498186715e+01 -3.498186715e+01 -5.1710e-01 -3.7030e+00 +4.3204e+00 +5.0000e+00 +6.5680e-01 -9.7711e-02 +5.0000e+00 +1.5558e-01 -5.0000e+00 +3.9610e+00 -8.7431e-01 -2.2236e+00 -2.8872e+00 +5.0000e+00 +5.0000e+00 -1.3528e+00 +3.2869e+00 -6.9380e-01 -4.8386e-02 -2.2361e+00
126 +2.244896598e+01 +2.244896598e+01 -3.960103402e+01 -3.960103402e+01 +3.7797e+00 +7.3696e-01 +5.0000e+00 +5.0000e+00 -8.5871e-01 +3.5333e+00 +5.0000e+00 -4.1112e+00 -5.0000e+00 +5.0000e+00 -2.1182e+00 -4.2843e+00 -2.1499e+00 +3.9469e+00 +5.0000e+00 -1.6972e+00 +3.1467e+00 +0.0000e+00 -1.7705e+00 -3.7886e+00
622 +1.551755461e+01 +1.551755461e+01 -4.653244539e+01 -4.653244539e+01 +2.7441e+00 +1.1711e+00 +3.3348e+00 +5.0000e+00 -2.5131e+00 -2.3757e-01 +5.0000e+00 -1.7275e+00 -2.8584e+00 +1.6214e+00 +0.0000e+00 -4.5499e+00 +8.7648e-02 +4.1053e+00 -6.1819e-02 -2.1385e+00 -9.7481e-01 -2.2829e+00 -1.9114e+00 +9.4364e-01
1468 +9.824419598e+00 +9.824419598e+00 -5.222558040e+01 -5.222558040e+01 +4.4883e+00 -1.0826e+00 +8.6546e-01 +5.0000e+00 -2.9144e+00 +1.1279e+00 +5.0000e+00 -4.4877e+00 -4.8303e+00 +1.7341e+00 +0.0000e+00 -1.8718e+00 +2.1482e+00 +1.0652e+00 -1.1688e+00 -2.5000e+00 +1.6297e+00 +2.7678e+00 -3.9721e-01 -1.2074e+00
2855 +6.050225519e+00 +6.050225519e+00 -5.599977448e+01 -5.599977448e+01 +2.9703e+00 -1.4580e+00 +7.4323e-01 +5.0000e+00 -1.6850e+00 -2.1560e+00 +5.0000e+00 -3.7746e+00 -4.9149e+00 +2.5166e+00 +8.2882e-01 -1.0069e+00 -5.3138e-01 +8.9180e-01 +1.2382e+00 -1.4032e+00 +1.5674e+00 +2.0905e+00 +0.0000e+00 +7.0127e-01
5802 +3.919575285e+00 +3.919575285e+00 -5.813042472e+01 -5.813042472e+01 +2.2202e+00 -4.7075e-01 +4.2131e-01 +5.0000e+00 -1.6574e+00 -3.1709e+00 +5.0000e+00 -3.7588e+00 -4.7711e+00 +3.7500e+00 +7.6924e-01 -1.7790e+00 -7.7805e-01 +3.2947e-01 +1.9442e+00 -2.7167e+00 +1.7408e+00 +2.5000e+00 -3.6896e-01 +1.4862e+00
10203 +1.924323927e+00 +1.924323927e+00 -6.012567607e+01 -6.012567607e+01 +2.0670e+00 -5.9999e-01 +2.7151e-04 +2.7887e+00 -1.4527e+00 -3.4291e+00 +5.0000e+00 -3.9864e+00 -4.6875e+00 +3.5953e+00 +6.4674e-01 -1.7824e+00 -5.1976e-01 +2.2552e-01 +1.6824e+00 -3.1096e+00 +1.5005e+00 +2.3438e+00 -6.2500e-01 +1.5118e+00
10366 +1.457913615e+00 +1.457913615e+00 -6.059208638e+01 -6.059208638e+01 +2.3792e+00 -5.8686e-01 +1.6359e-04 +2.1334e+00 -1.5835e+00 -3.4375e+00 +4.1720e+00 -3.8572e+00 -4.6875e+00 +3.6036e+00 +6.6336e-01 -1.7857e+00 -4.3729e-01 +2.4766e-01 +1.6364e+00 -3.0512e+00 +1.5008e+00 +2.3438e+00 -6.2385e-01 +1.4475e+00
12763 +8.137990039e-01 +8.137990039e-01 -6.123620100e+01 -6.123620100e+01 +2.0381e+00 -6.2500e-01 +0.0000e+00 +1.6421e+00 -1.6624e+00 -3.4375e+00 +4.0765e+00 -3.7500e+00 -4.1342e+00 +3.5938e+00 +6.2502e-01 -1.7188e+00 -3.6991e-01 +3.1250e-01 +1.5625e+00 -3.2058e+00 +1.5625e+00 +2.3438e+00 -6.2500e-01 +1.8037e+00
12765 +5.982259205e-01 +5.982259205e-01 -6.145177408e+01 -6.145177408e+01 +2.0422e+00 -6.2500e-01 +0.0000e+00 +1.6371e+00 -1.6673e+00 -3.4375e+00 +4.0781e+00 -3.7500e+00 -3.3257e+00 +3.5938e+00 +6.2502e-01 -1.7188e+00 -3.7000e-01 +3.1250e-01 +1.5625e+00 -3.2045e+00 +1.5625e+00 +2.3438e+00 -6.2500e-01 +1.7998e+00
14161 +3.856301843e-01 +3.856301843e-01 -6.166436982e+01 -6.166436982e+01 +2.0314e+00 -6.2500e-01 -8.4319e-01 +1.8750e+00 -1.7106e+00 -3.4375e+00 +4.0548e+00 -3.7500e+00 -3.2776e+00 +3.5938e+00 +6.2500e-01 -1.7188e+00 -3.9063e-01 +3.1250e-01 +1.5625e+00 -3.1874e+00 +1.5625e+00 +2.3438e+00 -6.2458e-01 +1.8750e+00
15121 +2.496738751e-01 +2.496738751e-01 -6.180032612e+01 -6.180032612e+01 +2.0315e+00 -6.2500e-01 -6.6100e-01 +1.8750e+00 -1.7188e+00 -3.4375e+00 +4.0545e+00 -3.7500e+00 -3.2542e+00 +3.1912e+00 +6.2500e-01 -1.7188e+00 -3.9063e-01 +3.1250e-01 +1.5625e+00 -3.1915e+00 +1.5625e+00 +2.6678e+00 -6.1207e-01 +1.8750e+00
17253 +1.100077243e-01 +1.100077243e-01 -6.193999228e+01 -6.193999228e+01 +2.0315e+00 -4.7854e-01 -5.2401e-01 +1.8750e+00 -1.7188e+00 -3.6352e+00 +4.0483e+00 -3.3844e+00 -3.2745e+00 +3.3484e+00 +5.1163e-01 -1.6061e+00 -3.9063e-01 +3.0425e-01 +1.4816e+00 -3.2031e+00 +1.7940e+00 +2.5572e+00 -6.5330e-01 +1.8750e+00
17410 +9.860875903e-02 +9.860875903e-02 -6.195139124e+01 -6.195139124e+01 +2.0315e+00 -5.4066e-01 -4.9223e-01 +1.8750e+00 -1.7188e+00 -3.6403e+00 +4.0478e+00 -3.3971e+00 -3.2657e+00 +3.3482e+00 +5.5637e-01 -1.6078e+00 -3.9063e-01 +2.5029e-01 +1.3482e+00 -3.2031e+00 +1.7669e+00 +2.5895e+00 -7.0526e-01 +1.8750e+00
18609 +6.291180879e-02 +6.291180879e-02 -6.198708819e+01 -6.198708819e+01 +1.9887e+00 -6.0295e-01 -5.5322e-01 +1.8750e+00 -1.7188e+00 -3.5166e+00 +4.0482e+00 -3.3102e+00 -3.2584e+00 +3.3632e+00 +6.0917e-01 -1.6244e+00 -3.4257e-01 +2.8987e-01 +1.4232e+00 -3.2031e+00 +1.8545e+00 +2.6303e+00 -7.5174e-01 +1.8750e+00
19983 +3.967418974e-02 +3.967418974e-02 -6.201032581e+01 -6.201032581e+01 +1.9340e+00 -6.1629e-01 -5.9379e-01 +1.8750e+00 -1.7070e+00 -3.5290e+00 +4.0485e+00 -3.2191e+00 -3.2728e+00 +3.3502e+00 +6.2197e-01 -1.6089e+00 -3.4644e-01 +3.3635e-01 +1.4239e+00 -3.1952e+00 +1.8574e+00 +2.6321e+00 -7.2873e-01 +1.7852e+00
% function evaluation | noise-free fitness - Fopt (-4.328000000000e+01) | best noise-free fitness - Fopt | measured fitness | best measured fitness | x1 | x2...
1 +9.187776467e+02 +9.187776467e+02 +8.754976467e+02 +8.754976467e+02 +1.7967e+00 +1.4258e+00 +4.8217e+00 -3.7077e-01 -2.6631e+00 +2.5041e+00 -2.8390e+00 +4.9894e+00 +4.6799e+00 -3.8324e+00 +9.7828e-01 +1.3463e+00 +2.0366e+00 +1.9644e+00 +5.4094e-01 +1.6403e+00 -3.7510e+00 -1.1200e+00 +1.8003e+00 -2.9454e+00
2 +3.111713234e+02 +3.111713234e+02 +2.678913234e+02 +2.678913234e+02 -1.9238e+00 -1.2011e+00 +1.0367e+00 -2.5882e-01 -4.4635e+00 +3.8571e+00 -1.9616e+00 +4.6879e-01 -4.8231e+00 -1.2193e+00 -1.3852e+00 -1.6643e+00 -3.7481e-01 +1.6848e+00 -7.8866e-01 -3.2662e+00 +3.7597e+00 +2.4437e+00 -6.5313e-01 -4.7593e+00
5 +2.389114928e+02 +2.389114928e+02 +1.956314928e+02 +1.956314928e+02 -2.0210e+00 +2.4423e-01 +4.5003e+00 -4.0064e+00 +3.3520e+00 +1.3104e-02 -2.3962e+00 +3.8838e+00 -5.5123e-01 +3.6899e+00 +4.9237e+00 +3.3756e+00 -3.8928e+00 +1.1733e+00 +4.5046e+00 +2.3370e+00 +4.7678e-02 +3.7815e+00 +2.5693e+00 -2.6724e+00
6 +1.044277380e+02 +1.044277380e+02 +6.114773799e+01 +6.114773799e+01 +2.4490e+00 +4.7659e+00 -9.4626e-01 +4.9553e+00 +4.7995e+00 -4.9385e+00 +3.4253e+00 +4.7215e+00 +3.2080e+00 +1.0835e+00 -6.1951e-01 +4.5328e+00 -4.1787e+00 +3.6625e+00 -4.9140e+00 +1.0490e+00 +1.1833e+00 -9.6618e-01 +2.9633e+00 +1.0645e+00
7 +7.967866859e+01 +7.967866859e+01 +3.639866859e+01 +3.639866859e+01 -1.8328e+00 -7.2328e-01 -1.4429e+00 +2.6953e+00 +2.8741e-01 -5.3708e-01 +2.4746e+00 +1.8529e+00 +8.4308e-01 +3.1280e-01 -2.6191e+00 -2.9776e+00 -3.0136e+00 -4.5835e+00 +6.2099e-01 +4.0886e+00 +3.3206e+00 +4.3288e+00 +5.4805e-01 -2.2966e-01
43 +4.755367273e+01 +4.755367273e+01 +4.273672725e+00 +4.273672725e+00 -7.1966e-01 -3.6543e+00 -5.0000e+00 +5.0173e-01 +4.3358e+00 +3.0389e-01 +2.8545e+00 +5.0000e+00 +4.0199e+00 +1.2359e+00 -1.2769e+00 -7.7937e-01 -2.1597e+00 -4.5103e+00 -2.0159e+00 -2.1348e+00 +3.2520e+00 +1.6421e-01 +2.5987e+00 +4.0006e+00
95 +3.527655368e+01 +3.527655368e+01 -8.003446318e+00 -8.003446318e+00 +0.0000e+00 -6.4071e-01 -5.0000e+00 -5.8532e-02 +3.3347e+00 +7.3523e-01 +1.0541e+00 +0.0000e+00 -1.9021e+00 +1.8777e+00 -2.6901e+00 -1.8429e+00 +0.0000e+00 -7.4829e-01 -3.0487e+00 -2.0730e+00 +0.0000e+00 +9.5880e-01 +3.2633e+00 +2.0871e+00
279 +2.092797476e+01 +2.092797476e+01 -2.235202524e+01 -2.235202524e+01 +5.6253e-01 -2.5483e-01 -4.5144e+00 +2.2853e+00 +4.4229e+00 -1.6936e+00 -3.4845e+00 -5.0000e+00 +1.9094e+00 +6.7590e-01 -4.3476e+00 -1.8348e+00 +1.1135e+00 +2.5760e+00 -3.2607e+00 -1.1627e+00 +0.0000e+00 +0.0000e+00 +4.4746e+00 +3.5818e+00
288 +1.505572908e+01 +1.505572908e+01 -2.822427092e+01 -2.822427092e+01 +8.7245e-01 +9.4600e-01 -4.2276e+00 +2.2595e+00 +4.7840e+00 -3.2172e+00 -5.0000e+00 -5.0000e+00 +3.9946e+00 +3.0858e-01 -3.1428e+00 -9.3608e-01 -6.4516e-01 +3.3109e+00 -2.9807e+00 +1.4324e-01 +6.3581e-01 +1.1508e+00 +5.0000e+00 +2.2915e+00
1072 +9.514178209e+00 +9.514178209e+00 -3.376582179e+01 -3.376582179e+01 -4.4233e-01 -1.2825e+00 -4.3045e+00 +3.2553e+00 +5.0000e+00 -8.8067e-01 -5.0000e+00 -4.5358e+00 +0.0000e+00 +7.2477e-01 -1.4516e-01 -9.3910e-02 -2.4101e+00 +4.2016e+00 -8.3319e-01 -7.1728e-01 -1.6373e-01 -9.5368e-01 +4.6205e+00 -1.9994e+00
2057 +5.050700524e+00 +5.050700524e+00 -3.822929948e+01 -3.822929948e+01 -6.9552e-01 +1.3092e+00 -3.2056e+00 +1.2857e+00 +5.0000e+00 -3.3646e-01 -4.9997e+00 -2.1107e+00 +8.9041e-01 -1.4309e+00 +9.1512e-01 -1.7222e+00 -3.8796e+00 +3.8833e+00 -1.7040e+00 -1.6523e+00 +1.4281e+00 +8.1249e-01 +4.4407e+00 -1.0016e+00
3187 +3.913360786e+00 +3.913360786e+00 -3.936663921e+01 -3.936663921e+01 -1.7985e-01 +3.2431e+00 -3.3637e+00 +1.5641e+00 +4.7671e+00 -1.4312e+00 -4.9999e+00 -1.0742e+00 +7.0286e-01 -6.0504e-01 +2.2563e+00 -6.5514e-01 -4.3805e+00 +3.0540e+00 -2.8943e+00 -5.4528e-01 +3.3746e+00 +1.3507e+00 +3.8836e+00 -2.2141e+00
4748 +2.277280992e+00 +2.277280992e+00 -4.100271901e+01 -4.100271901e+01 -2.7522e-01 +3.0439e+00 -2.8627e+00 +1.4750e+00 +4.4224e+00 -1.2782e+00 -4.9998e+00 -5.7419e-01 +1.5673e+00 -1.0788e+00 +2.0056e+00 -1.2943e+00 -4.2232e+00 +2.7332e+00 -3.0996e+00 -2.3203e-01 +2.5000e+00 -2.4253e-01 +3.8573e+00 -7.3329e-01
5846 +1.583701585e+00 +1.583701585e+00 -4.169629841e+01 -4.169629841e+01 -5.8121e-01 +2.4191e+00 -3.4057e+00 +1.3475e+00 +4.4134e+00 -2.0773e+00 -5.0000e+00 -8.4220e-01 +2.0952e+00 -1.4323e+00 +1.2787e+00 -1.1771e+00 -4.1603e+00 +2.5000e+00 -3.2286e+00 +3.3464e-01 +3.2626e+00 -2.6423e-01 +3.7709e+00 -1.6298e+00
10964 +8.897481607e-01 +8.897481607e-01 -4.239025184e+01 -4.239025184e+01 -7.4608e-01 +2.5690e+00 -3.1580e+00 +1.3131e+00 +4.3750e+00 -2.1872e+00 -3.9721e+00 -1.2500e+00 +2.0989e+00 -1.6161e+00 +1.3093e+00 -1.2616e+00 -4.0715e+00 +2.5000e+00 -3.1568e+00 +1.5933e-01 +3.4062e+00 -2.1402e-01 +3.7500e+00 -1.6185e+00
12761 +4.143949264e-01 +4.143949264e-01 -4.286560507e+01 -4.286560507e+01 -7.8125e-01 +2.6563e+00 -3.1250e+00 +1.3281e+00 +3.7824e+00 -2.1875e+00 -3.5837e+00 -1.2500e+00 +2.0704e+00 -1.5625e+00 +1.5625e+00 -1.5403e+00 -3.9629e+00 +2.5000e+00 -3.1258e+00 +1.7078e-02 +3.3594e+00 -3.1250e-01 +3.7500e+00 -1.5625e+00
12765 +3.673058741e-01 +3.673058741e-01 -4.291269413e+01 -4.291269413e+01 -7.8125e-01 +2.6563e+00 -3.1250e+00 +1.3281e+00 +3.3698e+00 -2.1875e+00 -3.5878e+00 -1.2500e+00 +2.0705e+00 -1.5625e+00 +1.5625e+00 -1.5334e+00 -3.9722e+00 +2.5000e+00 -3.1256e+00 +1.3735e-02 +3.3594e+00 -3.1250e-01 +3.7500e+00 -1.5625e+00
14081 +2.387190006e-01 +2.387190006e-01 -4.304128100e+01 -4.304128100e+01 -7.8125e-01 +2.6563e+00 -3.1250e+00 +1.3281e+00 +3.3945e+00 -2.1875e+00 -3.7499e+00 -1.2500e+00 +2.0704e+00 -1.5625e+00 +1.5625e+00 -1.4063e+00 -3.9070e+00 +2.1086e+00 -3.1263e+00 +1.2886e-04 +3.3594e+00 -3.1250e-01 +3.4241e+00 -1.5625e+00
16125 +1.090858306e-01 +1.090858306e-01 -4.317091417e+01 -4.317091417e+01 -7.8125e-01 +2.6563e+00 -3.1250e+00 +1.5740e+00 +3.4143e+00 -2.1428e+00 -3.6944e+00 -1.1199e+00 +2.0703e+00 -1.5625e+00 +1.5625e+00 -1.4063e+00 -3.9063e+00 +2.2656e+00 -3.1250e+00 +3.9063e-02 +3.1809e+00 -3.1250e-01 +3.4140e+00 -1.5625e+00
16128 +8.963309409e-02 +8.963309409e-02 -4.319036691e+01 -4.319036691e+01 -7.8125e-01 +2.6563e+00 -3.1250e+00 +1.6482e+00 +3.4138e+00 -2.1543e+00 -3.6956e+00 -1.1728e+00 +2.0703e+00 -1.5625e+00 +1.5625e+00 -1.4063e+00 -3.9063e+00 +2.2653e+00 -3.1250e+00 +3.9063e-02 +3.1311e+00 -3.1250e-01 +3.4108e+00 -1.5625e+00
17480 +6.225571099e-02 +6.225571099e-02 -4.321774429e+01 -4.321774429e+01 -7.4666e-01 +2.6625e+00 -3.1302e+00 +1.6504e+00 +3.4183e+00 -2.1694e+00 -3.6948e+00 -1.1804e+00 +2.0164e+00 -1.5196e+00 +1.5625e+00 -1.4063e+00 -3.9063e+00 +2.1112e+00 -3.0033e+00 +3.3733e-02 +3.0992e+00 -3.1250e-01 +3.3869e+00 -1.4561e+00
19071 +3.913129601e-02 +3.913129601e-02 -4.324086870e+01 -4.324086870e+01 -6.5100e-01 +2.6217e+00 -3.1023e+00 +1.6268e+00 +3.3761e+00 -2.1002e+00 -3.6728e+00 -1.1393e+00 +2.0029e+00 -1.5155e+00 +1.5407e+00 -1.4063e+00 -3.9518e+00 +2.1148e+00 -3.0416e+00 +3.3853e-02 +3.0773e+00 -2.4558e-01 +3.3137e+00 -1.4695e+00
19501 +2.492215108e-02 +2.492215108e-02 -4.325507785e+01 -4.325507785e+01 -6.4987e-01 +2.6303e+00 -3.0554e+00 +1.6369e+00 +3.3594e+00 -2.1168e+00 -3.6719e+00 -1.1490e+00 +1.9959e+00 -1.5125e+00 +1.5410e+00 -1.3142e+00 -3.9300e+00 +2.1204e+00 -3.0487e+00 +3.4621e-02 +3.0772e+00 -2.4286e-01 +3.2813e+00 -1.4458e+00
% function evaluation | noise-free fitness - Fopt (-3.916000000000e+01) | best noise-free fitness - Fopt | measured fitness | best measured fitness | x1 | x2...
1 +4.345038882e+02 +4.345038882e+02 +3.953438882e+02 +3.953438882e+02 +5.3486e-01 +4.8196e+00 -3.3244e+00 +2.1397e+00 -1.1867e+00 +2.7912e+00 +3.5047e+00 +1.6506e+00 +1.5874e+00 +7.7259e-01 -3.4007e+00 +4.6867e+00 -3.6073e-01 +4.5130e+00 -1.9312e+00 -2.1959e+00 +3.8641e+00 -1.0485e+00 +1.2779e+00 +4.7109e+00
2 +1.083051191e+02 +1.083051191e+02 +6.914511906e+01 +6.914511906e+01 -2.1867e+00 -7.6686e-01 +1.2844e+00 +1.4557e+00 -1.3154e-01 +4.2304e+00 +4.7153e+00 +2.5118e+00 -4.7556e+00 +3.0169e+00 +1.8587e+00 +8.1038e-01 +2.3210e+00 -2.7206e+00 -2.8126e+00 +2.0690e+00 +1.8439e+00 -3.9997e+00 +2.3229e+00 -4.5565e+00
5 +8.089308534e+01 +8.089308534e+01 +4.173308534e+01 +4.173308534e+01 -1.2662e+00 -9.5089e-01 +4.5297e+00 -3.9394e-01 -4.5036e+00 +2.7858e+00 +4.8801e+00 -4.4196e-02 -1.2196e+00 -3.4494e+00 +4.0862e+00 +1.0033e+00 -4.1673e+00 -2.0853e+00 -5.7278e-01 +6.4874e-01 +1.4723e+00 +3.9558e+00 -3.4510e+00 -3.6284e+00
16 +3.202105948e+01 +3.202105948e+01 -7.138940519e+00 -7.138940519e+00 -1.7074e+00 +4.7598e+00 +3.8639e+00 +4.9408e+00 -4.5514e+00 +4.8810e+00 -3.6660e+00 -4.1589e+00 +2.4119e+00 +2.0054e+00 +2.5143e-01 -2.5604e+00 +4.9410e+00 -1.6666e+00 -2.4508e+00 +3.9128e+00 -9.9211e-01 +9.9537e-01 -6.8764e-02 -1.3372e+00
320 +2.047120498e+01 +2.047120498e+01 -1.868879502e+01 -1.868879502e+01 +4.0647e-01 +1.3436e+00 +5.0000e+00 +6.0733e-01 -2.5137e+00 +1.7385e+00 +6.9417e-01 -1.7729e+00 -1.5966e+00 -1.1463e+00 -1.2351e+00 -3.7742e+00 -1.1429e-01 -4.2061e+00 -1.4422e+00 -4.6708e-01 -2.5884e+00 -1.0743e+00 +1.5633e+00 -2.4558e+00
421 +1.459194389e+01 +1.459194389e+01 -2.456805611e+01 -2.456805611e+01 +3.7920e-01 +1.2165e+00 +3.0500e+00 +7.4604e-01 -2.7302e+00 +2.1556e+00 +1.2691e+00 +8.0869e-01 -1.5365e+00 +0.0000e+00 -5.6426e-01 -3.8760e+00 -4.4181e+00 -3.7313e+00 -2.7697e+00 -2.4764e+00 -1.0635e+00 -1.1820e+00 +4.1525e+00 -2.9655e+00
1009 +9.167782027e+00 +9.167782027e+00 -2.999221797e+01 -2.999221797e+01 -3.3588e+00 +3.7546e+00 +3.8120e+00 -3.0830e-01 -2.7703e+00 +2.4237e+00 +1.8738e+00 -1.8961e+00 -1.5422e+00 +2.4090e-01 +1.9228e-01 -3.9931e+00 -2.9046e+00 -2.9131e+00 +2.3209e-01 -2.2017e+00 -2.1893e+00 -2.7130e+00 +3.1699e+00 -2.7735e+00
1841 +4.310077857e+00 +4.310077857e+00 -3.484992214e+01 -3.484992214e+01 -3.6993e+00 +2.5000e+00 +4.1931e+00 +2.6272e+00 -2.8326e+00 +0.0000e+00 +1.8869e+00 +9.6916e-01 -3.3959e+00 +2.9112e+00 -4.1994e-02 -2.6840e+00 -2.6543e+00 -1.3145e+00 -9.3838e-01 -3.1812e+00 +2.1601e+00 -1.8984e+00 +2.9979e+00 -2.4926e+00
2612 +3.318629105e+00 +3.318629105e+00 -3.584137090e+01 -3.584137090e+01 -4.1153e+00 +2.3836e+00 +2.6784e+00 +3.6569e+00 -3.2777e+00 -2.8094e-01 +2.5978e+00 -9.2611e-01 -1.0771e+00 +3.5740e+00 +1.2093e-01 -1.8457e+00 -2.8093e+00 -1.8276e+00 -8.8222e-01 -3.2932e+00 +2.0882e+00 -3.5784e+00 +2.8507e+00 -2.7637e+00
3125 +2.323824457e+00 +2.323824457e+00 -3.683617554e+01 -3.683617554e+01 -2.9792e+00 +2.3002e+00 +2.6584e+00 +3.7616e+00 -2.5615e+00 -1.0704e+00 +1.3362e+00 -2.8191e-01 -2.4496e+00 +3.4081e+00 +2.4781e-01 -2.4954e+00 -3.3053e+00 -8.8366e-01 -1.1170e+00 -3.1482e+00 +6.4391e-01 -3.3769e+00 +3.3655e+00 -2.6076e+00
4104 +1.212387071e+00 +1.212387071e+00 -3.794761293e+01 -3.794761293e+01 -3.4917e+00 +1.5997e+00 +2.5587e+00 +2.3159e+00 -2.1756e+00 +1.8182e-02 +2.0094e+00 +5.5821e-02 -3.0851e+00 +2.9933e+00 +6.8834e-01 -1.8373e+00 -3.4362e+00 -1.3522e+00 -6.7213e-01 -3.3877e+00 +1.4917e+00 -3.4563e+00 +3.5305e+00 -2.5496e+00
4354 +8.820391030e-01 +8.820391030e-01 -3.827796090e+01 -3.827796090e+01 -3.3767e+00 +1.8591e+00 +2.7317e+00 +2.2793e+00 -2.6749e+00 +3.6781e-01 +2.2339e+00 -2.8936e-01 -3.0725e+00 +3.0113e+00 +5.1987e-02 -1.6900e+00 -3.7500e+00 -8.4346e-01 -8.9280e-01 -2.9961e+00 +4.1603e-01 -4.0969e+00 +3.2972e+00 -2.7190e+00
5273 +5.045979087e-01 +5.045979087e-01 -3.865540209e+01 -3.865540209e+01 -3.4666e+00 +1.7769e+00 +2.8961e+00 +2.9446e+00 -2.8770e+00 +1.0295e-01 +2.2674e+00 -2.0563e-01 -3.0523e+00 +3.0292e+00 +2.3366e-01 -2.1655e+00 -3.9163e+00 -9.6251e-01 -3.1611e-01 -3.2894e+00 +9.2590e-01 -3.8475e+00 +3.1196e+00 -2.9282e+00
5427 +3.740331818e-01 +3.740331818e-01 -3.878596682e+01 -3.878596682e+01 -3.5151e+00 +2.0565e+00 +2.7628e+00 +2.9989e+00 -3.1935e+00 +4.3463e-02 +2.2885e+00 -5.9097e-01 -3.1907e+00 +2.6705e+00 +3.2316e-01 -2.4124e+00 -3.7309e+00 -1.2477e+00 -5.1262e-01 -3.3595e+00 +6.0880e-01 -3.9210e+00 +3.5977e+00 -2.7951e+00
6429 +2.281327725e-01 +2.281327725e-01 -3.893186723e+01 -3.893186723e+01 -3.5365e+00 +1.9920e+00 +2.6916e+00 +2.7105e+00 -3.2702e+00 -8.8408e-03 +2.3351e+00 -6.4529e-01 -3.2594e+00 +2.8432e+00 +4.0127e-01 -2.4378e+00 -3.4904e+00 -1.8733e+00 -6.8313e-01 -3.3060e+00 +8.2409e-01 -3.1531e+00 +3.5550e+00 -2.7297e+00
7275 +1.516175582e-01 +1.516175582e-01 -3.900838244e+01 -3.900838244e+01 -3.6625e+00 +1.9969e+00 +2.6993e+00 +2.6575e+00 -2.9250e+00 +7.1377e-02 +2.2845e+00 -2.7258e-01 -3.2380e+00 +2.8956e+00 +2.0288e-01 -2.5000e+00 -3.6848e+00 -1.5995e+00 -2.3706e-01 -2.9432e+00 +8.5016e-01 -3.3446e+00 +3.5058e+00 -2.6341e+00
7568 +9.862448893e-02 +9.862448893e-02 -3.906137551e+01 -3.906137551e+01 -3.7073e+00 +1.8750e+00 +2.6622e+00 +2.6404e+00 -3.1803e+00 +8.9027e-02 +2.3197e+00 -3.1467e-01 -3.2824e+00 +2.8689e+00 +1.4909e-01 -2.3885e+00 -3.7041e+00 -1.5610e+00 -2.6925e-01 -2.9172e+00 +8.2644e-01 -3.3333e+00 +3.5628e+00 -2.5000e+00
8416 +6.297357232e-02 +6.297357232e-02 -3.909702643e+01 -3.909702643e+01 -3.6991e+00 +1.9395e+00 +2.5039e+00 +2.8479e+00 -2.9803e+00 +9.4578e-02 +2.3408e+00 -2.0632e-01 -3.1720e+00 +2.8269e+00 +2.6285e-01 -2.4812e+00 -3.5887e+00 -1.5409e+00 -3.8838e-01 -3.0583e+00 +7.3547e-01 -3.3088e+00 +3.5646e+00 -2.5027e+00
9006 +3.593598983e-02 +3.593598983e-02 -3.912406401e+01 -3.912406401e+01 -3.7079e+00 +1.9011e+00 +2.5211e+00 +2.8026e+00 -2.9385e+00 +7.4580e-02 +2.2849e+00 -3.5693e-01 -3.0911e+00 +2.9079e+00 +3.0826e-01 -2.4890e+00 -3.5536e+00 -1.6261e+00 -4.3606e-01 -3.0336e+00 +7.4813e-01 -3.3954e+00 +3.5722e+00 -2.5009e+00
9568 +2.408101774e-02 +2.408101774e-02 -3.913591898e+01 -3.913591898e+01 -3.6900e+00 +1.8821e+00 +2.5291e+00 +2.7370e+00 -3.0432e+00 +1.0598e-01 +2.3257e+00 -3.4562e-01 -3.1363e+00 +2.8493e+00 +2.4922e-01 -2.4425e+00 -3.5807e+00 -1.6421e+00 -4.1118e-01 -3.0574e+00 +7.8687e-01 -3.3814e+00 +3.5835e+00 -2.5018e+00
10047 +1.461851439e-02 +1.461851439e-02 -3.914538149e+01 -3.914538149e+01 -3.7156e+00 +1.8928e+00 +2.5159e+00 +2.8125e+00 -3.0148e+00 +7.0315e-02 +2.2421e+00 -3.2329e-01 -3.1349e+00 +2.8906e+00 +2.1560e-01 -2.4219e+00 -3.5784e+00 -1.7364e+00 -3.7440e-01 -2.9688e+00 +7.4189e-01 -3.4139e+00 +3.5875e+00 -2.5031e+00
11441 +9.759902414e-03 +9.759902414e-03 -3.915024010e+01 -3.915024010e+01 -3.7055e+00 +1.8752e+00 +2.5158e+00 +2.8124e+00 -3.0125e+00 +9.9144e-02 +2.2301e+00 -3.7766e-01 -3.1286e+00 +2.9096e+00 +2.6301e-01 -2.4220e+00 -3.5909e+00 -1.6978e+00 -3.6028e-01 -3.0355e+00 +7.4955e-01 -3.4270e+00 +3.5926e+00 -2.5085e+00
15942 +6.234392391e-03 +6.234392391e-03 -3.915376561e+01 -3.915376561e+01 -3.6914e+00 +1.8655e+00 +2.5128e+00 +2.8122e+00 -2.9917e+00 +7.5231e-02 +2.2113e+00 -3.7761e-01 -3.1252e+00 +2.9395e+00 +2.5425e-01 -2.4145e+00 -3.5938e+00 -1.6855e+00 -3.7590e-01 -3.0331e+00 +7.4219e-01 -3.4039e+00 +3.5852e+00 -2.5195e+00
18415 +3.975004598e-03 +3.975004598e-03 -3.915602500e+01 -3.915602500e+01 -3.6847e+00 +1.8693e+00 +2.5131e+00 +2.8200e+00 -2.9884e+00 +7.8125e-02 +2.2168e+00 -3.8076e-01 -3.1183e+00 +2.9393e+00 +2.5396e-01 -2.3987e+00 -3.5807e+00 -1.6879e+00 -3.7735e-01 -3.0322e+00 +7.4281e-01 -3.4178e+00 +3.5848e+00 -2.5603e+00
% function evaluation | noise-free fitness - Fopt (-1.732800000000e+02) | best noise-free fitness - Fopt | measured fitness | best measured fitness | x1 | x2...
1 +1.572455217e+02 +1.572455217e+02 -1.603447829e+01 -1.603447829e+01 +3.4951e+00 +1.6228e+00 +2.7131e+00 -1.3031e+00 -4.9052e+00 -4.2129e+00 -3.2602e+00 +4.7850e+00 +2.5606e+00 -1.2480e+00 -2.0829e+00 +2.3787e+00 +1.5398e+00 +2.5426e+00 +3.1098e+00 -7.3357e-01 +2.7674e+00 -2.0748e+00 -3.0948e+00 +4.0423e+00
12 +9.171024102e+01 +9.171024102e+01 -8.156975898e+01 -8.156975898e+01 -2.0750e+00 +2.1829e+00 -3.4570e+00 -4.1552e+00 -4.2135e+00 +1.4111e+00 -4.0223e+00 +3.1269e+00 -2.7167e-01 +3.8689e-01 +1.6856e+00 -1.1478e+00 +3.1268e+00 +3.4743e+00 +9.5448e-01 +2.8940e+00 +4.8276e+00 +3.5995e+00 +7.7621e-01 +1.4083e+00
34 +5.609206007e+01 +5.609206007e+01 -1.171879399e+02 -1.171879399e+02 -2.0593e+00 -4.0267e+00 -2.0183e+00 -4.8717e+00 +6.4155e-01 +8.9345e-01 -2.1860e+00 +3.0056e+00 -1.0921e+00 -3.9528e+00 +1.8901e+00 +3.2216e+00 -4.9170e+00 +4.0748e+00 +2.6552e+00 -1.5079e-01 +4.4655e+00 +6.6959e-01 +3.4331e+00 -3.5557e+00
114 +2.678718057e+01 +2.678718057e+01 -1.464928194e+02 -1.464928194e+02 +5.6300e-01 -2.5050e+00 +3.4668e-01 -3.1432e+00 -2.7315e-01 +9.6180e-01 -1.5870e-01 +4.1418e+00 +0.0000e+00 +0.0000e+00 -1.2737e+00 +2.4882e+00 -4.9005e+00 +0.0000e+00 +4.2584e+00 -5.0000e+00 +2.4854e+00 -1.0973e+00 +1.1330e+00 -1.7086e+00
130 +2.298168298e+01 +2.298168298e+01 -1.502983170e+02 -1.502983170e+02 +1.9413e-01 +3.1151e-01 +2.6866e+00 +0.0000e+00 +0.0000e+00 +2.1550e+00 -8.5703e-03 +3.7054e+00 +7.1029e-02 -2.4489e+00 -1.2311e+00 +2.8195e+00 -4.8098e+00 -1.6546e+00 +3.5545e+00 -5.2540e-02 +1.6393e-01 -5.5302e-01 -1.1121e+00 -5.0000e+00
372 +1.467792273e+01 +1.467792273e+01 -1.586020773e+02 -1.586020773e+02 -2.9974e+00 -2.9853e+00 +7.9933e-01 +1.5616e+00 -2.2293e-01 +2.1571e+00 -2.8229e+00 +8.3417e-01 +1.4847e+00 +7.5766e-01 -1.1041e+00 +5.0000e+00 -5.0000e+00 +1.2812e+00 +3.5855e+00 -2.3953e+00 -4.9257e+00 -1.8925e+00 +1.3244e+00 -1.0038e+00
1392 +8.151985632e+00 +8.151985632e+00 -1.651280144e+02 -1.651280144e+02 -3.5229e+00 -3.3913e+00 +3.6482e+00 -2.8279e+00 +3.4100e-01 +2.0940e+00 -1.3229e+00 +4.2550e+00 +3.6592e-01 +2.7099e+00 -5.5209e-01 +4.6505e+00 -3.4151e+00 -1.9791e+00 +2.5000e+00 -4.0185e-01 -4.4636e+00 -6.3783e-01 -2.3556e-01 -1.2226e+00
2319 +5.685857093e+00 +5.685857093e+00 -1.675941429e+02 -1.675941429e+02 -3.0106e+00 -1.4477e+00 +2.1179e+00 -2.2282e+00 +1.3404e+00 +3.4117e+00 -6.0233e-01 +2.6598e+00 +2.9915e-01 +1.3225e+00 -1.5520e-01 +4.6320e+00 -4.7421e+00 +1.0499e+00 +1.3278e+00 +9.5957e-01 -5.0000e+00 -6.1519e-01 -2.6032e+00 -5.8847e-01
3041 +3.533907225e+00 +3.533907225e+00 -1.697460928e+02 -1.697460928e+02 -2.1806e+00 -1.6368e+00 +2.8869e+00 -2.3699e-01 +1.6306e+00 +3.4331e+00 -1.0409e+00 +1.5506e+00 -1.4041e+00 +2.4128e+00 +1.6517e+00 +3.7500e+00 -3.8362e+00 +7.7418e-01 +1.2998e+00 +6.4997e-01 -4.7657e+00 -2.4142e+00 -2.4875e+00 -7.8009e-01
3876 +2.195547906e+00 +2.195547906e+00 -1.710844521e+02 -1.710844521e+02 -3.1595e+00 -1.3043e+00 +3.0026e+00 -2.6895e-02 +1.1449e+00 +2.7328e+00 -8.0231e-01 +5.9452e-01 -1.6350e+00 +1.6650e+00 +1.1035e+00 +4.0852e+00 -3.7238e+00 +4.4204e-01 +3.2712e+00 +3.0287e-01 -4.9120e+00 -2.4218e+00 -1.6039e+00 -9.4929e-01
4252 +1.348526407e+00 +1.348526407e+00 -1.719314736e+02 -1.719314736e+02 -3.1527e+00 -8.3163e-01 +3.3289e+00 -5.8643e-01 +6.9660e-01 +2.7958e+00 -1.1649e+00 +1.6601e+00 -1.5240e+00 +1.9481e-01 +7.6002e-01 +3.7414e+00 -3.5994e+00 -9.6845e-02 +2.8446e+00 +6.3184e-01 -4.3750e+00 -2.2792e+00 -1.8909e+00 -1.1058e+00
5061 +9.900894199e-01 +9.900894199e-01 -1.722899106e+02 -1.722899106e+02 -2.5368e+00 -7.1915e-01 +2.9143e+00 -7.1206e-01 +2.3691e-01 +2.2775e+00 -1.1705e+00 +1.5089e+00 -1.3425e+00 +1.0998e+00 +1.5318e-01 +3.8965e+00 -3.3123e+00 -3.4577e-01 +2.7296e+00 +6.8239e-01 -3.7500e+00 -2.5000e+00 -1.9803e+00 -9.8088e-01
5622 +5.981306879e-01 +5.981306879e-01 -1.726818693e+02 -1.726818693e+02 -2.7594e+00 -1.1553e+00 +2.7181e+00 -1.2500e+00 +7.3598e-01 +2.5966e+00 -1.5300e+00 +1.6204e+00 -1.9224e+00 +9.3395e-01 +3.5017e-02 +3.4901e+00 -3.8090e+00 +6.7532e-02 +3.0284e+00 +5.9659e-01 -3.7500e+00 -2.4711e+00 -2.4521e+00 -8.2622e-01
6327 +3.977546630e-01 +3.977546630e-01 -1.728822453e+02 -1.728822453e+02 -2.8255e+00 -8.9842e-01 +2.5021e+00 -1.2097e+00 +5.7210e-01 +2.3717e+00 -1.3829e+00 +1.6071e+00 -1.6025e+00 +1.0444e+00 +9.1484e-02 +3.7907e+00 -3.8783e+00 +6.0480e-01 +2.9166e+00 +4.7792e-01 -3.7602e+00 -2.4833e+00 -2.5000e+00 -9.3615e-01
7240 +2.480450509e-01 +2.480450509e-01 -1.730319549e+02 -1.730319549e+02 -2.8770e+00 -6.7783e-01 +2.5000e+00 -1.1598e+00 +6.6236e-01 +2.3056e+00 -1.4173e+00 +1.7364e+00 -1.4969e+00 +1.0480e+00 +1.7109e-01 +3.7989e+00 -3.8319e+00 +3.2298e-01 +3.1807e+00 +4.5114e-01 -3.8399e+00 -2.4949e+00 -2.1875e+00 -8.0814e-01
8552 +1.583266661e-01 +1.583266661e-01 -1.731216733e+02 -1.731216733e+02 -2.8348e+00 -7.5191e-01 +2.5000e+00 -1.0938e+00 +7.5161e-01 +2.2225e+00 -1.3252e+00 +1.7995e+00 -1.5775e+00 +1.0909e+00 +4.0663e-01 +3.6017e+00 -4.0533e+00 +3.5692e-01 +3.3265e+00 +3.9621e-01 -3.7620e+00 -2.4999e+00 -2.1379e+00 -8.9613e-01
12601 +9.627353395e-02 +9.627353395e-02 -1.731837265e+02 -1.731837265e+02 -2.8658e+00 -6.8359e-01 +2.5000e+00 -1.0938e+00 +7.3478e-01 +2.1418e+00 -1.2972e+00 +1.8490e+00 -1.5393e+00 +1.1546e+00 +4.0268e-01 +3.6029e+00 -4.0415e+00 +2.7515e-01 +3.3398e+00 +3.8723e-01 -3.7600e+00 -2.7282e+00 -2.1036e+00 -8.9844e-01
16099 +6.242447188e-02 +6.242447188e-02 -1.732175755e+02 -1.732175755e+02 -2.8906e+00 -7.0313e-01 +2.5653e+00 -1.0303e+00 +7.2266e-01 +2.1875e+00 -1.2891e+00 +1.8555e+00 -1.5274e+00 +1.1719e+00 +4.0039e-01 +3.6328e+00 -4.0235e+00 +2.3438e-01 +3.3398e+00 +3.7109e-01 -3.7500e+00 -2.7557e+00 -2.0942e+00 -8.6884e-01
% function evaluation | noise-free fitness - Fopt (-1.017000000000e+01) | best noise-free fitness - Fopt | measured fitness | best measured fitness | x1 | x2...
1 +1.308636548e+02 +1.308636548e+02 +1.206936548e+02 +1.206936548e+02 +3.6954e+00 -2.0749e+00 +3.9700e+00 -3.6248e+00 -3.2152e+00 +4.1069e+00 +3.6925e-01 +7.7300e-01 -3.1966e+00 +1.0290e+00 -4.2218e+00 +3.3731e+00 +2.5179e+00 -4.1724e+00 -2.6364e+00 -1.2143e+00 +3.5206e+00 +2.2006e+00 +2.9702e+00 +3.1047e+00
3 +8.986238987e+01 +8.986238987e+01 +7.969238987e+01 +7.969238987e+01 -3.6327e-01 -3.1633e+00 -1.4742e+00 +1.2450e+00 +1.1550e+00 +4.9864e-01 +3.2246e-01 +3.1068e+00 +2.4071e+00 +1.4824e+00 +3.0604e+00 -4.1243e-01 +2.4999e-01 +1.9638e+00 -2.2390e+00 +4.1023e+00 -3.6836e+00 +4.9180e+00 +2.8482e-01 +3.3346e+00
24 +5.654709512e+01 +5.654709512e+01 +4.637709512e+01 +4.637709512e+01 +2.4712e+00 -1.7581e+00 -4.0793e+00 -1.6810e-01 +4.7639e+00 +3.7183e+00 -1.4973e+00 +2.1785e+00 -4.0722e+00 +1.6355e+00 +2.5665e+00 -6.1856e-01 +3.5979e+00 -3.0137e-02 -9.8032e-01 -9.2070e-01 -3.6899e+00 -1.9467e+00 -3.2744e+00 +3.8091e+00
51 +3.648847339e+01 +3.648847339e+01 +2.631847339e+01 +2.631847339e+01 -5.6478e-01 +1.4054e+00 +2.4928e-01 +9.1577e-01 +3.6313e+00 +8.4959e-01 -4.3450e+00 +1.8599e+00 -1.5468e+00 +4.1831e+00 +9.2788e-01 +5.1485e-01 +5.0000e+00 +2.4553e+00 +2.3117e+00 -3.0980e+00 -2.0043e+00 +3.4438e-01 -1.0064e+00 -3.5144e-01
125 +2.467488592e+01 +2.467488592e+01 +1.450488592e+01 +1.450488592e+01 -2.9423e+00 +1.7694e+00 +4.9113e+00 -3.2528e+00 +1.8965e+00 -3.4348e+00 -5.0000e+00 +5.0000e+00 -3.2942e+00 +1.4705e+00 -1.6044e+00 +1.8635e+00 +5.0000e+00 +4.4710e+00 +4.8998e+00 -2.6907e+00 -9.2600e-01 -1.4865e+00 +2.3716e+00 +4.6330e+00
377 +1.518025902e+01 +1.518025902e+01 +5.010259023e+00 +5.010259023e+00 +6.1186e-01 -1.4973e+00 +0.0000e+00 +2.7788e-01 +3.9545e+00 -2.2122e-01 -5.0000e+00 +4.7651e+00 -3.4878e+00 +3.7692e-01 +0.0000e+00 -2.4219e-01 +5.0000e+00 +4.6920e+00 +3.1783e+00 +3.1323e-01 -8.5456e-01 +2.0905e+00 -2.7832e-01 +2.3414e+00
1076 +9.044262179e+00 +9.044262179e+00 -1.125737821e+00 -1.125737821e+00 +4.1684e-01 -5.4309e-01 +3.0533e+00 -1.7842e-02 +2.8429e+00 -7.3621e-01 -4.9866e+00 +4.5319e+00 -3.0159e+00 +5.0000e+00 -5.0000e+00 -2.6646e-01 +5.0000e+00 +2.5889e+00 +3.2330e+00 +4.0087e+00 +9.4561e-01 +3.2842e+00 +4.8598e+00 +3.3276e+00
1863 +5.693928200e+00 +5.693928200e+00 -4.476071800e+00 -4.476071800e+00 +1.0213e+00 +3.2172e+00 +1.6574e+00 -8.9641e-01 +3.9972e+00 +0.0000e+00 -5.0000e+00 +3.9141e+00 -1.4713e+00 +2.0378e+00 -8.6847e-01 +9.5285e-01 +4.2571e+00 +4.1056e+00 +3.8805e+00 +4.4961e+00 +1.8819e+00 +2.7029e+00 +4.9078e+00 +3.6260e+00
2419 +3.942957148e+00 +3.942957148e+00 -6.227042852e+00 -6.227042852e+00 +3.9060e-01 +3.2752e+00 +2.9512e+00 -1.3109e+00 +3.8114e+00 +7.1310e-01 -5.0000e+00 +3.4988e+00 -7.7007e-01 +3.2934e+00 -1.3145e+00 -1.2065e-02 +3.9576e+00 +3.0143e+00 +2.9532e+00 +2.6692e+00 +1.4329e+00 +3.2847e+00 +4.8577e+00 +3.4597e+00
2846 +2.123240978e+00 +2.123240978e+00 -8.046759022e+00 -8.046759022e+00 +8.4624e-01 +2.2214e+00 +1.9729e+00 -2.0848e+00 +2.5000e+00 -1.1565e+00 -4.3750e+00 +2.9703e+00 -1.1727e+00 +3.0507e+00 -1.1073e+00 -1.1748e-01 +4.2754e+00 +3.2015e+00 +3.1510e+00 +2.3937e+00 +2.8800e+00 +3.0424e+00 +4.4701e+00 +2.7739e+00
2882 +1.290205753e+00 +1.290205753e+00 -8.879794247e+00 -8.879794247e+00 +1.2188e+00 +1.8679e+00 +2.0059e+00 -1.7041e+00 +2.5000e+00 -1.0522e+00 -3.8396e+00 +3.6818e+00 -1.2764e+00 +3.1265e+00 -9.8634e-01 +8.7632e-02 +4.0905e+00 +3.0032e+00 +3.3212e+00 +3.4141e+00 +1.9689e+00 +2.2634e+00 +4.5584e+00 +2.5000e+00
3894 +7.300654389e-01 +7.300654389e-01 -9.439934561e+00 -9.439934561e+00 +1.7935e+00 +2.0726e+00 +2.2335e+00 -1.7188e+00 +3.4577e+00 -3.2180e-01 -3.7500e+00 +3.7056e+00 -1.1572e+00 +2.7444e+00 -1.6872e+00 -9.9951e-01 +3.9656e+00 +4.0716e+00 +2.7042e+00 +3.2402e+00 +1.8465e+00 +2.7614e+00 +4.4554e+00 +2.2810e+00
4541 +5.603550465e-01 +5.603550465e-01 -9.609644954e+00 -9.609644954e+00 +1.5363e+00 +1.4605e+00 +2.2579e+00 -1.7255e+00 +3.2783e+00 -7.8147e-01 -3.7995e+00 +3.5184e+00 -1.3787e+00 +2.9323e+00 -8.5747e-01 -6.2058e-01 +3.8825e+00 +3.8359e+00 +2.5641e+00 +3.0742e+00 +1.6162e+00 +2.6439e+00 +4.2460e+00 +2.5617e+00
4925 +3.486249069e-01 +3.486249069e-01 -9.821375093e+00 -9.821375093e+00 +1.3666e+00 +1.7839e+00 +2.6985e+00 -1.7157e+00 +3.0887e+00 -4.8326e-01 -3.8083e+00 +2.8937e+00 -1.4471e+00 +3.1299e+00 -1.2896e+00 -1.0031e+00 +3.8733e+00 +3.9765e+00 +2.5331e+00 +3.4668e+00 +1.6517e+00 +2.5268e+00 +4.0733e+00 +2.2515e+00
5134 +2.511573485e-01 +2.511573485e-01 -9.918842651e+00 -9.918842651e+00 +1.1882e+00 +1.5810e+00 +2.8351e+00 -1.5761e+00 +3.0826e+00 -4.6134e-01 -3.7609e+00 +3.2478e+00 -1.4840e+00 +3.4439e+00 -1.4384e+00 -8.2034e-01 +3.8397e+00 +4.0484e+00 +2.5909e+00 +3.0574e+00 +1.6859e+00 +2.4047e+00 +3.9281e+00 +2.3494e+00
6254 +1.379700685e-01 +1.379700685e-01 -1.003202993e+01 -1.003202993e+01 +1.2467e+00 +1.9372e+00 +2.6520e+00 -1.5417e+00 +2.8171e+00 -5.7360e-01 -3.7568e+00 +3.2312e+00 -1.6878e+00 +3.0855e+00 -1.3196e+00 -6.8704e-01 +3.9785e+00 +4.0359e+00 +2.5463e+00 +3.0940e+00 +1.6860e+00 +2.2308e+00 +4.1551e+00 +2.2526e+00
7177 +9.908703743e-02 +9.908703743e-02 -1.007091296e+01 -1.007091296e+01 +1.2927e+00 +1.8773e+00 +2.6229e+00 -1.5700e+00 +2.8909e+00 -5.0655e-01 -3.7599e+00 +3.2048e+00 -1.7390e+00 +3.1374e+00 -1.3558e+00 -7.4254e-01 +3.9487e+00 +3.9872e+00 +2.5879e+00 +3.0712e+00 +1.6684e+00 +2.3778e+00 +4.1471e+00 +2.0330e+00
7578 +6.168951684e-02 +6.168951684e-02 -1.010831048e+01 -1.010831048e+01 +1.3409e+00 +1.8204e+00 +2.6522e+00 -1.5712e+00 +2.8430e+00 -5.9666e-01 -3.7500e+00 +3.2225e+00 -1.6953e+00 +3.1352e+00 -1.4480e+00 -7.4607e-01 +3.9440e+00 +3.9295e+00 +2.6685e+00 +3.0230e+00 +1.7863e+00 +2.4418e+00 +4.0949e+00 +2.1406e+00
8325 +3.951881756e-02 +3.951881756e-02 -1.013048118e+01 -1.013048118e+01 +1.3466e+00 +1.7522e+00 +2.6109e+00 -1.6504e+00 +2.9134e+00 -4.8602e-01 -3.7538e+00 +3.2709e+00 -1.6135e+00 +3.2023e+00 -1.5384e+00 -8.1448e-01 +4.0222e+00 +3.8807e+00 +2.7831e+00 +3.0652e+00 +1.7709e+00 +2.4295e+00 +4.0698e+00 +2.2164e+00
8862 +2.108301323e-02 +2.108301323e-02 -1.014891699e+01 -1.014891699e+01 +1.3678e+00 +1.8276e+00 +2.6363e+00 -1.5468e+00 +2.8867e+00 -5.1546e-01 -3.7543e+00 +3.2977e+00 -1.5625e+00 +3.1986e+00 -1.4905e+00 -8.3637e-01 +3.9945e+00 +3.8415e+00 +2.8125e+00 +3.1145e+00 +1.7762e+00 +2.3676e+00 +4.0445e+00 +2.2235e+00
9777 +1.551549998e-02 +1.551549998e-02 -1.015448450e+01 -1.015448450e+01 +1.3839e+00 +1.8177e+00 +2.6196e+00 -1.5650e+00 +2.9054e+00 -5.3972e-01 -3.7521e+00 +3.2933e+00 -1.5625e+00 +3.2154e+00 -1.5084e+00 -8.1733e-01 +3.9887e+00 +3.7956e+00 +2.8125e+00 +3.1247e+00 +1.7888e+00 +2.3972e+00 +4.0198e+00 +2.2418e+00
13935 +9.947779603e-03 +9.947779603e-03 -1.016005222e+01 -1.016005222e+01 +1.4062e+00 +1.8225e+00 +2.6056e+00 -1.5712e+00 +2.8933e+00 -5.7017e-01 -3.7635e+00 +3.2886e+00 -1.5625e+00 +3.2430e+00 -1.5436e+00 -8.1997e-01 +3.9755e+00 +3.7616e+00 +2.8125e+00 +3.1238e+00 +1.8172e+00 +2.4174e+00 +3.9866e+00 +2.2511e+00
19074 +6.262481161e-03 +6.262481161e-03 -1.016373752e+01 -1.016373752e+01 +1.4043e+00 +1.8164e+00 +2.6116e+00 -1.5762e+00 +2.8902e+00 -5.6669e-01 -3.8032e+00 +3.3008e+00 -1.5814e+00 +3.2470e+00 -1.5234e+00 -8.1697e-01 +3.9745e+00 +3.7646e+00 +2.8453e+00 +3.1291e+00 +1.8182e+00 +2.4219e+00 +3.9846e+00 +2.2461e+00
