% function evaluation | noise-free fitness - Fopt (9.294000000000e+01) | best noise-free fitness - Fopt | measured fitness | best measured fitness | x1 | x2...
1 +1.174243481e+03 +1.174243481e+03 +1.267183481e+03 +1.267183481e+03 +4.7102e+00 -4.5912e-01 +3.9956e+00 +2.1515e+00 +4.4745e+00
2 +3.731792373e+02 +3.731792373e+02 +4.661192373e+02 +4.661192373e+02 -4.4429e+00 -2.2208e+00 -1.6669e-01 -3.1174e+00 -1.0411e+00
3 +6.854762896e+01 +6.854762896e+01 +1.614876290e+02 +1.614876290e+02 +4.2169e-04 -4.6186e+00 -1.9525e-01 +1.2920e+00 +3.5733e+00
30 +4.918488465e+01 +4.918488465e+01 +1.421248846e+02 +1.421248846e+02 -1.1410e+00 +1.1285e+00 -1.7084e+00 -3.9941e+00 -4.6255e+00
65 +3.644154288e+01 +3.644154288e+01 +1.293815429e+02 +1.293815429e+02 -2.8118e+00 -1.0492e+00 -2.1383e+00 -2.7590e-01 +4.0038e+00
212 +1.869231948e+01 +1.869231948e+01 +1.116323195e+02 +1.116323195e+02 -9.2487e-01 +3.6498e+00 -4.5556e-01 +2.9003e-01 -8.3498e-01
469 +1.110406355e+01 +1.110406355e+01 +1.040440635e+02 +1.040440635e+02 +1.4158e+00 +1.4498e+00 +1.6095e+00 +5.0000e+00 +1.3317e+00
521 +9.076793337e+00 +9.076793337e+00 +1.020167933e+02 +1.020167933e+02 +4.0281e-01 +5.9302e-02 +0.0000e+00 +4.1868e-01 +4.4979e-01
602 +5.624935161e+00 +5.624935161e+00 +9.856493516e+01 +9.856493516e+01 -4.4511e-01 +1.4771e+00 +4.7208e-01 +4.3629e+00 +3.0935e+00
1317 +2.264867610e+00 +2.264867610e+00 +9.520486761e+01 +9.520486761e+01 -4.9190e-01 +7.4884e-01 -1.9649e-02 +3.8071e+00 +3.0668e+00
1916 +1.059537636e+00 +1.059537636e+00 +9.399953764e+01 +9.399953764e+01 -6.5063e-01 +1.1811e+00 +2.5694e-02 +3.2969e+00 +2.5998e+00
2450 +6.683949063e-01 +6.683949063e-01 +9.360839491e+01 +9.360839491e+01 -2.7495e-01 +1.2357e+00 +2.2774e-01 +3.1595e+00 +2.2659e+00
3108 +1.765717190e-01 +1.765717190e-01 +9.311657172e+01 +9.311657172e+01 -2.9838e-01 +7.8760e-01 +2.6164e-01 +2.9240e+00 +2.3470e+00
3405 +9.441556493e-02 +9.441556493e-02 +9.303441556e+01 +9.303441556e+01 -2.9709e-01 +7.1354e-01 +3.1038e-01 +2.9700e+00 +2.3535e+00
3418 +6.098269333e-02 +6.098269333e-02 +9.300098269e+01 +9.300098269e+01 -3.1754e-01 +7.6036e-01 +2.1754e-01 +3.0042e+00 +2.2784e+00
4070 +2.925197199e-02 +2.925197199e-02 +9.296925197e+01 +9.296925197e+01 -3.1411e-01 +8.3202e-01 +1.8550e-01 +2.9803e+00 +2.3215e+00
4218 +2.483129047e-02 +2.483129047e-02 +9.296483129e+01 +9.296483129e+01 -3.1145e-01 +7.9399e-01 +1.9145e-01 +2.9315e+00 +2.3360e+00
4463 +7.299341378e-03 +7.299341378e-03 +9.294729934e+01 +9.294729934e+01 -2.6232e-01 +7.3759e-01 +2.1857e-01 +2.9701e+00 +2.3129e+00
% function evaluation | noise-free fitness - Fopt (3.535000000000e+01) | best noise-free fitness - Fopt | measured fitness | best measured fitness | x1 | x2...
1 +7.422757477e+01 +7.422757477e+01 +1.095775748e+02 +1.095775748e+02 +1.8240e+00 -4.5611e-01 +4.6541e+00 +2.2180e+00 -3.1663e+00
37 +4.381911414e+01 +4.381911414e+01 +7.916911414e+01 +7.916911414e+01 +2.0467e-01 +2.8734e+00 +3.2385e+00 -1.8071e+00 -3.5714e+00
50 +3.457229677e+01 +3.457229677e+01 +6.992229677e+01 +6.992229677e+01 -1.1742e+00 +1.1505e+00 +5.0000e+00 +1.0123e+00 -3.2220e+00
51 +9.141244157e+00 +9.141244157e+00 +4.449124416e+01 +4.449124416e+01 +3.2863e+00 +8.9571e-01 +3.8556e+00 +1.0648e+00 -1.9497e+00
257 +4.199800799e+00 +4.199800799e+00 +3.954980080e+01 +3.954980080e+01 +1.7070e-01 +2.8596e+00 +3.6641e+00 +2.2133e+00 -1.8628e+00
353 +3.498682280e+00 +3.498682280e+00 +3.884868228e+01 +3.884868228e+01 +1.5878e+00 +2.8993e+00 +3.5250e+00 +1.8111e+00 -1.3511e+00
3127 +1.030850979e+00 +1.030850979e+00 +3.638085098e+01 +3.638085098e+01 +1.7735e+00 +1.0538e+00 +4.1337e+00 +1.1685e+00 -1.7562e+00
3555 +4.095653547e-01 +4.095653547e-01 +3.575956535e+01 +3.575956535e+01 +1.7626e+00 +1.0713e+00 +4.2461e+00 +1.2958e+00 -1.9056e+00
3874 +3.415903913e-01 +3.415903913e-01 +3.569159039e+01 +3.569159039e+01 +1.7588e+00 +1.0824e+00 +4.2269e+00 +1.2901e+00 -1.9218e+00
% function evaluation | noise-free fitness - Fopt (3.820000000000e+00) | best noise-free fitness - Fopt | measured fitness | best measured fitness | x1 | x2...
1 +1.012344795e+03 +1.012344795e+03 +1.016164795e+03 +1.016164795e+03 +1.7007e+00 +2.8292e+00 -1.9803e+00 -3.8468e+00 +4.9065e+00
4 +5.273156784e+02 +5.273156784e+02 +5.311356784e+02 +5.311356784e+02 -1.1018e+00 +2.5553e+00 +9.1389e-01 +8.0898e-01 +1.8878e+00
5 +3.970657653e+02 +3.970657653e+02 +4.008857653e+02 +4.008857653e+02 -2.7344e-01 +2.4373e+00 +4.5388e+00 -1.1648e+00 -3.3596e+00
10 +1.213532255e+02 +1.213532255e+02 +1.251732255e+02 +1.251732255e+02 +4.2271e+00 -4.1753e+00 +4.5138e+00 -4.5065e+00 +1.5952e+00
44 +9.904281836e+01 +9.904281836e+01 +1.028628184e+02 +1.028628184e+02 +6.6177e-01 +3.1426e+00 +1.3533e+00 -3.6329e+00 -1.6221e+00
91 +1.828371806e+01 +1.828371806e+01 +2.210371806e+01 +2.210371806e+01 +4.5173e+00 +2.4956e+00 +5.7743e-01 -3.5150e+00 -1.2557e-01
201 +1.525562474e+01 +1.525562474e+01 +1.907562474e+01 +1.907562474e+01 +4.2728e+00 +1.5639e+00 +4.6952e-01 -3.7097e+00 -2.8734e-01
474 +5.282728427e+00 +5.282728427e+00 +9.102728427e+00 +9.102728427e+00 +4.5111e+00 +1.0590e+00 +1.9974e+00 -3.9852e+00 +2.0761e+00
889 +3.692233210e+00 +3.692233210e+00 +7.512233210e+00 +7.512233210e+00 +3.5656e+00 +1.8243e+00 +1.1048e+00 -3.1165e+00 -1.1671e-01
1090 +2.038982890e+00 +2.038982890e+00 +5.858982890e+00 +5.858982890e+00 +3.7453e+00 +1.3260e+00 +1.7225e+00 -3.4345e+00 +9.4109e-01
1609 +1.105434984e+00 +1.105434984e+00 +4.925434984e+00 +4.925434984e+00 +3.9018e+00 +9.4135e-01 +1.7419e+00 -3.5496e+00 +8.1140e-01
2672 +8.676650973e-01 +8.676650973e-01 +4.687665097e+00 +4.687665097e+00 +3.8456e+00 +1.0770e+00 +1.8285e+00 -3.4537e+00 +6.3108e-01
3523 +6.030772009e-01 +6.030772009e-01 +4.423077201e+00 +4.423077201e+00 +3.8885e+00 +1.3936e+00 +1.5374e+00 -3.5381e+00 +6.0945e-01
3574 +3.799317070e-01 +3.799317070e-01 +4.199931707e+00 +4.199931707e+00 +4.0121e+00 +1.3684e+00 +1.3918e+00 -3.3858e+00 +4.0866e-01
4862 +1.414556098e-01 +1.414556098e-01 +3.961455610e+00 +3.961455610e+00 +3.9811e+00 +1.4197e+00 +1.6441e+00 -3.0051e+00 +8.6686e-01
% function evaluation | noise-free fitness - Fopt (2.175000000000e+01) | best noise-free fitness - Fopt | measured fitness | best measured fitness | x1 | x2...
1 +5.493693350e+02 +5.493693350e+02 +5.711193350e+02 +5.711193350e+02 -9.7313e-01 -1.2635e+00 +2.5978e+00 -4.9616e+00 -3.2383e+00
7 +2.374112676e+02 +2.374112676e+02 +2.591612676e+02 +2.591612676e+02 +3.2719e+00 +3.0100e+00 -1.4858e+00 +3.9767e+00 +1.4975e+00
16 +8.077553006e+01 +8.077553006e+01 +1.025255301e+02 +1.025255301e+02 -4.7123e-01 +2.7921e+00 +2.4776e+00 +2.5873e+00 -2.5015e+00
41 +5.931075085e+01 +5.931075085e+01 +8.106075085e+01 +8.106075085e+01 +1.9881e+00 +2.5649e+00 +8.4925e-01 +3.8441e-02 -5.0000e+00
106 +3.151205457e+01 +3.151205457e+01 +5.326205457e+01 +5.326205457e+01 +5.0000e+00 +1.4725e+00 -2.9731e+00 +5.8343e-01 -1.0571e+00
119 +1.046414873e+01 +1.046414873e+01 +3.221414873e+01 +3.221414873e+01 +2.7306e+00 +2.5293e+00 -1.4078e-01 +2.9406e+00 -4.0054e+00
290 +9.471046945e+00 +9.471046945e+00 +3.122104695e+01 +3.122104695e+01 +3.8278e+00 +9.8168e-01 -8.0125e-01 +2.7541e+00 -2.2410e+00
587 +5.872522507e+00 +5.872522507e+00 +2.762252251e+01 +2.762252251e+01 +3.1440e+00 +3.0302e-01 -6.2537e-01 +5.0000e+00 -2.1079e+00
1850 +2.486081430e+00 +2.486081430e+00 +2.423608143e+01 +2.423608143e+01 +3.3089e+00 -3.1211e-01 -1.2427e+00 +4.6447e+00 -1.2830e+00
2608 +1.424780127e+00 +1.424780127e+00 +2.317478013e+01 +2.317478013e+01 +3.9786e+00 +1.9179e+00 -8.6755e-01 +1.8458e+00 -2.1824e+00
3779 +9.360933282e-01 +9.360933282e-01 +2.268609333e+01 +2.268609333e+01 +3.7943e+00 +1.1664e+00 -9.6086e-01 +2.7260e+00 -1.9331e+00
3859 +2.000704752e-01 +2.000704752e-01 +2.195007048e+01 +2.195007048e+01 +3.7173e+00 +1.1861e+00 -9.5196e-01 +2.8329e+00 -1.9294e+00
4313 +1.562624143e-01 +1.562624143e-01 +2.190626241e+01 +2.190626241e+01 +3.6535e+00 +6.6469e-01 -1.1115e+00 +3.4035e+00 -1.4866e+00
4468 +6.540800194e-02 +6.540800194e-02 +2.181540800e+01 +2.181540800e+01 +3.6363e+00 +9.2436e-01 -1.0443e+00 +3.1549e+00 -1.6962e+00
4559 +2.227063767e-02 +2.227063767e-02 +2.177227064e+01 +2.177227064e+01 +3.6258e+00 +9.8161e-01 -1.0268e+00 +3.1935e+00 -1.7820e+00
% function evaluation | noise-free fitness - Fopt (6.479000000000e+01) | best noise-free fitness - Fopt | measured fitness | best measured fitness | x1 | x2...
1 +4.598163119e+02 +4.598163119e+02 +5.246063119e+02 +5.246063119e+02 +3.8256e+00 +3.0878e+00 -2.7842e+00 -3.5436e+00 +4.1879e+00
3 +2.811674637e+02 +2.811674637e+02 +3.459574637e+02 +3.459574637e+02 -8.0130e-01 -1.3390e+00 +4.1512e+00 +8.0516e-01 +4.0075e+00
6 +1.934874967e+02 +1.934874967e+02 +2.582774967e+02 +2.582774967e+02 -3.6234e+00 -2.5716e+00 -1.2843e+00 -2.0099e+00 +7.2547e-01
8 +9.248128484e+01 +9.248128484e+01 +1.572712848e+02 +1.572712848e+02 +3.4162e+00 +1.9843e+00 +1.3120e+00 +2.7975e+00 +1.6552e+00
36 +4.362577186e+01 +4.362577186e+01 +1.084157719e+02 +1.084157719e+02 +3.3422e+00 -2.9776e+00 -3.4571e+00 -2.5694e-02 +4.4897e+00
55 +1.917026807e+01 +1.917026807e+01 +8.396026807e+01 +8.396026807e+01 -9.9784e-01 -2.4115e+00 -3.3658e-01 +5.3773e-01 +6.2310e-01
82 +1.410901349e+01 +1.410901349e+01 +7.889901349e+01 +7.889901349e+01 +2.1519e+00 +2.5068e-01 +3.2193e-01 +1.0416e+00 +5.9929e-01
336 +9.265198072e+00 +9.265198072e+00 +7.405519807e+01 +7.405519807e+01 -3.0421e+00 -2.7301e+00 +5.1061e-01 +2.2675e+00 -8.6422e-01
1500 +3.900232418e+00 +3.900232418e+00 +6.869023242e+01 +6.869023242e+01 -1.6020e+00 -2.2457e+00 +6.4761e-02 +1.4637e+00 +2.6167e-01
2689 +9.540919105e-01 +9.540919105e-01 +6.574409191e+01 +6.574409191e+01 -2.4560e+00 -1.9832e+00 +2.4690e-01 +1.5203e+00 -7.9430e-01
3323 +2.912266490e-01 +2.912266490e-01 +6.508122665e+01 +6.508122665e+01 -1.7149e+00 -1.9758e+00 -2.5005e-01 +1.4618e+00 -3.4113e-01
3532 +1.978082871e-01 +1.978082871e-01 +6.498780829e+01 +6.498780829e+01 -2.2253e+00 -2.3333e+00 -1.0902e-01 +1.2399e+00 -2.5256e-01
3742 +1.335009799e-01 +1.335009799e-01 +6.492350098e+01 +6.492350098e+01 -2.0571e+00 -2.3739e+00 -1.7886e-01 +1.2547e+00 -1.0945e-01
4190 +9.448306247e-02 +9.448306247e-02 +6.488448306e+01 +6.488448306e+01 -2.0447e+00 -2.3013e+00 -1.3990e-01 +1.3296e+00 -1.3414e-01
4320 +6.201635139e-02 +6.201635139e-02 +6.485201635e+01 +6.485201635e+01 -2.0309e+00 -2.3309e+00 -1.5979e-01 +1.3111e+00 -2.2100e-01
4861 +3.120955639e-02 +3.120955639e-02 +6.482120956e+01 +6.482120956e+01 -1.8992e+00 -2.1624e+00 -1.8651e-01 +1.3001e+00 -1.4163e-01
% function evaluation | noise-free fitness - Fopt (5.407000000000e+01) | best noise-free fitness - Fopt | measured fitness | best measured fitness | x1 | x2...
1 +9.855485554e+02 +9.855485554e+02 +1.039618555e+03 +1.039618555e+03 +9.0024e-01 -3.6555e+00 +3.3861e+00 -3.4597e+00 -1.7792e+00
10 +3.844627315e+01 +3.844627315e+01 +9.251627315e+01 +9.251627315e+01 +1.5828e+00 -1.3998e+00 -1.8435e+00 +6.8931e-01 -1.5894e+00
62 +1.482357900e+01 +1.482357900e+01 +6.889357900e+01 +6.889357900e+01 +1.4112e+00 -2.9402e+00 +2.6128e+00 +1.1068e+00 -2.4418e+00
293 +3.670149085e+00 +3.670149085e+00 +5.774014909e+01 +5.774014909e+01 +2.2407e-01 -3.6985e+00 +2.9940e+00 +3.5382e+00 -3.8218e+00
3479 +2.033838290e+00 +2.033838290e+00 +5.610383829e+01 +5.610383829e+01 +8.5031e-01 -3.4726e+00 +2.4630e+00 +2.7242e+00 -2.8614e+00
3796 +1.242745225e+00 +1.242745225e+00 +5.531274523e+01 +5.531274523e+01 +6.3355e-01 -2.5357e+00 +2.6374e+00 +2.4709e+00 -4.0160e+00
4175 +7.583131103e-01 +7.583131103e-01 +5.482831311e+01 +5.482831311e+01 +8.8031e-01 -4.1125e+00 +3.4486e+00 +2.6136e+00 -3.0270e+00
4353 +4.983314737e-01 +4.983314737e-01 +5.456833147e+01 +5.456833147e+01 +1.1400e+00 -3.6525e+00 +3.0512e+00 +2.2867e+00 -3.0415e+00
4800 +3.919296585e-01 +3.919296585e-01 +5.446192966e+01 +5.446192966e+01 +1.1787e+00 -3.7697e+00 +3.1005e+00 +2.2665e+00 -2.8891e+00
% function evaluation | noise-free fitness - Fopt (-9.152000000000e+01) | best noise-free fitness - Fopt | measured fitness | best measured fitness | x1 | x2...
1 +4.558308348e+02 +4.558308348e+02 +3.643108348e+02 +3.643108348e+02 -1.8615e+00 +4.3801e+00 -3.9057e+00 +1.7500e+00 -9.4764e-01
2 +3.387077917e+02 +3.387077917e+02 +2.471877917e+02 +2.471877917e+02 -3.0811e+00 +2.9973e+00 -1.2873e+00 -2.1774e+00 +2.8684e+00
5 +1.744639432e+02 +1.744639432e+02 +8.294394323e+01 +8.294394323e+01 +3.3730e+00 +4.9558e+00 +8.2154e-01 -3.9283e+00 +8.2324e-01
11 +4.664453755e+01 +4.664453755e+01 -4.487546245e+01 -4.487546245e+01 -3.3165e+00 +3.8821e-01 +1.5269e+00 +4.9535e+00 +6.7514e-02
49 +1.812730247e+01 +1.812730247e+01 -7.339269753e+01 -7.339269753e+01 -1.1097e+00 +2.4408e+00 +2.9491e-03 +2.1022e+00 +2.2471e+00
247 +6.728308567e+00 +6.728308567e+00 -8.479169143e+01 -8.479169143e+01 -2.6758e+00 +3.6411e+00 +3.2787e-01 +9.7620e-01 +9.2666e-01
692 +2.579993464e+00 +2.579993464e+00 -8.894000654e+01 -8.894000654e+01 -1.7024e+00 +2.8503e+00 -1.3730e+00 +3.4733e+00 +3.0542e+00
1818 +1.063032999e+00 +1.063032999e+00 -9.045696700e+01 -9.045696700e+01 -1.5471e+00 +3.2430e+00 -2.3484e+00 +3.1381e+00 +3.2302e+00
4194 +9.689473934e-01 +9.689473934e-01 -9.055105261e+01 -9.055105261e+01 -1.6021e+00 +2.9841e+00 -1.8531e+00 +3.2821e+00 +3.1148e+00
4521 +4.809192435e-01 +4.809192435e-01 -9.103908076e+01 -9.103908076e+01 -1.6535e+00 +2.8852e+00 -1.3081e+00 +3.3370e+00 +3.0001e+00
4627 +3.587533317e-01 +3.587533317e-01 -9.116124667e+01 -9.116124667e+01 -1.6647e+00 +2.9016e+00 -1.3842e+00 +3.3500e+00 +3.0058e+00
4891 +1.726107130e-01 +1.726107130e-01 -9.134738929e+01 -9.134738929e+01 -1.8876e+00 +2.9087e+00 -1.4256e+00 +3.5288e+00 +2.9753e+00
4924 +1.551190996e-01 +1.551190996e-01 -9.136488090e+01 -9.136488090e+01 -1.8916e+00 +2.8734e+00 -1.5017e+00 +3.4192e+00 +2.8832e+00
% function evaluation | noise-free fitness - Fopt (2.263000000000e+01) | best noise-free fitness - Fopt | measured fitness | best measured fitness | x1 | x2...
1 +8.836736256e+02 +8.836736256e+02 +9.063036256e+02 +9.063036256e+02 +1.7317e+00 +1.1874e-02 -3.6606e+00 +4.5097e+00 +9.3752e-01
2 +2.769597053e+02 +2.769597053e+02 +2.995897053e+02 +2.995897053e+02 +3.9034e+00 -2.0280e-01 -3.3949e+00 -2.2616e+00 +1.2879e+00
3 +3.135849951e+01 +3.135849951e+01 +5.398849951e+01 +5.398849951e+01 +4.2082e+00 -4.6750e+00 +8.1777e-01 +4.2486e+00 +6.1249e-01
142 +2.098712301e+01 +2.098712301e+01 +4.361712301e+01 +4.361712301e+01 +5.0000e+00 -1.3317e+00 +1.3923e+00 +5.0000e+00 +5.0000e+00
189 +7.114011996e+00 +7.114011996e+00 +2.974401200e+01 +2.974401200e+01 +2.7662e+00 -3.5814e+00 +2.7897e+00 +2.0275e+00 +1.4196e+00
303 +4.683299749e+00 +4.683299749e+00 +2.731329975e+01 +2.731329975e+01 +6.8326e-01 -4.9602e+00 +5.0000e+00 +1.0090e+00 +3.5159e+00
561 +1.346275554e+00 +1.346275554e+00 +2.397627555e+01 +2.397627555e+01 +2.2668e+00 -3.8527e+00 +3.7913e+00 +2.7070e+00 +2.2748e+00
2281 +5.374709918e-01 +5.374709918e-01 +2.316747099e+01 +2.316747099e+01 +2.5330e+00 -3.7938e+00 +3.7201e+00 +2.6013e+00 +3.4811e+00
3427 +3.093491318e-01 +3.093491318e-01 +2.293934913e+01 +2.293934913e+01 +2.3843e+00 -3.8485e+00 +3.7422e+00 +2.7177e+00 +3.4852e+00
3546 +2.216951306e-01 +2.216951306e-01 +2.285169513e+01 +2.285169513e+01 +2.4682e+00 -3.8751e+00 +3.5508e+00 +2.6116e+00 +3.2646e+00
3587 +1.074967468e-01 +1.074967468e-01 +2.273749675e+01 +2.273749675e+01 +2.4479e+00 -3.8179e+00 +3.6371e+00 +2.5708e+00 +3.1825e+00
3738 +8.682152356e-02 +8.682152356e-02 +2.271682152e+01 +2.271682152e+01 +2.5135e+00 -3.7435e+00 +3.6282e+00 +2.5764e+00 +3.1380e+00
4160 +4.683299749e-02 +4.683299749e-02 +2.267683300e+01 +2.267683300e+01 +2.4835e+00 -3.7549e+00 +3.5833e+00 +2.5983e+00 +3.2268e+00
4423 +3.292253299e-02 +3.292253299e-02 +2.266292253e+01 +2.266292253e+01 +2.5631e+00 -3.7601e+00 +3.5561e+00 +2.6571e+00 +3.2301e+00
4557 +1.344829750e-02 +1.344829750e-02 +2.264344830e+01 +2.264344830e+01 +2.6415e+00 -3.6983e+00 +3.5280e+00 +2.7094e+00 +3.1953e+00
4767 +9.122145920e-03 +9.122145920e-03 +2.263912215e+01 +2.263912215e+01 +2.7290e+00 -3.6905e+00 +3.4943e+00 +2.7432e+00 +3.1951e+00
% function evaluation | noise-free fitness - Fopt (1.554000000000e+01) | best noise-free fitness - Fopt | measured fitness | best measured fitness | x1 | x2...
1 +7.414823308e+02 +7.414823308e+02 +7.570223308e+02 +7.570223308e+02 +1.1044e+00 +1.0218e-02 +7.8547e-01 +3.8640e+00 -1.2957e+00
2 +5.090606998e+02 +5.090606998e+02 +5.246006998e+02 +5.246006998e+02 -1.9777e-01 -1.8130e+00 -3.5934e-01 +4.0438e+00 -1.0946e+00
8 +1.080868873e+02 +1.080868873e+02 +1.236268873e+02 +1.236268873e+02 -3.0005e+00 -2.4630e+00 -2.1591e+00 -3.0385e+00 -6.6380e-01
12 +6.481130595e+01 +6.481130595e+01 +8.035130595e+01 +8.035130595e+01 -1.9765e+00 -2.2048e+00 +3.1660e+00 +6.1053e-01 +3.5275e+00
42 +4.598284893e+01 +4.598284893e+01 +6.152284893e+01 +6.152284893e+01 +1.5968e+00 -4.5219e+00 +3.3952e+00 +1.1007e+00 +1.8991e+00
52 +2.534937813e+01 +2.534937813e+01 +4.088937813e+01 +4.088937813e+01 +3.0120e-01 -3.3719e+00 +2.8472e+00 -6.1844e-02 +2.7049e+00
99 +2.462332101e+01 +2.462332101e+01 +4.016332101e+01 +4.016332101e+01 -2.4250e+00 -1.8888e+00 +1.7158e+00 +5.0730e-01 -1.1819e+00
291 +1.017023503e+01 +1.017023503e+01 +2.571023503e+01 +2.571023503e+01 -4.6680e-01 -4.2577e+00 +1.4745e+00 +7.0623e-01 -1.3813e+00
334 +2.561882188e+00 +2.561882188e+00 +1.810188219e+01 +1.810188219e+01 -2.3642e+00 -1.6740e+00 +3.0602e-01 +2.3563e+00 -5.0000e+00
2621 +2.260578810e+00 +2.260578810e+00 +1.780057881e+01 +1.780057881e+01 -2.0568e+00 -1.4621e+00 +9.4931e-01 +1.7092e+00 -3.2488e+00
2994 +1.377595414e+00 +1.377595414e+00 +1.691759541e+01 +1.691759541e+01 -1.9334e+00 -1.4674e+00 +8.9431e-01 +9.9117e-01 -2.7103e+00
3295 +8.864566206e-01 +8.864566206e-01 +1.642645662e+01 +1.642645662e+01 -9.1721e-01 -2.9915e+00 +8.3048e-01 +6.2638e-01 -2.5077e+00
% function evaluation | noise-free fitness - Fopt (-3.765100000000e+02) | best noise-free fitness - Fopt | measured fitness | best measured fitness | x1 | x2...
1 +1.898625054e+02 +1.898625054e+02 -1.866474946e+02 -1.866474946e+02 -1.1913e+00 -4.4828e+00 -2.1062e-01 +1.5474e+00 +2.3018e+00
3 +1.282883593e+02 +1.282883593e+02 -2.482216407e+02 -2.482216407e+02 +8.7884e-01 +2.8640e+00 +3.7154e+00 +2.8327e+00 -4.3340e+00
5 +6.942399122e+01 +6.942399122e+01 -3.070860088e+02 -3.070860088e+02 -3.8267e+00 -2.9077e-01 +3.1963e+00 +2.8295e+00 +3.8056e-01
18 +5.434004760e+01 +5.434004760e+01 -3.221699524e+02 -3.221699524e+02 -4.1573e+00 +2.4126e-01 +1.1942e+00 +3.7714e-01 +1.7366e+00
25 +2.596242343e+01 +2.596242343e+01 -3.505475766e+02 -3.505475766e+02 -3.6426e+00 +4.2279e+00 +1.4564e+00 +6.1519e-02 -1.6693e+00
38 +1.478871424e+01 +1.478871424e+01 -3.617212858e+02 -3.617212858e+02 -2.9511e+00 +4.4165e+00 +2.1375e+00 +7.2172e-01 -9.1298e-01
380 +3.202940813e+00 +3.202940813e+00 -3.733070592e+02 -3.733070592e+02 -2.4045e+00 +2.5170e+00 +2.2309e+00 +1.0344e+00 -2.2586e-01
1749 +4.110524161e-01 +4.110524161e-01 -3.760989476e+02 -3.760989476e+02 -3.2850e+00 +1.8479e+00 +1.0845e+00 +1.7069e+00 +3.3977e+00
2485 +3.158220109e-01 +3.158220109e-01 -3.761941780e+02 -3.761941780e+02 -2.9874e+00 +1.8414e+00 +1.0078e+00 +1.1758e+00 +2.5590e+00
4014 +1.959579371e-01 +1.959579371e-01 -3.763140421e+02 -3.763140421e+02 -3.0819e+00 +1.8839e+00 +1.0600e+00 +1.4051e+00 +2.7074e+00
4111 +1.054836026e-01 +1.054836026e-01 -3.764045164e+02 -3.764045164e+02 -3.1079e+00 +1.8736e+00 +1.0614e+00 +1.4309e+00 +2.7824e+00
4526 +9.259200680e-02 +9.259200680e-02 -3.764174080e+02 -3.764174080e+02 -3.1292e+00 +1.8583e+00 +1.0593e+00 +1.4327e+00 +2.8710e+00
4740 +5.846089764e-02 +5.846089764e-02 -3.764515391e+02 -3.764515391e+02 -3.0614e+00 +1.8981e+00 +1.1813e+00 +1.4539e+00 +2.7243e+00
4806 +2.037832750e-02 +2.037832750e-02 -3.764896217e+02 -3.764896217e+02 -3.0024e+00 +1.8713e+00 +1.1296e+00 +1.4475e+00 +2.8302e+00
% function evaluation | noise-free fitness - Fopt (3.960400000000e+02) | best noise-free fitness - Fopt | measured fitness | best measured fitness | x1 | x2...
1 +1.172551676e+03 +1.172551676e+03 +1.568591676e+03 +1.568591676e+03 +3.8201e+00 -3.0232e+00 +7.2801e-01 +1.0878e+00 -3.4937e+00
3 +4.429853458e+02 +4.429853458e+02 +8.390253458e+02 +8.390253458e+02 -3.3577e+00 +3.5292e+00 +2.8202e+00 +4.9724e+00 +4.0856e+00
5 +3.639938471e+02 +3.639938471e+02 +7.600338471e+02 +7.600338471e+02 -3.5754e+00 -2.9879e+00 +6.5108e-01 -3.5630e+00 -3.8154e+00
12 +3.507993796e+01 +3.507993796e+01 +4.311199380e+02 +4.311199380e+02 +6.8999e-01 -3.7527e+00 -7.3619e-01 +4.6842e+00 +1.9453e+00
164 +1.035621949e+01 +1.035621949e+01 +4.063962195e+02 +4.063962195e+02 -2.0062e+00 -3.5180e+00 -5.0910e-01 +3.8470e+00 -1.8715e+00
252 +6.141958976e+00 +6.141958976e+00 +4.021819590e+02 +4.021819590e+02 -2.5047e-01 -5.0000e+00 -3.3884e-02 +5.0000e+00 -4.4632e-01
541 +2.701416252e+00 +2.701416252e+00 +3.987414163e+02 +3.987414163e+02 -1.8199e+00 -4.2022e+00 +3.8074e-01 +4.1248e+00 -2.8745e+00
3182 +2.193441383e+00 +2.193441383e+00 +3.982334414e+02 +3.982334414e+02 -2.6511e+00 -4.4666e+00 -1.0928e+00 +3.4010e+00 -3.9873e+00
4470 +9.228909532e-01 +9.228909532e-01 +3.969628910e+02 +3.969628910e+02 -1.8654e+00 -3.2741e+00 +7.7907e-02 +3.4403e+00 -2.6929e+00
4561 +3.600347305e-01 +3.600347305e-01 +3.964000347e+02 +3.964000347e+02 -2.0075e+00 -3.2990e+00 -3.7073e-02 +3.2757e+00 -2.7586e+00
% function evaluation | noise-free fitness - Fopt (1.281100000000e+02) | best noise-free fitness - Fopt | measured fitness | best measured fitness | x1 | x2...
1 +2.595469766e+02 +2.595469766e+02 +3.876569766e+02 +3.876569766e+02 +9.3832e-01 +2.6245e+00 +2.8188e+00 +1.6494e+00 -3.7880e+00
9 +1.831378651e+02 +1.831378651e+02 +3.112478651e+02 +3.112478651e+02 -4.8981e-01 -1.3172e+00 -2.4985e+00 -4.7371e-01 +2.3742e+00
50 +5.204561384e+01 +5.204561384e+01 +1.801556138e+02 +1.801556138e+02 +1.7985e+00 -7.7733e-01 +9.3303e-01 -1.1901e+00 +1.2601e+00
53 +2.041188906e+01 +2.041188906e+01 +1.485218891e+02 +1.485218891e+02 -2.3925e+00 +1.6874e+00 -1.8402e+00 +2.6922e-01 +9.4547e-01
301 +4.120348761e+00 +4.120348761e+00 +1.322303488e+02 +1.322303488e+02 -1.8308e+00 +1.6643e+00 -9.9151e-01 +9.1277e-01 +5.9568e-01
2125 +3.249264918e+00 +3.249264918e+00 +1.313592649e+02 +1.313592649e+02 -1.6871e+00 +7.0929e-01 -7.4195e-01 +1.7200e+00 +1.2274e+00
3160 +1.645568310e+00 +1.645568310e+00 +1.297555683e+02 +1.297555683e+02 -5.0000e+00 -2.3314e-01 -2.0331e+00 +3.5775e+00 +2.0406e+00
3392 +1.451042382e+00 +1.451042382e+00 +1.295610424e+02 +1.295610424e+02 -5.0000e+00 +1.1050e-01 -1.8864e+00 +3.1357e+00 +2.5569e+00
3720 +8.797097188e-01 +8.797097188e-01 +1.289897097e+02 +1.289897097e+02 -5.0000e+00 +4.5542e-02 -1.9165e+00 +3.0913e+00 +2.5495e+00
% function evaluation | noise-free fitness - Fopt (-2.923500000000e+02) | best noise-free fitness - Fopt | measured fitness | best measured fitness | x1 | x2...
1 +8.485484327e+02 +8.485484327e+02 +5.561984327e+02 +5.561984327e+02 -7.8293e-01 -2.0677e+00 -1.0697e+00 -3.2736e+00 +1.7210e+00
3 +2.760525982e+02 +2.760525982e+02 -1.629740182e+01 -1.629740182e+01 +3.2931e+00 +4.0857e+00 +3.9719e+00 -4.2196e+00 +3.1941e+00
4 +1.718700306e+02 +1.718700306e+02 -1.204799694e+02 -1.204799694e+02 -3.3018e-01 -2.7275e+00 +1.0066e+00 +3.4647e-02 -1.2576e+00
23 +4.596010322e+01 +4.596010322e+01 -2.463898968e+02 -2.463898968e+02 +2.4035e+00 +2.5762e-01 -3.1547e-04 -8.5804e-01 +1.4151e+00
96 +3.522635832e+01 +3.522635832e+01 -2.571236417e+02 -2.571236417e+02 -9.0153e-01 -3.2929e+00 -1.6492e+00 +6.9439e-01 +1.7652e+00
158 +2.460082172e+01 +2.460082172e+01 -2.677491783e+02 -2.677491783e+02 -4.8278e+00 -4.6749e+00 +1.6930e+00 +3.3327e+00 +5.0000e+00
360 +1.023917057e+01 +1.023917057e+01 -2.821108294e+02 -2.821108294e+02 -5.0000e+00 -2.2469e+00 +4.3270e+00 +2.1731e+00 +5.0000e+00
410 +7.899827979e+00 +7.899827979e+00 -2.844501720e+02 -2.844501720e+02 +1.7161e-01 -2.3344e+00 +1.2219e+00 +9.7555e-01 +1.7243e+00
1063 +2.181793482e+00 +2.181793482e+00 -2.901682065e+02 -2.901682065e+02 -1.6839e+00 -2.7642e+00 +1.0194e+00 +1.4137e+00 +2.0709e+00
2288 +1.552210593e+00 +1.552210593e+00 -2.907977894e+02 -2.907977894e+02 -1.0459e+00 -3.9042e+00 +6.5314e-01 +2.1126e+00 +1.5860e+00
3113 +8.914436998e-01 +8.914436998e-01 -2.914585563e+02 -2.914585563e+02 -3.5495e-01 -3.8189e+00 +6.1382e-01 +1.7200e+00 +1.6503e+00
4133 +5.724286970e-01 +5.724286970e-01 -2.917775713e+02 -2.917775713e+02 -1.2913e+00 -3.4475e+00 +5.6556e-01 +1.5386e+00 +1.9670e+00
4730 +3.245501609e-01 +3.245501609e-01 -2.920254498e+02 -2.920254498e+02 -1.8577e+00 -3.4991e+00 +1.2003e+00 +1.8317e+00 +2.3229e+00
4791 +1.701989405e-01 +1.701989405e-01 -2.921798011e+02 -2.921798011e+02 -1.7371e+00 -3.3893e+00 +1.1181e+00 +1.6916e+00 +2.3028e+00
4869 +4.342815499e-02 +4.342815499e-02 -2.923065718e+02 -2.923065718e+02 -1.7315e+00 -3.2655e+00 +1.2589e+00 +1.6957e+00 +2.4012e+00
% function evaluation | noise-free fitness - Fopt (3.110100000000e+02) | best noise-free fitness - Fopt | measured fitness | best measured fitness | x1 | x2...
1 +1.650755267e+03 +1.650755267e+03 +1.961765267e+03 +1.961765267e+03 -1.2193e+00 +4.6468e+00 -1.8286e+00 +1.9070e+00 +9.8805e-01
3 +2.439151934e+02 +2.439151934e+02 +5.549251934e+02 +5.549251934e+02 +8.4986e-01 -2.6349e+00 -3.2865e+00 -3.8637e+00 -4.6111e+00
9 +1.165642221e+02 +1.165642221e+02 +4.275742221e+02 +4.275742221e+02 +4.7204e+00 -1.9126e+00 +3.8215e+00 +1.2879e+00 -2.6683e+00
37 +3.040804163e+01 +3.040804163e+01 +3.414180416e+02 +3.414180416e+02 -2.3843e-01 -2.2082e+00 -2.2725e+00 +2.6985e+00 +4.2929e+00
52 +2.262635414e+01 +2.262635414e+01 +3.336363541e+02 +3.336363541e+02 -1.2764e+00 -2.1024e+00 -5.0000e+00 +1.2790e+00 +4.6958e+00
55 +1.378433116e+01 +1.378433116e+01 +3.247943312e+02 +3.247943312e+02 -2.4534e+00 -4.2337e+00 -2.0963e+00 +5.8459e-01 +7.4215e-01
277 +4.986838189e+00 +4.986838189e+00 +3.159968382e+02 +3.159968382e+02 -1.0139e+00 -3.5030e+00 -3.4779e+00 +6.8472e-01 +1.5735e+00
1513 +3.063954203e+00 +3.063954203e+00 +3.140739542e+02 +3.140739542e+02 -2.8154e+00 -4.1838e+00 -2.6811e+00 +1.0458e+00 +3.6010e+00
2706 +2.196532065e+00 +2.196532065e+00 +3.132065321e+02 +3.132065321e+02 -2.3647e+00 -3.3189e+00 -3.3694e+00 +9.6700e-01 +3.9794e+00
3989 +1.231496519e+00 +1.231496519e+00 +3.122414965e+02 +3.122414965e+02 -2.4735e+00 -3.8776e+00 -2.9447e+00 +8.7372e-01 +3.5322e+00
4023 +6.296146093e-01 +6.296146093e-01 +3.116396146e+02 +3.116396146e+02 -2.3755e+00 -3.7191e+00 -2.9865e+00 +6.2505e-01 +4.1219e+00
4537 +1.176259830e-01 +1.176259830e-01 +3.111276260e+02 +3.111276260e+02 -2.0045e+00 -3.5015e+00 -2.6495e+00 +8.4264e-01 +3.5894e+00
4623 +9.817772518e-02 +9.817772518e-02 +3.111081777e+02 +3.111081777e+02 -1.9464e+00 -3.5235e+00 -2.6115e+00 +8.6268e-01 +3.6069e+00
4729 +1.833670479e-02 +1.833670479e-02 +3.110283367e+02 +3.110283367e+02 -1.9277e+00 -3.4843e+00 -2.6030e+00 +9.0042e-01 +3.6800e+00
% function evaluation | noise-free fitness - Fopt (-8.051800000000e+02) | best noise-free fitness - Fopt | measured fitness | best measured fitness | x1 | x2...
1 +3.771711788e+02 +3.771711788e+02 -4.280088212e+02 -4.280088212e+02 -1.8997e+00 +1.5470e+00 -3.5617e+00 +2.7109e+00 +6.5472e-01
2 +1.053501589e+02 +1.053501589e+02 -6.998298411e+02 -6.998298411e+02 +4.2452e+00 -2.8907e+00 +4.2490e+00 +2.0623e+00 +2.3503e+00
39 +6.374524433e+01 +6.374524433e+01 -7.414347557e+02 -7.414347557e+02 +2.1055e+00 -4.6055e+00 +3.5454e+00 -1.6732e-01 +4.9633e+00
43 +1.328867212e+01 +1.328867212e+01 -7.918913279e+02 -7.918913279e+02 +4.8625e+00 -3.3815e+00 +6.4222e-01 +2.0326e+00 +2.3763e+00
106 +8.821380101e+00 +8.821380101e+00 -7.963586199e+02 -7.963586199e+02 +4.4363e+00 -4.6812e+00 +2.7927e+00 -1.0170e+00 +4.1203e+00
134 +5.814157168e+00 +5.814157168e+00 -7.993658428e+02 -7.993658428e+02 +2.2965e+00 -5.0000e+00 +3.3152e+00 -2.3699e+00 +4.5024e+00
1397 +3.375401874e+00 +3.375401874e+00 -8.018045981e+02 -8.018045981e+02 +3.5164e+00 -5.0000e+00 +3.1366e+00 -1.8979e+00 +4.2254e+00
2447 +2.439994034e+00 +2.439994034e+00 -8.027400060e+02 -8.027400060e+02 +3.8756e+00 -4.9891e+00 +2.2540e+00 -1.2277e+00 +3.8305e+00
3941 +1.404996456e+00 +1.404996456e+00 -8.037750035e+02 -8.037750035e+02 +2.7166e+00 -4.3770e+00 +1.6343e+00 -5.3328e-01 +3.1834e+00
4048 +9.569947166e-01 +9.569947166e-01 -8.042230053e+02 -8.042230053e+02 +3.0514e+00 -4.3886e+00 +1.6846e+00 -5.1307e-01 +3.1214e+00
