% function evaluation | noise-free fitness - Fopt (6.870000000000e+00) | best noise-free fitness - Fopt | measured fitness | best measured fitness | x1 | x2...
1 +1.001465881e+01 +1.001465881e+01 +1.688465881e+01 +1.688465881e+01 +1.4540e+00 -1.3469e+00 +1.3968e+00 +6.1980e-01 +3.7042e+00 -1.7281e+00 -2.9184e+00 -8.0626e-01 -2.3117e+00 +2.3148e+00
5 +9.194679007e+00 +9.194679007e+00 +1.606467901e+01 +1.606467901e+01 +2.3783e+00 -3.7702e+00 +4.2311e+00 -2.3009e-01 -4.7840e+00 -4.8165e+00 +2.9320e+00 -4.5974e-01 -1.0027e+00 -4.1221e+00
95 +4.232320425e+00 +4.232320425e+00 +1.110232042e+01 +1.110232042e+01 +6.4767e-01 +3.0082e+00 -2.3328e+00 -2.4915e-01 +3.8586e+00 +2.2988e+00 +1.2370e+00 +3.5234e+00 +1.7622e-01 +3.7112e+00
221 +3.858867680e+00 +3.858867680e+00 +1.072886768e+01 +1.072886768e+01 +2.1707e+00 -4.6590e+00 +4.2711e-01 -6.3679e-01 +3.1462e+00 +4.6324e+00 +1.1626e+00 +3.2395e+00 -7.3531e-01 +5.0771e+00
7485 +2.259813063e+00 +2.259813063e+00 +9.129813063e+00 +9.129813063e+00 +2.9338e+00 +1.7288e+00 -3.8876e+00 +3.0416e+00 -2.1588e+00 -1.0544e+00 -5.4427e-02 +2.1082e-01 -4.3508e+00 +1.8472e+00
% function evaluation | noise-free fitness - Fopt (1.000000000000e-02) | best noise-free fitness - Fopt | measured fitness | best measured fitness | x1 | x2...
1 +1.939977716e+01 +1.939977716e+01 +1.940977716e+01 +1.940977716e+01 -2.4942e+00 +3.4119e+00 +2.4096e+00 +5.7841e-01 -1.5518e+00 -4.1706e+00 +8.8922e-01 -4.8884e-01 +2.3909e+00 +3.8439e+00
4 +6.930121799e+00 +6.930121799e+00 +6.940121799e+00 +6.940121799e+00 -1.8581e-01 -2.7579e+00 +2.1173e+00 +1.1153e+00 +9.5577e-01 +3.4231e+00 +5.1068e-02 +1.6377e+00 +1.5425e+00 +4.7257e+00
23 +4.948905809e+00 +4.948905809e+00 +4.958905809e+00 +4.958905809e+00 -1.0889e+00 -3.2552e+00 -2.9979e+00 -1.0476e+00 -3.8822e+00 +2.9262e-01 +1.2240e+00 -2.5322e+00 -3.4877e+00 +3.2365e+00
134 +2.578707476e+00 +2.578707476e+00 +2.588707476e+00 +2.588707476e+00 -4.4046e-01 -2.5045e+00 -3.9128e+00 +3.1739e+00 +4.3443e+00 +4.6514e+00 -3.5477e-01 -4.1838e+00 -6.8583e-01 +4.1820e+00
6810 +2.091015819e+00 +2.091015819e+00 +2.101015819e+00 +2.101015819e+00 +3.0180e+00 -3.6178e+00 -3.3133e+00 -1.4090e+00 -1.0185e+00 +8.9677e-01 +1.3415e+00 -2.9607e+00 -1.8568e+00 +5.4640e+00
% function evaluation | noise-free fitness - Fopt (-1.306100000000e+02) | best noise-free fitness - Fopt | measured fitness | best measured fitness | x1 | x2...
1 +2.357814845e+01 +2.357814845e+01 -1.070318515e+02 -1.070318515e+02 -4.3021e+00 +3.3979e+00 -2.1644e+00 +1.6849e+00 -6.6241e-01 -4.2381e+00 +2.0543e+00 +4.9539e+00 -4.2024e+00 -3.1435e+00
2 +1.542238622e+01 +1.542238622e+01 -1.151876138e+02 -1.151876138e+02 +9.3145e-01 -7.2473e-01 +3.8380e+00 -2.8822e+00 -1.2013e+00 -3.3106e+00 +2.4009e-01 -4.8727e+00 -4.7736e+00 -1.5866e-01
3 +8.995535785e+00 +8.995535785e+00 -1.216144642e+02 -1.216144642e+02 -5.1589e-01 -4.5412e+00 -2.0247e+00 -3.0999e-01 +1.9962e+00 +3.5997e-01 -2.1438e+00 +2.6378e+00 -6.3057e-01 -3.1695e+00
28 +6.248983954e+00 +6.248983954e+00 -1.243610160e+02 -1.243610160e+02 +2.0473e-02 +2.5376e+00 +4.1800e+00 +1.7724e-01 +2.7194e+00 +8.9814e-01 +2.3173e+00 -2.2021e+00 -2.3981e+00 -2.6577e+00
138 +3.040099552e+00 +3.040099552e+00 -1.275699004e+02 -1.275699004e+02 -3.1445e+00 -1.0094e+00 -6.7052e-02 -4.8762e+00 -2.6597e+00 +4.4084e+00 +2.7570e+00 -1.6448e-01 -3.3319e-01 +1.7787e+00
6127 +2.389177834e+00 +2.389177834e+00 -1.282208222e+02 -1.282208222e+02 -3.5379e+00 +6.2870e-01 +1.3758e+00 +9.2690e-02 +8.6983e-01 -1.1505e+00 +4.6396e+00 -4.4904e-01 +2.6896e-01 -2.3912e+00
% function evaluation | noise-free fitness - Fopt (-2.231200000000e+02) | best noise-free fitness - Fopt | measured fitness | best measured fitness | x1 | x2...
1 +2.376859442e+01 +2.376859442e+01 -1.993514056e+02 -1.993514056e+02 +3.8627e-01 +3.0581e+00 +4.5335e+00 +6.1225e-01 -8.7387e-02 +2.1767e-01 -1.2242e-01 -4.5802e+00 +2.6326e+00 -1.6929e+00
2 +1.534170550e+01 +1.534170550e+01 -2.077782945e+02 -2.077782945e+02 +4.8818e+00 +4.1710e+00 +3.3082e-01 +1.1501e+00 -4.0260e+00 -2.4541e+00 -4.8915e+00 -4.8549e+00 +1.6755e+00 -3.5635e+00
4 +7.183088362e+00 +7.183088362e+00 -2.159369116e+02 -2.159369116e+02 +1.3458e+00 +6.3183e-02 +2.5515e+00 -4.5454e+00 +1.1233e+00 +2.6798e+00 +3.6018e+00 +2.6937e+00 +3.7815e+00 +2.8569e-01
9 +2.742225960e+00 +2.742225960e+00 -2.203777740e+02 -2.203777740e+02 -1.6386e+00 +3.3312e+00 -1.0586e+00 -2.5666e+00 +1.1129e+00 -4.5990e+00 -4.4931e+00 -2.1588e+00 -3.9950e+00 -2.8867e+00
615 +2.115902432e+00 +2.115902432e+00 -2.210040976e+02 -2.210040976e+02 +1.0174e-01 +2.2565e+00 -1.5691e+00 -5.1615e+00 +3.3164e-01 -3.1647e+00 -3.6590e+00 -4.2554e+00 +1.2001e+00 -4.6476e+00
% function evaluation | noise-free fitness - Fopt (-4.443000000000e+01) | best noise-free fitness - Fopt | measured fitness | best measured fitness | x1 | x2...
1 +1.040601406e+01 +1.040601406e+01 -3.402398594e+01 -3.402398594e+01 -4.8227e+00 -3.2452e+00 -3.2901e+00 +4.9936e-01 -2.3928e+00 -3.4004e-01 -1.6773e+00 -4.5999e+00 +5.2168e-01 +3.5283e+00
10 +6.234261519e+00 +6.234261519e+00 -3.819573848e+01 -3.819573848e+01 -1.6280e+00 -1.2638e+00 -4.3307e+00 +3.3661e+00 -1.3117e+00 +3.0499e-01 -2.8048e+00 -4.5808e+00 -1.8331e+00 -6.2528e-01
580 +3.003912240e+00 +3.003912240e+00 -4.142608776e+01 -4.142608776e+01 +1.8291e+00 -1.1985e+00 +3.8404e+00 -2.3327e+00 +3.3334e+00 -4.5205e+00 -2.0333e+00 -8.0136e-01 -1.2621e+00 -4.5135e+00
2990 +2.110792437e+00 +2.110792437e+00 -4.231920756e+01 -4.231920756e+01 -3.9990e+00 -1.1398e+00 -3.2733e+00 +4.7521e+00 -1.9136e-01 -1.5127e+00 -8.3903e-01 -5.8547e+00 -3.3993e+00 -2.2461e+00
% function evaluation | noise-free fitness - Fopt (8.539000000000e+01) | best noise-free fitness - Fopt | measured fitness | best measured fitness | x1 | x2...
1 +1.911732575e+01 +1.911732575e+01 +1.045073258e+02 +1.045073258e+02 +3.3225e+00 +3.2148e+00 -4.5244e+00 -1.7661e+00 -1.3050e+00 +3.4569e+00 -3.5538e+00 -3.5102e-01 -3.8308e-01 -1.7226e+00
3 +1.128095587e+01 +1.128095587e+01 +9.667095587e+01 +9.667095587e+01 -2.4361e+00 +2.1832e+00 +4.4833e+00 -4.7207e+00 +4.1051e-01 +1.6521e+00 +8.4917e-01 +3.7151e+00 -4.1706e+00 -1.5545e+00
4 +8.976136191e+00 +8.976136191e+00 +9.436613619e+01 +9.436613619e+01 +8.7251e-01 +2.4651e+00 +3.4544e+00 +2.7856e+00 +3.7951e+00 +5.4211e-01 +4.7118e-01 -1.9870e+00 +3.4661e-01 -3.6466e+00
16 +5.875966227e+00 +5.875966227e+00 +9.126596623e+01 +9.126596623e+01 +3.8003e+00 -2.0877e-01 -4.7591e+00 +1.6213e+00 -1.3948e+00 +2.6615e+00 -2.0223e+00 +1.9473e+00 +4.2420e+00 +1.8652e-02
144 +2.937620254e+00 +2.937620254e+00 +8.832762025e+01 +8.832762025e+01 +3.3225e+00 +3.2148e+00 -2.3147e+00 -1.7661e+00 -1.3050e+00 +3.4569e+00 -3.5538e+00 -3.5102e-01 +3.6099e+00 -1.7226e+00
7021 +2.394045158e+00 +2.394045158e+00 +8.778404516e+01 +8.778404516e+01 +2.0012e+00 -7.3034e-02 -7.3658e-01 +9.4653e-01 -1.0334e-01 +4.1662e+00 +3.5171e+00 -5.0053e-01 +7.4976e-01 +2.6673e+00
% function evaluation | noise-free fitness - Fopt (-9.872900000000e+02) | best noise-free fitness - Fopt | measured fitness | best measured fitness | x1 | x2...
1 +1.195084367e+01 +1.195084367e+01 -9.753391563e+02 -9.753391563e+02 -2.5322e+00 -1.2587e+00 +1.2268e+00 +2.5072e+00 +3.9451e-01 -4.5245e+00 -1.1938e+00 -2.1869e+00 +4.3754e+00 +6.0288e-01
8 +9.258987663e+00 +9.258987663e+00 -9.780310123e+02 -9.780310123e+02 -4.4212e+00 -2.0733e+00 -7.4985e-01 +4.4462e+00 -3.1654e-01 -1.8390e+00 -3.2702e+00 -1.1839e+00 +1.7749e-01 -2.5722e+00
42 +6.039139960e+00 +6.039139960e+00 -9.812508600e+02 -9.812508600e+02 -3.7932e-01 +2.0999e+00 -4.1247e+00 +7.3051e-01 +1.3933e+00 +2.5469e+00 -2.5879e+00 +2.7210e+00 +2.7796e+00 +2.5004e+00
347 +3.156633193e+00 +3.156633193e+00 -9.841333668e+02 -9.841333668e+02 -1.3749e+00 -7.4327e-01 +3.2042e+00 -2.6161e+00 +3.2108e+00 +2.6377e+00 +2.1205e+00 +3.3769e+00 +3.2710e+00 -6.6097e-01
2681 +2.492530065e+00 +2.492530065e+00 -9.847974699e+02 -9.847974699e+02 +8.2059e-01 +1.7299e-01 -2.0687e-01 +3.5198e+00 -1.1046e+00 +2.8060e+00 -4.5114e+00 +8.5562e-01 +3.9247e+00 +2.7605e+00
% function evaluation | noise-free fitness - Fopt (-1.517600000000e+02) | best noise-free fitness - Fopt | measured fitness | best measured fitness | x1 | x2...
1 +1.232650425e+01 +1.232650425e+01 -1.394334958e+02 -1.394334958e+02 +3.1439e+00 -2.1103e-01 -2.1534e+00 -4.7744e+00 +4.6744e+00 +8.6827e-01 +3.9074e+00 -3.7895e+00 +8.5837e-01 +2.7730e+00
8 +7.178699836e+00 +7.178699836e+00 -1.445813002e+02 -1.445813002e+02 +4.2521e+00 +8.6198e-01 -4.8758e+00 -2.9864e+00 +3.8726e+00 +2.1171e+00 -1.5462e+00 -8.4144e-01 +1.1014e+00 +1.2676e+00
36 +4.883836481e+00 +4.883836481e+00 -1.468761635e+02 -1.468761635e+02 +3.8498e+00 -2.7678e+00 -7.9764e-01 +4.8280e+00 +3.0983e+00 +1.2596e+00 -2.1735e+00 -4.2910e+00 -7.7360e-01 +4.2147e-01
44 +3.956581299e+00 +3.956581299e+00 -1.478034187e+02 -1.478034187e+02 +2.9823e+00 -3.9423e+00 -7.8715e-01 -3.8730e+00 -1.8055e+00 +2.7567e+00 +9.8701e-01 -4.2224e+00 +1.6090e+00 +4.3679e+00
5330 +2.141122620e+00 +2.141122620e+00 -1.496188774e+02 -1.496188774e+02 +2.9985e+00 -2.5127e+00 -3.2271e+00 -4.7520e+00 +7.4428e-01 +3.4048e+00 +4.4850e+00 +2.0960e-03 +2.1656e+00 +5.2116e+00
% function evaluation | noise-free fitness - Fopt (6.680000000000e+01) | best noise-free fitness - Fopt | measured fitness | best measured fitness | x1 | x2...
1 +3.180932199e+01 +3.180932199e+01 +9.860932199e+01 +9.860932199e+01 +3.0081e+00 +4.5912e+00 -1.6171e+00 -4.3677e+00 +3.6792e+00 +3.0688e+00 -1.2245e+00 -4.7662e+00 +4.0667e+00 +3.8914e+00
2 +5.820065632e+00 +5.820065632e+00 +7.262006563e+01 +7.262006563e+01 -7.5182e-01 -1.5090e+00 -5.9146e-01 -3.4430e-01 -1.2635e+00 +7.6202e-01 +2.0320e+00 -3.2245e+00 -1.4585e+00 +8.2937e-02
74 +3.684511371e+00 +3.684511371e+00 +7.048451137e+01 +7.048451137e+01 +4.1412e-01 +1.0984e+00 -3.4079e+00 +1.9326e+00 -2.2503e-01 +6.1687e-01 +4.7956e+00 -3.2552e-01 +4.6662e-01 -4.5825e+00
3376 +2.456872910e+00 +2.456872910e+00 +6.925687291e+01 +6.925687291e+01 -3.4677e+00 +4.2371e-01 +9.9287e-01 -4.4345e+00 +1.4217e+00 -5.9359e-01 +9.2307e-01 -6.0216e-01 -2.5277e+00 -2.4619e+00
% function evaluation | noise-free fitness - Fopt (9.625000000000e+01) | best noise-free fitness - Fopt | measured fitness | best measured fitness | x1 | x2...
1 +2.185086786e+01 +2.185086786e+01 +1.181008679e+02 +1.181008679e+02 +3.3118e+00 +4.9443e-01 +3.1548e+00 -4.5847e+00 +1.4189e-03 +5.5550e-01 +9.3063e-01 -1.4363e+00 -4.6555e+00 +6.0082e-01
2 +1.171872147e+01 +1.171872147e+01 +1.079687215e+02 +1.079687215e+02 -4.0576e+00 -2.4274e+00 +1.4496e+00 -2.8923e+00 +4.0703e+00 +3.2370e+00 -4.8908e+00 -6.0987e-01 +3.2130e+00 +4.3883e+00
8 +9.751258362e+00 +9.751258362e+00 +1.060012584e+02 +1.060012584e+02 +3.2713e+00 +3.9152e+00 +3.5394e+00 -1.7041e+00 +4.5691e+00 -3.3023e-01 +2.2386e+00 +3.6558e+00 -1.8280e+00 +2.5354e+00
16 +5.803980994e+00 +5.803980994e+00 +1.020539810e+02 +1.020539810e+02 -4.8908e+00 +1.2556e+00 -2.4481e+00 -6.2696e-01 +9.2509e-01 +3.1899e-01 -1.3489e+00 -4.1576e+00 -4.5004e+00 +3.8472e+00
557 +2.054874327e+00 +2.054874327e+00 +9.830487433e+01 +9.830487433e+01 +1.5548e+00 +1.6084e+00 +2.3727e+00 +3.8545e+00 -5.5265e-01 +1.4765e+00 -1.3096e+00 -3.7608e+00 -2.2792e+00 +3.9751e+00
% function evaluation | noise-free fitness - Fopt (1.467200000000e+02) | best noise-free fitness - Fopt | measured fitness | best measured fitness | x1 | x2...
1 +1.132283698e+01 +1.132283698e+01 +1.580428370e+02 +1.580428370e+02 +6.0986e-01 +9.9373e-01 +4.4638e+00 +2.3232e+00 -3.3867e+00 -1.5317e+00 -3.7964e+00 +1.4676e-01 +3.9421e+00 +3.6669e+00
3 +5.680801907e+00 +5.680801907e+00 +1.524008019e+02 +1.524008019e+02 -2.9775e+00 +5.5835e-01 +2.9674e+00 -2.0350e+00 +1.4004e+00 -3.4700e+00 -3.4798e+00 +4.5272e+00 +4.2780e+00 -6.7735e-01
31 +3.444356844e+00 +3.444356844e+00 +1.501643568e+02 +1.501643568e+02 -2.8430e-01 -4.9794e+00 -4.9315e+00 +5.5357e-01 +1.6799e+00 -1.3222e-01 +3.2289e+00 +2.2970e+00 -4.6677e+00 +3.6220e+00
267 +2.436339081e+00 +2.436339081e+00 +1.491563391e+02 +1.491563391e+02 -2.8457e+00 -8.7039e-01 +2.1405e+00 -1.3422e-01 +2.5973e-01 -4.4122e+00 +3.3463e+00 +7.1525e-01 +3.2530e+00 -6.4230e-01
% function evaluation | noise-free fitness - Fopt (-5.919800000000e+02) | best noise-free fitness - Fopt | measured fitness | best measured fitness | x1 | x2...
1 +2.771767431e+01 +2.771767431e+01 -5.642623257e+02 -5.642623257e+02 -4.1400e-01 +3.5496e+00 +6.8347e-01 +4.7135e+00 +4.2935e+00 -2.9489e+00 +2.6371e-01 -6.1615e-01 +1.9043e+00 +1.3162e-01
2 +8.964761931e+00 +8.964761931e+00 -5.830152381e+02 -5.830152381e+02 -1.4413e+00 -4.2013e+00 -3.1376e+00 +2.9477e+00 -1.7391e+00 +3.3416e+00 +3.3592e+00 +3.0610e+00 -1.8229e+00 -1.6613e+00
104 +4.973321360e+00 +4.973321360e+00 -5.870066786e+02 -5.870066786e+02 +1.3796e+00 -1.1483e-01 -3.0640e+00 -1.7869e+00 +4.0349e+00 +6.2964e+00 -3.9584e+00 +1.7032e+00 +1.8136e+00 -5.4555e+00
966 +3.460653252e+00 +3.460653252e+00 -5.885193467e+02 -5.885193467e+02 -3.7575e+00 +1.0965e+00 -4.3376e+00 +2.0529e+00 +9.5721e-01 +7.9707e-01 +4.9448e-01 +4.5780e+00 -2.6104e+00 +9.5482e-01
6595 +2.481851002e+00 +2.481851002e+00 -5.894981490e+02 -5.894981490e+02 -5.2482e-01 -5.8234e+00 +1.8305e+00 +3.9759e+00 -1.6302e+00 -4.3964e-01 -3.9776e+00 +6.6479e-01 +9.7263e-01 -3.1634e+00
% function evaluation | noise-free fitness - Fopt (7.429000000000e+01) | best noise-free fitness - Fopt | measured fitness | best measured fitness | x1 | x2...
1 +6.079038584e+00 +6.079038584e+00 +8.036903858e+01 +8.036903858e+01 +4.2627e+00 +1.5105e+00 +1.2257e+00 -2.8922e+00 -3.8995e+00 +2.6505e-01 +3.1902e-01 +1.3257e+00 -4.2499e+00 -5.5508e-01
7 +2.142202910e+00 +2.142202910e+00 +7.643220291e+01 +7.643220291e+01 +4.1431e-01 -3.6647e+00 -1.9470e+00 +4.0363e+00 +7.0491e-01 +2.0724e+00 +9.3552e-01 -2.0202e+00 +9.9656e-02 +3.7197e+00
% function evaluation | noise-free fitness - Fopt (-3.490000000000e+00) | best noise-free fitness - Fopt | measured fitness | best measured fitness | x1 | x2...
1 +1.005320123e+01 +1.005320123e+01 +6.563201229e+00 +6.563201229e+00 -7.4036e-01 -3.5291e+00 -2.0189e+00 -3.8182e+00 +1.9570e+00 -1.0492e+00 -4.6795e+00 +4.5392e+00 -4.3844e-01 +1.1241e+00
8 +7.927886575e+00 +7.927886575e+00 +4.437886575e+00 +4.437886575e+00 +1.6075e+00 -4.2506e+00 -4.1387e+00 +1.3237e+00 +1.8004e+00 +4.9452e+00 +1.1426e+00 -3.9654e+00 -2.6615e+00 -1.7856e+00
27 +4.102997629e+00 +4.102997629e+00 +6.129976293e-01 +6.129976293e-01 -4.1615e+00 -2.7964e+00 +4.7344e+00 +3.5379e+00 +2.8943e-03 +3.4133e+00 +2.3278e+00 +3.7540e+00 +2.0651e+00 +4.1018e+00
851 +3.496134198e+00 +3.496134198e+00 +6.134198008e-03 +6.134198008e-03 -2.5222e+00 -1.2253e+00 +4.5022e+00 +3.7027e+00 +2.4635e-01 +3.6109e+00 +3.1269e+00 +3.6396e+00 +3.2790e+00 +3.8982e+00
2326 +2.392493658e+00 +2.392493658e+00 -1.097506342e+00 -1.097506342e+00 -2.2620e+00 -1.1859e+00 -2.5002e+00 +5.0972e+00 -4.3975e+00 +9.4339e-01 +1.1898e+00 +9.7636e-01 +4.8396e+00 -1.4300e+00
% function evaluation | noise-free fitness - Fopt (-1.283000000000e+01) | best noise-free fitness - Fopt | measured fitness | best measured fitness | x1 | x2...
1 +1.216555142e+01 +1.216555142e+01 -6.644485764e-01 -6.644485764e-01 +3.2051e+00 +1.6470e+00 -2.9792e+00 -1.2663e+00 +4.5957e-01 -4.8907e+00 +2.8755e+00 +3.1522e+00 +2.4364e+00 +4.5699e-01
6 +7.074957181e+00 +7.074957181e+00 -5.755042819e+00 -5.755042819e+00 -3.3483e+00 +4.3626e+00 -1.5318e+00 -3.5831e+00 +2.4313e-01 -3.7969e+00 +3.3346e+00 -1.2039e-01 -2.1789e-02 -3.6054e+00
20 +5.527503812e+00 +5.527503812e+00 -7.302496188e+00 -7.302496188e+00 -4.1188e-01 -3.7366e+00 -1.2932e+00 +4.0261e+00 +4.2935e+00 -2.5919e+00 +4.1448e+00 +2.4765e+00 +2.6668e+00 -2.7967e+00
151 +3.342682070e+00 +3.342682070e+00 -9.487317930e+00 -9.487317930e+00 +1.5962e+00 -4.3399e+00 +1.4507e-01 +7.3509e-01 +2.5221e-02 +4.0733e+00 +2.2417e+00 +2.9530e+00 -5.8602e-01 +2.7990e+00
1704 +2.176599754e+00 +2.176599754e+00 -1.065340025e+01 -1.065340025e+01 +2.8005e+00 -3.7440e+00 +2.1804e+00 +4.3170e+00 +1.7270e+00 +1.3996e+00 -7.0970e-01 +5.7665e-01 +7.9864e-01 -1.7449e+00
