% function evaluation | noise-free fitness - Fopt (-9.210000000000e+00) | best noise-free fitness - Fopt | measured fitness | best measured fitness | x1 | x2...
1 +1.262165825e+02 +1.262165825e+02 +1.170065825e+02 +1.170065825e+02 -4.1672e+00 -3.9941e+00 -3.8607e+00
2 +8.135868369e+01 +8.135868369e+01 +7.214868369e+01 +7.214868369e+01 -3.6834e+00 -2.1653e+00 -1.6698e-03
3 +1.385628899e+01 +1.385628899e+01 +4.646288986e+00 +4.646288986e+00 -1.2162e+00 +2.6832e+00 +4.9686e+00
63 +5.352118297e+00 +5.352118297e+00 -3.857881703e+00 -3.857881703e+00 -1.5528e-01 +5.0000e+00 +4.9803e+00
91 +8.521780517e-01 +8.521780517e-01 -8.357821948e+00 -8.357821948e+00 +4.3891e+00 +5.0000e+00 +4.9759e+00
122 +1.606965491e-01 +1.606965491e-01 -9.049303451e+00 -9.049303451e+00 +5.0000e+00 +5.0000e+00 +4.9839e+00
125 +6.340053031e-02 +6.340053031e-02 -9.146599470e+00 -9.146599470e+00 +4.9366e+00 +5.0000e+00 +5.0000e+00
137 +1.732984456e-02 +1.732984456e-02 -9.192670155e+00 -9.192670155e+00 +5.0000e+00 +5.0000e+00 +4.9983e+00
142 +0.000000000e+00 +0.000000000e+00 -9.210000000e+00 -9.210000000e+00 +5.0000e+00 +5.0000e+00 +5.0000e+00
% function evaluation | noise-free fitness - Fopt (6.559900000000e+02) | best noise-free fitness - Fopt | measured fitness | best measured fitness | x1 | x2...
1 +7.380144749e+01 +7.380144749e+01 +7.297914475e+02 +7.297914475e+02 +2.2877e+00 -1.7761e+00 +1.0894e+00
3 +1.972961680e+01 +1.972961680e+01 +6.757196168e+02 +6.757196168e+02 +8.7155e-01 -2.9739e+00 -4.0806e+00
41 +1.254637862e+01 +1.254637862e+01 +6.685363786e+02 +6.685363786e+02 +3.7466e+00 -4.8739e+00 -3.9106e+00
49 +7.582000062e+00 +7.582000062e+00 +6.635720001e+02 +6.635720001e+02 -2.4329e+00 -5.0000e+00 -4.9851e+00
81 +6.780905556e-01 +6.780905556e-01 +6.566680906e+02 +6.566680906e+02 +4.3219e+00 -5.0000e+00 -5.0000e+00
121 +2.224617946e-01 +2.224617946e-01 +6.562124618e+02 +6.562124618e+02 +4.7775e+00 -5.0000e+00 -5.0000e+00
125 +0.000000000e+00 +0.000000000e+00 +6.559900000e+02 +6.559900000e+02 +5.0000e+00 -5.0000e+00 -5.0000e+00
% function evaluation | noise-free fitness - Fopt (6.671000000000e+01) | best noise-free fitness - Fopt | measured fitness | best measured fitness | x1 | x2...
1 +4.439751883e+01 +4.439751883e+01 +1.111075188e+02 +1.111075188e+02 +1.3964e+00 -1.4939e+00 -2.3086e+00
11 +3.462011769e+01 +3.462011769e+01 +1.013301177e+02 +1.013301177e+02 +2.6881e+00 -3.1436e+00 -2.8939e+00
17 +2.412435051e+01 +2.412435051e+01 +9.083435051e+01 +9.083435051e+01 -2.0235e+00 -1.2573e+00 -4.0688e+00
81 +1.490037261e+01 +1.490037261e+01 +8.161037261e+01 +8.161037261e+01 +3.0379e+00 -2.8299e+00 -5.0000e+00
84 +9.927906423e+00 +9.927906423e+00 +7.663790642e+01 +7.663790642e+01 +4.9279e+00 -5.0000e+00 -5.0000e+00
106 +6.181718329e+00 +6.181718329e+00 +7.289171833e+01 +7.289171833e+01 +1.1817e+00 -5.0000e+00 -5.0000e+00
146 +3.157639245e+00 +3.157639245e+00 +6.986763924e+01 +6.986763924e+01 -1.8424e+00 -5.0000e+00 -5.0000e+00
168 +7.411070341e-01 +7.411070341e-01 +6.745110703e+01 +6.745110703e+01 -4.2589e+00 -5.0000e+00 -5.0000e+00
172 +4.418495122e-01 +4.418495122e-01 +6.715184951e+01 +6.715184951e+01 -4.5582e+00 -5.0000e+00 -5.0000e+00
183 +1.214007310e-02 +1.214007310e-02 +6.672214007e+01 +6.672214007e+01 -4.9879e+00 -5.0000e+00 -5.0000e+00
189 +0.000000000e+00 +0.000000000e+00 +6.671000000e+01 +6.671000000e+01 -5.0000e+00 -5.0000e+00 -5.0000e+00
% function evaluation | noise-free fitness - Fopt (9.416700000000e+02) | best noise-free fitness - Fopt | measured fitness | best measured fitness | x1 | x2...
1 +1.031050528e+02 +1.031050528e+02 +1.044775053e+03 +1.044775053e+03 +3.5931e+00 -1.0544e+00 -3.2035e+00
2 +5.054604862e+01 +5.054604862e+01 +9.922160486e+02 +9.922160486e+02 -2.2475e+00 -9.9556e-01 +1.4870e+00
3 +2.193896646e+01 +2.193896646e+01 +9.636089665e+02 +9.636089665e+02 -1.4334e+00 +3.2287e-01 +4.8460e+00
15 +1.244459148e+01 +1.244459148e+01 +9.541145915e+02 +9.541145915e+02 +2.3859e+00 -3.9334e+00 +4.8314e+00
55 +8.653991000e+00 +8.653991000e+00 +9.503239910e+02 +9.503239910e+02 -1.3226e+00 -4.0695e+00 +4.7966e+00
57 +4.839130409e+00 +4.839130409e+00 +9.465091304e+02 +9.465091304e+02 -6.1787e-01 -5.0000e+00 +4.9543e+00
60 +0.000000000e+00 +0.000000000e+00 +9.416700000e+02 +9.416700000e+02 -5.0000e+00 -5.0000e+00 +5.0000e+00
% function evaluation | noise-free fitness - Fopt (-3.745000000000e+01) | best noise-free fitness - Fopt | measured fitness | best measured fitness | x1 | x2...
1 +3.830436605e+01 +3.830436605e+01 +8.543660537e-01 +8.543660537e-01 +2.8158e+00 -3.0223e-01 +3.0647e+00
40 +1.211115788e+01 +1.211115788e+01 -2.533884212e+01 -2.533884212e+01 -2.5835e+00 +4.9621e+00 +4.5592e+00
64 +8.894877243e+00 +8.894877243e+00 -2.855512276e+01 -2.855512276e+01 -3.8949e+00 +5.0000e+00 +5.0000e+00
82 +5.773685275e+00 +5.773685275e+00 -3.167631472e+01 -3.167631472e+01 +0.0000e+00 +4.7553e+00 +5.0000e+00
94 +3.561652797e+00 +3.561652797e+00 -3.388834720e+01 -3.388834720e+01 +1.4383e+00 +5.0000e+00 +5.0000e+00
163 +3.005328258e-01 +3.005328258e-01 -3.714946717e+01 -3.714946717e+01 +4.6995e+00 +5.0000e+00 +5.0000e+00
164 +0.000000000e+00 +0.000000000e+00 -3.745000000e+01 -3.745000000e+01 +5.0000e+00 +5.0000e+00 +5.0000e+00
% function evaluation | noise-free fitness - Fopt (2.906200000000e+02) | best noise-free fitness - Fopt | measured fitness | best measured fitness | x1 | x2...
1 +1.184870667e+02 +1.184870667e+02 +4.091070667e+02 +4.091070667e+02 -1.7979e+00 -1.7670e+00 +4.0290e+00
3 +4.017298363e+01 +4.017298363e+01 +3.307929836e+02 +3.307929836e+02 -4.8528e-01 +1.6934e+00 -2.5769e+00
50 +2.964288704e+01 +2.964288704e+01 +3.202628870e+02 +3.202628870e+02 +7.5601e-01 -3.0318e+00 -5.0000e+00
71 +1.421378190e+01 +1.421378190e+01 +3.048337819e+02 +3.048337819e+02 -3.5477e+00 +3.2082e+00 -5.0000e+00
81 +9.712040840e+00 +9.712040840e+00 +3.003320408e+02 +3.003320408e+02 -4.7120e+00 +5.0000e+00 -5.0000e+00
99 +6.219924734e+00 +6.219924734e+00 +2.968399247e+02 +2.968399247e+02 -1.2199e+00 +5.0000e+00 -5.0000e+00
138 +3.510624058e+00 +3.510624058e+00 +2.941306241e+02 +2.941306241e+02 +1.4894e+00 +5.0000e+00 -5.0000e+00
161 +2.193847597e+00 +2.193847597e+00 +2.928138476e+02 +2.928138476e+02 +2.8062e+00 +5.0000e+00 -5.0000e+00
169 +1.161830044e+00 +1.161830044e+00 +2.917818300e+02 +2.917818300e+02 +3.8382e+00 +5.0000e+00 -5.0000e+00
180 +8.560683412e-01 +8.560683412e-01 +2.914760683e+02 +2.914760683e+02 +4.1439e+00 +5.0000e+00 -5.0000e+00
186 +3.124870215e-01 +3.124870215e-01 +2.909324870e+02 +2.909324870e+02 +4.6875e+00 +5.0000e+00 -5.0000e+00
195 +5.049777058e-02 +5.049777058e-02 +2.906704978e+02 +2.906704978e+02 +4.9495e+00 +5.0000e+00 -5.0000e+00
196 +0.000000000e+00 +0.000000000e+00 +2.906200000e+02 +2.906200000e+02 +5.0000e+00 +5.0000e+00 -5.0000e+00
% function evaluation | noise-free fitness - Fopt (-1.015300000000e+02) | best noise-free fitness - Fopt | measured fitness | best measured fitness | x1 | x2...
1 +4.326735066e+01 +4.326735066e+01 -5.826264934e+01 -5.826264934e+01 +4.1036e+00 +1.3337e+00 +3.5865e+00
30 +1.188008983e+01 +1.188008983e+01 -8.964991017e+01 -8.964991017e+01 -2.4493e+00 -2.8270e+00 +4.7542e+00
48 +8.352637296e+00 +8.352637296e+00 -9.317736270e+01 -9.317736270e+01 -4.2797e+00 -4.2352e+00 +4.4786e+00
78 +6.010478619e+00 +6.010478619e+00 -9.551952138e+01 -9.551952138e+01 -4.7399e-02 -4.6655e+00 +5.0000e+00
79 +3.484055266e+00 +3.484055266e+00 -9.804594473e+01 -9.804594473e+01 -1.5159e+00 -5.0000e+00 +5.0000e+00
81 +0.000000000e+00 +0.000000000e+00 -1.015300000e+02 -1.015300000e+02 -5.0000e+00 -5.0000e+00 +5.0000e+00
% function evaluation | noise-free fitness - Fopt (3.019700000000e+02) | best noise-free fitness - Fopt | measured fitness | best measured fitness | x1 | x2...
1 +8.785178115e+01 +8.785178115e+01 +3.898217812e+02 +3.898217812e+02 -2.7609e+00 +1.1670e+00 -2.3492e+00
8 +4.297265579e+01 +4.297265579e+01 +3.449426558e+02 +3.449426558e+02 +1.2089e+00 +4.0605e+00 +1.6207e+00
9 +3.776043357e+01 +3.776043357e+01 +3.397304336e+02 +3.397304336e+02 -4.8981e+00 -3.3958e+00 +3.8891e+00
16 +2.446708921e+01 +2.446708921e+01 +3.264370892e+02 +3.264370892e+02 -3.4065e+00 +4.0668e+00 +3.0077e+00
51 +1.073149381e+01 +1.073149381e+01 +3.127014938e+02 +3.127014938e+02 +8.9550e-01 +3.4707e+00 +5.0000e+00
56 +9.556477736e+00 +9.556477736e+00 +3.115264777e+02 +3.115264777e+02 +5.2221e-01 +3.7243e+00 +5.0000e+00
95 +5.801784765e+00 +5.801784765e+00 +3.077717848e+02 +3.077717848e+02 +8.0178e-01 +5.0000e+00 +5.0000e+00
97 +9.667339096e-01 +9.667339096e-01 +3.029367339e+02 +3.029367339e+02 -4.0333e+00 +5.0000e+00 +5.0000e+00
137 +0.000000000e+00 +0.000000000e+00 +3.019700000e+02 +3.019700000e+02 -5.0000e+00 +5.0000e+00 +5.0000e+00
% function evaluation | noise-free fitness - Fopt (-6.561000000000e+01) | best noise-free fitness - Fopt | measured fitness | best measured fitness | x1 | x2...
1 +8.991017595e+01 +8.991017595e+01 +2.430017595e+01 +2.430017595e+01 -4.0569e+00 +2.7129e+00 -1.4577e+00
2 +2.390544727e+01 +2.390544727e+01 -4.170455273e+01 -4.170455273e+01 -4.9864e+00 -1.3315e+00 +3.7709e+00
49 +6.570885280e+00 +6.570885280e+00 -5.903911472e+01 -5.903911472e+01 +3.2966e-01 -4.6075e+00 +5.0000e+00
59 +3.693470906e+00 +3.693470906e+00 -6.191652909e+01 -6.191652909e+01 -1.3065e+00 -5.0000e+00 +5.0000e+00
86 +1.772732838e+00 +1.772732838e+00 -6.383726716e+01 -6.383726716e+01 -5.0000e+00 -5.0000e+00 +4.8227e+00
89 +7.811557611e-01 +7.811557611e-01 -6.482884424e+01 -6.482884424e+01 -4.2188e+00 -5.0000e+00 +5.0000e+00
123 +0.000000000e+00 +0.000000000e+00 -6.561000000e+01 -6.561000000e+01 -5.0000e+00 -5.0000e+00 +5.0000e+00
% function evaluation | noise-free fitness - Fopt (-3.569000000000e+01) | best noise-free fitness - Fopt | measured fitness | best measured fitness | x1 | x2...
1 +1.096567841e+02 +1.096567841e+02 +7.396678410e+01 +7.396678410e+01 +1.9159e+00 -3.5044e+00 +2.9679e+00
2 +7.949437757e+01 +7.949437757e+01 +4.380437757e+01 +4.380437757e+01 +7.5470e-01 -1.3443e+00 +5.1867e-01
3 +5.392147487e+01 +5.392147487e+01 +1.823147487e+01 +1.823147487e+01 -1.5301e+00 +2.6296e+00 -1.0104e+00
6 +3.524723723e+01 +3.524723723e+01 -4.427627741e-01 -4.427627741e-01 +2.9248e+00 +1.1795e+00 -2.8910e+00
21 +2.451061003e+01 +2.451061003e+01 -1.117938997e+01 -1.117938997e+01 +7.4988e-02 +1.7282e+00 -4.0761e+00
46 +1.202385796e+01 +1.202385796e+01 -2.366614204e+01 -2.366614204e+01 +1.1236e+00 +3.8142e+00 -4.5602e+00
81 +4.983058670e+00 +4.983058670e+00 -3.070694133e+01 -3.070694133e+01 +1.6941e-02 +5.0000e+00 -5.0000e+00
89 +3.413918627e+00 +3.413918627e+00 -3.227608137e+01 -3.227608137e+01 +1.8181e+00 +5.0000e+00 -4.9768e+00
110 +0.000000000e+00 +0.000000000e+00 -3.569000000e+01 -3.569000000e+01 +5.0000e+00 +5.0000e+00 -5.0000e+00
% function evaluation | noise-free fitness - Fopt (3.174000000000e+01) | best noise-free fitness - Fopt | measured fitness | best measured fitness | x1 | x2...
1 +7.092413573e+01 +7.092413573e+01 +1.026641357e+02 +1.026641357e+02 -1.7994e+00 +4.0596e-01 -2.9704e-01
4 +3.459768283e+01 +3.459768283e+01 +6.633768283e+01 +6.633768283e+01 -4.5091e+00 +2.3849e+00 -4.8265e+00
12 +2.203473285e+01 +2.203473285e+01 +5.377473285e+01 +5.377473285e+01 -2.8738e-01 -3.8718e+00 -3.6820e+00
45 +1.431615222e+01 +1.431615222e+01 +4.605615222e+01 +4.605615222e+01 -5.0000e+00 -5.0000e+00 -4.5684e+00
60 +7.702357424e+00 +7.702357424e+00 +3.944235742e+01 +3.944235742e+01 -1.6282e+00 -5.0000e+00 -4.8926e+00
81 +2.923095465e+00 +2.923095465e+00 +3.466309546e+01 +3.466309546e+01 +2.0769e+00 -5.0000e+00 -5.0000e+00
121 +1.711661414e+00 +1.711661414e+00 +3.345166141e+01 +3.345166141e+01 +3.2883e+00 -5.0000e+00 -5.0000e+00
136 +9.148752410e-01 +9.148752410e-01 +3.265487524e+01 +3.265487524e+01 +4.0851e+00 -5.0000e+00 -5.0000e+00
165 -3.552713679e-15 -3.552713679e-15 +3.174000000e+01 +3.174000000e+01 +5.0000e+00 -5.0000e+00 -5.0000e+00
% function evaluation | noise-free fitness - Fopt (8.344900000000e+02) | best noise-free fitness - Fopt | measured fitness | best measured fitness | x1 | x2...
1 +7.159857199e+01 +7.159857199e+01 +9.060885720e+02 +9.060885720e+02 -3.9925e+00 -8.3354e-01 +7.4156e-01
2 +2.540479035e+01 +2.540479035e+01 +8.598947904e+02 +8.598947904e+02 +4.8268e+00 -1.4200e+00 -4.5743e+00
12 +2.300633798e+01 +2.300633798e+01 +8.574963380e+02 +8.574963380e+02 +3.7601e+00 -1.1185e+00 -4.8028e+00
39 +1.280220627e+01 +1.280220627e+01 +8.472922063e+02 +8.472922063e+02 -4.0789e+00 -2.9083e+00 -4.4733e+00
42 +4.826787718e+00 +4.826787718e+00 +8.393167877e+02 +8.393167877e+02 -1.7321e-01 -5.0000e+00 -5.0000e+00
68 +5.969510516e-01 +5.969510516e-01 +8.350869511e+02 +8.350869511e+02 -4.4030e+00 -5.0000e+00 -5.0000e+00
82 +0.000000000e+00 +0.000000000e+00 +8.344900000e+02 +8.344900000e+02 -5.0000e+00 -5.0000e+00 -5.0000e+00
% function evaluation | noise-free fitness - Fopt (4.159000000000e+01) | best noise-free fitness - Fopt | measured fitness | best measured fitness | x1 | x2...
1 +8.688537373e+01 +8.688537373e+01 +1.284753737e+02 +1.284753737e+02 -2.7814e-01 +1.8135e+00 -2.1531e+00
2 +6.014990674e+01 +6.014990674e+01 +1.017399067e+02 +1.017399067e+02 -3.1744e+00 -4.2259e+00 +2.7199e+00
7 +2.435641318e+01 +2.435641318e+01 +6.594641318e+01 +6.594641318e+01 +1.0284e+00 -5.8657e-01 +4.7281e+00
12 +1.327288368e+01 +1.327288368e+01 +5.486288368e+01 +5.486288368e+01 +3.5384e+00 +4.4528e+00 +3.9919e+00
57 +4.251351912e+00 +4.251351912e+00 +4.584135191e+01 +4.584135191e+01 +7.4865e-01 +5.0000e+00 +5.0000e+00
82 +1.202268886e-01 +1.202268886e-01 +4.171022689e+01 +4.171022689e+01 +4.8798e+00 +5.0000e+00 +5.0000e+00
107 +0.000000000e+00 +0.000000000e+00 +4.159000000e+01 +4.159000000e+01 +5.0000e+00 +5.0000e+00 +5.0000e+00
% function evaluation | noise-free fitness - Fopt (1.004200000000e+02) | best noise-free fitness - Fopt | measured fitness | best measured fitness | x1 | x2...
1 +1.176465987e+02 +1.176465987e+02 +2.180665987e+02 +2.180665987e+02 +6.8189e-01 +2.1142e-01 -4.6849e+00
2 +3.756952691e+01 +3.756952691e+01 +1.379895269e+02 +1.379895269e+02 +7.8285e-01 +1.1953e+00 +3.6239e+00
42 +1.757003513e+01 +1.757003513e+01 +1.179900351e+02 +1.179900351e+02 +1.3558e-01 -9.8213e-01 +5.0000e+00
64 +1.672327835e+00 +1.672327835e+00 +1.020923278e+02 +1.020923278e+02 +3.3277e+00 -5.0000e+00 +5.0000e+00
88 +0.000000000e+00 +0.000000000e+00 +1.004200000e+02 +1.004200000e+02 +5.0000e+00 -5.0000e+00 +5.0000e+00
% function evaluation | noise-free fitness - Fopt (-7.530000000000e+00) | best noise-free fitness - Fopt | measured fitness | best measured fitness | x1 | x2...
1 +8.047832589e+01 +8.047832589e+01 +7.294832589e+01 +7.294832589e+01 +5.1195e-01 -3.4907e+00 -2.1217e+00
2 +1.512377356e+01 +1.512377356e+01 +7.593773559e+00 +7.593773559e+00 -4.4266e+00 -4.4702e+00 +4.5978e+00
42 +8.509295021e+00 +8.509295021e+00 +9.792950214e-01 +9.792950214e-01 -2.4106e+00 -4.6526e+00 +5.0000e+00
51 +3.113748141e+00 +3.113748141e+00 -4.416251859e+00 -4.416251859e+00 +3.2544e+00 -5.0000e+00 +4.8632e+00
81 +6.044904341e-01 +6.044904341e-01 -6.925509566e+00 -6.925509566e+00 +4.3955e+00 -5.0000e+00 +5.0000e+00
95 +2.637635988e-01 +2.637635988e-01 -7.266236401e+00 -7.266236401e+00 +4.7362e+00 -5.0000e+00 +5.0000e+00
100 -8.881784197e-16 -8.881784197e-16 -7.530000000e+00 -7.530000000e+00 +5.0000e+00 -5.0000e+00 +5.0000e+00
