% function evaluation | noise-free fitness - Fopt (-5.465000000000e+02) | best noise-free fitness - Fopt | measured fitness | best measured fitness | x1 | x2...
1 +2.299554022e+04 +2.299554022e+04 +2.244904022e+04 +2.244904022e+04 -1.1923e+00 +2.9327e+00 -2.8868e+00 -2.9653e+00 -4.5343e+00 -2.1906e-01 -1.4684e+00 -1.0391e+00 -1.5013e+00 +4.8915e-01
8 +4.182794647e+03 +4.182794647e+03 +3.636294647e+03 +3.636294647e+03 -1.0237e+00 +1.9113e-03 -4.1869e-01 +1.9103e+00 +4.6299e+00 +8.3267e-02 -3.2424e-01 +2.7380e+00 -2.4062e+00 +6.1200e-01
304 +1.521765034e+03 +1.521765034e+03 +9.752650340e+02 +9.752650340e+02 -2.1716e+00 +1.3637e+00 -1.3105e+00 -4.5512e+00 +1.8082e+00 -1.4531e+00 -4.7450e-01 +1.9564e+00 -2.0040e+00 +7.1128e-01
383 +9.302662864e+02 +9.302662864e+02 +3.837662864e+02 +3.837662864e+02 -2.0257e+00 -3.4837e-01 -1.6035e+00 -3.0401e+00 +1.5593e+00 -1.6958e+00 -2.8739e+00 +2.2891e+00 -1.7737e+00 +1.1303e+00
520 +7.087030169e+01 +7.087030169e+01 -4.756296983e+02 -4.756296983e+02 -1.4330e+00 +1.9921e-01 +8.5753e-01 -1.4746e+00 +1.5721e+00 -1.3178e+00 -1.1964e+00 +1.5819e+00 -7.7623e-01 +8.5165e-01
551 +4.747215575e+00 +4.747215575e+00 -5.417527844e+02 -5.417527844e+02 -7.4324e-02 +1.0356e+00 +1.0693e+00 -2.5507e+00 +1.5849e+00 -1.1098e+00 -9.6482e-01 +1.0906e+00 -1.1897e+00 +1.7182e+00
863 +3.724715682e+00 +3.724715682e+00 -5.427752843e+02 -5.427752843e+02 +2.0509e-01 -3.9990e-01 +2.0139e+00 -8.0685e-02 +1.0043e+00 -1.5718e+00 -2.0104e+00 +1.3773e+00 -2.3448e+00 +1.6912e+00
3667 +2.505172361e+00 +2.505172361e+00 -5.439948276e+02 -5.439948276e+02 -6.2040e-01 +1.2922e+00 +2.3192e+00 -3.0385e-01 +2.4331e+00 -8.7297e-01 -2.4410e+00 +1.5625e+00 -2.3096e+00 +2.0957e+00
% function evaluation | noise-free fitness - Fopt (1.000000000000e+03) | best noise-free fitness - Fopt | measured fitness | best measured fitness | x1 | x2...
1 +1.416794619e+05 +1.416794619e+05 +1.426794619e+05 +1.426794619e+05 +1.2422e-03 -4.3211e+00 -1.1129e+00 +1.8388e+00 +3.6474e+00 +2.3996e+00 +4.9094e+00 +3.4590e-01 -9.9470e-01 +3.2435e+00
4 +3.725482991e+04 +3.725482991e+04 +3.825482991e+04 +3.825482991e+04 +3.8518e+00 +1.1880e+00 +1.0627e+00 +7.5130e-01 -4.9391e+00 -2.4582e+00 -1.9367e+00 +4.9477e+00 -2.2126e+00 +1.0590e+00
13 +2.137663548e+04 +2.137663548e+04 +2.237663548e+04 +2.237663548e+04 +1.2098e+00 -2.0445e+00 -2.6046e+00 -2.2904e+00 -3.8212e+00 +2.8395e+00 -3.6836e+00 -6.0947e-01 -4.8719e+00 -1.7615e+00
55 +6.389282451e+03 +6.389282451e+03 +7.389282451e+03 +7.389282451e+03 +1.2646e+00 +3.5105e+00 -4.5899e-01 -2.6916e+00 -2.1197e+00 -1.2548e+00 -2.5581e+00 +3.5393e+00 -1.7692e+00 -3.7289e-01
151 +2.286048053e+03 +2.286048053e+03 +3.286048053e+03 +3.286048053e+03 +5.9047e-01 +4.5892e+00 -3.2909e-01 -2.7663e+00 -6.6136e-01 -4.5728e-01 -1.2255e+00 +3.0724e+00 -1.7372e+00 -8.2583e-01
271 +5.719902172e+02 +5.719902172e+02 +1.571990217e+03 +1.571990217e+03 +2.0463e+00 +7.2664e-01 +3.5621e-01 -1.9855e+00 +8.3563e-01 +1.8729e+00 +5.0325e-01 +1.8693e+00 -9.5552e-01 -1.7076e+00
304 +1.514258128e+02 +1.514258128e+02 +1.151425813e+03 +1.151425813e+03 -3.7113e-01 -1.2200e+00 -2.6200e+00 +1.3370e+00 -4.7164e-02 +8.9592e-02 -4.1042e-01 +2.8644e+00 -1.8860e+00 -1.5784e+00
757 +4.252800326e+00 +4.252800326e+00 +1.004252800e+03 +1.004252800e+03 -1.1259e+00 +1.0283e+00 -2.5161e+00 -4.5459e-01 -3.8967e-01 +1.5917e+00 -3.4745e-01 +1.5438e+00 -1.5339e+00 -2.0621e+00
851 +3.195532309e+00 +3.195532309e+00 +1.003195532e+03 +1.003195532e+03 -5.5311e-02 +2.6172e+00 -1.9978e+00 -1.9589e+00 -6.3957e-01 +1.3203e+00 -5.2754e-01 +1.2276e+00 -1.5694e+00 -1.8584e+00
1667 +2.113766720e+00 +2.113766720e+00 +1.002113767e+03 +1.002113767e+03 -1.9678e+00 +6.3311e-01 -2.4565e+00 -1.2417e+00 -2.2004e+00 +1.6798e+00 -5.5832e-01 +1.0659e+00 -1.3653e+00 -2.2904e+00
% function evaluation | noise-free fitness - Fopt (2.083800000000e+02) | best noise-free fitness - Fopt | measured fitness | best measured fitness | x1 | x2...
1 +4.118858820e+04 +4.118858820e+04 +4.139696820e+04 +4.139696820e+04 -1.9031e+00 +2.3703e+00 -2.8823e+00 -3.6150e+00 +4.8984e+00 +2.3015e+00 +4.7075e-01 +4.5134e+00 -1.5314e+00 +4.4421e+00
3 +3.386825905e+04 +3.386825905e+04 +3.407663905e+04 +3.407663905e+04 -3.6539e+00 -4.1216e+00 +2.2985e+00 +4.6932e+00 +5.0021e-01 -2.5019e-01 -4.7747e-01 +2.8389e+00 -4.8884e+00 +6.4997e-01
4 +1.238689264e+04 +1.238689264e+04 +1.259527264e+04 +1.259527264e+04 -1.0980e-01 -3.2536e+00 -1.2714e-01 +2.7506e+00 +2.6706e+00 +2.4704e+00 +5.8210e-01 +8.0927e-01 -4.3127e+00 +2.1542e+00
257 +6.847062939e+03 +6.847062939e+03 +7.055442939e+03 +7.055442939e+03 -2.8139e+00 -4.2801e+00 -2.7439e-01 +4.2704e+00 -8.1146e-01 +1.4430e+00 -5.8195e-02 -2.1950e-01 -3.2045e+00 +1.2840e+00
311 +1.654235781e+03 +1.654235781e+03 +1.862615781e+03 +1.862615781e+03 -1.3398e+00 -2.4872e+00 +2.3027e+00 +8.3352e-01 +5.0026e-01 +2.2585e-01 +3.0212e-01 -3.2452e-03 -7.0000e-01 +2.4365e+00
402 +1.364881318e+03 +1.364881318e+03 +1.573261318e+03 +1.573261318e+03 -6.3689e-03 -1.6527e+00 +3.2050e+00 +3.2767e+00 -1.2985e+00 +1.6332e+00 +6.5897e-01 +5.5162e-01 -1.7845e+00 +2.1112e+00
419 +9.862508568e+02 +9.862508568e+02 +1.194630857e+03 +1.194630857e+03 +1.8056e-01 -2.7547e+00 +2.9935e+00 +1.2053e+00 -3.8482e-02 +1.6433e+00 +1.5918e+00 +1.5501e+00 -2.2423e+00 +1.0345e+00
453 +5.692281805e+00 +5.692281805e+00 +2.140722818e+02 +2.140722818e+02 +1.8061e+00 -1.0405e+00 +2.9299e+00 +4.0305e-02 +6.1032e-01 +2.4900e+00 +3.9163e-01 +7.2213e-01 -1.8004e+00 +9.1373e-01
1056 +3.300126751e+00 +3.300126751e+00 +2.116801268e+02 +2.116801268e+02 +1.4386e+00 -9.9677e-01 +1.8080e+00 +1.6789e+00 -2.6436e-02 +2.2322e+00 +4.1426e-01 +1.0787e+00 -1.6912e+00 +1.0210e+00
3413 +2.325946643e+00 +2.325946643e+00 +2.107059466e+02 +2.107059466e+02 -2.1501e+00 +6.5615e-01 -5.0985e-01 +1.6119e+00 +1.0378e+00 +2.2818e+00 +1.5008e+00 +2.2277e+00 -1.6906e+00 +2.1917e+00
% function evaluation | noise-free fitness - Fopt (-1.449600000000e+02) | best noise-free fitness - Fopt | measured fitness | best measured fitness | x1 | x2...
1 +1.894671266e+04 +1.894671266e+04 +1.880175266e+04 +1.880175266e+04 -3.7387e+00 +3.9087e-02 -7.5703e-01 -1.6279e+00 -4.6102e+00 +5.7077e-01 -3.3970e+00 -1.7926e+00 -3.1039e+00 -7.5595e-01
5 +9.602056954e+03 +9.602056954e+03 +9.457096954e+03 +9.457096954e+03 -2.1673e-01 +2.5124e-01 +1.6946e+00 -1.7001e-01 -1.3010e+00 -6.1860e-01 -2.9823e+00 +1.5547e+00 -4.7090e-01 +4.1172e+00
14 +5.989197077e+03 +5.989197077e+03 +5.844237077e+03 +5.844237077e+03 -1.7991e+00 -3.6956e+00 -7.1119e-01 -4.8374e+00 +1.9237e+00 +1.1869e+00 -2.9763e+00 -2.9735e-01 -3.2232e+00 +7.6358e-01
144 +3.791085909e+03 +3.791085909e+03 +3.646125909e+03 +3.646125909e+03 -1.5645e+00 -2.1266e+00 +3.4842e-01 -1.3567e+00 +6.6705e-01 +3.6172e+00 +1.1894e+00 +1.2456e+00 +1.5516e-01 +2.1057e+00
358 +2.123448024e+03 +2.123448024e+03 +1.978488024e+03 +1.978488024e+03 -7.4668e-01 +2.7326e-01 -4.3428e+00 -1.5646e+00 +2.1720e-01 +1.7276e+00 -1.4475e+00 +2.4139e+00 +1.7375e-01 +2.4356e+00
435 +1.243643715e+03 +1.243643715e+03 +1.098683715e+03 +1.098683715e+03 +6.2575e-01 -1.5782e+00 +1.6540e+00 -7.5485e-01 -1.0909e+00 +3.4105e+00 -2.0216e+00 +4.5179e-03 -1.1209e+00 +1.6005e+00
550 +5.033692500e+00 +5.033692500e+00 -1.399263075e+02 -1.399263075e+02 -1.3488e+00 -1.0239e+00 +5.0894e-02 -2.8338e+00 -1.5393e+00 +1.4821e+00 -1.6195e+00 +1.2832e+00 -9.2937e-01 +1.4807e+00
851 +3.689974595e+00 +3.689974595e+00 -1.412700254e+02 -1.412700254e+02 -9.6781e-01 +1.2875e+00 -1.2896e-01 -2.0309e+00 -5.2927e-01 +1.8351e+00 -2.1348e+00 +9.1022e-01 -2.0617e+00 +1.1539e+00
1911 +2.263078424e+00 +2.263078424e+00 -1.426969216e+02 -1.426969216e+02 -2.2667e+00 -2.0032e+00 +8.2049e-01 -2.8637e+00 -1.8251e+00 +1.6337e+00 -5.9485e-01 +2.0953e+00 -2.2309e+00 +1.0332e+00
% function evaluation | noise-free fitness - Fopt (-6.300000000000e+00) | best noise-free fitness - Fopt | measured fitness | best measured fitness | x1 | x2...
1 +1.033079759e+05 +1.033079759e+05 +1.033016759e+05 +1.033016759e+05 -4.9484e+00 +4.1422e+00 +2.7791e+00 +2.8548e+00 +4.4669e+00 +1.5387e+00 +2.5274e+00 +4.4399e+00 +1.9359e-01 +1.5651e+00
2 +6.744706214e+04 +6.744706214e+04 +6.744076214e+04 +6.744076214e+04 -4.2718e+00 +4.6911e+00 +1.7221e+00 +1.3150e+00 +6.3371e-01 -1.5236e+00 -3.5865e+00 -4.7437e-01 +2.9282e+00 +4.5204e+00
7 +4.166186214e+04 +4.166186214e+04 +4.165556214e+04 +4.165556214e+04 +1.9664e+00 -7.1682e-03 +1.2374e-01 -2.1327e+00 +3.4960e+00 -4.4505e+00 -5.1873e-01 -3.9778e+00 +2.2247e+00 +4.3386e+00
11 +3.311638194e+04 +3.311638194e+04 +3.311008194e+04 +3.311008194e+04 -2.3300e+00 -4.9653e+00 +2.2754e+00 -2.5063e+00 +2.4959e+00 +9.4969e-01 +1.7260e+00 -1.5223e+00 +4.1536e+00 +2.4746e+00
22 +2.241207460e+04 +2.241207460e+04 +2.240577460e+04 +2.240577460e+04 -4.8805e+00 -4.0649e+00 +4.3657e+00 -2.3237e+00 -6.5357e-01 +3.5224e-01 +1.8907e+00 -2.1143e+00 -1.2320e+00 +2.7916e+00
27 +1.021093448e+04 +1.021093448e+04 +1.020463448e+04 +1.020463448e+04 -1.4394e+00 +8.2426e-01 -3.8230e+00 -2.5485e+00 +1.7816e-01 -3.4135e+00 -1.5608e+00 -1.4882e-01 +3.7067e+00 +1.1121e+00
109 +7.358174560e+03 +7.358174560e+03 +7.351874560e+03 +7.351874560e+03 -2.3300e+00 -4.9653e+00 +1.5115e-01 +3.9042e+00 -1.6891e+00 -1.7051e-01 +7.7931e-01 +8.2656e-01 +7.2453e-01 +2.8489e+00
148 +4.125153264e+03 +4.125153264e+03 +4.118853264e+03 +4.118853264e+03 -4.9841e-01 -1.2609e-01 +7.2761e-01 +8.7913e-02 -7.0607e-01 -1.3281e+00 +2.2157e+00 +5.2111e-01 +1.4110e-01 +1.4284e+00
203 +3.133931841e+03 +3.133931841e+03 +3.127631841e+03 +3.127631841e+03 -1.3046e+00 +5.5541e-01 +2.2459e+00 +6.0345e-01 -1.9592e+00 -1.1016e-01 +1.7268e+00 +1.6385e-01 +4.0286e-01 +2.2682e+00
255 +1.070876466e+03 +1.070876466e+03 +1.064576466e+03 +1.064576466e+03 -2.9615e+00 -3.9105e+00 +1.3468e+00 +5.4333e-01 -9.3894e-01 -9.3240e-01 +1.3746e-01 -4.2423e-01 +7.0841e-01 +2.9824e+00
442 +2.354161725e+02 +2.354161725e+02 +2.291161725e+02 +2.291161725e+02 +1.4139e+00 -1.3517e+00 +1.7371e+00 +1.1105e+00 +6.8693e-01 -1.7469e+00 +2.0530e+00 -2.2307e-01 +9.7374e-01 +2.2753e+00
453 +1.391922247e+02 +1.391922247e+02 +1.328922247e+02 +1.328922247e+02 +1.7220e+00 -2.9732e+00 +1.4541e+00 -2.0405e-01 -5.5448e-01 -1.6274e+00 +1.8606e+00 -7.3339e-01 +2.6998e+00 +1.7868e+00
469 +3.993147775e+00 +3.993147775e+00 -2.306852225e+00 -2.306852225e+00 +2.2757e-01 -2.5241e-01 +8.2588e-01 +1.6575e+00 -5.2512e-01 -1.1830e+00 +1.3517e+00 -1.9251e+00 +8.9378e-01 +1.8063e+00
652 +3.513825436e+00 +3.513825436e+00 -2.786174564e+00 -2.786174564e+00 +2.1425e+00 -9.9348e-01 +1.1835e+00 +1.4237e+00 -2.4982e-01 -1.7843e+00 +1.4556e+00 -1.3402e+00 +1.4064e+00 +1.1909e+00
3494 +2.485749019e+00 +2.485749019e+00 -3.814250981e+00 -3.814250981e+00 +1.0296e+00 -2.4466e+00 +7.1454e-01 +4.4057e-01 -1.5183e+00 -3.4433e-01 +2.1344e+00 -1.4079e+00 +9.1827e-01 +1.3207e+00
% function evaluation | noise-free fitness - Fopt (-2.206000000000e+01) | best noise-free fitness - Fopt | measured fitness | best measured fitness | x1 | x2...
1 +9.682502780e+04 +9.682502780e+04 +9.680296780e+04 +9.680296780e+04 -3.8577e-01 -1.3888e+00 +1.5726e+00 -3.8662e+00 +3.0724e+00 -1.1092e+00 +2.4186e+00 +3.0879e+00 +2.9025e+00 +4.2405e+00
2 +5.769980572e+04 +5.769980572e+04 +5.767774572e+04 +5.767774572e+04 +3.9832e+00 -4.6746e+00 -8.3403e-01 +4.1568e-01 +3.6834e+00 -4.0990e+00 -3.5390e+00 -2.2324e+00 -4.1916e+00 +3.8227e+00
19 +2.410553586e+04 +2.410553586e+04 +2.408347586e+04 +2.408347586e+04 +2.1103e+00 +1.1441e+00 -9.5685e-01 +3.1836e+00 -5.1128e-01 -4.4438e+00 +1.9689e+00 -4.6231e+00 +1.4613e-01 +6.5561e-01
50 +8.323808896e+03 +8.323808896e+03 +8.301748896e+03 +8.301748896e+03 -1.9729e+00 +1.4710e+00 +2.2177e+00 -4.1269e+00 -2.8782e+00 -2.4818e+00 +1.7547e+00 +9.9353e-01 -1.1965e+00 +1.8387e+00
109 +5.344027820e+03 +5.344027820e+03 +5.321967820e+03 +5.321967820e+03 +3.7453e+00 -1.5420e+00 -4.9245e+00 -2.5277e+00 -4.5198e-01 +1.4065e-01 +1.0836e+00 -3.1783e+00 -1.2926e+00 +3.4208e-01
253 +2.410668996e+03 +2.410668996e+03 +2.388608996e+03 +2.388608996e+03 +2.3990e+00 +7.3926e-01 -4.1120e+00 +5.9241e-01 +3.9088e+00 +3.9680e-01 +2.8364e+00 -1.5362e+00 -2.6924e+00 +2.0920e+00
486 +1.484837374e+03 +1.484837374e+03 +1.462777374e+03 +1.462777374e+03 +8.0113e-01 +1.8258e+00 -3.3616e-01 -2.1487e+00 -1.4190e+00 -2.0088e+00 +1.2445e+00 -3.0766e+00 -1.2480e+00 +1.8954e+00
531 +8.782657691e+02 +8.782657691e+02 +8.562057691e+02 +8.562057691e+02 +5.4030e-01 +2.2844e+00 -1.4827e-01 -1.1689e+00 +1.7158e+00 -8.0925e-01 +1.5005e+00 -3.0213e+00 -9.3477e-01 +2.0822e+00
551 +1.446588964e+02 +1.446588964e+02 +1.225988964e+02 +1.225988964e+02 -2.8985e+00 +3.1480e+00 +1.4909e+00 -1.6305e+00 -8.0146e-01 -2.7051e+00 +1.4879e+00 -1.1180e+00 -8.7678e-01 +1.7257e+00
578 +9.396235938e+01 +9.396235938e+01 +7.190235938e+01 +7.190235938e+01 +1.8637e+00 -1.3460e+00 +2.9399e-01 -3.1104e+00 +7.9363e-01 +2.2187e-01 +1.8399e+00 -8.9856e-01 -1.7146e+00 +1.4061e+00
751 +4.610257555e+01 +4.610257555e+01 +2.404257555e+01 +2.404257555e+01 +1.3387e+00 -2.0362e+00 -2.0943e+00 -2.4146e+00 +1.9987e+00 +2.9903e-01 +1.9351e+00 -5.0380e-01 -1.9381e+00 +1.9434e+00
756 +3.819685703e+00 +3.819685703e+00 -1.824031430e+01 -1.824031430e+01 -1.8084e+00 +6.9303e-01 -2.1152e+00 -1.3528e+00 +2.0484e-01 -7.7474e-01 +2.3299e+00 -1.0181e+00 -1.2609e+00 +1.7097e+00
2006 +2.458938244e+00 +2.458938244e+00 -1.960106176e+01 -1.960106176e+01 -1.0811e-01 -4.5163e-01 +1.2640e-02 -7.1807e-01 +1.3352e-01 -2.4835e+00 +2.0112e+00 -1.1743e+00 -1.0612e+00 +1.2775e+00
% function evaluation | noise-free fitness - Fopt (7.129000000000e+01) | best noise-free fitness - Fopt | measured fitness | best measured fitness | x1 | x2...
1 +8.196736670e+04 +8.196736670e+04 +8.203865670e+04 +8.203865670e+04 -1.1785e+00 -4.5554e+00 +7.8838e-01 +1.6946e+00 +6.0315e-01 +1.5374e+00 +2.6117e+00 +2.4566e+00 -4.7266e+00 -1.4870e+00
5 +4.703038888e+04 +4.703038888e+04 +4.710167888e+04 +4.710167888e+04 +2.3451e+00 +6.3936e-01 -4.2315e+00 +3.9638e+00 +1.6144e+00 +1.6588e+00 -1.8824e-01 -1.5171e+00 -3.5420e+00 +4.5056e+00
6 +3.625439393e+04 +3.625439393e+04 +3.632568393e+04 +3.632568393e+04 -4.7635e+00 -3.0080e+00 +1.1640e+00 +3.0967e+00 -1.4054e+00 -3.7654e+00 -3.7745e+00 -4.1342e+00 +4.1603e-01 -4.4831e-01
22 +1.049313287e+04 +1.049313287e+04 +1.056442287e+04 +1.056442287e+04 -1.1710e-01 -6.4103e-01 +3.8411e+00 +2.9678e+00 -2.2560e+00 -4.1250e+00 -5.9051e-01 -5.3000e-01 -3.6531e+00 -2.5983e-01
28 +8.587172798e+03 +8.587172798e+03 +8.658462798e+03 +8.658462798e+03 -2.4669e+00 +3.7999e+00 -4.3689e+00 +2.4400e+00 -1.1771e+00 +1.6998e-02 -1.6583e+00 -1.2706e+00 -1.0634e-01 +3.5121e+00
154 +4.253828724e+03 +4.253828724e+03 +4.325118724e+03 +4.325118724e+03 +2.6822e+00 +5.1599e-01 -2.9701e+00 +1.5604e+00 +1.6030e+00 -1.0754e+00 +2.9672e-01 -1.3564e+00 -1.8655e+00 +1.8379e+00
251 +1.728445363e+03 +1.728445363e+03 +1.799735363e+03 +1.799735363e+03 +1.0758e+00 +3.8842e+00 -2.8460e+00 +1.3031e+00 +6.0437e-01 -2.8783e+00 +8.7689e-01 -2.2165e+00 -8.3393e-01 +2.7153e+00
267 +1.486802319e+03 +1.486802319e+03 +1.558092319e+03 +1.558092319e+03 -3.9660e+00 -2.2339e+00 +1.5995e+00 +3.3508e+00 -4.0302e-01 -7.3881e-01 -1.0986e+00 -1.7493e+00 -1.7445e+00 +7.7107e-01
351 +5.198023266e+02 +5.198023266e+02 +5.910923266e+02 +5.910923266e+02 -6.3295e-01 -2.1974e-01 -7.8437e-01 +3.6008e+00 +1.1017e-01 -1.1070e+00 -7.0623e-01 -3.7281e-01 -6.2925e-01 +1.4717e+00
412 +8.620080837e+01 +8.620080837e+01 +1.574908084e+02 +1.574908084e+02 +7.0833e-01 +3.0669e-01 -1.2696e+00 +2.7301e-01 +1.6830e-01 -2.5537e-01 -2.8925e+00 -2.1155e-01 -1.9959e+00 +9.4203e-01
653 +8.732480526e+00 +8.732480526e+00 +8.002248053e+01 +8.002248053e+01 +1.6607e+00 -1.9394e-01 -9.7153e-01 +2.3779e+00 -4.6962e-02 -1.9577e+00 -1.6600e+00 -4.8011e-01 -8.9978e-01 +1.1723e+00
753 +4.741672176e+00 +4.741672176e+00 +7.603167218e+01 +7.603167218e+01 +3.0561e-01 -5.9037e-01 -7.1974e-01 +1.9839e+00 +2.8367e-01 -2.2269e+00 -1.0474e+00 -6.7826e-01 -1.6870e+00 +9.4447e-01
754 +3.465281783e+00 +3.465281783e+00 +7.475528178e+01 +7.475528178e+01 +3.1625e-01 -8.6515e-01 +7.5369e-01 +2.3294e+00 +2.0472e-01 -2.5773e+00 -1.4632e+00 -7.2863e-01 -8.5202e-01 +1.3565e+00
2069 +2.508320519e+00 +2.508320519e+00 +7.379832052e+01 +7.379832052e+01 -1.1080e+00 -6.2962e-02 -2.5294e-01 +2.2980e+00 +8.3835e-02 -8.3701e-01 -2.3888e+00 -4.7111e-01 -1.1755e+00 +1.1785e+00
% function evaluation | noise-free fitness - Fopt (-1.054000000000e+01) | best noise-free fitness - Fopt | measured fitness | best measured fitness | x1 | x2...
1 +1.065144012e+05 +1.065144012e+05 +1.065038612e+05 +1.065038612e+05 +2.5432e+00 +2.5463e+00 +9.2739e-01 +3.5598e+00 -4.5507e+00 +2.4849e+00 +4.0447e+00 -3.3825e+00 -1.9554e+00 -1.9856e+00
3 +6.993011194e+04 +6.993011194e+04 +6.991957194e+04 +6.991957194e+04 -1.5140e+00 +3.9032e+00 -3.2039e+00 +1.3358e+00 +4.5106e+00 +1.3679e-01 -3.5659e+00 -3.0168e+00 +4.4958e+00 -1.9349e+00
4 +3.648470768e+04 +3.648470768e+04 +3.647416768e+04 +3.647416768e+04 -2.2116e+00 +2.8654e+00 -2.6850e+00 -4.4748e+00 -2.8277e+00 +3.4499e+00 +1.3235e+00 -4.5086e-02 -1.3275e+00 +4.2861e+00
36 +1.862537450e+04 +1.862537450e+04 +1.861483450e+04 +1.861483450e+04 +1.3069e+00 -4.0134e+00 -4.5908e-01 +2.2660e+00 -4.9500e+00 -5.2537e-01 -1.9380e+00 +1.9087e+00 +3.8107e+00 -1.1739e-01
151 +8.371880709e+03 +8.371880709e+03 +8.361340709e+03 +8.361340709e+03 +5.9458e-01 -3.6843e+00 +1.0763e+00 +2.3245e+00 -4.9750e+00 -1.0516e+00 -6.3987e-01 -1.5885e-02 +2.8091e+00 +1.9145e-02
376 +5.906135081e+03 +5.906135081e+03 +5.895595081e+03 +5.895595081e+03 +3.7492e+00 -1.4431e+00 +1.3989e-01 -2.6468e+00 -1.5564e+00 +3.5375e+00 -2.4263e+00 -1.1023e+00 +4.5882e-01 +2.0280e-01
610 +3.796626992e+03 +3.796626992e+03 +3.786086992e+03 +3.786086992e+03 +1.2042e+00 -5.0858e+00 +1.9816e+00 -1.7292e+00 -2.2529e+00 +1.0252e+00 -9.1667e-01 -1.9982e+00 -3.0780e-02 +1.4499e+00
707 +1.937613594e+03 +1.937613594e+03 +1.927073594e+03 +1.927073594e+03 +3.9714e+00 -3.1107e+00 +1.6528e+00 -1.4534e+00 -2.7592e-01 +1.4360e+00 -3.4940e-01 -1.2810e+00 +2.8187e+00 +1.6050e+00
819 +9.050304689e+02 +9.050304689e+02 +8.944904689e+02 +8.944904689e+02 +2.1811e+00 -3.4008e+00 +1.3416e+00 +9.5012e-02 -3.3403e+00 -1.9662e-01 -9.0486e-01 -1.1128e+00 +2.2075e+00 +4.0263e-01
866 +4.643910487e+02 +4.643910487e+02 +4.538510487e+02 +4.538510487e+02 +2.9382e+00 -6.3007e-01 -9.5266e-01 -2.8572e+00 +6.2397e-01 +3.4884e+00 -1.4080e+00 -2.0172e+00 +1.3272e+00 +1.9132e+00
957 +2.228733480e+02 +2.228733480e+02 +2.123333480e+02 +2.123333480e+02 +3.1978e+00 -2.3939e+00 +5.8254e-01 -2.5502e+00 -1.7309e+00 +1.0220e+00 -1.1065e+00 -1.8966e+00 +1.6848e+00 +1.9143e+00
1001 +9.186317006e+01 +9.186317006e+01 +8.132317006e+01 +8.132317006e+01 +2.8121e+00 -2.5780e+00 +2.6507e-01 -2.4490e+00 -2.1718e+00 +1.3516e+00 -3.9573e-01 -2.3402e+00 +1.2424e+00 +1.9630e+00
1052 +6.236227785e+00 +6.236227785e+00 -4.303772215e+00 -4.303772215e+00 -3.4481e-01 -3.1193e+00 -4.2921e-01 -2.5776e+00 -2.2351e+00 +5.8353e-01 -1.9155e+00 -8.5412e-01 +2.1682e+00 +1.1829e+00
1416 +3.545548081e+00 +3.545548081e+00 -6.994451919e+00 -6.994451919e+00 +1.9681e+00 -1.8992e+00 -1.6322e+00 -2.2398e+00 -1.0922e+00 +1.0617e+00 -2.0844e+00 -1.0162e+00 +1.9454e+00 +1.8117e+00
2870 +2.346470566e+00 +2.346470566e+00 -8.193529434e+00 -8.193529434e+00 -2.3694e-01 +4.1850e-01 -2.6426e+00 -1.1584e+00 -2.2630e+00 +1.3718e-01 -1.2902e+00 -1.4110e+00 +1.9467e+00 +9.9356e-01
% function evaluation | noise-free fitness - Fopt (3.860100000000e+02) | best noise-free fitness - Fopt | measured fitness | best measured fitness | x1 | x2...
1 +8.838823426e+04 +8.838823426e+04 +8.877424426e+04 +8.877424426e+04 +4.9177e+00 -5.5995e-02 -2.8638e-01 -1.3439e+00 -3.2768e+00 +3.8900e+00 -2.7042e+00 +1.1863e+00 +3.0948e+00 +3.5181e+00
5 +6.084516647e+04 +6.084516647e+04 +6.123117647e+04 +6.123117647e+04 -3.1876e+00 +3.4197e+00 -1.6416e+00 -3.6789e+00 -4.4086e-01 -4.7518e+00 +3.1401e+00 +2.6065e+00 -2.9169e-01 -4.3664e+00
11 +2.428608464e+04 +2.428608464e+04 +2.467209464e+04 +2.467209464e+04 -2.8142e+00 +3.3796e+00 -3.6921e+00 -4.4619e+00 +6.9650e-01 +4.3570e+00 -1.0961e+00 -5.3012e-01 +3.4638e+00 +2.4457e-01
69 +8.164034503e+03 +8.164034503e+03 +8.550044503e+03 +8.550044503e+03 +1.9151e+00 +3.6077e+00 -3.2737e+00 +1.8625e+00 -3.2749e-01 -1.3412e+00 +3.3939e+00 -3.2828e-01 +2.1805e-01 -7.9171e-01
201 +5.716280896e+03 +5.716280896e+03 +6.102290896e+03 +6.102290896e+03 +3.2998e+00 -9.4650e-01 -4.3004e+00 +3.2639e+00 +3.4124e-01 -5.4963e-01 +3.1652e+00 +6.2524e-01 +1.4106e+00 -2.6549e-01
248 +2.478430475e+03 +2.478430475e+03 +2.864440475e+03 +2.864440475e+03 -2.5119e+00 +7.8439e-01 -2.0617e+00 -1.7491e+00 +1.3240e+00 -4.7168e-01 +2.6929e+00 +2.0441e+00 -3.0781e-01 -2.2107e+00
312 +5.062279901e+02 +5.062279901e+02 +8.922379901e+02 +8.922379901e+02 +2.2189e+00 +2.1860e-01 -1.1037e+00 +9.4444e-01 +1.8741e+00 -7.5546e-01 +6.7059e-01 +2.8817e+00 +8.8063e-01 -2.3231e+00
352 +2.851984862e+02 +2.851984862e+02 +6.712084862e+02 +6.712084862e+02 +3.1852e+00 -2.9188e-01 -3.8829e-01 +6.8652e-01 +1.4322e+00 +8.7766e-01 +2.5528e+00 +1.7470e+00 +3.9171e-01 -2.7384e+00
486 +2.159705942e+02 +2.159705942e+02 +6.019805942e+02 +6.019805942e+02 +6.7571e-01 +1.5427e+00 -1.1798e+00 +8.1153e-01 +2.2990e+00 +1.6762e+00 +2.6400e+00 +1.3607e+00 +2.6123e+00 -7.0713e-01
503 +3.465449130e+01 +3.465449130e+01 +4.206644913e+02 +4.206644913e+02 -1.5067e+00 -1.4954e+00 -4.0524e-01 +2.9855e+00 +1.3106e+00 -6.9093e-02 +1.1809e+00 +1.4105e+00 +9.5860e-01 -1.0365e+00
555 +3.775023295e+00 +3.775023295e+00 +3.897850233e+02 +3.897850233e+02 -1.8784e-01 -1.2097e+00 +3.9455e-01 +2.5283e+00 +1.9223e+00 +7.6015e-01 +1.9532e+00 +4.8365e-01 +1.3518e+00 -1.5302e+00
3452 +2.386763950e+00 +2.386763950e+00 +3.883967640e+02 +3.883967640e+02 +2.0726e+00 -1.3347e+00 -1.4675e+00 +1.0024e+00 +2.3405e+00 +5.8358e-02 +2.6084e+00 +8.1253e-01 +1.6767e+00 -1.1410e+00
% function evaluation | noise-free fitness - Fopt (-1.257000000000e+01) | best noise-free fitness - Fopt | measured fitness | best measured fitness | x1 | x2...
1 +2.341464196e+04 +2.341464196e+04 +2.340207196e+04 +2.340207196e+04 +4.5574e+00 -1.4139e+00 +3.0989e+00 -4.3024e+00 -2.9467e+00 +3.5393e+00 +2.8275e+00 +4.5697e+00 +6.4133e-01 +2.0965e+00
27 +1.424008775e+04 +1.424008775e+04 +1.422751775e+04 +1.422751775e+04 -1.2581e+00 -3.3993e+00 -3.5310e+00 +1.5714e+00 +4.8665e+00 -6.3910e-01 -3.3405e+00 +3.8260e+00 +1.1702e+00 +2.4348e+00
213 +9.181944068e+03 +9.181944068e+03 +9.169374068e+03 +9.169374068e+03 -1.0237e+00 -4.1230e+00 -3.4524e+00 +5.4785e-01 +3.0075e+00 -1.5057e+00 +4.5260e-01 +6.7410e-01 +1.2293e+00 +2.4956e+00
305 +4.500133932e+03 +4.500133932e+03 +4.487563932e+03 +4.487563932e+03 -5.2058e+00 +6.0727e-01 -9.3538e-02 -1.1978e+00 -8.7341e-01 -4.2592e-01 -1.9101e-01 +1.7362e+00 +4.9653e-01 +2.2183e+00
560 +2.458676094e+03 +2.458676094e+03 +2.446106094e+03 +2.446106094e+03 -4.1792e+00 -4.6679e-01 -1.4627e-01 -8.0945e-01 +1.5502e+00 -5.0661e-01 -3.4728e+00 +1.6616e+00 +2.4059e+00 +2.5558e+00
662 +9.604811369e+02 +9.604811369e+02 +9.479111369e+02 +9.479111369e+02 +8.1435e-01 +3.3613e+00 -1.1814e+00 +1.3617e+00 +2.2808e+00 +1.4889e+00 -1.5938e+00 +1.9532e+00 +1.0875e+00 +2.8407e+00
717 +4.796147586e+02 +4.796147586e+02 +4.670447586e+02 +4.670447586e+02 -3.7684e-01 -7.2902e-01 +9.4747e-01 -4.4351e-01 +3.3688e+00 +2.1518e+00 -1.1078e+00 +1.5031e+00 +1.8767e+00 +2.0383e+00
728 +3.044863782e+02 +3.044863782e+02 +2.919163782e+02 +2.919163782e+02 -2.4145e+00 +1.1819e+00 -1.4822e+00 +6.1332e-01 +8.6361e-01 -4.0340e-01 -2.5293e+00 +8.8988e-03 +8.4213e-01 +1.4648e+00
854 +8.442770487e+01 +8.442770487e+01 +7.185770487e+01 +7.185770487e+01 +1.3545e-01 +7.3235e-02 +1.5127e-01 -3.2471e-01 +8.4135e-01 -2.4663e-01 -1.8187e+00 +1.6721e+00 +9.6313e-01 +1.5181e+00
1008 +4.848913745e+00 +4.848913745e+00 -7.721086255e+00 -7.721086255e+00 +1.1797e-01 +3.5498e-01 +1.6552e-01 -2.3013e-01 +9.5855e-02 +1.4596e+00 -2.0529e-01 +1.5883e+00 +2.0465e+00 +1.9559e+00
1304 +3.570255193e+00 +3.570255193e+00 -8.999744807e+00 -8.999744807e+00 -1.6613e+00 +2.3699e+00 -1.9241e+00 +3.0691e-01 +1.3170e+00 +2.1311e+00 -1.3475e+00 +7.1066e-01 +1.3789e+00 +1.9029e+00
3293 +2.369175113e+00 +2.369175113e+00 -1.020082489e+01 -1.020082489e+01 +5.4028e-01 +2.2019e+00 -3.9844e-01 -1.8643e+00 +2.1481e+00 +2.0831e+00 -4.6641e-01 +1.0879e+00 +1.1543e+00 +2.3349e+00
% function evaluation | noise-free fitness - Fopt (-1.270400000000e+02) | best noise-free fitness - Fopt | measured fitness | best measured fitness | x1 | x2...
1 +8.626672713e+03 +8.626672713e+03 +8.499632713e+03 +8.499632713e+03 -2.8387e+00 +3.1038e+00 -1.9939e+00 -6.7587e-01 -6.0306e-01 -1.5448e+00 +3.0869e+00 -1.0819e+00 +1.0497e+00 +3.1700e+00
42 +3.187186151e+03 +3.187186151e+03 +3.060146151e+03 +3.060146151e+03 -4.9621e+00 -1.6432e+00 +4.4938e-01 -1.1485e+00 -1.7324e+00 +2.5501e-01 +2.3914e+00 +1.4888e+00 +1.9642e-01 +1.6353e+00
113 +2.178065277e+03 +2.178065277e+03 +2.051025277e+03 +2.051025277e+03 -4.8308e+00 -1.7732e+00 +2.4862e+00 +1.0151e+00 -1.8968e+00 -1.1320e+00 +1.7061e+00 +1.7063e+00 +1.1839e+00 +1.6438e+00
161 +1.025971530e+03 +1.025971530e+03 +8.989315297e+02 +8.989315297e+02 +3.2982e-01 -1.5168e+00 +1.2964e+00 +2.3723e+00 -2.4661e+00 -7.2047e-01 -1.7581e-02 +1.8393e+00 +2.7982e+00 +3.6383e-01
356 +5.481266537e+02 +5.481266537e+02 +4.210866537e+02 +4.210866537e+02 -2.8061e+00 +5.1634e-01 +8.8788e-01 +2.3527e+00 -1.1640e+00 -8.7075e-01 +1.1521e+00 +2.9643e+00 +1.7840e+00 +1.6746e+00
464 +4.799599912e+00 +4.799599912e+00 -1.222404001e+02 -1.222404001e+02 -1.3192e+00 -1.2309e+00 +9.1220e-01 +6.2821e-02 -2.8857e-01 -2.1902e+00 +2.4469e-02 +2.3812e+00 +1.3672e+00 +1.8385e+00
508 +3.550540372e+00 +3.550540372e+00 -1.234894596e+02 -1.234894596e+02 +1.6696e+00 -1.1047e-01 +1.6237e+00 +1.1786e-02 -1.4867e+00 -1.6188e+00 +1.1037e+00 +2.2499e+00 +1.0798e+00 +1.2637e+00
1201 +2.368743040e+00 +2.368743040e+00 -1.246712570e+02 -1.246712570e+02 +6.7163e-01 +1.4511e-01 -2.2692e-02 +1.5353e-01 -1.0465e+00 -2.4539e+00 +1.5552e+00 +2.1743e+00 +1.4046e+00 +2.2759e+00
% function evaluation | noise-free fitness - Fopt (-3.752000000000e+01) | best noise-free fitness - Fopt | measured fitness | best measured fitness | x1 | x2...
1 +1.964699884e+05 +1.964699884e+05 +1.964324684e+05 +1.964324684e+05 +4.6690e+00 +1.6227e+00 -2.2098e+00 -4.3448e+00 -1.3661e+00 -3.1078e+00 +3.3660e-01 -2.6187e+00 -2.7047e+00 -3.8526e+00
2 +9.587733455e+04 +9.587733455e+04 +9.583981455e+04 +9.583981455e+04 +3.1182e+00 +2.1320e+00 +3.8739e+00 +3.6859e+00 -3.3023e+00 -8.0242e-03 -2.4037e+00 +2.8165e+00 +4.2061e-01 +4.7908e+00
3 +6.060977711e+04 +6.060977711e+04 +6.057225711e+04 +6.057225711e+04 +7.7273e-01 -3.4893e+00 -4.6357e+00 +1.5538e+00 +3.5434e+00 -4.1292e+00 +2.9258e+00 +3.4109e+00 +8.5848e-01 -3.1376e-01
6 +6.700368708e+03 +6.700368708e+03 +6.662848708e+03 +6.662848708e+03 -3.4224e+00 +3.3576e-01 -2.0660e+00 +2.3319e+00 -2.7169e+00 +2.0977e+00 -7.8043e-01 -1.5033e+00 +8.3001e-02 +1.1028e+00
36 +4.267312900e+03 +4.267312900e+03 +4.229792900e+03 +4.229792900e+03 +1.8376e+00 +1.8669e+00 +1.0122e-01 +1.0224e+00 +1.7239e+00 +2.4525e+00 +3.3925e+00 +9.2155e-01 +2.0519e+00 +9.1908e-01
101 +2.089279372e+03 +2.089279372e+03 +2.051759372e+03 +2.051759372e+03 -1.6605e+00 +2.9349e+00 +6.9074e-01 +1.0224e+00 +1.7239e+00 +2.4525e+00 +1.0751e+00 -1.1341e+00 +2.0519e+00 +9.1908e-01
303 +8.367112636e+02 +8.367112636e+02 +7.991912636e+02 +7.991912636e+02 +2.9154e+00 -6.2221e-01 -2.8676e-01 -8.5967e-01 +3.7313e+00 +2.0942e+00 +7.3138e-01 -2.8812e+00 +1.4954e+00 +1.1660e+00
505 +3.563304467e+01 +3.563304467e+01 -1.886955326e+00 -1.886955326e+00 -1.6117e+00 +7.9881e-01 -1.0049e+00 +2.6526e+00 +2.3535e+00 +1.2873e+00 +1.9338e+00 -2.3516e+00 +1.2123e+00 +8.5367e-01
713 +5.218855060e+00 +5.218855060e+00 -3.230114494e+01 -3.230114494e+01 -2.2194e+00 -5.1441e-01 -4.4593e-01 +7.2519e-01 +1.1047e+00 +1.5146e+00 +2.0862e+00 -4.6352e-01 +2.2349e+00 +1.0632e+00
811 +3.693707284e+00 +3.693707284e+00 -3.382629272e+01 -3.382629272e+01 -7.2886e-01 -5.5349e-01 +8.2492e-02 +8.6984e-01 +1.4085e+00 +8.1905e-01 +8.2036e-01 -1.4624e+00 +1.3024e+00 +1.6790e+00
4052 +2.446313937e+00 +2.446313937e+00 -3.507368606e+01 -3.507368606e+01 +2.0886e+00 +4.5244e-01 +9.0884e-02 +1.9080e+00 +1.6541e+00 +3.8683e-01 +1.9764e+00 -2.1653e+00 +1.3153e+00 +1.9791e+00
% function evaluation | noise-free fitness - Fopt (-3.311600000000e+02) | best noise-free fitness - Fopt | measured fitness | best measured fitness | x1 | x2...
1 +1.762436154e+05 +1.762436154e+05 +1.759124554e+05 +1.759124554e+05 -2.0663e+00 -1.9744e+00 -8.4307e-01 +3.3372e+00 -3.8337e+00 +2.2089e+00 +4.3639e+00 -4.8639e+00 -3.9528e+00 +4.1714e+00
2 +7.970637556e+04 +7.970637556e+04 +7.937521556e+04 +7.937521556e+04 -4.2235e+00 +3.2298e-01 +4.1483e+00 -3.8780e+00 +3.1149e+00 -2.6142e+00 +4.5212e+00 -3.8898e+00 -4.2366e+00 -2.0099e+00
4 +5.145614518e+04 +5.145614518e+04 +5.112498518e+04 +5.112498518e+04 -1.8943e+00 +7.1092e-01 +1.8651e+00 -4.4140e+00 -4.3898e+00 -4.4270e+00 -9.3761e-01 -3.4107e+00 -2.0259e+00 -1.9086e+00
10 +2.415485799e+04 +2.415485799e+04 +2.382369799e+04 +2.382369799e+04 -4.8512e+00 +2.5081e+00 +3.1557e+00 +2.2513e+00 +4.2265e-01 +1.8321e+00 -3.3968e+00 +1.8518e+00 -1.6988e+00 -2.3730e-01
35 +1.398429908e+04 +1.398429908e+04 +1.365313908e+04 +1.365313908e+04 +1.7224e+00 +4.6908e-02 -1.9297e+00 -3.7262e+00 +3.5439e+00 +2.4690e+00 -8.8388e-02 -2.9397e+00 -2.5868e+00 -1.2849e+00
156 +1.261128057e+03 +1.261128057e+03 +9.299680572e+02 +9.299680572e+02 +2.7552e+00 -1.7272e+00 -3.0787e+00 -2.2765e+00 +1.4922e+00 -9.4799e-01 -1.8206e+00 -8.8190e-01 -1.0297e+00 -7.2484e-01
357 +7.418186447e+02 +7.418186447e+02 +4.106586447e+02 +4.106586447e+02 +1.8900e+00 -2.8199e+00 -1.0355e+00 +9.5024e-02 +3.5696e+00 -5.9652e-01 -8.3617e-01 -1.8300e+00 -3.3719e-01 -2.4020e+00
414 +2.335219552e+01 +2.335219552e+01 -3.078078045e+02 -3.078078045e+02 +2.4119e-01 +4.1144e-01 -3.2057e+00 -8.2462e-03 +2.7536e+00 -2.1754e+00 -2.0554e+00 -2.0130e+00 -1.6304e+00 -1.7817e+00
716 +8.369567340e+00 +8.369567340e+00 -3.227904327e+02 -3.227904327e+02 +3.5096e-01 +1.3376e+00 -3.0369e+00 -3.6300e-01 +2.7925e+00 -1.2165e+00 -2.5559e+00 -6.7333e-01 -1.0230e+00 -1.7142e+00
794 +3.343488471e+00 +3.343488471e+00 -3.278165115e+02 -3.278165115e+02 +1.4278e+00 +1.6625e+00 -7.7366e-01 +2.2528e+00 +1.9257e+00 -1.6159e+00 -2.2797e+00 -5.2388e-01 -1.2314e+00 -1.6727e+00
1712 +2.302843111e+00 +2.302843111e+00 -3.288571569e+02 -3.288571569e+02 +2.3299e+00 +1.0363e+00 -6.7811e-01 +2.2884e+00 +2.1943e+00 -2.0706e+00 -2.0984e+00 -9.9147e-01 -1.0389e+00 -1.4355e+00
% function evaluation | noise-free fitness - Fopt (4.481000000000e+01) | best noise-free fitness - Fopt | measured fitness | best measured fitness | x1 | x2...
1 +1.208592598e+05 +1.208592598e+05 +1.209040698e+05 +1.209040698e+05 -1.2437e+00 -3.3792e+00 +4.6091e+00 -4.0679e+00 +5.3268e-01 +2.3822e+00 +2.3252e+00 +2.9564e+00 -3.6696e+00 -4.0613e+00
2 +5.070921060e+04 +5.070921060e+04 +5.075402060e+04 +5.075402060e+04 +3.7595e+00 -4.2433e+00 +3.9346e+00 -1.0428e+00 +3.5771e+00 -2.0061e+00 +1.6912e+00 -4.7358e+00 +2.6197e+00 +1.8955e+00
5 +2.726999141e+04 +2.726999141e+04 +2.731480141e+04 +2.731480141e+04 -2.5009e+00 -1.1644e+00 -9.4363e-02 -3.1224e+00 -1.1877e+00 -8.4875e-01 +1.8871e+00 -4.5259e+00 +2.5113e+00 -2.5982e+00
10 +1.467628509e+04 +1.467628509e+04 +1.472109509e+04 +1.472109509e+04 +1.2342e+00 -2.8020e-01 -1.4475e-01 -2.7887e+00 +1.6048e+00 +2.6595e+00 +1.7283e+00 -1.6545e+00 -1.2314e+00 -2.0865e+00
28 +8.623351971e+03 +8.623351971e+03 +8.668161971e+03 +8.668161971e+03 +4.0291e+00 -3.5322e-01 +2.7992e+00 -1.2427e+00 +4.3625e+00 -1.4006e+00 +4.8873e+00 -1.8840e+00 +2.0500e+00 -9.5122e-01
165 +5.175615901e+03 +5.175615901e+03 +5.220425901e+03 +5.220425901e+03 +2.3985e+00 +4.1174e+00 -4.8711e-02 +5.4203e-01 +3.1086e+00 +9.4193e-01 -4.3098e-02 +6.0004e-01 +3.2086e+00 -1.7848e+00
355 +1.690144629e+03 +1.690144629e+03 +1.734954629e+03 +1.734954629e+03 +6.0322e-01 -2.9210e+00 +2.0392e+00 -1.4735e-01 -3.1977e-02 -2.2990e-01 +2.7499e+00 -9.4955e-01 +1.2971e+00 -1.0352e+00
544 +1.165522568e+03 +1.165522568e+03 +1.210332568e+03 +1.210332568e+03 +2.3678e+00 +2.5017e+00 +1.2213e+00 -8.3939e-01 +2.4686e+00 +3.2119e-02 -1.6113e-01 -2.2156e+00 +2.1063e+00 -2.5397e+00
553 +5.713882579e+02 +5.713882579e+02 +6.161982579e+02 +6.161982579e+02 +2.1420e+00 +2.3386e+00 +2.9799e-01 +1.2703e+00 +3.2177e+00 -7.8832e-01 +1.1924e+00 -1.7672e+00 +1.4192e+00 -7.4341e-01
706 +2.443194382e+02 +2.443194382e+02 +2.891294382e+02 +2.891294382e+02 +2.7733e+00 +2.5858e+00 -4.8727e-02 -9.8835e-01 +1.0224e+00 +1.5412e+00 +4.9968e-01 -1.6984e+00 +1.7190e+00 -2.1094e+00
755 +1.129784570e+02 +1.129784570e+02 +1.577884570e+02 +1.577884570e+02 +1.4826e+00 +3.6715e+00 -1.1515e-01 +9.5147e-01 +2.8512e+00 +5.3300e-01 +1.0529e+00 -2.4619e+00 +6.4373e-01 -1.0498e+00
816 +1.200519781e+01 +1.200519781e+01 +5.681519781e+01 +5.681519781e+01 -1.3390e+00 +1.6736e+00 +4.7536e-01 -6.1972e-01 +3.0188e+00 +2.6431e-01 +3.6470e-01 -2.3329e+00 +1.2036e+00 -1.5461e+00
824 +4.485180441e+00 +4.485180441e+00 +4.929518044e+01 +4.929518044e+01 -1.2189e+00 +1.5652e+00 +3.6212e-01 -2.1280e-01 +1.5898e+00 +4.3703e-01 +1.1097e+00 -1.2201e+00 +2.0124e+00 -1.3560e+00
1001 +3.864425385e+00 +3.864425385e+00 +4.867442538e+01 +4.867442538e+01 +5.3560e-01 -2.2529e-01 +1.1500e+00 -5.7263e-01 +1.7898e+00 +9.6798e-01 +1.5249e+00 -6.8647e-01 +2.4156e+00 -8.1839e-01
3987 +2.374151451e+00 +2.374151451e+00 +4.718415145e+01 +4.718415145e+01 -1.9829e+00 +1.0311e+00 +2.3392e+00 +1.2902e+00 +1.2990e+00 +8.2644e-01 +1.1040e+00 -1.8812e+00 +2.1483e+00 -1.3880e+00
% function evaluation | noise-free fitness - Fopt (-1.764600000000e+02) | best noise-free fitness - Fopt | measured fitness | best measured fitness | x1 | x2...
1 +1.424272284e+05 +1.424272284e+05 +1.422507684e+05 +1.422507684e+05 +4.4881e+00 -8.4120e-01 -4.3276e+00 +1.2457e+00 -4.8493e+00 -2.4422e+00 +3.8379e+00 +1.3852e+00 +2.7633e+00 +4.7311e+00
5 +8.548397119e+04 +8.548397119e+04 +8.530751119e+04 +8.530751119e+04 -4.3703e+00 +2.4280e+00 +4.3192e+00 +1.0974e+00 -8.9584e-01 -2.2777e+00 -3.5999e+00 +3.6898e+00 +4.3105e+00 +4.7068e+00
10 +2.740994918e+04 +2.740994918e+04 +2.723348918e+04 +2.723348918e+04 -3.0973e+00 -3.3650e+00 +3.5206e+00 -1.2524e+00 -4.3003e-01 +4.4367e+00 +6.7203e-01 -1.2421e+00 +3.9638e+00 +2.9735e+00
21 +5.090844863e+03 +5.090844863e+03 +4.914384863e+03 +4.914384863e+03 -1.7759e+00 +1.7568e+00 +4.9326e-01 +4.0107e+00 -1.7371e+00 +1.5771e+00 -1.0686e+00 +7.8204e-01 +2.1112e+00 +2.0724e+00
152 +2.780052372e+03 +2.780052372e+03 +2.603592372e+03 +2.603592372e+03 -3.8702e+00 -4.4708e-01 -3.8216e+00 +3.1090e+00 -1.4574e-01 +3.4067e+00 -1.2166e+00 -1.3966e+00 +4.9341e-01 +1.6226e+00
206 +1.253060054e+03 +1.253060054e+03 +1.076600054e+03 +1.076600054e+03 -3.8405e+00 -1.6802e+00 -1.5080e+00 -2.9064e-01 -2.6095e-01 +1.4885e+00 -1.9248e+00 -6.7972e-01 +1.8980e+00 +2.6300e+00
566 +2.387620647e+02 +2.387620647e+02 +6.230206472e+01 +6.230206472e+01 -1.0145e+00 +8.9228e-01 -1.9262e+00 +1.0777e+00 -7.6633e-01 +6.9488e-01 -1.0772e+00 -1.8814e+00 +3.8613e-01 +9.7734e-01
662 +1.105531137e+02 +1.105531137e+02 -6.590688634e+01 -6.590688634e+01 -2.4329e+00 -3.0615e-01 -2.6398e+00 -3.1789e-01 -2.5666e-01 +1.1642e+00 -2.7019e+00 -2.1139e+00 +1.5142e+00 +1.7218e+00
725 +3.563454349e+00 +3.563454349e+00 -1.728965457e+02 -1.728965457e+02 -1.8450e+00 +2.2939e+00 -3.2345e-01 -2.3088e-02 +1.1815e+00 +3.3651e-01 -1.0263e+00 -1.1885e+00 +1.1184e+00 +2.4632e+00
1151 +2.510882278e+00 +2.510882278e+00 -1.739491177e+02 -1.739491177e+02 -2.1411e+00 -2.4814e-01 -1.8074e+00 -3.9119e-01 +2.7415e+00 +1.9867e+00 -7.2656e-01 -2.3365e+00 +2.1324e+00 +1.6109e+00
