% function evaluation | noise-free fitness - Fopt (-9.210000000000e+00) | best noise-free fitness - Fopt | measured fitness | best measured fitness | x1 | x2...
1 +1.317804856e+02 +1.317804856e+02 +1.225704856e+02 +1.225704856e+02 -1.6170e+00 +3.7253e+00 -2.9788e+00 +1.3431e+00 +2.7101e+00
2 +8.239515569e+01 +8.239515569e+01 +7.318515569e+01 +7.318515569e+01 +6.3874e-01 +4.1117e+00 +2.1871e+00 +3.0716e+00 +6.7150e-01
3 +5.418855360e+01 +5.418855360e+01 +4.497855360e+01 +4.497855360e+01 -1.6946e+00 +3.7393e+00 +2.7255e+00 +1.9148e+00 -2.9290e+00
46 +3.960456159e+01 +3.960456159e+01 +3.039456159e+01 +3.039456159e+01 +5.0000e+00 -5.5803e-01 -1.5295e+00 +5.0000e+00 -4.0927e+00
53 +1.875274738e+01 +1.875274738e+01 +9.542747376e+00 +9.542747376e+00 +4.8328e+00 +4.7534e+00 -7.3856e-01 +5.0000e+00 -5.0000e+00
105 +1.341115947e+01 +1.341115947e+01 +4.201159465e+00 +4.201159465e+00 +5.0000e+00 +1.2109e+00 +2.8898e+00 +5.0000e+00 -5.0000e+00
124 +8.081300031e+00 +8.081300031e+00 -1.128699969e+00 -1.128699969e+00 +2.1201e+00 +5.0000e+00 +3.3552e+00 +5.0000e+00 -5.0000e+00
143 +5.205935183e+00 +5.205935183e+00 -4.004064817e+00 -4.004064817e+00 +5.0000e+00 +3.6366e+00 +4.1205e+00 +5.0000e+00 -5.0000e+00
145 -7.105427358e-15 -7.105427358e-15 -9.210000000e+00 -9.210000000e+00 +5.0000e+00 +5.0000e+00 +5.0000e+00 +5.0000e+00 -5.0000e+00
% function evaluation | noise-free fitness - Fopt (6.559900000000e+02) | best noise-free fitness - Fopt | measured fitness | best measured fitness | x1 | x2...
1 +9.232681279e+01 +9.232681279e+01 +7.483168128e+02 +7.483168128e+02 -4.6096e+00 +2.7990e+00 -4.7634e+00 +3.8490e+00 +1.1627e+00
9 +2.883021216e+01 +2.883021216e+01 +6.848202122e+02 +6.848202122e+02 -1.1731e+00 -9.6619e-01 -4.4502e+00 +3.7792e+00 -4.3119e+00
49 +2.386513026e+01 +2.386513026e+01 +6.798551303e+02 +6.798551303e+02 +1.0080e+00 -3.5402e+00 -1.2327e+00 +4.0461e+00 -5.0000e+00
85 +1.100077908e+01 +1.100077908e+01 +6.669907791e+02 +6.669907791e+02 +1.6281e+00 -1.3456e+00 -5.0000e+00 +5.0000e+00 -4.8870e+00
91 +1.573376375e+00 +1.573376375e+00 +6.575633764e+02 +6.575633764e+02 +4.7252e+00 -4.2697e+00 -5.0000e+00 +5.0000e+00 -5.0000e+00
125 +0.000000000e+00 +0.000000000e+00 +6.559900000e+02 +6.559900000e+02 +5.0000e+00 -5.0000e+00 -5.0000e+00 +5.0000e+00 -5.0000e+00
% function evaluation | noise-free fitness - Fopt (6.671000000000e+01) | best noise-free fitness - Fopt | measured fitness | best measured fitness | x1 | x2...
1 +7.363134561e+01 +7.363134561e+01 +1.403413456e+02 +1.403413456e+02 +3.3793e+00 -2.8452e+00 +3.6893e+00 +4.7559e+00 -1.7431e+00
2 +4.260239524e+01 +4.260239524e+01 +1.093123952e+02 +1.093123952e+02 -1.9103e+00 -4.7545e+00 -8.8977e-01 +4.7051e+00 -2.5580e+00
61 +3.710084432e+01 +3.710084432e+01 +1.038108443e+02 +1.038108443e+02 -1.1328e+00 +1.4163e-01 -2.2977e+00 +3.9745e+00 -4.0222e+00
97 +1.650604497e+01 +1.650604497e+01 +8.321604497e+01 +8.321604497e+01 -3.4262e+00 -1.5880e+00 -3.8663e+00 +5.0000e+00 -4.4720e+00
106 +5.532230794e+00 +5.532230794e+00 +7.224223079e+01 +7.224223079e+01 -5.0000e+00 -4.7019e+00 -3.4182e+00 +5.0000e+00 -5.0000e+00
156 +1.421085472e-14 +1.421085472e-14 +6.671000000e+01 +6.671000000e+01 -5.0000e+00 -5.0000e+00 -5.0000e+00 +5.0000e+00 -5.0000e+00
% function evaluation | noise-free fitness - Fopt (9.416700000000e+02) | best noise-free fitness - Fopt | measured fitness | best measured fitness | x1 | x2...
1 +1.040725170e+02 +1.040725170e+02 +1.045742517e+03 +1.045742517e+03 -3.1526e+00 -3.5393e+00 -3.9395e+00 +4.2365e+00 +1.7065e+00
2 +7.694485663e+01 +7.694485663e+01 +1.018614857e+03 +1.018614857e+03 -3.4819e+00 -4.6960e+00 +1.7425e+00 +8.2972e-01 -8.8662e-01
5 +5.704406829e+01 +5.704406829e+01 +9.987140683e+02 +9.987140683e+02 -2.1331e+00 -4.9105e+00 +4.8530e+00 +3.9805e+00 -2.1796e-01
28 +3.243929551e+01 +3.243929551e+01 +9.741092955e+02 +9.741092955e+02 -4.4679e+00 -3.4661e+00 +1.2180e+00 +3.5700e+00 -4.0822e+00
44 +8.966790996e+00 +8.966790996e+00 +9.506367910e+02 +9.506367910e+02 -2.0437e+00 -5.0000e+00 +3.0993e+00 +5.0000e+00 -5.0000e+00
84 +4.529021093e-01 +4.529021093e-01 +9.421229021e+02 +9.421229021e+02 -4.5471e+00 -5.0000e+00 +5.0000e+00 +5.0000e+00 -5.0000e+00
124 -1.136868377e-13 -1.136868377e-13 +9.416700000e+02 +9.416700000e+02 -5.0000e+00 -5.0000e+00 +5.0000e+00 +5.0000e+00 -5.0000e+00
% function evaluation | noise-free fitness - Fopt (-3.745000000000e+01) | best noise-free fitness - Fopt | measured fitness | best measured fitness | x1 | x2...
1 +1.078786066e+02 +1.078786066e+02 +7.042860658e+01 +7.042860658e+01 +2.9588e+00 -1.3979e+00 +1.5127e+00 -4.0932e+00 +2.8333e+00
4 +4.692567582e+01 +4.692567582e+01 +9.475675821e+00 +9.475675821e+00 +1.6561e+00 +4.9492e+00 +2.5591e+00 -9.9580e-01 -3.6744e+00
10 +3.909446396e+01 +3.909446396e+01 +1.644463958e+00 +1.644463958e+00 -6.4938e-01 -2.1910e+00 +3.9333e+00 -3.2149e+00 -4.2754e+00
49 +1.998147610e+01 +1.998147610e+01 -1.746852390e+01 -1.746852390e+01 +3.2952e+00 +3.4902e+00 +2.9338e+00 -3.3893e+00 -5.0000e+00
81 +1.494813805e+01 +1.494813805e+01 -2.250186195e+01 -2.250186195e+01 +4.8731e-01 +4.8137e+00 +1.8048e+00 -5.0000e+00 -5.0000e+00
93 +9.524904516e+00 +9.524904516e+00 -2.792509548e+01 -2.792509548e+01 +3.3542e+00 +3.9398e+00 +5.0000e+00 -4.8673e+00 -4.4752e+00
133 +0.000000000e+00 +0.000000000e+00 -3.745000000e+01 -3.745000000e+01 +5.0000e+00 +5.0000e+00 +5.0000e+00 -5.0000e+00 -5.0000e+00
% function evaluation | noise-free fitness - Fopt (2.906200000000e+02) | best noise-free fitness - Fopt | measured fitness | best measured fitness | x1 | x2...
1 +7.362564258e+01 +7.362564258e+01 +3.642456426e+02 +3.642456426e+02 -3.5392e+00 -3.2431e+00 -3.4107e+00 -4.6803e+00 -6.3956e-01
5 +5.707354245e+01 +5.707354245e+01 +3.476935424e+02 +3.476935424e+02 +4.6994e+00 -3.4642e+00 -1.7861e+00 -3.0106e+00 -2.9629e+00
49 +3.864404827e+01 +3.864404827e+01 +3.292640483e+02 +3.292640483e+02 +2.8061e+00 +1.5995e+00 -1.5734e+00 -2.7248e+00 -4.3227e+00
54 +2.407120858e+01 +2.407120858e+01 +3.146912086e+02 +3.146912086e+02 -2.8639e+00 +2.3558e+00 -2.2454e+00 -4.5031e+00 -5.0000e+00
128 +8.978650343e+00 +8.978650343e+00 +2.995986503e+02 +2.995986503e+02 -3.5502e+00 +4.7591e+00 -5.0000e+00 -5.0000e+00 -5.0000e+00
164 +5.202635804e+00 +5.202635804e+00 +2.958226358e+02 +2.958226358e+02 +1.3974e+00 +5.4479e+00 -5.2851e+00 -5.5355e+00 -4.8400e+00
197 +2.717537549e+00 +2.717537549e+00 +2.933375375e+02 +2.933375375e+02 +3.9740e+00 +4.0488e+00 -5.0000e+00 -5.0000e+00 -5.0000e+00
201 +2.431595800e+00 +2.431595800e+00 +2.930515958e+02 +2.930515958e+02 +5.0000e+00 +4.0743e+00 -4.7701e+00 -4.9896e+00 -5.0000e+00
218 +1.349125965e+00 +1.349125965e+00 +2.919691260e+02 +2.919691260e+02 +3.9906e+00 +4.8089e+00 -5.0000e+00 -5.0000e+00 -5.0000e+00
247 +7.392889619e-01 +7.392889619e-01 +2.913592890e+02 +2.913592890e+02 +5.0000e+00 +5.0000e+00 -5.0000e+00 -5.0000e+00 -4.9261e+00
255 +0.000000000e+00 +0.000000000e+00 +2.906200000e+02 +2.906200000e+02 +5.0000e+00 +5.0000e+00 -5.0000e+00 -5.0000e+00 -5.0000e+00
% function evaluation | noise-free fitness - Fopt (-1.015300000000e+02) | best noise-free fitness - Fopt | measured fitness | best measured fitness | x1 | x2...
1 +7.546050823e+01 +7.546050823e+01 -2.606949177e+01 -2.606949177e+01 -4.9923e+00 -3.2422e+00 +1.2278e+00 -9.1992e-01 -2.2892e+00
2 +4.782052852e+01 +4.782052852e+01 -5.370947148e+01 -5.370947148e+01 -2.7357e+00 -4.1736e+00 +1.4413e+00 -3.2200e-01 -4.7095e+00
53 +2.345769671e+01 +2.345769671e+01 -7.807230329e+01 -7.807230329e+01 +1.5718e+00 -3.2365e+00 +3.0245e+00 +3.6658e+00 -5.0000e+00
85 +1.534667211e+01 +1.534667211e+01 -8.618332789e+01 -8.618332789e+01 +2.1915e+00 -5.0000e+00 +4.2655e+00 +3.9628e+00 -5.0000e+00
87 +6.439083880e+00 +6.439083880e+00 -9.509091612e+01 -9.509091612e+01 +1.4247e-01 -4.2709e+00 +5.0000e+00 +5.0000e+00 -5.0000e+00
123 +6.232887198e+00 +6.232887198e+00 -9.529711280e+01 -9.529711280e+01 +3.1544e-01 -4.4841e+00 +5.0000e+00 +5.0000e+00 -5.0000e+00
167 +6.618425552e-01 +6.618425552e-01 -1.008681574e+02 -1.008681574e+02 -4.3599e+00 -4.9878e+00 +5.0000e+00 +5.0000e+00 -5.0000e+00
199 +0.000000000e+00 +0.000000000e+00 -1.015300000e+02 -1.015300000e+02 -5.0000e+00 -5.0000e+00 +5.0000e+00 +5.0000e+00 -5.0000e+00
% function evaluation | noise-free fitness - Fopt (3.019700000000e+02) | best noise-free fitness - Fopt | measured fitness | best measured fitness | x1 | x2...
1 +1.877722653e+02 +1.877722653e+02 +4.897422653e+02 +4.897422653e+02 +4.1376e+00 -4.9022e+00 -3.9460e-01 +4.4406e+00 +4.0878e+00
2 +8.251816578e+01 +8.251816578e+01 +3.844881658e+02 +3.844881658e+02 -3.8983e+00 +3.6651e+00 +7.3205e-01 -2.0710e+00 -9.2455e-02
19 +5.909332573e+01 +5.909332573e+01 +3.610633257e+02 +3.610633257e+02 +3.7964e+00 -1.7970e+00 +1.1260e+00 -1.5690e+00 -4.3334e+00
50 +2.821272873e+01 +2.821272873e+01 +3.301827287e+02 +3.301827287e+02 +1.9300e+00 +1.5675e+00 +4.0891e+00 -5.0000e+00 -3.7702e+00
85 +1.631846043e+01 +1.631846043e+01 +3.182884604e+02 +3.182884604e+02 -5.0000e+00 -4.1765e+00 +5.0000e+00 -5.0000e+00 -5.0000e+00
91 +1.000565011e+01 +1.000565011e+01 +3.119756501e+02 +3.119756501e+02 -5.0000e+00 +2.0739e+00 +5.0000e+00 -4.9113e+00 -4.5696e+00
118 +8.597899631e+00 +8.597899631e+00 +3.105678996e+02 +3.105678996e+02 -2.6186e+00 +1.5042e+00 +5.0000e+00 -5.0000e+00 -5.0000e+00
121 +5.681746952e-01 +5.681746952e-01 +3.025381747e+02 +3.025381747e+02 -4.4318e+00 +5.0000e+00 +5.0000e+00 -5.0000e+00 -5.0000e+00
184 +0.000000000e+00 +0.000000000e+00 +3.019700000e+02 +3.019700000e+02 -5.0000e+00 +5.0000e+00 +5.0000e+00 -5.0000e+00 -5.0000e+00
% function evaluation | noise-free fitness - Fopt (-6.561000000000e+01) | best noise-free fitness - Fopt | measured fitness | best measured fitness | x1 | x2...
1 +8.483204440e+01 +8.483204440e+01 +1.922204440e+01 +1.922204440e+01 -4.9854e+00 +6.7574e-01 -4.7497e+00 +3.4158e+00 +1.5016e+00
3 +6.185111299e+01 +6.185111299e+01 -3.758887013e+00 -3.758887013e+00 -1.7370e+00 +4.7632e+00 +9.0758e-01 +3.0372e+00 +3.2752e+00
49 +3.346190349e+01 +3.346190349e+01 -3.214809651e+01 -3.214809651e+01 -2.4135e+00 +5.0000e+00 +1.0933e+00 +5.0000e+00 +4.9262e+00
81 +1.621800942e+01 +1.621800942e+01 -4.939199058e+01 -4.939199058e+01 +1.1990e+00 -7.3346e+00 +4.9834e+00 +3.2277e+00 +7.5730e+00
124 +1.158523728e+01 +1.158523728e+01 -5.402476272e+01 -5.402476272e+01 -1.8359e+00 -4.5638e-01 +4.8921e+00 +5.0000e+00 +5.0000e+00
137 +5.717704350e+00 +5.717704350e+00 -5.989229565e+01 -5.989229565e+01 +7.1770e-01 -5.0000e+00 +5.0000e+00 +5.0000e+00 +5.0000e+00
230 +3.361711515e+00 +3.361711515e+00 -6.224828849e+01 -6.224828849e+01 -1.6383e+00 -5.0000e+00 +5.0000e+00 +5.0000e+00 +5.0000e+00
261 +1.270024569e+00 +1.270024569e+00 -6.433997543e+01 -6.433997543e+01 -3.7300e+00 -5.0000e+00 +5.0000e+00 +5.0000e+00 +5.0000e+00
298 +0.000000000e+00 +0.000000000e+00 -6.561000000e+01 -6.561000000e+01 -5.0000e+00 -5.0000e+00 +5.0000e+00 +5.0000e+00 +5.0000e+00
% function evaluation | noise-free fitness - Fopt (-3.569000000000e+01) | best noise-free fitness - Fopt | measured fitness | best measured fitness | x1 | x2...
1 +1.059792067e+02 +1.059792067e+02 +7.028920674e+01 +7.028920674e+01 +3.3714e+00 +4.7929e+00 -2.4962e+00 +2.5360e+00 -3.6866e-01
2 +8.466360987e+01 +8.466360987e+01 +4.897360987e+01 +4.897360987e+01 -1.2803e+00 -2.3767e+00 -4.2107e+00 -9.3411e-01 +1.0095e+00
7 +5.531938679e+01 +5.531938679e+01 +1.962938679e+01 +1.962938679e+01 -4.0895e+00 -4.1145e+00 -1.2281e+00 -3.0441e+00 +4.2905e+00
52 +3.410925864e+01 +3.410925864e+01 -1.580741357e+00 -1.580741357e+00 -5.4751e+00 +4.1141e+00 -3.7408e+00 -3.0972e+00 +4.2624e+00
54 +1.808370523e+01 +1.808370523e+01 -1.760629477e+01 -1.760629477e+01 +3.5224e+00 +7.7307e-01 -4.9627e+00 -3.4046e+00 +5.0000e+00
90 +1.521141741e+01 +1.521141741e+01 -2.047858259e+01 -2.047858259e+01 +3.2193e+00 -1.8905e+00 -4.6277e+00 -5.0000e+00 +5.0000e+00
147 +6.310382758e+00 +6.310382758e+00 -2.937961724e+01 -2.937961724e+01 +5.0000e+00 +1.4514e+00 -5.0000e+00 -5.0000e+00 +5.0000e+00
154 +6.143299712e+00 +6.143299712e+00 -2.954670029e+01 -2.954670029e+01 +5.0000e+00 +5.0000e+00 -3.0573e+00 -5.0000e+00 +5.0000e+00
163 +3.009988085e+00 +3.009988085e+00 -3.268001192e+01 -3.268001192e+01 +1.9900e+00 +5.0000e+00 -5.0000e+00 -5.0000e+00 +5.0000e+00
184 +8.150357686e-01 +8.150357686e-01 -3.487496423e+01 -3.487496423e+01 +4.1850e+00 +5.0000e+00 -5.0000e+00 -5.0000e+00 +5.0000e+00
239 +0.000000000e+00 +0.000000000e+00 -3.569000000e+01 -3.569000000e+01 +5.0000e+00 +5.0000e+00 -5.0000e+00 -5.0000e+00 +5.0000e+00
% function evaluation | noise-free fitness - Fopt (3.174000000000e+01) | best noise-free fitness - Fopt | measured fitness | best measured fitness | x1 | x2...
1 +9.708647172e+01 +9.708647172e+01 +1.288264717e+02 +1.288264717e+02 -4.7886e+00 -1.3166e+00 -3.5317e+00 -4.8942e+00 +2.5510e+00
4 +4.782953428e+01 +4.782953428e+01 +7.956953428e+01 +7.956953428e+01 +7.8814e-01 -1.6619e+00 -4.1877e+00 -3.4647e+00 -2.3520e+00
16 +2.723333016e+01 +2.723333016e+01 +5.897333016e+01 +5.897333016e+01 -4.0833e+00 -4.4721e+00 -4.2012e+00 -3.9899e+00 -4.0995e+00
52 +1.659496642e+01 +1.659496642e+01 +4.833496642e+01 +4.833496642e+01 -4.6761e-01 -3.8804e+00 -2.1108e+00 -5.0000e+00 -5.0000e+00
84 +1.107559810e+01 +1.107559810e+01 +4.281559810e+01 +4.281559810e+01 -3.5082e+00 -4.6931e+00 -5.9797e+00 -4.7951e+00 -4.9131e+00
88 +6.955211368e+00 +6.955211368e+00 +3.869521137e+01 +3.869521137e+01 +4.2995e+00 -3.0739e+00 -4.1052e+00 -5.0000e+00 -5.0000e+00
128 +5.401907712e+00 +5.401907712e+00 +3.714190771e+01 +3.714190771e+01 +5.0000e+00 -1.9623e+00 -5.0000e+00 -5.0000e+00 -5.0000e+00
133 +3.018943002e+00 +3.018943002e+00 +3.475894300e+01 +3.475894300e+01 +5.0000e+00 -3.5002e+00 -4.8887e+00 -5.0000e+00 -5.0000e+00
162 +1.265783698e+00 +1.265783698e+00 +3.300578370e+01 +3.300578370e+01 +4.3931e+00 -8.2017e+00 -4.8337e+00 -5.0323e+00 -4.9867e+00
171 +8.817787596e-01 +8.817787596e-01 +3.262177876e+01 +3.262177876e+01 +5.0000e+00 -4.7930e+00 -4.8376e+00 -5.0000e+00 -5.0000e+00
194 +1.093258934e-01 +1.093258934e-01 +3.184932589e+01 +3.184932589e+01 +4.8907e+00 -5.0000e+00 -5.0000e+00 -5.0000e+00 -5.0000e+00
200 +1.065814104e-14 +1.065814104e-14 +3.174000000e+01 +3.174000000e+01 +5.9959e+00 -7.1974e+00 -5.0453e+00 -5.0635e+00 -5.0402e+00
% function evaluation | noise-free fitness - Fopt (8.344900000000e+02) | best noise-free fitness - Fopt | measured fitness | best measured fitness | x1 | x2...
1 +8.553031524e+01 +8.553031524e+01 +9.200203152e+02 +9.200203152e+02 -2.9451e+00 +1.5688e+00 -1.0502e+00 +9.9118e-01 +1.3239e+00
8 +5.711357756e+01 +5.711357756e+01 +8.916035776e+02 +8.916035776e+02 +6.2759e-01 -3.4263e+00 -2.7879e+00 +4.9326e+00 +8.6864e-01
37 +3.284446960e+01 +3.284446960e+01 +8.673344696e+02 +8.673344696e+02 +2.7755e+00 -4.9167e+00 -2.1106e+00 +3.7130e+00 +4.1453e+00
84 +1.255391416e+01 +1.255391416e+01 +8.470439142e+02 +8.470439142e+02 +5.0000e+00 -4.4023e+00 -4.8722e+00 +4.8067e+00 +5.0000e+00
146 +7.613951327e+00 +7.613951327e+00 +8.421039513e+02 +8.421039513e+02 -1.2773e+00 -5.0261e+00 -6.2682e+00 +4.3080e+00 +7.2023e+00
167 +5.134227496e+00 +5.134227496e+00 +8.396242275e+02 +8.396242275e+02 +1.3423e-01 -5.0000e+00 -5.0000e+00 +5.0000e+00 +5.0000e+00
202 +0.000000000e+00 +0.000000000e+00 +8.344900000e+02 +8.344900000e+02 -5.0000e+00 -5.0000e+00 -5.0000e+00 +5.0000e+00 +5.0000e+00
% function evaluation | noise-free fitness - Fopt (4.159000000000e+01) | best noise-free fitness - Fopt | measured fitness | best measured fitness | x1 | x2...
1 +8.472422525e+01 +8.472422525e+01 +1.263142252e+02 +1.263142252e+02 -4.3509e+00 +1.9197e+00 -3.1537e+00 -1.0278e+00 -3.9786e+00
3 +4.002991244e+01 +4.002991244e+01 +8.161991244e+01 +8.161991244e+01 -7.0136e-02 +4.1059e+00 +6.7731e-01 +3.2942e+00 -3.9892e+00
27 +3.336975082e+01 +3.336975082e+01 +7.495975082e+01 +7.495975082e+01 -4.9536e+00 +3.9981e+00 +1.7245e+00 +3.1559e+00 -4.9094e+00
45 +2.029843481e+01 +2.029843481e+01 +6.188843481e+01 +6.188843481e+01 -5.0000e+00 +4.2346e+00 +2.5241e+00 +4.8030e+00 -5.0000e+00
85 +1.000000000e+01 +1.000000000e+01 +5.159000000e+01 +5.159000000e+01 -5.0000e+00 +5.0000e+00 +5.0000e+00 +5.0000e+00 -5.0000e+00
175 +5.700108178e+00 +5.700108178e+00 +4.729010818e+01 +4.729010818e+01 +1.6542e+00 +5.0000e+00 +5.0000e+00 +5.0000e+00 -4.7646e+00
202 +6.300813008e-01 +6.300813008e-01 +4.222008130e+01 +4.222008130e+01 +4.3699e+00 +5.0000e+00 +5.0000e+00 +5.0000e+00 -5.0000e+00
242 +0.000000000e+00 +0.000000000e+00 +4.159000000e+01 +4.159000000e+01 +5.0000e+00 +5.0000e+00 +5.0000e+00 +5.0000e+00 -5.0000e+00
% function evaluation | noise-free fitness - Fopt (1.004200000000e+02) | best noise-free fitness - Fopt | measured fitness | best measured fitness | x1 | x2...
1 +1.330395345e+02 +1.330395345e+02 +2.334595345e+02 +2.334595345e+02 -7.7576e-02 +3.1195e+00 -1.4942e+00 +4.6466e+00 +4.0999e+00
3 +8.230782294e+01 +8.230782294e+01 +1.827278229e+02 +1.827278229e+02 -1.7070e+00 +3.4767e+00 -3.0724e+00 +2.9744e+00 -2.6391e+00
8 +4.200493867e+01 +4.200493867e+01 +1.424249387e+02 +1.424249387e+02 +1.7311e+00 -4.0802e+00 +1.4371e+00 +1.5290e+00 -4.3686e+00
17 +3.848061967e+01 +3.848061967e+01 +1.389006197e+02 +1.389006197e+02 -1.0025e-01 -4.6086e+00 -2.5032e+00 +4.7263e+00 -4.2582e+00
48 +2.302263084e+01 +2.302263084e+01 +1.234426308e+02 +1.234426308e+02 +5.0000e+00 -5.0000e+00 -1.9500e+00 +4.8142e+00 -5.0000e+00
101 +1.444291963e+00 +1.444291963e+00 +1.018642920e+02 +1.018642920e+02 +5.0000e+00 -4.1878e+00 +5.0000e+00 +5.0000e+00 -5.0000e+00
181 -1.421085472e-14 -1.421085472e-14 +1.004200000e+02 +1.004200000e+02 +5.0000e+00 -5.0000e+00 +5.0000e+00 +5.0000e+00 -5.0000e+00
% function evaluation | noise-free fitness - Fopt (-7.530000000000e+00) | best noise-free fitness - Fopt | measured fitness | best measured fitness | x1 | x2...
1 +9.655260948e+01 +9.655260948e+01 +8.902260948e+01 +8.902260948e+01 -1.3422e+00 +2.7246e+00 -1.5655e+00 +1.2306e+00 +2.9325e+00
9 +5.900331950e+01 +5.900331950e+01 +5.147331950e+01 +5.147331950e+01 +3.0069e+00 +1.4708e+00 +4.9771e+00 +5.9423e-01 +3.6028e+00
45 +3.713521499e+01 +3.713521499e+01 +2.960521499e+01 +2.960521499e+01 +2.2473e+00 -3.8722e+00 +1.8140e+00 -1.4770e+00 +4.7509e+00
64 +1.953385873e+01 +1.953385873e+01 +1.200385873e+01 +1.200385873e+01 -5.0000e+00 -2.7070e+00 +3.4200e+00 -4.9182e+00 +5.0000e+00
125 +1.379391172e+01 +1.379391172e+01 +6.263911715e+00 +6.263911715e+00 +2.6533e+00 -1.1575e+00 +5.0000e+00 -4.1795e+00 +5.0000e+00
132 +7.046735490e+00 +7.046735490e+00 -4.832645098e-01 -4.832645098e-01 -1.8393e+00 -5.0000e+00 +4.9344e+00 -5.0000e+00 +5.0000e+00
164 +4.955439475e+00 +4.955439475e+00 -2.574560525e+00 -2.574560525e+00 +1.8457e+00 -3.9871e+00 +5.0000e+00 -5.0000e+00 +5.0000e+00
197 +2.896320248e+00 +2.896320248e+00 -4.633679752e+00 -4.633679752e+00 +4.7972e+00 -4.5620e+00 +4.3946e+00 -5.0000e+00 +5.0000e+00
244 +2.287615504e+00 +2.287615504e+00 -5.242384496e+00 -5.242384496e+00 +2.8090e+00 -6.7424e+00 +4.9695e+00 -5.2073e+00 +5.1081e+00
248 +7.540991372e-01 +7.540991372e-01 -6.775900863e+00 -6.775900863e+00 +9.2212e+00 -6.0293e+00 +4.9248e+00 -4.9082e+00 +5.0931e+00
286 +5.861150135e-01 +5.861150135e-01 -6.943884986e+00 -6.943884986e+00 +1.0040e+01 -5.1981e+00 +4.8147e+00 -5.1354e+00 +5.1046e+00
301 -8.881784197e-16 -8.881784197e-16 -7.530000000e+00 -7.530000000e+00 +8.0445e+00 -5.5925e+00 +5.8417e+00 -5.8682e+00 +5.0195e+00
