% function evaluation | noise-free fitness - Fopt (7.135000000000e+01) | best noise-free fitness - Fopt | measured fitness | best measured fitness | x1 | x2...
1 +8.452444339e+01 +8.452444339e+01 +1.558744434e+02 +1.558744434e+02 +4.4954e+00 +3.4178e+00 -3.3735e+00 +5.6476e-01 -4.6817e+00 +1.5499e+00 +2.4772e+00 +2.7193e+00 -3.5167e+00 -2.4154e+00 +4.8358e+00 +4.8598e+00 +1.4225e+00 -4.7296e+00 +4.4123e+00 -2.6602e+00 +2.6947e+00 -4.0620e+00 -3.7090e+00 -3.0530e+00
2 +5.600650890e+01 +5.600650890e+01 +1.273565089e+02 +1.273565089e+02 -2.6511e+00 -4.0352e-01 -2.1699e+00 +1.1019e+00 -3.0383e+00 +3.3496e+00 +2.8299e+00 -3.1549e+00 -3.8473e+00 +3.1200e+00 -9.1801e-01 +5.5930e-01 +1.9099e-01 +1.4145e+00 -4.5156e+00 +4.2981e+00 -2.4759e+00 -7.1709e-02 -3.0257e+00 +1.1705e+00
13 +3.818577713e+01 +3.818577713e+01 +1.095357771e+02 +1.095357771e+02 -4.9855e+00 +4.0185e-01 +3.8794e-01 +1.8033e+00 +1.3595e+00 +2.8888e+00 +4.7932e+00 -4.4896e+00 +3.9804e+00 -4.4796e+00 +1.5626e+00 +2.1911e+00 -5.6006e-01 -4.5417e+00 +1.2201e+00 +2.9300e+00 -6.4759e-01 -9.6490e-01 -4.3630e+00 -2.2222e+00
7990 +2.389880330e+01 +2.389880330e+01 +9.524880330e+01 +9.524880330e+01 +1.1129e+00 -5.0000e+00 -4.3003e+00 +5.0000e+00 -3.4887e-01 +1.6962e+00 +1.9264e+00 -3.2240e+00 +3.9423e+00 -5.0000e+00 +4.1046e+00 -2.2087e+00 +3.6665e+00 +7.0707e-01 -6.0323e-01 +4.9718e+00 +1.0040e-01 +8.3268e-01 -4.6533e+00 +6.0384e-01
45243 +1.507530827e+01 +1.507530827e+01 +8.642530827e+01 +8.642530827e+01 -3.0998e-01 -5.0000e+00 -4.4746e+00 +5.0000e+00 -2.2345e+00 +2.7347e+00 -2.8843e-01 -3.0899e+00 +5.0000e+00 -5.0000e+00 +4.3866e+00 -1.9777e+00 +4.0136e+00 -2.8245e-02 -1.9857e+00 +4.9779e+00 -1.6486e+00 -6.2262e-01 -3.8378e+00 +2.6584e+00
47648 +9.506878449e+00 +9.506878449e+00 +8.085687845e+01 +8.085687845e+01 -3.4348e-01 -4.9748e+00 -4.3864e+00 +5.0000e+00 -2.2367e+00 +2.5474e+00 -4.9007e-01 -2.7111e+00 +4.9108e+00 -5.0000e+00 +4.3298e+00 -2.0536e+00 +3.5586e+00 +9.6293e-03 -2.1360e+00 +4.9604e+00 -1.6837e+00 -6.0506e-01 -3.7860e+00 +2.4209e+00
% function evaluation | noise-free fitness - Fopt (-3.552200000000e+02) | best noise-free fitness - Fopt | measured fitness | best measured fitness | x1 | x2...
1 +6.708853051e+01 +6.708853051e+01 -2.881314695e+02 -2.881314695e+02 +3.3378e+00 -1.7051e+00 -2.9349e+00 -2.3026e+00 +2.5872e+00 +1.6882e+00 +2.1700e+00 -8.2295e-01 -2.4868e+00 -4.9238e+00 +1.2097e+00 +4.9750e+00 +3.4765e+00 +1.3732e+00 -2.7586e+00 +9.2500e-01 +4.5426e+00 -3.8168e+00 -3.6362e+00 -2.5993e+00
7 +5.544518603e+01 +5.544518603e+01 -2.997748140e+02 -2.997748140e+02 +7.5800e-01 +1.6983e+00 +4.1550e+00 -2.4437e+00 -4.4658e+00 +3.2025e+00 +4.9646e+00 -2.8971e+00 +2.3477e+00 +4.3096e+00 -1.7734e+00 -2.1221e+00 +1.3454e+00 +2.4798e+00 -3.5206e+00 -4.9469e+00 +1.1027e+00 +3.9400e+00 -3.1122e+00 +3.3425e+00
225 +3.962059186e+01 +3.962059186e+01 -3.155994081e+02 -3.155994081e+02 +2.3452e+00 -5.0000e+00 +1.8390e+00 -4.6357e+00 -3.9744e+00 +3.2240e+00 +1.1445e+00 +2.6138e+00 +2.7200e+00 -1.3708e+00 -1.1767e-01 +5.0000e+00 +4.8179e+00 +2.1161e+00 +2.7759e+00 -3.0195e+00 +5.9926e-01 -5.0000e+00 -3.4365e+00 +5.0000e+00
12330 +2.174865661e+01 +2.174865661e+01 -3.334713434e+02 -3.334713434e+02 -5.0000e+00 +2.8869e+00 -3.2510e-01 -3.8780e+00 +1.3935e+00 -1.5406e+00 -5.7664e-02 +2.2599e+00 +1.4631e+00 -1.9106e+00 -5.0000e+00 +5.0000e+00 +2.6992e+00 -3.1433e+00 +4.9444e+00 -5.0000e+00 -3.1893e+00 +3.3772e+00 +6.0511e-01 -9.0450e-01
49136 +1.568735079e+01 +1.568735079e+01 -3.395326492e+02 -3.395326492e+02 -4.9164e+00 +3.1675e+00 -1.4105e-01 -4.9488e+00 +2.5274e+00 +1.0869e-01 +8.0069e-01 +2.1531e+00 -7.2238e-01 -2.1820e+00 -4.6980e+00 +2.3282e+00 +2.1262e+00 -2.7407e+00 +4.9877e+00 -4.9749e+00 -5.0000e+00 -1.1027e+00 +1.4559e+00 -1.5959e+00
% function evaluation | noise-free fitness - Fopt (9.917000000000e+01) | best noise-free fitness - Fopt | measured fitness | best measured fitness | x1 | x2...
1 +6.212972432e+01 +6.212972432e+01 +1.612997243e+02 +1.612997243e+02 -1.4992e+00 +2.8975e+00 -1.8141e+00 -1.8518e+00 +3.0075e+00 -2.9448e+00 +2.6841e+00 +2.0724e+00 -6.2698e-01 -1.4538e-01 +7.8683e-01 +3.1664e+00 -4.2182e+00 +2.3132e+00 +4.9454e+00 -7.6625e-02 -9.6536e-03 -4.7791e+00 -2.2088e+00 -7.1259e-01
4 +3.598489194e+01 +3.598489194e+01 +1.351548919e+02 +1.351548919e+02 +4.0026e+00 +1.8819e+00 -3.0234e+00 +2.6589e+00 -2.0149e-01 +2.7312e+00 +4.9762e+00 -3.3334e+00 +2.1972e+00 -1.4962e+00 -1.8279e+00 +4.4184e+00 -2.8760e+00 -4.1860e+00 +1.2218e+00 +1.1367e-01 -3.1364e+00 -2.3790e+00 +2.6798e+00 -4.0210e+00
11957 +2.374490461e+01 +2.374490461e+01 +1.229149046e+02 +1.229149046e+02 -2.3906e+00 +3.2508e+00 +5.0000e+00 -5.0000e+00 -1.1157e+00 +2.4713e+00 +2.2702e+00 -2.1337e+00 -2.2896e+00 +3.2457e+00 -1.3158e+00 +5.0000e+00 +5.0000e+00 -4.9874e+00 +5.0000e+00 +1.6285e+00 -4.5391e+00 -5.3722e-01 +3.6745e+00 +5.0000e+00
21275 +1.491903070e+01 +1.491903070e+01 +1.140890307e+02 +1.140890307e+02 +1.0358e+00 +4.5569e+00 +4.9047e+00 -4.2445e+00 -3.0157e+00 -1.1563e+00 -1.7979e+00 -3.9709e+00 -2.3807e+00 +5.5745e+00 -5.8049e+00 +4.8258e+00 +2.6595e+00 -4.3955e+00 +4.7180e+00 +1.8564e+00 -2.5100e+00 -2.9526e-02 +2.3504e+00 +3.7217e+00
47330 +9.117520216e+00 +9.117520216e+00 +1.082875202e+02 +1.082875202e+02 +8.3259e-01 +4.4497e+00 +4.8498e+00 -4.1749e+00 -3.1734e+00 -1.2290e+00 -1.7957e+00 -3.9036e+00 -2.4633e+00 +5.0146e+00 -5.2258e+00 +4.8784e+00 +2.7293e+00 -4.4216e+00 +4.7756e+00 +1.8027e+00 -2.3017e+00 +2.5332e-02 +2.4659e+00 +3.8510e+00
48581 +6.268533702e+00 +6.268533702e+00 +1.054385337e+02 +1.054385337e+02 +3.2713e-01 +4.4432e+00 +5.0000e+00 -4.2098e+00 -3.2275e+00 -1.1670e+00 -1.6521e+00 -3.6723e+00 -2.3662e+00 +5.0000e+00 -5.0000e+00 +4.8646e+00 +2.7495e+00 -4.4839e+00 +4.7543e+00 +1.7403e+00 -2.2825e+00 +2.3374e-01 +1.6928e+00 +3.8600e+00
49381 +3.884309740e+00 +3.884309740e+00 +1.030543097e+02 +1.030543097e+02 +4.9957e-01 +4.4427e+00 +5.0000e+00 -4.2098e+00 -3.1552e+00 -1.1672e+00 -1.8427e+00 -3.6575e+00 -2.3658e+00 +4.7167e+00 -5.0000e+00 +4.8715e+00 +2.9035e+00 -4.4856e+00 +4.7337e+00 +1.6834e+00 -1.9152e+00 +1.8767e-01 +1.7109e+00 +4.0372e+00
% function evaluation | noise-free fitness - Fopt (-5.179100000000e+02) | best noise-free fitness - Fopt | measured fitness | best measured fitness | x1 | x2...
1 +1.097001490e+02 +1.097001490e+02 -4.082098510e+02 -4.082098510e+02 +2.1023e+00 +2.8876e+00 -3.6463e+00 +1.4827e+00 -1.1193e+00 +1.8381e-01 -1.4822e+00 -4.5054e+00 -2.3207e+00 +3.9571e+00 -3.4038e+00 +1.8280e+00 -4.6768e+00 -3.6318e+00 +2.3170e-02 +2.7482e+00 +1.1956e-01 +2.7174e+00 +3.8388e+00 +4.6829e+00
3 +6.779108997e+01 +6.779108997e+01 -4.501189100e+02 -4.501189100e+02 +2.3529e-01 +2.7900e+00 -3.7419e+00 -1.1372e+00 +3.8560e+00 -4.2136e+00 +4.2270e+00 +1.4081e+00 +4.7755e+00 -4.1540e-01 -4.9576e+00 +2.1998e+00 -1.9491e+00 +1.9288e+00 -2.7788e+00 +4.7213e+00 +4.0081e+00 +4.6110e+00 -1.5816e+00 +2.2330e+00
7 +4.385578736e+01 +4.385578736e+01 -4.740542126e+02 -4.740542126e+02 +1.1239e-02 +2.2054e+00 +2.7300e+00 -1.9596e+00 -4.5119e+00 +1.3728e+00 +2.4968e+00 +1.4873e+00 +3.8650e+00 +1.0907e-01 +6.8768e-02 -2.1666e+00 -9.7274e-01 +1.4547e+00 -3.8769e+00 -4.2221e+00 -4.6689e+00 -1.1208e+00 +4.7894e+00 -1.8017e-01
382 +3.512988898e+01 +3.512988898e+01 -4.827801110e+02 -4.827801110e+02 +3.5088e+00 +8.7871e-01 +5.0000e+00 -3.1635e+00 -4.7955e-01 +1.7642e+00 +3.5429e+00 -5.0000e+00 +3.9806e-02 -4.2534e-01 -5.0000e+00 -3.4993e+00 +9.2226e-01 +2.5914e+00 -5.0000e+00 +6.2014e-01 -1.8114e+00 +1.7624e+00 +2.5465e+00 -2.6974e+00
3392 +2.073557019e+01 +2.073557019e+01 -4.971744298e+02 -4.971744298e+02 +5.0000e+00 +2.2929e+00 +5.0000e+00 -3.2628e+00 +4.4534e+00 +3.9653e+00 +5.0000e+00 -5.0000e+00 -3.5194e+00 +2.5649e+00 -4.2193e-01 -5.0000e+00 +5.0000e+00 -1.5129e+00 -5.0000e+00 +1.6279e+00 +5.0000e+00 +3.0901e+00 +4.4944e-01 +5.0000e+00
37995 +1.355080144e+01 +1.355080144e+01 -5.043591986e+02 -5.043591986e+02 +4.9019e+00 +2.2134e+00 +4.2772e+00 -1.9010e+00 +4.9173e+00 +3.0887e+00 +5.0015e+00 -4.4273e+00 -3.7575e+00 +3.7535e+00 -1.0709e+00 -4.9364e+00 +4.6568e+00 +3.6339e-01 -4.9307e+00 -2.3180e+00 +5.1091e+00 +2.0729e+00 +1.2017e+00 +2.0830e+00
38530 +7.133437192e+00 +7.133437192e+00 -5.107765628e+02 -5.107765628e+02 +4.8707e+00 +2.0869e+00 +4.4829e+00 -1.6663e+00 +4.8766e+00 +3.0391e+00 +4.9984e+00 -4.5708e+00 -3.9018e+00 +3.6464e+00 -9.9489e-01 -4.6409e+00 +4.6477e+00 +8.0375e-01 -4.9289e+00 -2.2951e+00 +4.7970e+00 +2.2313e+00 +8.6582e-01 +2.3564e+00
38612 +3.973162572e+00 +3.973162572e+00 -5.139368374e+02 -5.139368374e+02 +4.8907e+00 +2.1799e+00 +4.5161e+00 -1.9307e+00 +4.9442e+00 +2.8922e+00 +4.9811e+00 -4.4410e+00 -3.7130e+00 +3.5697e+00 -1.0144e+00 -4.6693e+00 +4.6865e+00 +5.6819e-01 -4.9330e+00 -2.2932e+00 +4.7759e+00 +2.0303e+00 +8.2998e-01 +2.3815e+00
47301 +2.474314554e+00 +2.474314554e+00 -5.154356854e+02 -5.154356854e+02 +4.9171e+00 +2.2764e+00 +4.8015e+00 -1.8044e+00 +4.5280e+00 +2.6150e+00 +4.9946e+00 -4.3196e+00 -3.7077e+00 +3.5571e+00 -9.8492e-01 -3.9689e+00 +4.8660e+00 +7.8165e-01 -5.0516e+00 -2.2405e+00 +4.7340e+00 +2.2044e+00 +8.1288e-01 +2.4559e+00
% function evaluation | noise-free fitness - Fopt (-5.721000000000e+01) | best noise-free fitness - Fopt | measured fitness | best measured fitness | x1 | x2...
1 +6.452679211e+01 +6.452679211e+01 +7.316792109e+00 +7.316792109e+00 -2.5375e+00 +8.6145e-02 -3.6220e+00 +5.7962e-01 -7.0522e-01 -2.7403e+00 +3.1886e+00 -6.6376e-01 +1.1471e+00 +8.9437e-01 +7.7953e-01 +7.8209e-01 -7.2139e-02 +3.7926e+00 +4.5088e+00 +4.0115e+00 -4.8694e-02 -1.2449e+00 -1.9966e+00 -4.9087e-01
10 +5.421186558e+01 +5.421186558e+01 -2.998134422e+00 -2.998134422e+00 +3.2668e+00 -3.2815e+00 -1.8472e+00 +8.5165e-02 -5.3943e-01 +3.7095e+00 +1.8688e+00 -1.6202e+00 +2.6547e+00 +2.2943e+00 -3.5613e+00 -4.8116e+00 -1.8210e-01 -2.4431e-01 -6.5785e-01 -8.3504e-01 +1.8776e+00 -4.0675e+00 -3.4355e+00 -3.1420e+00
18 +3.877559507e+01 +3.877559507e+01 -1.843440493e+01 -1.843440493e+01 -1.9339e+00 -2.3415e+00 -2.2452e+00 -1.9122e+00 -3.5541e+00 +2.3330e+00 -4.9389e+00 +4.7714e+00 +1.4497e+00 -3.6353e+00 +4.9694e+00 -2.7772e+00 +4.9948e+00 +3.6179e+00 -3.5765e+00 -9.3806e-01 -4.3670e+00 -4.5517e-01 -7.5013e-01 -5.2586e-01
3414 +2.227168676e+01 +2.227168676e+01 -3.493831324e+01 -3.493831324e+01 -1.6464e-01 +1.7206e+00 -2.3107e+00 -1.9656e+00 -2.1468e+00 +1.1968e+00 -3.3074e+00 -3.1814e+00 +2.5539e+00 +0.0000e+00 +4.5211e+00 +1.3468e+00 +5.0000e+00 +2.7500e+00 -5.9497e-01 +0.0000e+00 -2.2536e+00 +2.9821e+00 -1.4311e+00 +5.7978e-01
42845 +1.582024904e+01 +1.582024904e+01 -4.138975096e+01 -4.138975096e+01 +5.1842e-01 +3.0501e+00 -9.6011e-01 -2.8852e+00 -2.0321e+00 +1.7238e+00 -4.1470e+00 -1.5820e+00 +3.7792e+00 -2.3635e+00 +5.0000e+00 +1.3154e-01 +5.0000e+00 +2.2050e+00 +2.7423e-01 -3.6852e-01 -4.2448e+00 +4.8617e+00 -8.1590e-01 -5.2753e-01
45309 +9.891537485e+00 +9.891537485e+00 -4.731846251e+01 -4.731846251e+01 +5.1134e-01 +2.9275e+00 -6.5835e-01 -3.0691e+00 -2.3705e+00 +1.7792e+00 -4.5933e+00 -1.5239e+00 +4.1051e+00 -2.1333e+00 +5.0000e+00 +7.3155e-02 +5.0000e+00 +2.2152e+00 +1.1908e+00 -4.1969e-01 -3.8986e+00 +5.0000e+00 -7.1936e-01 -5.0055e-01
46251 +5.844677637e+00 +5.844677637e+00 -5.136532236e+01 -5.136532236e+01 +5.2706e-01 +2.9672e+00 -6.6202e-01 -3.2146e+00 -2.4947e+00 +2.0270e+00 -4.5119e+00 -1.5846e+00 +4.1254e+00 -1.9854e+00 +5.0000e+00 -1.2818e-01 +5.0000e+00 +2.2514e+00 +4.7985e-01 -4.9047e-01 -3.8791e+00 +4.8670e+00 -5.4327e-01 -4.8601e-01
% function evaluation | noise-free fitness - Fopt (-2.778000000000e+01) | best noise-free fitness - Fopt | measured fitness | best measured fitness | x1 | x2...
1 +1.191553560e+02 +1.191553560e+02 +9.137535595e+01 +9.137535595e+01 -4.9885e+00 -3.5258e-01 -6.1125e-02 -1.4798e+00 +3.6403e+00 -1.9382e+00 -1.6287e+00 -5.3704e-01 -4.2954e+00 -1.3482e+00 +1.8168e-02 +5.8884e-01 -6.4130e-01 +3.1462e+00 -2.8559e+00 -3.8757e+00 -3.7989e+00 +3.4728e+00 -3.3933e+00 -2.4605e+00
3 +5.093463995e+01 +5.093463995e+01 +2.315463995e+01 +2.315463995e+01 +3.0744e+00 +3.8251e+00 +2.0844e+00 -1.1565e-01 +3.6322e-01 -3.7104e+00 +1.9699e+00 -6.9196e-01 -2.2028e+00 +1.6163e+00 -4.3130e+00 +1.4499e+00 -4.9118e+00 -4.0489e-01 +4.5577e+00 -1.2880e-01 +3.1078e+00 +2.8150e-01 -1.0886e+00 -3.0224e-01
32 +3.626578334e+01 +3.626578334e+01 +8.485783340e+00 +8.485783340e+00 -3.6273e+00 -3.5439e+00 -2.4184e+00 +4.0723e+00 -3.7231e+00 +2.6511e+00 -1.8621e+00 +2.6496e+00 +1.6584e+00 -3.5828e+00 -2.6744e+00 +1.5983e-01 -3.7535e+00 +9.4387e-01 +1.8831e+00 -1.3459e+00 +1.4229e+00 -4.8629e+00 +3.0851e+00 -3.9632e+00
4611 +2.472743246e+01 +2.472743246e+01 -3.052567542e+00 -3.052567542e+00 -5.0000e+00 +1.1912e+00 -3.9990e+00 -1.9986e+00 -7.0629e-01 -1.6072e+00 -3.8022e+00 +3.9201e+00 +5.0000e+00 +3.8228e-01 -4.4655e+00 -1.6998e+00 -1.4745e+00 +0.0000e+00 -2.4196e+00 +5.0000e+00 +1.3837e+00 -4.9851e+00 +2.3984e+00 -7.8673e-01
38881 +1.316226805e+01 +1.316226805e+01 -1.461773195e+01 -1.461773195e+01 -4.6483e+00 +5.0000e+00 -3.4754e+00 -1.4719e+00 -2.2742e+00 -4.0152e+00 -3.9167e+00 +3.1661e+00 +5.0000e+00 +3.4708e+00 -4.9386e+00 -3.5308e+00 -2.6969e+00 +9.3893e-01 -3.8828e+00 +5.0000e+00 +3.7703e+00 -4.9456e+00 +2.6717e+00 -4.2324e+00
41008 +9.999215636e+00 +9.999215636e+00 -1.778078436e+01 -1.778078436e+01 -4.8876e+00 +5.0000e+00 -3.5875e+00 -1.4642e+00 -2.1135e+00 -3.9974e+00 -3.8659e+00 +3.2231e+00 +5.0000e+00 +3.7384e+00 -4.9138e+00 -3.6757e+00 -2.6073e+00 +1.0148e+00 -3.9257e+00 +5.0000e+00 +3.9537e+00 -4.9453e+00 +2.6076e+00 -4.2497e+00
% function evaluation | noise-free fitness - Fopt (-4.871000000000e+01) | best noise-free fitness - Fopt | measured fitness | best measured fitness | x1 | x2...
1 +9.429006329e+01 +9.429006329e+01 +4.558006329e+01 +4.558006329e+01 -4.2972e+00 +1.0541e-01 +1.0078e+00 +1.2277e+00 -4.2648e+00 +4.2446e+00 +2.4895e+00 -1.3700e+00 -2.1704e+00 -3.1910e+00 -2.8691e+00 -3.2740e+00 +3.1310e-01 -6.1921e-02 -2.9692e+00 +1.0262e-02 +4.3871e+00 -9.4634e-01 +2.5424e+00 +5.5295e-01
5 +5.598534175e+01 +5.598534175e+01 +7.275341751e+00 +7.275341751e+00 +4.9870e+00 +3.1479e+00 -1.5163e-01 -3.3034e+00 +3.7340e+00 -2.0998e+00 +4.7434e+00 +1.1707e+00 -2.8402e+00 -6.0660e-01 -1.2868e+00 -3.6029e+00 +3.1957e+00 -2.5448e+00 -3.2614e+00 -1.7960e+00 +7.4788e-01 +3.2872e+00 -3.0417e+00 -6.5373e-02
184 +3.861985979e+01 +3.861985979e+01 -1.009014021e+01 -1.009014021e+01 +4.8288e+00 +1.1832e+00 +3.3965e+00 -1.3272e+00 +1.1272e+00 -2.9962e-01 -3.3796e-01 -5.3624e-02 -2.9084e+00 -1.4047e+00 -2.7108e+00 +5.0000e+00 +1.6764e+00 -1.4124e+00 +2.0363e-01 -4.1291e+00 -1.5898e+00 -3.3790e+00 +3.9193e+00 +5.0000e+00
774 +2.240859008e+01 +2.240859008e+01 -2.630140992e+01 -2.630140992e+01 -2.9989e+00 -1.6407e+00 +9.8992e-01 -3.6992e+00 -1.9851e+00 -2.2800e-01 -3.6617e+00 -1.4214e+00 -8.7531e-01 +9.0027e-01 -1.4941e-01 -3.8939e+00 -3.9609e+00 -9.4996e-01 +5.1880e-01 +8.3889e-02 -3.7523e+00 -5.0000e+00 +1.0085e+00 +4.9592e+00
% function evaluation | noise-free fitness - Fopt (-1.667900000000e+02) | best noise-free fitness - Fopt | measured fitness | best measured fitness | x1 | x2...
1 +1.099377170e+02 +1.099377170e+02 -5.685228299e+01 -5.685228299e+01 +3.1875e+00 +2.4712e+00 +4.5900e+00 -2.1875e+00 +2.0373e+00 +4.9852e+00 -4.5277e+00 -2.2627e+00 -1.3330e+00 +2.1383e+00 -4.5616e+00 -1.8829e+00 +3.9635e+00 -3.8106e+00 +2.3871e+00 +9.0591e-01 +3.9689e-01 -2.6903e-01 +3.3054e+00 +2.6448e+00
2 +9.835848615e+01 +9.835848615e+01 -6.843151385e+01 -6.843151385e+01 -1.5869e+00 +4.2086e+00 -1.0182e+00 -2.0637e+00 +2.3830e+00 +3.1761e+00 +4.7662e-01 -6.3479e-01 -4.5722e-01 +4.9374e+00 -1.6692e+00 -1.9770e+00 +1.4286e-01 +1.9382e+00 -2.3792e+00 -1.5056e+00 +4.2132e+00 +7.3675e-02 -2.4200e+00 +2.2887e+00
7 +5.976222137e+01 +5.976222137e+01 -1.070277786e+02 -1.070277786e+02 +1.4357e+00 +2.1350e+00 -3.1111e+00 -4.6201e+00 -2.3719e+00 -1.0538e+00 -2.0216e+00 +4.1753e+00 +3.6652e+00 +3.2589e+00 -4.0585e+00 -7.9795e-01 +2.4498e+00 -3.7114e+00 +7.4362e-02 +3.1348e+00 -2.0870e+00 +1.5562e+00 +2.4969e+00 -3.6988e+00
38 +3.976511495e+01 +3.976511495e+01 -1.270248851e+02 -1.270248851e+02 +3.1336e+00 +1.4135e+00 +1.2479e+00 -1.7141e+00 -3.9468e+00 +3.5586e+00 -3.6291e+00 -9.5208e-01 -8.1995e-01 -2.6223e+00 -8.9848e-03 -2.5235e+00 +3.1063e+00 +1.1870e+00 +3.0477e+00 -9.5277e-01 +4.0540e+00 -2.3877e+00 +2.1669e-01 -3.2407e+00
7197 +2.212220641e+01 +2.212220641e+01 -1.446677936e+02 -1.446677936e+02 -4.8214e+00 -5.0000e+00 +5.0000e+00 +4.7996e+00 -1.5510e+00 +4.0718e+00 +5.0000e+00 +4.2601e+00 -8.9139e-02 -1.0141e+00 -5.0000e+00 +0.0000e+00 -2.2732e+00 +1.8669e+00 -4.3879e+00 -2.1491e+00 +5.0000e+00 -4.5467e+00 -3.8238e+00 +0.0000e+00
45228 +1.536101875e+01 +1.536101875e+01 -1.514289813e+02 -1.514289813e+02 -5.0000e+00 -2.7201e+00 +4.6023e+00 +3.3078e+00 -5.0000e+00 +4.3070e+00 +4.7682e+00 +3.4814e+00 -3.1302e+00 -4.7052e+00 -4.2188e+00 -1.0075e+00 +4.9171e-02 +2.7208e+00 -1.3688e+00 -3.1742e+00 +4.0537e+00 -1.2304e+00 -2.3320e+00 +6.4379e-01
% function evaluation | noise-free fitness - Fopt (1.000000000000e+03) | best noise-free fitness - Fopt | measured fitness | best measured fitness | x1 | x2...
1 +1.141925033e+02 +1.141925033e+02 +1.114192503e+03 +1.114192503e+03 -1.9957e-01 +2.4605e+00 +4.6559e+00 +2.6234e+00 +3.0231e+00 +2.1723e+00 -4.4408e-01 +2.1624e+00 -3.4560e+00 +2.6518e+00 -6.7440e-01 -8.0909e-02 +4.4747e+00 -4.2845e+00 -4.0430e+00 -4.4753e+00 +1.9183e+00 -3.5463e+00 -1.6350e-01 +1.3789e+00
2 +9.232627158e+01 +9.232627158e+01 +1.092326272e+03 +1.092326272e+03 -4.5602e+00 +2.0158e+00 -1.0894e+00 +2.7971e+00 -4.8081e+00 -2.1084e+00 -8.9629e-01 +3.7051e+00 +1.3184e+00 +1.4011e+00 -4.6857e+00 -2.3079e+00 +1.9072e+00 +2.0920e+00 -4.3597e+00 +4.0601e+00 -4.1613e+00 +3.8865e+00 -1.1125e+00 +1.1412e+00
15 +4.511710722e+01 +4.511710722e+01 +1.045117107e+03 +1.045117107e+03 +3.6040e+00 -7.9473e-01 +1.3147e+00 -4.7903e+00 +1.2741e+00 +4.0494e+00 -3.5204e+00 -2.3626e+00 +3.6079e-01 +4.2305e+00 +4.5423e+00 -4.0237e+00 +5.6858e-01 -1.2027e-01 +4.3328e+00 +4.7341e+00 +3.4413e+00 -9.0063e-01 +3.8294e-01 +3.7908e+00
74 +3.509952633e+01 +3.509952633e+01 +1.035099526e+03 +1.035099526e+03 +2.0775e+00 +5.0000e+00 -2.4046e+00 -3.4882e+00 +1.6207e+00 +4.8431e+00 -9.0819e-02 +5.0000e+00 -8.1541e-01 -1.7322e+00 +7.4085e-01 +5.0000e+00 -4.0415e+00 -1.4723e+00 +1.5838e+00 -4.4204e+00 -5.0000e+00 -4.9046e+00 +2.6147e+00 +4.4835e+00
2404 +2.411362815e+01 +2.411362815e+01 +1.024113628e+03 +1.024113628e+03 +1.6534e-01 +5.0000e+00 +1.3777e+00 -2.4332e+00 -2.5953e+00 +4.8768e+00 -5.0000e+00 +4.7730e+00 -4.8526e-02 -3.6644e+00 -4.7484e-01 +2.9288e+00 -4.2735e+00 -4.5850e+00 +5.0000e+00 -4.6108e+00 -5.0000e+00 -5.0000e+00 +5.0000e+00 +5.0000e+00
48493 +1.498277980e+01 +1.498277980e+01 +1.014982780e+03 +1.014982780e+03 +4.9797e+00 +4.9597e+00 -2.6590e+00 -4.8104e+00 -1.8783e+00 +4.9707e+00 -4.8630e+00 +4.6049e+00 +7.1258e-01 -2.2872e+00 +4.4695e-01 +2.5268e+00 -4.8153e+00 -1.9751e+00 +5.0000e+00 -5.0000e+00 -4.8766e+00 -4.9995e+00 +4.4841e+00 +4.7203e+00
% function evaluation | noise-free fitness - Fopt (-1.847000000000e+01) | best noise-free fitness - Fopt | measured fitness | best measured fitness | x1 | x2...
1 +7.802448497e+01 +7.802448497e+01 +5.955448497e+01 +5.955448497e+01 -1.3560e+00 -1.7786e+00 -4.7284e+00 +1.9104e+00 -4.3968e+00 -3.8946e+00 +1.0885e+00 -9.1226e-01 -4.3411e+00 +3.9355e+00 +4.5366e+00 +1.4805e+00 -4.1593e-01 +3.9572e+00 +3.7324e+00 -3.4690e+00 +4.6581e+00 +3.3965e+00 +1.5499e+00 -1.8996e+00
4 +5.604014513e+01 +5.604014513e+01 +3.757014513e+01 +3.757014513e+01 +3.4048e+00 -7.5333e-01 -1.2148e+00 +1.8051e-01 -7.3333e-01 +6.2352e-01 -2.8829e+00 -3.6637e+00 -4.5360e+00 -3.2954e+00 -1.8025e+00 -3.3547e+00 -3.2854e+00 -1.8362e+00 -1.5023e+00 +8.8215e-01 +3.1729e+00 +2.4493e+00 +2.9321e+00 +4.7399e+00
200 +3.016688276e+01 +3.016688276e+01 +1.169688276e+01 +1.169688276e+01 -2.5651e+00 -1.6896e+00 +1.5309e-01 +1.5918e+00 +1.2671e-01 +4.9851e+00 -1.0269e+00 -4.3811e-02 -1.4552e+00 -1.4885e+00 +2.6523e+00 -4.7319e+00 -4.8857e+00 -2.1014e+00 +3.4678e+00 -3.8918e+00 +5.0000e+00 -5.0000e+00 +1.6302e+00 +1.4616e+00
5509 +2.345224148e+01 +2.345224148e+01 +4.982241476e+00 +4.982241476e+00 +3.1668e+00 -9.0425e-01 +1.2777e+00 -9.7208e-01 -1.9605e-01 +5.0000e+00 -2.0667e+00 -8.4293e-01 +3.6739e+00 -1.8840e+00 +9.4730e-01 -4.8108e+00 -4.6447e+00 -2.2452e+00 -1.8075e-01 +6.7567e-01 -4.9292e-01 -2.9742e+00 +7.0591e-01 +1.2700e-02
8061 +1.388847513e+01 +1.388847513e+01 -4.581524873e+00 -4.581524873e+00 -1.1704e-01 +4.7598e-02 -3.7015e+00 -2.9502e-01 +0.0000e+00 +4.9993e+00 -2.9513e+00 +9.6243e-01 +1.3984e+00 -2.1465e-01 +5.0000e+00 -4.5997e+00 -4.3659e+00 -1.7387e+00 +1.4313e+00 -2.4567e+00 +9.0808e-02 -4.1446e+00 +8.6804e-01 +1.4627e+00
% function evaluation | noise-free fitness - Fopt (-5.971000000000e+01) | best noise-free fitness - Fopt | measured fitness | best measured fitness | x1 | x2...
1 +6.679092127e+01 +6.679092127e+01 +7.080921272e+00 +7.080921272e+00 -3.8100e+00 +3.0409e+00 -2.7104e+00 +1.2425e+00 +1.5769e+00 -1.8273e+00 -1.3950e+00 +4.3392e+00 +7.8893e-01 -5.1109e-01 -4.0891e+00 -4.5630e+00 +3.7764e+00 -1.1095e+00 -2.5415e+00 +2.7026e+00 -3.7021e+00 +1.6039e+00 -4.6568e-01 -2.7460e+00
12 +6.200254483e+01 +6.200254483e+01 +2.292544834e+00 +2.292544834e+00 -1.7637e+00 -2.8396e+00 -4.2173e+00 -2.9959e-01 +2.9441e+00 +1.8988e+00 -3.1778e+00 +3.7271e+00 +2.6261e+00 -1.8610e+00 +3.4280e+00 -1.0380e+00 +1.8854e-01 +1.1609e+00 -4.6908e+00 +7.6758e-01 +4.7644e-01 -3.6392e+00 -3.3605e+00 -2.2485e+00
38 +3.493688213e+01 +3.493688213e+01 -2.477311787e+01 -2.477311787e+01 -4.1417e+00 +1.3846e+00 -9.5513e-01 +5.5517e-01 +1.5627e+00 +3.1912e+00 -8.1087e-01 -1.2974e-01 -4.0895e+00 +4.3710e+00 -3.9853e+00 -2.7906e+00 -2.4559e+00 -4.2928e+00 +1.7851e+00 +6.9307e-01 +4.2388e+00 +2.5455e+00 -4.6563e+00 +4.4619e+00
24212 +2.205494433e+01 +2.205494433e+01 -3.765505567e+01 -3.765505567e+01 -3.5220e+00 +5.0000e+00 -4.9195e+00 -2.5055e+00 -2.8541e+00 +4.3631e+00 +2.4881e+00 -5.0000e+00 -3.5777e+00 +5.0000e+00 -5.0000e+00 +1.1430e+00 -3.4087e+00 -3.7190e+00 -4.5354e-01 +4.8427e+00 +4.7815e+00 -6.0778e-01 -5.0000e+00 +3.5206e+00
31914 +1.353065827e+01 +1.353065827e+01 -4.617934173e+01 -4.617934173e+01 -3.4408e+00 +4.5502e+00 -4.9481e+00 -3.1749e+00 -3.2577e+00 +3.0382e+00 +2.5703e+00 -4.6081e+00 -3.6713e+00 +5.0000e+00 -4.7363e+00 +8.1594e-01 -3.6528e+00 -3.7850e+00 -8.1777e-01 +4.1926e+00 +4.7437e+00 -1.3783e+00 -5.0000e+00 +4.0233e+00
32607 +9.646519917e+00 +9.646519917e+00 -5.006348008e+01 -5.006348008e+01 -3.1588e+00 +4.7729e+00 -4.9210e+00 -3.3847e+00 -3.2906e+00 +3.0168e+00 +2.4530e+00 -4.6988e+00 -3.9702e+00 +5.0054e+00 -4.7993e+00 +4.6642e-01 -3.3809e+00 -3.6516e+00 -8.3622e-01 +4.5251e+00 +4.8974e+00 -1.1358e+00 -4.8737e+00 +3.8242e+00
35422 +6.053397497e+00 +6.053397497e+00 -5.365660250e+01 -5.365660250e+01 -3.2150e+00 +4.5390e+00 -4.8922e+00 -3.3484e+00 -3.1426e+00 +2.9042e+00 +2.3150e+00 -4.7440e+00 -4.0025e+00 +5.0228e+00 -4.2433e+00 +4.4753e-01 -3.6174e+00 -2.9832e+00 -1.2934e+00 +4.4031e+00 +4.7167e+00 -1.4812e+00 -4.8373e+00 +3.8332e+00
44157 +3.063537805e+00 +3.063537805e+00 -5.664646220e+01 -5.664646220e+01 -2.7237e+00 +5.0000e+00 -4.9072e+00 -3.5592e+00 -3.4813e+00 +3.0607e+00 +2.4658e+00 -4.7775e+00 -3.6991e+00 +4.9893e+00 -4.2766e+00 +3.5588e-01 -3.4572e+00 -2.6781e+00 -1.2168e+00 +4.5289e+00 +4.7229e+00 -1.4766e+00 -4.3386e+00 +4.0447e+00
% function evaluation | noise-free fitness - Fopt (-9.684000000000e+01) | best noise-free fitness - Fopt | measured fitness | best measured fitness | x1 | x2...
1 +7.459971405e+01 +7.459971405e+01 -2.224028595e+01 -2.224028595e+01 +4.5199e+00 -1.5665e+00 +2.1261e+00 +1.8819e+00 -1.5845e+00 +7.3250e-01 -1.0604e-01 -1.7032e+00 -4.7225e+00 +1.0803e-01 -4.7042e+00 +3.2798e+00 +2.6529e-01 +2.6050e+00 -4.0561e+00 -2.0483e+00 +3.1835e+00 -4.5029e+00 -2.7500e+00 +3.5554e+00
3 +5.546640626e+01 +5.546640626e+01 -4.137359374e+01 -4.137359374e+01 +1.0216e+00 +6.3852e-01 +4.4009e+00 +2.8029e-01 -3.6258e+00 +3.3967e+00 -1.3863e+00 +7.3464e-01 +1.3295e-01 -3.4722e+00 +3.3430e+00 +2.6869e+00 -3.3019e+00 +3.4592e+00 +3.0101e+00 -2.2631e+00 +2.8018e+00 +3.3042e+00 +2.0336e+00 +4.5894e+00
40 +3.946212288e+01 +3.946212288e+01 -5.737787712e+01 -5.737787712e+01 +3.2445e+00 -1.0091e+00 -3.7375e+00 +2.7213e+00 +2.9312e+00 -6.7521e-01 +1.6396e+00 +1.3344e+00 -4.4540e+00 -3.5656e+00 +1.6677e+00 -4.1619e+00 +2.6947e+00 +4.0181e+00 -1.6796e+00 -2.7851e+00 +1.0643e+00 -9.1041e-01 +1.1208e+00 +1.1129e+00
1666 +2.178859779e+01 +2.178859779e+01 -7.505140221e+01 -7.505140221e+01 +5.0000e+00 -5.0000e+00 -5.7873e-01 +5.0000e+00 +5.0000e+00 +5.0000e+00 -2.8633e+00 +5.0000e+00 -3.0484e+00 -4.9519e+00 -3.6337e+00 -1.2484e+00 +5.0000e+00 -1.1860e+00 -4.7422e+00 -5.0000e+00 -5.0000e+00 -3.6591e+00 -4.0193e+00 +5.0000e+00
7433 +1.516276456e+01 +1.516276456e+01 -8.167723544e+01 -8.167723544e+01 +3.3142e+00 -5.0256e+00 -1.0025e-01 +2.7015e+00 +2.9980e+00 +1.5924e+00 -1.6720e+00 +3.8305e+00 -2.5635e+00 -4.4099e+00 -3.8861e+00 -3.1311e-01 +4.6701e+00 -4.0102e-01 -4.3572e+00 -5.0302e+00 -4.5157e+00 -5.1508e+00 -3.7370e+00 +4.8838e+00
12504 +8.630255951e+00 +8.630255951e+00 -8.820974405e+01 -8.820974405e+01 +2.7749e+00 -5.0688e+00 -2.5536e-02 +3.0798e+00 +3.7077e+00 +1.7283e+00 -8.1456e-01 +3.6591e+00 -2.9744e+00 -4.6226e+00 -2.5837e+00 +2.4277e-01 +4.8724e+00 -6.5100e-01 -4.9145e+00 -5.0221e+00 -4.5482e+00 -4.5416e+00 -3.7081e+00 +4.8764e+00
16273 +5.208005405e+00 +5.208005405e+00 -9.163199460e+01 -9.163199460e+01 +2.7212e+00 -4.8505e+00 -5.9137e-01 +2.9873e+00 +3.9989e+00 +2.6570e+00 -1.5619e+00 +3.8044e+00 -3.1264e+00 -4.8992e+00 -3.1391e+00 +1.2585e-02 +4.9610e+00 -8.7612e-01 -4.4910e+00 -5.0767e+00 -4.5953e+00 -5.2632e+00 -3.7205e+00 +4.7870e+00
24056 +3.707832350e+00 +3.707832350e+00 -9.313216765e+01 -9.313216765e+01 +2.6954e+00 -5.1190e+00 -2.9183e-01 +3.2501e+00 +3.7353e+00 +2.6107e+00 -9.3649e-01 +3.5875e+00 -3.3371e+00 -4.9570e+00 -3.0866e+00 +5.5629e-02 +5.1705e+00 -8.8481e-01 -4.7223e+00 -4.9302e+00 -4.3833e+00 -5.1042e+00 -3.8448e+00 +4.3056e+00
29524 +2.498805967e+00 +2.498805967e+00 -9.434119403e+01 -9.434119403e+01 +2.7243e+00 -5.0732e+00 -2.4063e-02 +2.9541e+00 +3.4538e+00 +2.4026e+00 -1.0286e+00 +3.9215e+00 -3.1998e+00 -4.8230e+00 -2.8060e+00 -3.0545e-02 +5.1844e+00 -9.7959e-01 -4.7684e+00 -4.9913e+00 -4.4067e+00 -5.2173e+00 -3.6487e+00 +4.6118e+00
36656 +1.360813421e+00 +1.360813421e+00 -9.547918658e+01 -9.547918658e+01 +2.7925e+00 -5.2724e+00 -3.3078e-02 +2.9146e+00 +3.6350e+00 +2.0438e+00 -1.1145e+00 +3.6739e+00 -3.2668e+00 -5.0981e+00 -2.7343e+00 +4.9860e-02 +5.1555e+00 -8.0268e-01 -4.8260e+00 -4.8616e+00 -4.3907e+00 -4.9877e+00 -3.6393e+00 +4.5771e+00
45752 +8.124457018e-01 +8.124457018e-01 -9.602755430e+01 -9.602755430e+01 +2.7530e+00 -5.2970e+00 +6.8546e-02 +2.9696e+00 +3.5039e+00 +2.2258e+00 -1.1549e+00 +3.5848e+00 -3.2238e+00 -4.9647e+00 -2.7385e+00 +3.5111e-02 +5.2442e+00 -8.2879e-01 -4.8424e+00 -4.8259e+00 -4.3249e+00 -5.1395e+00 -3.5944e+00 +4.5177e+00
49664 +5.966136555e-01 +5.966136555e-01 -9.624338634e+01 -9.624338634e+01 +2.7334e+00 -5.3453e+00 +2.9307e-02 +3.0491e+00 +3.6012e+00 +2.2714e+00 -1.0636e+00 +3.8284e+00 -3.2748e+00 -5.1543e+00 -2.6895e+00 +8.1246e-02 +5.3146e+00 -8.6349e-01 -4.8177e+00 -4.9798e+00 -4.2955e+00 -5.1033e+00 -3.5646e+00 +4.5457e+00
% function evaluation | noise-free fitness - Fopt (3.207000000000e+01) | best noise-free fitness - Fopt | measured fitness | best measured fitness | x1 | x2...
1 +7.227079325e+01 +7.227079325e+01 +1.043407933e+02 +1.043407933e+02 -4.2091e-01 +5.1443e-01 +6.8936e-01 -2.8736e+00 -3.8355e+00 +3.1627e+00 +3.5875e+00 -3.1834e+00 +1.3070e+00 -4.0059e+00 -3.8503e+00 -4.7817e+00 +3.0946e+00 +2.7083e+00 -4.4570e+00 -1.5451e+00 +2.2225e+00 +1.9885e+00 +3.9813e+00 +1.1696e+00
3 +5.959329449e+01 +5.959329449e+01 +9.166329449e+01 +9.166329449e+01 +2.3942e+00 +1.0022e+00 -1.3508e+00 +3.0832e+00 +4.8161e+00 -6.9323e-01 -3.2573e+00 +4.0984e+00 +1.3219e+00 -3.5289e+00 +2.0601e-02 -9.5992e-01 -2.7352e+00 +1.1935e+00 -2.6918e+00 -4.1153e+00 -3.9752e+00 +4.8916e+00 +4.0271e+00 -2.8319e+00
353 +3.429681190e+01 +3.429681190e+01 +6.636681190e+01 +6.636681190e+01 +1.0470e+00 +1.1042e+00 -3.4099e+00 +4.9489e+00 -1.8009e+00 +3.3560e+00 +5.0000e+00 -2.7748e+00 +3.8807e+00 +4.0788e+00 -4.7556e+00 +3.3844e+00 +1.3867e-01 -5.0000e+00 -2.0830e+00 +3.9569e+00 -3.5846e+00 -2.3698e+00 -5.0000e+00 +0.0000e+00
978 +2.482061549e+01 +2.482061549e+01 +5.689061549e+01 +5.689061549e+01 -3.6304e+00 -5.0000e+00 -5.0000e+00 +1.9384e+00 +4.4533e+00 -2.8741e+00 -5.0000e+00 -2.3311e+00 +5.0000e+00 -3.0516e+00 -4.2708e+00 +5.0000e+00 +3.1377e+00 -1.0463e+00 +5.0000e+00 -2.1423e+00 -5.0000e+00 +2.9259e+00 +0.0000e+00 +5.0000e+00
46198 +1.483096915e+01 +1.483096915e+01 +4.690096915e+01 +4.690096915e+01 +2.2501e+00 -2.9512e+00 -2.1193e+00 +4.0648e+00 +3.5188e+00 -5.0000e+00 -3.2525e+00 -1.3569e+00 +4.2896e+00 +4.2370e+00 +1.5327e-01 +4.9997e+00 -1.9933e+00 -3.4781e-01 +1.6061e+00 -4.9525e-02 -3.0279e+00 +4.0412e+00 -3.8427e+00 +3.9108e+00
% function evaluation | noise-free fitness - Fopt (2.624000000000e+01) | best noise-free fitness - Fopt | measured fitness | best measured fitness | x1 | x2...
1 +6.082983604e+01 +6.082983604e+01 +8.706983604e+01 +8.706983604e+01 +3.0103e+00 +6.8893e-01 -4.6721e+00 -2.7236e+00 -2.6864e+00 +1.7862e+00 -2.8017e+00 +4.3995e+00 +4.5406e+00 -1.8273e+00 -7.2269e-01 -1.7972e+00 +3.4064e+00 -3.4218e+00 +4.2260e+00 +1.5978e+00 +2.2915e+00 +2.5519e+00 +6.0587e-01 -4.9698e+00
162 +2.649855362e+01 +2.649855362e+01 +5.273855362e+01 +5.273855362e+01 +2.1963e+00 -4.6638e+00 -1.3783e+00 +3.4225e+00 +5.0718e+00 -4.2953e+00 -2.7818e+00 +2.2612e-01 -8.0521e-01 -4.0756e+00 +3.3124e+00 -6.7101e+00 +3.2038e+00 +3.4978e+00 -2.9043e+00 +9.3017e-01 +4.0657e+00 -2.2230e+00 +2.5773e+00 -6.1306e+00
6958 +2.019462715e+01 +2.019462715e+01 +4.643462715e+01 +4.643462715e+01 +1.1875e+00 -1.6156e+00 -3.8751e+00 +4.8225e+00 +5.0000e+00 -2.7747e+00 -1.2893e+00 +6.7841e-01 -1.9408e+00 -4.8472e+00 -3.3248e-01 -5.0000e+00 +3.7599e+00 +2.2627e+00 +5.8648e-01 -3.2152e+00 +2.5837e+00 -1.5703e+00 +2.0353e+00 -3.2637e+00
% function evaluation | noise-free fitness - Fopt (-1.610000000000e+01) | best noise-free fitness - Fopt | measured fitness | best measured fitness | x1 | x2...
1 +5.263174752e+01 +5.263174752e+01 +3.653174752e+01 +3.653174752e+01 -4.6664e+00 +2.4881e+00 -1.1013e+00 -3.8013e+00 +2.0866e+00 -3.8481e+00 -3.7784e+00 +3.9846e+00 -2.7196e+00 +2.0165e+00 -3.5030e+00 -1.3194e+00 +2.1747e-01 -3.3871e-01 +4.1520e+00 -3.5762e+00 -2.2556e-03 +1.9164e+00 -2.5662e-01 -1.1207e+00
97 +3.555840143e+01 +3.555840143e+01 +1.945840143e+01 +1.945840143e+01 -1.0428e-01 -5.0000e+00 +2.5361e+00 +1.3274e+00 -2.8474e+00 +2.0413e+00 -4.7312e+00 +6.3981e-01 -4.9872e+00 +3.6528e+00 +2.7080e+00 +4.2660e+00 -4.9012e+00 +2.7242e-01 -2.2848e+00 +6.3783e-01 -2.5970e-01 -2.8155e+00 +9.1409e-01 +2.4219e+00
6047 +2.458248391e+01 +2.458248391e+01 +8.482483913e+00 +8.482483913e+00 -3.5942e+00 +3.4240e+00 -1.6281e+00 +1.7695e+00 -2.7829e+00 -2.5886e+00 -2.2280e+00 -2.3420e+00 -2.1379e+00 -4.3688e-01 +3.1290e+00 -1.3886e+00 +7.4262e-01 +9.1024e-01 -2.1677e+00 +1.8733e+00 +5.7767e-01 -7.6228e-01 +2.1911e+00 +1.3136e+00
40834 +1.522851779e+01 +1.522851779e+01 -8.714822135e-01 -8.714822135e-01 -3.6073e+00 +3.8091e+00 -7.0778e-01 +1.1808e+00 -2.0562e+00 -3.7636e+00 +4.2012e+00 -1.5198e+00 -5.5044e-01 +2.3103e-01 +2.9934e+00 -1.9113e+00 +2.4473e+00 +1.7197e+00 -2.6130e+00 +3.8541e-01 +2.3451e+00 -6.1199e-01 +4.0429e+00 -9.8035e-01
