% function evaluation | noise-free fitness - Fopt (-1.694000000000e+01) | best noise-free fitness - Fopt | measured fitness | best measured fitness | x1 | x2...
1 +1.573975116e+01 +1.573975116e+01 -1.200248841e+00 -1.200248841e+00 +3.8618e+00 +4.5735e-01 -3.4339e+00 +4.5971e+00 +3.7288e+00 +2.9429e-01 +1.1582e-01 -1.7120e+00 -2.3172e+00 -4.6244e+00
94 +9.993826294e+00 +9.993826294e+00 -6.946173706e+00 -6.946173706e+00 +1.8413e+00 +5.0000e+00 +1.8171e+00 +5.0000e+00 +5.0000e+00 -3.0716e+00 +5.0000e+00 -2.3201e+00 +4.1226e-01 -1.6997e+00
898 +6.159882802e+00 +6.159882802e+00 -1.078011720e+01 -1.078011720e+01 +3.0677e+00 +4.5863e+00 -4.1111e+00 +5.0000e+00 -4.6473e-01 -1.0510e+00 +3.7048e+00 -1.9173e+00 +3.7367e+00 +9.5580e-02
2718 +3.109501413e+00 +3.109501413e+00 -1.383049859e+01 -1.383049859e+01 +3.4605e+00 +1.4353e+00 -1.2540e+00 +1.1173e+00 +1.2276e+00 -1.6049e+00 +4.6903e+00 -1.2862e+00 -9.1693e-02 -1.7270e+00
4095 +2.182631518e+00 +2.182631518e+00 -1.475736848e+01 -1.475736848e+01 +3.1031e+00 +2.1691e+00 -2.0948e+00 +1.4129e+00 +1.6099e+00 -1.6200e+00 +3.1914e+00 -2.0587e+00 +4.5013e-01 -2.3834e+00
10775 +7.995631059e-01 +7.995631059e-01 -1.614043689e+01 -1.614043689e+01 +3.9170e+00 +2.2870e+00 -1.4192e+00 +1.2856e+00 +1.7552e+00 -2.1277e+00 +3.9549e+00 -2.3054e+00 -1.9964e-01 -1.7388e+00
26048 +5.883646537e-01 +5.883646537e-01 -1.635163535e+01 -1.635163535e+01 +3.8888e+00 +2.5110e+00 -1.7077e+00 +8.8428e-01 +1.2103e+00 -1.4880e+00 +3.4903e+00 -1.9744e+00 -2.8025e-01 -1.9347e+00
33008 +3.822666505e-01 +3.822666505e-01 -1.655773335e+01 -1.655773335e+01 +3.5441e+00 +2.5398e+00 -9.0585e-01 +1.5050e+00 +1.0879e+00 -1.8594e+00 +3.3740e+00 -2.5048e+00 -2.4800e-01 -1.9351e+00
33120 +2.333823797e-01 +2.333823797e-01 -1.670661762e+01 -1.670661762e+01 +3.5875e+00 +2.6116e+00 -1.1598e+00 +1.7387e+00 +1.2791e+00 -1.9034e+00 +3.5584e+00 -2.2074e+00 -2.8099e-01 -2.0553e+00
41140 +1.390404861e-01 +1.390404861e-01 -1.680095951e+01 -1.680095951e+01 +3.6581e+00 +2.5399e+00 -1.3955e+00 +1.5170e+00 +1.3614e+00 -1.8771e+00 +3.4437e+00 -2.3691e+00 -3.9669e-01 -2.0149e+00
48991 +8.196849094e-02 +8.196849094e-02 -1.685803151e+01 -1.685803151e+01 +3.6635e+00 +2.5952e+00 -1.5005e+00 +1.4891e+00 +1.3999e+00 -1.9578e+00 +3.4630e+00 -2.3814e+00 -4.2110e-01 -2.0083e+00
% function evaluation | noise-free fitness - Fopt (1.881000000000e+01) | best noise-free fitness - Fopt | measured fitness | best measured fitness | x1 | x2...
1 +2.883779644e+01 +2.883779644e+01 +4.764779644e+01 +4.764779644e+01 +4.2218e+00 +2.6551e+00 -3.2049e+00 +3.9602e-01 -4.0253e+00 +2.2987e+00 -2.6725e+00 +3.6332e+00 -4.1675e+00 +1.0032e+00
2 +1.878033647e+01 +1.878033647e+01 +3.759033647e+01 +3.759033647e+01 -1.3101e-01 -3.3406e+00 -1.7360e+00 +1.7476e-01 -1.6735e+00 +2.7152e+00 +2.2936e+00 +2.4088e+00 +3.4735e+00 +3.1426e+00
25 +1.166139723e+01 +1.166139723e+01 +3.047139723e+01 +3.047139723e+01 +4.6904e-01 +1.9458e+00 +3.3546e+00 +4.2232e+00 +2.5453e+00 -4.5827e+00 +3.8520e-02 +2.1579e+00 +1.7985e+00 +2.4846e+00
55 +9.735882586e+00 +9.735882586e+00 +2.854588259e+01 +2.854588259e+01 +8.4823e-01 +3.1027e+00 -4.9213e+00 -2.2576e+00 +5.1663e-01 -1.9743e+00 -4.0859e-01 -7.8882e-01 -6.4043e-02 -1.3507e+00
157 +6.245362689e+00 +6.245362689e+00 +2.505536269e+01 +2.505536269e+01 +7.8198e-01 -2.9251e-02 -1.2599e+00 -4.8666e-01 +2.2451e+00 -3.5358e+00 +2.8130e-01 +8.4970e-01 -1.8813e+00 +2.5539e+00
870 +2.777627901e+00 +2.777627901e+00 +2.158762790e+01 +2.158762790e+01 -5.2883e-01 +2.0238e+00 +1.5659e+00 -2.2018e+00 +1.9678e+00 -2.1206e+00 -8.1195e-01 +2.2316e+00 -1.2870e+00 +2.4913e+00
8324 +2.171722524e+00 +2.171722524e+00 +2.098172252e+01 +2.098172252e+01 +8.8475e-01 +3.1654e+00 +3.4874e-01 +5.4368e-01 +2.6325e+00 -3.4959e+00 -3.5107e-02 +1.3359e+00 -1.3590e+00 +2.6360e+00
14651 +1.318503119e+00 +1.318503119e+00 +2.012850312e+01 +2.012850312e+01 +2.3523e-01 +2.9964e+00 +1.8082e-02 -7.1344e-01 +1.9704e+00 -3.3879e+00 +2.9315e-02 +9.1654e-01 -7.5675e-02 +2.5782e+00
18621 +8.468414786e-01 +8.468414786e-01 +1.965684148e+01 +1.965684148e+01 -6.4353e-01 +2.1798e+00 -4.6762e-01 +2.6034e-01 +1.5050e+00 -3.2334e+00 +3.7774e-01 +7.3022e-01 +7.0114e-01 +2.6016e+00
22146 +5.091148803e-01 +5.091148803e-01 +1.931911488e+01 +1.931911488e+01 +6.2726e-01 +2.0264e+00 -1.9491e-01 +1.1903e-01 +1.4758e+00 -2.7976e+00 -1.5951e-01 +4.2181e-01 +1.9667e-01 +3.1861e+00
27247 +3.934406423e-01 +3.934406423e-01 +1.920344064e+01 +1.920344064e+01 -3.3168e-01 +1.8870e+00 -8.6615e-01 +1.8325e-01 +1.9468e+00 -3.3245e+00 +1.1117e-01 +3.3688e-01 +3.7467e-01 +2.6895e+00
36794 +2.236506893e-01 +2.236506893e-01 +1.903365069e+01 +1.903365069e+01 -2.7172e-01 +1.7178e+00 -9.0335e-01 -9.8453e-02 +1.5179e+00 -3.3452e+00 +2.5508e-01 +3.8023e-01 +2.2573e-01 +2.5147e+00
40512 +1.265664490e-01 +1.265664490e-01 +1.893656645e+01 +1.893656645e+01 -2.7019e-01 +1.8142e+00 -9.2073e-01 +3.5613e-03 +1.7045e+00 -3.3017e+00 +2.3484e-01 +4.0969e-01 +3.3329e-01 +2.5979e+00
% function evaluation | noise-free fitness - Fopt (2.731500000000e+02) | best noise-free fitness - Fopt | measured fitness | best measured fitness | x1 | x2...
1 +1.221468659e+01 +1.221468659e+01 +2.853646866e+02 +2.853646866e+02 -4.7192e+00 +3.7111e+00 +1.9551e+00 +2.1311e-01 +4.5663e+00 +9.3733e-01 +1.5992e+00 -8.7332e-01 -2.2643e+00 +2.9313e+00
123 +8.561364602e+00 +8.561364602e+00 +2.817113646e+02 +2.817113646e+02 +3.0292e+00 +3.1930e+00 -2.0448e+00 +1.4292e+00 -2.0507e+00 -5.0000e+00 +5.0000e+00 -4.6266e+00 -2.0731e+00 +6.8979e-01
205 +5.951104253e+00 +5.951104253e+00 +2.791011043e+02 +2.791011043e+02 -2.6617e+00 +4.7295e+00 -4.6995e-01 +5.1163e-01 +3.2187e+00 -4.0086e+00 -2.8125e-01 +5.3761e-01 -2.4570e+00 +3.7637e-01
1380 +3.873673816e+00 +3.873673816e+00 +2.770236738e+02 +2.770236738e+02 -3.4534e+00 +3.1132e+00 -6.0770e-01 +2.6903e+00 +1.6008e+00 -3.8867e+00 -1.6670e+00 -2.4775e+00 -2.9417e+00 +2.9031e+00
6511 +1.957078293e+00 +1.957078293e+00 +2.751070783e+02 +2.751070783e+02 -4.2639e+00 +3.7449e+00 +5.2067e-02 +3.5284e+00 +1.8807e+00 -3.5947e+00 -8.9192e-01 -8.9982e-03 -1.8204e+00 +3.4453e+00
12271 +1.514395698e+00 +1.514395698e+00 +2.746643957e+02 +2.746643957e+02 -3.4514e+00 +2.9425e+00 -7.2623e-01 +3.0477e+00 +1.6634e+00 -3.4373e+00 -6.0341e-01 -7.3873e-01 -1.2380e+00 +2.8933e+00
16686 +8.259415229e-01 +8.259415229e-01 +2.739759415e+02 +2.739759415e+02 -3.4648e+00 +3.9807e+00 -1.0514e+00 +2.6408e+00 +1.7597e+00 -3.6810e+00 -7.9572e-01 -1.1644e+00 -2.1608e+00 +3.4145e+00
22277 +6.183504415e-01 +6.183504415e-01 +2.737683504e+02 +2.737683504e+02 -3.7732e+00 +3.5647e+00 -8.1247e-01 +2.4480e+00 +1.9980e+00 -3.8085e+00 -1.1275e+00 -9.7332e-01 -1.9691e+00 +3.2798e+00
29634 +3.126286199e-01 +3.126286199e-01 +2.734626286e+02 +2.734626286e+02 -3.4682e+00 +3.8629e+00 -4.7015e-01 +2.5078e+00 +2.0082e+00 -3.9478e+00 -8.6696e-01 -1.1443e+00 -1.8886e+00 +3.0462e+00
34185 +2.353619635e-01 +2.353619635e-01 +2.733853620e+02 +2.733853620e+02 -3.5668e+00 +3.5994e+00 -3.8718e-01 +2.8310e+00 +1.9485e+00 -3.8733e+00 -9.8048e-01 -1.0863e+00 -2.0606e+00 +3.2695e+00
39115 +1.280026641e-01 +1.280026641e-01 +2.732780027e+02 +2.732780027e+02 -3.5209e+00 +3.7562e+00 -4.9022e-01 +2.7035e+00 +2.0602e+00 -3.9360e+00 -1.0126e+00 -9.7649e-01 -2.0094e+00 +3.2400e+00
46953 +9.803975848e-02 +9.803975848e-02 +2.732480398e+02 +2.732480398e+02 -3.6106e+00 +3.7493e+00 -4.7177e-01 +2.5329e+00 +2.1020e+00 -3.8876e+00 -1.0636e+00 -1.0745e+00 -1.9250e+00 +3.1868e+00
% function evaluation | noise-free fitness - Fopt (3.718000000000e+01) | best noise-free fitness - Fopt | measured fitness | best measured fitness | x1 | x2...
1 +9.401178384e+01 +9.401178384e+01 +1.311917838e+02 +1.311917838e+02 +3.6582e+00 +5.6816e-01 -4.0588e+00 +2.9543e+00 -2.2845e+00 +2.1564e-01 +2.8422e+00 -2.4799e+00 +2.7050e+00 +6.4487e-01
2 +2.725970490e+01 +2.725970490e+01 +6.443970490e+01 +6.443970490e+01 -4.3816e+00 -3.0188e+00 -4.5464e+00 +6.1782e-01 -3.5519e+00 -1.2936e+00 +6.9124e-01 +2.7870e+00 +1.1342e+00 -4.3680e+00
4 +1.262477817e+01 +1.262477817e+01 +4.980477817e+01 +4.980477817e+01 +1.4684e+00 +1.5399e+00 +8.6333e-01 +2.4160e+00 -1.8639e+00 +5.5305e-02 +3.4018e+00 -3.9436e+00 -1.7773e+00 +5.0704e-01
167 +6.999569450e+00 +6.999569450e+00 +4.417956945e+01 +4.417956945e+01 -5.0000e+00 +9.6695e-01 +1.2872e+00 +7.7390e-01 -4.6672e+00 +1.4992e+00 -1.2722e+00 -3.7231e+00 +1.8231e-03 +1.7822e+00
575 +6.099257145e+00 +6.099257145e+00 +4.327925715e+01 +4.327925715e+01 -3.9543e+00 +2.3604e+00 +5.0000e+00 -2.5928e+00 -4.6271e+00 +0.0000e+00 +0.0000e+00 -4.4269e+00 -1.0144e+00 +5.0000e+00
845 +3.838632269e+00 +3.838632269e+00 +4.101863227e+01 +4.101863227e+01 -3.9418e+00 +2.9607e+00 +3.0855e+00 +1.5226e+00 -3.6066e+00 -5.8279e-02 -3.5004e-01 -3.6621e+00 -4.0993e+00 +3.3328e+00
893 +2.292103469e+00 +2.292103469e+00 +3.947210347e+01 +3.947210347e+01 -4.1167e+00 +3.2562e+00 +2.7679e+00 +3.0312e-01 -4.2999e+00 +5.2646e-01 +5.5008e-01 -4.2540e+00 -2.6135e+00 +4.4087e+00
5618 +1.575955931e+00 +1.575955931e+00 +3.875595593e+01 +3.875595593e+01 -4.6821e+00 +1.9582e+00 +2.5303e+00 +6.6865e-01 -3.6757e+00 -6.1424e-01 +3.1910e-01 -3.6086e+00 -1.5253e+00 +2.9367e+00
11179 +9.135836294e-01 +9.135836294e-01 +3.809358363e+01 +3.809358363e+01 -4.7609e+00 +2.2212e+00 +1.8841e+00 +1.4928e+00 -3.2951e+00 -1.5817e+00 +6.6001e-01 -3.4951e+00 -1.9476e+00 +3.2648e+00
17354 +4.470827405e-01 +4.470827405e-01 +3.762708274e+01 +3.762708274e+01 -4.0140e+00 +2.2591e+00 +1.8971e+00 +1.7852e+00 -3.5683e+00 -1.2106e+00 +5.1011e-01 -3.4047e+00 -1.8101e+00 +3.1566e+00
24056 +3.076459790e-01 +3.076459790e-01 +3.748764598e+01 +3.748764598e+01 -3.8514e+00 +2.1791e+00 +2.0861e+00 +1.1508e+00 -3.4183e+00 -1.3192e+00 +2.8201e-01 -3.4788e+00 -1.8692e+00 +3.2033e+00
32710 +2.026195703e-01 +2.026195703e-01 +3.738261957e+01 +3.738261957e+01 -3.8416e+00 +2.0708e+00 +2.0297e+00 +1.5988e+00 -3.5688e+00 -1.4014e+00 +3.4470e-01 -3.2735e+00 -1.8042e+00 +3.0478e+00
36449 +1.330488511e-01 +1.330488511e-01 +3.731304885e+01 +3.731304885e+01 -3.8944e+00 +1.9481e+00 +1.9839e+00 +1.6357e+00 -3.5539e+00 -1.2821e+00 +3.3167e-01 -3.3764e+00 -1.7127e+00 +3.0238e+00
41902 +8.417229819e-02 +8.417229819e-02 +3.726417230e+01 +3.726417230e+01 -3.9004e+00 +2.0105e+00 +1.9795e+00 +1.6084e+00 -3.5383e+00 -1.3034e+00 +3.7904e-01 -3.3464e+00 -1.6945e+00 +3.0270e+00
49389 +5.296156252e-02 +5.296156252e-02 +3.723296156e+01 +3.723296156e+01 -3.8937e+00 +2.0774e+00 +2.0466e+00 +1.6043e+00 -3.5489e+00 -1.2715e+00 +3.6850e-01 -3.3509e+00 -1.7439e+00 +3.0484e+00
% function evaluation | noise-free fitness - Fopt (-1.479000000000e+02) | best noise-free fitness - Fopt | measured fitness | best measured fitness | x1 | x2...
1 +1.483807652e+01 +1.483807652e+01 -1.330619235e+02 -1.330619235e+02 -2.2924e+00 +2.3537e+00 +3.9367e+00 -1.2982e+00 -1.7992e+00 +7.3469e-01 +2.5068e+00 +3.0994e+00 -8.6145e-01 -1.4725e+00
55 +9.412977430e+00 +9.412977430e+00 -1.384870226e+02 -1.384870226e+02 -3.7107e-01 +1.1951e+00 -4.2748e+00 -2.3813e-01 -1.2782e+00 +3.0836e+00 +1.8814e+00 -1.2556e+00 -3.9316e+00 +2.5856e+00
342 +5.789130712e+00 +5.789130712e+00 -1.421108693e+02 -1.421108693e+02 -1.8942e+00 -3.2962e-02 +1.0603e+00 +1.9828e-01 -1.0767e+00 +2.7725e-01 +1.1707e-01 -1.8117e+00 -3.9296e+00 +7.0171e-01
6781 +3.082836193e+00 +3.082836193e+00 -1.448171638e+02 -1.448171638e+02 -1.3773e+00 +2.1837e+00 +1.0097e+00 -2.7357e+00 -2.6130e+00 +1.4766e+00 -1.2454e+00 -2.1421e+00 -2.4717e+00 +2.3854e+00
8524 +2.164531884e+00 +2.164531884e+00 -1.457354681e+02 -1.457354681e+02 -1.2827e+00 +2.0788e-01 +7.7766e-01 -1.4925e+00 -1.7155e+00 +6.4885e-01 -9.8998e-01 -1.2233e+00 -2.8285e+00 +1.4814e+00
13801 +1.154140788e+00 +1.154140788e+00 -1.467458592e+02 -1.467458592e+02 -1.8603e+00 +3.4297e-01 +8.9458e-01 -2.2610e+00 -2.8588e+00 +7.9153e-01 -1.9116e+00 -1.2315e+00 -3.8431e+00 +1.7815e+00
19247 +7.917829605e-01 +7.917829605e-01 -1.471082170e+02 -1.471082170e+02 -1.7892e+00 +2.6150e-02 +1.0918e+00 -1.3139e+00 -3.6604e+00 +1.7885e+00 -1.5746e+00 -2.4827e+00 -3.7589e+00 +1.9917e+00
23731 +5.929322320e-01 +5.929322320e-01 -1.473070678e+02 -1.473070678e+02 -1.8787e+00 +1.4274e-01 +1.4734e+00 -1.6922e+00 -2.7885e+00 +1.5320e+00 -1.6793e+00 -2.4734e+00 -3.7456e+00 +1.7780e+00
29750 +2.866208610e-01 +2.866208610e-01 -1.476133791e+02 -1.476133791e+02 -1.6084e+00 +1.1499e-01 +1.1062e+00 -2.1790e+00 -3.0209e+00 +1.4830e+00 -1.7009e+00 -2.2799e+00 -3.7054e+00 +1.6326e+00
37228 +2.337521777e-01 +2.337521777e-01 -1.476662478e+02 -1.476662478e+02 -1.6478e+00 +1.9790e-01 +1.2501e+00 -2.0086e+00 -3.2266e+00 +1.4484e+00 -1.5731e+00 -2.2781e+00 -3.8311e+00 +1.7020e+00
44598 +1.469568053e-01 +1.469568053e-01 -1.477530432e+02 -1.477530432e+02 -1.6625e+00 +1.1971e-01 +1.0922e+00 -2.0401e+00 -3.1373e+00 +1.4684e+00 -1.5828e+00 -2.4090e+00 -3.7554e+00 +1.7964e+00
47981 +7.778252706e-02 +7.778252706e-02 -1.478222175e+02 -1.478222175e+02 -1.7113e+00 +8.2163e-02 +1.1254e+00 -2.0286e+00 -3.1071e+00 +1.4872e+00 -1.5804e+00 -2.2817e+00 -3.7737e+00 +1.8168e+00
% function evaluation | noise-free fitness - Fopt (-2.218900000000e+02) | best noise-free fitness - Fopt | measured fitness | best measured fitness | x1 | x2...
1 +1.908162607e+01 +1.908162607e+01 -2.028083739e+02 -2.028083739e+02 +4.7587e+00 +4.0439e-01 +3.8024e+00 +2.2998e+00 -1.1589e+00 +8.9186e-01 +1.1676e+00 +1.6170e+00 +2.1816e+00 -3.5464e+00
8 +1.512860680e+01 +1.512860680e+01 -2.067613932e+02 -2.067613932e+02 -4.6039e-01 +3.1876e+00 -3.7518e+00 +3.9101e+00 +3.3607e+00 -1.6496e+00 +1.6735e+00 +1.3855e+00 -5.9895e-01 -2.1221e+00
45 +8.127500580e+00 +8.127500580e+00 -2.137624994e+02 -2.137624994e+02 -1.5036e+00 +3.3838e+00 +1.0348e+00 +2.4825e+00 -1.5142e+00 -2.0373e+00 +7.5990e-01 +3.5071e+00 +7.7264e-01 -1.6375e+00
218 +3.021371519e+00 +3.021371519e+00 -2.188686285e+02 -2.188686285e+02 -3.1300e+00 +2.5773e-01 -1.1430e+00 +6.3587e-01 -2.6720e+00 +2.6998e+00 +3.0665e+00 +6.9625e-01 +7.4929e-01 -1.3405e+00
5805 +2.260076163e+00 +2.260076163e+00 -2.196299238e+02 -2.196299238e+02 -4.0253e+00 -3.2504e-01 -8.2530e-01 +1.0266e+00 -1.2884e+00 +3.4037e+00 +3.6096e+00 -2.8173e-01 +8.2240e-01 -1.2255e+00
11519 +1.503783599e+00 +1.503783599e+00 -2.203862164e+02 -2.203862164e+02 -3.6093e+00 +7.0544e-01 +9.6812e-01 +6.1494e-01 -1.6392e+00 +2.4353e+00 +2.6544e+00 +1.4635e+00 +1.4113e+00 -3.6279e-02
20977 +9.050907725e-01 +9.050907725e-01 -2.209849092e+02 -2.209849092e+02 -3.3811e+00 +3.4954e-02 +8.8359e-02 +9.6513e-01 -2.3303e+00 +2.7084e+00 +3.4157e+00 +5.0168e-01 +8.0014e-01 -2.6113e-01
27745 +5.971868035e-01 +5.971868035e-01 -2.212928132e+02 -2.212928132e+02 -3.8207e+00 +9.7251e-02 +3.5812e-01 +8.3256e-01 -1.9105e+00 +3.0620e+00 +3.3150e+00 +1.0434e+00 +1.3065e+00 -4.3885e-01
28824 +3.685545190e-01 +3.685545190e-01 -2.215214455e+02 -2.215214455e+02 -4.2016e+00 +1.3949e-01 +7.8680e-01 +8.2376e-01 -2.1086e+00 +2.8808e+00 +3.1426e+00 +1.5477e+00 +1.3965e+00 -1.0353e-01
39353 +2.386177884e-01 +2.386177884e-01 -2.216513822e+02 -2.216513822e+02 -3.7954e+00 +3.3817e-01 +7.6368e-03 +9.8098e-01 -1.9399e+00 +2.7560e+00 +3.2002e+00 +1.1165e+00 +1.4329e+00 -3.6074e-01
44225 +1.509500964e-01 +1.509500964e-01 -2.217390499e+02 -2.217390499e+02 -3.8587e+00 +1.4774e-01 +2.2936e-01 +8.3317e-01 -1.9533e+00 +2.6931e+00 +3.3300e+00 +1.1097e+00 +1.3644e+00 -3.1009e-01
49612 +8.707317014e-02 +8.707317014e-02 -2.218029268e+02 -2.218029268e+02 -3.9039e+00 +3.0906e-01 +2.7425e-01 +8.9163e-01 -1.9384e+00 +2.7192e+00 +3.3244e+00 +1.1573e+00 +1.2867e+00 -3.1467e-01
% function evaluation | noise-free fitness - Fopt (1.195400000000e+02) | best noise-free fitness - Fopt | measured fitness | best measured fitness | x1 | x2...
1 +1.843665270e+01 +1.843665270e+01 +1.379766527e+02 +1.379766527e+02 -4.0003e+00 -2.5243e+00 +4.9494e+00 -4.7753e+00 +4.1674e+00 +2.7582e+00 +3.6474e+00 +3.4954e-02 +3.1643e+00 -1.2730e+00
8 +1.537920487e+01 +1.537920487e+01 +1.349192049e+02 +1.349192049e+02 +3.4106e+00 -3.8443e+00 -3.3032e+00 +8.9104e-01 +1.1426e+00 +7.3690e-01 +4.4861e+00 +3.0269e+00 +1.4082e+00 -3.8605e+00
41 +6.440158453e+00 +6.440158453e+00 +1.259801585e+02 +1.259801585e+02 -1.2016e-01 -2.6999e-01 -4.7940e-01 -1.5746e+00 +4.8649e-01 -3.2675e+00 +5.8861e-01 +2.0945e+00 +3.1904e+00 -2.1515e+00
204 +6.041865688e+00 +6.041865688e+00 +1.255818657e+02 +1.255818657e+02 +1.7771e+00 -5.8579e-01 +1.6904e-01 -1.7964e+00 -2.6582e+00 -6.4566e-01 +4.2824e+00 +8.0221e-01 +1.9143e+00 +1.8999e-01
6326 +2.827152329e+00 +2.827152329e+00 +1.223671523e+02 +1.223671523e+02 +1.4069e+00 +4.5467e-01 -1.8973e+00 +3.9341e-01 +1.9607e+00 -2.0510e+00 +7.4095e-01 +4.4619e+00 +1.1289e+00 -1.8174e+00
9930 +2.218292458e+00 +2.218292458e+00 +1.217582925e+02 +1.217582925e+02 +1.2718e+00 +5.8508e-01 -3.0463e+00 -2.9024e-01 +2.9461e+00 -1.1677e+00 +2.5065e+00 +3.1551e+00 -2.0145e-01 -5.8600e-01
17449 +1.143005642e+00 +1.143005642e+00 +1.206830056e+02 +1.206830056e+02 +1.2937e+00 +5.0731e-01 -3.1284e+00 +7.5284e-03 +3.3443e+00 -1.8905e+00 +3.5151e+00 +4.2026e+00 +2.8536e-01 -1.3330e+00
20912 +9.243863855e-01 +9.243863855e-01 +1.204643864e+02 +1.204643864e+02 +9.6194e-01 +5.8137e-01 -3.1021e+00 -4.6911e-01 +3.0179e+00 -1.2540e+00 +3.6486e+00 +3.6337e+00 +2.5935e-01 -1.2922e+00
27679 +2.774388355e-01 +2.774388355e-01 +1.198174388e+02 +1.198174388e+02 +1.3753e+00 +8.7769e-01 -3.1395e+00 -3.7200e-01 +3.8780e+00 -1.6458e+00 +3.4518e+00 +3.4344e+00 +3.0177e-01 -9.4563e-01
31591 +2.135544602e-01 +2.135544602e-01 +1.197535545e+02 +1.197535545e+02 +1.3507e+00 +7.9681e-01 -3.1645e+00 -3.0987e-01 +3.8223e+00 -1.6205e+00 +3.4244e+00 +3.4178e+00 +3.6989e-01 -9.4683e-01
44374 +1.396637397e-01 +1.396637397e-01 +1.196796637e+02 +1.196796637e+02 +1.3951e+00 +9.7160e-01 -3.1491e+00 -3.6976e-01 +3.8632e+00 -1.5873e+00 +3.4310e+00 +3.3842e+00 +3.5468e-01 -9.3399e-01
48643 +9.968535567e-02 +9.968535567e-02 +1.196396854e+02 +1.196396854e+02 +1.3306e+00 +9.3079e-01 -3.1543e+00 -4.0865e-01 +3.8094e+00 -1.6404e+00 +3.4799e+00 +3.3567e+00 +3.2750e-01 -1.0312e+00
% function evaluation | noise-free fitness - Fopt (6.983000000000e+01) | best noise-free fitness - Fopt | measured fitness | best measured fitness | x1 | x2...
1 +2.408512706e+01 +2.408512706e+01 +9.391512706e+01 +9.391512706e+01 -3.2828e+00 -3.3862e+00 -2.6006e+00 -2.8596e+00 -4.7993e+00 -4.6102e+00 +3.1228e+00 -5.8932e-01 +3.4596e+00 +1.6533e-01
15 +1.194087926e+01 +1.194087926e+01 +8.177087926e+01 +8.177087926e+01 +4.7609e+00 +3.0559e+00 -1.1641e+00 -2.0491e+00 +1.9652e+00 +1.0491e+00 -3.3853e+00 +2.7387e+00 -1.8980e+00 -4.8068e+00
145 +8.978263924e+00 +8.978263924e+00 +7.880826392e+01 +7.880826392e+01 +1.6608e-02 -4.4830e+00 +3.4881e-01 -3.7647e+00 -3.0974e+00 +1.3533e+00 -3.2779e+00 +3.0898e+00 +7.7853e-01 -2.5991e-01
820 +5.932138489e+00 +5.932138489e+00 +7.576213849e+01 +7.576213849e+01 -1.7405e+00 -3.1014e+00 -2.8975e-01 -2.7489e+00 +9.9918e-01 +3.5886e+00 -3.8647e+00 -1.6039e-01 +3.5599e+00 -1.7288e+00
3497 +3.770160289e+00 +3.770160289e+00 +7.360016029e+01 +7.360016029e+01 -2.7903e+00 -1.5554e+00 -2.3072e+00 -4.5459e+00 +2.0933e+00 +1.9537e+00 -1.7149e+00 +2.1143e+00 +2.1329e+00 -3.3441e+00
5824 +1.391886090e+00 +1.391886090e+00 +7.122188609e+01 +7.122188609e+01 -2.7803e+00 -1.3346e+00 -2.7428e+00 -3.2926e+00 +1.3128e+00 +3.2215e+00 -1.2935e+00 +1.5969e+00 +2.5168e+00 -3.2799e-01
15575 +9.259843281e-01 +9.259843281e-01 +7.075598433e+01 +7.075598433e+01 -3.3146e+00 -1.2572e+00 -2.3383e+00 -3.6152e+00 +1.2753e+00 +3.4828e+00 -2.1920e+00 +2.5779e+00 +2.5470e+00 -1.9830e+00
28010 +5.275906650e-01 +5.275906650e-01 +7.035759066e+01 +7.035759066e+01 -3.0240e+00 -1.3551e+00 -2.7716e+00 -3.1839e+00 +1.5079e+00 +4.3466e+00 -1.8228e+00 +2.1066e+00 +2.8688e+00 -5.6476e-01
29844 +3.437956915e-01 +3.437956915e-01 +7.017379569e+01 +7.017379569e+01 -2.9337e+00 -1.2883e+00 -2.4829e+00 -3.8211e+00 +1.7158e+00 +3.7454e+00 -1.9312e+00 +2.2603e+00 +3.0386e+00 -9.5556e-01
37530 +1.838678172e-01 +1.838678172e-01 +7.001386782e+01 +7.001386782e+01 -2.8225e+00 -1.4622e+00 -2.7821e+00 -3.5177e+00 +1.6338e+00 +3.8673e+00 -1.9103e+00 +2.4134e+00 +2.7709e+00 -1.2465e+00
39696 +1.464676845e-01 +1.464676845e-01 +6.997646768e+01 +6.997646768e+01 -2.8037e+00 -1.4913e+00 -2.5774e+00 -3.4664e+00 +1.6489e+00 +3.9513e+00 -1.9137e+00 +2.3308e+00 +2.7535e+00 -1.0096e+00
46541 +7.403085742e-02 +7.403085742e-02 +6.990403086e+01 +6.990403086e+01 -2.8750e+00 -1.4743e+00 -2.6249e+00 -3.4973e+00 +1.5982e+00 +3.8736e+00 -1.9502e+00 +2.4190e+00 +2.6997e+00 -1.1014e+00
% function evaluation | noise-free fitness - Fopt (7.000000000000e-02) | best noise-free fitness - Fopt | measured fitness | best measured fitness | x1 | x2...
1 +2.051058879e+02 +2.051058879e+02 +2.051758879e+02 +2.051758879e+02 -1.8961e+00 +3.2536e+00 -4.8871e+00 -3.9586e+00 +4.8395e+00 +2.9117e+00 -4.7327e+00 -1.5241e+00 -1.1388e+00 +1.1327e-01
2 +7.401369908e+01 +7.401369908e+01 +7.408369908e+01 +7.408369908e+01 -1.0507e+00 +4.0036e+00 -2.8316e+00 -2.1275e+00 +4.7641e+00 -2.6620e+00 -4.4269e+00 -5.2142e-01 -4.7995e+00 -3.6364e+00
6 +6.263551032e+01 +6.263551032e+01 +6.270551032e+01 +6.270551032e+01 +6.9562e-01 -4.3200e+00 -2.6587e-01 -2.4425e+00 +3.1612e+00 +2.8033e+00 -2.1297e+00 +3.6455e+00 -3.9177e+00 -8.7526e-01
9 +1.367458653e+01 +1.367458653e+01 +1.374458653e+01 +1.374458653e+01 +2.2535e+00 -1.2851e-01 -2.2274e+00 -3.4411e+00 +2.8056e+00 +3.8451e+00 +1.4652e+00 -1.3944e+00 +4.1461e+00 +2.6681e+00
29 +9.313605992e+00 +9.313605992e+00 +9.383605992e+00 +9.383605992e+00 +1.4676e+00 -1.9362e+00 +1.9900e+00 -2.8465e+00 +3.4818e+00 -1.8286e+00 +3.2549e+00 -3.6187e-01 -4.2365e+00 -3.0792e+00
1939 +4.693736169e+00 +4.693736169e+00 +4.763736169e+00 +4.763736169e+00 +3.1825e+00 -1.5184e+00 +2.1774e+00 -2.4663e+00 +1.2313e+00 +2.7795e+00 +2.4236e+00 -3.4077e+00 -6.9730e-01 -1.4773e+00
3600 +3.509030801e+00 +3.509030801e+00 +3.579030801e+00 +3.579030801e+00 +2.5378e+00 -4.9276e+00 +1.5273e+00 -2.3812e+00 +5.5918e-01 +2.6982e+00 +2.9888e+00 -2.3170e+00 -1.3323e+00 -7.7496e-01
9524 +2.328323086e+00 +2.328323086e+00 +2.398323086e+00 +2.398323086e+00 +3.5974e+00 -1.3631e+00 +2.7619e+00 -3.2655e+00 +1.5347e+00 +2.4813e+00 +2.7653e+00 -1.7070e+00 -5.1075e-01 +1.1752e+00
11633 +1.048019039e+00 +1.048019039e+00 +1.118019039e+00 +1.118019039e+00 +3.4427e+00 -2.2770e+00 +2.0868e+00 -3.8428e+00 +1.4060e+00 +1.9281e+00 +3.7910e+00 -1.1826e+00 -2.7985e+00 +2.9388e-01
20913 +9.293244516e-01 +9.293244516e-01 +9.993244516e-01 +9.993244516e-01 +3.3495e+00 -2.8162e+00 +2.0065e+00 -3.8933e+00 +1.8505e+00 +1.1322e+00 +3.7537e+00 -1.7636e+00 -2.5655e+00 +5.6047e-01
26994 +5.707345953e-01 +5.707345953e-01 +6.407345953e-01 +6.407345953e-01 +3.7612e+00 -1.8841e+00 +2.3319e+00 -3.9765e+00 +1.7818e+00 +1.5351e+00 +3.5564e+00 -2.5310e+00 -2.1738e+00 +3.1373e-01
34325 +3.493182177e-01 +3.493182177e-01 +4.193182177e-01 +4.193182177e-01 +3.8631e+00 -1.9597e+00 +2.2456e+00 -3.8469e+00 +1.4541e+00 +1.5613e+00 +3.7422e+00 -1.9378e+00 -2.0271e+00 +2.5205e-01
38540 +2.183326552e-01 +2.183326552e-01 +2.883326552e-01 +2.883326552e-01 +3.8103e+00 -1.8697e+00 +2.1667e+00 -3.8688e+00 +1.5105e+00 +1.7279e+00 +3.5617e+00 -1.9819e+00 -2.1341e+00 +2.9229e-01
43220 +1.334855394e-01 +1.334855394e-01 +2.034855394e-01 +2.034855394e-01 +3.8399e+00 -1.9654e+00 +2.2099e+00 -3.7547e+00 +1.4967e+00 +1.6604e+00 +3.6167e+00 -2.0190e+00 -2.1688e+00 +3.5199e-01
% function evaluation | noise-free fitness - Fopt (4.960000000000e+00) | best noise-free fitness - Fopt | measured fitness | best measured fitness | x1 | x2...
1 +2.990134030e+01 +2.990134030e+01 +3.486134030e+01 +3.486134030e+01 -2.9951e+00 +2.4261e+00 -4.9767e+00 -2.9568e+00 +7.7171e-01 +2.4035e+00 -4.1108e+00 +1.8856e+00 +8.4891e-02 +7.8803e-01
2 +1.754993475e+01 +1.754993475e+01 +2.250993475e+01 +2.250993475e+01 -2.4973e+00 -1.6215e+00 -4.9552e+00 +4.0757e+00 -3.9291e+00 -2.6965e+00 -8.6395e-01 +2.5976e+00 -2.3204e+00 +1.8455e+00
51 +1.400070866e+01 +1.400070866e+01 +1.896070866e+01 +1.896070866e+01 -3.2369e+00 +2.0081e+00 -2.7686e+00 -1.3158e+00 -1.4172e+00 -9.5415e-01 +5.9289e-02 +1.2763e+00 -1.1284e+00 -2.9669e+00
111 +4.872545782e+00 +4.872545782e+00 +9.832545782e+00 +9.832545782e+00 +1.9558e+00 +3.3641e+00 -2.4073e+00 -2.8214e+00 -2.1672e+00 -1.6524e+00 +2.8362e+00 +3.8037e+00 -3.9476e+00 -1.2488e+00
2333 +3.836077210e+00 +3.836077210e+00 +8.796077210e+00 +8.796077210e+00 +3.6162e+00 +3.6422e+00 -1.5066e+00 -2.5226e+00 -2.9722e+00 -3.6146e+00 +3.1219e+00 +3.1151e+00 -2.6152e+00 -2.3766e+00
5124 +2.370410841e+00 +2.370410841e+00 +7.330410841e+00 +7.330410841e+00 +3.9719e+00 +2.2446e+00 -1.0151e+00 -3.7437e+00 -2.8554e+00 -3.6248e+00 +3.4243e+00 +3.3596e+00 -3.3474e+00 -3.4301e+00
8246 +1.334463351e+00 +1.334463351e+00 +6.294463351e+00 +6.294463351e+00 +2.9228e+00 +1.9412e+00 -1.3954e+00 -4.1322e+00 -3.8139e+00 -3.7930e+00 +2.3411e+00 +2.3922e+00 -3.4013e+00 -1.6116e+00
12686 +9.870217627e-01 +9.870217627e-01 +5.947021763e+00 +5.947021763e+00 +3.4383e+00 +2.3956e+00 -1.0286e+00 -3.1732e+00 -2.4752e+00 -2.8351e+00 +3.3740e+00 +2.0783e+00 -3.4762e+00 -2.3821e+00
20564 +4.052495738e-01 +4.052495738e-01 +5.365249574e+00 +5.365249574e+00 +3.1468e+00 +1.8640e+00 -1.2421e+00 -4.0109e+00 -3.5046e+00 -3.4569e+00 +2.5479e+00 +2.0976e+00 -3.4831e+00 -2.3472e+00
25963 +3.239544902e-01 +3.239544902e-01 +5.283954490e+00 +5.283954490e+00 +3.2873e+00 +1.8529e+00 -1.1644e+00 -4.0519e+00 -3.6160e+00 -3.3632e+00 +2.4866e+00 +2.2072e+00 -3.3747e+00 -2.3775e+00
30927 +2.493590616e-01 +2.493590616e-01 +5.209359062e+00 +5.209359062e+00 +3.3195e+00 +1.8432e+00 -1.2375e+00 -4.0361e+00 -3.3603e+00 -3.2945e+00 +2.7066e+00 +2.2381e+00 -3.2958e+00 -2.3407e+00
38788 +1.489141907e-01 +1.489141907e-01 +5.108914191e+00 +5.108914191e+00 +3.3343e+00 +1.8249e+00 -1.2351e+00 -3.9070e+00 -3.3663e+00 -3.2535e+00 +2.5850e+00 +2.4151e+00 -3.3991e+00 -2.2931e+00
44359 +7.534667425e-02 +7.534667425e-02 +5.035346674e+00 +5.035346674e+00 +3.2688e+00 +1.8336e+00 -1.1646e+00 -3.9658e+00 -3.3941e+00 -3.3112e+00 +2.5406e+00 +2.3519e+00 -3.4324e+00 -2.3290e+00
% function evaluation | noise-free fitness - Fopt (1.923000000000e+02) | best noise-free fitness - Fopt | measured fitness | best measured fitness | x1 | x2...
1 +3.213379446e+01 +3.213379446e+01 +2.244337945e+02 +2.244337945e+02 -6.6857e-01 -2.7467e+00 -2.8812e+00 -4.7371e+00 -4.8393e+00 -3.8646e+00 -1.5141e+00 -3.1024e+00 +1.7992e+00 -4.8645e+00
3 +2.236126412e+01 +2.236126412e+01 +2.146612641e+02 +2.146612641e+02 -1.5839e+00 +2.3227e+00 -2.5861e+00 +4.7319e+00 -3.0912e+00 -4.6646e+00 -4.7625e+00 -5.2818e-01 -2.8179e+00 -3.6645e-01
6 +1.339868329e+01 +1.339868329e+01 +2.056986833e+02 +2.056986833e+02 +2.2391e+00 +1.8744e+00 +1.9306e+00 -2.5436e+00 -2.1528e+00 +2.0089e+00 -4.3924e+00 +1.3917e+00 -4.4106e+00 -4.0805e+00
58 +9.371138599e+00 +9.371138599e+00 +2.016711386e+02 +2.016711386e+02 -6.7101e-02 +2.8841e+00 -3.1133e+00 +2.2628e+00 -1.2995e-04 +2.6021e+00 -2.6551e+00 +6.8879e-01 +9.8809e-01 -2.4819e+00
498 +6.225088200e+00 +6.225088200e+00 +1.985250882e+02 +1.985250882e+02 -3.4932e+00 +1.5925e+00 -4.8758e+00 -1.7853e+00 -4.9796e+00 +4.6357e-01 -1.2532e+00 +1.8842e+00 +1.8214e+00 -1.3311e-01
1604 +3.932915717e+00 +3.932915717e+00 +1.962329157e+02 +1.962329157e+02 -2.7312e+00 +2.2352e+00 -3.0973e+00 +7.9479e-01 -3.5019e+00 +5.0314e-01 +2.5500e-01 +3.5009e+00 +3.8691e+00 -8.3267e-01
9039 +2.494616454e+00 +2.494616454e+00 +1.947946165e+02 +1.947946165e+02 -2.9088e+00 +4.6738e+00 -2.6017e+00 -3.1444e-01 -3.5182e+00 -3.4674e-01 -6.0395e-01 +2.2527e+00 +2.1609e+00 -1.2819e-01
13495 +1.349843443e+00 +1.349843443e+00 +1.936498434e+02 +1.936498434e+02 -2.9340e+00 +4.0611e+00 -2.5992e+00 -1.9804e+00 -3.3012e+00 -3.1753e-02 +1.3421e-01 +1.1150e+00 +2.7743e+00 -9.1112e-01
19079 +9.488467748e-01 +9.488467748e-01 +1.932488468e+02 +1.932488468e+02 -3.3564e+00 +4.3138e+00 -2.2915e+00 -1.8600e+00 -3.2652e+00 -1.3969e-01 -4.5994e-01 +1.7868e+00 +2.2648e+00 -2.6784e-01
20364 +6.216692568e-01 +6.216692568e-01 +1.929216693e+02 +1.929216693e+02 -3.3024e+00 +3.5459e+00 -3.2270e+00 -1.0407e+00 -4.0161e+00 +1.7413e-01 -2.4227e-02 +2.1407e+00 +2.1289e+00 +4.0375e-01
31563 +2.900390375e-01 +2.900390375e-01 +1.925900390e+02 +1.925900390e+02 -2.9073e+00 +4.1004e+00 -2.6980e+00 -1.2008e+00 -3.8355e+00 -3.7484e-01 -1.9616e-01 +2.0089e+00 +2.5422e+00 +1.2954e-01
36697 +2.076109126e-01 +2.076109126e-01 +1.925076109e+02 +1.925076109e+02 -3.1552e+00 +4.1284e+00 -2.8378e+00 -1.4324e+00 -4.0978e+00 -3.5630e-01 -1.1514e-01 +1.9777e+00 +2.7325e+00 +1.9358e-01
41789 +1.319335336e-01 +1.319335336e-01 +1.924319335e+02 +1.924319335e+02 -2.9642e+00 +3.9980e+00 -2.7317e+00 -1.2601e+00 -4.0866e+00 -3.1758e-01 -1.2884e-01 +1.9298e+00 +2.7958e+00 +1.8411e-01
47742 +8.899449655e-02 +8.899449655e-02 +1.923889945e+02 +1.923889945e+02 -3.0103e+00 +3.9440e+00 -2.7887e+00 -1.2022e+00 -4.0326e+00 -2.7919e-01 -2.0862e-01 +1.9424e+00 +2.7285e+00 +1.3576e-01
% function evaluation | noise-free fitness - Fopt (4.971000000000e+01) | best noise-free fitness - Fopt | measured fitness | best measured fitness | x1 | x2...
1 +1.451422873e+02 +1.451422873e+02 +1.948522873e+02 +1.948522873e+02 +2.7615e+00 +4.7910e+00 -4.4568e+00 -3.1330e+00 -5.5353e-01 +2.2950e+00 +1.6722e+00 -1.9302e+00 -1.9862e+00 -1.9476e+00
5 +7.405594408e+01 +7.405594408e+01 +1.237659441e+02 +1.237659441e+02 +2.8416e+00 -9.8679e-01 -5.7393e-01 -4.4870e+00 +3.8020e+00 +9.1334e-01 +1.6106e+00 -3.7452e+00 +2.9086e+00 -2.4669e+00
6 +5.544033666e+01 +5.544033666e+01 +1.051503367e+02 +1.051503367e+02 +3.2973e+00 +2.9329e+00 +1.7202e+00 -6.3326e-01 +2.2118e+00 -4.3761e+00 -1.3171e+00 -9.6309e-01 +4.3557e+00 -3.9802e+00
8 +1.002241725e+01 +1.002241725e+01 +5.973241725e+01 +5.973241725e+01 +2.3360e+00 -3.1791e+00 +1.9411e+00 +2.5636e-01 +1.0412e-01 +1.2790e+00 -4.9697e+00 -3.9838e+00 +1.1167e+00 +1.8370e+00
14 +8.914704130e+00 +8.914704130e+00 +5.862470413e+01 +5.862470413e+01 +2.7421e+00 -2.8595e+00 -1.0846e+00 +3.7844e-01 +1.2889e+00 +4.3794e+00 -2.3063e+00 +1.9354e+00 +3.5256e+00 +4.6600e+00
368 +3.282158213e+00 +3.282158213e+00 +5.299215821e+01 +5.299215821e+01 +2.5506e+00 -3.8354e+00 -3.0578e+00 +1.6399e+00 -5.4235e-01 +3.3285e+00 -1.9298e+00 +5.5464e-01 -2.1749e+00 +4.0866e+00
9645 +2.354015907e+00 +2.354015907e+00 +5.206401591e+01 +5.206401591e+01 +4.2221e+00 -3.2690e+00 -8.6593e-01 +1.6149e+00 -1.0215e+00 +4.2105e+00 -4.5876e+00 -1.4361e+00 +5.8048e-01 +3.5986e+00
14316 +1.334919981e+00 +1.334919981e+00 +5.104491998e+01 +5.104491998e+01 +3.6428e+00 -3.4455e+00 -1.5159e+00 +2.0793e+00 -1.2349e+00 +3.9869e+00 -3.8061e+00 -5.9296e-01 -5.5198e-01 +3.2368e+00
19080 +7.772724169e-01 +7.772724169e-01 +5.048727242e+01 +5.048727242e+01 +4.1519e+00 -2.9368e+00 -1.1666e+00 +2.0640e+00 -1.7394e+00 +3.3637e+00 -3.0010e+00 -5.8705e-01 -7.1396e-01 +2.8614e+00
22582 +5.903682735e-01 +5.903682735e-01 +5.030036827e+01 +5.030036827e+01 +3.8652e+00 -3.6161e+00 -1.5539e+00 +2.5642e+00 -1.8809e+00 +4.1275e+00 -3.2489e+00 -9.3928e-01 -1.0914e+00 +2.3312e+00
29107 +3.703558682e-01 +3.703558682e-01 +5.008035587e+01 +5.008035587e+01 +3.4939e+00 -3.8818e+00 -1.4103e+00 +2.3906e+00 -1.4693e+00 +3.8244e+00 -3.1829e+00 -9.5194e-01 -7.5760e-01 +2.8833e+00
31744 +2.395767734e-01 +2.395767734e-01 +4.994957677e+01 +4.994957677e+01 +3.6366e+00 -3.7281e+00 -1.3038e+00 +2.2155e+00 -1.4830e+00 +3.7968e+00 -2.9836e+00 -8.2726e-01 -8.4632e-01 +2.8885e+00
38050 +1.285832393e-01 +1.285832393e-01 +4.983858324e+01 +4.983858324e+01 +3.7181e+00 -3.7594e+00 -1.3235e+00 +2.2063e+00 -1.5208e+00 +3.7180e+00 -3.0835e+00 -9.4513e-01 -8.1124e-01 +2.7434e+00
44908 +9.521036720e-02 +9.521036720e-02 +4.980521037e+01 +4.980521037e+01 +3.6971e+00 -3.7074e+00 -1.3553e+00 +2.3576e+00 -1.5267e+00 +3.7568e+00 -3.0482e+00 -9.1969e-01 -8.4954e-01 +2.6569e+00
% function evaluation | noise-free fitness - Fopt (2.051200000000e+02) | best noise-free fitness - Fopt | measured fitness | best measured fitness | x1 | x2...
1 +7.324480059e+01 +7.324480059e+01 +2.783648006e+02 +2.783648006e+02 -3.5651e+00 -4.9697e+00 +4.3694e+00 -3.2427e+00 +4.2195e+00 -2.7638e+00 +4.5299e+00 +2.6078e+00 -4.5670e+00 +2.0170e+00
2 +3.173126307e+01 +3.173126307e+01 +2.368512631e+02 +2.368512631e+02 -2.9786e+00 +2.1593e+00 -1.0547e+00 +2.7349e+00 -1.8252e+00 +4.3719e+00 -2.7648e+00 +6.1657e-01 +2.2182e+00 -5.2780e-01
3 +2.384039236e+01 +2.384039236e+01 +2.289603924e+02 +2.289603924e+02 -8.3495e-01 +3.6608e+00 -2.8102e+00 -5.7569e-01 -3.4581e+00 +9.5086e-01 -4.4293e+00 -1.4206e-01 -1.7927e+00 +3.1183e+00
42 +1.357116269e+01 +1.357116269e+01 +2.186911627e+02 +2.186911627e+02 -4.3833e+00 +1.2947e+00 -1.6585e+00 +3.0253e-01 +1.7695e-01 -3.1616e+00 +4.5568e+00 -1.4187e+00 +1.9023e+00 +1.1040e+00
96 +7.720014776e+00 +7.720014776e+00 +2.128400148e+02 +2.128400148e+02 -3.9246e+00 +1.7577e+00 -2.3752e+00 -3.6497e+00 -1.3131e+00 +5.0000e+00 +1.9770e+00 -3.8721e+00 +3.8430e+00 +3.3216e+00
104 +6.189809725e+00 +6.189809725e+00 +2.113098097e+02 +2.113098097e+02 -4.0138e+00 +2.0905e+00 -5.0000e+00 +7.1518e-02 -2.3713e+00 +2.7995e+00 +4.4933e+00 +5.0000e+00 +2.0288e+00 +3.6558e+00
1227 +2.172109024e+00 +2.172109024e+00 +2.072921090e+02 +2.072921090e+02 -2.9581e+00 +3.3085e+00 -2.3417e+00 -2.3275e+00 -2.2119e+00 +2.3778e+00 +4.8890e+00 +3.8290e+00 +4.1389e+00 +3.6004e+00
9564 +1.013748798e+00 +1.013748798e+00 +2.061337488e+02 +2.061337488e+02 -1.4395e+00 +4.2002e+00 -3.3327e+00 -2.4259e+00 -1.5344e+00 +1.7146e+00 +3.1889e+00 +4.1056e+00 +3.0939e+00 +3.3715e+00
15482 +9.259405162e-01 +9.259405162e-01 +2.060459405e+02 +2.060459405e+02 -1.4162e+00 +4.1308e+00 -3.3861e+00 -1.9965e+00 -2.0642e+00 +1.3277e+00 +3.2220e+00 +4.1736e+00 +3.6036e+00 +3.4732e+00
17603 +5.772893835e-01 +5.772893835e-01 +2.056972894e+02 +2.056972894e+02 -1.1374e+00 +3.8796e+00 -3.5788e+00 -2.1757e+00 -1.7332e+00 +1.6760e+00 +3.0352e+00 +3.7295e+00 +3.6773e+00 +3.5982e+00
21463 +3.509823907e-01 +3.509823907e-01 +2.054709824e+02 +2.054709824e+02 -8.9959e-01 +4.1642e+00 -3.5135e+00 -2.2947e+00 -1.6798e+00 +1.6318e+00 +3.4295e+00 +3.8777e+00 +3.4747e+00 +3.5900e+00
30071 +1.999208262e-01 +1.999208262e-01 +2.053199208e+02 +2.053199208e+02 -1.1815e+00 +3.8905e+00 -3.3347e+00 -2.2462e+00 -1.9126e+00 +1.6179e+00 +3.0916e+00 +3.6136e+00 +3.6738e+00 +3.4715e+00
36721 +1.557224447e-01 +1.557224447e-01 +2.052757224e+02 +2.052757224e+02 -1.1878e+00 +4.0012e+00 -3.3152e+00 -2.2518e+00 -1.8432e+00 +1.6694e+00 +3.1516e+00 +3.6568e+00 +3.7491e+00 +3.3952e+00
38508 +9.985156814e-02 +9.985156814e-02 +2.052198516e+02 +2.052198516e+02 -1.1364e+00 +3.9418e+00 -3.3390e+00 -2.2218e+00 -1.9348e+00 +1.6726e+00 +3.1776e+00 +3.6635e+00 +3.7831e+00 +3.3916e+00
43773 +6.305546219e-02 +6.305546219e-02 +2.051830555e+02 +2.051830555e+02 -1.1968e+00 +3.8991e+00 -3.3555e+00 -2.2373e+00 -1.9931e+00 +1.6452e+00 +3.1497e+00 +3.6585e+00 +3.7215e+00 +3.4307e+00
% function evaluation | noise-free fitness - Fopt (-1.729000000000e+02) | best noise-free fitness - Fopt | measured fitness | best measured fitness | x1 | x2...
1 +3.562028268e+01 +3.562028268e+01 -1.372797173e+02 -1.372797173e+02 +4.2484e+00 -1.5770e+00 -4.1868e+00 -3.4812e+00 +3.0777e+00 -1.6361e+00 -4.8205e+00 +1.1751e+00 +2.7188e+00 -2.3191e+00
3 +1.428787925e+01 +1.428787925e+01 -1.586121208e+02 -1.586121208e+02 -1.4588e+00 +7.0094e-01 +1.0647e+00 -8.6102e-01 -4.2660e+00 -3.2979e-01 -6.1963e-01 +3.8667e+00 -1.6802e+00 +4.3230e+00
18 +9.880519737e+00 +9.880519737e+00 -1.630194803e+02 -1.630194803e+02 -1.2658e+00 +2.8567e+00 +4.6331e+00 -2.8797e+00 -4.3767e-01 -4.0335e+00 +2.1140e+00 +2.2821e+00 +1.7110e-01 +2.4269e+00
156 +4.699521458e+00 +4.699521458e+00 -1.682004785e+02 -1.682004785e+02 -2.0209e+00 -3.8759e-01 +4.9383e+00 +1.1911e-01 -4.5940e+00 -7.2699e-02 +1.9931e+00 +5.8829e-01 -1.4715e+00 -1.2594e+00
1817 +3.686079429e+00 +3.686079429e+00 -1.692139206e+02 -1.692139206e+02 -4.8354e+00 +1.4273e+00 +3.6061e+00 -2.4700e+00 -2.2726e+00 -2.8033e+00 +1.5776e+00 +2.0579e+00 -2.6378e+00 +2.5645e+00
5804 +2.434414138e+00 +2.434414138e+00 -1.704655859e+02 -1.704655859e+02 -2.8865e+00 -2.0689e+00 +5.1075e+00 -2.6113e+00 -3.6512e+00 -6.9208e-01 +1.3421e+00 +9.4862e-01 -2.5512e+00 -3.9373e-01
12790 +1.334555711e+00 +1.334555711e+00 -1.715654443e+02 -1.715654443e+02 -2.7445e+00 -1.5721e+00 +4.6953e+00 -2.5300e+00 -3.5670e+00 -1.1322e+00 +1.2436e+00 +9.5215e-01 -3.2731e+00 +1.1804e+00
15348 +9.839829594e-01 +9.839829594e-01 -1.719160170e+02 -1.719160170e+02 -2.8516e+00 -1.3019e+00 +3.3797e+00 -3.6340e+00 -2.7855e+00 -1.4217e+00 +1.2202e+00 +1.1362e+00 -3.6835e+00 +3.7928e-01
24704 +5.911126003e-01 +5.911126003e-01 -1.723088874e+02 -1.723088874e+02 -3.0044e+00 -8.0524e-01 +3.7339e+00 -3.7147e+00 -3.4670e+00 -1.0267e+00 +5.9261e-01 +1.3463e+00 -3.9914e+00 +1.7152e+00
30091 +3.902578754e-01 +3.902578754e-01 -1.725097421e+02 -1.725097421e+02 -2.9334e+00 -1.1184e+00 +3.7442e+00 -3.7192e+00 -3.4341e+00 -1.4313e+00 +6.4689e-01 +1.2555e+00 -3.7581e+00 +1.1875e+00
34193 +2.493938583e-01 +2.493938583e-01 -1.726506061e+02 -1.726506061e+02 -2.9787e+00 -1.1411e+00 +3.8057e+00 -3.7666e+00 -3.3325e+00 -1.3573e+00 +6.9466e-01 +1.1829e+00 -3.5688e+00 +1.5260e+00
40329 +1.533628180e-01 +1.533628180e-01 -1.727466372e+02 -1.727466372e+02 -2.9118e+00 -9.9313e-01 +3.7671e+00 -3.6008e+00 -3.3465e+00 -1.3855e+00 +9.1469e-01 +1.1609e+00 -3.5719e+00 +1.3237e+00
46660 +9.073447186e-02 +9.073447186e-02 -1.728092655e+02 -1.728092655e+02 -2.9250e+00 -9.9652e-01 +3.8898e+00 -3.7004e+00 -3.3443e+00 -1.3787e+00 +8.6559e-01 +1.1974e+00 -3.5918e+00 +1.4150e+00
% function evaluation | noise-free fitness - Fopt (-3.506200000000e+02) | best noise-free fitness - Fopt | measured fitness | best measured fitness | x1 | x2...
1 +1.080563167e+02 +1.080563167e+02 -2.425636833e+02 -2.425636833e+02 -1.0298e+00 -1.0735e+00 +4.4960e-01 -3.8102e+00 -3.7811e-01 +3.5791e-01 -2.2566e+00 -4.4890e+00 -4.5607e+00 -2.6721e-01
2 +5.493015004e+01 +5.493015004e+01 -2.956898500e+02 -2.956898500e+02 -3.1752e+00 +4.8434e+00 +2.4167e-01 +5.8708e-01 -3.0042e+00 -6.1296e-02 -1.5662e+00 +9.8078e-01 +4.0598e+00 -3.1134e+00
3 +2.602061490e+01 +2.602061490e+01 -3.245993851e+02 -3.245993851e+02 +3.2889e+00 -1.5118e+00 +3.2107e+00 +4.6326e+00 +4.5913e+00 +4.3404e+00 -3.4501e+00 -2.4339e+00 +3.3938e+00 +4.6756e+00
6 +2.031555727e+01 +2.031555727e+01 -3.303044427e+02 -3.303044427e+02 -3.5684e+00 +4.3559e-01 -4.1456e-01 +3.8094e+00 -4.1234e+00 +3.4653e+00 +3.2610e+00 -1.4614e+00 +4.1000e+00 -3.0810e-01
24 +1.542754966e+01 +1.542754966e+01 -3.351924503e+02 -3.351924503e+02 -2.0866e+00 +1.1928e+00 +2.7152e+00 +7.6282e-02 -4.7800e+00 +2.8046e+00 -1.4916e+00 +1.0965e+00 +1.8456e+00 +4.6102e+00
123 +9.127727229e+00 +9.127727229e+00 -3.414922728e+02 -3.414922728e+02 -5.0000e+00 -5.0000e+00 -1.1375e-01 +1.4115e+00 +4.8907e+00 +5.0000e+00 +0.0000e+00 +3.6664e+00 -3.6711e-02 +0.0000e+00
152 +5.756750209e+00 +5.756750209e+00 -3.448632498e+02 -3.448632498e+02 -4.8239e+00 -2.5753e+00 +3.4063e-01 +3.1226e-01 +4.6328e+00 +5.0000e+00 +5.0000e+00 +9.1092e-01 +3.8200e-01 +3.1430e+00
714 +3.128668408e+00 +3.128668408e+00 -3.474913316e+02 -3.474913316e+02 -3.9604e+00 -3.2623e+00 -1.7357e+00 -6.8693e-01 +3.4389e+00 +4.6072e+00 +4.4970e+00 +2.7384e+00 +1.6991e-01 +2.6741e+00
5450 +2.144847004e+00 +2.144847004e+00 -3.484751530e+02 -3.484751530e+02 -3.9770e+00 -2.4673e+00 -2.6884e-01 +3.4783e-03 +1.8083e-01 +2.6946e+00 +4.0488e+00 +1.4232e+00 -9.6413e-01 +3.5013e+00
9427 +1.570359347e+00 +1.570359347e+00 -3.490496407e+02 -3.490496407e+02 -3.7416e+00 -3.4976e+00 -1.5390e-01 -1.2226e+00 +1.4896e+00 +2.4368e+00 +3.5704e+00 +2.1346e+00 -4.0157e-01 +3.8993e+00
16618 +9.614416813e-01 +9.614416813e-01 -3.496585583e+02 -3.496585583e+02 -3.8469e+00 -3.5558e+00 -5.9802e-01 -1.8947e+00 +1.0537e+00 +3.2297e+00 +3.0235e+00 +2.6793e+00 -7.6333e-01 +4.0749e+00
19820 +6.264564808e-01 +6.264564808e-01 -3.499935435e+02 -3.499935435e+02 -3.9078e+00 -3.3724e+00 -4.4244e-01 -2.0517e+00 +1.2881e+00 +2.9964e+00 +3.9433e+00 +2.9850e+00 -6.9694e-01 +3.4092e+00
28328 +3.931703281e-01 +3.931703281e-01 -3.502268297e+02 -3.502268297e+02 -4.0365e+00 -3.8627e+00 -3.9396e-01 -1.8995e+00 +1.8315e+00 +2.6070e+00 +3.4624e+00 +2.8299e+00 -6.3832e-01 +3.9995e+00
34483 +2.291747020e-01 +2.291747020e-01 -3.503908253e+02 -3.503908253e+02 -3.8708e+00 -3.8105e+00 -2.7808e-01 -1.9548e+00 +1.4767e+00 +2.8247e+00 +3.3166e+00 +2.7036e+00 -6.8842e-01 +3.6297e+00
37509 +1.151374846e-01 +1.151374846e-01 -3.505048625e+02 -3.505048625e+02 -3.8373e+00 -3.8456e+00 -2.7637e-01 -1.9026e+00 +1.2866e+00 +2.8971e+00 +3.3498e+00 +2.6714e+00 -7.5202e-01 +3.6018e+00
47471 +9.282955989e-02 +9.282955989e-02 -3.505271704e+02 -3.505271704e+02 -3.9109e+00 -3.7827e+00 -3.1682e-01 -1.8450e+00 +1.3190e+00 +2.9232e+00 +3.4382e+00 +2.6767e+00 -7.2678e-01 +3.6822e+00
