% function evaluation | noise-free fitness - Fopt (-1.025500000000e+02) | best noise-free fitness - Fopt | measured fitness | best measured fitness | x1 | x2...
1 +1.937238608e+01 +1.937238608e+01 -8.317761392e+01 -8.317761392e+01 -4.0550e+00 +3.6607e+00 +2.0079e+00 +6.9404e-01 -2.9935e+00 +1.8586e+00 +1.6553e+00 -1.9544e+00 -1.4452e+00 -2.1420e-01
8 +1.561033307e+01 +1.561033307e+01 -8.693966693e+01 -8.693966693e+01 +1.1880e+00 +3.6815e+00 -2.1458e+00 -6.5308e-01 +1.8002e+00 -3.9593e-01 +5.5885e-01 +5.4063e-01 -1.5531e+00 -9.0277e-01
195 +9.680143916e+00 +9.680143916e+00 -9.286985608e+01 -9.286985608e+01 -5.0191e-02 -7.1000e-01 +8.7413e-01 -1.3017e+00 -8.3239e-01 +2.6794e-01 -3.7490e-01 +3.9693e-01 +2.0004e+00 -3.0093e-01
533 +6.182316905e+00 +6.182316905e+00 -9.636768310e+01 -9.636768310e+01 +1.4609e+00 +1.2972e-01 +5.7924e-01 -1.5999e+00 +6.0743e-01 +2.5268e+00 -2.3937e+00 +8.5530e-01 -2.2410e-01 +7.7539e-01
883 +3.312238197e+00 +3.312238197e+00 -9.923776180e+01 -9.923776180e+01 +1.0032e+00 +8.3564e-01 +2.6191e+00 -1.6007e+00 +1.8618e+00 +2.5982e+00 -2.6931e+00 +1.0555e+00 -1.5546e-01 +2.7702e-01
5563 +2.379671832e+00 +2.379671832e+00 -1.001703282e+02 -1.001703282e+02 +1.0032e+00 +8.3651e-01 +2.6238e+00 -1.6007e+00 +1.8553e+00 +2.5975e+00 -2.7072e+00 +1.0555e+00 -1.5586e-01 +2.7454e-01
% function evaluation | noise-free fitness - Fopt (7.169000000000e+01) | best noise-free fitness - Fopt | measured fitness | best measured fitness | x1 | x2...
1 +8.141517894e+01 +8.141517894e+01 +1.531051789e+02 +1.531051789e+02 -2.5657e+00 -4.1757e+00 +2.2548e+00 -4.3309e+00 -4.3390e+00 +3.1192e+00 -3.9912e+00 +4.4188e+00 +1.3537e+00 -3.3765e-01
2 +3.837966850e+01 +3.837966850e+01 +1.100696685e+02 +1.100696685e+02 -4.3244e-01 -2.8199e+00 +3.0529e+00 -3.4478e+00 +4.4571e+00 -2.4830e+00 +1.4983e+00 -3.5316e+00 -1.7079e+00 -7.6648e-01
6 +2.483535851e+01 +2.483535851e+01 +9.652535851e+01 +9.652535851e+01 +3.0397e+00 +1.4016e+00 +2.5276e+00 +4.7458e+00 +1.3344e+00 +4.9995e-01 +7.8057e-01 -1.2074e+00 -8.7340e-01 -6.4812e-01
51 +1.533903528e+01 +1.533903528e+01 +8.702903528e+01 +8.702903528e+01 -3.5146e+00 -1.7969e+00 +2.3654e+00 -3.5764e-01 -4.2274e-01 -6.7927e-01 +4.6223e-01 -1.8244e+00 +2.3753e+00 -3.0489e-03
101 +9.587323079e+00 +9.587323079e+00 +8.127732308e+01 +8.127732308e+01 -3.3427e+00 -1.0961e+00 -2.5678e+00 +3.0064e+00 +1.2790e+00 +5.0000e+00 -6.9680e-02 +1.7240e+00 +0.0000e+00 -3.6787e+00
433 +6.143059607e+00 +6.143059607e+00 +7.783305961e+01 +7.783305961e+01 -4.6858e+00 -8.5455e-01 -2.1734e+00 +1.9138e+00 -6.8561e-01 +3.6766e+00 +8.0362e-01 +2.3714e+00 +1.2705e+00 -2.7040e+00
610 +3.472210587e+00 +3.472210587e+00 +7.516221059e+01 +7.516221059e+01 -2.6057e+00 -9.1710e-01 -4.4702e-01 +2.5680e-01 -5.3412e-01 +3.4318e+00 +1.4945e+00 +2.1590e+00 +2.2186e+00 -8.2944e-01
8251 +2.453014030e+00 +2.453014030e+00 +7.414301403e+01 +7.414301403e+01 -2.7557e+00 -9.4517e-01 -2.9622e-01 +1.5444e-01 -4.2521e-01 +3.7156e+00 +8.5846e-01 +1.5586e+00 +2.1750e+00 -4.0095e-01
% function evaluation | noise-free fitness - Fopt (2.140100000000e+02) | best noise-free fitness - Fopt | measured fitness | best measured fitness | x1 | x2...
1 +5.428016814e+01 +5.428016814e+01 +2.682901681e+02 +2.682901681e+02 -7.1320e-01 +3.8963e-01 -1.9693e+00 +2.4172e+00 +6.4256e-01 -4.7828e+00 -2.8715e+00 +4.8260e+00 -9.4927e-01 +8.3617e-01
3 +1.571605536e+01 +1.571605536e+01 +2.297260554e+02 +2.297260554e+02 -3.5198e-01 +4.2041e+00 -4.0391e+00 +3.6006e-01 -2.5239e+00 -9.1565e-01 +4.0316e+00 -2.6586e+00 +1.0538e+00 -2.1958e+00
95 +9.767916364e+00 +9.767916364e+00 +2.237779164e+02 +2.237779164e+02 -2.2005e+00 -1.3676e+00 -2.6328e+00 +7.0873e-01 +1.8042e+00 -2.6503e+00 +8.1199e-01 -2.0475e+00 -1.0455e+00 -1.9645e+00
386 +5.668198877e+00 +5.668198877e+00 +2.196781989e+02 +2.196781989e+02 -2.2495e+00 -7.0776e-01 -1.1930e+00 +1.3007e+00 -1.6553e+00 -1.8820e+00 +1.3885e+00 -1.1419e+00 +8.4127e-01 +5.2733e-01
3197 +3.543414225e+00 +3.543414225e+00 +2.175534142e+02 +2.175534142e+02 +1.9154e+00 -1.5538e-01 -1.9919e+00 +5.5987e-01 +1.6550e-01 -8.6789e-01 +1.2926e+00 -1.7582e+00 +2.0084e-01 -6.9292e-01
7517 +2.227124509e+00 +2.227124509e+00 +2.162371245e+02 +2.162371245e+02 +1.9156e+00 -1.5608e-01 -1.9919e+00 +5.5992e-01 +1.6632e-01 -8.6775e-01 +1.2926e+00 -1.7582e+00 +2.0139e-01 -6.9364e-01
% function evaluation | noise-free fitness - Fopt (-5.848000000000e+01) | best noise-free fitness - Fopt | measured fitness | best measured fitness | x1 | x2...
1 +8.818386368e+01 +8.818386368e+01 +2.970386368e+01 +2.970386368e+01 +3.9408e+00 +3.6561e+00 -2.3682e+00 +3.5806e+00 +2.3289e+00 +6.2508e-01 -1.1143e-01 +4.6142e+00 -3.8697e+00 -1.8164e+00
2 +2.355442065e+01 +2.355442065e+01 -3.492557935e+01 -3.492557935e+01 -2.6325e-01 +3.2222e+00 -2.5227e-01 +2.8388e+00 -1.9230e+00 -2.5544e+00 -1.5172e+00 +2.1199e+00 -1.0445e-01 -2.9657e+00
27 +1.456173876e+01 +1.456173876e+01 -4.391826124e+01 -4.391826124e+01 -2.8349e+00 -7.5053e-01 -8.6076e-01 +3.3764e+00 -2.4027e+00 -1.4068e+00 -1.4684e+00 +9.7268e-01 +2.8438e+00 +1.6907e+00
149 +7.660438540e+00 +7.660438540e+00 -5.081956146e+01 -5.081956146e+01 +5.2406e-01 +6.8486e-01 +7.5388e-01 +2.3045e+00 -1.4648e+00 +9.7094e-01 -1.0905e+00 +3.6955e+00 +1.3966e+00 +1.0755e+00
1035 +5.973863673e+00 +5.973863673e+00 -5.250613633e+01 -5.250613633e+01 -9.2547e-01 +1.5486e+00 +1.4309e+00 +4.2204e-01 +1.5524e+00 -1.4438e+00 -7.2472e-01 -1.2480e+00 +5.9772e-01 +1.6670e+00
2097 +3.182654457e+00 +3.182654457e+00 -5.529734554e+01 -5.529734554e+01 -3.0286e-01 +5.6300e-01 +8.3964e-01 -4.2727e-01 -2.4464e-02 -8.4972e-01 +1.9256e-01 -1.3824e+00 +9.1926e-01 +1.8631e+00
8893 +2.395192758e+00 +2.395192758e+00 -5.608480724e+01 -5.608480724e+01 -4.1607e-02 +4.0434e-01 -5.2487e-02 -9.9682e-02 -1.2981e-01 -9.2416e-01 +2.0009e-01 -1.5264e+00 +9.8372e-01 +1.7645e+00
16436 +1.572161067e+00 +1.572161067e+00 -5.690783893e+01 -5.690783893e+01 -1.9551e-01 +3.8642e-01 -1.5139e-01 -4.3431e-02 -1.1243e-01 -9.1820e-01 -4.1789e-01 -1.3699e+00 +9.7139e-01 +1.7222e+00
% function evaluation | noise-free fitness - Fopt (-6.130800000000e+02) | best noise-free fitness - Fopt | measured fitness | best measured fitness | x1 | x2...
1 +2.507966211e+01 +2.507966211e+01 -5.880003379e+02 -5.880003379e+02 +1.1113e+00 +3.1942e+00 +4.7175e+00 +3.8718e+00 +1.1291e+00 +1.3337e+00 +4.7698e+00 +3.5983e+00 +2.5622e-01 +1.1387e-01
99 +1.482622962e+01 +1.482622962e+01 -5.982537704e+02 -5.982537704e+02 +2.8888e+00 -1.1984e+00 -1.1750e+00 +8.0092e-01 +3.1633e+00 -3.0434e+00 -3.2336e+00 +2.9265e-01 +3.6974e+00 +0.0000e+00
129 +9.226055092e+00 +9.226055092e+00 -6.038539449e+02 -6.038539449e+02 +2.1262e+00 -1.7682e+00 -2.8425e-01 +8.6949e-01 +1.8314e+00 -2.3697e+00 -1.9973e+00 +1.9760e+00 +1.3787e+00 +6.1534e-01
1363 +4.851313655e+00 +4.851313655e+00 -6.082286863e+02 -6.082286863e+02 +2.1175e+00 -3.3963e-01 -2.0287e-01 -1.0313e+00 -3.2544e-01 +6.4252e-01 -4.4773e-01 +1.2497e+00 +5.8719e-01 -5.4543e-01
1817 +3.509749654e+00 +3.509749654e+00 -6.095702503e+02 -6.095702503e+02 +2.4230e+00 -7.4004e-01 -8.8526e-01 -7.1134e-01 -1.2597e-02 +1.4830e+00 -1.0131e+00 +9.7489e-01 +1.6510e+00 -2.9073e-01
5192 +2.129797559e+00 +2.129797559e+00 -6.109502024e+02 -6.109502024e+02 +1.4880e+00 -1.1869e+00 -8.9658e-01 -1.0965e+00 -5.2394e-04 +1.7017e+00 -6.4235e-01 +8.3829e-01 +1.3766e+00 -2.7368e-01
% function evaluation | noise-free fitness - Fopt (-1.852700000000e+02) | best noise-free fitness - Fopt | measured fitness | best measured fitness | x1 | x2...
1 +1.985994298e+01 +1.985994298e+01 -1.654100570e+02 -1.654100570e+02 -1.9768e+00 +6.1130e-01 -1.7015e+00 +2.3989e+00 -1.7717e+00 +1.6445e+00 +2.2894e+00 -2.9053e+00 +8.9958e-01 +2.5236e+00
50 +1.347754349e+01 +1.347754349e+01 -1.717924565e+02 -1.717924565e+02 -8.5664e-01 -2.4943e+00 +8.6362e-01 -1.1598e+00 -7.2095e-01 -6.3848e-01 +1.2844e+00 -7.3521e-01 -1.8499e+00 +2.1347e+00
92 +9.342830274e+00 +9.342830274e+00 -1.759271697e+02 -1.759271697e+02 -4.8666e-01 -2.7469e+00 +7.4131e-01 +2.7880e-01 -2.0377e-01 +0.0000e+00 +5.9654e-01 +9.2867e-01 +9.1721e-01 +0.0000e+00
406 +5.779460924e+00 +5.779460924e+00 -1.794905391e+02 -1.794905391e+02 -1.9180e+00 -8.7570e-01 -1.5560e+00 +8.1962e-01 -1.1889e+00 +1.0037e+00 -5.4257e-01 -1.5122e+00 -3.0864e+00 -1.4249e+00
4869 +3.795651733e+00 +3.795651733e+00 -1.814743483e+02 -1.814743483e+02 -7.3446e-01 +3.5605e-01 +1.6040e+00 +6.1612e-01 +3.8045e-01 -5.2623e-01 +8.8519e-02 -5.3100e-01 -1.4932e+00 -1.7567e+00
13343 +2.386182080e+00 +2.386182080e+00 -1.828838179e+02 -1.828838179e+02 -7.6715e-01 -6.1622e-01 +9.8331e-01 +8.5236e-01 -2.2528e-02 -6.1254e-01 +1.3693e-01 -2.0603e-02 +3.6180e-01 -1.5788e+00
23388 +1.458112478e+00 +1.458112478e+00 -1.838118875e+02 -1.838118875e+02 -8.1395e-01 +1.8910e-01 +2.0363e-01 +9.3489e-01 -2.7179e-01 +2.1138e+00 +7.2044e-01 +3.3703e-02 -1.6763e-02 -6.5636e-01
% function evaluation | noise-free fitness - Fopt (3.747000000000e+01) | best noise-free fitness - Fopt | measured fitness | best measured fitness | x1 | x2...
1 +4.449323554e+01 +4.449323554e+01 +8.196323554e+01 +8.196323554e+01 -1.4485e+00 -2.9994e+00 -2.3517e+00 -4.3921e+00 -6.2977e-01 +4.3428e+00 -7.2937e-01 -4.0120e+00 +5.9467e-01 +2.6786e+00
2 +2.559744538e+01 +2.559744538e+01 +6.306744538e+01 +6.306744538e+01 -3.1499e+00 +2.5823e+00 +1.9157e+00 +1.9395e+00 -1.1068e+00 -1.0888e+00 -1.5013e-01 +1.4952e+00 +2.1061e+00 +4.3103e+00
14 +1.949687335e+01 +1.949687335e+01 +5.696687335e+01 +5.696687335e+01 +1.3894e-01 -9.4932e-01 -1.6207e-01 -1.7076e+00 -3.5378e+00 -2.5727e+00 +2.5654e+00 +3.6852e-01 +2.3027e+00 +2.9739e-01
56 +1.574403032e+01 +1.574403032e+01 +5.321403032e+01 +5.321403032e+01 -1.4951e+00 +6.7587e-01 -1.6281e-01 -3.6821e-01 +2.1476e-01 -1.9897e+00 +1.5879e+00 +1.6903e+00 -3.5305e-01 +3.7267e+00
67 +8.221969993e+00 +8.221969993e+00 +4.569196999e+01 +4.569196999e+01 -4.1563e-01 +1.0474e+00 +1.9276e+00 -3.2208e-01 +3.8370e-01 +1.5268e+00 +4.5662e-01 -1.0488e+00 -2.0973e+00 +1.1001e+00
434 +5.648853982e+00 +5.648853982e+00 +4.311885398e+01 +4.311885398e+01 -2.0773e+00 +5.7118e-01 -4.5093e-01 -1.6457e+00 -1.1331e+00 +2.3450e+00 +2.8096e+00 -1.6883e+00 -8.1286e-01 +1.9778e+00
1342 +3.612218822e+00 +3.612218822e+00 +4.108221882e+01 +4.108221882e+01 +3.3427e-02 +1.0396e+00 +3.9030e-01 -8.8467e-01 -7.2959e-01 +2.9755e-01 -1.9726e+00 +1.6538e-01 -6.1666e-01 +1.5967e+00
8862 +2.149270363e+00 +2.149270363e+00 +3.961927036e+01 +3.961927036e+01 +3.3430e-02 +1.0397e+00 +3.9042e-01 -8.8467e-01 -7.2959e-01 +2.9890e-01 -1.9726e+00 +1.6188e-01 -6.1668e-01 +1.5967e+00
16366 +1.542633050e+00 +1.542633050e+00 +3.901263305e+01 +3.901263305e+01 +3.4689e-02 +5.8052e-01 +3.3550e-01 -8.9238e-01 -7.2393e-01 +6.6701e-01 -2.0895e+00 -2.1944e-01 -6.3346e-01 +1.4879e+00
% function evaluation | noise-free fitness - Fopt (-3.944700000000e+02) | best noise-free fitness - Fopt | measured fitness | best measured fitness | x1 | x2...
1 +1.651051082e+02 +1.651051082e+02 -2.293648918e+02 -2.293648918e+02 +3.8288e+00 -4.1625e+00 +2.3293e+00 +4.6067e+00 -2.8778e+00 +4.0100e+00 -3.4438e+00 +7.1455e-01 +4.7264e+00 -1.2065e-01
2 +3.485176127e+01 +3.485176127e+01 -3.596182387e+02 -3.596182387e+02 -6.0952e-01 -2.6316e+00 -1.8529e+00 -2.1634e+00 -1.8227e+00 -5.0826e-01 +3.2105e+00 +5.2690e-01 -3.1062e+00 +3.1285e+00
20 +2.253518550e+01 +2.253518550e+01 -3.719348145e+02 -3.719348145e+02 -2.1647e+00 -1.4560e+00 -3.0573e+00 +2.4271e+00 -2.7317e+00 -2.1258e+00 -7.5858e-01 +9.8707e-01 -3.3761e-01 -7.1550e-01
51 +1.025346166e+01 +1.025346166e+01 -3.842165383e+02 -3.842165383e+02 -2.8342e+00 -6.4338e-01 +1.6798e+00 -1.6579e+00 +1.0518e+00 -3.2229e-01 -6.5831e-01 -2.7749e+00 -1.6116e+00 -3.2559e+00
124 +8.728858647e+00 +8.728858647e+00 -3.857411414e+02 -3.857411414e+02 -2.0711e+00 +1.3258e-01 +6.7441e-01 -3.6251e-01 -5.6015e-02 +5.4209e-01 +1.2435e+00 -8.3946e-01 -1.5536e+00 -2.6516e+00
842 +5.782048430e+00 +5.782048430e+00 -3.886879516e+02 -3.886879516e+02 -1.0957e+00 -4.7835e-01 +1.7756e+00 -1.3655e+00 +2.3059e+00 +4.6319e-01 +1.1208e+00 -7.2457e-01 -2.9199e+00 -1.1464e-01
1269 +3.286438546e+00 +3.286438546e+00 -3.911835615e+02 -3.911835615e+02 -2.0667e+00 -3.2872e-01 -8.8086e-01 +6.1469e-01 +2.3994e-01 +1.4000e+00 -1.2462e+00 -8.3656e-01 -3.0783e+00 -1.4587e+00
12327 +2.031539412e+00 +2.031539412e+00 -3.924384606e+02 -3.924384606e+02 -1.9596e+00 -3.4225e-01 -5.2858e-01 +6.3178e-01 +2.7799e-01 +1.7842e+00 -1.1303e+00 -1.4361e+00 -3.0362e+00 -9.1524e-01
12847 +1.390763473e+00 +1.390763473e+00 -3.930792365e+02 -3.930792365e+02 -1.9596e+00 -3.4225e-01 -5.2854e-01 +6.3178e-01 +2.7799e-01 +1.7854e+00 -1.1304e+00 -1.4361e+00 -3.0362e+00 -9.1524e-01
% function evaluation | noise-free fitness - Fopt (-1.026200000000e+02) | best noise-free fitness - Fopt | measured fitness | best measured fitness | x1 | x2...
1 +6.120293742e+01 +6.120293742e+01 -4.141706258e+01 -4.141706258e+01 +2.7076e+00 -2.1375e+00 +5.2678e-02 -4.9453e+00 +1.8893e+00 +4.0533e+00 -4.4627e+00 +4.3422e+00 +4.0730e+00 +5.0860e-01
10 +3.705038402e+01 +3.705038402e+01 -6.556961598e+01 -6.556961598e+01 -2.3016e+00 +4.0390e+00 -2.3631e+00 -1.1048e+00 +3.2107e+00 -2.5839e+00 -1.4465e+00 +1.9218e+00 -3.2754e+00 +1.2006e+00
16 +1.359978060e+01 +1.359978060e+01 -8.902021940e+01 -8.902021940e+01 -2.7404e+00 -1.2951e+00 -4.3193e+00 +1.1841e+00 +2.1193e-01 +1.4069e+00 +9.5544e-01 +1.3988e+00 +2.9741e+00 -2.7742e+00
32 +9.789556153e+00 +9.789556153e+00 -9.283044385e+01 -9.283044385e+01 +2.4499e+00 -9.0097e-01 -3.3375e-01 +4.5596e-01 +4.4364e+00 +2.0981e+00 +4.1356e-01 +3.1525e+00 +1.9654e+00 +1.1993e+00
692 +4.148779703e+00 +4.148779703e+00 -9.847122030e+01 -9.847122030e+01 -1.5284e+00 -2.3022e+00 -1.8661e-01 +8.6869e-02 +3.5167e+00 +2.8341e-01 +1.9410e+00 +2.3107e+00 +1.8312e+00 +1.3017e+00
1624 +3.975467354e+00 +3.975467354e+00 -9.864453265e+01 -9.864453265e+01 -7.4642e-02 -1.8754e+00 -1.0884e+00 +3.5617e-01 +3.0650e+00 +3.0453e-01 +2.1892e+00 +3.7181e+00 +2.1625e+00 +1.2217e+00
% function evaluation | noise-free fitness - Fopt (2.728300000000e+02) | best noise-free fitness - Fopt | measured fitness | best measured fitness | x1 | x2...
1 +6.032816458e+01 +6.032816458e+01 +3.331581646e+02 +3.331581646e+02 -4.2045e+00 +3.9559e+00 -1.5852e-01 +1.4164e+00 -4.3011e+00 -5.2264e-01 +4.9482e+00 -3.3277e-02 -1.4390e+00 -3.1933e+00
3 +3.834939613e+01 +3.834939613e+01 +3.111793961e+02 +3.111793961e+02 +4.8540e+00 +2.3002e-02 -3.2883e-01 +1.8385e+00 -4.0532e+00 -2.6116e+00 +1.9448e-01 -3.3318e+00 +4.4888e-01 +5.4775e-01
5 +1.450222937e+01 +1.450222937e+01 +2.873322294e+02 +2.873322294e+02 -2.7414e+00 +2.9470e+00 +2.1663e+00 -3.6715e-01 -2.2638e+00 -2.0004e+00 -6.3982e-01 -4.2083e-01 +1.1202e+00 +4.0154e+00
158 +9.634493634e+00 +9.634493634e+00 +2.824644936e+02 +2.824644936e+02 +0.0000e+00 -9.6239e-01 +3.5058e+00 +5.0000e+00 -2.9033e+00 -1.7967e+00 -2.4623e+00 +1.6827e+00 -3.0746e+00 +4.9769e+00
582 +4.715685742e+00 +4.715685742e+00 +2.775456857e+02 +2.775456857e+02 -1.2322e+00 +7.6933e-01 +4.8226e+00 +5.0000e+00 -1.0941e+00 -1.1527e+00 -3.6902e-01 +1.6258e+00 -4.0277e+00 +4.4875e+00
1084 +3.845077763e+00 +3.845077763e+00 +2.766750778e+02 +2.766750778e+02 -1.2702e+00 +4.4101e-01 +4.6814e+00 +5.0000e+00 -5.5501e-01 -1.2027e+00 +7.5851e-01 +1.5491e+00 -4.2535e+00 +4.6259e+00
9559 +2.511235975e+00 +2.511235975e+00 +2.753412360e+02 +2.753412360e+02 -2.3450e+00 +1.1881e+00 +4.7326e+00 +5.0000e+00 -6.6127e-01 -1.2482e+00 -1.7831e+00 +1.3411e+00 -4.7693e+00 +4.0286e+00
% function evaluation | noise-free fitness - Fopt (-3.400000000000e+00) | best noise-free fitness - Fopt | measured fitness | best measured fitness | x1 | x2...
1 +4.818753005e+01 +4.818753005e+01 +4.478753005e+01 +4.478753005e+01 +2.3810e+00 +4.8816e+00 -4.6521e+00 +2.6593e+00 -1.4467e+00 +4.4301e+00 +2.8952e+00 -5.4482e-01 -1.6398e+00 -1.6544e+00
3 +2.023564517e+01 +2.023564517e+01 +1.683564517e+01 +1.683564517e+01 +1.3678e+00 +4.4885e+00 -4.4145e-01 -1.9508e+00 -6.0455e-01 +2.6068e+00 +3.3150e+00 +1.4280e+00 +1.7133e+00 -1.1518e+00
15 +1.254562829e+01 +1.254562829e+01 +9.145628290e+00 +9.145628290e+00 -1.3205e+00 +3.9564e-01 +3.9119e+00 +9.5004e-01 -7.0149e-01 +2.7412e+00 -1.3726e+00 -2.2532e+00 -1.8365e+00 +2.2739e-02
141 +7.877934283e+00 +7.877934283e+00 +4.477934283e+00 +4.477934283e+00 -2.1978e-01 -5.8552e-01 +2.3152e+00 -1.1317e+00 +2.1934e+00 +1.7074e+00 +1.1828e-01 +0.0000e+00 -4.3147e-01 +4.6464e-01
451 +5.013708401e+00 +5.013708401e+00 +1.613708401e+00 +1.613708401e+00 -1.3282e+00 -1.0344e+00 +6.2156e-01 -7.6313e-01 +3.0629e-01 -1.0107e+00 -1.0906e-01 -1.4341e+00 +4.6672e-01 +7.7853e-02
2195 +3.224118902e+00 +3.224118902e+00 -1.758810975e-01 -1.758810975e-01 +1.0043e+00 -1.0608e+00 +1.3200e+00 +2.1190e+00 +6.4521e-01 -1.3499e+00 -7.6015e-01 +5.3425e-01 -1.2264e+00 +1.3958e-01
5155 +1.770782160e+00 +1.770782160e+00 -1.629217840e+00 -1.629217840e+00 +1.0103e+00 -1.0632e+00 +1.3200e+00 +2.1195e+00 +6.4514e-01 -1.3524e+00 -7.5060e-01 +4.4692e-01 -1.2257e+00 +1.3910e-01
6235 +1.312924858e+00 +1.312924858e+00 -2.087075142e+00 -2.087075142e+00 +1.0114e+00 -1.0631e+00 +1.3197e+00 +2.1195e+00 +6.4510e-01 -1.3524e+00 -7.4935e-01 +4.4754e-01 -1.2232e+00 +1.3906e-01
47632 +9.173902112e-01 +9.173902112e-01 -2.482609789e+00 -2.482609789e+00 +1.0056e+00 -1.0602e+00 +1.3140e+00 +2.1194e+00 +7.3000e-01 -1.3102e+00 -7.4812e-01 +4.4394e-01 -1.2260e+00 +1.3919e-01
% function evaluation | noise-free fitness - Fopt (-1.851700000000e+02) | best noise-free fitness - Fopt | measured fitness | best measured fitness | x1 | x2...
1 +2.198665966e+01 +2.198665966e+01 -1.631833403e+02 -1.631833403e+02 -3.0630e+00 +2.8065e+00 -2.3542e+00 -3.3003e-01 -3.9204e+00 +1.0514e-02 -2.5333e+00 -1.3756e+00 +3.5855e+00 -8.3895e-01
88 +9.720720795e+00 +9.720720795e+00 -1.754492792e+02 -1.754492792e+02 -1.5864e+00 -1.8722e-01 +0.0000e+00 -1.9797e+00 -5.7199e-01 -1.3173e+00 +0.0000e+00 +2.0280e+00 +2.5229e+00 +7.1550e-01
643 +5.754474847e+00 +5.754474847e+00 -1.794155252e+02 -1.794155252e+02 -1.6795e+00 +1.7280e+00 +1.0657e+00 -1.3279e+00 +2.2893e-01 +3.6885e-01 -1.9466e-01 +4.7582e-01 -2.8843e-02 +1.3518e+00
3775 +3.427234885e+00 +3.427234885e+00 -1.817427651e+02 -1.817427651e+02 -1.2280e+00 -8.7519e-01 -4.6677e-01 -1.4391e+00 +3.0136e-01 +2.7890e-01 +5.2312e-01 +1.1825e+00 +4.4938e-01 +3.1883e+00
20218 +2.356966987e+00 +2.356966987e+00 -1.828130330e+02 -1.828130330e+02 -6.0455e-01 -6.6769e-01 +7.3401e-01 -1.9661e+00 +3.4271e-01 -1.0995e-01 +6.8230e-01 +6.5080e-01 +2.0066e-01 +1.2870e-01
% function evaluation | noise-free fitness - Fopt (1.013400000000e+02) | best noise-free fitness - Fopt | measured fitness | best measured fitness | x1 | x2...
1 +3.420305562e+01 +3.420305562e+01 +1.355430556e+02 +1.355430556e+02 +1.9869e+00 -2.9344e+00 -3.5725e+00 +3.6328e+00 -7.2636e-01 -2.7826e+00 -7.1321e-01 -4.2184e+00 +3.8060e+00 -1.2144e-02
10 +1.929920829e+01 +1.929920829e+01 +1.206392083e+02 +1.206392083e+02 +8.9985e-01 -4.2676e-01 +9.7691e-01 -1.8804e+00 +4.5578e+00 -1.4728e+00 +1.3607e+00 +1.3448e+00 +4.1579e+00 +1.4344e+00
56 +1.340878648e+01 +1.340878648e+01 +1.147487865e+02 +1.147487865e+02 -5.2477e-02 +1.9420e+00 -2.7233e+00 -2.2093e+00 +3.2162e-02 +1.1672e+00 -8.3170e-01 -1.7595e+00 +2.6766e+00 -3.5587e-01
142 +9.130105400e+00 +9.130105400e+00 +1.104701054e+02 +1.104701054e+02 +0.0000e+00 +1.8583e-01 -1.0358e+00 -1.3368e+00 +4.0185e-01 +1.4901e-01 +2.2704e+00 -2.6267e-01 +1.0566e+00 +7.2713e-01
375 +5.179418215e+00 +5.179418215e+00 +1.065194182e+02 +1.065194182e+02 -4.3813e-01 +6.0075e-01 -3.1771e-01 +7.1006e-01 +1.5944e+00 -3.6834e-01 +3.5327e-01 -8.8730e-01 +2.8102e+00 -1.4849e+00
5636 +3.447166858e+00 +3.447166858e+00 +1.047871669e+02 +1.047871669e+02 +1.0598e-01 +9.9560e-01 -9.8125e-01 +6.1938e-01 +9.2908e-01 -8.9890e-01 +1.0622e+00 -2.1158e+00 +1.8691e+00 -1.3663e+00
15684 +2.345052282e+00 +2.345052282e+00 +1.036850523e+02 +1.036850523e+02 -3.6948e-01 +6.9844e-01 -5.8299e-01 +9.4035e-01 +7.7318e-01 -1.0250e+00 +1.1308e+00 -7.0829e-01 +4.8025e-01 +6.1626e-01
40658 +1.460125791e+00 +1.460125791e+00 +1.028001258e+02 +1.028001258e+02 -1.1928e-01 +8.4526e-01 -5.8848e-01 +9.2685e-01 +7.4495e-01 -1.1750e+00 +2.3309e-01 -6.1834e-01 +4.7148e-01 +6.8431e-01
45738 +9.622891834e-01 +9.622891834e-01 +1.023022892e+02 +1.023022892e+02 -1.1830e-01 +8.5046e-01 -5.8848e-01 +9.2683e-01 +7.4495e-01 -1.1748e+00 +2.3476e-01 -6.1831e-01 +4.7136e-01 +6.8433e-01
% function evaluation | noise-free fitness - Fopt (-2.400000000000e+00) | best noise-free fitness - Fopt | measured fitness | best measured fitness | x1 | x2...
1 +3.229556555e+01 +3.229556555e+01 +2.989556555e+01 +2.989556555e+01 -9.9231e-01 -1.5052e+00 +4.0236e+00 -1.6450e+00 +2.1527e+00 +1.4980e-01 -3.0510e+00 -3.4266e-01 -4.9000e+00 +3.7268e+00
8 +2.347285011e+01 +2.347285011e+01 +2.107285011e+01 +2.107285011e+01 +4.8069e+00 +3.6947e+00 +1.6388e+00 -2.3030e+00 -3.0620e+00 -3.4790e+00 +1.2012e+00 +1.9555e+00 -2.5061e+00 +7.5639e-01
48 +1.131400899e+01 +1.131400899e+01 +8.914008988e+00 +8.914008988e+00 +3.0265e+00 -1.2591e+00 +3.1019e+00 -1.7231e+00 -2.4969e-02 -2.4690e-01 +6.0079e-01 -1.9587e+00 -3.6655e+00 +1.6979e+00
235 +9.428252859e+00 +9.428252859e+00 +7.028252859e+00 +7.028252859e+00 +3.4977e+00 +7.5745e-01 +1.5539e+00 +2.1150e-01 +2.8640e-01 -7.7244e-01 -8.6567e-01 -1.3598e+00 -1.4419e+00 +2.5237e+00
389 +5.925591709e+00 +5.925591709e+00 +3.525591709e+00 +3.525591709e+00 +1.7024e+00 -3.1103e-01 +2.2442e+00 -1.9763e+00 +6.4519e-02 -1.4063e-01 -2.1822e+00 +7.9517e-01 -6.8350e-01 +5.5044e-01
1325 +3.909397137e+00 +3.909397137e+00 +1.509397137e+00 +1.509397137e+00 +1.3458e+00 -5.7502e-01 +2.3317e+00 -2.2050e+00 +4.8266e-01 -7.7176e-01 -1.8647e+00 +7.8603e-01 -8.3380e-01 +2.3325e-01
28107 +2.428878043e+00 +2.428878043e+00 +2.887804272e-02 +2.887804272e-02 +1.3387e+00 -1.3771e+00 +1.5687e-01 -1.3786e+00 +3.1977e-01 -8.2917e-01 -2.2728e+00 +6.4363e-01 -1.4349e+00 +4.5035e-01
% function evaluation | noise-free fitness - Fopt (-2.778000000000e+01) | best noise-free fitness - Fopt | measured fitness | best measured fitness | x1 | x2...
1 +7.702028415e+01 +7.702028415e+01 +4.924028415e+01 +4.924028415e+01 +1.5798e+00 -6.3144e-01 -1.4788e+00 +1.3553e+00 -4.7597e+00 -4.3519e+00 +2.5229e+00 +3.7576e+00 -4.8113e+00 -2.8946e+00
2 +3.679063205e+01 +3.679063205e+01 +9.010632049e+00 +9.010632049e+00 -1.6809e+00 +1.5041e+00 +1.5299e+00 -2.5064e-01 -2.3941e+00 +2.1835e+00 +2.6426e-01 +2.0438e+00 -4.9950e+00 +2.7646e+00
3 +2.135953494e+01 +2.135953494e+01 -6.420465064e+00 -6.420465064e+00 +3.2358e+00 -2.5289e+00 -2.7964e+00 +1.5290e-01 -2.1088e+00 -3.7360e+00 +3.8491e+00 -5.5080e-03 -8.5743e-02 -2.0037e+00
47 +1.454890074e+01 +1.454890074e+01 -1.323109926e+01 -1.323109926e+01 +4.4456e-01 +1.2956e+00 +5.0000e+00 +2.9556e+00 +1.4651e-01 -1.1086e+00 -9.7989e-01 +6.8895e-01 +2.3174e+00 +2.5237e-01
128 +9.289858862e+00 +9.289858862e+00 -1.849014114e+01 -1.849014114e+01 +8.8455e-01 -2.7666e+00 +3.1575e+00 -1.3984e+00 +2.0462e+00 +8.6977e-01 +0.0000e+00 +4.7505e-01 +1.7454e+00 +3.0363e+00
441 +5.859095469e+00 +5.859095469e+00 -2.192090453e+01 -2.192090453e+01 -1.8605e+00 +8.0614e-01 +3.0576e+00 -4.8359e-01 +1.7414e+00 +5.5347e-01 -1.4158e+00 -4.6973e-01 +3.2968e-01 -1.8377e+00
1746 +3.139025851e+00 +3.139025851e+00 -2.464097415e+01 -2.464097415e+01 -1.1156e-01 -1.2075e-01 +2.0199e+00 +2.5011e+00 +1.3757e+00 +1.4483e-02 +2.2898e+00 +3.5865e-01 +8.1141e-01 -1.6560e+00
15680 +2.447719522e+00 +2.447719522e+00 -2.533228048e+01 -2.533228048e+01 -1.1309e+00 +8.3860e-02 +1.0142e+00 +2.0431e+00 +8.4885e-01 -3.7886e-01 +9.0575e-01 -2.9762e-01 +9.2410e-01 -1.7467e+00
