% function evaluation | noise-free fitness - Fopt (9.294000000000e+01) | best noise-free fitness - Fopt | measured fitness | best measured fitness | x1 | x2...
1 +3.002440040e+03 +3.002440040e+03 +3.095380040e+03 +3.095380040e+03 +1.4797e+00 +3.0853e+00 -7.7343e-01 +2.7247e+00 -3.8848e+00 +7.0157e-02 -1.4073e+00 -3.8016e+00 -2.9529e-01 +2.3249e+00 -1.3866e+00 -3.5886e+00 +2.1942e+00 -4.1935e-01 -3.0456e+00 +1.4602e+00 -4.1021e+00 +3.4707e+00 +3.0601e+00 +2.8366e+00
2 +2.105268247e+03 +2.105268247e+03 +2.198208247e+03 +2.198208247e+03 -1.2655e+00 -6.9453e-01 -4.0023e+00 +1.8237e-01 +2.6095e+00 +1.8948e+00 -1.5256e-01 +4.8414e+00 +4.0825e+00 +3.3305e+00 +4.1077e+00 +2.4825e+00 -2.7673e+00 +4.1337e+00 +3.8315e+00 -2.7448e+00 +4.7586e+00 +2.5004e+00 +4.3014e+00 -8.2875e-01
7 +1.441351865e+03 +1.441351865e+03 +1.534291865e+03 +1.534291865e+03 +5.9488e-01 +3.5364e+00 -2.8766e+00 +4.0007e+00 -4.2745e+00 +4.2729e+00 -3.9679e+00 -8.7820e-01 +2.9440e+00 +2.7222e+00 -7.7748e-01 -1.1985e+00 +1.3024e+00 -1.2667e+00 -3.6468e+00 -7.4299e-01 +4.4267e+00 +3.0535e+00 -1.1087e+00 +4.7926e+00
42 +9.926587518e+02 +9.926587518e+02 +1.085598752e+03 +1.085598752e+03 +7.4982e-01 -9.7043e-01 -5.0000e+00 +1.0921e+00 -5.7284e-01 +3.2803e+00 +1.6097e+00 -1.5864e-01 +5.0000e+00 +9.2700e-01 +5.4537e-02 +4.4854e-01 -3.8513e+00 +1.9113e+00 +3.8700e+00 -2.3925e+00 +1.2970e+00 -2.4996e+00 +3.0155e+00 -4.9459e+00
116 +4.755937974e+02 +4.755937974e+02 +5.685337974e+02 +5.685337974e+02 -2.0592e+00 -3.3189e-01 -4.6748e+00 +2.9593e+00 -4.5277e-01 +4.1378e+00 +1.9742e-01 +2.3660e+00 +5.9689e-01 +9.8273e-01 -5.1494e-01 -6.9801e-01 -4.4337e+00 -3.0127e+00 +3.0345e+00 +1.4011e+00 +4.0573e+00 +0.0000e+00 +6.1253e-02 +4.1083e-01
122 +2.472497139e+02 +2.472497139e+02 +3.401897139e+02 +3.401897139e+02 -3.0552e-01 -1.9990e+00 -4.7855e+00 +3.1996e+00 +1.3058e+00 +3.6018e+00 +9.7102e-01 +1.4968e+00 +1.0937e+00 +6.2323e-01 -6.6066e-01 -7.6363e-01 -4.2616e+00 -1.3909e+00 +1.6235e+00 -3.5029e-01 +5.0000e+00 -1.1804e+00 -6.0606e-01 -1.8231e+00
763 +1.417475470e+02 +1.417475470e+02 +2.346875470e+02 +2.346875470e+02 -3.6685e-01 -2.3833e+00 -4.8880e+00 +4.0668e+00 +8.6651e-01 +4.2207e+00 +8.1093e-01 +1.2912e+00 +1.5516e+00 +9.8129e-01 +1.7245e-01 -6.3040e-01 -2.9799e+00 +4.3580e-01 +3.0939e+00 +6.7118e-01 +4.8685e+00 -2.6910e+00 -6.3779e-01 -9.1167e-01
871 +9.990566844e+01 +9.990566844e+01 +1.928456684e+02 +1.928456684e+02 +9.2854e-02 -1.2232e+00 -4.7303e+00 +3.5985e+00 +8.0848e-01 +3.8772e+00 +9.2051e-01 +3.5375e-01 +6.4780e-01 +1.6282e+00 -9.3853e-02 -2.8302e+00 -2.9165e+00 +7.7314e-01 +2.9045e+00 +6.0098e-01 +4.6905e+00 -3.4279e+00 -1.3386e+00 +7.8539e-01
1684 +6.100132796e+01 +6.100132796e+01 +1.539413280e+02 +1.539413280e+02 +9.0101e-01 -9.0220e-01 -3.6606e+00 +4.1374e+00 +6.7661e-01 +4.2973e+00 +4.0238e-01 -6.7880e-01 +2.5060e+00 +2.4060e+00 +2.0705e+00 -3.1831e+00 -3.4633e+00 +1.0748e+00 +2.4195e+00 -7.4148e-01 +4.5522e+00 -4.2972e+00 -1.1095e+00 +1.8634e+00
2623 +3.737440728e+01 +3.737440728e+01 +1.303144073e+02 +1.303144073e+02 +9.8411e-01 -1.1144e+00 -2.7115e+00 +4.1543e+00 +1.0915e+00 +3.8395e+00 +9.0738e-01 -1.6652e+00 +2.6321e+00 +2.1241e+00 +2.3538e+00 -3.5935e+00 -3.3319e+00 +9.5506e-01 +2.5402e+00 +1.9588e+00 +4.5909e+00 -4.0430e+00 +2.1284e-01 +2.5118e+00
4352 +2.232529979e+01 +2.232529979e+01 +1.152652998e+02 +1.152652998e+02 +1.0336e+00 -7.4659e-01 -2.1794e+00 +4.2594e+00 +2.1424e+00 +4.1750e+00 +2.2500e-01 -1.7410e+00 +2.5273e+00 +2.0262e+00 +2.7710e+00 -2.9520e+00 -3.3884e+00 -1.6067e-01 +2.5868e+00 +2.7031e+00 +4.8143e+00 -3.2474e+00 +2.4527e+00 +1.5569e+00
6088 +1.542405413e+01 +1.542405413e+01 +1.083640541e+02 +1.083640541e+02 +2.0847e-01 -7.7309e-01 -2.0422e+00 +4.0213e+00 +1.4465e+00 +4.6598e+00 +1.6446e+00 -1.8866e+00 +2.3023e+00 +1.9656e+00 +2.8488e+00 -3.2779e+00 -3.3482e+00 +4.9825e-01 +2.5863e+00 +2.0777e+00 +4.5257e+00 -3.5547e+00 +1.5067e+00 +1.1374e+00
9440 +9.979263315e+00 +9.979263315e+00 +1.029192633e+02 +1.029192633e+02 +4.5716e-01 -6.2677e-01 -1.5286e+00 +3.2033e+00 +2.1606e+00 +4.6286e+00 +1.8076e+00 -1.5096e+00 +3.2402e+00 +1.7697e+00 +2.4108e+00 -3.0377e+00 -3.2750e+00 +5.0631e-01 +2.0036e+00 +1.8787e+00 +4.6405e+00 -3.6860e+00 +1.6634e+00 +1.1235e+00
14846 +6.285278166e+00 +6.285278166e+00 +9.922527817e+01 +9.922527817e+01 +4.6203e-01 -5.5627e-01 -1.5009e+00 +3.3884e+00 +2.0002e+00 +4.5691e+00 +1.8040e+00 -1.6937e+00 +2.8394e+00 +2.0094e+00 +2.4137e+00 -2.9349e+00 -2.7499e+00 +3.7920e-01 +2.1721e+00 +1.8937e+00 +4.4954e+00 -3.8017e+00 +2.2314e+00 +1.6911e+00
% function evaluation | noise-free fitness - Fopt (3.535000000000e+01) | best noise-free fitness - Fopt | measured fitness | best measured fitness | x1 | x2...
1 +6.348850513e+03 +6.348850513e+03 +6.384200513e+03 +6.384200513e+03 -1.1618e+00 -1.3543e+00 -4.3414e+00 -4.4839e+00 +2.2765e+00 -3.8900e+00 -7.1077e-01 -4.9275e+00 -2.5845e+00 +6.0290e-01 +5.3480e-01 -1.5680e+00 +8.9339e-01 -3.9651e+00 -4.1490e+00 +2.0906e+00 -3.3037e+00 +2.1602e+00 -9.5565e-01 +3.1099e+00
2 +1.353660842e+03 +1.353660842e+03 +1.389010842e+03 +1.389010842e+03 +2.6476e-01 -2.9031e+00 -1.5271e+00 +2.7947e+00 +4.0623e+00 +1.4086e+00 -1.1306e+00 -7.4517e-01 -2.1205e+00 +3.8136e+00 +2.3183e+00 -4.8738e+00 +9.7316e-01 +1.7904e+00 -1.4481e+00 -1.8479e+00 +3.7471e+00 -2.3520e-01 +2.1340e+00 -1.5971e+00
84 +8.952166294e+02 +8.952166294e+02 +9.305666294e+02 +9.305666294e+02 +2.8609e-01 +7.1565e-01 -2.9661e+00 -1.5084e+00 +1.8088e+00 +0.0000e+00 -4.1232e+00 +5.5040e-01 -6.8786e-01 -3.3541e+00 +0.0000e+00 -2.6705e+00 +5.0000e+00 +5.0000e+00 +0.0000e+00 -1.3002e-01 +3.5624e+00 -2.2738e+00 +5.0000e+00 -1.3942e+00
119 +6.045186673e+02 +6.045186673e+02 +6.398686673e+02 +6.398686673e+02 +2.8176e+00 -3.2393e+00 +1.4043e+00 +6.9704e-01 +1.7923e+00 -3.7844e+00 -1.9232e+00 +3.1222e+00 -1.9736e-01 -1.4835e+00 +1.5880e-01 -3.3237e+00 +1.3764e+00 +2.4369e+00 -1.2080e+00 +5.8508e-01 +5.0000e+00 -1.5751e+00 +3.8983e+00 +5.5798e-01
123 +3.762352701e+02 +3.762352701e+02 +4.115852701e+02 +4.115852701e+02 +5.0000e+00 +8.8365e-01 -2.0016e+00 +2.1461e+00 +1.8152e+00 -5.0000e+00 +2.3326e-01 -1.2927e+00 -1.3068e+00 +5.3159e-01 -1.6159e+00 -3.7078e+00 +1.6395e+00 +2.6188e+00 +1.5383e+00 +4.9656e+00 +5.0000e+00 +2.5735e-01 +5.0000e+00 +2.6856e+00
161 +1.986154464e+02 +1.986154464e+02 +2.339654464e+02 +2.339654464e+02 +5.0000e+00 -2.8078e-01 +3.2303e+00 +9.8798e-01 +1.2032e+00 -4.4836e+00 -1.1816e+00 +0.0000e+00 -7.5684e-01 -5.5781e-01 +1.4384e-01 -1.9490e+00 +2.2242e+00 +3.4557e+00 +2.1401e+00 +4.0786e+00 +5.0000e+00 +1.5851e+00 +4.5888e+00 +1.2642e+00
453 +1.318751753e+02 +1.318751753e+02 +1.672251753e+02 +1.672251753e+02 +5.0000e+00 +1.7129e+00 +2.6103e+00 -2.0649e+00 -3.7497e-01 -3.3242e+00 +3.1187e+00 +1.5717e+00 -3.7774e+00 -7.1492e-01 -5.0082e-01 -4.4830e+00 +2.3916e+00 +2.7234e+00 +1.1142e+00 +4.7205e+00 +4.9482e+00 +2.3171e+00 +4.3001e+00 +3.3159e+00
812 +9.330614383e+01 +9.330614383e+01 +1.286561438e+02 +1.286561438e+02 +4.9786e+00 +2.7015e+00 +1.4683e+00 -1.4490e-01 -6.2415e-01 -3.8719e+00 +2.5431e+00 +3.8225e-01 -1.9446e+00 -2.9564e-01 -1.4032e+00 -3.7467e+00 +3.0350e+00 +2.6986e+00 -4.5068e-01 +4.6350e+00 +4.9201e+00 +2.3642e+00 +5.0000e+00 +4.5781e+00
1252 +6.281846711e+01 +6.281846711e+01 +9.816846711e+01 +9.816846711e+01 +4.9911e+00 +2.0993e+00 +7.3528e-01 -3.8099e-01 -4.5908e-01 -3.9137e+00 +2.3336e+00 +2.4953e-01 -2.0796e+00 -3.1577e-01 -2.0386e+00 -3.4260e+00 +2.6983e+00 +2.5871e+00 -3.3650e-01 +4.6231e+00 +4.9237e+00 +1.9955e+00 +4.9890e+00 +4.0992e+00
8309 +3.969033209e+01 +3.969033209e+01 +7.504033209e+01 +7.504033209e+01 +4.9996e+00 +1.8790e+00 +1.7380e+00 -7.0715e-01 -1.3275e+00 -3.7156e+00 +2.2163e+00 +9.3216e-02 -1.6745e+00 -2.7411e-01 -2.4208e+00 -2.7970e+00 +1.9290e+00 +2.7211e+00 +8.8392e-02 +4.5599e+00 +4.9204e+00 +2.4845e+00 +5.0000e+00 +3.8423e+00
% function evaluation | noise-free fitness - Fopt (3.820000000000e+00) | best noise-free fitness - Fopt | measured fitness | best measured fitness | x1 | x2...
1 +3.348821349e+03 +3.348821349e+03 +3.352641349e+03 +3.352641349e+03 -1.0264e+00 +2.1884e+00 -9.2177e-01 +2.0652e+00 -1.3644e-01 -6.8799e-01 +2.1511e+00 -3.5653e+00 +3.1491e+00 -3.7718e+00 -1.7471e+00 +2.7488e+00 -3.1556e-01 -4.0931e+00 +4.9691e+00 +2.2799e+00 -4.1998e+00 +2.6189e-01 -2.5355e-01 -4.5772e+00
3 +2.055679952e+03 +2.055679952e+03 +2.059499952e+03 +2.059499952e+03 -4.9829e+00 -5.3442e-01 +3.5855e-01 -3.5188e+00 -8.8043e-01 -3.8822e+00 -1.0890e+00 +2.1891e+00 -1.1333e+00 +2.9938e+00 -1.8792e+00 -5.6214e-01 -2.5635e+00 -3.7457e+00 -3.7531e+00 -1.5900e+00 +4.6413e+00 +1.6088e+00 -2.0568e+00 -1.3248e+00
6 +5.616892637e+02 +5.616892637e+02 +5.655092637e+02 +5.655092637e+02 +4.7340e+00 +2.6328e+00 +2.5159e+00 -5.7284e-01 -4.8680e-01 +2.6111e+00 +3.5503e+00 -3.6462e+00 +9.2244e-01 +1.7458e+00 -4.2722e+00 +3.9295e+00 +1.4855e+00 -1.0268e+00 -4.7553e+00 +8.1610e-01 -3.4401e+00 +4.7171e+00 +3.7705e-01 +2.6668e+00
46 +3.814685458e+02 +3.814685458e+02 +3.852885458e+02 +3.852885458e+02 +2.3685e+00 +2.4942e+00 +4.8071e+00 -1.3540e+00 +3.3735e+00 +1.2879e-01 +5.0000e+00 -4.1074e-01 -1.4402e+00 +4.9847e+00 -1.3347e+00 +5.0000e+00 +2.6519e+00 -3.8274e-01 -3.3237e+00 +1.7051e-01 -5.0000e+00 +5.0000e+00 +2.3483e-01 +2.7054e+00
318 +2.385333771e+02 +2.385333771e+02 +2.423533771e+02 +2.423533771e+02 +2.3826e+00 +1.6503e+00 +4.6342e+00 -3.9486e-01 +2.4874e+00 -1.5882e+00 -9.7864e-01 -3.4480e+00 -2.1532e-03 +2.6421e+00 +1.9976e+00 +4.6097e+00 +1.8090e+00 -2.6860e+00 +2.8137e+00 -2.0774e+00 +2.4627e+00 +2.7710e+00 +3.9915e+00 +2.7984e+00
376 +1.514916214e+02 +1.514916214e+02 +1.553116214e+02 +1.553116214e+02 +3.1330e+00 +8.8850e-01 +4.2002e+00 -3.1585e-01 +3.4685e+00 -2.7082e+00 -4.9932e-01 -2.6484e+00 +9.6786e-01 +0.0000e+00 +8.5498e-01 +4.2136e+00 +7.3437e-01 -3.1133e+00 -1.0164e+00 -1.8228e+00 +2.8487e+00 +2.7433e+00 +3.7764e+00 +1.3849e+00
619 +9.835921175e+01 +9.835921175e+01 +1.021792117e+02 +1.021792117e+02 +3.9619e+00 +7.4036e-01 +4.3654e+00 -1.0679e+00 +4.0077e+00 +1.9065e-01 +2.0919e+00 -2.3821e+00 +4.4756e-01 +5.0671e-01 +2.6028e-01 +4.4167e+00 -9.4031e-01 -1.6666e+00 -4.1012e-01 -1.3709e+00 +3.3102e+00 +2.9985e+00 +3.8713e+00 +1.3783e+00
1365 +5.513500094e+01 +5.513500094e+01 +5.895500094e+01 +5.895500094e+01 +3.8784e+00 +8.3434e-01 +4.4244e+00 -1.6430e+00 +3.9186e+00 -6.7029e-01 +6.2751e-01 -1.9597e+00 -1.4960e+00 +1.2180e+00 +8.6199e-01 +4.5917e+00 -8.8082e-01 -1.3177e+00 -5.1580e-01 +5.4103e-02 +4.6112e+00 +2.4183e+00 +3.2811e+00 +1.3072e+00
1735 +3.389907191e+01 +3.389907191e+01 +3.771907191e+01 +3.771907191e+01 +3.9174e+00 +6.5081e-01 +3.2936e+00 -1.5163e+00 +2.6390e+00 -9.5174e-01 +5.4454e-01 -4.0659e+00 -1.6551e+00 +1.1171e+00 +8.2415e-01 +4.6729e+00 -1.2601e+00 -1.5292e+00 -9.6344e-01 +1.2459e+00 +4.7802e+00 +2.1987e+00 +3.2765e+00 +1.9134e+00
2144 +2.175703199e+01 +2.175703199e+01 +2.557703199e+01 +2.557703199e+01 +3.8487e+00 +8.7269e-01 +2.8410e+00 -2.3317e+00 +2.2294e+00 +1.0693e-01 +3.5100e-01 -2.8223e+00 -1.7840e+00 +1.0241e+00 +8.3527e-01 +4.6507e+00 -1.1299e+00 -1.7444e+00 -1.4649e+00 +9.9869e-01 +4.7973e+00 +2.3684e+00 +3.2042e+00 +2.0315e+00
3121 +1.548872815e+01 +1.548872815e+01 +1.930872815e+01 +1.930872815e+01 +3.8333e+00 +1.1236e+00 +3.0980e+00 -2.3237e+00 +2.1856e+00 -6.3899e-02 +3.4237e-01 -2.7918e+00 -1.7775e+00 +7.4461e-01 +8.8750e-01 +4.6622e+00 -7.6271e-01 -1.7368e+00 -1.3984e+00 +6.7710e-01 +4.8902e+00 +2.2455e+00 +3.1373e+00 +2.0307e+00
11046 +9.920124119e+00 +9.920124119e+00 +1.374012412e+01 +1.374012412e+01 +3.8192e+00 +8.1281e-01 +2.5117e+00 -2.1675e+00 +2.3589e+00 -7.9015e-01 +7.7906e-02 -2.6881e+00 -1.1149e+00 +1.8921e-01 +1.3328e+00 +4.7685e+00 -6.9379e-01 -2.0782e+00 -1.2780e+00 +2.0825e-01 +3.9789e+00 +2.0375e+00 +3.1448e+00 +2.0523e+00
% function evaluation | noise-free fitness - Fopt (2.175000000000e+01) | best noise-free fitness - Fopt | measured fitness | best measured fitness | x1 | x2...
1 +1.686649195e+03 +1.686649195e+03 +1.708399195e+03 +1.708399195e+03 -4.3412e+00 +1.8862e+00 +1.6518e+00 +2.2048e+00 +1.8471e+00 +3.2173e+00 -5.5753e-01 -1.2659e+00 -4.1756e+00 +2.5314e+00 +2.5609e+00 -4.4042e+00 +3.7122e+00 -2.9197e+00 -4.1791e+00 +2.4525e-01 -4.2352e+00 -2.5513e+00 +1.8313e+00 +1.6099e-02
3 +6.006837303e+02 +6.006837303e+02 +6.224337303e+02 +6.224337303e+02 +1.2065e+00 -5.5447e-01 -2.4411e+00 +6.0891e-01 +4.5803e+00 +3.5928e+00 -6.0168e-01 -1.1846e+00 +1.2767e+00 +7.4794e-01 +1.3555e+00 -3.3764e+00 +4.8392e+00 -3.7192e+00 -4.0201e+00 +8.9084e-01 +1.6171e+00 +3.7038e+00 -3.9601e+00 +4.3471e+00
118 +3.419370919e+02 +3.419370919e+02 +3.636870919e+02 +3.636870919e+02 +1.7417e+00 -2.1483e+00 -1.8665e+00 -4.0916e-01 -2.7894e-01 +0.0000e+00 +3.3010e+00 -1.1479e+00 +2.5494e+00 +1.6843e+00 +3.2065e+00 -1.5558e+00 +2.1222e+00 +3.5163e-01 +0.0000e+00 -4.5954e+00 +5.0000e+00 +2.9057e+00 -5.0000e+00 +6.7911e-01
223 +2.131066056e+02 +2.131066056e+02 +2.348566056e+02 +2.348566056e+02 +9.7829e-01 -1.7226e+00 -4.6199e+00 -8.9249e-01 +4.4895e-01 -4.0403e-02 +7.5446e-01 -1.3864e+00 +9.8535e-01 +6.2997e-01 +2.7324e+00 +2.0394e+00 +1.4395e+00 -2.2349e+00 +6.2776e-01 -4.4669e+00 +1.2662e+00 +2.3072e+00 -4.8781e+00 +4.5404e-01
520 +1.574940981e+02 +1.574940981e+02 +1.792440981e+02 +1.792440981e+02 +7.9334e-01 -9.4865e-01 -4.6441e+00 +2.0942e+00 +4.5094e-01 -7.4355e-01 +2.1606e+00 -2.1104e+00 +6.7054e-01 +1.5874e+00 +2.8128e+00 -1.9769e+00 +3.2688e+00 +2.1352e-01 -2.4595e-01 -4.0249e+00 +1.4678e+00 +1.7301e+00 -4.8944e+00 +1.6029e+00
690 +9.977766145e+01 +9.977766145e+01 +1.215276614e+02 +1.215276614e+02 +9.6157e-01 +9.1404e-01 -3.3201e+00 +2.5151e+00 +7.6988e-01 -5.8656e-01 +1.6836e+00 +1.2682e+00 +5.9790e-01 +1.3333e+00 +2.9440e+00 -2.9325e+00 +4.2592e+00 -1.8434e+00 -2.7381e+00 -4.0664e+00 -1.4572e+00 +1.6232e+00 -4.9313e+00 -1.8392e+00
1612 +5.975339708e+01 +5.975339708e+01 +8.150339708e+01 +8.150339708e+01 +1.0432e+00 +8.4389e-01 -2.7550e+00 +3.1080e+00 -2.2770e+00 -1.9443e+00 +2.2892e+00 +1.5714e+00 +4.2568e-02 +3.0680e+00 +3.3924e+00 -2.5741e+00 +4.2343e+00 -2.6124e+00 -1.9474e+00 -3.2678e+00 -1.2569e+00 +1.2309e+00 -4.8350e+00 -2.1766e+00
2123 +3.248017068e+01 +3.248017068e+01 +5.423017068e+01 +5.423017068e+01 +1.3391e+00 +3.5889e-01 -2.1656e+00 +2.3919e+00 -1.4325e+00 -2.2013e+00 +2.0433e+00 +1.3580e+00 +9.9656e-01 +3.2798e+00 +1.8850e+00 -2.6567e+00 +4.2581e+00 -2.2612e+00 -2.0170e+00 -5.2060e-01 -2.4041e+00 +9.1909e-01 -4.3110e+00 -7.4486e-01
2403 +2.496970814e+01 +2.496970814e+01 +4.671970814e+01 +4.671970814e+01 +1.3589e+00 +3.5136e-01 -2.2579e+00 +2.3376e+00 -2.0875e+00 -2.2225e+00 +2.1019e+00 +1.1276e+00 +1.1606e+00 +3.0797e+00 +1.8949e+00 -2.3032e+00 +4.2550e+00 -2.2556e+00 -2.0033e+00 -1.2906e+00 -1.9858e+00 +1.4089e+00 -4.3044e+00 -6.6314e-01
3321 +1.386926284e+01 +1.386926284e+01 +3.561926284e+01 +3.561926284e+01 +1.4656e+00 +2.4426e-01 -1.6025e+00 +2.1601e+00 -2.0802e+00 -2.4267e+00 +2.5007e+00 +1.8449e+00 +1.3341e+00 +3.3358e+00 +1.7549e+00 -1.8155e+00 +4.1628e+00 -2.2377e+00 -1.6740e+00 -1.6415e+00 -1.6112e+00 +1.7524e+00 -4.7805e+00 -3.9887e-01
5263 +8.265790011e+00 +8.265790011e+00 +3.001579001e+01 +3.001579001e+01 +1.4635e+00 +1.7971e-01 -1.5274e+00 +2.2353e+00 -1.1295e+00 -2.9399e+00 +2.5646e+00 +2.6407e+00 +1.3734e+00 +3.4425e+00 +2.0232e+00 -1.6508e+00 +4.1901e+00 -2.0746e+00 -1.6915e+00 -1.9536e+00 -1.3809e+00 +1.7485e+00 -4.7814e+00 -5.1835e-01
% function evaluation | noise-free fitness - Fopt (6.479000000000e+01) | best noise-free fitness - Fopt | measured fitness | best measured fitness | x1 | x2...
1 +2.541622248e+03 +2.541622248e+03 +2.606412248e+03 +2.606412248e+03 +1.2611e+00 -3.2653e+00 +1.7122e+00 +6.5398e-01 -1.5076e+00 +3.7363e+00 -2.1797e+00 -1.1524e+00 +4.4482e+00 +2.4933e+00 -2.7123e+00 -2.9765e+00 +4.4730e-01 -2.0271e+00 -1.4844e+00 -2.9074e+00 +1.0166e+00 -4.9439e+00 -2.5783e+00 -3.4778e+00
2 +2.470116058e+03 +2.470116058e+03 +2.534906058e+03 +2.534906058e+03 -3.4635e+00 +3.8823e+00 +4.6283e+00 -4.2086e+00 +4.8098e+00 -2.2850e+00 -1.1240e+00 -3.4167e+00 +1.1050e+00 +8.4262e-01 -1.1214e+00 +5.7833e-01 -3.0828e+00 +4.7669e+00 +3.0422e+00 +4.7773e+00 +3.1762e+00 -3.2922e+00 +5.3712e-01 -1.3843e+00
3 +1.025738179e+03 +1.025738179e+03 +1.090528179e+03 +1.090528179e+03 +1.5832e-01 +6.2694e-01 -3.3979e+00 -1.6674e-01 +3.4603e+00 -4.6582e+00 -2.5898e+00 +4.5169e+00 -1.1867e+00 +1.4792e+00 +3.6719e+00 +3.0085e+00 +1.3349e+00 -4.3579e+00 +4.9325e+00 +3.9144e+00 +1.0748e+00 +1.4786e+00 -2.7795e+00 -2.8276e+00
17 +9.174563331e+02 +9.174563331e+02 +9.822463331e+02 +9.822463331e+02 +1.9137e+00 -4.1806e+00 +1.9721e+00 +2.4145e+00 +2.1520e+00 +2.0346e+00 -7.0384e-01 +4.3654e+00 -1.7637e+00 +2.9215e+00 -2.9415e+00 +1.9432e-01 -2.2664e-01 +2.4074e+00 -3.2764e+00 +2.7705e+00 -4.8343e-01 -1.6211e-01 -2.8012e+00 -2.4165e+00
71 +3.789905212e+02 +3.789905212e+02 +4.437805212e+02 +4.437805212e+02 +1.6015e+00 -1.6314e+00 +2.9344e-01 +1.5331e-01 +1.6488e+00 +3.9318e-01 -5.7453e-01 +6.6992e-01 -2.0537e+00 +5.0000e+00 +4.0934e+00 +2.1860e+00 +7.9682e-01 +1.8961e+00 -2.4322e+00 +2.6582e-01 +5.9168e-01 +3.9082e+00 -5.0000e+00 +9.5164e-02
265 +1.288747614e+02 +1.288747614e+02 +1.936647614e+02 +1.936647614e+02 -4.3213e-01 -9.4330e-01 +2.4324e+00 +2.4325e+00 +2.9360e-01 -4.2522e-01 -1.6339e+00 -9.3098e-02 -2.9729e+00 +5.0000e+00 +3.5254e+00 +1.0877e+00 +1.1349e+00 +3.4363e-01 -9.7755e-01 +1.8232e-01 -2.0620e-01 +9.8458e-01 -3.5696e+00 +1.7403e+00
522 +9.442979529e+01 +9.442979529e+01 +1.592197953e+02 +1.592197953e+02 -1.9193e+00 -5.1067e-01 +2.4337e+00 +1.6787e+00 -1.0894e+00 -4.7168e-01 -2.7851e+00 -4.4891e-02 -2.6056e+00 +4.3548e+00 +3.8119e+00 +4.1628e-01 +8.5642e-01 -4.7280e-01 -1.0763e+00 +1.2279e+00 +4.5415e-01 +9.3781e-01 -4.7119e+00 +2.0876e+00
778 +6.005171282e+01 +6.005171282e+01 +1.248417128e+02 +1.248417128e+02 -1.9315e+00 -4.7944e-01 +2.2163e+00 +2.3895e+00 -5.8223e-01 +2.5835e-01 -2.5798e+00 -4.3108e-01 -2.6096e+00 +4.3091e+00 +3.8165e+00 -7.5885e-02 +1.1826e+00 -9.3059e-01 -1.6794e+00 +1.9439e+00 +4.6515e-01 +9.3689e-01 -4.3923e+00 +2.2075e+00
1415 +3.747781277e+01 +3.747781277e+01 +1.022678128e+02 +1.022678128e+02 -1.5011e+00 -1.6583e+00 +2.1680e+00 +2.1661e+00 +5.2300e-01 -1.8538e+00 -3.2234e+00 +1.1549e-01 -2.4959e+00 +3.7954e+00 +3.1798e+00 +3.1133e-01 +1.9890e+00 -5.1673e-01 -1.5117e+00 +2.0335e+00 -1.2430e-01 +1.0561e+00 -4.5005e+00 +1.4421e+00
3059 +2.411218745e+01 +2.411218745e+01 +8.890218745e+01 +8.890218745e+01 -2.1380e+00 -1.0234e+00 +2.2389e+00 +2.4593e+00 +4.4236e-01 -1.6724e+00 -3.0225e+00 +1.4569e-01 -2.2384e+00 +2.7800e+00 +3.5148e+00 -8.9613e-01 +1.7360e+00 +7.0006e-01 -1.8014e+00 +2.3484e+00 +5.1552e-01 +1.0990e+00 -3.7739e+00 +1.9979e+00
4958 +1.556343170e+01 +1.556343170e+01 +8.035343170e+01 +8.035343170e+01 -1.3088e+00 -1.7925e+00 +1.5673e+00 +2.4512e+00 -6.6213e-02 -1.4844e+00 -3.1547e+00 -3.2516e-01 -2.3458e+00 +2.3584e+00 +2.9115e+00 -9.8046e-01 +1.1929e+00 +1.0883e+00 -2.1165e+00 +2.2127e+00 +7.0222e-01 +1.0615e+00 -3.6055e+00 +5.4130e-01
14081 +9.819967964e+00 +9.819967964e+00 +7.460996796e+01 +7.460996796e+01 -1.3983e+00 -1.9698e+00 +1.2885e+00 +2.5081e+00 +8.9575e-02 -1.3604e+00 -3.5676e+00 -4.5017e-01 -2.3073e+00 +2.4235e+00 +2.9204e+00 -1.3440e+00 +1.2604e+00 +1.2066e+00 -2.0782e+00 +2.5691e+00 +6.6453e-01 +3.4659e-01 -3.3990e+00 +7.4004e-02
% function evaluation | noise-free fitness - Fopt (5.407000000000e+01) | best noise-free fitness - Fopt | measured fitness | best measured fitness | x1 | x2...
1 +3.795424513e+03 +3.795424513e+03 +3.849494513e+03 +3.849494513e+03 -3.8978e+00 -4.7235e+00 +3.6695e-01 -2.4601e+00 -8.9544e-01 +1.2539e+00 +4.9668e+00 -3.5329e+00 +3.3318e+00 +1.7658e+00 -1.8831e+00 -1.7605e+00 -1.0839e+00 -6.5569e-01 -3.1618e+00 -4.4715e+00 +3.5114e+00 +3.8595e+00 +7.7690e-01 +3.4170e+00
5 +2.294822076e+03 +2.294822076e+03 +2.348892076e+03 +2.348892076e+03 +3.8859e+00 +4.3193e+00 -2.9229e-02 +1.9726e+00 -3.1274e+00 +4.4871e+00 -1.7079e+00 -4.3345e+00 -4.3742e+00 +1.3087e+00 +5.4520e-02 +4.7826e+00 -4.5541e+00 -4.8759e+00 +4.9894e-01 +2.6111e+00 +3.2933e+00 +1.2894e+00 +2.5904e+00 -2.7202e+00
23 +1.309348281e+03 +1.309348281e+03 +1.363418281e+03 +1.363418281e+03 -2.1052e+00 -1.7490e+00 -2.2331e+00 +2.2287e+00 +8.6187e-03 +2.6366e+00 +9.5833e-01 +1.9642e+00 -4.7884e+00 -5.2761e-01 -4.4196e+00 +9.5840e-01 +3.0022e+00 -2.5583e+00 +3.9099e-01 +1.0503e+00 +2.2956e+00 +3.7641e+00 +1.5494e+00 -4.8234e-01
50 +4.699692324e+02 +4.699692324e+02 +5.240392324e+02 +5.240392324e+02 +4.1550e+00 -2.5873e+00 +2.0079e+00 +2.2971e+00 -3.3454e+00 +5.0002e-01 -5.9973e-01 +5.0000e+00 -4.4173e+00 +4.4275e+00 -5.0000e+00 -1.7723e+00 -4.7007e+00 +4.0019e+00 +6.1609e-01 -5.0000e+00 +3.5630e-01 -2.2328e-01 -1.7518e+00 -2.0444e+00
142 +3.679495829e+02 +3.679495829e+02 +4.220195829e+02 +4.220195829e+02 +4.6778e+00 -4.1677e+00 +2.1363e+00 +3.1156e+00 -1.2350e+00 +2.3624e+00 -1.0616e+00 +5.0000e+00 -4.1648e+00 +4.5802e+00 -5.0000e+00 -1.1851e+00 -5.0000e+00 +5.0000e+00 +3.8341e+00 -4.4961e+00 +1.5509e+00 +1.2163e+00 -5.0000e+00 -2.6005e+00
213 +2.433742638e+02 +2.433742638e+02 +2.974442638e+02 +2.974442638e+02 +7.6316e-01 -3.9647e+00 +2.3711e+00 +3.3556e+00 -2.2314e+00 +1.4505e+00 +5.2905e-01 +4.1016e+00 -4.0602e+00 +3.6828e-01 -3.6210e+00 -2.5128e+00 -4.7256e+00 +4.0339e+00 +1.0144e+00 -3.8509e+00 -5.6774e-01 +3.0255e+00 -1.9113e+00 -2.8660e+00
436 +1.245696333e+02 +1.245696333e+02 +1.786396333e+02 +1.786396333e+02 -4.5593e-01 -1.8940e+00 +3.9130e+00 +4.2611e+00 -4.1174e+00 +2.7405e+00 +1.2760e+00 +5.0000e+00 -3.4491e+00 -1.0185e+00 -5.0000e+00 -1.2269e-01 -4.7019e+00 +2.9671e+00 +3.6817e+00 -3.0751e+00 +5.0000e+00 +2.1539e+00 -6.7878e-01 -9.7067e-01
505 +9.565320115e+01 +9.565320115e+01 +1.497232011e+02 +1.497232011e+02 -1.4222e-01 -3.5119e+00 +2.5668e+00 +3.7700e+00 -3.8463e+00 +1.7111e+00 +1.4656e+00 +4.5776e+00 -3.5725e+00 -1.0356e+00 -4.1504e+00 +7.1777e-01 -4.8905e+00 +4.8183e+00 +3.5955e+00 -3.2724e+00 +4.2431e+00 +2.1868e+00 -7.2973e-01 -1.8927e+00
1286 +6.307863437e+01 +6.307863437e+01 +1.171486344e+02 +1.171486344e+02 +5.9312e-01 -3.0772e+00 +1.7348e+00 +3.1314e+00 -3.4509e+00 +2.7324e+00 +9.3945e-01 +4.2290e+00 -3.4823e+00 -7.6149e-01 -4.3055e+00 +2.6087e-01 -4.7692e+00 +4.5842e+00 +3.2421e+00 -4.2252e+00 +4.7820e+00 +2.7531e+00 -2.0672e+00 -2.0202e-01
1724 +3.907398137e+01 +3.907398137e+01 +9.314398137e+01 +9.314398137e+01 -4.0673e-01 -2.9753e+00 +1.3362e+00 +2.9370e+00 -3.0828e+00 +2.1916e+00 +8.5643e-01 +4.6595e+00 -3.8772e+00 -8.0188e-01 -4.6151e+00 -3.9944e-01 -2.7779e+00 +4.0878e+00 +3.5963e+00 -2.7494e+00 +6.6463e-01 +3.2957e+00 -2.8624e+00 -5.9955e-01
2414 +2.287767934e+01 +2.287767934e+01 +7.694767934e+01 +7.694767934e+01 -6.7099e-01 -3.3381e+00 +1.8211e+00 +2.6893e+00 -2.9192e+00 +1.9058e+00 +9.2514e-01 +4.5019e+00 -3.8780e+00 -1.3865e+00 -4.6563e+00 +1.7758e-01 -2.3725e+00 +3.9969e+00 +3.6283e+00 -2.4936e+00 +1.2363e+00 +2.8550e+00 -3.0584e+00 -8.1428e-01
6022 +1.561188224e+01 +1.561188224e+01 +6.968188224e+01 +6.968188224e+01 -1.0560e+00 -3.0412e+00 +1.9006e+00 +1.8741e+00 -2.8464e+00 +1.8085e+00 -2.3662e-01 +3.7297e+00 -4.0244e+00 -1.7346e+00 -4.4013e+00 +6.7444e-01 -2.2851e+00 +3.2757e+00 +3.5748e+00 -2.6400e+00 +8.5061e-01 +2.5922e+00 -3.0697e+00 -8.1740e-01
14947 +9.352345370e+00 +9.352345370e+00 +6.342234537e+01 +6.342234537e+01 -3.2630e-03 -3.1951e+00 +2.5168e+00 +2.0483e+00 -2.8778e+00 +1.8099e+00 +2.1634e-01 +3.3353e+00 -3.7113e+00 -1.9052e+00 -4.5079e+00 +6.5942e-01 -1.1281e+00 +3.2044e+00 +3.9564e+00 -2.6918e+00 +1.2505e+00 +2.8302e+00 -3.5134e+00 -1.1154e+00
17747 +6.235655244e+00 +6.235655244e+00 +6.030565524e+01 +6.030565524e+01 -1.7347e-01 -3.1411e+00 +2.6494e+00 +1.9847e+00 -2.7123e+00 +1.8430e+00 +3.1875e-01 +3.3567e+00 -3.7027e+00 -2.2484e+00 -4.5199e+00 +1.1061e+00 -1.3698e+00 +3.2285e+00 +4.1684e+00 -2.6860e+00 +1.2363e+00 +2.6806e+00 -3.3486e+00 -1.1312e+00
% function evaluation | noise-free fitness - Fopt (-9.152000000000e+01) | best noise-free fitness - Fopt | measured fitness | best measured fitness | x1 | x2...
1 +2.864639877e+03 +2.864639877e+03 +2.773119877e+03 +2.773119877e+03 +2.2577e+00 -4.1071e+00 +1.0300e+00 +3.7001e+00 +4.6182e+00 +7.7236e-01 -3.9380e+00 +4.8909e+00 +2.8596e+00 +2.7882e+00 -3.8711e+00 +4.6951e+00 +1.4143e+00 -4.9031e+00 +3.2499e+00 -4.2559e+00 +1.2049e+00 -5.2079e-01 -5.7062e-01 -1.3357e+00
2 +2.278265637e+03 +2.278265637e+03 +2.186745637e+03 +2.186745637e+03 -1.9644e+00 +4.0144e+00 +6.7678e-01 +3.2334e+00 +1.5569e+00 +9.7301e-01 -1.7757e+00 +3.1202e+00 +3.1826e+00 +2.5511e+00 +4.4111e-01 -1.1133e-01 -3.0807e+00 -4.9183e+00 -3.2014e+00 -3.5350e+00 -2.1101e+00 -3.8256e+00 -3.7181e+00 -3.0915e+00
4 +8.705047235e+02 +8.705047235e+02 +7.789847235e+02 +7.789847235e+02 +4.4615e+00 -1.3129e+00 +3.8403e+00 +4.5277e+00 +3.2998e+00 +4.5609e+00 +1.4470e+00 -2.5052e+00 +4.1816e-01 +1.4687e+00 -2.8375e+00 +2.8786e+00 +3.3215e+00 +1.8238e+00 -7.1970e-01 +3.0807e+00 -3.1881e+00 -8.4889e-02 +1.6022e-01 +8.1690e-01
48 +4.614803320e+02 +4.614803320e+02 +3.699603320e+02 +3.699603320e+02 -2.4861e+00 -1.3479e+00 -5.5709e-02 +5.0000e+00 +6.7024e-01 +1.9844e+00 +3.6068e+00 -1.3181e+00 +4.7353e+00 +3.3106e+00 -1.4619e+00 +7.6371e-01 -3.9398e+00 +4.2937e-01 +3.8118e+00 -1.0178e+00 -3.7879e+00 +3.3995e+00 +2.9056e+00 -1.8286e+00
138 +3.435675882e+02 +3.435675882e+02 +2.520475882e+02 +2.520475882e+02 -1.2579e-01 +1.8932e-01 -2.6111e-01 +3.9749e+00 +5.0000e+00 +0.0000e+00 +4.8540e+00 +2.6015e-01 +3.1399e+00 +0.0000e+00 -1.5980e+00 -1.4766e+00 -2.8770e+00 -1.2092e+00 +1.1190e+00 -1.1149e+00 -2.1117e+00 +4.6814e+00 +2.3808e+00 +0.0000e+00
207 +2.497317824e+02 +2.497317824e+02 +1.582117824e+02 +1.582117824e+02 -4.6273e-01 +2.0890e+00 -1.0809e+00 +3.1341e+00 +3.3454e+00 +2.9169e+00 +2.0789e+00 -1.8046e+00 +0.0000e+00 +1.3277e+00 +1.5852e-01 +2.3516e+00 -3.5724e+00 -7.3740e-01 +3.8501e+00 +4.9015e+00 -2.2213e+00 +4.9216e+00 +3.5863e+00 -1.0864e+00
502 +1.491721023e+02 +1.491721023e+02 +5.765210232e+01 +5.765210232e+01 -3.2564e+00 +1.2425e+00 -8.8218e-01 +4.2959e+00 +2.0371e+00 +3.5539e+00 +2.7130e+00 +1.8537e+00 -8.8627e-01 +2.2483e+00 -1.0649e+00 +5.0000e+00 -3.3315e+00 +1.5513e-02 +3.3263e+00 +1.1106e+00 -3.4800e+00 +4.9027e+00 +1.8934e+00 -1.4232e+00
613 +7.922010721e+01 +7.922010721e+01 -1.229989279e+01 -1.229989279e+01 -4.7600e+00 +7.8123e-01 +5.2349e-02 +4.2519e+00 +5.0000e+00 +2.7413e+00 +1.2799e+00 +8.2208e-01 -2.0673e+00 +2.6379e+00 +1.0006e-01 +4.9543e+00 -3.2109e+00 -8.8545e-01 +2.4537e+00 -1.0999e+00 -2.2278e+00 +4.8592e+00 +5.2124e-01 -1.9695e+00
1100 +5.394546707e+01 +5.394546707e+01 -3.757453293e+01 -3.757453293e+01 -4.3812e+00 +1.0622e+00 -2.2068e-01 +3.8877e+00 +4.8976e+00 +2.0404e+00 +2.0806e+00 +1.8248e+00 -1.7714e+00 +3.4771e+00 +6.3396e-01 +4.3650e+00 -3.0823e+00 -8.8911e-01 +1.8629e+00 -8.1649e-01 -2.1579e+00 +4.6227e+00 +3.7896e-01 -2.1584e+00
1740 +3.000894829e+01 +3.000894829e+01 -6.151105171e+01 -6.151105171e+01 -4.0291e+00 +1.2842e+00 -9.0687e-01 +3.8105e+00 +4.3104e+00 +2.7403e+00 +2.3630e+00 +3.2665e+00 -1.7643e+00 +3.6331e+00 +8.3406e-01 +5.0000e+00 -3.2779e+00 -9.1419e-01 +2.2287e+00 -1.5596e+00 -2.1717e+00 +4.7228e+00 +6.4595e-01 -2.4177e+00
2413 +2.272018079e+01 +2.272018079e+01 -6.879981921e+01 -6.879981921e+01 -3.9962e+00 +1.2525e+00 -1.7304e+00 +3.3064e+00 +2.9679e+00 +2.0147e+00 +2.4375e+00 +3.7080e+00 -1.1389e+00 +3.8620e+00 +1.2218e+00 +4.9907e+00 -3.3183e+00 -7.2018e-01 +1.9668e+00 -1.6397e+00 -2.1798e+00 +4.8837e+00 -2.5845e-01 -2.4040e+00
5747 +1.557398007e+01 +1.557398007e+01 -7.594601993e+01 -7.594601993e+01 -3.9709e+00 +1.4543e+00 -1.3857e+00 +3.5273e+00 +2.8322e+00 +2.1077e+00 +2.9999e+00 +3.0787e+00 -7.7159e-01 +3.1780e+00 +1.4134e+00 +4.9773e+00 -3.0824e+00 -8.7675e-01 +1.6728e+00 -1.2913e+00 -1.0828e+00 +4.5916e+00 +7.3744e-01 -2.6190e+00
% function evaluation | noise-free fitness - Fopt (2.263000000000e+01) | best noise-free fitness - Fopt | measured fitness | best measured fitness | x1 | x2...
1 +3.670512858e+03 +3.670512858e+03 +3.693142858e+03 +3.693142858e+03 -3.4680e+00 -2.5118e+00 +4.5271e-01 -3.3477e+00 +3.6968e+00 -4.0933e+00 -4.8868e+00 -3.4651e+00 +1.9800e+00 +2.9736e-01 +4.4045e-01 +2.2975e+00 +1.5774e+00 -2.6038e+00 +4.4904e+00 +2.6188e+00 +2.1048e+00 -3.4911e+00 +4.4640e+00 +4.1185e+00
3 +2.254253088e+03 +2.254253088e+03 +2.276883088e+03 +2.276883088e+03 +3.5373e+00 -4.7205e+00 -4.4668e+00 -3.5851e+00 -4.8454e+00 +2.2091e+00 -3.1277e+00 +4.4173e+00 +2.3284e+00 +2.0133e-01 +2.7090e+00 +2.0358e+00 +3.0883e-01 +2.3823e+00 +1.9315e+00 -6.1195e-03 +8.1868e-01 -1.1527e+00 -3.5895e-01 +4.6535e+00
19 +1.267912224e+03 +1.267912224e+03 +1.290542224e+03 +1.290542224e+03 +2.1794e+00 -4.2861e-01 +4.9074e+00 -1.3706e+00 -3.6792e+00 +4.3942e+00 +3.6895e-01 -8.9150e-01 -1.1660e+00 +3.8716e+00 -4.8667e+00 +2.6260e+00 +2.9088e+00 -1.4897e+00 +1.9551e+00 -3.2080e+00 -1.8285e+00 +4.3025e+00 -3.4915e+00 +1.2691e+00
61 +4.270877758e+02 +4.270877758e+02 +4.497177758e+02 +4.497177758e+02 +1.3388e+00 -1.9736e+00 +1.9650e+00 +6.2084e-01 -5.6495e-01 +4.9917e+00 +4.5044e+00 -1.0803e+00 +9.7211e-01 +2.2367e+00 -3.8050e+00 +2.1523e+00 +1.4193e-01 -1.4653e+00 +2.9782e+00 -1.5281e+00 +1.0558e+00 +5.0000e+00 -5.0000e+00 -9.4456e-01
183 +3.976168332e+02 +3.976168332e+02 +4.202468332e+02 +4.202468332e+02 +1.4143e+00 -1.8308e+00 +1.7586e+00 +9.0807e-01 +5.0055e-01 +4.9859e+00 +4.3396e+00 +2.4858e-01 +1.3419e+00 +1.8736e+00 -3.7275e+00 +1.3179e+00 +3.4225e+00 -3.1287e+00 +4.1705e+00 +2.6264e-01 +1.4329e+00 +3.0086e+00 -3.5681e+00 -5.7486e-01
297 +2.029991964e+02 +2.029991964e+02 +2.256291964e+02 +2.256291964e+02 +2.2379e+00 -4.7410e+00 +8.1882e-01 -2.2202e+00 -8.1403e-01 +4.7093e+00 +3.6383e+00 -2.0428e-01 -2.0759e+00 +2.0134e+00 -2.5801e+00 +1.9934e+00 +2.1289e+00 -3.0802e+00 +3.1463e+00 +3.7043e+00 +5.0000e+00 +5.0000e+00 -4.3712e+00 +3.5947e-01
529 +1.533900743e+02 +1.533900743e+02 +1.760200743e+02 +1.760200743e+02 +2.9750e+00 -4.9637e+00 +2.5403e+00 -8.5627e-01 +5.0000e+00 +4.4099e+00 +3.7976e+00 -1.6964e+00 -2.1144e+00 +6.3966e-01 -1.6358e+00 +2.1859e+00 +3.1137e+00 -2.5439e+00 +1.5950e+00 +1.5340e+00 +3.9692e+00 +4.0714e+00 -4.9508e+00 +2.0371e-01
816 +9.422191815e+01 +9.422191815e+01 +1.168519182e+02 +1.168519182e+02 +3.2473e+00 -4.9423e+00 +2.9923e+00 +1.8826e-01 +3.8362e+00 +4.8265e+00 +3.9585e+00 -1.4195e+00 -8.7304e-01 +2.1526e+00 -5.4294e-01 +1.9955e+00 +2.5724e+00 -2.4162e+00 +1.8820e+00 +1.1257e+00 +3.6189e+00 +3.2763e+00 -4.9982e+00 +8.6271e-01
1065 +6.089938862e+01 +6.089938862e+01 +8.352938862e+01 +8.352938862e+01 +3.1227e+00 -4.9458e+00 +2.6792e+00 +1.7941e-01 +2.8319e+00 +4.6811e+00 +3.6602e+00 -1.2614e+00 +7.2906e-02 +1.8856e+00 -7.3919e-01 +2.3793e+00 +2.8998e+00 -2.7499e+00 +1.7258e+00 +9.7869e-01 +3.6376e+00 +2.2200e+00 -4.9625e+00 +1.7851e+00
1168 +3.744658054e+01 +3.744658054e+01 +6.007658054e+01 +6.007658054e+01 +2.7471e+00 -4.9403e+00 +2.1153e+00 +2.6286e+00 +3.0365e+00 +4.5506e+00 +3.5046e+00 -6.3592e-01 +2.3980e+00 +2.0094e+00 -9.0955e-01 +1.8562e+00 +2.9868e+00 -3.1610e+00 +4.4047e-01 +5.4198e-01 +3.8051e+00 -4.4356e-01 -4.9484e+00 +2.3154e+00
1307 +2.142396923e+01 +2.142396923e+01 +4.405396923e+01 +4.405396923e+01 +2.8637e+00 -4.9209e+00 +2.2921e+00 +1.4352e+00 +2.7552e+00 +4.5138e+00 +3.3128e+00 -4.3108e-01 +2.4567e+00 +2.2566e+00 -4.6018e-01 +1.5448e+00 +3.4946e+00 -3.8386e+00 -2.9506e-01 +3.1120e-01 +3.7803e+00 -1.6039e-01 -4.9458e+00 +2.9155e+00
1902 +1.492612879e+01 +1.492612879e+01 +3.755612879e+01 +3.755612879e+01 +3.0747e+00 -4.9160e+00 +2.3990e+00 +1.8166e+00 +3.1594e+00 +4.4908e+00 +3.3027e+00 -9.7161e-01 +2.4348e+00 +2.2258e+00 -3.0315e-01 +1.1572e+00 +3.8766e+00 -3.4903e+00 -2.3534e-01 +2.8920e-01 +3.0255e+00 +2.8670e-02 -4.9522e+00 +2.8516e+00
3614 +9.648334672e+00 +9.648334672e+00 +3.227833467e+01 +3.227833467e+01 +2.9778e+00 -4.8883e+00 +2.9376e+00 +2.6175e+00 +3.6244e+00 +4.6116e+00 +3.2040e+00 -1.0211e+00 +2.3975e+00 +1.7422e+00 -1.8687e-01 +1.7215e+00 +2.2357e+00 -3.1573e+00 +7.5821e-02 +2.9487e-01 +2.6876e+00 -2.8373e-01 -4.9753e+00 +2.4285e+00
31238 +6.302447147e+00 +6.302447147e+00 +2.893244715e+01 +2.893244715e+01 +2.9233e+00 -5.0000e+00 +2.8225e+00 +2.5707e+00 +3.5937e+00 +4.4843e+00 +3.2941e+00 -1.2176e+00 +3.0446e+00 +2.3594e+00 +1.1474e-02 +1.6598e+00 +2.4060e+00 -3.2939e+00 -3.8202e-01 +2.5366e-01 +2.6789e+00 +5.0133e-03 -5.0000e+00 +2.6164e+00
% function evaluation | noise-free fitness - Fopt (1.554000000000e+01) | best noise-free fitness - Fopt | measured fitness | best measured fitness | x1 | x2...
1 +1.226660021e+03 +1.226660021e+03 +1.242200021e+03 +1.242200021e+03 -3.8641e+00 -2.3413e+00 +1.4296e+00 -9.5016e-01 +8.8286e-01 +2.6229e+00 +4.6997e+00 +2.2087e+00 -2.0921e+00 -2.7147e+00 +2.7333e+00 -2.4870e+00 +4.0723e+00 +1.6913e+00 +4.7537e+00 -4.3472e+00 -1.0543e+00 -8.8018e-01 -2.9029e+00 -4.8070e+00
19 +8.874208292e+02 +8.874208292e+02 +9.029608292e+02 +9.029608292e+02 +1.6242e-01 -4.9647e+00 +2.9008e+00 +7.5938e-01 -2.6344e+00 +1.7113e+00 +1.6448e+00 +4.1107e+00 -3.0144e+00 +9.4615e-01 -7.6985e-01 +2.4864e+00 -3.6618e+00 -3.4107e-01 -3.5686e+00 -2.6549e+00 +1.5427e+00 -7.2394e-02 -3.9016e+00 -9.6215e-01
152 +4.093586672e+02 +4.093586672e+02 +4.248986672e+02 +4.248986672e+02 +1.7183e+00 -2.2620e+00 +3.1016e+00 -1.6227e+00 +4.7339e-01 +2.0187e-01 +9.4624e-01 +2.6153e+00 +8.7121e-01 -1.2955e+00 +7.0397e-01 -8.4408e-01 -5.0000e+00 -1.2491e+00 -2.9565e+00 -4.1011e+00 +2.7476e+00 -4.1665e-01 -4.8207e+00 -2.6486e+00
256 +3.464174865e+02 +3.464174865e+02 +3.619574865e+02 +3.619574865e+02 +1.4786e-01 -7.5041e-01 +2.3505e+00 +9.5833e-01 +2.3630e+00 -1.6019e+00 -5.5744e-01 +4.0939e+00 -1.1243e+00 -7.0430e-01 +1.8563e+00 -5.0000e+00 -5.0000e+00 +2.4442e-01 -2.8293e+00 -3.0059e+00 +2.5153e+00 -6.9652e-01 -4.8135e+00 -2.1279e+00
419 +2.480401469e+02 +2.480401469e+02 +2.635801469e+02 +2.635801469e+02 -1.0239e+00 -1.7595e+00 -3.5242e-01 +2.4247e+00 +3.6294e-01 -5.0540e-01 -6.7396e-01 +4.0092e+00 +2.4815e-01 +1.0055e+00 +3.2735e+00 -1.6533e+00 -4.7164e+00 -8.2360e-02 -4.1958e+00 -3.0632e+00 +3.1152e+00 -6.0587e-02 -4.8011e+00 -2.8849e-01
842 +1.215847442e+02 +1.215847442e+02 +1.371247442e+02 +1.371247442e+02 -1.5927e+00 -1.3790e+00 -5.0140e-01 -1.0906e+00 +9.8709e-01 +5.2570e-02 -1.2515e+00 +1.8026e+00 +2.8645e+00 -8.2523e-01 +3.5413e+00 -1.2377e+00 -3.8839e+00 +0.0000e+00 -4.5472e+00 -2.7618e+00 +2.3206e+00 -3.9486e-01 -4.8199e+00 +2.0237e+00
1317 +7.869567241e+01 +7.869567241e+01 +9.423567241e+01 +9.423567241e+01 -3.4697e+00 -1.1236e+00 -1.3145e-01 +7.9290e-01 -4.8628e-01 -5.4329e-01 +7.2467e-01 +3.5998e+00 +4.8140e+00 -1.7977e+00 +3.9817e+00 -3.3011e+00 -4.0698e+00 +1.2962e+00 -3.9604e+00 -2.9038e+00 +1.7644e+00 -8.2974e-01 -4.8582e+00 +3.2513e+00
1942 +6.019943250e+01 +6.019943250e+01 +7.573943250e+01 +7.573943250e+01 -2.7653e+00 -1.8936e+00 -4.7016e-01 -6.3970e-01 +1.9851e-01 -1.0579e+00 -1.2264e+00 +3.3094e+00 +4.7992e+00 -2.0060e+00 +3.5620e+00 -2.3325e+00 -3.6764e+00 +1.3337e+00 -3.9606e+00 -3.1719e+00 +1.9264e+00 -2.1495e-01 -4.8330e+00 +4.3354e+00
3391 +3.872237524e+01 +3.872237524e+01 +5.426237524e+01 +5.426237524e+01 -2.9376e+00 -2.3030e+00 -1.0259e+00 -8.8292e-01 -3.6517e-01 -2.0650e+00 -1.6529e+00 +2.9390e+00 +4.9302e+00 -1.8379e+00 +3.3727e+00 -8.4606e-01 -3.3602e+00 +1.7997e+00 -3.9358e+00 -4.8543e+00 +2.3512e+00 +5.6247e-01 -4.8422e+00 +3.5203e+00
10803 +2.375964706e+01 +2.375964706e+01 +3.929964706e+01 +3.929964706e+01 -3.0166e+00 -2.2299e+00 -1.9936e+00 -1.0827e+00 -5.5375e-01 -2.0469e+00 -1.8676e+00 +3.0350e+00 +4.7526e+00 -1.9968e+00 +3.4385e+00 -1.2904e+00 -2.3012e+00 +2.1097e+00 -4.9227e+00 -4.9435e+00 +2.4003e+00 +2.2169e-01 -3.9982e+00 +4.9775e+00
18680 +1.582517661e+01 +1.582517661e+01 +3.136517661e+01 +3.136517661e+01 -2.9714e+00 -2.5535e+00 -1.3028e+00 -5.0715e-01 -1.1626e+00 -2.1403e+00 -2.0395e+00 +2.9411e+00 +4.9460e+00 -2.1324e+00 +3.3548e+00 -1.2131e+00 -2.2371e+00 +2.1155e+00 -5.0000e+00 -4.9598e+00 +1.3598e+00 +2.3490e-01 -3.4841e+00 +4.8972e+00
% function evaluation | noise-free fitness - Fopt (-3.765100000000e+02) | best noise-free fitness - Fopt | measured fitness | best measured fitness | x1 | x2...
1 +2.867880052e+03 +2.867880052e+03 +2.491370052e+03 +2.491370052e+03 -2.4621e+00 -1.0421e+00 -6.2791e-01 -2.0142e+00 -1.5257e+00 +3.4654e+00 +4.4325e+00 +7.8792e-02 +2.8941e+00 +3.8992e+00 +2.9286e+00 +4.9310e+00 -4.7809e+00 +2.8997e+00 +1.7434e+00 +4.4493e+00 -2.7310e+00 +2.6354e+00 +3.6374e+00 -2.7739e+00
2 +8.141161367e+02 +8.141161367e+02 +4.376061367e+02 +4.376061367e+02 -1.7981e-01 +3.5568e+00 +2.4046e-01 +3.0859e+00 +1.2033e+00 +2.9438e+00 +4.6022e+00 -6.9906e-01 -3.7012e+00 -3.0724e+00 +3.5541e+00 -4.9214e+00 -3.3182e+00 +3.9373e+00 +4.6604e+00 -2.3731e-01 +3.5485e+00 +2.5332e+00 -1.8943e-01 +2.1352e+00
104 +4.945186768e+02 +4.945186768e+02 +1.180086768e+02 +1.180086768e+02 -2.3647e+00 -4.2109e+00 +1.8715e+00 -1.4285e+00 +2.7671e+00 +2.1434e+00 +2.0681e+00 -5.0000e+00 -2.9359e+00 -1.8209e+00 -2.1302e+00 -4.4754e+00 -3.8138e+00 -5.0000e+00 +3.9952e+00 +4.2630e+00 +5.0000e+00 -2.0100e-01 -4.7709e+00 -4.0710e+00
199 +3.547827743e+02 +3.547827743e+02 -2.172722569e+01 -2.172722569e+01 -2.6635e+00 -4.0912e+00 +2.9363e+00 -5.4551e-01 +2.4637e+00 +2.5607e-01 -4.2405e-01 -4.9970e+00 -3.7693e-01 +5.7275e-01 +7.3323e-01 -5.0000e+00 -4.1310e+00 -5.0000e+00 +3.3483e+00 +2.3663e+00 +4.2318e+00 +4.3692e-01 -1.5655e+00 -1.7088e+00
204 +2.275990733e+02 +2.275990733e+02 -1.489109267e+02 -1.489109267e+02 -2.6157e+00 -1.8765e+00 +2.2217e-01 +1.2357e-01 +3.5821e+00 +8.7730e-01 -5.9596e-01 -3.3362e+00 -2.0337e+00 +2.3670e+00 +2.4444e+00 -4.7624e+00 -3.5746e+00 -1.9300e+00 +1.4680e+00 +3.7039e+00 +2.9482e+00 +2.1457e+00 -2.0295e+00 -1.1510e+00
442 +1.583754906e+02 +1.583754906e+02 -2.181345094e+02 -2.181345094e+02 -1.3383e+00 -1.2170e+00 +2.4465e+00 -6.7161e-01 +4.6729e+00 -2.9539e-01 -9.7428e-01 -4.7713e+00 -3.5901e+00 +2.4203e+00 +3.0397e-01 -4.6237e+00 -3.7909e+00 +9.9503e-01 +1.8073e+00 +3.3534e+00 +2.3043e+00 +5.0000e+00 -2.2161e+00 -1.5426e+00
842 +9.966770927e+01 +9.966770927e+01 -2.768422907e+02 -2.768422907e+02 -3.8190e-01 +1.4823e+00 +2.7974e+00 -3.1109e-01 +4.4887e+00 -1.2249e-01 -2.1826e+00 -3.9374e+00 -3.3886e+00 +6.9785e-01 +1.9826e+00 -4.4868e+00 -2.2941e+00 +3.6274e+00 +1.5188e+00 +1.0441e+00 +2.7137e+00 +3.0717e+00 -2.2694e+00 -1.1252e+00
1069 +5.310950900e+01 +5.310950900e+01 -3.234004910e+02 -3.234004910e+02 -8.6254e-01 +2.5403e+00 +2.1066e+00 +1.9404e+00 +4.3890e+00 -1.9598e-01 -1.1232e+00 -4.0231e+00 -2.9158e+00 +4.2375e-01 +2.5697e+00 -4.2217e+00 -1.7195e+00 +3.7118e+00 +2.5118e-01 -3.0458e+00 +3.4963e+00 +2.4856e+00 -2.3961e+00 -2.0788e+00
1662 +3.432405477e+01 +3.432405477e+01 -3.421859452e+02 -3.421859452e+02 -9.2836e-01 +1.4211e+00 +2.2441e+00 +1.8405e+00 +3.8945e+00 +1.4573e-01 -2.7074e-01 -3.9363e+00 -2.4340e+00 -1.8804e-01 +1.3833e+00 -4.1017e+00 -2.4496e+00 +1.1795e+00 +7.6494e-02 -1.7735e+00 +3.9654e+00 +7.7117e-01 -2.0102e+00 -2.3829e+00
2353 +2.411679013e+01 +2.411679013e+01 -3.523932099e+02 -3.523932099e+02 -1.3898e+00 +1.2359e+00 +2.1765e+00 +1.8298e+00 +3.9642e+00 -9.5146e-02 -1.6548e-01 -3.3273e+00 -3.1045e+00 -4.5202e-01 +8.0450e-01 -4.0877e+00 -2.4962e+00 +2.1278e+00 +2.1120e+00 -9.7333e-01 +3.6860e+00 +1.8067e+00 -2.5989e+00 -2.4585e+00
5362 +1.557122246e+01 +1.557122246e+01 -3.609387775e+02 -3.609387775e+02 -1.8308e+00 +1.0792e+00 +2.0866e+00 +1.8681e+00 +3.8727e+00 -4.1492e-01 -1.6554e-01 -3.0763e+00 -2.9981e+00 -7.2774e-01 +8.8414e-01 -4.0300e+00 -2.6200e+00 +3.0930e+00 +2.3646e+00 -6.0192e-01 +3.0893e+00 +2.0524e+00 -2.1839e+00 -2.3454e+00
8660 +9.970076291e+00 +9.970076291e+00 -3.665399237e+02 -3.665399237e+02 -2.3213e+00 +1.1571e+00 +1.5519e+00 +1.5936e+00 +3.9120e+00 -4.4751e-01 +2.2571e-01 -3.2063e+00 -2.6743e+00 -5.4657e-01 +9.0020e-01 -3.9324e+00 -2.2426e+00 +3.0274e+00 +1.8322e+00 -1.5819e+00 +3.4042e+00 +2.2203e+00 -2.0852e+00 -2.4739e+00
15636 +6.192805078e+00 +6.192805078e+00 -3.703171949e+02 -3.703171949e+02 -2.2565e+00 +1.4275e+00 +1.4477e+00 +1.7155e+00 +3.6120e+00 -4.8498e-01 +2.4670e-01 -3.6204e+00 -2.8587e+00 -6.8595e-03 +8.5407e-01 -4.0833e+00 -2.1440e+00 +3.4099e+00 +1.6064e+00 -1.0918e+00 +3.1837e+00 +2.1466e+00 -2.1122e+00 -2.4526e+00
% function evaluation | noise-free fitness - Fopt (3.960400000000e+02) | best noise-free fitness - Fopt | measured fitness | best measured fitness | x1 | x2...
1 +1.350398902e+03 +1.350398902e+03 +1.746438902e+03 +1.746438902e+03 -1.9181e+00 +3.9261e+00 -2.5118e+00 +1.5918e-02 +2.8338e+00 +3.4519e-01 -1.2555e+00 +3.3690e+00 +4.2773e+00 +1.0928e+00 -4.8455e+00 -4.8445e-01 +2.6736e+00 -4.0870e+00 -2.6552e+00 +5.7977e-01 +1.5269e+00 -3.2408e+00 -5.7068e-01 +3.0397e+00
44 +7.057870267e+02 +7.057870267e+02 +1.101827027e+03 +1.101827027e+03 -3.9132e-01 +1.7847e+00 +1.5074e+00 +3.6102e+00 -1.0616e+00 +5.0000e+00 +2.0718e+00 -5.5589e-01 +7.8225e-01 +3.7180e+00 +2.6332e+00 +2.9484e+00 -1.6387e+00 -4.4441e+00 +5.0868e-01 +1.8443e+00 +1.0755e+00 +2.7132e+00 +3.4008e+00 +2.1617e+00
78 +5.689236606e+02 +5.689236606e+02 +9.649636606e+02 +9.649636606e+02 +4.4954e+00 -1.4399e+00 -2.5007e+00 +6.9994e-01 -2.1957e-01 -1.1101e+00 +1.2266e+00 -3.1278e+00 -3.6065e+00 +4.0871e+00 +1.5450e+00 +1.7073e+00 -7.8750e-01 -2.3314e+00 -1.1169e-01 +3.9945e+00 -7.4407e-01 -3.2246e-02 +2.5995e+00 +2.6658e+00
124 +3.722089801e+02 +3.722089801e+02 +7.682489801e+02 +7.682489801e+02 +7.0180e-01 -2.7270e+00 +3.1429e-01 +4.4226e+00 -2.9763e+00 -1.6908e+00 -1.0338e-01 -1.4597e+00 -9.9391e-01 +6.8148e-01 -1.1912e+00 +4.0212e+00 -9.5697e-01 -3.6517e+00 +2.5225e+00 +2.4602e+00 +9.2503e-01 +9.1529e-01 +1.0224e+00 +1.6144e+00
298 +1.858872732e+02 +1.858872732e+02 +5.819272732e+02 +5.819272732e+02 +3.8434e-01 -2.2458e+00 -2.9317e+00 +2.8052e+00 -2.6103e+00 -1.7938e+00 -2.9466e-01 -1.0319e+00 -2.9759e+00 +2.6248e+00 +9.7748e-01 +3.2800e+00 -4.6194e-01 -1.5635e+00 +9.4522e-01 +1.5715e+00 +6.3708e-01 +4.6325e+00 +1.5363e+00 +2.9080e+00
495 +1.439928480e+02 +1.439928480e+02 +5.400328480e+02 +5.400328480e+02 +1.7544e-01 -2.2136e+00 -1.4007e+00 +2.8252e+00 -2.8927e+00 -1.6046e+00 -2.4355e-01 +3.3635e-01 -1.4352e+00 +1.4581e+00 -2.7221e-01 +2.9260e+00 +1.2401e+00 -1.7534e+00 +5.5055e-01 +1.6098e+00 +1.0064e+00 +3.2473e+00 +1.2781e+00 +3.1660e+00
1171 +9.953892395e+01 +9.953892395e+01 +4.955789240e+02 +4.955789240e+02 +1.2620e-01 -2.8798e+00 -1.7240e+00 +2.6280e+00 -2.9005e+00 -6.0070e-01 -1.2281e+00 +3.5878e-01 -6.4758e-01 +2.9666e+00 +5.2353e-01 +4.3520e+00 +1.8785e+00 -9.9573e-01 +9.8358e-01 +2.3890e+00 +1.0938e+00 +5.0000e+00 +5.6369e-01 +3.1189e+00
1878 +6.281657545e+01 +6.281657545e+01 +4.588565755e+02 +4.588565755e+02 +4.0690e-01 -2.1300e+00 -1.7005e+00 +2.9629e+00 -3.3387e+00 -1.3646e+00 -1.6265e+00 +6.0746e-01 +1.1359e+00 +1.0028e+00 +4.9204e-01 +3.8819e+00 +1.7046e+00 -1.0620e+00 +1.1926e+00 +2.6176e+00 +1.5597e+00 +5.0000e+00 -5.8049e-01 +2.9357e+00
3290 +3.642612431e+01 +3.642612431e+01 +4.324661243e+02 +4.324661243e+02 +2.3218e-01 -4.0205e+00 -1.8813e+00 +3.1064e+00 -4.0804e+00 -8.4242e-01 -2.6146e+00 +2.4195e+00 +8.9639e-01 +1.1941e+00 +1.6324e-01 +3.8204e+00 +1.6549e+00 -6.0824e-01 +1.0663e+00 +2.5340e+00 +1.0255e+00 +4.9761e+00 -1.1004e+00 +3.0954e+00
5246 +2.481592666e+01 +2.481592666e+01 +4.208559267e+02 +4.208559267e+02 -2.1799e-01 -4.4424e+00 -1.7661e+00 +3.1561e+00 -4.2174e+00 -7.0697e-01 -2.5209e+00 +2.8567e+00 +2.2502e+00 +1.2355e+00 -4.2650e-01 +3.2402e+00 +1.6297e+00 -6.8691e-01 +1.0557e+00 +2.3129e+00 +9.9575e-01 +5.0000e+00 -2.3905e+00 +3.2107e+00
% function evaluation | noise-free fitness - Fopt (1.281100000000e+02) | best noise-free fitness - Fopt | measured fitness | best measured fitness | x1 | x2...
1 +2.850771028e+03 +2.850771028e+03 +2.978881028e+03 +2.978881028e+03 +3.1109e+00 +1.5765e+00 +4.1900e+00 -2.6503e+00 +2.0616e+00 -4.2027e+00 +3.2271e+00 +3.0010e+00 -3.0761e+00 +4.6427e+00 +2.1388e+00 +3.2586e+00 -9.7494e-01 +4.7920e+00 -3.8434e+00 +1.3880e+00 +2.2846e+00 -4.6271e+00 +3.4289e+00 +2.4440e+00
3 +1.571616265e+03 +1.571616265e+03 +1.699726265e+03 +1.699726265e+03 +3.6926e+00 -1.2924e+00 -2.7842e+00 +1.6664e+00 +4.7059e+00 +4.3971e+00 -2.0710e+00 -4.9415e+00 +1.1606e+00 -6.5829e-02 -3.6315e+00 -4.7488e+00 +2.7785e+00 -2.5760e+00 -2.6178e+00 +4.2589e+00 +1.2614e+00 +4.7651e+00 -2.0110e+00 -1.3175e+00
10 +9.496910210e+02 +9.496910210e+02 +1.077801021e+03 +1.077801021e+03 -1.0730e+00 +2.0358e+00 +2.6494e+00 +3.6052e-01 -4.7282e+00 +4.3950e+00 -2.4377e-01 -1.2243e+00 +1.7343e+00 +4.0445e+00 +3.1668e+00 +3.2372e+00 -1.4389e+00 +1.9344e+00 +3.8323e+00 +1.5696e+00 -2.9021e+00 -8.6788e-02 -4.9868e+00 -8.2184e-01
12 +5.250100661e+02 +5.250100661e+02 +6.531200661e+02 +6.531200661e+02 -2.1656e+00 -1.4584e+00 -4.8879e+00 -6.8582e-01 -2.4781e+00 +3.5844e+00 +3.2378e+00 -1.3701e+00 +2.1568e+00 +3.7839e+00 -3.2360e+00 -4.7350e-01 -8.2587e-01 -8.1819e-01 -5.6181e-02 -2.0400e+00 -4.4443e+00 +1.5255e+00 +4.8209e+00 -3.8921e+00
102 +3.364180350e+02 +3.364180350e+02 +4.645280350e+02 +4.645280350e+02 -4.8010e+00 -5.2577e-01 -3.7654e+00 -3.7808e-01 +2.4950e-02 +1.8329e+00 +3.7256e+00 -8.0319e-01 +8.5187e-01 +0.0000e+00 -2.9364e+00 +5.4450e-01 +1.0671e+00 +5.7891e-01 -1.2060e+00 +1.5173e-01 -5.0000e+00 +3.9526e+00 +4.2361e+00 -5.0000e+00
173 +1.678564991e+02 +1.678564991e+02 +2.959664991e+02 +2.959664991e+02 -5.0000e+00 -1.1478e+00 +0.0000e+00 +1.6451e+00 +1.5949e+00 +6.7050e-01 +7.6270e-01 -3.9755e+00 +3.2393e-01 -8.8889e-01 -2.8559e+00 +2.9057e-01 +5.2034e-02 +1.9877e+00 +1.1336e+00 +7.2681e-01 -5.0884e-02 +4.7946e+00 +3.7099e+00 -3.0682e+00
359 +1.489173325e+02 +1.489173325e+02 +2.770273325e+02 +2.770273325e+02 -5.0000e+00 -1.0871e+00 -4.1058e-02 +2.6411e-01 -1.5796e+00 +1.9930e-02 +4.8410e-01 -3.4089e+00 -5.6575e-01 -3.1583e-01 -3.0712e+00 +4.3676e-01 -1.0025e+00 +2.2038e+00 +1.0333e+00 +8.3983e-01 -1.6982e+00 +4.9036e+00 +3.2659e+00 -3.1634e+00
916 +9.881566957e+01 +9.881566957e+01 +2.269256696e+02 +2.269256696e+02 -4.6722e+00 -9.3916e-01 +5.9011e-01 +5.7142e-01 -8.2091e-01 +9.0413e-01 +1.1361e+00 -2.4146e+00 -1.3157e+00 -5.8936e-01 -7.0749e-01 +4.4816e-01 -3.7127e-01 +1.4467e+00 +1.0982e+00 +1.2286e+00 -6.5115e-01 +4.1769e+00 +3.1343e+00 -2.1863e+00
1020 +5.730774775e+01 +5.730774775e+01 +1.854177477e+02 +1.854177477e+02 -4.6206e+00 -2.4822e-01 -5.8631e-01 +2.7316e-01 -5.5586e-01 +5.1232e-01 -8.4987e-01 -2.8205e+00 -1.2251e+00 -6.2301e-01 -9.6810e-01 +3.6263e-02 -7.2199e-01 +1.3554e+00 +1.1180e+00 +1.4954e+00 +5.3109e-01 +3.5963e+00 +2.9391e+00 -2.0747e+00
2462 +3.953479028e+01 +3.953479028e+01 +1.676447903e+02 +1.676447903e+02 -4.3126e+00 +3.1916e-01 -4.4542e-01 +1.1920e-01 -8.0659e-01 +1.2915e-01 -7.0696e-01 -2.6573e+00 -6.1184e-01 -9.9031e-01 -8.0398e-01 +1.6246e-01 -2.8536e-01 +1.1812e+00 +1.0317e+00 +1.6147e+00 +1.3264e+00 +2.9186e+00 +2.8273e+00 -2.1335e-01
3527 +2.493310189e+01 +2.493310189e+01 +1.530431019e+02 +1.530431019e+02 -4.3793e+00 +2.1581e-01 -1.5263e+00 +3.0140e-01 -1.0894e+00 +1.1079e+00 -9.0622e-01 -2.9658e+00 -2.9745e-01 -3.3816e-01 -4.2356e-01 +5.3553e-01 -5.9984e-01 +1.8388e+00 +1.3799e+00 +2.2258e+00 +1.5420e+00 +1.6913e+00 +9.6258e-01 -6.2276e-01
4533 +1.393604193e+01 +1.393604193e+01 +1.420460419e+02 +1.420460419e+02 -4.0574e+00 +5.2392e-03 -1.5403e+00 +7.6489e-01 -3.9319e-01 +9.8636e-01 -9.7177e-01 -2.5866e+00 -9.1861e-01 +1.2657e+00 +1.0655e+00 +4.5672e-01 -5.2177e-01 +2.8794e+00 +1.1449e+00 +2.8974e+00 +1.5137e+00 +1.8082e+00 +1.5455e+00 -1.1001e+00
8044 +9.950930496e+00 +9.950930496e+00 +1.380609305e+02 +1.380609305e+02 -4.1386e+00 +1.9904e-01 -1.5911e+00 +8.1703e-01 -4.1674e-01 +1.0901e+00 -1.1325e+00 -2.5315e+00 -1.3079e+00 +1.5366e+00 +3.5748e-01 +4.7828e-01 -1.0599e+00 +3.0487e+00 +1.2837e+00 +3.1195e+00 +1.5765e+00 +1.5817e+00 +8.4109e-01 -1.1625e+00
16485 +6.170905029e+00 +6.170905029e+00 +1.342809050e+02 +1.342809050e+02 -3.8884e+00 +2.3855e-01 -1.5903e+00 +1.1160e+00 -4.8404e-01 +9.9681e-01 -1.1553e+00 -2.8781e+00 -1.2094e+00 +1.6071e+00 +3.6003e-01 +5.4650e-01 -1.1144e+00 +2.9406e+00 +1.2995e+00 +3.0447e+00 +1.7331e+00 +1.1142e+00 +4.2725e-01 -1.1530e+00
% function evaluation | noise-free fitness - Fopt (-2.923500000000e+02) | best noise-free fitness - Fopt | measured fitness | best measured fitness | x1 | x2...
1 +2.247113224e+03 +2.247113224e+03 +1.954763224e+03 +1.954763224e+03 +9.4269e-01 +8.4978e-01 +2.5593e+00 +1.4212e+00 -2.2253e+00 +3.4766e+00 +2.3755e+00 +1.1444e+00 -3.6956e+00 -1.1367e+00 +3.6961e+00 -2.9016e+00 -1.0194e+00 -3.5186e+00 +4.7218e+00 +2.1336e+00 +2.1723e+00 +2.3680e-01 -3.1523e+00 -4.1400e+00
3 +6.121916958e+02 +6.121916958e+02 +3.198416958e+02 +3.198416958e+02 +2.2827e-01 +1.0413e-01 -3.8910e+00 +2.0391e+00 -5.0969e-01 -1.8358e+00 -4.8724e+00 +3.3283e+00 -1.4867e-01 -7.8028e-01 -5.4197e-01 +3.4447e+00 -2.0703e+00 +5.8465e-01 +8.4521e-01 -4.3229e+00 -8.0913e-01 +1.7160e+00 +3.2614e+00 +2.2811e+00
265 +3.581163369e+02 +3.581163369e+02 +6.576633687e+01 +6.576633687e+01 +1.5413e+00 -1.0298e+00 -2.8903e+00 +0.0000e+00 +2.4566e+00 +1.1381e+00 -2.6521e+00 -3.8636e-01 -3.5159e+00 +2.3215e-01 +3.1329e-01 +4.5001e+00 +1.8817e+00 +1.7281e+00 +4.9757e-01 -4.6584e+00 +5.5722e-01 -4.3520e-01 -2.0826e-01 -1.2307e+00
482 +2.065083685e+02 +2.065083685e+02 -8.584163150e+01 -8.584163150e+01 -3.9683e+00 -8.2185e-01 -1.9031e+00 +1.6909e+00 +4.1849e+00 +7.4443e-01 -3.8433e+00 -1.6962e+00 -3.5085e-01 +3.8367e-01 +2.6238e+00 +4.1389e+00 +2.1204e+00 +3.9074e+00 +1.7472e+00 -4.6213e-01 +2.5453e-01 +4.7515e-01 +1.8344e+00 -3.2438e+00
527 +1.559239692e+02 +1.559239692e+02 -1.364260308e+02 -1.364260308e+02 -3.0926e+00 +3.0544e-01 -9.9457e-01 +2.9527e+00 +4.1820e+00 +2.6647e-01 -3.6710e+00 -1.4614e+00 -5.5411e-01 +2.6397e-01 -6.9736e-01 +4.2132e+00 +3.6741e-01 +3.3485e+00 +5.6747e-01 -1.5859e+00 +3.7705e+00 +2.2709e+00 +2.1554e+00 -3.1294e+00
681 +8.944371576e+01 +8.944371576e+01 -2.029062842e+02 -2.029062842e+02 -2.8691e+00 -1.9893e+00 -7.1760e-01 +6.4226e-01 +2.6473e+00 +4.5039e-01 -4.3884e+00 -3.2920e+00 -2.8668e+00 +1.8771e-02 +7.0065e-01 +4.4493e+00 +1.6339e+00 +4.4334e+00 +0.0000e+00 -2.8985e+00 +2.5819e+00 +1.4534e+00 +1.9027e+00 -3.7609e+00
850 +5.937639844e+01 +5.937639844e+01 -2.329736016e+02 -2.329736016e+02 -3.1480e+00 -2.5204e+00 +1.1635e+00 +6.8293e-01 +3.0920e+00 +4.0954e-01 -4.6791e+00 -1.9334e+00 -3.0858e+00 +1.1389e-01 -2.8788e-01 +4.2237e+00 +9.5872e-01 +4.9413e+00 -6.0166e-01 -2.7686e+00 +2.7443e+00 +1.5496e+00 +1.3805e+00 -3.2904e+00
1775 +3.738648248e+01 +3.738648248e+01 -2.549635175e+02 -2.549635175e+02 -2.2959e+00 -3.5009e+00 +1.0944e+00 +6.7302e-01 +2.7277e+00 +5.8906e-01 -4.3315e+00 -1.9871e+00 -1.8537e+00 -1.1285e+00 +7.0909e-01 +3.9949e+00 +1.3164e+00 +5.0000e+00 +3.6183e-01 -1.6163e+00 +3.1716e+00 +1.4019e+00 +1.9977e+00 -2.6964e+00
3584 +2.483441097e+01 +2.483441097e+01 -2.675155890e+02 -2.675155890e+02 -1.9526e+00 -2.5400e+00 +7.5045e-01 +1.2003e+00 +3.0235e+00 -2.2780e-01 -4.3606e+00 -2.1465e+00 -1.8523e+00 -7.1350e-01 +7.8079e-01 +4.0828e+00 +1.2340e+00 +4.9380e+00 -8.8212e-01 -1.9524e+00 +2.8635e+00 +1.6210e+00 +1.6317e+00 -2.5448e+00
10208 +1.341091556e+01 +1.341091556e+01 -2.789390844e+02 -2.789390844e+02 -2.1448e+00 -2.6842e+00 +8.1283e-01 +5.0125e-01 +3.1711e+00 +1.6333e-01 -4.3850e+00 -1.5954e+00 -1.6164e+00 -1.4811e+00 +2.5834e+00 +3.1768e+00 +1.0634e+00 +4.9224e+00 -1.3221e+00 -7.4794e-01 +2.6904e+00 +1.6067e+00 +1.6619e+00 -2.1948e+00
13081 +9.979417959e+00 +9.979417959e+00 -2.823705820e+02 -2.823705820e+02 -1.9818e+00 -2.5977e+00 +1.1098e+00 +6.5104e-01 +3.4749e+00 +4.8858e-02 -4.4011e+00 -1.5678e+00 -9.8275e-01 -2.0892e+00 +2.4461e+00 +2.8112e+00 +1.0726e+00 +4.8762e+00 -1.6412e+00 -7.5083e-01 +2.4566e+00 +1.5969e+00 +1.7789e+00 -2.1052e+00
37007 +6.299903163e+00 +6.299903163e+00 -2.860500968e+02 -2.860500968e+02 -1.8166e+00 -2.4846e+00 +1.1919e+00 +1.9096e+00 +3.2251e+00 -7.8300e-02 -4.2568e+00 -1.5155e+00 -9.0543e-01 -2.5569e+00 +2.4116e+00 +2.7038e+00 +1.0610e+00 +4.4723e+00 -1.5856e+00 -5.7752e-01 +2.2313e+00 +1.4098e+00 +1.2872e+00 -2.0665e+00
% function evaluation | noise-free fitness - Fopt (3.110100000000e+02) | best noise-free fitness - Fopt | measured fitness | best measured fitness | x1 | x2...
1 +1.322794638e+03 +1.322794638e+03 +1.633804638e+03 +1.633804638e+03 -7.7610e-01 -4.2054e-03 -2.6201e+00 -2.1773e-02 -2.8136e-01 +3.6118e+00 -4.0296e+00 -1.5210e+00 +2.3299e+00 -2.2453e+00 -2.3190e+00 +4.0558e+00 -2.7893e+00 -2.4675e+00 +1.2351e+00 -1.0121e-01 +4.3118e+00 +5.2802e-01 +4.3069e-01 -3.8258e+00
28 +6.204521754e+02 +6.204521754e+02 +9.314621754e+02 +9.314621754e+02 +2.8303e+00 +1.5053e+00 +1.3738e-01 +1.5289e+00 +3.6098e+00 +7.6852e-02 -9.0858e-01 +4.8496e+00 -2.6066e+00 -2.0749e+00 +4.9629e-01 +2.6702e-01 +4.5666e+00 -2.2470e+00 -4.7429e+00 +4.9175e+00 -8.9102e-01 +1.7598e+00 -3.8141e+00 -4.2247e+00
110 +2.959635778e+02 +2.959635778e+02 +6.069735778e+02 +6.069735778e+02 +3.5148e+00 -5.6125e-02 -8.4761e-01 +9.3952e-01 +2.5241e+00 +4.3841e+00 +3.3552e-02 +5.0000e+00 +5.9419e-01 -8.7632e-01 +1.8443e+00 +2.6582e-01 -3.3277e+00 -5.0000e+00 -2.5935e+00 +5.0000e+00 +2.6510e-01 +1.8323e+00 -5.0000e+00 -2.4540e+00
212 +2.412977024e+02 +2.412977024e+02 +5.523077024e+02 +5.523077024e+02 +3.3030e+00 +1.0893e+00 -6.0288e-01 +3.0427e-01 +2.4938e+00 +3.3511e+00 -1.4843e-01 +5.0000e+00 +1.2909e+00 -1.2376e+00 +2.3349e+00 -7.2363e-01 -1.2689e+00 -4.8584e+00 -1.9561e+00 +4.9646e+00 +1.3881e+00 +2.3082e+00 -4.5619e+00 -9.1028e-01
509 +1.511524241e+02 +1.511524241e+02 +4.621624241e+02 +4.621624241e+02 +2.3962e+00 +2.8752e-02 -4.1305e-01 -1.3422e+00 +2.5241e+00 +2.9867e+00 +1.0659e+00 +4.9652e+00 +1.6810e+00 -1.4277e+00 +8.7598e-01 +1.1999e+00 +5.9057e-01 -4.9187e+00 -2.9096e+00 +4.9467e+00 +2.2134e+00 +1.2562e+00 -4.5022e+00 -1.8441e+00
999 +9.018082898e+01 +9.018082898e+01 +4.011908290e+02 +4.011908290e+02 +3.0993e+00 -1.1869e+00 +2.8042e-01 +6.8519e-01 +2.3159e+00 +2.6787e+00 +3.0816e+00 +4.9779e+00 +2.6039e+00 -1.2879e+00 +1.9728e+00 +3.2761e-01 -1.3044e+00 -4.7956e+00 -6.8176e-02 +4.9888e+00 +2.3018e+00 -8.3594e-01 -4.6546e+00 +3.4979e-01
1844 +5.683511747e+01 +5.683511747e+01 +3.678451175e+02 +3.678451175e+02 +2.3174e+00 -3.2980e+00 -1.1083e+00 -2.3209e-01 +2.7873e+00 +2.0694e+00 +2.4605e+00 +4.9898e+00 +4.4318e+00 -6.2398e-01 +1.7045e+00 -3.1953e-01 -5.5408e-01 -3.8406e+00 -1.4976e+00 +4.9665e+00 +3.4451e+00 -1.7870e+00 -4.5563e+00 +9.0357e-01
3780 +3.835158101e+01 +3.835158101e+01 +3.493615810e+02 +3.493615810e+02 +1.8028e+00 -2.3400e+00 -2.1030e+00 -1.6047e-02 +2.2505e+00 +1.1598e+00 +2.0913e+00 +4.9968e+00 +2.4110e+00 -1.8105e+00 -5.9013e-01 +1.4292e+00 -6.9344e-01 -3.7551e+00 -1.2785e+00 +4.9423e+00 +1.7449e+00 -2.7071e+00 -4.9758e+00 +1.7717e+00
5172 +2.396007155e+01 +2.396007155e+01 +3.349700716e+02 +3.349700716e+02 +1.4110e+00 -2.8917e+00 -2.0682e+00 -1.4224e-01 +2.1539e+00 +1.1473e+00 +1.9445e+00 +4.9957e+00 +1.9819e+00 -2.0055e+00 -6.5035e-01 +1.1554e+00 -9.6282e-01 -3.3765e+00 -1.0332e+00 +4.9573e+00 +3.4062e+00 -2.1330e+00 -4.9888e+00 +1.6414e+00
9435 +1.527652479e+01 +1.527652479e+01 +3.262865248e+02 +3.262865248e+02 +9.8723e-01 -2.9063e+00 -2.3686e+00 +1.4113e-02 +2.1242e+00 +1.2951e+00 +1.9938e+00 +4.9960e+00 +2.1591e+00 -1.1967e+00 -1.3932e+00 +9.6523e-01 -9.5977e-01 -3.1915e+00 -1.7649e+00 +4.9925e+00 +3.3199e+00 -1.3823e+00 -4.9650e+00 +2.3351e+00
% function evaluation | noise-free fitness - Fopt (-8.051800000000e+02) | best noise-free fitness - Fopt | measured fitness | best measured fitness | x1 | x2...
1 +6.896021400e+02 +6.896021400e+02 -1.155778600e+02 -1.155778600e+02 +1.1573e+00 -3.3187e+00 -4.4187e+00 +1.3418e+00 +3.7665e+00 -4.8225e+00 -4.9025e+00 -2.6131e+00 +9.5277e-01 -2.3975e+00 +5.9518e-01 -2.5686e+00 -2.1428e+00 -4.2929e-01 -1.2806e+00 +6.4860e-01 +5.6658e-02 -3.8950e+00 -1.7139e+00 +3.3254e+00
5 +6.260300541e+02 +6.260300541e+02 -1.791499459e+02 -1.791499459e+02 +2.7669e-01 +9.9944e-01 -2.5370e+00 +3.0471e+00 -2.5793e-01 +1.2393e+00 -3.5836e+00 -2.6723e+00 -2.9739e+00 +2.6246e+00 +9.6797e-01 -1.3112e+00 -1.3338e+00 +3.1557e+00 +3.8474e+00 -5.7952e-01 -4.3046e+00 -2.0289e+00 -4.4500e+00 -4.3355e+00
45 +3.777424033e+02 +3.777424033e+02 -4.274375967e+02 -4.274375967e+02 +3.2526e+00 -2.4949e+00 -5.0000e+00 +1.1585e+00 +3.1884e+00 -4.5526e-01 -1.3013e+00 +9.7157e-01 -3.9565e+00 +5.0000e+00 +3.5997e+00 +2.0986e+00 -4.8606e+00 +5.0000e+00 +5.0000e+00 -4.2758e+00 -3.3816e+00 -7.6377e-01 -3.8935e+00 -3.0776e+00
154 +2.090948258e+02 +2.090948258e+02 -5.960851742e+02 -5.960851742e+02 +1.4322e+00 -5.0000e+00 -5.0000e+00 +5.0000e+00 +5.0000e+00 -1.3966e+00 -1.4868e+00 -3.9230e+00 -3.9404e+00 +5.0000e+00 +2.6368e+00 -4.4078e+00 +0.0000e+00 +5.0000e+00 +5.0000e+00 -2.9619e+00 -5.0000e+00 -2.1123e+00 -4.0430e+00 -5.0000e+00
251 +1.058119488e+02 +1.058119488e+02 -6.993680512e+02 -6.993680512e+02 +1.6552e+00 -4.4154e+00 -5.0000e+00 +2.3466e+00 +3.9589e+00 -1.0804e+00 -1.6988e+00 -2.1787e+00 -1.3635e+00 +3.3991e+00 +3.8373e+00 -1.9128e+00 +8.2313e-01 +4.3042e+00 +5.0000e+00 -2.8394e+00 -5.0000e+00 -1.6051e+00 -1.7474e+00 -4.0511e+00
581 +9.126867236e+01 +9.126867236e+01 -7.139113276e+02 -7.139113276e+02 +1.8704e+00 -4.0915e+00 -5.0000e+00 +2.2224e+00 +4.0877e+00 -1.0825e+00 -1.7468e+00 -2.1208e+00 -1.4405e+00 +4.6769e+00 +3.8242e+00 -2.0871e+00 +4.3362e-01 +4.0879e+00 +5.0000e+00 -2.6617e+00 -5.0000e+00 -7.2522e-01 -1.6557e+00 -4.3719e+00
1203 +6.030080555e+01 +6.030080555e+01 -7.448791945e+02 -7.448791945e+02 +1.1543e+00 -4.2494e+00 -4.9958e+00 +2.1899e+00 +2.4983e+00 -1.1941e+00 +1.3474e+00 +2.0335e+00 -1.0995e+00 +4.8666e+00 +3.8229e+00 -4.0183e-01 -8.5136e-01 +2.1464e+00 +4.9333e+00 -1.8177e+00 -4.3146e+00 +6.3378e-01 -3.7405e+00 -4.2754e+00
4963 +3.954256072e+01 +3.954256072e+01 -7.656374393e+02 -7.656374393e+02 +1.2679e+00 -3.7353e+00 -4.9754e+00 +2.3445e+00 +2.7533e+00 -6.0509e-01 +9.9006e-01 +2.2127e+00 -1.0086e+00 +4.3513e+00 +3.6336e+00 -3.9518e-01 -1.4894e+00 -7.8010e-01 +4.9394e+00 -7.4137e-01 -4.1029e+00 +8.6545e-01 -3.7817e+00 -3.1991e+00
