% function evaluation | noise-free fitness - Fopt (-9.210000000000e+00) | best noise-free fitness - Fopt | measured fitness | best measured fitness | x1 | x2...
1 +4.572714204e+02 +4.572714204e+02 +4.480614204e+02 +4.480614204e+02 -6.0044e-01 +2.0247e+00 +1.5814e+00 -3.7262e+00 +2.1151e+00 +4.7776e+00 -4.2085e+00 +1.2072e+00 -2.7645e+00 +3.8901e+00 +6.8383e-01 +6.5508e-01 +2.7186e+00 +1.5820e+00 +3.6483e+00 +1.0424e+00 -3.7358e-01 -7.9221e-01 +8.6819e-01 -8.5770e-01
3 +3.348515390e+02 +3.348515390e+02 +3.256415390e+02 +3.256415390e+02 +5.7041e-01 -3.5640e+00 +1.7523e+00 +1.4973e+00 +1.7822e+00 +1.5190e+00 +4.0868e-02 +1.7595e+00 -9.2892e-01 +3.5138e+00 +2.0440e-01 -4.9859e+00 +1.7039e+00 +7.1770e-01 +2.6404e+00 +3.4092e+00 +1.8628e+00 +1.4004e+00 -3.6692e+00 +2.2283e+00
38 +2.462418177e+02 +2.462418177e+02 +2.370318177e+02 +2.370318177e+02 -4.9099e+00 -1.4737e-01 -3.0497e+00 +4.6793e+00 +4.4471e+00 +4.0458e+00 +4.3949e+00 -1.8163e+00 +4.8219e+00 -1.3121e+00 -4.3102e+00 -4.9195e+00 +2.8019e+00 +3.4121e+00 +3.5013e+00 -2.1619e-01 +4.7130e+00 +3.4375e+00 -1.3514e+00 +1.8032e+00
111 +1.159139176e+02 +1.159139176e+02 +1.067039176e+02 +1.067039176e+02 -1.0306e+00 +3.3402e+00 +8.8651e-01 +5.0000e+00 +5.0000e+00 +4.1801e+00 +4.1305e+00 +1.3349e+00 +5.0000e+00 -4.3361e+00 -1.0119e+00 -1.5882e+00 +4.5523e+00 +4.6425e+00 -2.1643e+00 -5.0000e+00 +5.0000e+00 +5.0000e+00 -1.9254e+00 +5.0000e+00
151 +9.506499178e+01 +9.506499178e+01 +8.585499178e+01 +8.585499178e+01 -6.0001e-01 +5.0000e+00 -8.3393e-01 +5.0000e+00 +5.0000e+00 +5.0000e+00 +4.2133e+00 +2.5282e+00 +5.0000e+00 -4.2812e+00 +2.1467e+00 +1.1140e+00 +4.1976e+00 +4.3594e+00 -4.5379e+00 -5.0000e+00 +5.0000e+00 +5.0000e+00 -5.0000e+00 +5.0000e+00
281 +6.006753925e+01 +6.006753925e+01 +5.085753925e+01 +5.085753925e+01 +1.3502e+00 +4.2726e-02 -2.7122e-01 +4.0493e+00 +5.0000e+00 +2.6409e+00 +3.2688e+00 -1.0999e+00 +5.0000e+00 -5.0000e+00 -4.5554e+00 -5.0000e+00 +5.0000e+00 +4.4100e+00 -5.0000e+00 -5.0000e+00 +5.0000e+00 +5.0000e+00 -5.0000e+00 +5.0000e+00
400 +3.600171446e+01 +3.600171446e+01 +2.679171446e+01 +2.679171446e+01 +2.2467e+00 +3.9600e+00 +2.9149e+00 +3.6206e+00 +5.0000e+00 +4.6215e+00 +3.1703e+00 +5.0000e+00 +5.0000e+00 -5.0000e+00 -5.0000e+00 -5.0000e+00 +5.0000e+00 +5.0000e+00 -3.7690e+00 -5.0000e+00 +5.0000e+00 +5.0000e+00 -5.0000e+00 +5.0000e+00
481 +2.446138439e+01 +2.446138439e+01 +1.525138439e+01 +1.525138439e+01 +1.9926e+00 +3.9964e+00 +5.0000e+00 +3.6755e+00 +5.0000e+00 +5.0000e+00 +3.9473e+00 +5.0000e+00 +5.0000e+00 -5.0000e+00 -5.0000e+00 -5.0000e+00 +5.0000e+00 +5.0000e+00 -5.0000e+00 -5.0000e+00 +5.0000e+00 +5.0000e+00 -5.0000e+00 +5.0000e+00
% function evaluation | noise-free fitness - Fopt (6.559900000000e+02) | best noise-free fitness - Fopt | measured fitness | best measured fitness | x1 | x2...
1 +5.120853268e+02 +5.120853268e+02 +1.168075327e+03 +1.168075327e+03 -1.5650e+00 -4.3394e+00 -2.7807e+00 -3.9085e+00 -3.9238e+00 +1.3294e+00 +4.3813e+00 -1.7621e+00 -4.7956e+00 -4.7214e+00 +4.2805e+00 -3.8478e+00 +1.1252e+00 -1.3276e+00 -4.4158e+00 +9.1348e-01 +4.3151e+00 +4.3758e+00 -2.5675e+00 -3.6987e+00
3 +3.342954675e+02 +3.342954675e+02 +9.902854675e+02 +9.902854675e+02 +2.2751e+00 +4.5596e+00 -3.6282e-02 +3.7188e+00 -3.8425e-01 +2.5110e+00 -4.5180e+00 -2.2889e+00 +3.7517e+00 +8.3373e-01 +3.7433e+00 +3.5034e+00 +3.4643e+00 -1.8038e+00 +5.7165e-01 +9.9145e-01 -3.6737e+00 +3.2368e-01 -4.1734e+00 +3.0141e+00
56 +2.339909823e+02 +2.339909823e+02 +8.899809823e+02 +8.899809823e+02 -1.2672e+00 -3.6534e+00 -2.5762e+00 +6.1667e-01 -5.0000e+00 -7.9078e-02 -1.1911e+00 -6.8460e-01 +2.1705e-01 -1.4571e+00 +1.1388e+00 +1.1453e+00 +4.4084e-01 -7.9611e-01 -6.7824e-01 +1.5703e+00 -4.1286e+00 -4.3511e+00 +3.3148e+00 +3.3277e+00
93 +1.462733095e+02 +1.462733095e+02 +8.022633095e+02 +8.022633095e+02 +5.0000e+00 -5.0000e+00 -5.0000e+00 +8.4353e-01 -5.0000e+00 +2.3089e+00 +2.8720e+00 +2.8219e+00 -7.8325e-01 -5.0000e+00 +1.7622e+00 -1.2201e+00 +3.4157e+00 -3.4062e+00 +2.9945e+00 +3.9108e+00 -4.9009e+00 -1.5454e+00 +5.0000e+00 +5.0000e+00
143 +9.752186924e+01 +9.752186924e+01 +7.535118692e+02 +7.535118692e+02 +5.0000e+00 -5.0000e+00 -5.0000e+00 +3.9921e+00 -5.0000e+00 -9.9255e-01 +2.8049e+00 +4.2488e+00 +0.0000e+00 -1.4795e+00 +5.0000e+00 +2.9518e+00 +4.5423e+00 -5.0000e+00 +4.6797e+00 +3.5327e+00 -4.7489e+00 -2.3068e+00 +4.5746e+00 +5.0000e+00
202 +5.529248186e+01 +5.529248186e+01 +7.112824819e+02 +7.112824819e+02 +5.0000e+00 -5.0000e+00 -5.0000e+00 +4.2766e+00 -5.0000e+00 -3.3226e+00 -8.7286e-01 +5.0000e+00 -5.0000e+00 -3.0746e+00 +5.0000e+00 +1.4401e+00 +4.8662e+00 -4.1236e+00 +5.0000e+00 +3.7019e+00 -4.6708e+00 -3.9405e+00 +5.0000e+00 +5.0000e+00
257 +3.385021404e+01 +3.385021404e+01 +6.898402140e+02 +6.898402140e+02 +5.0000e+00 -5.0000e+00 -5.0000e+00 +5.0000e+00 -5.0000e+00 -4.4459e+00 +5.0000e+00 +5.0000e+00 -5.0000e+00 -2.9405e+00 +5.0000e+00 +5.0000e+00 +5.0000e+00 -5.0000e+00 +5.0000e+00 +4.5720e+00 -4.5943e+00 -4.9290e+00 +5.0000e+00 +5.0000e+00
361 +2.497379380e+01 +2.497379380e+01 +6.809637938e+02 +6.809637938e+02 +5.0000e+00 -4.9952e+00 -5.0000e+00 +5.0000e+00 -5.0000e+00 -4.9930e+00 +5.0000e+00 +5.0000e+00 -5.0000e+00 -4.8728e+00 +5.0000e+00 +5.0000e+00 +5.0000e+00 -4.9322e+00 +5.0000e+00 +5.0000e+00 -4.4940e+00 -4.9949e+00 +5.0000e+00 +5.0000e+00
447 +1.458187132e+01 +1.458187132e+01 +6.705718713e+02 +6.705718713e+02 +5.0000e+00 -4.9983e+00 -5.0000e+00 +5.0000e+00 -5.0000e+00 -4.7272e+00 +1.4194e+00 +5.0000e+00 -5.0000e+00 -5.0000e+00 +5.0000e+00 +5.0000e+00 +5.0000e+00 -4.8350e+00 +5.0000e+00 +5.0000e+00 -5.0000e+00 -5.0000e+00 +5.0000e+00 +5.0000e+00
521 +7.881643822e+00 +7.881643822e+00 +6.638716438e+02 +6.638716438e+02 +5.0000e+00 -4.9980e+00 -5.0000e+00 +5.0000e+00 -5.0000e+00 -4.6145e+00 -2.0581e+00 +5.0000e+00 -5.0000e+00 -5.0000e+00 +5.0000e+00 +5.0000e+00 +5.0000e+00 -4.8357e+00 +5.0000e+00 +4.9646e+00 -4.9948e+00 -4.9953e+00 +5.0000e+00 +5.0000e+00
523 +2.641419912e+00 +2.641419912e+00 +6.586314199e+02 +6.586314199e+02 +5.0000e+00 -4.9988e+00 -5.0000e+00 +5.0000e+00 -5.0000e+00 -5.0000e+00 -4.1629e+00 +5.0000e+00 -5.0000e+00 -5.0000e+00 +5.0000e+00 +5.0000e+00 +5.0000e+00 -4.8463e+00 +5.0000e+00 +4.9931e+00 -4.9997e+00 -4.9846e+00 +5.0000e+00 +5.0000e+00
561 +1.289255339e+00 +1.289255339e+00 +6.572792553e+02 +6.572792553e+02 +5.0000e+00 -4.9967e+00 -5.0000e+00 +5.0000e+00 -5.0000e+00 -4.6628e+00 -5.0000e+00 +5.0000e+00 -5.0000e+00 -5.0000e+00 +5.0000e+00 +5.0000e+00 +5.0000e+00 -4.8967e+00 +5.0000e+00 +4.9909e+00 -5.0000e+00 -4.9857e+00 +5.0000e+00 +5.0000e+00
563 +6.991289477e-01 +6.991289477e-01 +6.566891289e+02 +6.566891289e+02 +5.0000e+00 -4.9989e+00 -5.0000e+00 +5.0000e+00 -5.0000e+00 -5.0000e+00 -5.0000e+00 +5.0000e+00 -5.0000e+00 -5.0000e+00 +5.0000e+00 +5.0000e+00 +5.0000e+00 -4.8632e+00 +5.0000e+00 +5.0000e+00 -5.0000e+00 -4.9953e+00 +5.0000e+00 +5.0000e+00
573 +6.013856407e-01 +6.013856407e-01 +6.565913856e+02 +6.565913856e+02 +5.0000e+00 -4.9984e+00 -5.0000e+00 +5.0000e+00 -5.0000e+00 -5.0000e+00 -5.0000e+00 +5.0000e+00 -5.0000e+00 -5.0000e+00 +5.0000e+00 +5.0000e+00 +5.0000e+00 -4.9135e+00 +5.0000e+00 +5.0000e+00 -4.9995e+00 -4.9773e+00 +5.0000e+00 +5.0000e+00
613 +2.885836111e-01 +2.885836111e-01 +6.562785836e+02 +6.562785836e+02 +5.0000e+00 -4.9984e+00 -5.0000e+00 +5.0000e+00 -5.0000e+00 -5.0000e+00 -5.0000e+00 +5.0000e+00 -5.0000e+00 -5.0000e+00 +5.0000e+00 +5.0000e+00 +5.0000e+00 -5.0000e+00 +5.0000e+00 +5.0000e+00 -4.9993e+00 -4.9641e+00 +5.0000e+00 +5.0000e+00
638 +1.962230671e-01 +1.962230671e-01 +6.561862231e+02 +6.561862231e+02 +5.0000e+00 -4.9983e+00 -5.0000e+00 +5.0000e+00 -5.0000e+00 -5.0000e+00 -5.0000e+00 +5.0000e+00 -5.0000e+00 -5.0000e+00 +5.0000e+00 +5.0000e+00 +5.0000e+00 -4.9608e+00 +5.0000e+00 +5.0000e+00 -4.9993e+00 -5.0000e+00 +5.0000e+00 +5.0000e+00
644 +1.009742603e-01 +1.009742603e-01 +6.560909743e+02 +6.560909743e+02 +5.0000e+00 -4.9983e+00 -5.0000e+00 +5.0000e+00 -5.0000e+00 -5.0000e+00 -5.0000e+00 +5.0000e+00 -5.0000e+00 -5.0000e+00 +5.0000e+00 +5.0000e+00 +5.0000e+00 -5.0000e+00 +5.0000e+00 +5.0000e+00 -4.9995e+00 -4.9878e+00 +5.0000e+00 +5.0000e+00
652 +5.708848328e-02 +5.708848328e-02 +6.560470885e+02 +6.560470885e+02 +5.0000e+00 -4.9983e+00 -5.0000e+00 +5.0000e+00 -5.0000e+00 -5.0000e+00 -5.0000e+00 +5.0000e+00 -5.0000e+00 -5.0000e+00 +5.0000e+00 +5.0000e+00 +5.0000e+00 -5.0000e+00 +5.0000e+00 +5.0000e+00 -4.9988e+00 -4.9940e+00 +5.0000e+00 +5.0000e+00
658 +3.242108909e-02 +3.242108909e-02 +6.560224211e+02 +6.560224211e+02 +5.0000e+00 -4.9992e+00 -5.0000e+00 +5.0000e+00 -5.0000e+00 -5.0000e+00 -5.0000e+00 +5.0000e+00 -5.0000e+00 -5.0000e+00 +5.0000e+00 +5.0000e+00 +5.0000e+00 -5.0000e+00 +5.0000e+00 +4.9968e+00 -4.9991e+00 -4.9993e+00 +5.0000e+00 +5.0000e+00
667 +7.764140015e-03 +7.764140015e-03 +6.559977641e+02 +6.559977641e+02 +5.0000e+00 -4.9976e+00 -5.0000e+00 +5.0000e+00 -5.0000e+00 -5.0000e+00 -5.0000e+00 +5.0000e+00 -5.0000e+00 -5.0000e+00 +5.0000e+00 +5.0000e+00 +5.0000e+00 -5.0000e+00 +5.0000e+00 +5.0000e+00 -4.9993e+00 -5.0000e+00 +5.0000e+00 +5.0000e+00
698 +3.595253272e-03 +3.595253272e-03 +6.559935953e+02 +6.559935953e+02 +5.0000e+00 -4.9993e+00 -5.0000e+00 +5.0000e+00 -5.0000e+00 -5.0000e+00 -5.0000e+00 +5.0000e+00 -5.0000e+00 -5.0000e+00 +5.0000e+00 +5.0000e+00 +5.0000e+00 -5.0000e+00 +5.0000e+00 +5.0000e+00 -4.9996e+00 -5.0000e+00 +5.0000e+00 +5.0000e+00
738 +8.318195286e-04 +8.318195286e-04 +6.559908318e+02 +6.559908318e+02 +5.0000e+00 -4.9995e+00 -5.0000e+00 +5.0000e+00 -5.0000e+00 -5.0000e+00 -5.0000e+00 +5.0000e+00 -5.0000e+00 -5.0000e+00 +5.0000e+00 +5.0000e+00 +5.0000e+00 -5.0000e+00 +5.0000e+00 +5.0000e+00 -5.0000e+00 -5.0000e+00 +5.0000e+00 +5.0000e+00
766 +1.546290860e-04 +1.546290860e-04 +6.559901546e+02 +6.559901546e+02 +5.0000e+00 -4.9999e+00 -5.0000e+00 +5.0000e+00 -5.0000e+00 -5.0000e+00 -5.0000e+00 +5.0000e+00 -5.0000e+00 -5.0000e+00 +5.0000e+00 +5.0000e+00 +5.0000e+00 -5.0000e+00 +5.0000e+00 +5.0000e+00 -5.0000e+00 -5.0000e+00 +5.0000e+00 +5.0000e+00
769 +1.136868377e-13 +1.136868377e-13 +6.559900000e+02 +6.559900000e+02 +5.0000e+00 -5.0000e+00 -5.0000e+00 +5.0000e+00 -5.0000e+00 -5.0000e+00 -5.0000e+00 +5.0000e+00 -5.0000e+00 -5.0000e+00 +5.0000e+00 +5.0000e+00 +5.0000e+00 -5.0000e+00 +5.0000e+00 +5.0000e+00 -5.0000e+00 -5.0000e+00 +5.0000e+00 +5.0000e+00
% function evaluation | noise-free fitness - Fopt (6.671000000000e+01) | best noise-free fitness - Fopt | measured fitness | best measured fitness | x1 | x2...
1 +4.513127422e+02 +4.513127422e+02 +5.180227422e+02 +5.180227422e+02 -2.1860e-01 +3.2933e+00 +4.5608e+00 +2.9911e+00 +3.5488e+00 +3.6882e-01 +1.5615e+00 -2.8571e+00 +6.0580e-01 -9.0526e-01 +4.8341e+00 +2.8260e+00 -2.1064e+00 -2.3781e-01 -2.2290e+00 +8.5725e-01 +3.1577e+00 +4.2950e+00 -3.7813e+00 -1.6493e+00
3 +2.578410964e+02 +2.578410964e+02 +3.245510964e+02 +3.245510964e+02 +9.8678e-01 -1.6734e+00 -5.3774e-01 -3.8664e+00 +3.3590e+00 +9.4499e-01 -2.7521e+00 +1.8807e+00 -6.0872e-01 -2.4296e+00 +2.8943e+00 -2.9553e-01 -1.2871e+00 +1.3491e+00 +3.5562e-01 +4.9121e+00 -3.2881e+00 -3.7752e+00 -4.9895e+00 -2.0920e+00
39 +1.873611387e+02 +1.873611387e+02 +2.540711387e+02 +2.540711387e+02 +1.5054e+00 +3.8579e+00 +1.9429e-01 +2.6224e+00 -4.2966e+00 +1.3946e+00 -2.7555e+00 -4.9612e+00 +4.3779e+00 -4.4921e+00 -8.2316e-01 +2.2270e+00 +3.4669e+00 +3.6613e+00 +4.8103e+00 +4.0446e+00 +1.3772e+00 -4.9630e+00 -2.3681e+00 -3.4155e+00
86 +1.323173805e+02 +1.323173805e+02 +1.990273805e+02 +1.990273805e+02 -2.8040e+00 +2.2727e+00 -5.0000e+00 +3.9352e+00 -1.9206e+00 +5.0000e+00 -5.8274e-01 -5.0000e+00 +5.0000e+00 -5.0000e+00 +2.1259e+00 -1.1408e+00 +4.9655e+00 +5.0000e+00 +1.7225e+00 +5.0000e+00 -2.6931e+00 -5.0000e+00 -5.0000e+00 -1.6405e+00
129 +8.554491399e+01 +8.554491399e+01 +1.522549140e+02 +1.522549140e+02 +5.9414e-01 +0.0000e+00 -5.0000e+00 +6.8089e-01 -5.0000e+00 -3.5999e+00 -5.0000e+00 -5.0000e+00 +5.0000e+00 -4.3711e+00 -4.8314e+00 -6.8841e-02 +5.0000e+00 +3.9425e+00 +3.1628e+00 +5.0000e+00 -5.0000e+00 -2.9541e+00 -5.0000e+00 -5.0000e+00
203 +6.052550098e+01 +6.052550098e+01 +1.272355010e+02 +1.272355010e+02 -2.0591e+00 -5.0000e+00 -5.0000e+00 +3.7466e+00 -2.9429e+00 -5.0000e+00 -5.0000e+00 -5.0000e+00 +5.0000e+00 -3.5982e+00 -3.7574e+00 -4.0287e-01 +4.9987e+00 +5.0000e+00 +5.0000e+00 +5.0000e+00 -3.9616e+00 -4.8592e+00 -5.0000e+00 -5.0000e+00
217 +3.902368136e+01 +3.902368136e+01 +1.057336814e+02 +1.057336814e+02 -1.3926e+00 -5.0000e+00 -5.0000e+00 +8.5273e-02 -5.0000e+00 -5.0000e+00 -5.0000e+00 -5.0000e+00 +5.0000e+00 -4.9240e+00 -4.9639e+00 -4.7424e+00 +5.0000e+00 +4.3700e+00 +4.1788e+00 +5.0000e+00 -5.0000e+00 -4.8512e+00 -5.0000e+00 -5.0000e+00
283 +2.335072546e+01 +2.335072546e+01 +9.006072546e+01 +9.006072546e+01 -4.8995e+00 -5.0000e+00 -5.0000e+00 +5.0000e+00 -4.3682e+00 -5.0000e+00 -5.0000e+00 -5.0000e+00 +5.0000e+00 -5.0000e+00 -5.0000e+00 -5.0000e+00 +4.9965e+00 +4.6279e+00 +4.7795e+00 +5.0000e+00 -4.8931e+00 -4.9828e+00 -5.0000e+00 -5.0000e+00
% function evaluation | noise-free fitness - Fopt (9.416700000000e+02) | best noise-free fitness - Fopt | measured fitness | best measured fitness | x1 | x2...
1 +3.723732642e+02 +3.723732642e+02 +1.314043264e+03 +1.314043264e+03 +5.1988e-02 +3.1663e-01 +1.9561e+00 +3.0976e+00 -6.6772e-02 -2.5705e+00 +2.9378e+00 -4.6084e+00 -2.7281e+00 +1.4195e+00 +1.2816e+00 +2.3608e+00 -7.9978e-01 -8.3977e-01 -2.9212e+00 -1.9036e+00 -1.2187e+00 +2.4406e+00 -4.6820e-01 +5.7159e-01
81 +2.335946938e+02 +2.335946938e+02 +1.175264694e+03 +1.175264694e+03 +1.5553e+00 -3.9839e+00 +2.1823e-01 +3.3299e+00 -2.5833e+00 +1.6890e+00 +5.0000e+00 -4.8804e+00 +1.8343e-01 -1.8976e+00 +1.1551e+00 -7.3051e-01 -3.4074e+00 -2.2712e+00 +2.8884e+00 +2.4701e+00 +2.2399e+00 +3.2492e+00 +4.7694e+00 +3.9564e+00
87 +1.524571379e+02 +1.524571379e+02 +1.094127138e+03 +1.094127138e+03 +2.7193e+00 -8.8776e-01 +5.0000e+00 +4.5232e+00 +8.8142e-01 -5.0000e+00 +5.0000e+00 -4.4307e+00 +5.0000e+00 +1.0603e+00 +5.0000e+00 +5.0000e+00 -5.0000e+00 -4.9821e+00 +4.3479e-01 -2.8066e-01 -2.5462e+00 +3.6236e+00 +5.0000e+00 +4.5572e+00
183 +8.089159269e+01 +8.089159269e+01 +1.022561593e+03 +1.022561593e+03 +4.0099e+00 -2.1478e+00 +4.4196e+00 +5.0000e+00 -3.8527e+00 -5.0000e+00 +5.0000e+00 -3.5772e+00 +3.8739e+00 -3.4951e+00 +5.0000e+00 +4.8804e+00 -5.0000e+00 -4.8691e+00 +4.9667e+00 +3.1292e+00 -5.0000e+00 +2.2211e+00 +5.0000e+00 +5.0000e+00
258 +6.258649893e+01 +6.258649893e+01 +1.004256499e+03 +1.004256499e+03 +3.3794e+00 -1.6218e+00 +3.8131e+00 +5.0000e+00 -5.0000e+00 -5.0000e+00 +5.0000e+00 -3.5924e+00 +3.4653e+00 -5.0000e+00 +4.8860e+00 +4.5752e+00 -5.0000e+00 -4.1724e+00 +3.7866e+00 +5.0000e+00 -5.0000e+00 +4.1173e+00 +4.8515e+00 +5.0000e+00
326 +3.497239708e+01 +3.497239708e+01 +9.766423971e+02 +9.766423971e+02 -3.8004e+00 +0.0000e+00 +4.2050e+00 +4.6208e+00 -4.9463e+00 -5.0000e+00 -3.3011e-01 -3.4300e+00 +4.6985e+00 -5.0000e+00 +4.9968e+00 +4.5308e+00 -5.0000e+00 -3.9491e+00 +5.0000e+00 +5.0000e+00 -5.0000e+00 +5.0000e+00 +4.3803e+00 +5.0000e+00
362 +2.435517694e+01 +2.435517694e+01 +9.660251769e+02 +9.660251769e+02 -5.0000e+00 +1.7818e+00 +3.5488e+00 +3.5421e+00 -4.9788e+00 -5.0000e+00 -2.8541e+00 -4.3422e+00 +5.0000e+00 -5.0000e+00 +4.9777e+00 +4.4468e+00 -5.0000e+00 -5.0000e+00 +5.0000e+00 +5.0000e+00 -5.0000e+00 +5.0000e+00 +4.4842e+00 +5.0000e+00
443 +1.430181905e+01 +1.430181905e+01 +9.559718190e+02 +9.559718190e+02 -3.4922e+00 -1.3615e-01 +5.0000e+00 +3.9269e+00 -5.0000e+00 -5.0000e+00 -5.0000e+00 -4.0961e+00 +5.0000e+00 -4.9685e+00 +5.0000e+00 +4.6892e+00 -5.0000e+00 -5.0000e+00 +5.0000e+00 +4.8592e+00 -5.0000e+00 +4.9118e+00 +4.9077e+00 +5.0000e+00
456 +9.616692333e+00 +9.616692333e+00 +9.512866923e+02 +9.512866923e+02 -4.4497e+00 -2.5169e+00 +4.7978e+00 +4.2976e+00 -4.9497e+00 -5.0000e+00 -5.0000e+00 -3.9313e+00 +5.0000e+00 -4.9931e+00 +5.0000e+00 +4.5522e+00 -5.0000e+00 -5.0000e+00 +5.0000e+00 +4.9372e+00 -5.0000e+00 +4.9602e+00 +5.0000e+00 +5.0000e+00
522 +6.241004907e+00 +6.241004907e+00 +9.479110049e+02 +9.479110049e+02 -4.2829e+00 -5.0000e+00 +4.4882e+00 +5.0000e+00 -4.9432e+00 -5.0000e+00 -5.0000e+00 -4.2360e+00 +5.0000e+00 -5.0000e+00 +5.0000e+00 +4.6758e+00 -5.0000e+00 -5.0000e+00 +5.0000e+00 +4.8509e+00 -5.0000e+00 +5.0000e+00 +4.9044e+00 +5.0000e+00
565 +3.760617534e+00 +3.760617534e+00 +9.454306175e+02 +9.454306175e+02 -4.9504e+00 -5.0000e+00 +4.5626e+00 +4.7961e+00 -4.9543e+00 -5.0000e+00 -5.0000e+00 -5.0000e+00 +5.0000e+00 -4.9901e+00 +5.0000e+00 +4.4635e+00 -5.0000e+00 -5.0000e+00 +5.0000e+00 +4.8828e+00 -5.0000e+00 +5.0000e+00 +5.0000e+00 +5.0000e+00
618 +2.130865703e+00 +2.130865703e+00 +9.438008657e+02 +9.438008657e+02 -4.5216e+00 -5.0000e+00 +4.7063e+00 +5.0000e+00 -4.8789e+00 -5.0000e+00 -5.0000e+00 -5.0000e+00 +5.0000e+00 -4.9745e+00 +5.0000e+00 +4.8834e+00 -5.0000e+00 -5.0000e+00 +5.0000e+00 +4.9226e+00 -5.0000e+00 +4.9890e+00 +5.0000e+00 +5.0000e+00
683 +1.530840993e+00 +1.530840993e+00 +9.432008410e+02 +9.432008410e+02 -4.4624e+00 -5.0000e+00 +4.7956e+00 +5.0000e+00 -4.8640e+00 -5.0000e+00 -5.0000e+00 -4.9076e+00 +5.0000e+00 -4.9521e+00 +5.0000e+00 +5.0000e+00 -5.0000e+00 -5.0000e+00 +5.0000e+00 +5.0000e+00 -5.0000e+00 +4.9804e+00 +5.0000e+00 +5.0000e+00
715 +9.791736139e-01 +9.791736139e-01 +9.426491736e+02 +9.426491736e+02 -4.6876e+00 -5.0000e+00 +5.0000e+00 +5.0000e+00 -4.8589e+00 -5.0000e+00 -5.0000e+00 -4.9967e+00 +5.0000e+00 -4.9524e+00 +5.0000e+00 +5.0000e+00 -5.0000e+00 -5.0000e+00 +5.0000e+00 +4.9811e+00 -5.0000e+00 +4.9780e+00 +5.0000e+00 +5.0000e+00
770 +5.448535929e-01 +5.448535929e-01 +9.422148536e+02 +9.422148536e+02 -5.0000e+00 -5.0000e+00 +5.0000e+00 +5.0000e+00 -4.8817e+00 -5.0000e+00 -5.0000e+00 -5.0000e+00 +5.0000e+00 -4.9325e+00 +5.0000e+00 +5.0000e+00 -5.0000e+00 -5.0000e+00 +5.0000e+00 +5.0000e+00 -5.0000e+00 +4.9806e+00 +5.0000e+00 +5.0000e+00
803 +3.850177688e-01 +3.850177688e-01 +9.420550178e+02 +9.420550178e+02 -5.0000e+00 -5.0000e+00 +5.0000e+00 +5.0000e+00 -4.8851e+00 -5.0000e+00 -5.0000e+00 -5.0000e+00 +5.0000e+00 -4.9333e+00 +5.0000e+00 +5.0000e+00 -5.0000e+00 -5.0000e+00 +5.0000e+00 +5.0000e+00 -5.0000e+00 +5.0000e+00 +5.0000e+00 +5.0000e+00
811 +2.055658991e-01 +2.055658991e-01 +9.418755659e+02 +9.418755659e+02 -5.0000e+00 -5.0000e+00 +5.0000e+00 +5.0000e+00 -4.8983e+00 -5.0000e+00 -5.0000e+00 -4.9870e+00 +5.0000e+00 -4.9966e+00 +5.0000e+00 +5.0000e+00 -5.0000e+00 -5.0000e+00 +5.0000e+00 +5.0000e+00 -5.0000e+00 +5.0000e+00 +5.0000e+00 +5.0000e+00
843 +1.278400205e-01 +1.278400205e-01 +9.417978400e+02 +9.417978400e+02 -5.0000e+00 -5.0000e+00 +5.0000e+00 +5.0000e+00 -4.9321e+00 -5.0000e+00 -5.0000e+00 -4.9967e+00 +5.0000e+00 -4.9967e+00 +5.0000e+00 +5.0000e+00 -5.0000e+00 -5.0000e+00 +5.0000e+00 +5.0000e+00 -5.0000e+00 +5.0000e+00 +5.0000e+00 +5.0000e+00
845 +9.126959476e-02 +9.126959476e-02 +9.417612696e+02 +9.417612696e+02 -5.0000e+00 -5.0000e+00 +5.0000e+00 +5.0000e+00 -5.0000e+00 -5.0000e+00 -5.0000e+00 -5.0000e+00 +5.0000e+00 -4.9693e+00 +5.0000e+00 +5.0000e+00 -5.0000e+00 -5.0000e+00 +5.0000e+00 +5.0000e+00 -5.0000e+00 +5.0000e+00 +5.0000e+00 +5.0000e+00
851 +6.224725999e-02 +6.224725999e-02 +9.417322473e+02 +9.417322473e+02 -5.0000e+00 -5.0000e+00 +5.0000e+00 +5.0000e+00 -4.9617e+00 -5.0000e+00 -5.0000e+00 -5.0000e+00 +5.0000e+00 -5.0000e+00 +5.0000e+00 +5.0000e+00 -5.0000e+00 -5.0000e+00 +5.0000e+00 +5.0000e+00 -5.0000e+00 +5.0000e+00 +5.0000e+00 +5.0000e+00
869 +3.443072488e-02 +3.443072488e-02 +9.417044307e+02 +9.417044307e+02 -4.9901e+00 -5.0000e+00 +5.0000e+00 +5.0000e+00 -4.9851e+00 -5.0000e+00 -5.0000e+00 -5.0000e+00 +5.0000e+00 -4.9999e+00 +5.0000e+00 +5.0000e+00 -5.0000e+00 -5.0000e+00 +5.0000e+00 +5.0000e+00 -5.0000e+00 +5.0000e+00 +5.0000e+00 +5.0000e+00
882 +5.550759538e-03 +5.550759538e-03 +9.416755508e+02 +9.416755508e+02 -4.9944e+00 -5.0000e+00 +5.0000e+00 +5.0000e+00 -5.0000e+00 -5.0000e+00 -5.0000e+00 -5.0000e+00 +5.0000e+00 -5.0000e+00 +5.0000e+00 +5.0000e+00 -5.0000e+00 -5.0000e+00 +5.0000e+00 +5.0000e+00 -5.0000e+00 +5.0000e+00 +5.0000e+00 +5.0000e+00
891 +3.342192048e-03 +3.342192048e-03 +9.416733422e+02 +9.416733422e+02 -4.9969e+00 -5.0000e+00 +5.0000e+00 +5.0000e+00 -5.0000e+00 -5.0000e+00 -5.0000e+00 -5.0000e+00 +5.0000e+00 -4.9999e+00 +5.0000e+00 +5.0000e+00 -5.0000e+00 -5.0000e+00 +5.0000e+00 +5.0000e+00 -5.0000e+00 +5.0000e+00 +5.0000e+00 +5.0000e+00
895 +1.550165420e-03 +1.550165420e-03 +9.416715502e+02 +9.416715502e+02 -4.9984e+00 -5.0000e+00 +5.0000e+00 +5.0000e+00 -5.0000e+00 -5.0000e+00 -5.0000e+00 -5.0000e+00 +5.0000e+00 -5.0000e+00 +5.0000e+00 +5.0000e+00 -5.0000e+00 -5.0000e+00 +5.0000e+00 +5.0000e+00 -5.0000e+00 +5.0000e+00 +5.0000e+00 +5.0000e+00
909 +0.000000000e+00 +0.000000000e+00 +9.416700000e+02 +9.416700000e+02 -5.0000e+00 -5.0000e+00 +5.0000e+00 +5.0000e+00 -5.0000e+00 -5.0000e+00 -5.0000e+00 -5.0000e+00 +5.0000e+00 -5.0000e+00 +5.0000e+00 +5.0000e+00 -5.0000e+00 -5.0000e+00 +5.0000e+00 +5.0000e+00 -5.0000e+00 +5.0000e+00 +5.0000e+00 +5.0000e+00
% function evaluation | noise-free fitness - Fopt (-3.745000000000e+01) | best noise-free fitness - Fopt | measured fitness | best measured fitness | x1 | x2...
1 +3.970498797e+02 +3.970498797e+02 +3.595998797e+02 +3.595998797e+02 +1.9235e+00 +8.6737e-01 +4.4899e+00 -9.4848e-01 +2.1479e+00 -4.3270e+00 +2.4046e+00 +4.9795e+00 -2.7161e+00 -2.8670e+00 +3.5945e+00 +9.4120e-01 +7.3951e-01 +4.7278e+00 +2.8879e+00 -2.1618e+00 -1.1707e+00 +3.0084e+00 +4.5669e+00 +3.8270e+00
44 +2.343117313e+02 +2.343117313e+02 +1.968617313e+02 +1.968617313e+02 +3.5303e+00 +4.8130e+00 +2.2718e+00 +1.1095e+00 +1.7661e+00 +4.2415e+00 +4.8681e-01 -2.5143e+00 +5.4551e-01 -2.5361e+00 +2.2396e+00 +1.8596e+00 -1.7119e+00 +8.3797e-01 +5.0000e+00 +4.0139e+00 +2.2129e-01 +4.4837e+00 +4.0854e+00 -9.3313e-01
84 +1.481995348e+02 +1.481995348e+02 +1.107495348e+02 +1.107495348e+02 +5.0000e+00 +4.4655e+00 +5.0000e+00 -2.7341e+00 -3.2339e+00 +4.5207e+00 +2.9710e+00 -6.4110e-01 +1.9852e+00 +1.3320e+00 +1.3777e+00 -7.0013e-02 -3.1630e-01 +1.9726e+00 +4.3157e+00 +2.2520e+00 -4.7787e+00 +5.0000e+00 +5.0000e+00 -5.0000e+00
152 +9.572180902e+01 +9.572180902e+01 +5.827180902e+01 +5.827180902e+01 +5.0000e+00 -2.9902e+00 +4.5090e+00 -1.5179e+00 -5.0000e+00 +5.0000e+00 +5.0000e+00 +0.0000e+00 -1.3434e-01 +5.0000e+00 +2.8008e+00 +2.7651e-01 -5.0000e+00 -2.8672e+00 +5.0000e+00 +2.2076e+00 -5.0000e+00 +4.7092e+00 +4.9141e+00 -5.0000e+00
202 +6.044490856e+01 +6.044490856e+01 +2.299490856e+01 +2.299490856e+01 +5.0000e+00 -8.5318e-02 +4.2602e+00 +1.0552e+00 -5.0000e+00 +4.5571e+00 +5.0000e+00 +1.3638e+00 +8.3055e-01 +4.7224e+00 +5.0000e+00 +2.8614e+00 -2.7939e+00 -5.0000e+00 +5.0000e+00 +5.0000e+00 -5.0000e+00 +5.0000e+00 +5.0000e+00 -5.0000e+00
295 +3.703540706e+01 +3.703540706e+01 -4.145929397e-01 -4.145929397e-01 +5.0000e+00 -3.9962e+00 +2.9320e+00 -4.3009e+00 -5.0000e+00 +4.7522e+00 +5.0000e+00 -4.4548e+00 -1.7178e+00 +4.9936e+00 +5.0000e+00 +5.0000e+00 -5.0000e+00 -4.6524e+00 +4.6156e+00 +5.0000e+00 -5.0000e+00 +5.0000e+00 +4.9996e+00 -5.0000e+00
404 +2.223523951e+01 +2.223523951e+01 -1.521476049e+01 -1.521476049e+01 +5.0000e+00 -5.0000e+00 +3.0285e+00 -5.0000e+00 -5.0000e+00 +4.8959e+00 +5.0000e+00 -4.7303e+00 +5.0000e+00 +5.0000e+00 +5.0000e+00 +5.0000e+00 -3.9461e+00 -5.0000e+00 +4.5046e+00 +5.0000e+00 -5.0000e+00 +4.9944e+00 +4.9599e+00 -5.0000e+00
484 +1.572862489e+01 +1.572862489e+01 -2.172137511e+01 -2.172137511e+01 +5.0000e+00 -1.6964e+00 +3.4609e+00 -5.0000e+00 -5.0000e+00 +5.0000e+00 +5.0000e+00 -4.4717e+00 +5.0000e+00 +5.0000e+00 +5.0000e+00 +5.0000e+00 -4.0226e+00 -4.8876e+00 +5.0000e+00 +5.0000e+00 -5.0000e+00 +4.9834e+00 +4.9869e+00 -5.0000e+00
562 +8.553510197e+00 +8.553510197e+00 -2.889648980e+01 -2.889648980e+01 +5.0000e+00 +8.9544e-01 +4.8043e+00 -5.0000e+00 -5.0000e+00 +5.0000e+00 +4.8161e+00 -3.7201e+00 +5.0000e+00 +5.0000e+00 +5.0000e+00 +5.0000e+00 -5.0000e+00 -5.0000e+00 +4.9984e+00 +5.0000e+00 -5.0000e+00 +4.9990e+00 +4.9679e+00 -5.0000e+00
575 +5.408384249e+00 +5.408384249e+00 -3.204161575e+01 -3.204161575e+01 +5.0000e+00 +3.0156e+00 +4.0907e+00 -5.0000e+00 -5.0000e+00 +5.0000e+00 +4.8020e+00 -4.5557e+00 +5.0000e+00 +5.0000e+00 +5.0000e+00 +5.0000e+00 -5.0000e+00 -5.0000e+00 +4.9976e+00 +5.0000e+00 -5.0000e+00 +4.9946e+00 +4.9427e+00 -5.0000e+00
605 +2.986770627e+00 +2.986770627e+00 -3.446322937e+01 -3.446322937e+01 +5.0000e+00 +4.0075e+00 +4.1695e+00 -5.0000e+00 -5.0000e+00 +5.0000e+00 +4.7740e+00 -5.0000e+00 +5.0000e+00 +5.0000e+00 +5.0000e+00 +5.0000e+00 -5.0000e+00 -5.0000e+00 +4.9981e+00 +5.0000e+00 -5.0000e+00 +4.9942e+00 +4.9679e+00 -5.0000e+00
615 +2.287126103e+00 +2.287126103e+00 -3.516287390e+01 -3.516287390e+01 +5.0000e+00 +5.0000e+00 +4.2822e+00 -5.0000e+00 -5.0000e+00 +5.0000e+00 +4.6452e+00 -5.0000e+00 +5.0000e+00 +5.0000e+00 +5.0000e+00 +5.0000e+00 -5.0000e+00 -5.0000e+00 +4.9957e+00 +5.0000e+00 -5.0000e+00 +4.9904e+00 +4.9391e+00 -5.0000e+00
689 +8.076110557e-01 +8.076110557e-01 -3.664238894e+01 -3.664238894e+01 +5.0000e+00 +4.9939e+00 +4.9460e+00 -5.0000e+00 -5.0000e+00 +5.0000e+00 +4.8830e+00 -4.9915e+00 +5.0000e+00 +5.0000e+00 +5.0000e+00 +5.0000e+00 -5.0000e+00 -5.0000e+00 +4.9933e+00 +5.0000e+00 -5.0000e+00 +4.9880e+00 +4.9617e+00 -5.0000e+00
724 +3.212097119e-01 +3.212097119e-01 -3.712879029e+01 -3.712879029e+01 +5.0000e+00 +4.9995e+00 +5.0000e+00 -5.0000e+00 -5.0000e+00 +5.0000e+00 +4.9514e+00 -4.9875e+00 +5.0000e+00 +5.0000e+00 +5.0000e+00 +5.0000e+00 -5.0000e+00 -5.0000e+00 +4.9934e+00 +5.0000e+00 -5.0000e+00 +4.9865e+00 +4.9944e+00 -5.0000e+00
731 +1.984221729e-01 +1.984221729e-01 -3.725157783e+01 -3.725157783e+01 +5.0000e+00 +4.9992e+00 +5.0000e+00 -5.0000e+00 -5.0000e+00 +5.0000e+00 +5.0000e+00 -4.9935e+00 +5.0000e+00 +5.0000e+00 +5.0000e+00 +5.0000e+00 -5.0000e+00 -5.0000e+00 +4.9925e+00 +5.0000e+00 -5.0000e+00 +4.9820e+00 +5.0000e+00 -5.0000e+00
768 +7.400908904e-02 +7.400908904e-02 -3.737599091e+01 -3.737599091e+01 +5.0000e+00 +4.9990e+00 +5.0000e+00 -5.0000e+00 -5.0000e+00 +5.0000e+00 +5.0000e+00 -4.9905e+00 +5.0000e+00 +5.0000e+00 +5.0000e+00 +5.0000e+00 -5.0000e+00 -5.0000e+00 +4.9907e+00 +5.0000e+00 -5.0000e+00 +5.0000e+00 +5.0000e+00 -5.0000e+00
846 +6.224182886e-02 +6.224182886e-02 -3.738775817e+01 -3.738775817e+01 +5.0000e+00 +4.9984e+00 +5.0000e+00 -5.0000e+00 -5.0000e+00 +5.0000e+00 +5.0000e+00 -4.9976e+00 +5.0000e+00 +5.0000e+00 +5.0000e+00 +5.0000e+00 -5.0000e+00 -5.0000e+00 +4.9899e+00 +5.0000e+00 -5.0000e+00 +5.0000e+00 +5.0000e+00 -5.0000e+00
899 +3.548587139e-02 +3.548587139e-02 -3.741451413e+01 -3.741451413e+01 +5.0000e+00 +4.9981e+00 +5.0000e+00 -5.0000e+00 -5.0000e+00 +5.0000e+00 +5.0000e+00 -5.0000e+00 +5.0000e+00 +5.0000e+00 +5.0000e+00 +5.0000e+00 -5.0000e+00 -5.0000e+00 +4.9961e+00 +5.0000e+00 -5.0000e+00 +4.9985e+00 +5.0000e+00 -5.0000e+00
926 +2.264580608e-02 +2.264580608e-02 -3.742735419e+01 -3.742735419e+01 +5.0000e+00 +4.9996e+00 +5.0000e+00 -5.0000e+00 -5.0000e+00 +5.0000e+00 +5.0000e+00 -5.0000e+00 +5.0000e+00 +5.0000e+00 +5.0000e+00 +5.0000e+00 -5.0000e+00 -5.0000e+00 +4.9978e+00 +5.0000e+00 -5.0000e+00 +4.9987e+00 +5.0000e+00 -5.0000e+00
935 +1.094480858e-02 +1.094480858e-02 -3.743905519e+01 -3.743905519e+01 +5.0000e+00 +4.9979e+00 +5.0000e+00 -5.0000e+00 -5.0000e+00 +5.0000e+00 +5.0000e+00 -5.0000e+00 +5.0000e+00 +5.0000e+00 +5.0000e+00 +5.0000e+00 -5.0000e+00 -5.0000e+00 +4.9993e+00 +5.0000e+00 -5.0000e+00 +4.9994e+00 +5.0000e+00 -5.0000e+00
939 +3.435027431e-03 +3.435027431e-03 -3.744656497e+01 -3.744656497e+01 +5.0000e+00 +4.9970e+00 +5.0000e+00 -5.0000e+00 -5.0000e+00 +5.0000e+00 +5.0000e+00 -5.0000e+00 +5.0000e+00 +5.0000e+00 +5.0000e+00 +5.0000e+00 -5.0000e+00 -5.0000e+00 +5.0000e+00 +5.0000e+00 -5.0000e+00 +5.0000e+00 +5.0000e+00 -5.0000e+00
1059 +1.355537883e-03 +1.355537883e-03 -3.744864446e+01 -3.744864446e+01 +5.0000e+00 +4.9988e+00 +5.0000e+00 -5.0000e+00 -5.0000e+00 +5.0000e+00 +5.0000e+00 -5.0000e+00 +5.0000e+00 +5.0000e+00 +5.0000e+00 +5.0000e+00 -5.0000e+00 -5.0000e+00 +5.0000e+00 +5.0000e+00 -5.0000e+00 +5.0000e+00 +5.0000e+00 -5.0000e+00
1081 +7.967587160e-04 +7.967587160e-04 -3.744920324e+01 -3.744920324e+01 +5.0000e+00 +4.9993e+00 +5.0000e+00 -5.0000e+00 -5.0000e+00 +5.0000e+00 +5.0000e+00 -5.0000e+00 +5.0000e+00 +5.0000e+00 +5.0000e+00 +5.0000e+00 -5.0000e+00 -5.0000e+00 +5.0000e+00 +5.0000e+00 -5.0000e+00 +5.0000e+00 +5.0000e+00 -5.0000e+00
1084 +1.421085472e-14 +1.421085472e-14 -3.745000000e+01 -3.745000000e+01 +5.0000e+00 +5.0000e+00 +5.0000e+00 -5.0000e+00 -5.0000e+00 +5.0000e+00 +5.0000e+00 -5.0000e+00 +5.0000e+00 +5.0000e+00 +5.0000e+00 +5.0000e+00 -5.0000e+00 -5.0000e+00 +5.0000e+00 +5.0000e+00 -5.0000e+00 +5.0000e+00 +5.0000e+00 -5.0000e+00
% function evaluation | noise-free fitness - Fopt (2.906200000000e+02) | best noise-free fitness - Fopt | measured fitness | best measured fitness | x1 | x2...
1 +3.664779238e+02 +3.664779238e+02 +6.570979238e+02 +6.570979238e+02 +3.8203e+00 +2.8984e+00 -3.4316e+00 +3.7215e-01 -3.4011e-02 -2.3322e+00 -4.3306e+00 -2.2951e+00 +1.8281e+00 +3.1151e+00 -2.2389e+00 -3.5982e-02 -3.7898e+00 -4.3492e+00 -3.4531e+00 -3.0270e+00 -7.3562e-01 +2.8638e-01 -7.7883e-01 +3.2074e+00
84 +2.421561467e+02 +2.421561467e+02 +5.327761467e+02 +5.327761467e+02 +0.0000e+00 +1.1474e+00 -1.2532e+00 -3.4004e+00 +4.5965e+00 -5.0000e+00 +7.3238e-01 -4.6634e+00 -1.0349e+00 -1.8059e+00 -5.0000e+00 -2.1806e+00 +5.0000e+00 +2.9443e-01 -2.9363e+00 +1.1217e-01 +2.7680e+00 -3.6647e+00 +2.7039e+00 -5.0000e+00
177 +1.539971191e+02 +1.539971191e+02 +4.446171191e+02 +4.446171191e+02 +3.3317e+00 +5.0000e+00 -1.8411e+00 -4.9348e+00 +5.0000e+00 -5.0000e+00 -4.4201e+00 -5.0000e+00 -3.6985e+00 -2.4928e+00 -5.0000e+00 -4.8507e+00 +5.0000e+00 -5.0000e+00 -1.9219e+00 -1.3845e+00 +5.0000e+00 -5.0000e+00 +4.3738e+00 -5.0000e+00
286 +8.659355719e+01 +8.659355719e+01 +3.772135572e+02 +3.772135572e+02 +5.0000e+00 +5.0000e+00 -4.9633e+00 -2.8402e+00 +5.0000e+00 -5.0000e+00 -5.0000e+00 -5.0000e+00 -5.0000e+00 +2.5479e+00 -5.0000e+00 -5.0000e+00 +5.0000e+00 -5.0000e+00 -5.0000e+00 +3.8539e+00 +5.0000e+00 -5.0000e+00 +3.8675e+00 -5.0000e+00
388 +6.244361682e+01 +6.244361682e+01 +3.530636168e+02 +3.530636168e+02 +5.0000e+00 +5.0000e+00 -4.9697e+00 -5.0000e+00 +5.0000e+00 -5.0000e+00 -5.0000e+00 -5.0000e+00 -5.0000e+00 +5.0000e+00 -5.0000e+00 -5.0000e+00 +5.0000e+00 -5.0000e+00 -5.0000e+00 +4.9353e+00 +5.0000e+00 -5.0000e+00 +4.6664e+00 -5.0000e+00
% function evaluation | noise-free fitness - Fopt (-1.015300000000e+02) | best noise-free fitness - Fopt | measured fitness | best measured fitness | x1 | x2...
1 +4.641327217e+02 +4.641327217e+02 +3.626027217e+02 +3.626027217e+02 -4.6743e+00 -8.5106e-01 +1.2780e+00 -2.6677e+00 +2.4293e-02 -3.0272e+00 +6.4937e-01 -1.8542e-01 -2.6712e+00 -1.6812e+00 +2.6067e+00 -4.5238e-02 -1.5110e+00 -1.3437e+00 +1.4750e+00 -1.2919e+00 +2.2390e+00 +4.5054e+00 -7.3778e-02 +4.1532e+00
2 +3.359647464e+02 +3.359647464e+02 +2.344347464e+02 +2.344347464e+02 +4.7054e+00 -3.1315e+00 +2.7770e+00 -1.4055e+00 +4.2958e-01 +2.6935e+00 -2.8116e-01 +1.0731e-02 -3.5680e+00 -3.2541e+00 +4.8424e+00 +4.1306e+00 -2.2889e+00 +1.9235e-01 +2.3501e+00 -6.2568e-01 -3.8016e+00 -3.1984e+00 -3.3606e+00 -2.8300e+00
42 +2.204512000e+02 +2.204512000e+02 +1.189212000e+02 +1.189212000e+02 +1.8803e-01 -5.0000e+00 -2.6038e-01 -2.9904e+00 -4.5704e+00 +1.4816e+00 -3.3987e+00 -3.6791e+00 -1.5285e+00 -2.9340e-01 +2.3073e+00 +9.0445e-01 +2.7111e+00 -1.0894e+00 +5.0000e+00 +3.2341e+00 -5.0000e+00 -8.9943e-01 +1.6394e+00 -4.5224e+00
108 +1.487282419e+02 +1.487282419e+02 +4.719824189e+01 +4.719824189e+01 -4.1613e+00 -1.7634e+00 -2.9117e+00 -3.0974e-01 -5.0000e+00 +5.0000e+00 -3.0184e+00 +2.9635e-01 -4.0519e+00 +3.1088e+00 +5.0000e+00 +1.2803e+00 +1.0807e+00 -2.4515e+00 +5.0000e+00 +5.0000e+00 -5.0000e+00 -4.5934e+00 +5.0000e+00 -3.9641e+00
211 +9.536154989e+01 +9.536154989e+01 -6.168450110e+00 -6.168450110e+00 -3.7491e+00 +2.4932e+00 -3.3251e+00 +3.1453e-01 -5.0000e+00 +5.0000e+00 -4.9887e+00 +4.1494e+00 -5.0000e+00 +5.0000e+00 +5.0000e+00 -4.7887e-01 +4.8725e+00 -5.0000e+00 +5.0000e+00 +5.0000e+00 -5.0000e+00 -5.0000e+00 +5.0000e+00 -4.9493e+00
282 +6.078957881e+01 +6.078957881e+01 -4.074042119e+01 -4.074042119e+01 -4.0260e+00 +4.3882e+00 -1.6805e+00 +4.3916e+00 -5.0000e+00 +5.0000e+00 -5.0000e+00 +5.0000e+00 -5.0000e+00 +1.9732e-02 +5.0000e+00 -3.2851e+00 +5.0000e+00 -5.0000e+00 +5.0000e+00 +5.0000e+00 -5.0000e+00 -4.9929e+00 +5.0000e+00 -5.0000e+00
361 +3.800286564e+01 +3.800286564e+01 -6.352713436e+01 -6.352713436e+01 -4.2604e+00 -2.1176e-01 -8.3824e-01 +4.7150e+00 -5.0000e+00 +5.0000e+00 -5.0000e+00 +5.0000e+00 -5.0000e+00 -3.3793e+00 +5.0000e+00 -4.8084e+00 +5.0000e+00 -5.0000e+00 +5.0000e+00 +5.0000e+00 -5.0000e+00 -4.9836e+00 +5.0000e+00 -5.0000e+00
443 +2.203655463e+01 +2.203655463e+01 -7.949344537e+01 -7.949344537e+01 -4.9136e+00 -3.8042e+00 +3.3323e+00 +5.0000e+00 -5.0000e+00 +5.0000e+00 -5.0000e+00 +5.0000e+00 -5.0000e+00 -5.0000e+00 +5.0000e+00 -4.9793e+00 +5.0000e+00 -5.0000e+00 +5.0000e+00 +5.0000e+00 -5.0000e+00 -4.9915e+00 +5.0000e+00 -5.0000e+00
% function evaluation | noise-free fitness - Fopt (3.019700000000e+02) | best noise-free fitness - Fopt | measured fitness | best measured fitness | x1 | x2...
1 +3.273105213e+02 +3.273105213e+02 +6.292805213e+02 +6.292805213e+02 +3.7829e+00 -1.3048e-01 +1.8642e-01 +2.1779e+00 -2.1544e+00 +4.9786e+00 +1.3484e+00 -4.2252e+00 +2.4798e+00 -2.9156e+00 +3.4864e+00 -3.6976e+00 +2.6151e+00 -4.6085e+00 +4.4725e+00 -1.9971e+00 -5.5768e-01 +6.2522e-01 +4.1133e+00 -1.7450e+00
54 +2.476417044e+02 +2.476417044e+02 +5.496117044e+02 +5.496117044e+02 -4.0293e+00 -2.6356e+00 -2.6664e+00 +3.6297e+00 -4.0585e+00 +2.3849e+00 -3.4469e+00 +2.9976e+00 -4.3764e+00 -3.4366e-01 -5.0000e+00 -2.9379e+00 -8.5609e-01 -5.0000e+00 +1.1738e+00 -2.7142e-01 -3.4431e+00 +2.5227e+00 +5.0000e+00 +6.6094e-01
125 +1.034875116e+02 +1.034875116e+02 +4.054575116e+02 +4.054575116e+02 -7.9380e-01 -5.0000e+00 -3.1528e+00 -5.0000e+00 -2.9353e+00 +3.6547e-01 -1.4004e+00 +9.8761e-01 -3.7666e+00 -2.2618e+00 +5.0000e+00 -4.7276e+00 +1.0128e+00 -3.5389e+00 +4.5040e+00 +5.0000e+00 -5.0000e+00 +5.0000e+00 +4.8881e+00 +5.0000e+00
203 +9.477565875e+01 +9.477565875e+01 +3.967456587e+02 +3.967456587e+02 -4.6836e+00 -5.0000e+00 -2.9249e+00 -5.0000e+00 -1.2590e+00 +2.8648e+00 -3.0954e+00 +1.1745e+00 -5.0000e+00 -1.2135e+00 +5.0000e+00 -4.4003e+00 -8.3710e-01 -3.9048e+00 +3.6876e+00 +5.0000e+00 -4.5044e+00 +4.8132e+00 +4.8334e+00 +5.0000e+00
324 +6.308887597e+01 +6.308887597e+01 +3.650588760e+02 +3.650588760e+02 -5.0000e+00 -5.0000e+00 -2.1301e+00 -5.0000e+00 +1.8478e+00 +5.0000e+00 -3.3779e+00 +2.8749e+00 -5.0000e+00 -3.3462e-02 +5.0000e+00 -4.1851e+00 -4.6012e+00 -5.0000e+00 +5.0000e+00 +5.0000e+00 -5.0000e+00 +5.0000e+00 +4.5829e+00 +5.0000e+00
401 +3.654590254e+01 +3.654590254e+01 +3.385159025e+02 +3.385159025e+02 -4.9119e+00 -5.0000e+00 -4.0981e+00 -5.0000e+00 -3.1478e+00 +3.5853e+00 -5.0000e+00 +5.0000e+00 -4.9482e+00 -4.4360e+00 +5.0000e+00 -4.4051e+00 -5.0000e+00 -5.0000e+00 +4.9541e+00 +4.9292e+00 -5.0000e+00 +5.0000e+00 +4.6367e+00 +5.0000e+00
527 +2.342058846e+01 +2.342058846e+01 +3.253905885e+02 +3.253905885e+02 -4.0936e+00 -5.0000e+00 -1.0793e+00 -5.0000e+00 -4.9472e+00 +4.9254e+00 -5.0000e+00 +5.0000e+00 -4.8774e+00 -5.0000e+00 +5.0000e+00 -4.3963e+00 -5.0000e+00 -5.0000e+00 +4.9199e+00 +4.9664e+00 -5.0000e+00 +5.0000e+00 +5.0000e+00 +5.0000e+00
641 +1.569818168e+01 +1.569818168e+01 +3.176681817e+02 +3.176681817e+02 -4.1449e+00 -5.0000e+00 +5.0000e+00 -5.0000e+00 -4.8226e+00 +4.5145e+00 -5.0000e+00 +5.0000e+00 -4.8662e+00 -5.0000e+00 +5.0000e+00 -5.0000e+00 -5.0000e+00 -5.0000e+00 +4.8483e+00 +4.8057e+00 -5.0000e+00 +5.0000e+00 +5.0000e+00 +5.0000e+00
% function evaluation | noise-free fitness - Fopt (-6.561000000000e+01) | best noise-free fitness - Fopt | measured fitness | best measured fitness | x1 | x2...
1 +3.050773424e+02 +3.050773424e+02 +2.394673424e+02 +2.394673424e+02 +2.8221e+00 +2.5187e+00 -1.8963e+00 +2.7951e+00 +3.0661e+00 -1.4115e+00 -4.9868e+00 +6.3911e-03 -3.9037e+00 -2.4500e+00 -4.2521e+00 +1.1924e+00 +3.1391e+00 -4.2876e-01 +4.3810e+00 -4.1144e+00 -1.3224e-01 +3.6927e+00 +4.8773e+00 -1.5729e+00
13 +2.399504980e+02 +2.399504980e+02 +1.743404980e+02 +1.743404980e+02 +4.3077e+00 -1.4547e+00 +4.8739e+00 +2.4190e+00 +7.9025e-01 +3.9475e+00 -3.4421e+00 +1.0877e+00 -9.5299e-01 -3.2169e+00 -4.8195e+00 -3.8277e+00 -4.4056e+00 +3.0607e+00 +3.0430e+00 -4.9867e+00 +4.1087e-01 +1.5919e+00 +2.6323e+00 +3.4397e+00
91 +1.369163124e+02 +1.369163124e+02 +7.130631239e+01 +7.130631239e+01 +3.6756e+00 -2.6472e+00 +4.6367e+00 +1.6783e+00 +1.6166e+00 +5.0000e+00 -5.0000e+00 +1.5702e+00 +1.4546e+00 -5.0000e+00 -2.2308e+00 +2.0411e+00 -1.9084e+00 +4.6182e+00 +5.0000e+00 -5.0000e+00 +2.1282e+00 -5.0000e+00 +4.7263e+00 +5.0000e+00
165 +9.111444451e+01 +9.111444451e+01 +2.550444451e+01 +2.550444451e+01 -3.2662e+00 -5.0000e+00 +5.0000e+00 -4.1333e+00 +5.0000e+00 +5.0000e+00 -5.0000e+00 +5.0000e+00 +5.0000e+00 -5.0000e+00 +3.9027e-01 -4.6123e+00 +3.8259e+00 +4.9568e+00 +5.0000e+00 -5.0000e+00 +5.0000e+00 -5.0000e+00 +4.8724e+00 +2.6070e+00
218 +4.689425094e+01 +4.689425094e+01 -1.871574906e+01 -1.871574906e+01 -5.0000e+00 -4.9909e+00 +5.0000e+00 -5.0000e+00 +5.0000e+00 +5.0000e+00 -5.0000e+00 +5.0000e+00 -6.2800e-01 -4.9616e+00 -4.4867e+00 -4.2441e+00 +2.7925e+00 +4.8226e+00 +5.0000e+00 -5.0000e+00 +5.0000e+00 -5.0000e+00 +4.6727e+00 +4.6941e+00
228 +3.821497715e+01 +3.821497715e+01 -2.739502285e+01 -2.739502285e+01 +1.3661e+00 -4.9160e+00 +5.0000e+00 -5.0000e+00 +5.0000e+00 +5.0000e+00 -5.0000e+00 +5.0000e+00 -8.2522e-01 -4.9298e+00 -5.0000e+00 -4.2938e+00 +5.0000e+00 +4.8922e+00 +5.0000e+00 -4.9914e+00 +5.0000e+00 -5.0000e+00 +4.6725e+00 +5.0000e+00
327 +2.273616886e+01 +2.273616886e+01 -4.287383114e+01 -4.287383114e+01 -2.5365e+00 -4.9077e+00 +5.0000e+00 -5.0000e+00 +5.0000e+00 +5.0000e+00 -5.0000e+00 +5.0000e+00 -5.0000e+00 -4.8274e+00 -5.0000e+00 -5.0000e+00 +5.0000e+00 +4.6833e+00 +5.0000e+00 -5.0000e+00 +5.0000e+00 -5.0000e+00 +4.5778e+00 +5.0000e+00
446 +1.543334508e+01 +1.543334508e+01 -5.017665492e+01 -5.017665492e+01 -5.0000e+00 -4.9243e+00 +5.0000e+00 -5.0000e+00 +5.0000e+00 +5.0000e+00 -5.0000e+00 +5.0000e+00 -5.0000e+00 -4.9338e+00 -5.0000e+00 -5.0000e+00 +5.0000e+00 +4.8414e+00 +5.0000e+00 -5.0000e+00 +5.0000e+00 -5.0000e+00 +5.0000e+00 +5.0000e+00
% function evaluation | noise-free fitness - Fopt (-3.569000000000e+01) | best noise-free fitness - Fopt | measured fitness | best measured fitness | x1 | x2...
1 +3.857043013e+02 +3.857043013e+02 +3.500143013e+02 +3.500143013e+02 -4.9419e+00 -1.7578e+00 -4.8415e+00 +2.9373e+00 +4.4870e-01 +4.1362e+00 -4.1182e+00 +1.5909e+00 +4.9335e+00 -4.6808e+00 -4.6927e+00 +3.7390e+00 +4.4571e+00 +4.4123e+00 +2.0602e+00 +5.4022e-01 -1.5349e+00 -7.4287e-01 +4.8935e+00 -3.5316e-01
47 +2.439367446e+02 +2.439367446e+02 +2.082467446e+02 +2.082467446e+02 -3.5070e+00 +1.9961e+00 -4.1512e+00 +5.9820e-01 -1.4749e+00 +3.2395e+00 +2.0788e+00 +5.0000e+00 -2.2204e-01 +4.0660e+00 +2.1141e+00 -1.4559e+00 -3.0746e+00 +2.6497e+00 -5.0000e+00 -1.9031e+00 -1.0622e+00 +2.5942e+00 +1.9804e+00 -3.7218e+00
87 +1.536390486e+02 +1.536390486e+02 +1.179490486e+02 +1.179490486e+02 -1.3116e+00 +5.0000e+00 +8.4880e-01 -1.2037e+00 +7.3615e-01 +5.0000e+00 +4.2714e+00 +3.9021e+00 +1.4021e+00 +5.0000e+00 +1.7927e+00 -5.0000e+00 -5.0000e+00 +8.3476e-01 -4.2828e+00 -5.0000e+00 +1.1036e+00 +2.1633e+00 +5.0000e+00 -5.0000e+00
161 +8.784843295e+01 +8.784843295e+01 +5.215843295e+01 +5.215843295e+01 -3.1910e+00 +7.0263e-02 +3.7677e+00 -2.3011e+00 -1.2203e+00 +4.2701e+00 -1.6514e+00 +2.3061e+00 +2.4659e+00 +0.0000e+00 +4.2390e+00 -5.0000e+00 -5.0000e+00 +5.0000e+00 -4.3723e+00 -5.0000e+00 +5.0000e+00 +5.0000e+00 +5.0000e+00 -5.0000e+00
204 +5.943594704e+01 +5.943594704e+01 +2.374594704e+01 +2.374594704e+01 +3.6549e+00 +4.3426e+00 +3.9891e-01 +1.1550e+00 +5.0000e+00 +5.0000e+00 +1.3630e+00 +3.6303e+00 +5.0000e+00 -3.1969e+00 +2.8505e+00 -5.0000e+00 -5.0000e+00 +1.3954e+00 -4.9393e+00 -5.0000e+00 +4.9209e+00 +5.0000e+00 +5.0000e+00 -5.0000e+00
244 +3.391965685e+01 +3.391965685e+01 -1.770343152e+00 -1.770343152e+00 +4.5859e+00 +3.9808e+00 -4.6011e+00 +1.0358e+00 +5.0000e+00 +5.0000e+00 +1.9383e+00 +5.0000e+00 +4.3771e+00 -5.0000e+00 +4.1978e+00 -5.0000e+00 -5.0000e+00 +2.6831e+00 -5.0000e+00 -5.0000e+00 +4.8748e+00 +4.9459e+00 +5.0000e+00 -5.0000e+00
286 +2.109217283e+01 +2.109217283e+01 -1.459782717e+01 -1.459782717e+01 +5.0000e+00 +4.7731e+00 -5.0000e+00 +1.6776e+00 +5.0000e+00 +5.0000e+00 +5.0000e+00 +5.0000e+00 +3.7281e+00 -5.0000e+00 +5.0000e+00 -5.0000e+00 -5.0000e+00 +3.7063e+00 -5.0000e+00 -5.0000e+00 +4.8635e+00 +4.9139e+00 +5.0000e+00 -5.0000e+00
361 +1.259446734e+01 +1.259446734e+01 -2.309553266e+01 -2.309553266e+01 +5.0000e+00 +3.5066e+00 -5.0000e+00 +4.0186e-01 +4.7646e+00 +5.0000e+00 +5.0000e+00 +5.0000e+00 +5.0000e+00 -5.0000e+00 +5.0000e+00 -5.0000e+00 -5.0000e+00 +5.0000e+00 -5.0000e+00 -5.0000e+00 +4.8278e+00 +4.8014e+00 +5.0000e+00 -5.0000e+00
386 +8.868810926e+00 +8.868810926e+00 -2.682118907e+01 -2.682118907e+01 +5.0000e+00 +5.0000e+00 -5.0000e+00 -2.8143e+00 +4.6124e+00 +5.0000e+00 +5.0000e+00 +5.0000e+00 +4.6444e+00 -5.0000e+00 +4.8072e+00 -5.0000e+00 -5.0000e+00 +4.5556e+00 -5.0000e+00 -5.0000e+00 +4.8450e+00 +4.9637e+00 +5.0000e+00 -5.0000e+00
410 +6.095890825e+00 +6.095890825e+00 -2.959410917e+01 -2.959410917e+01 +5.0000e+00 +5.0000e+00 -5.0000e+00 -2.6161e+00 +4.5458e+00 +5.0000e+00 +5.0000e+00 +5.0000e+00 +4.8638e+00 -5.0000e+00 +5.0000e+00 -5.0000e+00 -5.0000e+00 +5.0000e+00 -5.0000e+00 -5.0000e+00 +4.7929e+00 +4.9833e+00 +5.0000e+00 -5.0000e+00
426 +2.005966661e+00 +2.005966661e+00 -3.368403334e+01 -3.368403334e+01 +5.0000e+00 +5.0000e+00 -5.0000e+00 -4.7182e+00 +5.0000e+00 +5.0000e+00 +5.0000e+00 +5.0000e+00 +4.9918e+00 -5.0000e+00 +5.0000e+00 -5.0000e+00 -5.0000e+00 +5.0000e+00 -5.0000e+00 -5.0000e+00 +4.8463e+00 +4.9350e+00 +5.0000e+00 -5.0000e+00
488 +1.363865856e+00 +1.363865856e+00 -3.432613414e+01 -3.432613414e+01 +5.0000e+00 +5.0000e+00 -5.0000e+00 -5.0000e+00 +5.0000e+00 +5.0000e+00 +5.0000e+00 +5.0000e+00 +4.9890e+00 -5.0000e+00 +5.0000e+00 -5.0000e+00 -5.0000e+00 +5.0000e+00 -5.0000e+00 -5.0000e+00 +4.8080e+00 +5.0000e+00 +5.0000e+00 -5.0000e+00
497 +6.813119563e-01 +6.813119563e-01 -3.500868804e+01 -3.500868804e+01 +5.0000e+00 +5.0000e+00 -5.0000e+00 -5.0000e+00 +4.9872e+00 +5.0000e+00 +5.0000e+00 +5.0000e+00 +4.9910e+00 -5.0000e+00 +5.0000e+00 -5.0000e+00 -5.0000e+00 +5.0000e+00 -5.0000e+00 -5.0000e+00 +4.9084e+00 +5.0000e+00 +5.0000e+00 -5.0000e+00
505 +5.469697605e-01 +5.469697605e-01 -3.514303024e+01 -3.514303024e+01 +5.0000e+00 +5.0000e+00 -5.0000e+00 -5.0000e+00 +4.9792e+00 +5.0000e+00 +5.0000e+00 +5.0000e+00 +5.0000e+00 -5.0000e+00 +5.0000e+00 -5.0000e+00 -5.0000e+00 +5.0000e+00 -5.0000e+00 -5.0000e+00 +4.9262e+00 +5.0000e+00 +5.0000e+00 -5.0000e+00
525 +2.545936207e-01 +2.545936207e-01 -3.543540638e+01 -3.543540638e+01 +5.0000e+00 +5.0000e+00 -5.0000e+00 -5.0000e+00 +5.0000e+00 +5.0000e+00 +5.0000e+00 +5.0000e+00 +5.0000e+00 -5.0000e+00 +5.0000e+00 -5.0000e+00 -5.0000e+00 +5.0000e+00 -5.0000e+00 -5.0000e+00 +4.9634e+00 +5.0000e+00 +5.0000e+00 -5.0000e+00
545 +2.149303988e-01 +2.149303988e-01 -3.547506960e+01 -3.547506960e+01 +5.0000e+00 +5.0000e+00 -5.0000e+00 -5.0000e+00 +5.0000e+00 +5.0000e+00 +5.0000e+00 +5.0000e+00 +5.0000e+00 -5.0000e+00 +5.0000e+00 -5.0000e+00 -5.0000e+00 +5.0000e+00 -5.0000e+00 -5.0000e+00 +4.9691e+00 +5.0000e+00 +5.0000e+00 -5.0000e+00
561 +1.038190882e-01 +1.038190882e-01 -3.558618091e+01 -3.558618091e+01 +5.0000e+00 +5.0000e+00 -5.0000e+00 -5.0000e+00 +4.9520e+00 +5.0000e+00 +5.0000e+00 +5.0000e+00 +5.0000e+00 -5.0000e+00 +5.0000e+00 -5.0000e+00 -5.0000e+00 +5.0000e+00 -5.0000e+00 -5.0000e+00 +4.9963e+00 +5.0000e+00 +5.0000e+00 -5.0000e+00
564 +4.736082067e-02 +4.736082067e-02 -3.564263918e+01 -3.564263918e+01 +5.0000e+00 +5.0000e+00 -5.0000e+00 -5.0000e+00 +4.9708e+00 +5.0000e+00 +5.0000e+00 +5.0000e+00 +5.0000e+00 -5.0000e+00 +5.0000e+00 -5.0000e+00 -5.0000e+00 +5.0000e+00 -5.0000e+00 -5.0000e+00 +5.0000e+00 +5.0000e+00 +5.0000e+00 -5.0000e+00
565 +0.000000000e+00 +0.000000000e+00 -3.569000000e+01 -3.569000000e+01 +5.0000e+00 +5.0000e+00 -5.0000e+00 -5.0000e+00 +5.0000e+00 +5.0000e+00 +5.0000e+00 +5.0000e+00 +5.0000e+00 -5.0000e+00 +5.0000e+00 -5.0000e+00 -5.0000e+00 +5.0000e+00 -5.0000e+00 -5.0000e+00 +5.0000e+00 +5.0000e+00 +5.0000e+00 -5.0000e+00
% function evaluation | noise-free fitness - Fopt (3.174000000000e+01) | best noise-free fitness - Fopt | measured fitness | best measured fitness | x1 | x2...
1 +4.484614433e+02 +4.484614433e+02 +4.802014433e+02 +4.802014433e+02 +3.5215e+00 -2.3502e+00 -1.8076e+00 +1.5915e+00 +7.3654e-01 +7.2927e-01 +2.7942e+00 +3.4159e+00 -2.9076e+00 -1.2905e-01 +3.3659e+00 +4.0699e+00 -2.2276e+00 -1.8088e+00 +2.0784e+00 +4.4378e+00 -3.5158e+00 +3.5439e+00 +3.2075e+00 -3.9921e+00
2 +3.560734118e+02 +3.560734118e+02 +3.878134118e+02 +3.878134118e+02 +1.4797e+00 -4.5795e+00 +2.4574e+00 -5.7449e-01 -4.0159e+00 -2.4568e+00 +1.9598e+00 -1.8512e+00 -1.8939e+00 +1.2011e+00 +2.9134e-01 +1.0892e+00 +4.2520e+00 -4.5740e+00 -3.5134e+00 +3.4979e+00 +4.9247e+00 +2.9557e-01 -3.4004e+00 -3.5014e-01
47 +2.322249420e+02 +2.322249420e+02 +2.639649420e+02 +2.639649420e+02 -2.7188e+00 -5.0000e+00 -3.6177e+00 -5.0000e+00 +6.4377e-01 -2.4781e+00 +5.0000e+00 +2.8554e+00 +1.8911e+00 +1.7518e+00 -2.0473e+00 +2.0128e+00 -1.9291e+00 -1.8331e+00 +5.0000e+00 -4.0085e+00 +2.7872e+00 -6.4851e-01 -1.4030e-01 +2.2485e+00
121 +1.508923616e+02 +1.508923616e+02 +1.826323616e+02 +1.826323616e+02 -4.6673e+00 -5.0000e+00 -4.8759e+00 -5.0000e+00 +6.0086e-01 -1.7539e+00 +5.0000e+00 +3.8448e-01 -9.8014e-01 +4.4800e+00 -5.0000e+00 +2.1520e+00 -5.0000e+00 -3.1573e-01 +4.6908e+00 -5.0000e+00 +5.0000e+00 +2.1886e-01 -2.1464e+00 +5.0000e+00
190 +7.543886736e+01 +7.543886736e+01 +1.071788674e+02 +1.071788674e+02 -3.8126e+00 -5.0000e+00 -4.7751e+00 -5.0000e+00 +2.8279e+00 -5.0000e+00 +5.0000e+00 -7.8342e-02 -4.7234e+00 +5.0000e+00 -4.5946e+00 +5.0000e+00 -5.0000e+00 -5.0000e+00 +4.5971e+00 -2.9590e+00 +5.0000e+00 +5.0000e+00 -5.0000e+00 +5.0000e+00
270 +6.245487572e+01 +6.245487572e+01 +9.419487572e+01 +9.419487572e+01 -5.0000e+00 -5.0000e+00 -4.6340e+00 -5.0000e+00 +1.9409e+00 -5.0000e+00 +5.0000e+00 -1.6524e+00 -4.5499e+00 +5.0000e+00 -5.0000e+00 +5.0000e+00 -5.0000e+00 -5.0000e+00 +5.0000e+00 -5.0000e+00 +5.0000e+00 +5.0000e+00 -5.0000e+00 +5.0000e+00
346 +3.975142774e+01 +3.975142774e+01 +7.149142774e+01 +7.149142774e+01 -4.4241e+00 -5.0000e+00 -4.5614e+00 -5.0000e+00 -9.2903e-01 -5.0000e+00 +5.0000e+00 +1.4638e+00 -4.6346e-01 +5.0000e+00 -5.0000e+00 +4.8710e+00 -4.9990e+00 -5.0000e+00 +5.0000e+00 -5.0000e+00 +5.0000e+00 +5.0000e+00 -5.0000e+00 +5.0000e+00
361 +2.384345416e+01 +2.384345416e+01 +5.558345416e+01 +5.558345416e+01 -4.9117e+00 -5.0000e+00 -4.7259e+00 -5.0000e+00 -2.4626e+00 -5.0000e+00 +5.0000e+00 +5.0000e+00 +2.2578e+00 +5.0000e+00 -5.0000e+00 +4.4151e+00 -4.9968e+00 -5.0000e+00 +5.0000e+00 -5.0000e+00 +5.0000e+00 +5.0000e+00 -5.0000e+00 +5.0000e+00
401 +1.279846345e+01 +1.279846345e+01 +4.453846345e+01 +4.453846345e+01 -4.6066e+00 -5.0000e+00 -4.5641e+00 -5.0000e+00 -4.7051e+00 -5.0000e+00 +5.0000e+00 +5.0000e+00 +5.0000e+00 +5.0000e+00 -5.0000e+00 +4.4572e+00 -4.9769e+00 -5.0000e+00 +5.0000e+00 -5.0000e+00 +5.0000e+00 +5.0000e+00 -5.0000e+00 +5.0000e+00
443 +9.210088416e+00 +9.210088416e+00 +4.095008842e+01 +4.095008842e+01 -3.4143e+00 -5.0000e+00 -4.5479e+00 -5.0000e+00 -5.0000e+00 -5.0000e+00 +5.0000e+00 +5.0000e+00 +5.0000e+00 +5.0000e+00 -5.0000e+00 +5.0000e+00 -4.9487e+00 -5.0000e+00 +5.0000e+00 -5.0000e+00 +5.0000e+00 +5.0000e+00 -5.0000e+00 +5.0000e+00
561 +5.305874096e+00 +5.305874096e+00 +3.704587410e+01 +3.704587410e+01 -4.5797e-02 -5.0000e+00 -5.0000e+00 -5.0000e+00 -5.0000e+00 -5.0000e+00 +5.0000e+00 +5.0000e+00 +5.0000e+00 +5.0000e+00 -5.0000e+00 +5.0000e+00 -4.9393e+00 -5.0000e+00 +5.0000e+00 -5.0000e+00 +5.0000e+00 +5.0000e+00 -5.0000e+00 +5.0000e+00
601 +3.022116573e+00 +3.022116573e+00 +3.476211657e+01 +3.476211657e+01 +2.4746e+00 -5.0000e+00 -4.6954e+00 -5.0000e+00 -5.0000e+00 -5.0000e+00 +5.0000e+00 +5.0000e+00 +5.0000e+00 +5.0000e+00 -5.0000e+00 +5.0000e+00 -4.9747e+00 -5.0000e+00 +5.0000e+00 -5.0000e+00 +5.0000e+00 +5.0000e+00 -5.0000e+00 +5.0000e+00
606 +2.481110885e+00 +2.481110885e+00 +3.422111088e+01 +3.422111088e+01 +3.0914e+00 -5.0000e+00 -4.6407e+00 -5.0000e+00 -5.0000e+00 -5.0000e+00 +5.0000e+00 +5.0000e+00 +5.0000e+00 +5.0000e+00 -5.0000e+00 +5.0000e+00 -4.9732e+00 -5.0000e+00 +5.0000e+00 -5.0000e+00 +5.0000e+00 +5.0000e+00 -5.0000e+00 +5.0000e+00
641 +8.791403446e-01 +8.791403446e-01 +3.261914034e+01 +3.261914034e+01 +4.8548e+00 -5.0000e+00 -4.4246e+00 -5.0000e+00 -5.0000e+00 -5.0000e+00 +5.0000e+00 +5.0000e+00 +5.0000e+00 +5.0000e+00 -5.0000e+00 +5.0000e+00 -4.9998e+00 -5.0000e+00 +5.0000e+00 -5.0000e+00 +5.0000e+00 +5.0000e+00 -5.0000e+00 +5.0000e+00
675 +5.811930395e-01 +5.811930395e-01 +3.232119304e+01 +3.232119304e+01 +5.0000e+00 -5.0000e+00 -4.6489e+00 -5.0000e+00 -5.0000e+00 -5.0000e+00 +5.0000e+00 +5.0000e+00 +5.0000e+00 +5.0000e+00 -5.0000e+00 +5.0000e+00 -4.9688e+00 -5.0000e+00 +5.0000e+00 -5.0000e+00 +5.0000e+00 +5.0000e+00 -5.0000e+00 +5.0000e+00
725 +3.204911092e-01 +3.204911092e-01 +3.206049111e+01 +3.206049111e+01 +5.0000e+00 -5.0000e+00 -4.7953e+00 -5.0000e+00 -5.0000e+00 -5.0000e+00 +5.0000e+00 +5.0000e+00 +5.0000e+00 +5.0000e+00 -5.0000e+00 +5.0000e+00 -4.9861e+00 -5.0000e+00 +5.0000e+00 -5.0000e+00 +5.0000e+00 +5.0000e+00 -5.0000e+00 +5.0000e+00
728 +1.981268330e-01 +1.981268330e-01 +3.193812683e+01 +3.193812683e+01 +5.0000e+00 -5.0000e+00 -4.9571e+00 -5.0000e+00 -5.0000e+00 -5.0000e+00 +5.0000e+00 +5.0000e+00 +5.0000e+00 +5.0000e+00 -5.0000e+00 +5.0000e+00 -4.9665e+00 -5.0000e+00 +5.0000e+00 -5.0000e+00 +5.0000e+00 +5.0000e+00 -5.0000e+00 +5.0000e+00
734 +1.475304534e-01 +1.475304534e-01 +3.188753045e+01 +3.188753045e+01 +5.0000e+00 -5.0000e+00 -5.0000e+00 -5.0000e+00 -5.0000e+00 -5.0000e+00 +5.0000e+00 +5.0000e+00 +5.0000e+00 +5.0000e+00 -5.0000e+00 +5.0000e+00 -4.9655e+00 -5.0000e+00 +5.0000e+00 -5.0000e+00 +5.0000e+00 +5.0000e+00 -5.0000e+00 +5.0000e+00
740 +7.714719582e-02 +7.714719582e-02 +3.181714720e+01 +3.181714720e+01 +5.0000e+00 -5.0000e+00 -5.0000e+00 -5.0000e+00 -5.0000e+00 -5.0000e+00 +5.0000e+00 +5.0000e+00 +5.0000e+00 +5.0000e+00 -5.0000e+00 +5.0000e+00 -4.9820e+00 -5.0000e+00 +5.0000e+00 -5.0000e+00 +5.0000e+00 +5.0000e+00 -5.0000e+00 +5.0000e+00
761 +2.837090779e-02 +2.837090779e-02 +3.176837091e+01 +3.176837091e+01 +5.0000e+00 -5.0000e+00 -5.0000e+00 -5.0000e+00 -5.0000e+00 -5.0000e+00 +5.0000e+00 +5.0000e+00 +5.0000e+00 +5.0000e+00 -5.0000e+00 +5.0000e+00 -4.9934e+00 -5.0000e+00 +5.0000e+00 -5.0000e+00 +5.0000e+00 +5.0000e+00 -5.0000e+00 +5.0000e+00
791 +1.065814104e-14 +1.065814104e-14 +3.174000000e+01 +3.174000000e+01 +5.0000e+00 -5.0000e+00 -5.0000e+00 -5.0000e+00 -5.0000e+00 -5.0000e+00 +5.0000e+00 +5.0000e+00 +5.0000e+00 +5.0000e+00 -5.0000e+00 +5.0000e+00 -5.0000e+00 -5.0000e+00 +5.0000e+00 -5.0000e+00 +5.0000e+00 +5.0000e+00 -5.0000e+00 +5.0000e+00
% function evaluation | noise-free fitness - Fopt (8.344900000000e+02) | best noise-free fitness - Fopt | measured fitness | best measured fitness | x1 | x2...
1 +3.680199059e+02 +3.680199059e+02 +1.202509906e+03 +1.202509906e+03 -1.9591e+00 +4.0831e+00 -2.1436e+00 +3.8842e+00 -2.1961e+00 +2.5657e+00 +4.5007e+00 -4.0714e+00 -3.2925e+00 +2.6118e+00 -1.3401e+00 -1.8779e+00 +4.2571e+00 -2.1966e-01 -1.8502e+00 +4.0707e+00 +4.0883e+00 +7.5928e-01 -1.2675e+00 -8.4319e-01
79 +2.494595668e+02 +2.494595668e+02 +1.083949567e+03 +1.083949567e+03 +2.4194e+00 +5.0000e+00 +1.3791e+00 +4.4964e+00 -1.6641e-01 +1.1206e+00 +5.2119e-02 -4.0585e+00 -1.7991e-01 +3.9548e+00 +2.6562e+00 -1.7638e-01 -8.6130e-01 +3.5060e+00 -2.4537e-01 +2.0802e+00 -5.0000e+00 +4.8136e+00 -1.7845e+00 +4.1272e+00
124 +1.520790315e+02 +1.520790315e+02 +9.865690315e+02 +9.865690315e+02 +5.0000e+00 +1.1128e+00 -2.2762e+00 +4.9827e+00 -1.1728e+00 -1.6366e+00 +2.0706e+00 -5.0000e+00 -4.5273e-01 +5.0000e+00 +3.5463e+00 +1.9346e+00 -2.1369e-01 +5.0000e+00 -8.5289e-02 +1.7215e+00 -5.0000e+00 +4.3459e+00 +4.2691e+00 +5.0000e+00
203 +7.603187592e+01 +7.603187592e+01 +9.105218759e+02 +9.105218759e+02 +0.0000e+00 +1.2454e+00 +2.9433e+00 +4.9834e+00 +5.0000e+00 -5.9122e-01 +5.0000e+00 -3.3928e+00 +5.5971e-01 +4.1076e+00 +4.8131e+00 +4.4861e+00 +3.1115e+00 +5.0000e+00 -3.9715e+00 +4.8090e+00 -5.0000e+00 +5.0000e+00 +4.1832e+00 +5.0000e+00
215 +5.818855435e+01 +5.818855435e+01 +8.926785543e+02 +8.926785543e+02 +2.8076e-01 +1.5829e-01 +4.5261e+00 +4.9464e+00 +5.0000e+00 +0.0000e+00 +5.0000e+00 -1.8220e+00 -3.7937e+00 +3.1072e+00 +5.0000e+00 +4.6238e+00 +3.2415e+00 +5.0000e+00 -4.9062e+00 +5.0000e+00 -5.0000e+00 +5.0000e+00 +5.0000e+00 +5.0000e+00
289 +3.920729160e+01 +3.920729160e+01 +8.736972916e+02 +8.736972916e+02 -5.0000e+00 -3.2064e+00 +4.9957e+00 +4.9009e+00 +5.0000e+00 -5.0000e+00 +5.0000e+00 -4.4729e-01 -4.3477e+00 +2.2763e+00 +5.0000e+00 +3.9869e+00 +5.0000e+00 +5.0000e+00 -5.0000e+00 +5.0000e+00 -5.0000e+00 +5.0000e+00 +5.0000e+00 +5.0000e+00
381 +2.494341283e+01 +2.494341283e+01 +8.594334128e+02 +8.594334128e+02 -5.0000e+00 -5.0000e+00 +5.0000e+00 +5.0000e+00 +5.0000e+00 -4.5886e+00 +5.0000e+00 -5.0000e+00 -5.0000e+00 +1.6794e+00 +5.0000e+00 +4.7813e+00 +4.8286e+00 +5.0000e+00 -5.0000e+00 +5.0000e+00 -5.0000e+00 +5.0000e+00 +5.0000e+00 +5.0000e+00
521 +1.410791805e+01 +1.410791805e+01 +8.485979181e+02 +8.485979181e+02 -5.0000e+00 -4.0438e+00 +5.0000e+00 +4.9326e+00 +5.0000e+00 -5.0000e+00 +5.0000e+00 -4.9605e+00 -5.0000e+00 +5.0000e+00 +5.0000e+00 +4.9745e+00 +5.0000e+00 +5.0000e+00 -5.0000e+00 +5.0000e+00 -5.0000e+00 +5.0000e+00 +5.0000e+00 +5.0000e+00
% function evaluation | noise-free fitness - Fopt (4.159000000000e+01) | best noise-free fitness - Fopt | measured fitness | best measured fitness | x1 | x2...
1 +4.227336435e+02 +4.227336435e+02 +4.643236435e+02 +4.643236435e+02 -2.9305e+00 +1.0432e+00 -1.6368e+00 -3.2769e-01 -4.3571e+00 -4.8120e+00 -4.1784e+00 +4.8737e+00 +1.4105e-01 +9.8905e-01 +4.3010e+00 -4.3319e+00 +1.0961e+00 +3.5744e+00 +4.9939e+00 -2.6521e+00 -3.7555e+00 -4.8494e+00 +2.0164e+00 -1.9174e+00
5 +3.417532740e+02 +3.417532740e+02 +3.833432740e+02 +3.833432740e+02 -2.5086e+00 -1.7735e+00 -4.9348e+00 +1.8898e+00 -2.7664e+00 -1.6832e+00 +2.1209e+00 +2.0047e+00 -9.1869e-01 -6.5155e-01 -2.7493e+00 +6.0185e-01 -3.0077e+00 -1.1791e+00 +4.8402e+00 -2.0059e+00 -3.7097e+00 +2.5691e+00 -7.8971e-01 +4.7859e+00
84 +2.052469976e+02 +2.052469976e+02 +2.468369976e+02 +2.468369976e+02 -5.0000e+00 -5.0000e+00 -2.6192e+00 +5.0000e+00 +0.0000e+00 +1.0432e-01 -2.3099e+00 +5.0000e+00 +5.0000e+00 +8.7789e-01 -2.8585e+00 +8.2805e-01 -1.2058e+00 +5.0000e+00 +5.0000e+00 +1.9213e+00 -7.1365e-01 +3.8874e+00 +5.0000e+00 +5.0000e+00
121 +1.481264002e+02 +1.481264002e+02 +1.897164002e+02 +1.897164002e+02 -5.0000e+00 -2.6735e+00 +4.2875e-01 +5.0000e+00 -2.1182e+00 +2.4475e-02 -5.0000e+00 +5.0000e+00 +8.6077e-01 +2.5247e+00 -5.0000e+00 -2.7403e+00 -3.6376e+00 +3.3048e+00 +5.0000e+00 +4.2348e+00 -7.1505e-01 +2.4540e+00 +5.0000e+00 +5.0000e+00
161 +9.910305527e+01 +9.910305527e+01 +1.406930553e+02 +1.406930553e+02 -5.0000e+00 -5.0000e+00 -1.7258e+00 +5.0000e+00 -2.5991e+00 +2.1655e-01 -5.0000e+00 +5.0000e+00 +1.3241e+00 +3.6341e+00 -5.0000e+00 -2.6744e+00 -5.0000e+00 +3.2010e+00 +5.0000e+00 +5.0000e+00 +4.2849e+00 +5.0000e+00 +3.4927e+00 +5.0000e+00
282 +6.024226896e+01 +6.024226896e+01 +1.018322690e+02 +1.018322690e+02 -5.0000e+00 -5.0000e+00 -4.4916e+00 +5.0000e+00 -3.9795e+00 +5.0000e+00 -5.0000e+00 +5.0000e+00 -2.4814e+00 +4.8280e+00 -5.0000e+00 -5.0000e+00 -5.0000e+00 +1.3042e+00 +5.0000e+00 +5.0000e+00 +4.9851e+00 +5.0000e+00 +4.9905e+00 +5.0000e+00
350 +3.783935155e+01 +3.783935155e+01 +7.942935155e+01 +7.942935155e+01 -5.0000e+00 -5.0000e+00 -2.1040e+00 +5.0000e+00 -3.6268e+00 +5.0000e+00 -5.0000e+00 +5.0000e+00 -4.9906e+00 +4.5452e+00 -5.0000e+00 -5.0000e+00 -5.0000e+00 +4.3713e+00 +5.0000e+00 +5.0000e+00 +4.8775e+00 +5.0000e+00 +5.0000e+00 +5.0000e+00
441 +2.476250189e+01 +2.476250189e+01 +6.635250189e+01 +6.635250189e+01 -5.0000e+00 -5.0000e+00 +3.4045e+00 +5.0000e+00 -5.0000e+00 +4.9759e+00 -5.0000e+00 +5.0000e+00 -4.9959e+00 +4.7638e+00 -5.0000e+00 -5.0000e+00 -5.0000e+00 +4.8586e+00 +5.0000e+00 +5.0000e+00 +5.0000e+00 +5.0000e+00 +5.0000e+00 +5.0000e+00
% function evaluation | noise-free fitness - Fopt (1.004200000000e+02) | best noise-free fitness - Fopt | measured fitness | best measured fitness | x1 | x2...
1 +3.995241369e+02 +3.995241369e+02 +4.999441369e+02 +4.999441369e+02 +4.5784e+00 +4.2803e+00 +3.6032e+00 +2.4470e+00 +4.4020e+00 -4.1872e+00 -3.8871e+00 -4.8794e+00 +4.9723e+00 -3.9082e+00 -1.4144e+00 +4.5255e+00 -2.9776e+00 -1.9543e+00 +3.7780e+00 +1.0421e+00 +6.8011e-01 -2.6897e+00 -3.2110e+00 +7.9350e-01
2 +3.875133942e+02 +3.875133942e+02 +4.879333942e+02 +4.879333942e+02 +2.7774e-01 +4.3696e-01 -2.7693e+00 -1.7557e+00 +4.6458e+00 +1.9062e-01 -4.5330e+00 +4.5128e-01 +4.3436e+00 +4.2129e+00 +4.6332e+00 +3.2694e-02 -1.7897e+00 +2.4188e-01 +1.1961e+00 +8.0222e-01 -2.3324e+00 -1.1371e+00 -2.8602e+00 -4.1987e+00
9 +2.481725827e+02 +2.481725827e+02 +3.485925827e+02 +3.485925827e+02 +4.8224e+00 -2.8037e+00 +1.3561e+00 -4.5107e+00 -1.5680e+00 -1.1582e+00 +5.5568e-01 -2.6360e+00 -2.8138e+00 +2.6669e+00 +1.3038e+00 -4.5029e+00 -4.6467e+00 +2.9880e+00 +1.3528e+00 -4.8029e+00 -4.2543e+00 +3.6290e+00 -4.8990e+00 -2.7379e+00
91 +1.348407411e+02 +1.348407411e+02 +2.352607411e+02 +2.352607411e+02 +5.0000e+00 -5.0000e+00 +5.9168e-01 +3.9862e+00 +2.4314e+00 -5.0000e+00 +2.4201e+00 -5.0000e+00 -3.4417e+00 +3.7328e+00 -5.0000e+00 -5.0000e+00 -1.0392e+00 +0.0000e+00 -6.7118e-01 -5.0000e+00 +4.8116e+00 +4.8935e+00 -4.2662e+00 -4.6559e+00
131 +9.718050600e+01 +9.718050600e+01 +1.976005060e+02 +1.976005060e+02 +5.0000e+00 -5.0000e+00 -6.3908e-01 +5.0000e+00 +1.2911e+00 -5.0000e+00 +3.9073e+00 -5.0000e+00 -4.6770e+00 +5.0000e+00 -5.0000e+00 -5.0000e+00 -2.7113e+00 -3.9600e+00 -4.3128e-01 -5.0000e+00 +5.0000e+00 +5.0000e+00 -4.1292e+00 -4.3833e+00
249 +5.635164080e+01 +5.635164080e+01 +1.567716408e+02 +1.567716408e+02 +5.0000e+00 -5.0000e+00 +5.0000e+00 +5.0000e+00 +5.0000e+00 -5.0000e+00 +5.0000e+00 -5.0000e+00 -4.8493e+00 +5.0000e+00 -5.0000e+00 -5.0000e+00 -5.0000e+00 -5.0000e+00 +2.5485e+00 -5.0000e+00 +5.0000e+00 +5.0000e+00 -4.3916e+00 -4.7377e+00
289 +3.963998929e+01 +3.963998929e+01 +1.400599893e+02 +1.400599893e+02 +5.0000e+00 -5.0000e+00 +4.1047e+00 +5.0000e+00 +0.0000e+00 -5.0000e+00 +5.0000e+00 -5.0000e+00 -5.0000e+00 +5.0000e+00 -5.0000e+00 -5.0000e+00 -5.0000e+00 -5.0000e+00 +5.0000e+00 -5.0000e+00 +5.0000e+00 +5.0000e+00 -3.6397e+00 -5.0000e+00
325 +2.279541318e+01 +2.279541318e+01 +1.232154132e+02 +1.232154132e+02 +5.0000e+00 -5.0000e+00 +3.1444e+00 +5.0000e+00 -4.8906e+00 -5.0000e+00 +5.0000e+00 -5.0000e+00 -5.0000e+00 +5.0000e+00 -5.0000e+00 -5.0000e+00 -5.0000e+00 -5.0000e+00 +5.0000e+00 -5.0000e+00 +5.0000e+00 +5.0000e+00 -4.7829e+00 -5.0000e+00
% function evaluation | noise-free fitness - Fopt (-7.530000000000e+00) | best noise-free fitness - Fopt | measured fitness | best measured fitness | x1 | x2...
1 +5.043901963e+02 +5.043901963e+02 +4.968601963e+02 +4.968601963e+02 -1.9680e-01 -2.5162e+00 +4.2967e-01 -2.8062e+00 -4.1917e+00 -2.1394e+00 -4.6847e-01 +2.9345e+00 +5.9720e-01 +3.3682e+00 +8.6012e-01 -2.6513e+00 -4.9541e+00 -1.2031e+00 +1.6485e+00 -2.3836e+00 +3.9041e+00 +3.0144e+00 +1.2463e+00 +3.5046e+00
3 +3.679026881e+02 +3.679026881e+02 +3.603726881e+02 +3.603726881e+02 -3.9365e+00 +9.4709e-01 +4.2955e+00 +2.6390e+00 -6.7240e-01 -3.1180e+00 -1.6293e+00 +3.4092e+00 +1.1443e+00 +1.6245e+00 +3.5054e+00 -2.8752e+00 -3.6431e+00 -2.4625e+00 +2.4233e+00 -4.4403e+00 +2.9776e+00 -1.0332e+00 +3.8340e+00 -4.4340e+00
79 +2.220678896e+02 +2.220678896e+02 +2.145378896e+02 +2.145378896e+02 +1.0980e+00 +3.9893e-01 +3.5398e-01 -9.6790e-02 +3.8665e-01 -6.0165e-01 -5.0000e+00 +1.9946e+00 +5.0000e+00 -2.4054e+00 -8.4386e-01 +8.6351e-01 +1.7788e-01 -3.7855e+00 -1.5658e+00 -4.5256e-02 -5.0000e+00 -2.2659e+00 +4.0838e+00 -3.8939e+00
121 +1.553569552e+02 +1.553569552e+02 +1.478269552e+02 +1.478269552e+02 +4.9293e+00 +2.3187e+00 -9.4436e-01 -2.0028e+00 +5.0000e+00 -5.8878e-01 -5.0000e+00 -2.4616e-01 +5.0000e+00 -4.9115e+00 +0.0000e+00 +5.0000e+00 +4.6319e+00 -1.9044e+00 -5.0000e+00 -1.3391e+00 -3.4514e+00 -5.0000e+00 +5.0000e+00 -5.0000e+00
163 +9.881246419e+01 +9.881246419e+01 +9.128246419e+01 +9.128246419e+01 +4.6863e+00 +1.5127e-01 +4.5226e+00 -1.5653e+00 +6.8442e-01 +3.0515e+00 -5.0000e+00 +5.0000e+00 +5.0000e+00 +0.0000e+00 +2.4901e+00 +5.0000e+00 +2.0863e+00 -3.7911e+00 -3.7078e+00 +2.5639e+00 -3.1484e+00 -5.0000e+00 +5.0000e+00 -5.0000e+00
238 +6.119293677e+01 +6.119293677e+01 +5.366293677e+01 +5.366293677e+01 +5.0000e+00 -5.0000e+00 +4.4977e+00 -5.0000e+00 +4.0132e+00 +5.0000e+00 -5.0000e+00 +5.0000e+00 +5.0000e+00 +5.0000e+00 +1.5077e+00 +5.0000e+00 +5.0000e+00 -3.7134e+00 -2.8048e+00 +2.1104e+00 -5.0000e+00 -5.0000e+00 +3.7326e+00 -5.0000e+00
272 +3.716736794e+01 +3.716736794e+01 +2.963736794e+01 +2.963736794e+01 +4.2673e+00 -3.1505e+00 +4.6090e+00 -3.6427e+00 +2.1365e+00 +5.0000e+00 -5.0000e+00 +5.0000e+00 +5.0000e+00 +5.0000e+00 +5.0000e+00 +5.0000e+00 +5.0000e+00 -5.0000e+00 -1.7769e+00 +5.0000e+00 -5.0000e+00 -5.0000e+00 +3.9092e+00 -5.0000e+00
343 +2.011779481e+01 +2.011779481e+01 +1.258779481e+01 +1.258779481e+01 +4.2265e+00 -4.1973e+00 +5.0000e+00 -4.8861e+00 +3.6272e+00 +5.0000e+00 -5.0000e+00 +5.0000e+00 +5.0000e+00 +5.0000e+00 +5.0000e+00 +5.0000e+00 +5.0000e+00 -5.0000e+00 -4.2893e+00 +5.0000e+00 -5.0000e+00 -5.0000e+00 +3.6264e+00 -5.0000e+00
361 +1.498524419e+01 +1.498524419e+01 +7.455244187e+00 +7.455244187e+00 +4.1092e+00 -4.1902e+00 +4.8048e+00 -3.8675e+00 +3.9473e+00 +5.0000e+00 -5.0000e+00 +5.0000e+00 +5.0000e+00 +5.0000e+00 +5.0000e+00 +5.0000e+00 +5.0000e+00 -5.0000e+00 -4.3420e+00 +4.9995e+00 -5.0000e+00 -5.0000e+00 +4.3227e+00 -5.0000e+00
376 +7.944343879e+00 +7.944343879e+00 +4.143438792e-01 +4.143438792e-01 +4.4738e+00 -3.7038e+00 +5.0000e+00 -5.0000e+00 +3.1784e+00 +5.0000e+00 -5.0000e+00 +5.0000e+00 +5.0000e+00 +5.0000e+00 +5.0000e+00 +5.0000e+00 +4.9951e+00 -5.0000e+00 -5.0000e+00 +4.9930e+00 -5.0000e+00 -5.0000e+00 +4.6689e+00 -5.0000e+00
401 +5.734347608e+00 +5.734347608e+00 -1.795652392e+00 -1.795652392e+00 +4.0469e+00 -3.2290e+00 +5.0000e+00 -4.5407e+00 +3.7231e+00 +5.0000e+00 -5.0000e+00 +5.0000e+00 +5.0000e+00 +5.0000e+00 +5.0000e+00 +5.0000e+00 +4.9964e+00 -5.0000e+00 -5.0000e+00 +4.9947e+00 -5.0000e+00 -5.0000e+00 +5.0000e+00 -5.0000e+00
421 +3.324779102e+00 +3.324779102e+00 -4.205220898e+00 -4.205220898e+00 +4.1095e+00 -5.0000e+00 +5.0000e+00 -4.0697e+00 +5.0000e+00 +5.0000e+00 -5.0000e+00 +5.0000e+00 +5.0000e+00 +5.0000e+00 +5.0000e+00 +5.0000e+00 +4.9885e+00 -5.0000e+00 -5.0000e+00 +4.9957e+00 -5.0000e+00 -5.0000e+00 +4.8848e+00 -5.0000e+00
442 +1.553171017e+00 +1.553171017e+00 -5.976828983e+00 -5.976828983e+00 +4.3041e+00 -4.3629e+00 +5.0000e+00 -4.9525e+00 +5.0000e+00 +5.0000e+00 -5.0000e+00 +5.0000e+00 +5.0000e+00 +5.0000e+00 +5.0000e+00 +5.0000e+00 +4.9953e+00 -5.0000e+00 -5.0000e+00 +4.9919e+00 -5.0000e+00 -5.0000e+00 +5.0000e+00 -5.0000e+00
466 +1.172224547e-01 +1.172224547e-01 -7.412777545e+00 -7.412777545e+00 +5.0000e+00 -5.0000e+00 +5.0000e+00 -5.0000e+00 +5.0000e+00 +5.0000e+00 -5.0000e+00 +5.0000e+00 +5.0000e+00 +5.0000e+00 +5.0000e+00 +5.0000e+00 +4.9852e+00 -5.0000e+00 -5.0000e+00 +4.9913e+00 -5.0000e+00 -5.0000e+00 +5.0000e+00 -5.0000e+00
539 +8.686492415e-02 +8.686492415e-02 -7.443135076e+00 -7.443135076e+00 +5.0000e+00 -5.0000e+00 +5.0000e+00 -5.0000e+00 +5.0000e+00 +5.0000e+00 -5.0000e+00 +5.0000e+00 +5.0000e+00 +5.0000e+00 +5.0000e+00 +5.0000e+00 +4.9980e+00 -5.0000e+00 -5.0000e+00 +4.9873e+00 -5.0000e+00 -5.0000e+00 +5.0000e+00 -5.0000e+00
567 +5.504889129e-02 +5.504889129e-02 -7.474951109e+00 -7.474951109e+00 +5.0000e+00 -5.0000e+00 +5.0000e+00 -5.0000e+00 +5.0000e+00 +5.0000e+00 -5.0000e+00 +5.0000e+00 +5.0000e+00 +5.0000e+00 +5.0000e+00 +5.0000e+00 +4.9980e+00 -5.0000e+00 -5.0000e+00 +4.9925e+00 -5.0000e+00 -5.0000e+00 +5.0000e+00 -5.0000e+00
603 +3.764019569e-02 +3.764019569e-02 -7.492359804e+00 -7.492359804e+00 +5.0000e+00 -5.0000e+00 +5.0000e+00 -5.0000e+00 +5.0000e+00 +5.0000e+00 -5.0000e+00 +5.0000e+00 +5.0000e+00 +5.0000e+00 +5.0000e+00 +5.0000e+00 +5.0000e+00 -5.0000e+00 -5.0000e+00 +4.9939e+00 -5.0000e+00 -5.0000e+00 +5.0000e+00 -5.0000e+00
641 +1.673043911e-02 +1.673043911e-02 -7.513269561e+00 -7.513269561e+00 +5.0000e+00 -5.0000e+00 +5.0000e+00 -5.0000e+00 +5.0000e+00 +5.0000e+00 -5.0000e+00 +5.0000e+00 +5.0000e+00 +5.0000e+00 +5.0000e+00 +5.0000e+00 +5.0000e+00 -5.0000e+00 -5.0000e+00 +4.9973e+00 -5.0000e+00 -5.0000e+00 +5.0000e+00 -5.0000e+00
643 +2.753353101e-14 +2.753353101e-14 -7.530000000e+00 -7.530000000e+00 +5.0000e+00 -5.0000e+00 +5.0000e+00 -5.0000e+00 +5.0000e+00 +5.0000e+00 -5.0000e+00 +5.0000e+00 +5.0000e+00 +5.0000e+00 +5.0000e+00 +5.0000e+00 +5.0000e+00 -5.0000e+00 -5.0000e+00 +5.0000e+00 -5.0000e+00 -5.0000e+00 +5.0000e+00 -5.0000e+00
