% function evaluation | noise-free fitness - Fopt (-5.465000000000e+02) | best noise-free fitness - Fopt | measured fitness | best measured fitness | x1 | x2...
1 +9.683443610e+04 +9.683443610e+04 +9.628793610e+04 +9.628793610e+04 -3.2854e+00 +3.2374e+00 -4.5013e+00
2 +8.539823890e+03 +8.539823890e+03 +7.993323890e+03 +7.993323890e+03 -2.1433e+00 +4.8971e+00 +1.7040e+00
4 +3.821972837e+00 +3.821972837e+00 -5.426780272e+02 -5.426780272e+02 +6.1861e-03 +4.5955e-01 +1.3025e+00
143 +2.355778007e+00 +2.355778007e+00 -5.441442220e+02 -5.441442220e+02 -2.0669e+00 +0.0000e+00 +2.1266e+00
250 +1.379881537e+00 +1.379881537e+00 -5.451201185e+02 -5.451201185e+02 -1.9124e+00 +1.8541e-01 +2.5504e+00
684 +5.585438944e-01 +5.585438944e-01 -5.459414561e+02 -5.459414561e+02 -2.0380e+00 +9.4978e-02 +2.5844e+00
1841 +3.977722005e-01 +3.977722005e-01 -5.461022278e+02 -5.461022278e+02 -2.1010e+00 +7.8462e-02 +2.6125e+00
3390 +1.268228842e-01 +1.268228842e-01 -5.463731771e+02 -5.463731771e+02 -2.0435e+00 +2.0862e+00 +2.1141e+00
4706 +6.946856307e-02 +6.946856307e-02 -5.464305314e+02 -5.464305314e+02 -2.1218e+00 +2.1098e+00 +2.1225e+00
5767 +1.089147964e-02 +1.089147964e-02 -5.464891085e+02 -5.464891085e+02 -2.1172e+00 +2.1006e+00 +2.0989e+00
6394 +6.048945903e-03 +6.048945903e-03 -5.464939511e+02 -5.464939511e+02 -2.1173e+00 +2.1091e+00 +2.1021e+00
6914 +3.425648793e-03 +3.425648793e-03 -5.464965744e+02 -5.464965744e+02 -2.0915e+00 +2.1110e+00 +2.1035e+00
7059 +1.625264464e-03 +1.625264464e-03 -5.464983747e+02 -5.464983747e+02 -2.1042e+00 +2.1023e+00 +2.1028e+00
7527 +1.325948005e-03 +1.325948005e-03 -5.464986741e+02 -5.464986741e+02 -2.1113e+00 +2.1022e+00 +2.1073e+00
7586 +7.840119515e-04 +7.840119515e-04 -5.464992160e+02 -5.464992160e+02 -2.1093e+00 +2.1022e+00 +2.1069e+00
7594 +5.297631457e-04 +5.297631457e-04 -5.464994702e+02 -5.464994702e+02 -2.1043e+00 +2.1043e+00 +2.1032e+00
7727 +2.817813829e-04 +2.817813829e-04 -5.464997182e+02 -5.464997182e+02 -2.1038e+00 +2.1045e+00 +2.1061e+00
8059 +6.867121203e-05 +6.867121203e-05 -5.464999313e+02 -5.464999313e+02 -2.1059e+00 +2.1037e+00 +2.1053e+00
8127 +3.653101226e-05 +3.653101226e-05 -5.464999635e+02 -5.464999635e+02 -2.1057e+00 +2.1040e+00 +2.1050e+00
8786 +2.135726515e-05 +2.135726515e-05 -5.464999786e+02 -5.464999786e+02 -2.1048e+00 +2.1042e+00 +2.1050e+00
9066 +1.001299290e-05 +1.001299290e-05 -5.464999900e+02 -5.464999900e+02 -2.1044e+00 +2.1052e+00 +2.1049e+00
9099 +5.028782539e-06 +5.028782539e-06 -5.464999950e+02 -5.464999950e+02 -2.1049e+00 +2.1045e+00 +2.1049e+00
9186 +2.310476134e-06 +2.310476134e-06 -5.464999977e+02 -5.464999977e+02 -2.1047e+00 +2.1048e+00 +2.1048e+00
9247 +7.224502951e-07 +7.224502951e-07 -5.464999993e+02 -5.464999993e+02 -2.1046e+00 +2.1049e+00 +2.1048e+00
9746 +2.028143626e-07 +2.028143626e-07 -5.464999998e+02 -5.464999998e+02 -2.1048e+00 +2.1049e+00 +2.1048e+00
10127 +7.777248356e-08 +7.777248356e-08 -5.464999999e+02 -5.464999999e+02 -2.1048e+00 +2.1049e+00 +2.1048e+00
10386 +3.884667876e-08 +3.884667876e-08 -5.465000000e+02 -5.465000000e+02 -2.1048e+00 +2.1048e+00 +2.1048e+00
10874 +2.038621005e-08 +2.038621005e-08 -5.465000000e+02 -5.465000000e+02 -2.1049e+00 +2.1048e+00 +2.1048e+00
11087 +1.562523266e-08 +1.562523266e-08 -5.465000000e+02 -5.465000000e+02 -2.1048e+00 +2.1049e+00 +2.1048e+00
11514 +7.428297977e-09 +7.428297977e-09 -5.465000000e+02 -5.465000000e+02 -2.1049e+00 +2.1049e+00 +2.1048e+00
% function evaluation | noise-free fitness - Fopt (1.000000000000e+03) | best noise-free fitness - Fopt | measured fitness | best measured fitness | x1 | x2...
1 +4.719004485e+03 +4.719004485e+03 +5.719004485e+03 +5.719004485e+03 +3.0170e+00 -3.6821e-01 -4.1613e-01
4 +1.729343429e+03 +1.729343429e+03 +2.729343429e+03 +2.729343429e+03 +3.1859e+00 -2.6550e-01 -2.3672e+00
16 +1.146946681e+03 +1.146946681e+03 +2.146946681e+03 +2.146946681e+03 -1.5733e+00 -1.3023e+00 -2.7327e+00
24 +5.032393017e+02 +5.032393017e+02 +1.503239302e+03 +1.503239302e+03 -1.5241e+00 +3.1021e+00 -1.8488e+00
25 +3.894517258e+02 +3.894517258e+02 +1.389451726e+03 +1.389451726e+03 +5.7847e-02 +2.6115e+00 -2.4149e+00
47 +1.648595030e+02 +1.648595030e+02 +1.164859503e+03 +1.164859503e+03 +1.8267e+00 +9.4987e-01 -2.7189e+00
62 +3.239883202e+01 +3.239883202e+01 +1.032398832e+03 +1.032398832e+03 +8.6708e-01 +1.0402e-01 -1.7312e+00
66 +2.344972009e+01 +2.344972009e+01 +1.023449720e+03 +1.023449720e+03 -1.1421e+00 +1.4695e+00 -7.3477e-01
68 +6.165218252e+00 +6.165218252e+00 +1.006165218e+03 +1.006165218e+03 +1.9898e+00 +1.7222e+00 -1.2043e+00
105 +3.094906169e+00 +3.094906169e+00 +1.003094906e+03 +1.003094906e+03 +1.6621e+00 +1.9003e+00 -9.5413e-01
149 +1.597163916e+00 +1.597163916e+00 +1.001597164e+03 +1.001597164e+03 +1.3833e+00 +3.7540e-01 -2.5111e+00
1101 +5.417065180e-01 +5.417065180e-01 +1.000541707e+03 +1.000541707e+03 +1.5868e+00 +3.0131e+00 -1.8617e+00
3393 +3.979760543e-01 +3.979760543e-01 +1.000397976e+03 +1.000397976e+03 +1.5094e+00 +3.0157e+00 -1.8762e+00
% function evaluation | noise-free fitness - Fopt (2.083800000000e+02) | best noise-free fitness - Fopt | measured fitness | best measured fitness | x1 | x2...
1 +1.188159556e+04 +1.188159556e+04 +1.208997556e+04 +1.208997556e+04 -4.8708e+00 +4.3791e+00 -8.6988e-02
10 +4.419656157e+02 +4.419656157e+02 +6.503456157e+02 +6.503456157e+02 -3.5216e-01 +3.3551e+00 +1.0408e+00
18 +3.541942362e+00 +3.541942362e+00 +2.119219424e+02 +2.119219424e+02 -2.2700e-01 +2.0941e+00 +1.7624e+00
71 +1.980385354e+00 +1.980385354e+00 +2.103603854e+02 +2.103603854e+02 -4.7859e-03 +5.5757e-01 +2.5179e+00
694 +1.481148112e+00 +1.481148112e+00 +2.098611481e+02 +2.098611481e+02 -2.0310e+00 +9.0633e-01 +2.4104e+00
1425 +9.537960455e-01 +9.537960455e-01 +2.093337960e+02 +2.093337960e+02 -1.0749e+00 +2.3527e+00 +2.0104e+00
2736 +5.698657843e-01 +5.698657843e-01 +2.089498658e+02 +2.089498658e+02 -2.2850e+00 +2.0317e+00 +2.1159e+00
2990 +2.721775601e-01 +2.721775601e-01 +2.086521776e+02 +2.086521776e+02 -2.0956e+00 +2.1772e+00 +2.0773e+00
3148 +6.887554474e-02 +6.887554474e-02 +2.084488755e+02 +2.084488755e+02 -2.1240e+00 +2.0795e+00 +2.0956e+00
3208 +5.869972353e-02 +5.869972353e-02 +2.084386997e+02 +2.084386997e+02 -2.0707e+00 +2.0862e+00 +2.1108e+00
3528 +3.557645222e-02 +3.557645222e-02 +2.084155765e+02 +2.084155765e+02 -2.0822e+00 +2.0934e+00 +2.0994e+00
3768 +1.924585251e-02 +1.924585251e-02 +2.083992459e+02 +2.083992459e+02 -2.1162e+00 +2.0846e+00 +2.1074e+00
3902 +2.530037081e-03 +2.530037081e-03 +2.083825300e+02 +2.083825300e+02 -2.1161e+00 +2.1016e+00 +2.1042e+00
4148 +7.010748685e-04 +7.010748685e-04 +2.083807011e+02 +2.083807011e+02 -2.1044e+00 +2.1077e+00 +2.1028e+00
4182 +5.242870753e-04 +5.242870753e-04 +2.083805243e+02 +2.083805243e+02 -2.1004e+00 +2.1043e+00 +2.1044e+00
4928 +3.780421837e-04 +3.780421837e-04 +2.083803780e+02 +2.083803780e+02 -2.1004e+00 +2.1053e+00 +2.1051e+00
5088 +2.413627146e-04 +2.413627146e-04 +2.083802414e+02 +2.083802414e+02 -2.1022e+00 +2.1053e+00 +2.1056e+00
5156 +1.526432872e-04 +1.526432872e-04 +2.083801526e+02 +2.083801526e+02 -2.1034e+00 +2.1056e+00 +2.1038e+00
5507 +6.118510564e-05 +6.118510564e-05 +2.083800612e+02 +2.083800612e+02 -2.1030e+00 +2.1054e+00 +2.1048e+00
5710 +2.443788966e-05 +2.443788966e-05 +2.083800244e+02 +2.083800244e+02 -2.1045e+00 +2.1044e+00 +2.1047e+00
5907 +1.230872533e-05 +1.230872533e-05 +2.083800123e+02 +2.083800123e+02 -2.1043e+00 +2.1050e+00 +2.1050e+00
5987 +9.763145982e-06 +9.763145982e-06 +2.083800098e+02 +2.083800098e+02 -2.1041e+00 +2.1051e+00 +2.1048e+00
6307 +6.289461908e-06 +6.289461908e-06 +2.083800063e+02 +2.083800063e+02 -2.1043e+00 +2.1050e+00 +2.1049e+00
6942 +3.514451350e-06 +3.514451350e-06 +2.083800035e+02 +2.083800035e+02 -2.1045e+00 +2.1048e+00 +2.1048e+00
6957 +1.652723682e-06 +1.652723682e-06 +2.083800017e+02 +2.083800017e+02 -2.1046e+00 +2.1050e+00 +2.1048e+00
6979 +1.238600476e-06 +1.238600476e-06 +2.083800012e+02 +2.083800012e+02 -2.1047e+00 +2.1048e+00 +2.1048e+00
7059 +5.520531090e-07 +5.520531090e-07 +2.083800006e+02 +2.083800006e+02 -2.1049e+00 +2.1049e+00 +2.1048e+00
7339 +2.736745159e-07 +2.736745159e-07 +2.083800003e+02 +2.083800003e+02 -2.1049e+00 +2.1049e+00 +2.1048e+00
7382 +1.684862809e-07 +1.684862809e-07 +2.083800002e+02 +2.083800002e+02 -2.1049e+00 +2.1048e+00 +2.1048e+00
7422 +9.386397437e-08 +9.386397437e-08 +2.083800001e+02 +2.083800001e+02 -2.1049e+00 +2.1048e+00 +2.1048e+00
7507 +9.267381529e-09 +9.267381529e-09 +2.083800000e+02 +2.083800000e+02 -2.1048e+00 +2.1049e+00 +2.1048e+00
% function evaluation | noise-free fitness - Fopt (-1.449600000000e+02) | best noise-free fitness - Fopt | measured fitness | best measured fitness | x1 | x2...
1 +1.964994572e+04 +1.964994572e+04 +1.950498572e+04 +1.950498572e+04 -2.6653e+00 +4.4208e+00 -4.4546e+00
3 +1.015666898e+04 +1.015666898e+04 +1.001170898e+04 +1.001170898e+04 -1.1927e+00 -3.7745e-01 -4.2552e+00
4 +4.323269703e+00 +4.323269703e+00 -1.406367303e+02 -1.406367303e+02 -2.4405e+00 -2.1780e+00 -1.3173e+00
58 +3.538303902e+00 +3.538303902e+00 -1.414216961e+02 -1.414216961e+02 -2.0023e+00 -6.1487e-01 -1.1987e+00
303 +2.355272527e+00 +2.355272527e+00 -1.426047275e+02 -1.426047275e+02 -9.9234e-01 -1.0335e+00 -2.3595e+00
1073 +1.382237895e+00 +1.382237895e+00 -1.435777621e+02 -1.435777621e+02 -9.4403e-01 -2.4496e+00 -8.8404e-01
1613 +8.322345463e-01 +8.322345463e-01 -1.441277655e+02 -1.441277655e+02 -2.2536e+00 -1.9771e+00 -2.1563e+00
2159 +5.774455140e-01 +5.774455140e-01 -1.443825545e+02 -1.443825545e+02 -2.0621e+00 -2.1882e+00 -2.0428e+00
2559 +3.496413771e-01 +3.496413771e-01 -1.446103586e+02 -1.446103586e+02 -2.0368e+00 -2.1507e+00 -2.0558e+00
2606 +2.176084187e-01 +2.176084187e-01 -1.447423916e+02 -1.447423916e+02 -2.0224e+00 -2.1679e+00 -2.0969e+00
2886 +3.099769902e-02 +3.099769902e-02 -1.449290023e+02 -1.449290023e+02 -2.1264e+00 -2.1164e+00 -2.0951e+00
3195 +3.048979528e-03 +3.048979528e-03 -1.449569510e+02 -1.449569510e+02 -2.1176e+00 -2.1040e+00 -2.1049e+00
4044 +2.335285095e-03 +2.335285095e-03 -1.449576647e+02 -1.449576647e+02 -2.0983e+00 -2.1011e+00 -2.1065e+00
4235 +7.954745298e-04 +7.954745298e-04 -1.449592045e+02 -1.449592045e+02 -2.1108e+00 -2.1019e+00 -2.1048e+00
4593 +5.721165525e-04 +5.721165525e-04 -1.449594279e+02 -1.449594279e+02 -2.1104e+00 -2.1034e+00 -2.1047e+00
4793 +2.246330362e-05 +2.246330362e-05 -1.449599775e+02 -1.449599775e+02 -2.1051e+00 -2.1049e+00 -2.1045e+00
5280 +6.138827786e-06 +6.138827786e-06 -1.449599939e+02 -1.449599939e+02 -2.1045e+00 -2.1052e+00 -2.1047e+00
5699 +3.939397345e-06 +3.939397345e-06 -1.449599961e+02 -1.449599961e+02 -2.1051e+00 -2.1050e+00 -2.1048e+00
6204 +2.510529526e-06 +2.510529526e-06 -1.449599975e+02 -1.449599975e+02 -2.1048e+00 -2.1049e+00 -2.1047e+00
6284 +1.017682564e-06 +1.017682564e-06 -1.449599990e+02 -1.449599990e+02 -2.1049e+00 -2.1050e+00 -2.1048e+00
6604 +9.992254206e-07 +9.992254206e-07 -1.449599990e+02 -1.449599990e+02 -2.1048e+00 -2.1050e+00 -2.1048e+00
6947 +5.369006146e-07 +5.369006146e-07 -1.449599995e+02 -1.449599995e+02 -2.1048e+00 -2.1049e+00 -2.1049e+00
6993 +3.315065271e-07 +3.315065271e-07 -1.449599997e+02 -1.449599997e+02 -2.1048e+00 -2.1048e+00 -2.1049e+00
7044 +4.107667451e-08 +4.107667451e-08 -1.449600000e+02 -1.449600000e+02 -2.1048e+00 -2.1048e+00 -2.1048e+00
7346 +3.706364282e-08 +3.706364282e-08 -1.449600000e+02 -1.449600000e+02 -2.1048e+00 -2.1048e+00 -2.1048e+00
7426 +7.891713949e-09 +7.891713949e-09 -1.449600000e+02 -1.449600000e+02 -2.1048e+00 -2.1049e+00 -2.1048e+00
% function evaluation | noise-free fitness - Fopt (-6.300000000000e+00) | best noise-free fitness - Fopt | measured fitness | best measured fitness | x1 | x2...
1 +4.323507405e+04 +4.323507405e+04 +4.322877405e+04 +4.322877405e+04 -2.8373e+00 +2.3780e+00 +1.0057e+00
2 +4.261769713e+02 +4.261769713e+02 +4.198769713e+02 +4.198769713e+02 +2.1140e+00 +7.8661e-01 -1.0936e+00
16 +4.707027950e+00 +4.707027950e+00 -1.592972050e+00 -1.592972050e+00 +3.0272e-01 -1.3259e+00 -2.1506e+00
69 +3.595234995e+00 +3.595234995e+00 -2.704765005e+00 -2.704765005e+00 +1.8711e+00 -9.6208e-02 -2.4009e+00
336 +1.852340685e+00 +1.852340685e+00 -4.447659315e+00 -4.447659315e+00 +2.1268e+00 -4.6766e-01 -1.3818e+00
486 +2.399488735e-01 +2.399488735e-01 -6.060051126e+00 -6.060051126e+00 +2.1650e+00 -2.0720e+00 -2.1443e+00
1305 +1.142719858e-01 +1.142719858e-01 -6.185728014e+00 -6.185728014e+00 +2.0937e+00 -2.0718e+00 -2.1294e+00
1541 +1.181505387e-02 +1.181505387e-02 -6.288184946e+00 -6.288184946e+00 +2.0998e+00 -2.1202e+00 -2.1032e+00
2619 +5.760075475e-03 +5.760075475e-03 -6.294239925e+00 -6.294239925e+00 +2.1178e+00 -2.1074e+00 -2.1016e+00
2851 +3.022280715e-03 +3.022280715e-03 -6.296977719e+00 -6.296977719e+00 +2.0953e+00 -2.1121e+00 -2.1018e+00
2913 +5.517296697e-04 +5.517296697e-04 -6.299448270e+00 -6.299448270e+00 +2.1028e+00 -2.1084e+00 -2.1039e+00
2993 +5.270511973e-05 +5.270511973e-05 -6.299947295e+00 -6.299947295e+00 +2.1036e+00 -2.1049e+00 -2.1052e+00
3891 +3.934802420e-05 +3.934802420e-05 -6.299960652e+00 -6.299960652e+00 +2.1057e+00 -2.1051e+00 -2.1051e+00
3971 +2.258756804e-05 +2.258756804e-05 -6.299977412e+00 -6.299977412e+00 +2.1055e+00 -2.1051e+00 -2.1050e+00
4164 +5.056283415e-06 +5.056283415e-06 -6.299994944e+00 -6.299994944e+00 +2.1047e+00 -2.1050e+00 -2.1050e+00
4400 +3.886600200e-06 +3.886600200e-06 -6.299996113e+00 -6.299996113e+00 +2.1044e+00 -2.1049e+00 -2.1049e+00
4619 +2.309377289e-06 +2.309377289e-06 -6.299997691e+00 -6.299997691e+00 +2.1046e+00 -2.1049e+00 -2.1048e+00
4680 +1.529893826e-06 +1.529893826e-06 -6.299998470e+00 -6.299998470e+00 +2.1046e+00 -2.1049e+00 -2.1049e+00
5000 +6.794193235e-07 +6.794193235e-07 -6.299999321e+00 -6.299999321e+00 +2.1049e+00 -2.1047e+00 -2.1049e+00
5273 +3.610030799e-07 +3.610030799e-07 -6.299999639e+00 -6.299999639e+00 +2.1048e+00 -2.1048e+00 -2.1049e+00
5320 +6.798567131e-08 +6.798567131e-08 -6.299999932e+00 -6.299999932e+00 +2.1048e+00 -2.1049e+00 -2.1049e+00
5560 +4.876467674e-08 +4.876467674e-08 -6.299999951e+00 -6.299999951e+00 +2.1048e+00 -2.1049e+00 -2.1048e+00
5779 +3.782308156e-08 +3.782308156e-08 -6.299999962e+00 -6.299999962e+00 +2.1049e+00 -2.1048e+00 -2.1048e+00
5800 +1.633210189e-08 +1.633210189e-08 -6.299999984e+00 -6.299999984e+00 +2.1048e+00 -2.1048e+00 -2.1048e+00
5880 +1.047689224e-08 +1.047689224e-08 -6.299999990e+00 -6.299999990e+00 +2.1048e+00 -2.1048e+00 -2.1048e+00
6000 +5.102242184e-09 +5.102242184e-09 -6.299999995e+00 -6.299999995e+00 +2.1048e+00 -2.1049e+00 -2.1048e+00
% function evaluation | noise-free fitness - Fopt (-2.206000000000e+01) | best noise-free fitness - Fopt | measured fitness | best measured fitness | x1 | x2...
1 +8.108831855e+04 +8.108831855e+04 +8.106625855e+04 +8.106625855e+04 +2.4159e-01 -6.7333e-01 +3.1437e+00
2 +2.447578282e+04 +2.447578282e+04 +2.445372282e+04 +2.445372282e+04 +4.0394e+00 +1.9539e+00 +1.7374e+00
6 +3.036094703e+03 +3.036094703e+03 +3.014034703e+03 +3.014034703e+03 -3.2285e+00 -6.4366e-01 -1.9032e+00
13 +9.889533798e+02 +9.889533798e+02 +9.668933798e+02 +9.668933798e+02 +9.8457e-01 -1.0878e+00 -2.5795e+00
25 +1.181119261e+02 +1.181119261e+02 +9.605192610e+01 +9.605192610e+01 -2.0318e+00 +2.4978e-01 -1.5095e+00
42 +6.199021018e+00 +6.199021018e+00 -1.586097898e+01 -1.586097898e+01 -9.6062e-01 +3.0916e+00 -1.9881e+00
60 +3.213827019e+00 +3.213827019e+00 -1.884617298e+01 -1.884617298e+01 +1.8868e+00 +5.9154e-01 -1.5634e+00
68 +2.486789895e+00 +2.486789895e+00 -1.957321011e+01 -1.957321011e+01 +4.7475e-02 +2.5905e+00 -1.5937e+00
519 +1.486041345e+00 +1.486041345e+00 -2.057395865e+01 -2.057395865e+01 -5.4378e-01 +2.6837e+00 -1.9768e+00
825 +9.421601682e-01 +9.421601682e-01 -2.111783983e+01 -2.111783983e+01 +2.3381e+00 +2.0021e+00 -2.1330e+00
2068 +2.696811224e-01 +2.696811224e-01 -2.179031888e+01 -2.179031888e+01 +2.1287e+00 +2.0797e+00 -2.1493e+00
2889 +1.989336683e-02 +1.989336683e-02 -2.204010663e+01 -2.204010663e+01 +2.1331e+00 +2.1029e+00 -2.1108e+00
3570 +1.186635695e-02 +1.186635695e-02 -2.204813364e+01 -2.204813364e+01 +2.0967e+00 +2.1113e+00 -2.1108e+00
3725 +5.759342117e-03 +5.759342117e-03 -2.205424066e+01 -2.205424066e+01 +2.0882e+00 +2.1135e+00 -2.1031e+00
4209 +3.462689177e-03 +3.462689177e-03 -2.205653731e+01 -2.205653731e+01 +2.1092e+00 +2.1036e+00 -2.1008e+00
4250 +6.310926470e-04 +6.310926470e-04 -2.205936891e+01 -2.205936891e+01 +2.0989e+00 +2.1071e+00 -2.1041e+00
4410 +5.892337694e-04 +5.892337694e-04 -2.205941077e+01 -2.205941077e+01 +2.0992e+00 +2.1071e+00 -2.1045e+00
4793 +2.235285692e-04 +2.235285692e-04 -2.205977647e+01 -2.205977647e+01 +2.1022e+00 +2.1058e+00 -2.1038e+00
4890 +1.450738664e-04 +1.450738664e-04 -2.205985493e+01 -2.205985493e+01 +2.1028e+00 +2.1051e+00 -2.1054e+00
5210 +9.531872098e-05 +9.531872098e-05 -2.205990468e+01 -2.205990468e+01 +2.1026e+00 +2.1052e+00 -2.1049e+00
5730 +4.469984258e-05 +4.469984258e-05 -2.205995530e+01 -2.205995530e+01 +2.1035e+00 +2.1057e+00 -2.1045e+00
5890 +3.621761576e-05 +3.621761576e-05 -2.205996378e+01 -2.205996378e+01 +2.1047e+00 +2.1057e+00 -2.1046e+00
5953 +9.214873234e-06 +9.214873234e-06 -2.205999079e+01 -2.205999079e+01 +2.1047e+00 +2.1049e+00 -2.1046e+00
6450 +2.271518035e-06 +2.271518035e-06 -2.205999773e+01 -2.205999773e+01 +2.1046e+00 +2.1051e+00 -2.1048e+00
6685 +7.482355500e-07 +7.482355500e-07 -2.205999925e+01 -2.205999925e+01 +2.1049e+00 +2.1049e+00 -2.1048e+00
6970 +6.012140759e-07 +6.012140759e-07 -2.205999940e+01 -2.205999940e+01 +2.1049e+00 +2.1049e+00 -2.1048e+00
7130 +3.800814206e-07 +3.800814206e-07 -2.205999962e+01 -2.205999962e+01 +2.1049e+00 +2.1048e+00 -2.1048e+00
7170 +1.951690898e-07 +1.951690898e-07 -2.205999980e+01 -2.205999980e+01 +2.1049e+00 +2.1049e+00 -2.1048e+00
7370 +1.533777549e-07 +1.533777549e-07 -2.205999985e+01 -2.205999985e+01 +2.1049e+00 +2.1049e+00 -2.1048e+00
7713 +8.598944845e-08 +8.598944845e-08 -2.205999991e+01 -2.205999991e+01 +2.1048e+00 +2.1049e+00 -2.1048e+00
7725 +5.416187676e-08 +5.416187676e-08 -2.205999995e+01 -2.205999995e+01 +2.1048e+00 +2.1049e+00 -2.1048e+00
7810 +2.302697766e-08 +2.302697766e-08 -2.205999998e+01 -2.205999998e+01 +2.1048e+00 +2.1049e+00 -2.1048e+00
8251 +1.396488969e-08 +1.396488969e-08 -2.205999999e+01 -2.205999999e+01 +2.1048e+00 +2.1049e+00 -2.1048e+00
8393 +7.166878646e-09 +7.166878646e-09 -2.205999999e+01 -2.205999999e+01 +2.1048e+00 +2.1049e+00 -2.1048e+00
% function evaluation | noise-free fitness - Fopt (7.129000000000e+01) | best noise-free fitness - Fopt | measured fitness | best measured fitness | x1 | x2...
1 +1.835001171e+05 +1.835001171e+05 +1.835714071e+05 +1.835714071e+05 +2.4381e+00 -1.9098e+00 -4.9660e+00
2 +2.187688811e+04 +2.187688811e+04 +2.194817811e+04 +2.194817811e+04 -3.9969e+00 -4.9751e+00 +2.0448e+00
5 +8.341933030e+03 +8.341933030e+03 +8.413223030e+03 +8.413223030e+03 -3.3126e+00 +4.5513e+00 +1.9155e-01
9 +1.626540816e+03 +1.626540816e+03 +1.697830816e+03 +1.697830816e+03 +4.4587e+00 +4.2342e+00 +1.1839e+00
14 +8.544213635e+00 +8.544213635e+00 +7.983421363e+01 +7.983421363e+01 +1.1561e+00 +3.1886e+00 +1.0890e+00
28 +2.540771628e+00 +2.540771628e+00 +7.383077163e+01 +7.383077163e+01 -1.9627e+00 +2.3691e+00 +2.0164e+00
186 +2.493012739e+00 +2.493012739e+00 +7.378301274e+01 +7.378301274e+01 +0.0000e+00 +2.5732e+00 +1.6089e+00
365 +1.217180302e+00 +1.217180302e+00 +7.250718030e+01 +7.250718030e+01 +1.3908e+00 +2.9182e+00 +7.6093e-01
1364 +9.287124545e-01 +9.287124545e-01 +7.221871245e+01 +7.221871245e+01 +1.5165e+00 +3.1108e+00 +1.8421e+00
1857 +5.906841534e-01 +5.906841534e-01 +7.188068415e+01 +7.188068415e+01 +1.5147e+00 +3.0696e+00 +1.8568e+00
2172 +1.264049508e-01 +1.264049508e-01 +7.141640495e+01 +7.141640495e+01 -2.0197e+00 +2.1166e+00 +2.0983e+00
2691 +7.778068350e-03 +7.778068350e-03 +7.129777807e+01 +7.129777807e+01 -2.0956e+00 +2.1171e+00 +2.0993e+00
3371 +3.555527430e-03 +3.555527430e-03 +7.129355553e+01 +7.129355553e+01 -2.0979e+00 +2.0995e+00 +2.1069e+00
3811 +2.436620263e-03 +2.436620263e-03 +7.129243662e+01 +7.129243662e+01 -2.1166e+00 +2.1005e+00 +2.1056e+00
4291 +1.450424082e-03 +1.450424082e-03 +7.129145042e+01 +7.129145042e+01 -2.1069e+00 +2.1002e+00 +2.1043e+00
4486 +5.018879385e-04 +5.018879385e-04 +7.129050189e+01 +7.129050189e+01 -2.1092e+00 +2.1055e+00 +2.1051e+00
4846 +3.882867074e-05 +3.882867074e-05 +7.129003883e+01 +7.129003883e+01 -2.1040e+00 +2.1055e+00 +2.1050e+00
5997 +1.711144475e-05 +1.711144475e-05 +7.129001711e+01 +7.129001711e+01 -2.1039e+00 +2.1053e+00 +2.1047e+00
6117 +1.516218090e-05 +1.516218090e-05 +7.129001516e+01 +7.129001516e+01 -2.1040e+00 +2.1053e+00 +2.1048e+00
6637 +9.616273175e-06 +9.616273175e-06 +7.129000962e+01 +7.129000962e+01 -2.1041e+00 +2.1051e+00 +2.1048e+00
6931 +5.404589160e-06 +5.404589160e-06 +7.129000540e+01 +7.129000540e+01 -2.1052e+00 +2.1048e+00 +2.1050e+00
7077 +3.045086274e-06 +3.045086274e-06 +7.129000305e+01 +7.129000305e+01 -2.1052e+00 +2.1047e+00 +2.1049e+00
7277 +2.274472664e-06 +2.274472664e-06 +7.129000227e+01 +7.129000227e+01 -2.1048e+00 +2.1047e+00 +2.1049e+00
7757 +1.488297187e-06 +1.488297187e-06 +7.129000149e+01 +7.129000149e+01 -2.1049e+00 +2.1047e+00 +2.1049e+00
8477 +8.450198692e-07 +8.450198692e-07 +7.129000085e+01 +7.129000085e+01 -2.1049e+00 +2.1047e+00 +2.1049e+00
8852 +2.358582947e-07 +2.358582947e-07 +7.129000024e+01 +7.129000024e+01 -2.1048e+00 +2.1048e+00 +2.1049e+00
9172 +1.382723696e-07 +1.382723696e-07 +7.129000014e+01 +7.129000014e+01 -2.1048e+00 +2.1048e+00 +2.1049e+00
10226 +9.420061531e-08 +9.420061531e-08 +7.129000009e+01 +7.129000009e+01 -2.1049e+00 +2.1048e+00 +2.1049e+00
10586 +6.070069958e-08 +6.070069958e-08 +7.129000006e+01 +7.129000006e+01 -2.1049e+00 +2.1048e+00 +2.1049e+00
10917 +2.044528458e-08 +2.044528458e-08 +7.129000002e+01 +7.129000002e+01 -2.1048e+00 +2.1048e+00 +2.1048e+00
10932 +9.842580084e-09 +9.842580084e-09 +7.129000001e+01 +7.129000001e+01 -2.1048e+00 +2.1049e+00 +2.1048e+00
% function evaluation | noise-free fitness - Fopt (-1.054000000000e+01) | best noise-free fitness - Fopt | measured fitness | best measured fitness | x1 | x2...
1 +1.499909743e+04 +1.499909743e+04 +1.498855743e+04 +1.498855743e+04 -2.5469e+00 -7.7798e-01 +9.5598e-01
5 +7.664224345e+02 +7.664224345e+02 +7.558824345e+02 +7.558824345e+02 +3.6333e+00 -2.9204e-02 -2.9995e+00
11 +4.761406593e+00 +4.761406593e+00 -5.778593407e+00 -5.778593407e+00 +1.5631e+00 -1.5616e+00 -1.6273e+00
121 +3.937492088e+00 +3.937492088e+00 -6.602507912e+00 -6.602507912e+00 -1.1121e-01 -1.0328e+00 -2.2774e+00
134 +1.505056479e+00 +1.505056479e+00 -9.034943521e+00 -9.034943521e+00 +2.0835e+00 -5.2901e-01 -1.3570e+00
1189 +9.932241955e-01 +9.932241955e-01 -9.546775805e+00 -9.546775805e+00 +1.0075e+00 -2.4490e+00 -2.0276e+00
2584 +5.515696388e-01 +5.515696388e-01 -9.988430361e+00 -9.988430361e+00 +2.1456e+00 -2.1247e+00 -2.0446e+00
2880 +2.873478263e-01 +2.873478263e-01 -1.025265217e+01 -1.025265217e+01 +2.1853e+00 -2.0481e+00 -2.0934e+00
3009 +1.791005958e-01 +1.791005958e-01 -1.036089940e+01 -1.036089940e+01 +2.0471e+00 -2.1555e+00 -2.0742e+00
3368 +1.280164440e-01 +1.280164440e-01 -1.041198356e+01 -1.041198356e+01 +2.1239e+00 -2.1002e+00 -2.0788e+00
3449 +5.456274381e-02 +5.456274381e-02 -1.048543726e+01 -1.048543726e+01 +2.1203e+00 -2.1267e+00 -2.0898e+00
3569 +2.732000418e-02 +2.732000418e-02 -1.051268000e+01 -1.051268000e+01 +2.1324e+00 -2.1141e+00 -2.1044e+00
3608 +1.821888831e-03 +1.821888831e-03 -1.053817811e+01 -1.053817811e+01 +2.1080e+00 -2.1078e+00 -2.1064e+00
4068 +4.571229446e-04 +4.571229446e-04 -1.053954288e+01 -1.053954288e+01 +2.1034e+00 -2.1042e+00 -2.1065e+00
4457 +3.895097653e-04 +3.895097653e-04 -1.053961049e+01 -1.053961049e+01 +2.1003e+00 -2.1060e+00 -2.1051e+00
4617 +1.520582423e-04 +1.520582423e-04 -1.053984794e+01 -1.053984794e+01 +2.1073e+00 -2.1051e+00 -2.1050e+00
4737 +1.905584484e-05 +1.905584484e-05 -1.053998094e+01 -1.053998094e+01 +2.1044e+00 -2.1054e+00 -2.1049e+00
5177 +1.554723264e-05 +1.554723264e-05 -1.053998445e+01 -1.053998445e+01 +2.1043e+00 -2.1053e+00 -2.1049e+00
5257 +6.536913435e-06 +6.536913435e-06 -1.053999346e+01 -1.053999346e+01 +2.1046e+00 -2.1051e+00 -2.1049e+00
5561 +3.882493498e-06 +3.882493498e-06 -1.053999612e+01 -1.053999612e+01 +2.1046e+00 -2.1051e+00 -2.1047e+00
5881 +1.128803405e-06 +1.128803405e-06 -1.053999887e+01 -1.053999887e+01 +2.1047e+00 -2.1049e+00 -2.1048e+00
5897 +5.653770696e-07 +5.653770696e-07 -1.053999943e+01 -1.053999943e+01 +2.1050e+00 -2.1048e+00 -2.1048e+00
6121 +1.118364850e-07 +1.118364850e-07 -1.053999989e+01 -1.053999989e+01 +2.1049e+00 -2.1048e+00 -2.1048e+00
6201 +4.773833417e-08 +4.773833417e-08 -1.053999995e+01 -1.053999995e+01 +2.1048e+00 -2.1049e+00 -2.1048e+00
7161 +3.420173655e-08 +3.420173655e-08 -1.053999997e+01 -1.053999997e+01 +2.1049e+00 -2.1049e+00 -2.1048e+00
7401 +1.185489751e-08 +1.185489751e-08 -1.053999999e+01 -1.053999999e+01 +2.1048e+00 -2.1049e+00 -2.1048e+00
7561 +4.325663383e-09 +4.325663383e-09 -1.054000000e+01 -1.054000000e+01 +2.1048e+00 -2.1049e+00 -2.1048e+00
% function evaluation | noise-free fitness - Fopt (3.860100000000e+02) | best noise-free fitness - Fopt | measured fitness | best measured fitness | x1 | x2...
1 +4.886268452e+04 +4.886268452e+04 +4.924869452e+04 +4.924869452e+04 -2.3946e+00 +1.7742e-01 +2.2450e+00
3 +2.465461874e+04 +2.465461874e+04 +2.504062874e+04 +2.504062874e+04 -1.1705e+00 +4.0228e+00 -1.7839e+00
4 +1.099571806e+03 +1.099571806e+03 +1.485581806e+03 +1.485581806e+03 +1.3651e+00 -1.0752e+00 -3.8258e-01
10 +7.798145853e+02 +7.798145853e+02 +1.165824585e+03 +1.165824585e+03 -3.8921e+00 -3.3747e+00 -1.7323e+00
13 +2.794804880e+02 +2.794804880e+02 +6.654904880e+02 +6.654904880e+02 -3.0540e+00 -1.8605e+00 -2.4867e+00
23 +5.893973355e+01 +5.893973355e+01 +4.449497335e+02 +4.449497335e+02 +2.0852e+00 +4.2653e-01 -1.1613e+00
82 +4.793012077e+00 +4.793012077e+00 +3.908030121e+02 +3.908030121e+02 +1.4070e+00 -2.2021e+00 -1.8656e+00
112 +2.329321028e+00 +2.329321028e+00 +3.883393210e+02 +3.883393210e+02 +9.7717e-01 -2.2943e+00 -1.1629e+00
1155 +1.561235727e+00 +1.561235727e+00 +3.875712357e+02 +3.875712357e+02 +2.2648e+00 -2.2167e+00 -2.0958e+00
1514 +6.257720673e-01 +6.257720673e-01 +3.866357721e+02 +3.866357721e+02 +2.2090e+00 -2.1328e+00 -2.0551e+00
1538 +1.685168333e-01 +1.685168333e-01 +3.861785168e+02 +3.861785168e+02 +2.1083e+00 -2.0870e+00 -2.0787e+00
1714 +1.035761377e-01 +1.035761377e-01 +3.861135761e+02 +3.861135761e+02 +2.1163e+00 -2.1374e+00 -2.0823e+00
1834 +9.820034136e-02 +9.820034136e-02 +3.861082003e+02 +3.861082003e+02 +2.1139e+00 -2.0917e+00 -2.0847e+00
2354 +3.863069622e-02 +3.863069622e-02 +3.860486307e+02 +3.860486307e+02 +2.1113e+00 -2.1289e+00 -2.0946e+00
2467 +8.929379358e-03 +8.929379358e-03 +3.860189294e+02 +3.860189294e+02 +2.1096e+00 -2.1142e+00 -2.1065e+00
3067 +5.153246506e-03 +5.153246506e-03 +3.860151532e+02 +3.860151532e+02 +2.1135e+00 -2.0953e+00 -2.1047e+00
3123 +2.705187093e-03 +2.705187093e-03 +3.860127052e+02 +3.860127052e+02 +2.1152e+00 -2.0989e+00 -2.1050e+00
3387 +2.438762588e-03 +2.438762588e-03 +3.860124388e+02 +3.860124388e+02 +2.1121e+00 -2.0977e+00 -2.1072e+00
3467 +1.490201208e-03 +1.490201208e-03 +3.860114902e+02 +3.860114902e+02 +2.1118e+00 -2.1017e+00 -2.1075e+00
4107 +8.593797966e-04 +8.593797966e-04 +3.860108594e+02 +3.860108594e+02 +2.1114e+00 -2.1022e+00 -2.1062e+00
4224 +6.292717135e-04 +6.292717135e-04 +3.860106293e+02 +3.860106293e+02 +2.1089e+00 -2.1012e+00 -2.1058e+00
4314 +3.777567326e-04 +3.777567326e-04 +3.860103778e+02 +3.860103778e+02 +2.1090e+00 -2.1046e+00 -2.1054e+00
4427 +1.998448674e-04 +1.998448674e-04 +3.860101998e+02 +3.860101998e+02 +2.1072e+00 -2.1046e+00 -2.1057e+00
4474 +8.685890515e-05 +8.685890515e-05 +3.860100869e+02 +3.860100869e+02 +2.1070e+00 -2.1046e+00 -2.1050e+00
4514 +4.568749512e-05 +4.568749512e-05 +3.860100457e+02 +3.860100457e+02 +2.1056e+00 -2.1048e+00 -2.1053e+00
4674 +2.884101394e-05 +2.884101394e-05 +3.860100288e+02 +3.860100288e+02 +2.1061e+00 -2.1047e+00 -2.1048e+00
4834 +2.119826752e-05 +2.119826752e-05 +3.860100212e+02 +3.860100212e+02 +2.1057e+00 -2.1046e+00 -2.1047e+00
4984 +6.974361781e-06 +6.974361781e-06 +3.860100070e+02 +3.860100070e+02 +2.1047e+00 -2.1049e+00 -2.1046e+00
5074 +6.111282516e-06 +6.111282516e-06 +3.860100061e+02 +3.860100061e+02 +2.1044e+00 -2.1050e+00 -2.1047e+00
5274 +3.321309123e-06 +3.321309123e-06 +3.860100033e+02 +3.860100033e+02 +2.1046e+00 -2.1049e+00 -2.1047e+00
5354 +2.220089357e-06 +2.220089357e-06 +3.860100022e+02 +3.860100022e+02 +2.1047e+00 -2.1049e+00 -2.1047e+00
5536 +1.559428654e-06 +1.559428654e-06 +3.860100016e+02 +3.860100016e+02 +2.1048e+00 -2.1048e+00 -2.1048e+00
5873 +4.166170129e-07 +4.166170129e-07 +3.860100004e+02 +3.860100004e+02 +2.1047e+00 -2.1049e+00 -2.1048e+00
6074 +3.802554716e-07 +3.802554716e-07 +3.860100004e+02 +3.860100004e+02 +2.1047e+00 -2.1048e+00 -2.1048e+00
6274 +2.273696964e-07 +2.273696964e-07 +3.860100002e+02 +3.860100002e+02 +2.1047e+00 -2.1049e+00 -2.1049e+00
6527 +1.185610472e-07 +1.185610472e-07 +3.860100001e+02 +3.860100001e+02 +2.1048e+00 -2.1048e+00 -2.1048e+00
6536 +6.178311196e-08 +6.178311196e-08 +3.860100001e+02 +3.860100001e+02 +2.1048e+00 -2.1049e+00 -2.1048e+00
6856 +6.996401680e-09 +6.996401680e-09 +3.860100000e+02 +3.860100000e+02 +2.1049e+00 -2.1048e+00 -2.1048e+00
% function evaluation | noise-free fitness - Fopt (-1.257000000000e+01) | best noise-free fitness - Fopt | measured fitness | best measured fitness | x1 | x2...
1 +1.048475219e+05 +1.048475219e+05 +1.048349519e+05 +1.048349519e+05 -2.1147e+00 -3.2672e+00 +2.6508e+00
2 +2.596387108e+02 +2.596387108e+02 +2.470687108e+02 +2.470687108e+02 +1.9899e+00 +1.0572e+00 -2.7456e+00
27 +1.870145067e+02 +1.870145067e+02 +1.744445067e+02 +1.744445067e+02 -1.8414e-01 -2.9238e-01 -2.1868e+00
31 +1.500563478e+02 +1.500563478e+02 +1.374863478e+02 +1.374863478e+02 -3.1048e+00 +3.5782e+00 -1.1052e+00
60 +4.197388767e+00 +4.197388767e+00 -8.372611233e+00 -8.372611233e+00 -1.8887e+00 +5.0871e-01 -2.0921e+00
82 +3.830949181e+00 +3.830949181e+00 -8.739050819e+00 -8.739050819e+00 +9.8560e-02 +5.0565e-01 -2.0173e+00
361 +2.484107379e+00 +2.484107379e+00 -1.008589262e+01 -1.008589262e+01 +2.2093e+00 +1.4053e+00 -1.5947e+00
516 +1.530500600e+00 +1.530500600e+00 -1.103949940e+01 -1.103949940e+01 -1.5878e+00 +2.9834e+00 -1.5779e+00
3016 +7.913733729e-01 +7.913733729e-01 -1.177862663e+01 -1.177862663e+01 +2.0015e+00 +2.1094e+00 -9.2511e-01
3174 +5.488508112e-01 +5.488508112e-01 -1.202114919e+01 -1.202114919e+01 +2.0829e+00 +2.1139e+00 -9.2909e-01
4457 +3.976021412e-01 +3.976021412e-01 -1.217239786e+01 -1.217239786e+01 +2.1128e+00 +2.0971e+00 -9.6265e-01
5921 +1.665776085e-01 +1.665776085e-01 -1.240342239e+01 -1.240342239e+01 +2.0970e+00 +2.1320e+00 -2.1262e+00
6026 +1.070025918e-01 +1.070025918e-01 -1.246299741e+01 -1.246299741e+01 +2.0936e+00 +2.1267e+00 -2.0766e+00
6052 +6.642672577e-02 +6.642672577e-02 -1.250357327e+01 -1.250357327e+01 +2.1425e+00 +2.1057e+00 -2.0897e+00
6103 +5.934286647e-02 +5.934286647e-02 -1.251065713e+01 -1.251065713e+01 +2.1081e+00 +2.0769e+00 -2.1008e+00
6219 +9.860175551e-03 +9.860175551e-03 -1.256013982e+01 -1.256013982e+01 +2.1109e+00 +2.0901e+00 -2.1085e+00
6510 +4.696200311e-03 +4.696200311e-03 -1.256530380e+01 -1.256530380e+01 +2.1195e+00 +2.0998e+00 -2.1085e+00
7026 +3.040359488e-03 +3.040359488e-03 -1.256695964e+01 -1.256695964e+01 +2.1038e+00 +2.0985e+00 -2.1043e+00
7146 +9.151269450e-04 +9.151269450e-04 -1.256908487e+01 -1.256908487e+01 +2.1009e+00 +2.1039e+00 -2.1067e+00
7626 +3.070868775e-04 +3.070868775e-04 -1.256969291e+01 -1.256969291e+01 +2.1088e+00 +2.1047e+00 -2.1047e+00
7783 +2.347700329e-04 +2.347700329e-04 -1.256976523e+01 -1.256976523e+01 +2.1055e+00 +2.1034e+00 -2.1061e+00
7797 +1.503528495e-04 +1.503528495e-04 -1.256984965e+01 -1.256984965e+01 +2.1054e+00 +2.1041e+00 -2.1059e+00
7863 +1.588044662e-05 +1.588044662e-05 -1.256998412e+01 -1.256998412e+01 +2.1058e+00 +2.1045e+00 -2.1050e+00
8343 +6.168385090e-06 +6.168385090e-06 -1.256999383e+01 -1.256999383e+01 +2.1049e+00 +2.1045e+00 -2.1050e+00
8626 +3.587084024e-06 +3.587084024e-06 -1.256999641e+01 -1.256999641e+01 +2.1051e+00 +2.1046e+00 -2.1049e+00
8706 +2.253984785e-06 +2.253984785e-06 -1.256999775e+01 -1.256999775e+01 +2.1050e+00 +2.1046e+00 -2.1049e+00
8786 +1.412376813e-06 +1.412376813e-06 -1.256999859e+01 -1.256999859e+01 +2.1050e+00 +2.1047e+00 -2.1049e+00
9026 +6.027370318e-07 +6.027370318e-07 -1.256999940e+01 -1.256999940e+01 +2.1050e+00 +2.1047e+00 -2.1049e+00
9106 +3.342331318e-07 +3.342331318e-07 -1.256999967e+01 -1.256999967e+01 +2.1050e+00 +2.1048e+00 -2.1049e+00
10317 +2.194681983e-07 +2.194681983e-07 -1.256999978e+01 -1.256999978e+01 +2.1049e+00 +2.1048e+00 -2.1048e+00
10397 +1.098034090e-07 +1.098034090e-07 -1.256999989e+01 -1.256999989e+01 +2.1049e+00 +2.1048e+00 -2.1048e+00
10546 +7.216296893e-08 +7.216296893e-08 -1.256999993e+01 -1.256999993e+01 +2.1049e+00 +2.1048e+00 -2.1049e+00
10703 +3.885129374e-08 +3.885129374e-08 -1.256999996e+01 -1.256999996e+01 +2.1049e+00 +2.1048e+00 -2.1048e+00
10951 +2.054643389e-08 +2.054643389e-08 -1.256999998e+01 -1.256999998e+01 +2.1048e+00 +2.1049e+00 -2.1048e+00
11106 +1.436632324e-08 +1.436632324e-08 -1.256999999e+01 -1.256999999e+01 +2.1048e+00 +2.1048e+00 -2.1048e+00
11146 +7.420325687e-09 +7.420325687e-09 -1.256999999e+01 -1.256999999e+01 +2.1049e+00 +2.1048e+00 -2.1048e+00
% function evaluation | noise-free fitness - Fopt (-1.270400000000e+02) | best noise-free fitness - Fopt | measured fitness | best measured fitness | x1 | x2...
1 +9.504771981e+02 +9.504771981e+02 +8.234371981e+02 +8.234371981e+02 +1.6351e+00 -7.6230e-01 +4.9787e-01
29 +2.515874826e+02 +2.515874826e+02 +1.245474826e+02 +1.245474826e+02 +1.3265e+00 -3.6291e+00 +1.3905e+00
54 +3.777359930e+00 +3.777359930e+00 -1.232626401e+02 -1.232626401e+02 +1.3443e+00 -1.7912e+00 +1.3978e+00
275 +2.219145142e+00 +2.219145142e+00 -1.248208549e+02 -1.248208549e+02 -2.0120e+00 -1.5706e+00 +1.6873e+00
381 +1.561228024e+00 +1.561228024e+00 -1.254787720e+02 -1.254787720e+02 -2.0358e+00 -6.1816e-01 +1.3152e+00
1022 +8.389069705e-01 +8.389069705e-01 -1.262010930e+02 -1.262010930e+02 -2.1344e+00 -2.2274e+00 +2.0730e+00
1679 +1.168433059e-01 +1.168433059e-01 -1.269231567e+02 -1.269231567e+02 -2.1465e+00 -2.0921e+00 +2.1309e+00
2144 +9.061935712e-02 +9.061935712e-02 -1.269493806e+02 -1.269493806e+02 -2.1782e+00 -2.0896e+00 +2.1078e+00
2479 +4.177504478e-02 +4.177504478e-02 -1.269982250e+02 -1.269982250e+02 -2.1515e+00 -2.0877e+00 +2.1138e+00
2522 +2.190411730e-02 +2.190411730e-02 -1.270180959e+02 -1.270180959e+02 -2.1140e+00 -2.1066e+00 +2.1152e+00
2679 +1.224788465e-02 +1.224788465e-02 -1.270277521e+02 -1.270277521e+02 -2.1121e+00 -2.0910e+00 +2.1130e+00
3159 +9.796373053e-03 +9.796373053e-03 -1.270302036e+02 -1.270302036e+02 -2.1076e+00 -2.1111e+00 +2.1098e+00
3417 +3.449734371e-03 +3.449734371e-03 -1.270365503e+02 -1.270365503e+02 -2.1171e+00 -2.1017e+00 +2.1033e+00
3457 +1.722749641e-03 +1.722749641e-03 -1.270382773e+02 -1.270382773e+02 -2.1093e+00 -2.0992e+00 +2.1050e+00
3537 +1.181296810e-03 +1.181296810e-03 -1.270388187e+02 -1.270388187e+02 -2.1077e+00 -2.1000e+00 +2.1070e+00
3744 +5.563915419e-04 +5.563915419e-04 -1.270394436e+02 -1.270394436e+02 -2.1066e+00 -2.1014e+00 +2.1055e+00
3824 +3.021347096e-05 +3.021347096e-05 -1.270399698e+02 -1.270399698e+02 -2.1062e+00 -2.1046e+00 +2.1049e+00
5257 +4.223168375e-06 +4.223168375e-06 -1.270399958e+02 -1.270399958e+02 -2.1051e+00 -2.1046e+00 +2.1048e+00
5496 +2.697128664e-06 +2.697128664e-06 -1.270399973e+02 -1.270399973e+02 -2.1046e+00 -2.1050e+00 +2.1047e+00
5576 +1.628728398e-06 +1.628728398e-06 -1.270399984e+02 -1.270399984e+02 -2.1048e+00 -2.1050e+00 +2.1048e+00
5744 +1.519508302e-06 +1.519508302e-06 -1.270399985e+02 -1.270399985e+02 -2.1050e+00 -2.1049e+00 +2.1049e+00
6359 +9.936232885e-07 +9.936232885e-07 -1.270399990e+02 -1.270399990e+02 -2.1049e+00 -2.1048e+00 +2.1049e+00
6402 +3.711775349e-07 +3.711775349e-07 -1.270399996e+02 -1.270399996e+02 -2.1049e+00 -2.1048e+00 +2.1049e+00
6559 +1.762388422e-07 +1.762388422e-07 -1.270399998e+02 -1.270399998e+02 -2.1049e+00 -2.1048e+00 +2.1049e+00
6875 +1.517376802e-08 +1.517376802e-08 -1.270400000e+02 -1.270400000e+02 -2.1049e+00 -2.1048e+00 +2.1048e+00
7497 +5.659728686e-09 +5.659728686e-09 -1.270400000e+02 -1.270400000e+02 -2.1049e+00 -2.1048e+00 +2.1048e+00
% function evaluation | noise-free fitness - Fopt (-3.752000000000e+01) | best noise-free fitness - Fopt | measured fitness | best measured fitness | x1 | x2...
1 +1.197092571e+05 +1.197092571e+05 +1.196717371e+05 +1.196717371e+05 +3.5739e+00 +4.3022e+00 +2.8536e+00
2 +1.621240248e+03 +1.621240248e+03 +1.583720248e+03 +1.583720248e+03 +4.4778e+00 +1.1051e+00 -1.3381e+00
3 +8.487342299e+02 +8.487342299e+02 +8.112142299e+02 +8.112142299e+02 -1.4996e+00 -5.6081e-01 -5.7531e-01
8 +5.724000202e+02 +5.724000202e+02 +5.348800202e+02 +5.348800202e+02 -2.6386e+00 -2.9738e+00 -2.3878e+00
36 +1.735695069e+02 +1.735695069e+02 +1.360495069e+02 +1.360495069e+02 +1.5288e+00 +7.0648e-01 -1.6347e+00
48 +3.114847010e+00 +3.114847010e+00 -3.440515299e+01 -3.440515299e+01 +2.3614e+00 -7.6309e-01 -2.1149e+00
212 +2.433183304e+00 +2.433183304e+00 -3.508681670e+01 -3.508681670e+01 +2.3091e+00 +0.0000e+00 -1.9413e+00
540 +1.543086880e+00 +1.543086880e+00 -3.597691312e+01 -3.597691312e+01 +2.2024e+00 +1.0540e-02 -2.3144e+00
1395 +7.587171463e-01 +7.587171463e-01 -3.676128285e+01 -3.676128285e+01 +2.0945e+00 -1.4769e+00 -2.2533e+00
2718 +3.701636650e-01 +3.701636650e-01 -3.714983633e+01 -3.714983633e+01 +2.0788e+00 -2.0694e+00 -2.1540e+00
2816 +1.305914935e-01 +1.305914935e-01 -3.738940851e+01 -3.738940851e+01 +2.1174e+00 -2.0620e+00 -2.0991e+00
3048 +1.500300322e-02 +1.500300322e-02 -3.750499700e+01 -3.750499700e+01 +2.1293e+00 -2.1079e+00 -2.1023e+00
3675 +3.706210572e-03 +3.706210572e-03 -3.751629379e+01 -3.751629379e+01 +2.1029e+00 -2.0983e+00 -2.1089e+00
3775 +9.761162252e-04 +9.761162252e-04 -3.751902388e+01 -3.751902388e+01 +2.1043e+00 -2.1055e+00 -2.1071e+00
4430 +2.539353689e-04 +2.539353689e-04 -3.751974606e+01 -3.751974606e+01 +2.1038e+00 -2.1037e+00 -2.1060e+00
4710 +1.770071938e-04 +1.770071938e-04 -3.751982299e+01 -3.751982299e+01 +2.1059e+00 -2.1047e+00 -2.1059e+00
5192 +8.974305245e-05 +8.974305245e-05 -3.751991026e+01 -3.751991026e+01 +2.1061e+00 -2.1035e+00 -2.1049e+00
5444 +6.064890758e-05 +6.064890758e-05 -3.751993935e+01 -3.751993935e+01 +2.1059e+00 -2.1043e+00 -2.1055e+00
5526 +2.675082942e-05 +2.675082942e-05 -3.751997325e+01 -3.751997325e+01 +2.1058e+00 -2.1043e+00 -2.1051e+00
5564 +2.384298938e-05 +2.384298938e-05 -3.751997616e+01 -3.751997616e+01 +2.1058e+00 -2.1049e+00 -2.1050e+00
5644 +8.890384137e-06 +8.890384137e-06 -3.751999111e+01 -3.751999111e+01 +2.1054e+00 -2.1048e+00 -2.1050e+00
6663 +5.736154385e-06 +5.736154385e-06 -3.751999426e+01 -3.751999426e+01 +2.1047e+00 -2.1049e+00 -2.1050e+00
6743 +8.229625053e-07 +8.229625053e-07 -3.751999918e+01 -3.751999918e+01 +2.1048e+00 -2.1048e+00 -2.1049e+00
7284 +5.761755091e-07 +5.761755091e-07 -3.751999942e+01 -3.751999942e+01 +2.1047e+00 -2.1049e+00 -2.1048e+00
7404 +9.657107825e-08 +9.657107825e-08 -3.751999990e+01 -3.751999990e+01 +2.1048e+00 -2.1049e+00 -2.1048e+00
7884 +1.966249386e-09 +1.966249386e-09 -3.752000000e+01 -3.752000000e+01 +2.1048e+00 -2.1048e+00 -2.1048e+00
% function evaluation | noise-free fitness - Fopt (-3.311600000000e+02) | best noise-free fitness - Fopt | measured fitness | best measured fitness | x1 | x2...
1 +1.757700362e+05 +1.757700362e+05 +1.754388762e+05 +1.754388762e+05 -4.0006e+00 +2.0237e+00 +4.7026e+00
2 +5.500696254e+02 +5.500696254e+02 +2.189096254e+02 +2.189096254e+02 -1.0106e+00 -4.9587e-01 -3.0015e+00
13 +5.818943922e+00 +5.818943922e+00 -3.253410561e+02 -3.253410561e+02 -4.6861e-01 -1.8974e+00 -8.0360e-01
72 +3.964757348e+00 +3.964757348e+00 -3.271952427e+02 -3.271952427e+02 +8.1912e-02 -4.3667e-01 -2.1186e+00
166 +1.468260396e+00 +1.468260396e+00 -3.296917396e+02 -3.296917396e+02 +2.1753e+00 -2.0534e+00 -1.4181e+00
759 +7.108607123e-01 +7.108607123e-01 -3.304491393e+02 -3.304491393e+02 +2.1016e+00 -1.9937e+00 -2.1578e+00
1003 +1.127264297e-01 +1.127264297e-01 -3.310472736e+02 -3.310472736e+02 +2.0484e+00 -2.0862e+00 -2.1141e+00
1639 +9.349952999e-02 +9.349952999e-02 -3.310665005e+02 -3.310665005e+02 +2.0608e+00 -2.1232e+00 -2.1189e+00
1723 +5.206376481e-02 +5.206376481e-02 -3.311079362e+02 -3.311079362e+02 +2.0674e+00 -2.1286e+00 -2.1091e+00
1863 +3.458441384e-02 +3.458441384e-02 -3.311254156e+02 -3.311254156e+02 +2.0638e+00 -2.1150e+00 -2.0961e+00
2199 +2.292654985e-02 +2.292654985e-02 -3.311370735e+02 -3.311370735e+02 +2.1117e+00 -2.1038e+00 -2.0936e+00
2359 +8.387973438e-03 +8.387973438e-03 -3.311516120e+02 -3.311516120e+02 +2.1031e+00 -2.1003e+00 -2.0995e+00
2483 +2.092875905e-03 +2.092875905e-03 -3.311579071e+02 -3.311579071e+02 +2.1055e+00 -2.1076e+00 -2.1010e+00
2999 +1.419343699e-03 +1.419343699e-03 -3.311585807e+02 -3.311585807e+02 +2.1079e+00 -2.1081e+00 -2.1056e+00
3119 +6.802811545e-04 +6.802811545e-04 -3.311593197e+02 -3.311593197e+02 +2.1078e+00 -2.1054e+00 -2.1031e+00
3199 +2.946129414e-04 +2.946129414e-04 -3.311597054e+02 -3.311597054e+02 +2.1067e+00 -2.1055e+00 -2.1037e+00
3399 +1.244455167e-04 +1.244455167e-04 -3.311598756e+02 -3.311598756e+02 +2.1067e+00 -2.1051e+00 -2.1053e+00
3559 +7.815309550e-05 +7.815309550e-05 -3.311599218e+02 -3.311599218e+02 +2.1067e+00 -2.1044e+00 -2.1053e+00
3803 +6.068936437e-05 +6.068936437e-05 -3.311599393e+02 -3.311599393e+02 +2.1066e+00 -2.1041e+00 -2.1050e+00
3923 +3.951258515e-05 +3.951258515e-05 -3.311599605e+02 -3.311599605e+02 +2.1047e+00 -2.1041e+00 -2.1049e+00
4039 +1.608799732e-05 +1.608799732e-05 -3.311599839e+02 -3.311599839e+02 +2.1042e+00 -2.1049e+00 -2.1046e+00
4315 +1.298726562e-05 +1.298726562e-05 -3.311599870e+02 -3.311599870e+02 +2.1041e+00 -2.1050e+00 -2.1047e+00
4403 +7.004157681e-06 +7.004157681e-06 -3.311599930e+02 -3.311599930e+02 +2.1053e+00 -2.1050e+00 -2.1048e+00
4563 +6.181845265e-06 +6.181845265e-06 -3.311599938e+02 -3.311599938e+02 +2.1048e+00 -2.1051e+00 -2.1049e+00
5000 +3.297710464e-06 +3.297710464e-06 -3.311599967e+02 -3.311599967e+02 +2.1045e+00 -2.1048e+00 -2.1049e+00
5199 +2.491711086e-06 +2.491711086e-06 -3.311599975e+02 -3.311599975e+02 +2.1046e+00 -2.1048e+00 -2.1049e+00
5360 +1.105928504e-06 +1.105928504e-06 -3.311599989e+02 -3.311599989e+02 +2.1046e+00 -2.1048e+00 -2.1048e+00
5680 +8.795815916e-07 +8.795815916e-07 -3.311599991e+02 -3.311599991e+02 +2.1046e+00 -2.1049e+00 -2.1048e+00
5715 +1.724023377e-07 +1.724023377e-07 -3.311599998e+02 -3.311599998e+02 +2.1048e+00 -2.1048e+00 -2.1049e+00
5920 +9.743712326e-08 +9.743712326e-08 -3.311599999e+02 -3.311599999e+02 +2.1048e+00 -2.1048e+00 -2.1049e+00
6000 +4.985759006e-08 +4.985759006e-08 -3.311600000e+02 -3.311600000e+02 +2.1048e+00 -2.1048e+00 -2.1049e+00
6280 +1.183013865e-08 +1.183013865e-08 -3.311600000e+02 -3.311600000e+02 +2.1049e+00 -2.1048e+00 -2.1048e+00
6795 +6.828202004e-09 +6.828202004e-09 -3.311600000e+02 -3.311600000e+02 +2.1049e+00 -2.1048e+00 -2.1048e+00
% function evaluation | noise-free fitness - Fopt (4.481000000000e+01) | best noise-free fitness - Fopt | measured fitness | best measured fitness | x1 | x2...
1 +5.491889688e+03 +5.491889688e+03 +5.536699688e+03 +5.536699688e+03 +3.2629e+00 +2.3059e+00 +3.3254e+00
2 +4.368607860e+00 +4.368607860e+00 +4.917860786e+01 +4.917860786e+01 -2.4244e+00 +1.8151e+00 +1.8930e+00
106 +3.431025730e+00 +3.431025730e+00 +4.824102573e+01 +4.824102573e+01 -1.2438e+00 +5.2198e-01 +2.5049e+00
399 +1.647855253e+00 +1.647855253e+00 +4.645785525e+01 +4.645785525e+01 -1.9679e+00 +1.4376e+00 +2.2332e+00
514 +1.551632310e+00 +1.551632310e+00 +4.636163231e+01 +4.636163231e+01 -2.0067e+00 +6.2852e-01 +2.4272e+00
629 +1.604256591e-01 +1.604256591e-01 +4.497042566e+01 +4.497042566e+01 -2.0572e+00 +2.1051e+00 +2.0783e+00
1340 +3.479736398e-02 +3.479736398e-02 +4.484479736e+01 +4.484479736e+01 -2.0693e+00 +2.1234e+00 +2.0930e+00
1540 +1.997118898e-02 +1.997118898e-02 +4.482997119e+01 +4.482997119e+01 -2.0775e+00 +2.1022e+00 +2.1095e+00
2214 +2.358380291e-03 +2.358380291e-03 +4.481235838e+01 +4.481235838e+01 -2.1013e+00 +2.1117e+00 +2.1019e+00
2620 +1.145537336e-03 +1.145537336e-03 +4.481114554e+01 +4.481114554e+01 -2.0990e+00 +2.1074e+00 +2.1059e+00
2942 +7.994042195e-04 +7.994042195e-04 +4.481079940e+01 +4.481079940e+01 -2.0997e+00 +2.1047e+00 +2.1037e+00
3173 +4.465681005e-04 +4.465681005e-04 +4.481044657e+01 +4.481044657e+01 -2.1093e+00 +2.1050e+00 +2.1044e+00
3479 +2.464217906e-04 +2.464217906e-04 +4.481024642e+01 +4.481024642e+01 -2.1030e+00 +2.1036e+00 +2.1048e+00
3582 +8.177444369e-05 +8.177444369e-05 +4.481008177e+01 +4.481008177e+01 -2.1056e+00 +2.1037e+00 +2.1055e+00
3813 +7.578117220e-06 +7.578117220e-06 +4.481000758e+01 +4.481000758e+01 -2.1051e+00 +2.1050e+00 +2.1049e+00
4622 +4.867783929e-06 +4.867783929e-06 +4.481000487e+01 +4.481000487e+01 -2.1053e+00 +2.1047e+00 +2.1048e+00
5013 +3.736144784e-06 +3.736144784e-06 +4.481000374e+01 +4.481000374e+01 -2.1052e+00 +2.1050e+00 +2.1048e+00
5542 +2.273158493e-06 +2.273158493e-06 +4.481000227e+01 +4.481000227e+01 -2.1052e+00 +2.1047e+00 +2.1049e+00
5710 +1.311960055e-06 +1.311960055e-06 +4.481000131e+01 +4.481000131e+01 -2.1046e+00 +2.1049e+00 +2.1049e+00
6181 +5.511239607e-07 +5.511239607e-07 +4.481000055e+01 +4.481000055e+01 -2.1049e+00 +2.1047e+00 +2.1049e+00
6386 +3.451808439e-07 +3.451808439e-07 +4.481000035e+01 +4.481000035e+01 -2.1049e+00 +2.1048e+00 +2.1049e+00
6549 +2.065739579e-07 +2.065739579e-07 +4.481000021e+01 +4.481000021e+01 -2.1048e+00 +2.1048e+00 +2.1049e+00
6581 +1.104050256e-07 +1.104050256e-07 +4.481000011e+01 +4.481000011e+01 -2.1049e+00 +2.1048e+00 +2.1049e+00
6590 +3.413345695e-08 +3.413345695e-08 +4.481000003e+01 +4.481000003e+01 -2.1049e+00 +2.1048e+00 +2.1048e+00
7106 +2.322439485e-08 +2.322439485e-08 +4.481000002e+01 +4.481000002e+01 -2.1048e+00 +2.1049e+00 +2.1049e+00
7350 +7.612747766e-09 +7.612747766e-09 +4.481000001e+01 +4.481000001e+01 -2.1049e+00 +2.1048e+00 +2.1048e+00
% function evaluation | noise-free fitness - Fopt (-1.764600000000e+02) | best noise-free fitness - Fopt | measured fitness | best measured fitness | x1 | x2...
1 +1.090445218e+03 +1.090445218e+03 +9.139852183e+02 +9.139852183e+02 -2.5839e+00 +3.1316e+00 -1.5878e+00
5 +1.983773356e+02 +1.983773356e+02 +2.191733558e+01 +2.191733558e+01 +3.1940e+00 +1.9777e+00 -7.8797e-01
14 +8.572139104e+01 +8.572139104e+01 -9.073860896e+01 -9.073860896e+01 -1.2574e+00 +2.7914e+00 -1.8651e+00
47 +2.613902057e+01 +2.613902057e+01 -1.503209794e+02 -1.503209794e+02 +5.9239e-01 +5.3339e-02 -2.4774e+00
81 +4.940084514e+00 +4.940084514e+00 -1.715199155e+02 -1.715199155e+02 +6.3530e-01 +3.8744e-01 -2.2479e+00
138 +3.262018206e+00 +3.262018206e+00 -1.731979818e+02 -1.731979818e+02 +1.1284e+00 +1.8709e+00 -2.1894e+00
438 +2.171237359e+00 +2.171237359e+00 -1.742887626e+02 -1.742887626e+02 -1.0114e+00 +2.3030e+00 -1.1599e+00
555 +1.537255870e+00 +1.537255870e+00 -1.749227441e+02 -1.749227441e+02 +5.8308e-01 +2.7788e+00 -1.9934e+00
1453 +9.602979217e-01 +9.602979217e-01 -1.754997021e+02 -1.754997021e+02 -1.0299e+00 +2.3913e+00 -1.9966e+00
2065 +3.515228561e-01 +3.515228561e-01 -1.761084771e+02 -1.761084771e+02 -2.0501e+00 +2.0414e+00 -2.1224e+00
2743 +2.230862419e-01 +2.230862419e-01 -1.762369138e+02 -1.762369138e+02 -2.0641e+00 +2.1491e+00 -2.1221e+00
2934 +3.342068631e-02 +3.342068631e-02 -1.764265793e+02 -1.764265793e+02 -2.0900e+00 +2.0852e+00 -2.1121e+00
3252 +1.652210429e-02 +1.652210429e-02 -1.764434779e+02 -1.764434779e+02 -2.0971e+00 +2.0935e+00 -2.1137e+00
3332 +1.216780800e-02 +1.216780800e-02 -1.764478322e+02 -1.764478322e+02 -2.0952e+00 +2.0935e+00 -2.1059e+00
3423 +6.211339722e-04 +6.211339722e-04 -1.764593789e+02 -1.764593789e+02 -2.0998e+00 +2.1053e+00 -2.1057e+00
3812 +2.436836184e-04 +2.436836184e-04 -1.764597563e+02 -1.764597563e+02 -2.1017e+00 +2.1065e+00 -2.1049e+00
4785 +6.724735056e-05 +6.724735056e-05 -1.764599328e+02 -1.764599328e+02 -2.1030e+00 +2.1057e+00 -2.1048e+00
5265 +3.739692639e-05 +3.739692639e-05 -1.764599626e+02 -1.764599626e+02 -2.1040e+00 +2.1057e+00 -2.1047e+00
5850 +1.627619139e-05 +1.627619139e-05 -1.764599837e+02 -1.764599837e+02 -2.1043e+00 +2.1046e+00 -2.1048e+00
6103 +2.291053278e-06 +2.291053278e-06 -1.764599977e+02 -1.764599977e+02 -2.1049e+00 +2.1048e+00 -2.1050e+00
7217 +1.480989994e-06 +1.480989994e-06 -1.764599985e+02 -1.764599985e+02 -2.1051e+00 +2.1048e+00 -2.1048e+00
7297 +9.625057658e-07 +9.625057658e-07 -1.764599990e+02 -1.764599990e+02 -2.1050e+00 +2.1047e+00 -2.1049e+00
7669 +3.823359691e-07 +3.823359691e-07 -1.764599996e+02 -1.764599996e+02 -2.1048e+00 +2.1048e+00 -2.1049e+00
7749 +3.112728564e-08 +3.112728564e-08 -1.764600000e+02 -1.764600000e+02 -2.1048e+00 +2.1048e+00 -2.1049e+00
8623 +2.479157502e-08 +2.479157502e-08 -1.764600000e+02 -1.764600000e+02 -2.1049e+00 +2.1048e+00 -2.1048e+00
8816 +2.318301995e-09 +2.318301995e-09 -1.764600000e+02 -1.764600000e+02 -2.1048e+00 +2.1048e+00 -2.1048e+00
