% function evaluation | noise-free fitness - Fopt (-1.694000000000e+01) | best noise-free fitness - Fopt | measured fitness | best measured fitness | x1 | x2...
1 +3.179634249e+02 +3.179634249e+02 +3.010234249e+02 +3.010234249e+02 -1.8639e+00 -3.2267e+00
5 +6.423841784e+01 +6.423841784e+01 +4.729841784e+01 +4.729841784e+01 +7.5900e-01 -3.5583e-01
7 +3.862639428e+01 +3.862639428e+01 +2.168639428e+01 +2.168639428e+01 +1.6869e+00 +4.8471e+00
9 +3.814438885e+00 +3.814438885e+00 -1.312556111e+01 -1.312556111e+01 +4.3358e+00 -5.8480e-01
12 +2.017830205e+00 +2.017830205e+00 -1.492216980e+01 -1.492216980e+01 +3.1983e+00 +3.0822e+00
37 +1.441551679e+00 +1.441551679e+00 -1.549844832e+01 -1.549844832e+01 +3.2778e+00 +3.5806e+00
53 +3.646817936e-01 +3.646817936e-01 -1.657531821e+01 -1.657531821e+01 +3.4583e+00 +2.7459e+00
111 +1.042841517e-01 +1.042841517e-01 -1.683571585e+01 -1.683571585e+01 +3.6451e+00 +2.6424e+00
703 +7.906604974e-02 +7.906604974e-02 -1.686093395e+01 -1.686093395e+01 +3.6302e+00 +2.5630e+00
1061 +3.462102904e-02 +3.462102904e-02 -1.690537897e+01 -1.690537897e+01 +3.6460e+00 +2.5795e+00
1141 +1.302185947e-02 +1.302185947e-02 -1.692697814e+01 -1.692697814e+01 +3.6564e+00 +2.5417e+00
1615 +8.681262792e-03 +8.681262792e-03 -1.693131874e+01 -1.693131874e+01 +3.6524e+00 +2.5547e+00
2158 +2.306081020e-04 +2.306081020e-04 -1.693976939e+01 -1.693976939e+01 +3.6560e+00 +2.5498e+00
3303 +4.051919574e-05 +4.051919574e-05 -1.693995948e+01 -1.693995948e+01 +3.6560e+00 +2.5496e+00
3743 +3.355604852e-05 +3.355604852e-05 -1.693996644e+01 -1.693996644e+01 +3.6560e+00 +2.5496e+00
4343 +2.377962440e-05 +2.377962440e-05 -1.693997622e+01 -1.693997622e+01 +3.6560e+00 +2.5496e+00
4503 +6.639839256e-07 +6.639839256e-07 -1.693999934e+01 -1.693999934e+01 +3.6560e+00 +2.5496e+00
6063 +6.207849452e-07 +6.207849452e-07 -1.693999938e+01 -1.693999938e+01 +3.6560e+00 +2.5496e+00
6546 +3.558088366e-07 +3.558088366e-07 -1.693999964e+01 -1.693999964e+01 +3.6560e+00 +2.5496e+00
7259 +1.550903725e-07 +1.550903725e-07 -1.693999984e+01 -1.693999984e+01 +3.6560e+00 +2.5496e+00
7383 +4.823164446e-08 +4.823164446e-08 -1.693999995e+01 -1.693999995e+01 +3.6560e+00 +2.5496e+00
9202 +2.205823435e-08 +2.205823435e-08 -1.693999998e+01 -1.693999998e+01 +3.6560e+00 +2.5496e+00
9263 +3.562316664e-09 +3.562316664e-09 -1.694000000e+01 -1.694000000e+01 +3.6560e+00 +2.5496e+00
10179 +2.372988916e-09 +2.372988916e-09 -1.694000000e+01 -1.694000000e+01 +3.6560e+00 +2.5496e+00
10463 +1.310059616e-09 +1.310059616e-09 -1.694000000e+01 -1.694000000e+01 +3.6560e+00 +2.5496e+00
11251 +5.511715528e-10 +5.511715528e-10 -1.694000000e+01 -1.694000000e+01 +3.6560e+00 +2.5496e+00
11423 +1.928306403e-10 +1.928306403e-10 -1.694000000e+01 -1.694000000e+01 +3.6560e+00 +2.5496e+00
11731 +7.015898973e-11 +7.015898973e-11 -1.694000000e+01 -1.694000000e+01 +3.6560e+00 +2.5496e+00
11811 +2.189892712e-11 +2.189892712e-11 -1.694000000e+01 -1.694000000e+01 +3.6560e+00 +2.5496e+00
12623 +1.168842800e-11 +1.168842800e-11 -1.694000000e+01 -1.694000000e+01 +3.6560e+00 +2.5496e+00
13091 +9.002576462e-12 +9.002576462e-12 -1.694000000e+01 -1.694000000e+01 +3.6560e+00 +2.5496e+00
13358 +3.595346243e-12 +3.595346243e-12 -1.694000000e+01 -1.694000000e+01 +3.6560e+00 +2.5496e+00
13998 +2.039257652e-12 +2.039257652e-12 -1.694000000e+01 -1.694000000e+01 +3.6560e+00 +2.5496e+00
14251 +6.181721801e-13 +6.181721801e-13 -1.694000000e+01 -1.694000000e+01 +3.6560e+00 +2.5496e+00
14331 +3.730349363e-13 +3.730349363e-13 -1.694000000e+01 -1.694000000e+01 +3.6560e+00 +2.5496e+00
15459 +1.421085472e-13 +1.421085472e-13 -1.694000000e+01 -1.694000000e+01 +3.6560e+00 +2.5496e+00
15531 +8.881784197e-14 +8.881784197e-14 -1.694000000e+01 -1.694000000e+01 +3.6560e+00 +2.5496e+00
16179 +2.842170943e-14 +2.842170943e-14 -1.694000000e+01 -1.694000000e+01 +3.6560e+00 +2.5496e+00
16371 +2.486899575e-14 +2.486899575e-14 -1.694000000e+01 -1.694000000e+01 +3.6560e+00 +2.5496e+00
16531 +1.421085472e-14 +1.421085472e-14 -1.694000000e+01 -1.694000000e+01 +3.6560e+00 +2.5496e+00
17691 +7.105427358e-15 +7.105427358e-15 -1.694000000e+01 -1.694000000e+01 +3.6560e+00 +2.5496e+00
18404 +0.000000000e+00 +0.000000000e+00 -1.694000000e+01 -1.694000000e+01 +3.6560e+00 +2.5496e+00
% function evaluation | noise-free fitness - Fopt (1.881000000000e+01) | best noise-free fitness - Fopt | measured fitness | best measured fitness | x1 | x2...
1 +2.237633641e+01 +2.237633641e+01 +4.118633641e+01 +4.118633641e+01 -2.7008e+00 -1.5520e+00
3 +1.373086693e+01 +1.373086693e+01 +3.254086693e+01 +3.254086693e+01 +1.5582e+00 +2.6898e+00
4 +6.326648201e+00 +6.326648201e+00 +2.513664820e+01 +2.513664820e+01 -1.1928e+00 +3.7828e+00
28 +2.467318396e+00 +2.467318396e+00 +2.127731840e+01 +2.127731840e+01 -1.2368e-03 +2.5429e+00
108 +5.562941393e-01 +5.562941393e-01 +1.936629414e+01 +1.936629414e+01 -6.4673e-01 +1.8883e+00
504 +2.057521455e-01 +2.057521455e-01 +1.901575215e+01 +1.901575215e+01 -3.3851e-01 +1.7909e+00
897 +1.573026072e-01 +1.573026072e-01 +1.896730261e+01 +1.896730261e+01 +5.2028e-03 +1.7267e+00
984 +8.626691800e-02 +8.626691800e-02 +1.889626692e+01 +1.889626692e+01 -1.1751e-01 +1.7779e+00
1344 +5.906345714e-02 +5.906345714e-02 +1.886906346e+01 +1.886906346e+01 -1.5862e-01 +1.7719e+00
1540 +2.099650824e-02 +2.099650824e-02 +1.883099651e+01 +1.883099651e+01 -1.8376e-01 +1.7744e+00
2132 +9.035352504e-03 +9.035352504e-03 +1.881903535e+01 +1.881903535e+01 -1.8961e-01 +1.7832e+00
2572 +4.064042745e-03 +4.064042745e-03 +1.881406404e+01 +1.881406404e+01 -1.9104e-01 +1.7797e+00
2852 +9.931431845e-04 +9.931431845e-04 +1.881099314e+01 +1.881099314e+01 -1.9213e-01 +1.7808e+00
3744 +2.324983625e-04 +2.324983625e-04 +1.881023250e+01 +1.881023250e+01 -1.9140e-01 +1.7808e+00
4384 +1.539969976e-04 +1.539969976e-04 +1.881015400e+01 +1.881015400e+01 -1.9115e-01 +1.7808e+00
4984 +2.906550407e-05 +2.906550407e-05 +1.881002907e+01 +1.881002907e+01 -1.9123e-01 +1.7808e+00
6060 +2.313151528e-05 +2.313151528e-05 +1.881002313e+01 +1.881002313e+01 -1.9119e-01 +1.7808e+00
6184 +1.057196002e-05 +1.057196002e-05 +1.881001057e+01 +1.881001057e+01 -1.9120e-01 +1.7808e+00
6264 +2.383420565e-06 +2.383420565e-06 +1.881000238e+01 +1.881000238e+01 -1.9120e-01 +1.7808e+00
7024 +8.624291112e-07 +8.624291112e-07 +1.881000086e+01 +1.881000086e+01 -1.9120e-01 +1.7808e+00
7220 +5.844987605e-07 +5.844987605e-07 +1.881000058e+01 +1.881000058e+01 -1.9120e-01 +1.7808e+00
7344 +3.748541602e-07 +3.748541602e-07 +1.881000037e+01 +1.881000037e+01 -1.9120e-01 +1.7808e+00
9103 +1.453325744e-07 +1.453325744e-07 +1.881000015e+01 +1.881000015e+01 -1.9120e-01 +1.7808e+00
9344 +5.586139551e-08 +5.586139551e-08 +1.881000006e+01 +1.881000006e+01 -1.9120e-01 +1.7808e+00
9820 +2.254431308e-09 +2.254431308e-09 +1.881000000e+01 +1.881000000e+01 -1.9120e-01 +1.7808e+00
10984 +9.295675341e-10 +9.295675341e-10 +1.881000000e+01 +1.881000000e+01 -1.9120e-01 +1.7808e+00
11304 +5.778346690e-10 +5.778346690e-10 +1.881000000e+01 +1.881000000e+01 -1.9120e-01 +1.7808e+00
11384 +3.900808565e-10 +3.900808565e-10 +1.881000000e+01 +1.881000000e+01 -1.9120e-01 +1.7808e+00
11464 +2.163957902e-10 +2.163957902e-10 +1.881000000e+01 +1.881000000e+01 -1.9120e-01 +1.7808e+00
14196 +1.131006400e-10 +1.131006400e-10 +1.881000000e+01 +1.881000000e+01 -1.9120e-01 +1.7808e+00
14224 +4.804689979e-11 +4.804689979e-11 +1.881000000e+01 +1.881000000e+01 -1.9120e-01 +1.7808e+00
14344 +3.549871508e-11 +3.549871508e-11 +1.881000000e+01 +1.881000000e+01 -1.9120e-01 +1.7808e+00
15036 +1.030286967e-13 +1.030286967e-13 +1.881000000e+01 +1.881000000e+01 -1.9120e-01 +1.7808e+00
17424 +9.237055565e-14 +9.237055565e-14 +1.881000000e+01 +1.881000000e+01 -1.9120e-01 +1.7808e+00
18064 +6.039613254e-14 +6.039613254e-14 +1.881000000e+01 +1.881000000e+01 -1.9120e-01 +1.7808e+00
18790 +3.197442311e-14 +3.197442311e-14 +1.881000000e+01 +1.881000000e+01 -1.9120e-01 +1.7808e+00
18883 +2.131628207e-14 +2.131628207e-14 +1.881000000e+01 +1.881000000e+01 -1.9120e-01 +1.7808e+00
19430 +1.065814104e-14 +1.065814104e-14 +1.881000000e+01 +1.881000000e+01 -1.9120e-01 +1.7808e+00
19643 +3.552713679e-15 +3.552713679e-15 +1.881000000e+01 +1.881000000e+01 -1.9120e-01 +1.7808e+00
21316 +0.000000000e+00 +0.000000000e+00 +1.881000000e+01 +1.881000000e+01 -1.9120e-01 +1.7808e+00
% function evaluation | noise-free fitness - Fopt (2.731500000000e+02) | best noise-free fitness - Fopt | measured fitness | best measured fitness | x1 | x2...
1 +6.607968220e+01 +6.607968220e+01 +3.392296822e+02 +3.392296822e+02 +3.1804e+00 +2.3823e+00
2 +2.586886908e+00 +2.586886908e+00 +2.757368869e+02 +2.757368869e+02 -4.1937e+00 +2.0085e+00
30 +5.863523001e-01 +5.863523001e-01 +2.737363523e+02 +2.737363523e+02 -3.6757e+00 +3.4512e+00
311 +2.203597314e-01 +2.203597314e-01 +2.733703597e+02 +2.733703597e+02 -3.5359e+00 +3.7217e+00
501 +1.537640426e-01 +1.537640426e-01 +2.733037640e+02 +2.733037640e+02 -3.5692e+00 +3.8331e+00
715 +9.766120266e-02 +9.766120266e-02 +2.732476612e+02 +2.732476612e+02 -3.5458e+00 +3.8703e+00
1040 +1.704256396e-02 +1.704256396e-02 +2.731670426e+02 +2.731670426e+02 -3.5788e+00 +3.7443e+00
1936 +7.759152587e-03 +7.759152587e-03 +2.731577592e+02 +2.731577592e+02 -3.5762e+00 +3.7618e+00
1961 +3.502650179e-03 +3.502650179e-03 +2.731535027e+02 +2.731535027e+02 -3.5778e+00 +3.7565e+00
1966 +1.866818648e-03 +1.866818648e-03 +2.731518668e+02 +2.731518668e+02 -3.5797e+00 +3.7534e+00
2342 +1.307138781e-03 +1.307138781e-03 +2.731513071e+02 +2.731513071e+02 -3.5794e+00 +3.7538e+00
3001 +9.833438609e-04 +9.833438609e-04 +2.731509833e+02 +2.731509833e+02 -3.5790e+00 +3.7544e+00
3601 +2.708063639e-04 +2.708063639e-04 +2.731502708e+02 +2.731502708e+02 -3.5791e+00 +3.7537e+00
3822 +2.356381554e-04 +2.356381554e-04 +2.731502356e+02 +2.731502356e+02 -3.5791e+00 +3.7537e+00
3996 +5.348055709e-05 +5.348055709e-05 +2.731500535e+02 +2.731500535e+02 -3.5792e+00 +3.7536e+00
4142 +3.852062576e-05 +3.852062576e-05 +2.731500385e+02 +2.731500385e+02 -3.5792e+00 +3.7536e+00
4742 +2.460952999e-05 +2.460952999e-05 +2.731500246e+02 +2.731500246e+02 -3.5792e+00 +3.7536e+00
5582 +2.996366675e-06 +2.996366675e-06 +2.731500030e+02 +2.731500030e+02 -3.5792e+00 +3.7536e+00
5942 +1.809911907e-06 +1.809911907e-06 +2.731500018e+02 +2.731500018e+02 -3.5792e+00 +3.7536e+00
6218 +1.561122474e-06 +1.561122474e-06 +2.731500016e+02 +2.731500016e+02 -3.5792e+00 +3.7536e+00
7102 +9.495272479e-07 +9.495272479e-07 +2.731500009e+02 +2.731500009e+02 -3.5792e+00 +3.7536e+00
7375 +4.353498184e-07 +4.353498184e-07 +2.731500004e+02 +2.731500004e+02 -3.5792e+00 +3.7536e+00
7495 +2.438723641e-07 +2.438723641e-07 +2.731500002e+02 +2.731500002e+02 -3.5792e+00 +3.7536e+00
9338 +1.306437412e-07 +1.306437412e-07 +2.731500001e+02 +2.731500001e+02 -3.5792e+00 +3.7536e+00
9575 +9.948666957e-08 +9.948666957e-08 +2.731500001e+02 +2.731500001e+02 -3.5792e+00 +3.7536e+00
9782 +5.267673941e-08 +5.267673941e-08 +2.731500001e+02 +2.731500001e+02 -3.5792e+00 +3.7536e+00
10202 +3.573074991e-08 +3.573074991e-08 +2.731500000e+02 +2.731500000e+02 -3.5792e+00 +3.7536e+00
10282 +2.284883749e-08 +2.284883749e-08 +2.731500000e+02 +2.731500000e+02 -3.5792e+00 +3.7536e+00
10942 +1.299241603e-08 +1.299241603e-08 +2.731500000e+02 +2.731500000e+02 -3.5792e+00 +3.7536e+00
11042 +9.025882264e-09 +9.025882264e-09 +2.731500000e+02 +2.731500000e+02 -3.5792e+00 +3.7536e+00
11122 +6.040863809e-09 +6.040863809e-09 +2.731500000e+02 +2.731500000e+02 -3.5792e+00 +3.7536e+00
11136 +2.961428436e-09 +2.961428436e-09 +2.731500000e+02 +2.731500000e+02 -3.5792e+00 +3.7536e+00
11202 +1.908460945e-09 +1.908460945e-09 +2.731500000e+02 +2.731500000e+02 -3.5792e+00 +3.7536e+00
11242 +9.466702977e-10 +9.466702977e-10 +2.731500000e+02 +2.731500000e+02 -3.5792e+00 +3.7536e+00
12466 +4.324647307e-10 +4.324647307e-10 +2.731500000e+02 +2.731500000e+02 -3.5792e+00 +3.7536e+00
12522 +2.644355845e-10 +2.644355845e-10 +2.731500000e+02 +2.731500000e+02 -3.5792e+00 +3.7536e+00
12602 +1.371631697e-10 +1.371631697e-10 +2.731500000e+02 +2.731500000e+02 -3.5792e+00 +3.7536e+00
12866 +8.566303222e-11 +8.566303222e-11 +2.731500000e+02 +2.731500000e+02 -3.5792e+00 +3.7536e+00
14222 +5.843503459e-11 +5.843503459e-11 +2.731500000e+02 +2.731500000e+02 -3.5792e+00 +3.7536e+00
14402 +3.944933269e-11 +3.944933269e-11 +2.731500000e+02 +2.731500000e+02 -3.5792e+00 +3.7536e+00
14586 +2.165734259e-11 +2.165734259e-11 +2.731500000e+02 +2.731500000e+02 -3.5792e+00 +3.7536e+00
15266 +1.381295078e-11 +1.381295078e-11 +2.731500000e+02 +2.731500000e+02 -3.5792e+00 +3.7536e+00
15302 +2.728484105e-12 +2.728484105e-12 +2.731500000e+02 +2.731500000e+02 -3.5792e+00 +3.7536e+00
15457 +1.818989404e-12 +1.818989404e-12 +2.731500000e+02 +2.731500000e+02 -3.5792e+00 +3.7536e+00
15586 +9.094947018e-13 +9.094947018e-13 +2.731500000e+02 +2.731500000e+02 -3.5792e+00 +3.7536e+00
17657 +3.979039320e-13 +3.979039320e-13 +2.731500000e+02 +2.731500000e+02 -3.5792e+00 +3.7536e+00
18190 +2.273736754e-13 +2.273736754e-13 +2.731500000e+02 +2.731500000e+02 -3.5792e+00 +3.7536e+00
18416 +5.684341886e-14 +5.684341886e-14 +2.731500000e+02 +2.731500000e+02 -3.5792e+00 +3.7536e+00
18577 +0.000000000e+00 +0.000000000e+00 +2.731500000e+02 +2.731500000e+02 -3.5792e+00 +3.7536e+00
% function evaluation | noise-free fitness - Fopt (3.718000000000e+01) | best noise-free fitness - Fopt | measured fitness | best measured fitness | x1 | x2...
1 +2.445433357e+01 +2.445433357e+01 +6.163433357e+01 +6.163433357e+01 +3.0702e+00 -2.5888e+00
3 +4.047567292e+00 +4.047567292e+00 +4.122756729e+01 +4.122756729e+01 -4.5292e+00 +8.7018e-01
7 +3.578076699e+00 +3.578076699e+00 +4.075807670e+01 +4.075807670e+01 -2.2369e+00 +1.5919e+00
41 +2.422627010e+00 +2.422627010e+00 +3.960262701e+01 +3.960262701e+01 -1.9298e+00 +2.4112e+00
47 +7.426430021e-01 +7.426430021e-01 +3.792264300e+01 +3.792264300e+01 -4.5938e+00 +2.1996e+00
127 +3.772632320e-01 +3.772632320e-01 +3.755726323e+01 +3.755726323e+01 -4.2444e+00 +2.0641e+00
207 +1.699803638e-01 +1.699803638e-01 +3.734998036e+01 +3.734998036e+01 -3.7454e+00 +2.0589e+00
742 +5.888353934e-02 +5.888353934e-02 +3.723888354e+01 +3.723888354e+01 -3.9387e+00 +2.0774e+00
887 +3.065443830e-02 +3.065443830e-02 +3.721065444e+01 +3.721065444e+01 -3.9067e+00 +2.0628e+00
1089 +1.913399215e-02 +1.913399215e-02 +3.719913399e+01 +3.719913399e+01 -3.8934e+00 +2.0661e+00
1249 +1.055257914e-02 +1.055257914e-02 +3.719055258e+01 +3.719055258e+01 -3.9002e+00 +2.0575e+00
1729 +8.028348074e-03 +8.028348074e-03 +3.718802835e+01 +3.718802835e+01 -3.8970e+00 +2.0577e+00
2216 +3.086995841e-03 +3.086995841e-03 +3.718308700e+01 +3.718308700e+01 -3.8966e+00 +2.0604e+00
2753 +1.750440832e-03 +1.750440832e-03 +3.718175044e+01 +3.718175044e+01 -3.8985e+00 +2.0599e+00
2862 +1.120899618e-03 +1.120899618e-03 +3.718112090e+01 +3.718112090e+01 -3.8990e+00 +2.0603e+00
3073 +3.290595997e-04 +3.290595997e-04 +3.718032906e+01 +3.718032906e+01 -3.8995e+00 +2.0600e+00
3489 +2.303302069e-04 +2.303302069e-04 +3.718023033e+01 +3.718023033e+01 -3.8992e+00 +2.0601e+00
3918 +1.379955108e-04 +1.379955108e-04 +3.718013800e+01 +3.718013800e+01 -3.8992e+00 +2.0600e+00
4129 +8.974851172e-05 +8.974851172e-05 +3.718008975e+01 +3.718008975e+01 -3.8992e+00 +2.0600e+00
4238 +3.423615848e-05 +3.423615848e-05 +3.718003424e+01 +3.718003424e+01 -3.8992e+00 +2.0600e+00
4689 +2.356209912e-06 +2.356209912e-06 +3.718000236e+01 +3.718000236e+01 -3.8992e+00 +2.0600e+00
5769 +1.342109833e-06 +1.342109833e-06 +3.718000134e+01 +3.718000134e+01 -3.8992e+00 +2.0600e+00
6649 +6.924908789e-07 +6.924908789e-07 +3.718000069e+01 +3.718000069e+01 -3.8992e+00 +2.0600e+00
6996 +5.985065101e-07 +5.985065101e-07 +3.718000060e+01 +3.718000060e+01 -3.8992e+00 +2.0600e+00
7236 +1.331955630e-07 +1.331955630e-07 +3.718000013e+01 +3.718000013e+01 -3.8992e+00 +2.0600e+00
7756 +1.241636483e-08 +1.241636483e-08 +3.718000001e+01 +3.718000001e+01 -3.8992e+00 +2.0600e+00
9276 +9.680313440e-09 +9.680313440e-09 +3.718000001e+01 +3.718000001e+01 -3.8992e+00 +2.0600e+00
9356 +4.698961220e-09 +4.698961220e-09 +3.718000000e+01 +3.718000000e+01 -3.8992e+00 +2.0600e+00
9876 +3.187011544e-09 +3.187011544e-09 +3.718000000e+01 +3.718000000e+01 -3.8992e+00 +2.0600e+00
10496 +8.749196923e-10 +8.749196923e-10 +3.718000000e+01 +3.718000000e+01 -3.8992e+00 +2.0600e+00
11250 +5.004778814e-10 +5.004778814e-10 +3.718000000e+01 +3.718000000e+01 -3.8992e+00 +2.0600e+00
11461 +2.081179673e-10 +2.081179673e-10 +3.718000000e+01 +3.718000000e+01 -3.8992e+00 +2.0600e+00
11541 +7.015898973e-11 +7.015898973e-11 +3.718000000e+01 +3.718000000e+01 -3.8992e+00 +2.0600e+00
12258 +1.310240805e-11 +1.310240805e-11 +3.718000000e+01 +3.718000000e+01 -3.8992e+00 +2.0600e+00
12738 +4.746425475e-12 +4.746425475e-12 +3.718000000e+01 +3.718000000e+01 -3.8992e+00 +2.0600e+00
13578 +1.463718036e-12 +1.463718036e-12 +3.718000000e+01 +3.718000000e+01 -3.8992e+00 +2.0600e+00
14476 +4.263256415e-13 +4.263256415e-13 +3.718000000e+01 +3.718000000e+01 -3.8992e+00 +2.0600e+00
14498 +3.552713679e-13 +3.552713679e-13 +3.718000000e+01 +3.718000000e+01 -3.8992e+00 +2.0600e+00
14698 +2.202682481e-13 +2.202682481e-13 +3.718000000e+01 +3.718000000e+01 -3.8992e+00 +2.0600e+00
14978 +2.842170943e-14 +2.842170943e-14 +3.718000000e+01 +3.718000000e+01 -3.8992e+00 +2.0600e+00
15596 +1.421085472e-14 +1.421085472e-14 +3.718000000e+01 +3.718000000e+01 -3.8992e+00 +2.0600e+00
16098 +7.105427358e-15 +7.105427358e-15 +3.718000000e+01 +3.718000000e+01 -3.8992e+00 +2.0600e+00
17396 +0.000000000e+00 +0.000000000e+00 +3.718000000e+01 +3.718000000e+01 -3.8992e+00 +2.0600e+00
% function evaluation | noise-free fitness - Fopt (-1.479000000000e+02) | best noise-free fitness - Fopt | measured fitness | best measured fitness | x1 | x2...
1 +6.484376719e+00 +6.484376719e+00 -1.414156233e+02 -1.414156233e+02 -2.3441e+00 +3.4523e+00
10 +3.091829090e+00 +3.091829090e+00 -1.448081709e+02 -1.448081709e+02 -2.0045e+00 +1.0341e+00
43 +8.624850794e-01 +8.624850794e-01 -1.470375149e+02 -1.470375149e+02 -1.1060e+00 -6.7637e-02
190 +2.774225432e-01 +2.774225432e-01 -1.476225775e+02 -1.476225775e+02 -1.5442e+00 +1.6084e-01
708 +7.076613466e-02 +7.076613466e-02 -1.478292339e+02 -1.478292339e+02 -1.6168e+00 +1.0100e-01
1136 +2.247037078e-02 +2.247037078e-02 -1.478775296e+02 -1.478775296e+02 -1.6591e+00 +1.3045e-01
1627 +7.676556649e-03 +7.676556649e-03 -1.478923234e+02 -1.478923234e+02 -1.6722e+00 +1.3962e-01
2266 +5.753549063e-03 +5.753549063e-03 -1.478942465e+02 -1.478942465e+02 -1.6700e+00 +1.3553e-01
2330 +9.828037695e-04 +9.828037695e-04 -1.478990172e+02 -1.478990172e+02 -1.6708e+00 +1.3587e-01
3587 +3.095008171e-04 +3.095008171e-04 -1.478996905e+02 -1.478996905e+02 -1.6704e+00 +1.3508e-01
3749 +7.259869824e-05 +7.259869824e-05 -1.478999274e+02 -1.478999274e+02 -1.6704e+00 +1.3517e-01
4309 +3.463496662e-05 +3.463496662e-05 -1.478999654e+02 -1.478999654e+02 -1.6704e+00 +1.3519e-01
6866 +2.509090828e-05 +2.509090828e-05 -1.478999749e+02 -1.478999749e+02 -1.6704e+00 +1.3520e-01
7017 +7.324899599e-06 +7.324899599e-06 -1.478999927e+02 -1.478999927e+02 -1.6704e+00 +1.3520e-01
7332 +1.616727957e-06 +1.616727957e-06 -1.478999984e+02 -1.478999984e+02 -1.6704e+00 +1.3520e-01
7852 +1.346457907e-06 +1.346457907e-06 -1.478999987e+02 -1.478999987e+02 -1.6704e+00 +1.3520e-01
8177 +9.632184970e-07 +9.632184970e-07 -1.478999990e+02 -1.478999990e+02 -1.6704e+00 +1.3520e-01
8866 +6.289749024e-07 +6.289749024e-07 -1.478999994e+02 -1.478999994e+02 -1.6704e+00 +1.3520e-01
10005 +3.840484624e-07 +3.840484624e-07 -1.478999996e+02 -1.478999996e+02 -1.6704e+00 +1.3520e-01
10298 +2.391266776e-07 +2.391266776e-07 -1.478999998e+02 -1.478999998e+02 -1.6704e+00 +1.3520e-01
10345 +1.019564877e-07 +1.019564877e-07 -1.478999999e+02 -1.478999999e+02 -1.6704e+00 +1.3520e-01
10372 +9.559755654e-09 +9.559755654e-09 -1.479000000e+02 -1.479000000e+02 -1.6704e+00 +1.3520e-01
11986 +1.952059847e-09 +1.952059847e-09 -1.479000000e+02 -1.479000000e+02 -1.6704e+00 +1.3520e-01
12167 +1.293585683e-09 +1.293585683e-09 -1.479000000e+02 -1.479000000e+02 -1.6704e+00 +1.3520e-01
12243 +8.709264421e-10 +8.709264421e-10 -1.479000000e+02 -1.479000000e+02 -1.6704e+00 +1.3520e-01
12580 +3.587103947e-10 +3.587103947e-10 -1.479000000e+02 -1.479000000e+02 -1.6704e+00 +1.3520e-01
13483 +1.615489964e-10 +1.615489964e-10 -1.479000000e+02 -1.479000000e+02 -1.6704e+00 +1.3520e-01
13780 +1.486739620e-10 +1.486739620e-10 -1.479000000e+02 -1.479000000e+02 -1.6704e+00 +1.3520e-01
13803 +8.859046829e-11 +8.859046829e-11 -1.479000000e+02 -1.479000000e+02 -1.6704e+00 +1.3520e-01
13883 +1.148237061e-11 +1.148237061e-11 -1.479000000e+02 -1.479000000e+02 -1.6704e+00 +1.3520e-01
15862 +9.293898984e-12 +9.293898984e-12 -1.479000000e+02 -1.479000000e+02 -1.6704e+00 +1.3520e-01
16127 +3.552713679e-12 +3.552713679e-12 -1.479000000e+02 -1.479000000e+02 -1.6704e+00 +1.3520e-01
16683 +2.046363079e-12 +2.046363079e-12 -1.479000000e+02 -1.479000000e+02 -1.6704e+00 +1.3520e-01
16822 +1.080024958e-12 +1.080024958e-12 -1.479000000e+02 -1.479000000e+02 -1.6704e+00 +1.3520e-01
17007 +9.947598301e-13 +9.947598301e-13 -1.479000000e+02 -1.479000000e+02 -1.6704e+00 +1.3520e-01
18043 +5.115907697e-13 +5.115907697e-13 -1.479000000e+02 -1.479000000e+02 -1.6704e+00 +1.3520e-01
18083 +1.136868377e-13 +1.136868377e-13 -1.479000000e+02 -1.479000000e+02 -1.6704e+00 +1.3520e-01
18643 +5.684341886e-14 +5.684341886e-14 -1.479000000e+02 -1.479000000e+02 -1.6704e+00 +1.3520e-01
19563 +2.842170943e-14 +2.842170943e-14 -1.479000000e+02 -1.479000000e+02 -1.6704e+00 +1.3520e-01
20780 +0.000000000e+00 +0.000000000e+00 -1.479000000e+02 -1.479000000e+02 -1.6704e+00 +1.3520e-01
% function evaluation | noise-free fitness - Fopt (-2.218900000000e+02) | best noise-free fitness - Fopt | measured fitness | best measured fitness | x1 | x2...
1 +5.032238481e+02 +5.032238481e+02 +2.813338481e+02 +2.813338481e+02 +3.6843e+00 -3.1522e+00
3 +2.779636787e+02 +2.779636787e+02 +5.607367868e+01 +5.607367868e+01 +3.8380e+00 +3.6001e+00
4 +3.036338413e+01 +3.036338413e+01 -1.915266159e+02 -1.915266159e+02 -1.0807e+00 -3.2465e+00
5 +2.368560229e+01 +2.368560229e+01 -1.982043977e+02 -1.982043977e+02 -2.3333e+00 -3.2696e+00
8 +1.006824844e+01 +1.006824844e+01 -2.118217516e+02 -2.118217516e+02 -4.0654e+00 +3.6748e+00
10 +7.626414525e+00 +7.626414525e+00 -2.142635855e+02 -2.142635855e+02 -2.6841e+00 -7.1631e-01
11 +5.169563167e+00 +5.169563167e+00 -2.167204368e+02 -2.167204368e+02 -4.6563e+00 -1.1919e+00
54 +1.715837873e+00 +1.715837873e+00 -2.201741621e+02 -2.201741621e+02 -5.0000e+00 +9.4549e-01
83 +1.828434092e-01 +1.828434092e-01 -2.217071566e+02 -2.217071566e+02 -3.8563e+00 +1.8394e-01
389 +1.172903050e-01 +1.172903050e-01 -2.217727097e+02 -2.217727097e+02 -3.8082e+00 +1.9627e-01
715 +6.972625550e-02 +6.972625550e-02 -2.218202737e+02 -2.218202737e+02 -3.8733e+00 +2.2266e-01
789 +3.141349090e-02 +3.141349090e-02 -2.218585865e+02 -2.218585865e+02 -3.9545e+00 +2.4809e-01
1349 +2.106523819e-02 +2.106523819e-02 -2.218689348e+02 -2.218689348e+02 -3.9410e+00 +2.5315e-01
1389 +3.257682171e-03 +3.257682171e-03 -2.218867423e+02 -2.218867423e+02 -3.9425e+00 +2.4663e-01
1469 +3.645784174e-04 +3.645784174e-04 -2.218896354e+02 -2.218896354e+02 -3.9429e+00 +2.4788e-01
2681 +2.411921150e-04 +2.411921150e-04 -2.218897588e+02 -2.218897588e+02 -3.9430e+00 +2.4789e-01
3201 +1.417420144e-04 +1.417420144e-04 -2.218898583e+02 -2.218898583e+02 -3.9431e+00 +2.4797e-01
3468 +2.996297249e-05 +2.996297249e-05 -2.218899700e+02 -2.218899700e+02 -3.9432e+00 +2.4801e-01
3691 +9.733411900e-06 +9.733411900e-06 -2.218899903e+02 -2.218899903e+02 -3.9432e+00 +2.4800e-01
4281 +4.137970393e-07 +4.137970393e-07 -2.218899996e+02 -2.218899996e+02 -3.9432e+00 +2.4800e-01
5321 +3.579781378e-07 +3.579781378e-07 -2.218899996e+02 -2.218899996e+02 -3.9432e+00 +2.4800e-01
5481 +2.458082236e-07 +2.458082236e-07 -2.218899998e+02 -2.218899998e+02 -3.9432e+00 +2.4800e-01
5801 +1.581758511e-07 +1.581758511e-07 -2.218899998e+02 -2.218899998e+02 -3.9432e+00 +2.4800e-01
7629 +6.827875154e-08 +6.827875154e-08 -2.218899999e+02 -2.218899999e+02 -3.9432e+00 +2.4800e-01
7731 +4.783896657e-08 +4.783896657e-08 -2.218900000e+02 -2.218900000e+02 -3.9432e+00 +2.4800e-01
7931 +3.819238259e-08 +3.819238259e-08 -2.218900000e+02 -2.218900000e+02 -3.9432e+00 +2.4800e-01
8589 +1.544177053e-08 +1.544177053e-08 -2.218900000e+02 -2.218900000e+02 -3.9432e+00 +2.4800e-01
8789 +1.239300218e-09 +1.239300218e-09 -2.218900000e+02 -2.218900000e+02 -3.9432e+00 +2.4800e-01
9069 +8.926122064e-10 +8.926122064e-10 -2.218900000e+02 -2.218900000e+02 -3.9432e+00 +2.4800e-01
10281 +5.526317182e-10 +5.526317182e-10 -2.218900000e+02 -2.218900000e+02 -3.9432e+00 +2.4800e-01
10469 +9.009681889e-11 +9.009681889e-11 -2.218900000e+02 -2.218900000e+02 -3.9432e+00 +2.4800e-01
10811 +5.758238331e-11 +5.758238331e-11 -2.218900000e+02 -2.218900000e+02 -3.9432e+00 +2.4800e-01
11451 +3.532818482e-11 +3.532818482e-11 -2.218900000e+02 -2.218900000e+02 -3.9432e+00 +2.4800e-01
11611 +9.237055565e-12 +9.237055565e-12 -2.218900000e+02 -2.218900000e+02 -3.9432e+00 +2.4800e-01
12211 +6.110667528e-12 +6.110667528e-12 -2.218900000e+02 -2.218900000e+02 -3.9432e+00 +2.4800e-01
14023 +1.620037438e-12 +1.620037438e-12 -2.218900000e+02 -2.218900000e+02 -3.9432e+00 +2.4800e-01
14691 +1.506350600e-12 +1.506350600e-12 -2.218900000e+02 -2.218900000e+02 -3.9432e+00 +2.4800e-01
14731 +3.979039320e-13 +3.979039320e-13 -2.218900000e+02 -2.218900000e+02 -3.9432e+00 +2.4800e-01
15561 +1.705302566e-13 +1.705302566e-13 -2.218900000e+02 -2.218900000e+02 -3.9432e+00 +2.4800e-01
15651 +1.421085472e-13 +1.421085472e-13 -2.218900000e+02 -2.218900000e+02 -3.9432e+00 +2.4800e-01
15771 +8.526512829e-14 +8.526512829e-14 -2.218900000e+02 -2.218900000e+02 -3.9432e+00 +2.4800e-01
16223 +2.842170943e-14 +2.842170943e-14 -2.218900000e+02 -2.218900000e+02 -3.9432e+00 +2.4800e-01
16983 +0.000000000e+00 +0.000000000e+00 -2.218900000e+02 -2.218900000e+02 -3.9432e+00 +2.4800e-01
% function evaluation | noise-free fitness - Fopt (1.195400000000e+02) | best noise-free fitness - Fopt | measured fitness | best measured fitness | x1 | x2...
1 +3.028643332e+01 +3.028643332e+01 +1.498264333e+02 +1.498264333e+02 -2.3906e+00 -1.0794e+00
3 +2.261567260e+01 +2.261567260e+01 +1.421556726e+02 +1.421556726e+02 +3.3271e+00 -1.1036e+00
11 +3.153767722e+00 +3.153767722e+00 +1.226937677e+02 +1.226937677e+02 +1.2053e+00 +6.5641e-01
91 +2.460967086e+00 +2.460967086e+00 +1.220009671e+02 +1.220009671e+02 -8.4758e-01 +9.4053e-01
115 +1.244525631e+00 +1.244525631e+00 +1.207845256e+02 +1.207845256e+02 +1.4255e+00 +6.4212e-01
226 +7.178419868e-01 +7.178419868e-01 +1.202578420e+02 +1.202578420e+02 +1.1447e+00 +1.1371e+00
301 +3.458247359e-01 +3.458247359e-01 +1.198858247e+02 +1.198858247e+02 +1.0754e+00 +9.7024e-01
606 +7.788951347e-02 +7.788951347e-02 +1.196178895e+02 +1.196178895e+02 +1.2691e+00 +9.2793e-01
895 +3.193064402e-02 +3.193064402e-02 +1.195719306e+02 +1.195719306e+02 +1.2902e+00 +9.0959e-01
1593 +2.285849780e-02 +2.285849780e-02 +1.195628585e+02 +1.195628585e+02 +1.3137e+00 +9.0535e-01
1717 +1.121069222e-02 +1.121069222e-02 +1.195512107e+02 +1.195512107e+02 +1.3126e+00 +9.0816e-01
1757 +8.015989976e-03 +8.015989976e-03 +1.195480160e+02 +1.195480160e+02 +1.3209e+00 +9.1116e-01
1877 +1.462206689e-03 +1.462206689e-03 +1.195414622e+02 +1.195414622e+02 +1.3188e+00 +9.0889e-01
2969 +2.295296837e-04 +2.295296837e-04 +1.195402295e+02 +1.195402295e+02 +1.3190e+00 +9.0883e-01
4874 +1.302089437e-04 +1.302089437e-04 +1.195401302e+02 +1.195401302e+02 +1.3192e+00 +9.0882e-01
4899 +4.571917496e-05 +4.571917496e-05 +1.195400457e+02 +1.195400457e+02 +1.3192e+00 +9.0881e-01
5382 +2.960340149e-05 +2.960340149e-05 +1.195400296e+02 +1.195400296e+02 +1.3192e+00 +9.0879e-01
6502 +2.309491182e-05 +2.309491182e-05 +1.195400231e+02 +1.195400231e+02 +1.3192e+00 +9.0880e-01
7041 +1.056795242e-05 +1.056795242e-05 +1.195400106e+02 +1.195400106e+02 +1.3192e+00 +9.0880e-01
7160 +2.383367999e-06 +2.383367999e-06 +1.195400024e+02 +1.195400024e+02 +1.3192e+00 +9.0880e-01
7640 +1.499341479e-06 +1.499341479e-06 +1.195400015e+02 +1.195400015e+02 +1.3192e+00 +9.0880e-01
7979 +8.253996953e-07 +8.253996953e-07 +1.195400008e+02 +1.195400008e+02 +1.3192e+00 +9.0880e-01
8640 +3.754035731e-07 +3.754035731e-07 +1.195400004e+02 +1.195400004e+02 +1.3192e+00 +9.0880e-01
8754 +4.308324719e-08 +4.308324719e-08 +1.195400000e+02 +1.195400000e+02 +1.3192e+00 +9.0880e-01
10373 +1.076116973e-08 +1.076116973e-08 +1.195400000e+02 +1.195400000e+02 +1.3192e+00 +9.0880e-01
11120 +5.797247127e-09 +5.797247127e-09 +1.195400000e+02 +1.195400000e+02 +1.3192e+00 +9.0880e-01
11253 +3.500076673e-09 +3.500076673e-09 +1.195400000e+02 +1.195400000e+02 +1.3192e+00 +9.0880e-01
11520 +8.582503597e-10 +8.582503597e-10 +1.195400000e+02 +1.195400000e+02 +1.3192e+00 +9.0880e-01
11920 +1.626290214e-10 +1.626290214e-10 +1.195400000e+02 +1.195400000e+02 +1.3192e+00 +9.0880e-01
12760 +1.353726020e-10 +1.353726020e-10 +1.195400000e+02 +1.195400000e+02 +1.3192e+00 +9.0880e-01
12850 +2.307842806e-11 +2.307842806e-11 +1.195400000e+02 +1.195400000e+02 +1.3192e+00 +9.0880e-01
13200 +3.907985047e-12 +3.907985047e-12 +1.195400000e+02 +1.195400000e+02 +1.3192e+00 +9.0880e-01
14600 +2.444267011e-12 +2.444267011e-12 +1.195400000e+02 +1.195400000e+02 +1.3192e+00 +9.0880e-01
14840 +1.463718036e-12 +1.463718036e-12 +1.195400000e+02 +1.195400000e+02 +1.3192e+00 +9.0880e-01
16504 +4.973799150e-13 +4.973799150e-13 +1.195400000e+02 +1.195400000e+02 +1.3192e+00 +9.0880e-01
16973 +3.410605132e-13 +3.410605132e-13 +1.195400000e+02 +1.195400000e+02 +1.3192e+00 +9.0880e-01
17440 +1.421085472e-13 +1.421085472e-13 +1.195400000e+02 +1.195400000e+02 +1.3192e+00 +9.0880e-01
18480 +9.947598301e-14 +9.947598301e-14 +1.195400000e+02 +1.195400000e+02 +1.3192e+00 +9.0880e-01
18678 +4.263256415e-14 +4.263256415e-14 +1.195400000e+02 +1.195400000e+02 +1.3192e+00 +9.0880e-01
19120 +1.421085472e-14 +1.421085472e-14 +1.195400000e+02 +1.195400000e+02 +1.3192e+00 +9.0880e-01
20440 +0.000000000e+00 +0.000000000e+00 +1.195400000e+02 +1.195400000e+02 +1.3192e+00 +9.0880e-01
% function evaluation | noise-free fitness - Fopt (6.983000000000e+01) | best noise-free fitness - Fopt | measured fitness | best measured fitness | x1 | x2...
1 +1.794277499e+01 +1.794277499e+01 +8.777277499e+01 +8.777277499e+01 +2.4339e+00 -2.4708e+00
3 +6.247682659e+00 +6.247682659e+00 +7.607768266e+01 +7.607768266e+01 -3.8301e-03 -2.1849e+00
65 +3.821646505e+00 +3.821646505e+00 +7.365164650e+01 +7.365164650e+01 -2.2028e+00 -1.1666e+00
76 +1.720290465e+00 +1.720290465e+00 +7.155029046e+01 +7.155029046e+01 -1.5723e+00 -1.8071e+00
78 +1.112865660e+00 +1.112865660e+00 +7.094286566e+01 +7.094286566e+01 -2.1542e+00 -1.8381e+00
178 +1.574643977e-01 +1.574643977e-01 +6.998746440e+01 +6.998746440e+01 -2.7733e+00 -1.4362e+00
693 +9.823149696e-02 +9.823149696e-02 +6.992823150e+01 +6.992823150e+01 -2.8628e+00 -1.4361e+00
942 +5.816006776e-02 +5.816006776e-02 +6.988816007e+01 +6.988816007e+01 -2.8324e+00 -1.4669e+00
1695 +7.548213909e-03 +7.548213909e-03 +6.983754821e+01 +6.983754821e+01 -2.8594e+00 -1.4561e+00
2141 +3.458371458e-03 +3.458371458e-03 +6.983345837e+01 +6.983345837e+01 -2.8635e+00 -1.4559e+00
2566 +2.309821060e-03 +2.309821060e-03 +6.983230982e+01 +6.983230982e+01 -2.8644e+00 -1.4562e+00
2901 +4.159638813e-04 +4.159638813e-04 +6.983041596e+01 +6.983041596e+01 -2.8656e+00 -1.4560e+00
3082 +2.604129093e-04 +2.604129093e-04 +6.983026041e+01 +6.983026041e+01 -2.8654e+00 -1.4561e+00
3341 +2.399547263e-04 +2.399547263e-04 +6.983023995e+01 +6.983023995e+01 -2.8656e+00 -1.4561e+00
3723 +3.857993062e-05 +3.857993062e-05 +6.983003858e+01 +6.983003858e+01 -2.8656e+00 -1.4560e+00
6752 +2.393878894e-05 +2.393878894e-05 +6.983002394e+01 +6.983002394e+01 -2.8656e+00 -1.4560e+00
6775 +7.396635283e-06 +7.396635283e-06 +6.983000740e+01 +6.983000740e+01 -2.8656e+00 -1.4560e+00
6975 +2.074074246e-07 +2.074074246e-07 +6.983000021e+01 +6.983000021e+01 -2.8656e+00 -1.4560e+00
8243 +5.282714710e-08 +5.282714710e-08 +6.983000005e+01 +6.983000005e+01 -2.8656e+00 -1.4560e+00
8563 +1.529292604e-08 +1.529292604e-08 +6.983000002e+01 +6.983000002e+01 -2.8656e+00 -1.4560e+00
9363 +3.853088515e-09 +3.853088515e-09 +6.983000000e+01 +6.983000000e+01 -2.8656e+00 -1.4560e+00
10163 +2.134797228e-09 +2.134797228e-09 +6.983000000e+01 +6.983000000e+01 -2.8656e+00 -1.4560e+00
10483 +1.479293132e-09 +1.479293132e-09 +6.983000000e+01 +6.983000000e+01 -2.8656e+00 -1.4560e+00
10563 +5.080096344e-10 +5.080096344e-10 +6.983000000e+01 +6.983000000e+01 -2.8656e+00 -1.4560e+00
10923 +2.959552603e-10 +2.959552603e-10 +6.983000000e+01 +6.983000000e+01 -2.8656e+00 -1.4560e+00
11003 +2.382307684e-10 +2.382307684e-10 +6.983000000e+01 +6.983000000e+01 -2.8656e+00 -1.4560e+00
11203 +4.797584552e-11 +4.797584552e-11 +6.983000000e+01 +6.983000000e+01 -2.8656e+00 -1.4560e+00
11563 +1.915623216e-11 +1.915623216e-11 +6.983000000e+01 +6.983000000e+01 -2.8656e+00 -1.4560e+00
12375 +4.746425475e-12 +4.746425475e-12 +6.983000000e+01 +6.983000000e+01 -2.8656e+00 -1.4560e+00
13695 +3.765876500e-12 +3.765876500e-12 +6.983000000e+01 +6.983000000e+01 -2.8656e+00 -1.4560e+00
13775 +1.818989404e-12 +1.818989404e-12 +6.983000000e+01 +6.983000000e+01 -2.8656e+00 -1.4560e+00
14615 +8.668621376e-13 +8.668621376e-13 +6.983000000e+01 +6.983000000e+01 -2.8656e+00 -1.4560e+00
15043 +1.563194019e-13 +1.563194019e-13 +6.983000000e+01 +6.983000000e+01 -2.8656e+00 -1.4560e+00
15683 +7.105427358e-14 +7.105427358e-14 +6.983000000e+01 +6.983000000e+01 -2.8656e+00 -1.4560e+00
16643 +5.684341886e-14 +5.684341886e-14 +6.983000000e+01 +6.983000000e+01 -2.8656e+00 -1.4560e+00
18622 +2.842170943e-14 +2.842170943e-14 +6.983000000e+01 +6.983000000e+01 -2.8656e+00 -1.4560e+00
18702 +1.421085472e-14 +1.421085472e-14 +6.983000000e+01 +6.983000000e+01 -2.8656e+00 -1.4560e+00
18982 +0.000000000e+00 +0.000000000e+00 +6.983000000e+01 +6.983000000e+01 -2.8656e+00 -1.4560e+00
% function evaluation | noise-free fitness - Fopt (7.000000000000e-02) | best noise-free fitness - Fopt | measured fitness | best measured fitness | x1 | x2...
1 +4.073639091e+02 +4.073639091e+02 +4.074339091e+02 +4.074339091e+02 +1.7110e+00 +4.8174e+00
2 +6.954016799e+01 +6.954016799e+01 +6.961016799e+01 +6.961016799e+01 -2.0549e+00 -2.9386e+00
3 +5.363571843e+01 +5.363571843e+01 +5.370571843e+01 +5.370571843e+01 -4.1745e+00 +1.6907e-01
4 +3.125665175e+01 +3.125665175e+01 +3.132665175e+01 +3.132665175e+01 +4.3452e+00 +2.7353e+00
15 +2.250917911e+01 +2.250917911e+01 +2.257917911e+01 +2.257917911e+01 +3.5772e+00 +1.8255e+00
17 +4.615624785e+00 +4.615624785e+00 +4.685624785e+00 +4.685624785e+00 +3.1070e+00 -1.5973e+00
24 +1.210100069e+00 +1.210100069e+00 +1.280100069e+00 +1.280100069e+00 +3.6961e+00 -2.2453e+00
55 +9.698502576e-01 +9.698502576e-01 +1.039850258e+00 +1.039850258e+00 +3.4493e+00 -1.8892e+00
257 +3.969407462e-01 +3.969407462e-01 +4.669407462e-01 +4.669407462e-01 +3.7190e+00 -1.8616e+00
292 +1.967118650e-01 +1.967118650e-01 +2.667118650e-01 +2.667118650e-01 +3.6597e+00 -1.8458e+00
693 +9.767475995e-02 +9.767475995e-02 +1.676747600e-01 +1.676747600e-01 +3.7241e+00 -1.8870e+00
778 +5.761037008e-02 +5.761037008e-02 +1.276103701e-01 +1.276103701e-01 +3.7221e+00 -1.9221e+00
1250 +1.641111418e-02 +1.641111418e-02 +8.641111418e-02 +8.641111418e-02 +3.7399e+00 -1.9827e+00
1648 +1.104502416e-02 +1.104502416e-02 +8.104502416e-02 +8.104502416e-02 +3.7365e+00 -1.9885e+00
1817 +8.076103688e-03 +8.076103688e-03 +7.807610369e-02 +7.807610369e-02 +3.7368e+00 -1.9890e+00
2071 +4.601103834e-03 +4.601103834e-03 +7.460110383e-02 +7.460110383e-02 +3.7401e+00 -1.9956e+00
2088 +3.331840292e-03 +3.331840292e-03 +7.333184029e-02 +7.333184029e-02 +3.7400e+00 -1.9975e+00
2248 +2.062625178e-03 +2.062625178e-03 +7.206262518e-02 +7.206262518e-02 +3.7410e+00 -1.9974e+00
2617 +1.549134593e-03 +1.549134593e-03 +7.154913459e-02 +7.154913459e-02 +3.7404e+00 -1.9968e+00
2890 +9.848654974e-04 +9.848654974e-04 +7.098486550e-02 +7.098486550e-02 +3.7410e+00 -1.9976e+00
3139 +5.609773347e-04 +5.609773347e-04 +7.056097733e-02 +7.056097733e-02 +3.7408e+00 -1.9965e+00
3328 +2.424419089e-04 +2.424419089e-04 +7.024244191e-02 +7.024244191e-02 +3.7409e+00 -1.9969e+00
4579 +4.695578814e-05 +4.695578814e-05 +7.004695579e-02 +7.004695579e-02 +3.7408e+00 -1.9968e+00
4606 +3.772165517e-05 +3.772165517e-05 +7.003772166e-02 +7.003772166e-02 +3.7408e+00 -1.9968e+00
4886 +2.266861562e-05 +2.266861562e-05 +7.002266862e-02 +7.002266862e-02 +3.7408e+00 -1.9968e+00
5897 +5.814873194e-06 +5.814873194e-06 +7.000581487e-02 +7.000581487e-02 +3.7408e+00 -1.9968e+00
6459 +1.197695335e-06 +1.197695335e-06 +7.000119770e-02 +7.000119770e-02 +3.7408e+00 -1.9968e+00
6537 +9.262659172e-07 +9.262659172e-07 +7.000092627e-02 +7.000092627e-02 +3.7408e+00 -1.9968e+00
7097 +5.702594512e-07 +5.702594512e-07 +7.000057026e-02 +7.000057026e-02 +3.7408e+00 -1.9968e+00
7737 +3.616684917e-07 +3.616684917e-07 +7.000036167e-02 +7.000036167e-02 +3.7408e+00 -1.9968e+00
8017 +1.831031966e-07 +1.831031966e-07 +7.000018310e-02 +7.000018310e-02 +3.7408e+00 -1.9968e+00
8057 +1.507796469e-07 +1.507796469e-07 +7.000015078e-02 +7.000015078e-02 +3.7408e+00 -1.9968e+00
8257 +3.154204965e-08 +3.154204965e-08 +7.000003154e-02 +7.000003154e-02 +3.7408e+00 -1.9968e+00
8822 +4.223369349e-09 +4.223369349e-09 +7.000000422e-02 +7.000000422e-02 +3.7408e+00 -1.9968e+00
9062 +3.933002202e-09 +3.933002202e-09 +7.000000393e-02 +7.000000393e-02 +3.7408e+00 -1.9968e+00
9382 +1.519763732e-09 +1.519763732e-09 +7.000000152e-02 +7.000000152e-02 +3.7408e+00 -1.9968e+00
10537 +8.430621895e-10 +8.430621895e-10 +7.000000084e-02 +7.000000084e-02 +3.7408e+00 -1.9968e+00
10577 +2.388844955e-10 +2.388844955e-10 +7.000000024e-02 +7.000000024e-02 +3.7408e+00 -1.9968e+00
10857 +1.204848304e-10 +1.204848304e-10 +7.000000012e-02 +7.000000012e-02 +3.7408e+00 -1.9968e+00
12018 +9.846137794e-11 +9.846137794e-11 +7.000000010e-02 +7.000000010e-02 +3.7408e+00 -1.9968e+00
12777 +6.193803803e-11 +6.193803803e-11 +7.000000006e-02 +7.000000006e-02 +3.7408e+00 -1.9968e+00
12806 +2.940073185e-11 +2.940073185e-11 +7.000000003e-02 +7.000000003e-02 +3.7408e+00 -1.9968e+00
12886 +2.215870543e-11 +2.215870543e-11 +7.000000002e-02 +7.000000002e-02 +3.7408e+00 -1.9968e+00
13017 +6.758441029e-12 +6.758441029e-12 +7.000000001e-02 +7.000000001e-02 +3.7408e+00 -1.9968e+00
13058 +2.147476641e-12 +2.147476641e-12 +7.000000000e-02 +7.000000000e-02 +3.7408e+00 -1.9968e+00
13097 +4.568706524e-13 +4.568706524e-13 +7.000000000e-02 +7.000000000e-02 +3.7408e+00 -1.9968e+00
14097 +1.636191183e-13 +1.636191183e-13 +7.000000000e-02 +7.000000000e-02 +3.7408e+00 -1.9968e+00
14697 +1.481731404e-13 +1.481731404e-13 +7.000000000e-02 +7.000000000e-02 +3.7408e+00 -1.9968e+00
15898 +9.597878048e-14 +9.597878048e-14 +7.000000000e-02 +7.000000000e-02 +3.7408e+00 -1.9968e+00
15926 +5.814793091e-14 +5.814793091e-14 +7.000000000e-02 +7.000000000e-02 +3.7408e+00 -1.9968e+00
16006 +3.777533841e-14 +3.777533841e-14 +7.000000000e-02 +7.000000000e-02 +3.7408e+00 -1.9968e+00
16177 +2.318978343e-14 +2.318978343e-14 +7.000000000e-02 +7.000000000e-02 +3.7408e+00 -1.9968e+00
16777 +5.467848396e-15 +5.467848396e-15 +7.000000000e-02 +7.000000000e-02 +3.7408e+00 -1.9968e+00
17177 +3.136380045e-15 +3.136380045e-15 +7.000000000e-02 +7.000000000e-02 +3.7408e+00 -1.9968e+00
17457 +1.568190022e-15 +1.568190022e-15 +7.000000000e-02 +7.000000000e-02 +3.7408e+00 -1.9968e+00
17897 +9.436895709e-16 +9.436895709e-16 +7.000000000e-02 +7.000000000e-02 +3.7408e+00 -1.9968e+00
18566 +3.330669074e-16 +3.330669074e-16 +7.000000000e-02 +7.000000000e-02 +3.7408e+00 -1.9968e+00
19737 +0.000000000e+00 +0.000000000e+00 +7.000000000e-02 +7.000000000e-02 +3.7408e+00 -1.9968e+00
% function evaluation | noise-free fitness - Fopt (4.960000000000e+00) | best noise-free fitness - Fopt | measured fitness | best measured fitness | x1 | x2...
1 +1.298415293e+01 +1.298415293e+01 +1.794415293e+01 +1.794415293e+01 +4.4392e+00 -2.9497e+00
9 +6.454121992e+00 +6.454121992e+00 +1.141412199e+01 +1.141412199e+01 +2.8043e+00 -5.2533e-01
31 +3.172552107e+00 +3.172552107e+00 +8.132552107e+00 +8.132552107e+00 +1.1962e+00 +4.1395e+00
37 +1.749858205e-01 +1.749858205e-01 +5.134985820e+00 +5.134985820e+00 +3.3577e+00 +1.7213e+00
569 +1.085061494e-01 +1.085061494e-01 +5.068506149e+00 +5.068506149e+00 +3.3089e+00 +1.8188e+00
709 +9.793191408e-02 +9.793191408e-02 +5.057931914e+00 +5.057931914e+00 +3.1917e+00 +1.8819e+00
887 +4.341247390e-02 +4.341247390e-02 +5.003412474e+00 +5.003412474e+00 +3.2718e+00 +1.8195e+00
1070 +7.910272768e-03 +7.910272768e-03 +4.967910273e+00 +4.967910273e+00 +3.2663e+00 +1.8130e+00
1955 +5.055836090e-03 +5.055836090e-03 +4.965055836e+00 +4.965055836e+00 +3.2619e+00 +1.8172e+00
2176 +1.116060914e-03 +1.116060914e-03 +4.961116061e+00 +4.961116061e+00 +3.2607e+00 +1.8172e+00
2874 +9.910603082e-04 +9.910603082e-04 +4.960991060e+00 +4.960991060e+00 +3.2604e+00 +1.8177e+00
3201 +2.334941433e-04 +2.334941433e-04 +4.960233494e+00 +4.960233494e+00 +3.2599e+00 +1.8178e+00
4561 +1.050329572e-04 +1.050329572e-04 +4.960105033e+00 +4.960105033e+00 +3.2600e+00 +1.8176e+00
4681 +6.189349285e-05 +6.189349285e-05 +4.960061893e+00 +4.960061893e+00 +3.2600e+00 +1.8176e+00
4754 +3.858005689e-05 +3.858005689e-05 +4.960038580e+00 +4.960038580e+00 +3.2600e+00 +1.8176e+00
5634 +3.464032183e-06 +3.464032183e-06 +4.960003464e+00 +4.960003464e+00 +3.2600e+00 +1.8176e+00
6312 +2.364932651e-06 +2.364932651e-06 +4.960002365e+00 +4.960002365e+00 +3.2600e+00 +1.8176e+00
6594 +1.419790841e-06 +1.419790841e-06 +4.960001420e+00 +4.960001420e+00 +3.2600e+00 +1.8176e+00
6794 +9.048431515e-07 +9.048431515e-07 +4.960000905e+00 +4.960000905e+00 +3.2600e+00 +1.8176e+00
6921 +5.208450267e-07 +5.208450267e-07 +4.960000521e+00 +4.960000521e+00 +3.2600e+00 +1.8176e+00
7601 +2.730647015e-07 +2.730647015e-07 +4.960000273e+00 +4.960000273e+00 +3.2600e+00 +1.8176e+00
7801 +2.296067105e-07 +2.296067105e-07 +4.960000230e+00 +4.960000230e+00 +3.2600e+00 +1.8176e+00
9001 +8.702842802e-08 +8.702842802e-08 +4.960000087e+00 +4.960000087e+00 +3.2600e+00 +1.8176e+00
9161 +4.536395348e-08 +4.536395348e-08 +4.960000045e+00 +4.960000045e+00 +3.2600e+00 +1.8176e+00
9673 +2.908874741e-08 +2.908874741e-08 +4.960000029e+00 +4.960000029e+00 +3.2600e+00 +1.8176e+00
9793 +1.067008704e-08 +1.067008704e-08 +4.960000011e+00 +4.960000011e+00 +3.2600e+00 +1.8176e+00
9953 +3.221932943e-09 +3.221932943e-09 +4.960000003e+00 +4.960000003e+00 +3.2600e+00 +1.8176e+00
10433 +1.060848298e-09 +1.060848298e-09 +4.960000001e+00 +4.960000001e+00 +3.2600e+00 +1.8176e+00
10873 +9.045679761e-10 +9.045679761e-10 +4.960000001e+00 +4.960000001e+00 +3.2600e+00 +1.8176e+00
12654 +2.615188066e-10 +2.615188066e-10 +4.960000000e+00 +4.960000000e+00 +3.2600e+00 +1.8176e+00
12694 +1.759365986e-10 +1.759365986e-10 +4.960000000e+00 +4.960000000e+00 +3.2600e+00 +1.8176e+00
12774 +5.297096095e-11 +5.297096095e-11 +4.960000000e+00 +4.960000000e+00 +3.2600e+00 +1.8176e+00
13294 +2.480327055e-11 +2.480327055e-11 +4.960000000e+00 +4.960000000e+00 +3.2600e+00 +1.8176e+00
13654 +9.813483359e-12 +9.813483359e-12 +4.960000000e+00 +4.960000000e+00 +3.2600e+00 +1.8176e+00
14294 +1.344702127e-12 +1.344702127e-12 +4.960000000e+00 +4.960000000e+00 +3.2600e+00 +1.8176e+00
15254 +8.784084571e-13 +8.784084571e-13 +4.960000000e+00 +4.960000000e+00 +3.2600e+00 +1.8176e+00
16633 +3.801403636e-13 +3.801403636e-13 +4.960000000e+00 +4.960000000e+00 +3.2600e+00 +1.8176e+00
17054 +2.380318165e-13 +2.380318165e-13 +4.960000000e+00 +4.960000000e+00 +3.2600e+00 +1.8176e+00
17454 +1.563194019e-13 +1.563194019e-13 +4.960000000e+00 +4.960000000e+00 +3.2600e+00 +1.8176e+00
17524 +7.993605777e-14 +7.993605777e-14 +4.960000000e+00 +4.960000000e+00 +3.2600e+00 +1.8176e+00
17564 +6.306066780e-14 +6.306066780e-14 +4.960000000e+00 +4.960000000e+00 +3.2600e+00 +1.8176e+00
17894 +2.309263891e-14 +2.309263891e-14 +4.960000000e+00 +4.960000000e+00 +3.2600e+00 +1.8176e+00
18374 +9.769962617e-15 +9.769962617e-15 +4.960000000e+00 +4.960000000e+00 +3.2600e+00 +1.8176e+00
18924 +4.440892099e-15 +4.440892099e-15 +4.960000000e+00 +4.960000000e+00 +3.2600e+00 +1.8176e+00
19324 +3.552713679e-15 +3.552713679e-15 +4.960000000e+00 +4.960000000e+00 +3.2600e+00 +1.8176e+00
19454 +1.776356839e-15 +1.776356839e-15 +4.960000000e+00 +4.960000000e+00 +3.2600e+00 +1.8176e+00
19644 +8.881784197e-16 +8.881784197e-16 +4.960000000e+00 +4.960000000e+00 +3.2600e+00 +1.8176e+00
20713 +0.000000000e+00 +0.000000000e+00 +4.960000000e+00 +4.960000000e+00 +3.2600e+00 +1.8176e+00
% function evaluation | noise-free fitness - Fopt (1.923000000000e+02) | best noise-free fitness - Fopt | measured fitness | best measured fitness | x1 | x2...
1 +1.044029054e+01 +1.044029054e+01 +2.027402905e+02 +2.027402905e+02 -2.4747e+00 +2.9016e+00
2 +6.425747873e+00 +6.425747873e+00 +1.987257479e+02 +1.987257479e+02 -2.6277e+00 +2.4873e+00
31 +6.300383238e+00 +6.300383238e+00 +1.986003832e+02 +1.986003832e+02 -4.3750e+00 +1.1037e+00
41 +2.427375494e+00 +2.427375494e+00 +1.947273755e+02 +1.947273755e+02 -3.9163e+00 +1.7610e+00
58 +9.769093636e-01 +9.769093636e-01 +1.932769094e+02 +1.932769094e+02 -3.0234e+00 +3.4045e+00
140 +5.012939438e-01 +5.012939438e-01 +1.928012939e+02 +1.928012939e+02 -2.9264e+00 +3.9756e+00
300 +3.213186781e-02 +3.213186781e-02 +1.923321319e+02 +1.923321319e+02 -3.0050e+00 +3.9730e+00
1066 +9.797846374e-03 +9.797846374e-03 +1.923097978e+02 +1.923097978e+02 -3.0109e+00 +3.9842e+00
2249 +6.153917902e-03 +6.153917902e-03 +1.923061539e+02 +1.923061539e+02 -3.0146e+00 +3.9771e+00
2339 +1.011255967e-03 +1.011255967e-03 +1.923010113e+02 +1.923010113e+02 -3.0135e+00 +3.9792e+00
3076 +2.297500139e-04 +2.297500139e-04 +1.923002298e+02 +1.923002298e+02 -3.0136e+00 +3.9785e+00
3838 +7.178706826e-05 +7.178706826e-05 +1.923000718e+02 +1.923000718e+02 -3.0136e+00 +3.9784e+00
4476 +3.590350616e-05 +3.590350616e-05 +1.923000359e+02 +1.923000359e+02 -3.0136e+00 +3.9784e+00
5596 +1.935047189e-05 +1.935047189e-05 +1.923000194e+02 +1.923000194e+02 -3.0136e+00 +3.9784e+00
5716 +8.682274995e-06 +8.682274995e-06 +1.923000087e+02 +1.923000087e+02 -3.0136e+00 +3.9784e+00
6246 +1.173554580e-06 +1.173554580e-06 +1.923000012e+02 +1.923000012e+02 -3.0136e+00 +3.9784e+00
6460 +8.033825054e-07 +8.033825054e-07 +1.923000008e+02 +1.923000008e+02 -3.0136e+00 +3.9784e+00
6780 +6.191383477e-07 +6.191383477e-07 +1.923000006e+02 +1.923000006e+02 -3.0136e+00 +3.9784e+00
6860 +3.364018539e-07 +3.364018539e-07 +1.923000003e+02 +1.923000003e+02 -3.0136e+00 +3.9784e+00
7380 +8.765920256e-08 +8.765920256e-08 +1.923000001e+02 +1.923000001e+02 -3.0136e+00 +3.9784e+00
7676 +1.226615609e-08 +1.226615609e-08 +1.923000000e+02 +1.923000000e+02 -3.0136e+00 +3.9784e+00
8260 +5.928200153e-09 +5.928200153e-09 +1.923000000e+02 +1.923000000e+02 -3.0136e+00 +3.9784e+00
8460 +6.322977697e-10 +6.322977697e-10 +1.923000000e+02 +1.923000000e+02 -3.0136e+00 +3.9784e+00
9100 +5.664162472e-10 +5.664162472e-10 +1.923000000e+02 +1.923000000e+02 -3.0136e+00 +3.9784e+00
9500 +3.677484983e-10 +3.677484983e-10 +1.923000000e+02 +1.923000000e+02 -3.0136e+00 +3.9784e+00
10158 +2.349622719e-10 +2.349622719e-10 +1.923000000e+02 +1.923000000e+02 -3.0136e+00 +3.9784e+00
10598 +4.914113561e-11 +4.914113561e-11 +1.923000000e+02 +1.923000000e+02 -3.0136e+00 +3.9784e+00
10878 +3.115019354e-11 +3.115019354e-11 +1.923000000e+02 +1.923000000e+02 -3.0136e+00 +3.9784e+00
11118 +2.117417353e-11 +2.117417353e-11 +1.923000000e+02 +1.923000000e+02 -3.0136e+00 +3.9784e+00
12806 +1.068656275e-11 +1.068656275e-11 +1.923000000e+02 +1.923000000e+02 -3.0136e+00 +3.9784e+00
12918 +4.774847184e-12 +4.774847184e-12 +1.923000000e+02 +1.923000000e+02 -3.0136e+00 +3.9784e+00
12998 +3.581135388e-12 +3.581135388e-12 +1.923000000e+02 +1.923000000e+02 -3.0136e+00 +3.9784e+00
13078 +2.160049917e-12 +2.160049917e-12 +1.923000000e+02 +1.923000000e+02 -3.0136e+00 +3.9784e+00
13246 +6.536993169e-13 +6.536993169e-13 +1.923000000e+02 +1.923000000e+02 -3.0136e+00 +3.9784e+00
13438 +5.968558980e-13 +5.968558980e-13 +1.923000000e+02 +1.923000000e+02 -3.0136e+00 +3.9784e+00
13918 +3.410605132e-13 +3.410605132e-13 +1.923000000e+02 +1.923000000e+02 -3.0136e+00 +3.9784e+00
14078 +1.421085472e-13 +1.421085472e-13 +1.923000000e+02 +1.923000000e+02 -3.0136e+00 +3.9784e+00
14118 +5.684341886e-14 +5.684341886e-14 +1.923000000e+02 +1.923000000e+02 -3.0136e+00 +3.9784e+00
14198 +2.842170943e-14 +2.842170943e-14 +1.923000000e+02 +1.923000000e+02 -3.0136e+00 +3.9784e+00
15398 +0.000000000e+00 +0.000000000e+00 +1.923000000e+02 +1.923000000e+02 -3.0136e+00 +3.9784e+00
% function evaluation | noise-free fitness - Fopt (4.971000000000e+01) | best noise-free fitness - Fopt | measured fitness | best measured fitness | x1 | x2...
1 +8.655979293e+01 +8.655979293e+01 +1.362697929e+02 +1.362697929e+02 +3.1400e+00 +3.7161e+00
2 +3.723505066e+01 +3.723505066e+01 +8.694505066e+01 +8.694505066e+01 -4.5717e+00 +2.1525e+00
3 +1.032534887e+01 +1.032534887e+01 +6.003534887e+01 +6.003534887e+01 +1.5570e+00 -1.5056e+00
5 +6.477364724e+00 +6.477364724e+00 +5.618736472e+01 +5.618736472e+01 +1.6653e+00 -4.3095e+00
14 +1.816371394e+00 +1.816371394e+00 +5.152637139e+01 +5.152637139e+01 +2.6995e+00 -3.9722e+00
108 +9.560716424e-01 +9.560716424e-01 +5.066607164e+01 +5.066607164e+01 +3.2499e+00 -4.0126e+00
415 +5.949665964e-01 +5.949665964e-01 +5.030496660e+01 +5.030496660e+01 +3.3749e+00 -3.9312e+00
424 +3.678352897e-01 +3.678352897e-01 +5.007783529e+01 +5.007783529e+01 +3.5577e+00 -3.7638e+00
486 +6.823151074e-02 +6.823151074e-02 +4.977823151e+01 +4.977823151e+01 +3.7023e+00 -3.7389e+00
801 +3.331698009e-02 +3.331698009e-02 +4.974331698e+01 +4.974331698e+01 +3.7213e+00 -3.7039e+00
1131 +1.636142780e-02 +1.636142780e-02 +4.972636143e+01 +4.972636143e+01 +3.7275e+00 -3.7136e+00
1501 +1.448852445e-02 +1.448852445e-02 +4.972448852e+01 +4.972448852e+01 +3.7400e+00 -3.7051e+00
1979 +8.771823149e-03 +8.771823149e-03 +4.971877182e+01 +4.971877182e+01 +3.7431e+00 -3.7049e+00
2255 +4.772818382e-03 +4.772818382e-03 +4.971477282e+01 +4.971477282e+01 +3.7420e+00 -3.7018e+00
2377 +3.803989435e-03 +3.803989435e-03 +4.971380399e+01 +4.971380399e+01 +3.7406e+00 -3.7029e+00
2483 +1.367548895e-03 +1.367548895e-03 +4.971136755e+01 +4.971136755e+01 +3.7437e+00 -3.7025e+00
2723 +7.853541944e-04 +7.853541944e-04 +4.971078535e+01 +4.971078535e+01 +3.7434e+00 -3.7022e+00
2737 +5.738993473e-04 +5.738993473e-04 +4.971057390e+01 +4.971057390e+01 +3.7434e+00 -3.7022e+00
3817 +2.583787890e-04 +2.583787890e-04 +4.971025838e+01 +4.971025838e+01 +3.7433e+00 -3.7025e+00
3900 +5.535442720e-05 +5.535442720e-05 +4.971005535e+01 +4.971005535e+01 +3.7432e+00 -3.7024e+00
4483 +2.925400990e-05 +2.925400990e-05 +4.971002925e+01 +4.971002925e+01 +3.7432e+00 -3.7024e+00
5747 +1.594736271e-05 +1.594736271e-05 +4.971001595e+01 +4.971001595e+01 +3.7432e+00 -3.7024e+00
5919 +7.526303008e-06 +7.526303008e-06 +4.971000753e+01 +4.971000753e+01 +3.7432e+00 -3.7024e+00
6806 +1.932816190e-06 +1.932816190e-06 +4.971000193e+01 +4.971000193e+01 +3.7432e+00 -3.7024e+00
7286 +1.255901715e-06 +1.255901715e-06 +4.971000126e+01 +4.971000126e+01 +3.7432e+00 -3.7024e+00
7327 +8.415394177e-07 +8.415394177e-07 +4.971000084e+01 +4.971000084e+01 +3.7432e+00 -3.7024e+00
7568 +5.493629658e-07 +5.493629658e-07 +4.971000055e+01 +4.971000055e+01 +3.7432e+00 -3.7024e+00
7968 +2.979489366e-07 +2.979489366e-07 +4.971000030e+01 +4.971000030e+01 +3.7432e+00 -3.7024e+00
8899 +2.094475562e-07 +2.094475562e-07 +4.971000021e+01 +4.971000021e+01 +3.7432e+00 -3.7024e+00
8939 +1.185186491e-07 +1.185186491e-07 +4.971000012e+01 +4.971000012e+01 +3.7432e+00 -3.7024e+00
8979 +3.767481616e-08 +3.767481616e-08 +4.971000004e+01 +4.971000004e+01 +3.7432e+00 -3.7024e+00
9019 +2.164049562e-08 +2.164049562e-08 +4.971000002e+01 +4.971000002e+01 +3.7432e+00 -3.7024e+00
9339 +1.303459385e-08 +1.303459385e-08 +4.971000001e+01 +4.971000001e+01 +3.7432e+00 -3.7024e+00
9499 +1.236045932e-09 +1.236045932e-09 +4.971000000e+01 +4.971000000e+01 +3.7432e+00 -3.7024e+00
10899 +3.416644745e-10 +3.416644745e-10 +4.971000000e+01 +4.971000000e+01 +3.7432e+00 -3.7024e+00
11419 +1.486242240e-10 +1.486242240e-10 +4.971000000e+01 +4.971000000e+01 +3.7432e+00 -3.7024e+00
12059 +1.983124776e-11 +1.983124776e-11 +4.971000000e+01 +4.971000000e+01 +3.7432e+00 -3.7024e+00
13019 +1.124078608e-11 +1.124078608e-11 +4.971000000e+01 +4.971000000e+01 +3.7432e+00 -3.7024e+00
14636 +7.126743640e-12 +7.126743640e-12 +4.971000000e+01 +4.971000000e+01 +3.7432e+00 -3.7024e+00
15019 +6.259881502e-12 +6.259881502e-12 +4.971000000e+01 +4.971000000e+01 +3.7432e+00 -3.7024e+00
15876 +3.311129149e-12 +3.311129149e-12 +4.971000000e+01 +4.971000000e+01 +3.7432e+00 -3.7024e+00
16008 +1.804778549e-12 +1.804778549e-12 +4.971000000e+01 +4.971000000e+01 +3.7432e+00 -3.7024e+00
16516 +5.613287613e-13 +5.613287613e-13 +4.971000000e+01 +4.971000000e+01 +3.7432e+00 -3.7024e+00
17328 +3.268496584e-13 +3.268496584e-13 +4.971000000e+01 +4.971000000e+01 +3.7432e+00 -3.7024e+00
17408 +1.918465387e-13 +1.918465387e-13 +4.971000000e+01 +4.971000000e+01 +3.7432e+00 -3.7024e+00
17502 +1.065814104e-13 +1.065814104e-13 +4.971000000e+01 +4.971000000e+01 +3.7432e+00 -3.7024e+00
17782 +9.947598301e-14 +9.947598301e-14 +4.971000000e+01 +4.971000000e+01 +3.7432e+00 -3.7024e+00
18022 +5.684341886e-14 +5.684341886e-14 +4.971000000e+01 +4.971000000e+01 +3.7432e+00 -3.7024e+00
18499 +2.842170943e-14 +2.842170943e-14 +4.971000000e+01 +4.971000000e+01 +3.7432e+00 -3.7024e+00
18782 +1.421085472e-14 +1.421085472e-14 +4.971000000e+01 +4.971000000e+01 +3.7432e+00 -3.7024e+00
18822 +7.105427358e-15 +7.105427358e-15 +4.971000000e+01 +4.971000000e+01 +3.7432e+00 -3.7024e+00
19622 +0.000000000e+00 +0.000000000e+00 +4.971000000e+01 +4.971000000e+01 +3.7432e+00 -3.7024e+00
% function evaluation | noise-free fitness - Fopt (2.051200000000e+02) | best noise-free fitness - Fopt | measured fitness | best measured fitness | x1 | x2...
1 +4.077416608e+00 +4.077416608e+00 +2.091974166e+02 +2.091974166e+02 -1.7477e-01 +8.7320e-01
42 +3.132103173e+00 +3.132103173e+00 +2.082521032e+02 +2.082521032e+02 -2.4773e+00 +5.0000e+00
47 +1.161397067e+00 +1.161397067e+00 +2.062813971e+02 +2.062813971e+02 -1.0919e+00 +3.9438e+00
72 +5.463628955e-01 +5.463628955e-01 +2.056663629e+02 +2.056663629e+02 -1.1549e+00 +3.5047e+00
164 +3.234969581e-02 +3.234969581e-02 +2.051523497e+02 +2.051523497e+02 -1.2073e+00 +3.9235e+00
1379 +1.036918151e-02 +1.036918151e-02 +2.051303692e+02 +2.051303692e+02 -1.1970e+00 +3.9087e+00
1459 +3.200454322e-03 +3.200454322e-03 +2.051232005e+02 +2.051232005e+02 -1.1943e+00 +3.9093e+00
2226 +2.153416045e-03 +2.153416045e-03 +2.051221534e+02 +2.051221534e+02 -1.1933e+00 +3.9068e+00
2303 +1.558538208e-03 +1.558538208e-03 +2.051215585e+02 +2.051215585e+02 -1.1932e+00 +3.9053e+00
2786 +9.875849004e-04 +9.875849004e-04 +2.051209876e+02 +2.051209876e+02 -1.1940e+00 +3.9069e+00
3363 +5.827027020e-04 +5.827027020e-04 +2.051205827e+02 +2.051205827e+02 -1.1936e+00 +3.9062e+00
3923 +2.295754559e-04 +2.295754559e-04 +2.051202296e+02 +2.051202296e+02 -1.1935e+00 +3.9063e+00
4346 +1.052266050e-04 +1.052266050e-04 +2.051201052e+02 +2.051201052e+02 -1.1936e+00 +3.9064e+00
4423 +5.977659862e-05 +5.977659862e-05 +2.051200598e+02 +2.051200598e+02 -1.1936e+00 +3.9064e+00
4723 +3.817522676e-05 +3.817522676e-05 +2.051200382e+02 +2.051200382e+02 -1.1936e+00 +3.9064e+00
5986 +2.491935356e-05 +2.491935356e-05 +2.051200249e+02 +2.051200249e+02 -1.1936e+00 +3.9064e+00
6428 +1.300769554e-05 +1.300769554e-05 +2.051200130e+02 +2.051200130e+02 -1.1936e+00 +3.9064e+00
6628 +8.460579949e-06 +8.460579949e-06 +2.051200085e+02 +2.051200085e+02 -1.1936e+00 +3.9064e+00
6823 +5.203676750e-06 +5.203676750e-06 +2.051200052e+02 +2.051200052e+02 -1.1936e+00 +3.9064e+00
6868 +3.925237678e-06 +3.925237678e-06 +2.051200039e+02 +2.051200039e+02 -1.1936e+00 +3.9064e+00
7028 +1.901520051e-06 +1.901520051e-06 +2.051200019e+02 +2.051200019e+02 -1.1936e+00 +3.9064e+00
7068 +1.372792383e-06 +1.372792383e-06 +2.051200014e+02 +2.051200014e+02 -1.1936e+00 +3.9064e+00
7103 +7.060187954e-07 +7.060187954e-07 +2.051200007e+02 +2.051200007e+02 -1.1936e+00 +3.9064e+00
7207 +3.770036869e-07 +3.770036869e-07 +2.051200004e+02 +2.051200004e+02 -1.1936e+00 +3.9064e+00
8343 +9.349611219e-08 +9.349611219e-08 +2.051200001e+02 +2.051200001e+02 -1.1936e+00 +3.9064e+00
9607 +3.501503443e-08 +3.501503443e-08 +2.051200000e+02 +2.051200000e+02 -1.1936e+00 +3.9064e+00
10008 +1.194339916e-08 +1.194339916e-08 +2.051200000e+02 +2.051200000e+02 -1.1936e+00 +3.9064e+00
10543 +3.458779929e-09 +3.458779929e-09 +2.051200000e+02 +2.051200000e+02 -1.1936e+00 +3.9064e+00
10783 +2.162238388e-09 +2.162238388e-09 +2.051200000e+02 +2.051200000e+02 -1.1936e+00 +3.9064e+00
11463 +1.430862540e-09 +1.430862540e-09 +2.051200000e+02 +2.051200000e+02 -1.1936e+00 +3.9064e+00
11503 +2.114006747e-10 +2.114006747e-10 +2.051200000e+02 +2.051200000e+02 -1.1936e+00 +3.9064e+00
12328 +6.397726793e-11 +6.397726793e-11 +2.051200000e+02 +2.051200000e+02 -1.1936e+00 +3.9064e+00
12463 +3.282707439e-11 +3.282707439e-11 +2.051200000e+02 +2.051200000e+02 -1.1936e+00 +3.9064e+00
12543 +1.728039933e-11 +1.728039933e-11 +2.051200000e+02 +2.051200000e+02 -1.1936e+00 +3.9064e+00
13143 +1.148237061e-11 +1.148237061e-11 +2.051200000e+02 +2.051200000e+02 -1.1936e+00 +3.9064e+00
13503 +9.379164112e-12 +9.379164112e-12 +2.051200000e+02 +2.051200000e+02 -1.1936e+00 +3.9064e+00
15408 +3.240074875e-12 +3.240074875e-12 +2.051200000e+02 +2.051200000e+02 -1.1936e+00 +3.9064e+00
15463 +1.364242053e-12 +1.364242053e-12 +2.051200000e+02 +2.051200000e+02 -1.1936e+00 +3.9064e+00
16106 +9.094947018e-13 +9.094947018e-13 +2.051200000e+02 +2.051200000e+02 -1.1936e+00 +3.9064e+00
16923 +3.979039320e-13 +3.979039320e-13 +2.051200000e+02 +2.051200000e+02 -1.1936e+00 +3.9064e+00
17483 +2.273736754e-13 +2.273736754e-13 +2.051200000e+02 +2.051200000e+02 -1.1936e+00 +3.9064e+00
17597 +8.526512829e-14 +8.526512829e-14 +2.051200000e+02 +2.051200000e+02 -1.1936e+00 +3.9064e+00
17877 +5.684341886e-14 +5.684341886e-14 +2.051200000e+02 +2.051200000e+02 -1.1936e+00 +3.9064e+00
18923 +2.842170943e-14 +2.842170943e-14 +2.051200000e+02 +2.051200000e+02 -1.1936e+00 +3.9064e+00
19477 +0.000000000e+00 +0.000000000e+00 +2.051200000e+02 +2.051200000e+02 -1.1936e+00 +3.9064e+00
% function evaluation | noise-free fitness - Fopt (-1.729000000000e+02) | best noise-free fitness - Fopt | measured fitness | best measured fitness | x1 | x2...
1 +3.789529548e+01 +3.789529548e+01 -1.350047045e+02 -1.350047045e+02 +3.8530e+00 +4.3351e-01
3 +9.731864593e+00 +9.731864593e+00 -1.631681354e+02 -1.631681354e+02 -2.5262e+00 -4.7881e+00
9 +5.494456441e+00 +5.494456441e+00 -1.674055436e+02 -1.674055436e+02 -7.5583e-01 -1.0348e+00
68 +2.446292666e+00 +2.446292666e+00 -1.704537073e+02 -1.704537073e+02 -1.3894e+00 -2.9311e-01
121 +1.394225923e+00 +1.394225923e+00 -1.715057741e+02 -1.715057741e+02 -1.9688e+00 -3.1051e-01
130 +8.294131364e-01 +8.294131364e-01 -1.720705869e+02 -1.720705869e+02 -2.4386e+00 -4.6507e-01
173 +6.020430926e-01 +6.020430926e-01 -1.722979569e+02 -1.722979569e+02 -3.2044e+00 -1.3018e+00
194 +2.465388641e-01 +2.465388641e-01 -1.726534611e+02 -1.726534611e+02 -2.9087e+00 -8.5152e-01
381 +9.336091987e-02 +9.336091987e-02 -1.728066391e+02 -1.728066391e+02 -2.9148e+00 -1.0176e+00
647 +3.242614682e-02 +3.242614682e-02 -1.728675739e+02 -1.728675739e+02 -2.9466e+00 -1.0497e+00
1704 +2.354112408e-02 +2.354112408e-02 -1.728764589e+02 -1.728764589e+02 -2.9392e+00 -1.0379e+00
2171 +1.106268423e-02 +1.106268423e-02 -1.728889373e+02 -1.728889373e+02 -2.9265e+00 -1.0229e+00
2259 +7.563916804e-03 +7.563916804e-03 -1.728924361e+02 -1.728924361e+02 -2.9271e+00 -1.0212e+00
2647 +3.300939835e-03 +3.300939835e-03 -1.728966991e+02 -1.728966991e+02 -2.9302e+00 -1.0249e+00
3762 +1.949652624e-03 +1.949652624e-03 -1.728980503e+02 -1.728980503e+02 -2.9303e+00 -1.0266e+00
3834 +1.454923311e-03 +1.454923311e-03 -1.728985451e+02 -1.728985451e+02 -2.9311e+00 -1.0270e+00
3842 +5.954575391e-04 +5.954575391e-04 -1.728994045e+02 -1.728994045e+02 -2.9312e+00 -1.0274e+00
4207 +7.966633373e-05 +7.966633373e-05 -1.728999203e+02 -1.728999203e+02 -2.9312e+00 -1.0272e+00
4767 +5.036792547e-05 +5.036792547e-05 -1.728999496e+02 -1.728999496e+02 -2.9312e+00 -1.0272e+00
5096 +2.928960919e-05 +2.928960919e-05 -1.728999707e+02 -1.728999707e+02 -2.9312e+00 -1.0272e+00
6253 +4.484087953e-06 +4.484087953e-06 -1.728999955e+02 -1.728999955e+02 -2.9312e+00 -1.0272e+00
6766 +1.860590004e-06 +1.860590004e-06 -1.728999981e+02 -1.728999981e+02 -2.9312e+00 -1.0272e+00
7056 +1.210794409e-06 +1.210794409e-06 -1.728999988e+02 -1.728999988e+02 -2.9312e+00 -1.0272e+00
7136 +9.409880022e-07 +9.409880022e-07 -1.728999991e+02 -1.728999991e+02 -2.9312e+00 -1.0272e+00
7418 +5.340091320e-07 +5.340091320e-07 -1.728999995e+02 -1.728999995e+02 -2.9312e+00 -1.0272e+00
7766 +1.895478192e-07 +1.895478192e-07 -1.728999998e+02 -1.728999998e+02 -2.9312e+00 -1.0272e+00
8616 +1.045577847e-07 +1.045577847e-07 -1.728999999e+02 -1.728999999e+02 -2.9312e+00 -1.0272e+00
9056 +9.215750651e-08 +9.215750651e-08 -1.728999999e+02 -1.728999999e+02 -2.9312e+00 -1.0272e+00
9336 +4.201160664e-08 +4.201160664e-08 -1.729000000e+02 -1.729000000e+02 -2.9312e+00 -1.0272e+00
9576 +2.736902616e-08 +2.736902616e-08 -1.729000000e+02 -1.729000000e+02 -2.9312e+00 -1.0272e+00
9696 +1.509093295e-08 +1.509093295e-08 -1.729000000e+02 -1.729000000e+02 -2.9312e+00 -1.0272e+00
9800 +9.568282167e-09 +9.568282167e-09 -1.729000000e+02 -1.729000000e+02 -2.9312e+00 -1.0272e+00
9816 +3.888175115e-09 +3.888175115e-09 -1.729000000e+02 -1.729000000e+02 -2.9312e+00 -1.0272e+00
10606 +1.737959110e-09 +1.737959110e-09 -1.729000000e+02 -1.729000000e+02 -2.9312e+00 -1.0272e+00
10760 +9.559641967e-10 +9.559641967e-10 -1.729000000e+02 -1.729000000e+02 -2.9312e+00 -1.0272e+00
10800 +5.927915936e-10 +5.927915936e-10 -1.729000000e+02 -1.729000000e+02 -2.9312e+00 -1.0272e+00
11120 +2.875992777e-10 +2.875992777e-10 -1.729000000e+02 -1.729000000e+02 -2.9312e+00 -1.0272e+00
12486 +2.048636816e-10 +2.048636816e-10 -1.729000000e+02 -1.729000000e+02 -2.9312e+00 -1.0272e+00
12606 +1.176658770e-10 +1.176658770e-10 -1.729000000e+02 -1.729000000e+02 -2.9312e+00 -1.0272e+00
12686 +9.427481018e-11 +9.427481018e-11 -1.729000000e+02 -1.729000000e+02 -2.9312e+00 -1.0272e+00
12966 +4.951061783e-11 +4.951061783e-11 -1.729000000e+02 -1.729000000e+02 -2.9312e+00 -1.0272e+00
13400 +3.043965080e-11 +3.043965080e-11 -1.729000000e+02 -1.729000000e+02 -2.9312e+00 -1.0272e+00
13446 +2.421529643e-11 +2.421529643e-11 -1.729000000e+02 -1.729000000e+02 -2.9312e+00 -1.0272e+00
13526 +1.006128514e-11 +1.006128514e-11 -1.729000000e+02 -1.729000000e+02 -2.9312e+00 -1.0272e+00
13606 +9.890754882e-12 +9.890754882e-12 -1.729000000e+02 -1.729000000e+02 -2.9312e+00 -1.0272e+00
15128 +1.762145985e-12 +1.762145985e-12 -1.729000000e+02 -1.729000000e+02 -2.9312e+00 -1.0272e+00
15326 +4.831690603e-13 +4.831690603e-13 -1.729000000e+02 -1.729000000e+02 -2.9312e+00 -1.0272e+00
15606 +3.694822226e-13 +3.694822226e-13 -1.729000000e+02 -1.729000000e+02 -2.9312e+00 -1.0272e+00
15920 +1.136868377e-13 +1.136868377e-13 -1.729000000e+02 -1.729000000e+02 -2.9312e+00 -1.0272e+00
16006 +5.684341886e-14 +5.684341886e-14 -1.729000000e+02 -1.729000000e+02 -2.9312e+00 -1.0272e+00
17886 +2.842170943e-14 +2.842170943e-14 -1.729000000e+02 -1.729000000e+02 -2.9312e+00 -1.0272e+00
17926 +0.000000000e+00 +0.000000000e+00 -1.729000000e+02 -1.729000000e+02 -2.9312e+00 -1.0272e+00
% function evaluation | noise-free fitness - Fopt (-3.506200000000e+02) | best noise-free fitness - Fopt | measured fitness | best measured fitness | x1 | x2...
1 +2.300462372e+02 +2.300462372e+02 -1.205737628e+02 -1.205737628e+02 +1.5566e+00 +1.4431e+00
2 +2.660182865e+01 +2.660182865e+01 -3.240181714e+02 -3.240181714e+02 -1.3147e+00 -4.6004e+00
6 +2.075922657e+01 +2.075922657e+01 -3.298607734e+02 -3.298607734e+02 -2.0917e+00 -6.9303e-01
7 +1.166339822e+01 +1.166339822e+01 -3.389566018e+02 -3.389566018e+02 -3.6530e+00 +2.8343e+00
12 +4.430317555e+00 +4.430317555e+00 -3.461896824e+02 -3.461896824e+02 -3.5284e+00 -3.7300e-01
16 +2.831483066e+00 +2.831483066e+00 -3.477885169e+02 -3.477885169e+02 -3.0312e+00 -2.4735e+00
29 +2.201186779e+00 +2.201186779e+00 -3.484188132e+02 -3.484188132e+02 -3.5314e+00 -3.7598e+00
87 +1.401757241e+00 +1.401757241e+00 -3.492182428e+02 -3.492182428e+02 -4.2197e+00 -4.0289e+00
140 +4.993482791e-01 +4.993482791e-01 -3.501206517e+02 -3.501206517e+02 -3.8377e+00 -3.7034e+00
155 +3.514060244e-01 +3.514060244e-01 -3.502685940e+02 -3.502685940e+02 -4.0310e+00 -3.8957e+00
292 +6.359179662e-03 +6.359179662e-03 -3.506136408e+02 -3.506136408e+02 -3.9103e+00 -3.7421e+00
1539 +4.263814117e-03 +4.263814117e-03 -3.506157362e+02 -3.506157362e+02 -3.9097e+00 -3.7385e+00
1608 +3.133045671e-03 +3.133045671e-03 -3.506168670e+02 -3.506168670e+02 -3.9103e+00 -3.7393e+00
1718 +1.139563620e-03 +1.139563620e-03 -3.506188604e+02 -3.506188604e+02 -3.9100e+00 -3.7403e+00
2288 +9.829994613e-04 +9.829994613e-04 -3.506190170e+02 -3.506190170e+02 -3.9100e+00 -3.7405e+00
2539 +3.334338028e-04 +3.334338028e-04 -3.506196666e+02 -3.506196666e+02 -3.9096e+00 -3.7401e+00
2703 +2.303489811e-04 +2.303489811e-04 -3.506197697e+02 -3.506197697e+02 -3.9097e+00 -3.7400e+00
3038 +3.550627997e-05 +3.550627997e-05 -3.506199645e+02 -3.506199645e+02 -3.9096e+00 -3.7400e+00
6921 +5.140940459e-06 +5.140940459e-06 -3.506199949e+02 -3.506199949e+02 -3.9096e+00 -3.7400e+00
7111 +2.276508098e-06 +2.276508098e-06 -3.506199977e+02 -3.506199977e+02 -3.9096e+00 -3.7400e+00
7342 +8.601481909e-07 +8.601481909e-07 -3.506199991e+02 -3.506199991e+02 -3.9096e+00 -3.7400e+00
8222 +5.985594953e-07 +5.985594953e-07 -3.506199994e+02 -3.506199994e+02 -3.9096e+00 -3.7400e+00
8983 +3.667437340e-07 +3.667437340e-07 -3.506199996e+02 -3.506199996e+02 -3.9096e+00 -3.7400e+00
9005 +1.919453894e-07 +1.919453894e-07 -3.506199998e+02 -3.506199998e+02 -3.9096e+00 -3.7400e+00
9085 +1.290584919e-07 +1.290584919e-07 -3.506199999e+02 -3.506199999e+02 -3.9096e+00 -3.7400e+00
9389 +9.628854514e-08 +9.628854514e-08 -3.506199999e+02 -3.506199999e+02 -3.9096e+00 -3.7400e+00
9509 +4.640401130e-08 +4.640401130e-08 -3.506200000e+02 -3.506200000e+02 -3.9096e+00 -3.7400e+00
9749 +1.331136446e-08 +1.331136446e-08 -3.506200000e+02 -3.506200000e+02 -3.9096e+00 -3.7400e+00
10455 +5.148422133e-09 +5.148422133e-09 -3.506200000e+02 -3.506200000e+02 -3.9096e+00 -3.7400e+00
10589 +2.367528396e-09 +2.367528396e-09 -3.506200000e+02 -3.506200000e+02 -3.9096e+00 -3.7400e+00
11015 +1.033470198e-09 +1.033470198e-09 -3.506200000e+02 -3.506200000e+02 -3.9096e+00 -3.7400e+00
11389 +8.854499356e-10 +8.854499356e-10 -3.506200000e+02 -3.506200000e+02 -3.9096e+00 -3.7400e+00
12165 +6.186837709e-10 +6.186837709e-10 -3.506200000e+02 -3.506200000e+02 -3.9096e+00 -3.7400e+00
12285 +2.734168447e-10 +2.734168447e-10 -3.506200000e+02 -3.506200000e+02 -3.9096e+00 -3.7400e+00
12325 +5.417177817e-11 +5.417177817e-11 -3.506200000e+02 -3.506200000e+02 -3.9096e+00 -3.7400e+00
12565 +3.308286978e-11 +3.308286978e-11 -3.506200000e+02 -3.506200000e+02 -3.9096e+00 -3.7400e+00
13477 +1.904254532e-11 +1.904254532e-11 -3.506200000e+02 -3.506200000e+02 -3.9096e+00 -3.7400e+00
13525 +1.546140993e-11 +1.546140993e-11 -3.506200000e+02 -3.506200000e+02 -3.9096e+00 -3.7400e+00
13749 +4.718003765e-12 +4.718003765e-12 -3.506200000e+02 -3.506200000e+02 -3.9096e+00 -3.7400e+00
14126 +3.240074875e-12 +3.240074875e-12 -3.506200000e+02 -3.506200000e+02 -3.9096e+00 -3.7400e+00
14925 +2.160049917e-12 +2.160049917e-12 -3.506200000e+02 -3.506200000e+02 -3.9096e+00 -3.7400e+00
15165 +9.663381206e-13 +9.663381206e-13 -3.506200000e+02 -3.506200000e+02 -3.9096e+00 -3.7400e+00
15885 +5.684341886e-13 +5.684341886e-13 -3.506200000e+02 -3.506200000e+02 -3.9096e+00 -3.7400e+00
16151 +3.979039320e-13 +3.979039320e-13 -3.506200000e+02 -3.506200000e+02 -3.9096e+00 -3.7400e+00
16869 +1.136868377e-13 +1.136868377e-13 -3.506200000e+02 -3.506200000e+02 -3.9096e+00 -3.7400e+00
17965 +5.684341886e-14 +5.684341886e-14 -3.506200000e+02 -3.506200000e+02 -3.9096e+00 -3.7400e+00
19189 +0.000000000e+00 +0.000000000e+00 -3.506200000e+02 -3.506200000e+02 -3.9096e+00 -3.7400e+00
