% function evaluation | noise-free fitness - Fopt (-5.235000000000e+01) | best noise-free fitness - Fopt | measured fitness | best measured fitness | x1 | x2...
1 +5.742015682e+01 +5.742015682e+01 +5.070156816e+00 +5.070156816e+00 +3.0177e+00 -1.8795e+00 -3.0389e-01 -4.8687e+00 +4.3068e+00
2 +3.473123931e+01 +3.473123931e+01 -1.761876069e+01 -1.761876069e+01 +1.4823e+00 -2.8641e+00 -3.4829e+00 -2.9606e+00 -3.0803e+00
6 +6.707496680e+00 +6.707496680e+00 -4.564250332e+01 -4.564250332e+01 -2.0592e+00 -3.8059e-01 +1.3643e+00 +1.9007e-01 -1.7436e+00
30 +5.089694832e+00 +5.089694832e+00 -4.726030517e+01 -4.726030517e+01 -9.4747e-01 -2.3912e+00 +3.1894e+00 -8.9545e-01 -3.0741e+00
56 +3.751430880e+00 +3.751430880e+00 -4.859856912e+01 -4.859856912e+01 -2.1872e+00 -1.4242e+00 +3.1413e+00 -4.1520e-02 -1.0806e+00
102 +2.394717196e+00 +2.394717196e+00 -4.995528280e+01 -4.995528280e+01 -1.5286e+00 -2.6153e+00 +2.2374e+00 -2.9606e+00 -2.6420e+00
206 +7.087288227e-01 +7.087288227e-01 -5.164127118e+01 -5.164127118e+01 -3.1658e-01 -8.0121e-01 +2.0916e+00 -1.8795e+00 -2.1546e+00
304 +3.345695807e-01 +3.345695807e-01 -5.201543042e+01 -5.201543042e+01 -1.0710e+00 -8.9037e-01 +2.3461e+00 -2.5073e+00 -1.6403e+00
419 +1.708763474e-01 +1.708763474e-01 -5.217912365e+01 -5.217912365e+01 -8.1779e-01 -1.0353e+00 +2.4628e+00 -2.4251e+00 -1.0757e+00
562 +6.183065157e-02 +6.183065157e-02 -5.228816935e+01 -5.228816935e+01 -9.6065e-01 -1.3465e+00 +2.6599e+00 -2.3893e+00 -1.3193e+00
703 +1.103571203e-02 +1.103571203e-02 -5.233896429e+01 -5.233896429e+01 -9.6065e-01 -1.3465e+00 +2.6599e+00 -2.3893e+00 -1.5055e+00
953 +9.428999519e-03 +9.428999519e-03 -5.234057100e+01 -5.234057100e+01 -8.2391e-01 -1.1914e+00 +2.5088e+00 -2.3744e+00 -1.5654e+00
1202 +3.965698129e-03 +3.965698129e-03 -5.234603430e+01 -5.234603430e+01 -8.9783e-01 -1.3016e+00 +2.6526e+00 -2.3893e+00 -1.5895e+00
1591 +1.714676836e-03 +1.714676836e-03 -5.234828532e+01 -5.234828532e+01 -8.6874e-01 -1.2657e+00 +2.6100e+00 -2.3413e+00 -1.5655e+00
1905 +1.202597934e-03 +1.202597934e-03 -5.234879740e+01 -5.234879740e+01 -8.4917e-01 -1.2242e+00 +2.5222e+00 -2.3254e+00 -1.5374e+00
1951 +9.631444442e-04 +9.631444442e-04 -5.234903686e+01 -5.234903686e+01 -8.4917e-01 -1.2242e+00 +2.5152e+00 -2.3254e+00 -1.5374e+00
2502 +5.580471499e-04 +5.580471499e-04 -5.234944195e+01 -5.234944195e+01 -8.5042e-01 -1.2271e+00 +2.5295e+00 -2.3360e+00 -1.5317e+00
2608 +2.142782873e-04 +2.142782873e-04 -5.234978572e+01 -5.234978572e+01 -8.4870e-01 -1.2198e+00 +2.5066e+00 -2.3283e+00 -1.5070e+00
4551 +1.419299299e-04 +1.419299299e-04 -5.234985807e+01 -5.234985807e+01 -8.5145e-01 -1.2264e+00 +2.5196e+00 -2.3269e+00 -1.5144e+00
5004 +9.737359503e-05 +9.737359503e-05 -5.234990263e+01 -5.234990263e+01 -8.5117e-01 -1.2270e+00 +2.5234e+00 -2.3305e+00 -1.5212e+00
5682 +4.117825447e-05 +4.117825447e-05 -5.234995882e+01 -5.234995882e+01 -8.5665e-01 -1.2323e+00 +2.5291e+00 -2.3356e+00 -1.5215e+00
6718 +3.861650182e-05 +3.861650182e-05 -5.234996138e+01 -5.234996138e+01 -8.5876e-01 -1.2357e+00 +2.5354e+00 -2.3385e+00 -1.5232e+00
7605 +2.215690069e-05 +2.215690069e-05 -5.234997784e+01 -5.234997784e+01 -8.6021e-01 -1.2340e+00 +2.5276e+00 -2.3404e+00 -1.5154e+00
8412 +1.243036095e-05 +1.243036095e-05 -5.234998757e+01 -5.234998757e+01 -8.6308e-01 -1.2377e+00 +2.5335e+00 -2.3438e+00 -1.5179e+00
9210 +7.103588636e-06 +7.103588636e-06 -5.234999290e+01 -5.234999290e+01 -8.6706e-01 -1.2416e+00 +2.5385e+00 -2.3505e+00 -1.5211e+00
9719 +4.701137158e-06 +4.701137158e-06 -5.234999530e+01 -5.234999530e+01 -8.6947e-01 -1.2433e+00 +2.5394e+00 -2.3538e+00 -1.5218e+00
9819 +2.821019926e-06 +2.821019926e-06 -5.234999718e+01 -5.234999718e+01 -8.6758e-01 -1.2409e+00 +2.5361e+00 -2.3531e+00 -1.5228e+00
11181 +1.267250447e-06 +1.267250447e-06 -5.234999873e+01 -5.234999873e+01 -8.7148e-01 -1.2455e+00 +2.5426e+00 -2.3574e+00 -1.5242e+00
12343 +7.365959291e-07 +7.365959291e-07 -5.234999926e+01 -5.234999926e+01 -8.7220e-01 -1.2462e+00 +2.5434e+00 -2.3585e+00 -1.5244e+00
15018 +2.296504107e-07 +2.296504107e-07 -5.234999977e+01 -5.234999977e+01 -8.7242e-01 -1.2456e+00 +2.5416e+00 -2.3594e+00 -1.5237e+00
15502 +1.568086958e-07 +1.568086958e-07 -5.234999984e+01 -5.234999984e+01 -8.7242e-01 -1.2456e+00 +2.5416e+00 -2.3594e+00 -1.5237e+00
17868 +8.249393346e-08 +8.249393346e-08 -5.234999992e+01 -5.234999992e+01 -8.7241e-01 -1.2455e+00 +2.5413e+00 -2.3596e+00 -1.5238e+00
18777 +5.792649915e-08 +5.792649915e-08 -5.234999994e+01 -5.234999994e+01 -8.7213e-01 -1.2451e+00 +2.5406e+00 -2.3594e+00 -1.5237e+00
19105 +2.013548084e-08 +2.013548084e-08 -5.234999998e+01 -5.234999998e+01 -8.7193e-01 -1.2446e+00 +2.5395e+00 -2.3592e+00 -1.5230e+00
20988 +1.515790871e-08 +1.515790871e-08 -5.234999998e+01 -5.234999998e+01 -8.7237e-01 -1.2451e+00 +2.5402e+00 -2.3598e+00 -1.5232e+00
21064 +6.539607966e-09 +6.539607966e-09 -5.234999999e+01 -5.234999999e+01 -8.7211e-01 -1.2448e+00 +2.5400e+00 -2.3594e+00 -1.5231e+00
% function evaluation | noise-free fitness - Fopt (-1.795400000000e+02) | best noise-free fitness - Fopt | measured fitness | best measured fitness | x1 | x2...
1 +1.414154908e+02 +1.414154908e+02 -3.812450917e+01 -3.812450917e+01 +3.0319e+00 +1.1288e-01 -4.7874e+00 -4.7948e+00 +4.7870e+00
2 +9.569173385e+01 +9.569173385e+01 -8.384826615e+01 -8.384826615e+01 +4.7002e+00 -1.6141e+00 +7.5380e-01 +3.0118e+00 -1.4093e+00
3 +2.291494303e+01 +2.291494303e+01 -1.566250570e+02 -1.566250570e+02 +1.9648e+00 -5.6993e-01 +3.6725e+00 +2.0401e+00 +5.9054e-01
20 +7.800330727e+00 +7.800330727e+00 -1.717396693e+02 -1.717396693e+02 +1.0811e+00 +3.9560e+00 -2.7514e+00 +2.2717e+00 +5.6410e-01
62 +4.945351391e+00 +4.945351391e+00 -1.745946486e+02 -1.745946486e+02 +1.3947e+00 -9.1227e-01 -1.3642e+00 +3.3984e+00 +3.0814e+00
101 +2.388900151e+00 +2.388900151e+00 -1.771510998e+02 -1.771510998e+02 +1.3947e+00 -9.1227e-01 -2.3679e+00 +3.3984e+00 +4.9966e+00
267 +1.405422567e+00 +1.405422567e+00 -1.781345774e+02 -1.781345774e+02 +1.0187e+00 +8.4113e-01 -4.8068e+00 +2.9960e+00 +4.0241e+00
356 +9.594864619e-01 +9.594864619e-01 -1.785805135e+02 -1.785805135e+02 +1.8117e+00 +5.0150e-01 -3.3946e+00 +3.0145e+00 +4.2097e+00
404 +4.805807531e-01 +4.805807531e-01 -1.790594192e+02 -1.790594192e+02 +6.2154e-01 +5.9574e-01 -2.9796e+00 +2.3174e+00 +4.1393e+00
426 +2.088388834e-01 +2.088388834e-01 -1.793311611e+02 -1.793311611e+02 +6.2154e-01 +5.9574e-01 -3.6245e+00 +2.3174e+00 +3.7510e+00
516 +1.503067882e-01 +1.503067882e-01 -1.793896932e+02 -1.793896932e+02 +9.8868e-01 +3.4298e-01 -3.3465e+00 +2.7688e+00 +3.6327e+00
627 +9.990411514e-02 +9.990411514e-02 -1.794400959e+02 -1.794400959e+02 +5.4672e-01 +5.7824e-01 -3.4880e+00 +2.1923e+00 +3.7655e+00
640 +5.562766402e-02 +5.562766402e-02 -1.794843723e+02 -1.794843723e+02 +9.9992e-01 +2.4282e-01 -3.4349e+00 +2.3589e+00 +3.7011e+00
782 +3.042572630e-02 +3.042572630e-02 -1.795095743e+02 -1.795095743e+02 +9.1844e-01 +7.1014e-01 -3.3965e+00 +2.5346e+00 +3.9314e+00
853 +1.999633162e-02 +1.999633162e-02 -1.795200037e+02 -1.795200037e+02 +9.8945e-01 +4.5935e-01 -3.4236e+00 +2.3776e+00 +3.7699e+00
1031 +1.562981674e-02 +1.562981674e-02 -1.795243702e+02 -1.795243702e+02 +6.6067e-01 +5.9303e-01 -3.4116e+00 +2.5346e+00 +3.9314e+00
1221 +9.965942775e-03 +9.965942775e-03 -1.795300341e+02 -1.795300341e+02 +7.9264e-01 +5.4932e-01 -3.4166e+00 +2.5890e+00 +3.8862e+00
1376 +4.170489924e-03 +4.170489924e-03 -1.795358295e+02 -1.795358295e+02 +8.0301e-01 +5.5798e-01 -3.4262e+00 +2.4588e+00 +3.8692e+00
1452 +1.634056102e-03 +1.634056102e-03 -1.795383659e+02 -1.795383659e+02 +8.5437e-01 +5.1414e-01 -3.4361e+00 +2.4431e+00 +3.8395e+00
1901 +7.313241464e-04 +7.313241464e-04 -1.795392687e+02 -1.795392687e+02 +8.0595e-01 +5.1414e-01 -3.4361e+00 +2.4431e+00 +3.8491e+00
2943 +4.889176876e-04 +4.889176876e-04 -1.795395111e+02 -1.795395111e+02 +8.3731e-01 +5.0586e-01 -3.4459e+00 +2.3919e+00 +3.8343e+00
4009 +3.563819629e-04 +3.563819629e-04 -1.795396436e+02 -1.795396436e+02 +7.9844e-01 +5.4732e-01 -3.4496e+00 +2.4199e+00 +3.8724e+00
4317 +1.034457118e-04 +1.034457118e-04 -1.795398966e+02 -1.795398966e+02 +7.8731e-01 +5.4258e-01 -3.4506e+00 +2.4156e+00 +3.8714e+00
5464 +9.764763152e-05 +9.764763152e-05 -1.795399024e+02 -1.795399024e+02 +8.0571e-01 +5.3766e-01 -3.4471e+00 +2.4247e+00 +3.8653e+00
7249 +4.781982332e-05 +4.781982332e-05 -1.795399522e+02 -1.795399522e+02 +8.0132e-01 +5.2648e-01 -3.4478e+00 +2.4073e+00 +3.8566e+00
7829 +3.843873023e-05 +3.843873023e-05 -1.795399616e+02 -1.795399616e+02 +7.8767e-01 +5.2844e-01 -3.4491e+00 +2.4082e+00 +3.8614e+00
7914 +1.870167515e-05 +1.870167515e-05 -1.795399813e+02 -1.795399813e+02 +8.0199e-01 +5.2389e-01 -3.4474e+00 +2.4118e+00 +3.8562e+00
8826 +1.481777099e-05 +1.481777099e-05 -1.795399852e+02 -1.795399852e+02 +8.0401e-01 +5.2316e-01 -3.4468e+00 +2.4131e+00 +3.8554e+00
10730 +9.172432470e-06 +9.172432470e-06 -1.795399908e+02 -1.795399908e+02 +7.9578e-01 +5.2488e-01 -3.4478e+00 +2.4085e+00 +3.8573e+00
11955 +3.539479593e-06 +3.539479593e-06 -1.795399965e+02 -1.795399965e+02 +7.9118e-01 +5.2204e-01 -3.4482e+00 +2.4026e+00 +3.8554e+00
13104 +1.950396324e-06 +1.950396324e-06 -1.795399980e+02 -1.795399980e+02 +7.9312e-01 +5.1985e-01 -3.4480e+00 +2.4016e+00 +3.8536e+00
14036 +9.440307736e-07 +9.440307736e-07 -1.795399991e+02 -1.795399991e+02 +7.9519e-01 +5.1818e-01 -3.4476e+00 +2.4023e+00 +3.8523e+00
17029 +6.113851327e-07 +6.113851327e-07 -1.795399994e+02 -1.795399994e+02 +7.9609e-01 +5.1690e-01 -3.4476e+00 +2.4010e+00 +3.8512e+00
18284 +3.259486903e-07 +3.259486903e-07 -1.795399997e+02 -1.795399997e+02 +7.9563e-01 +5.1550e-01 -3.4477e+00 +2.3994e+00 +3.8502e+00
18667 +2.073216478e-07 +2.073216478e-07 -1.795399998e+02 -1.795399998e+02 +7.9519e-01 +5.1409e-01 -3.4477e+00 +2.3974e+00 +3.8491e+00
19398 +1.287549765e-07 +1.287549765e-07 -1.795399999e+02 -1.795399999e+02 +7.9488e-01 +5.1524e-01 -3.4478e+00 +2.3987e+00 +3.8501e+00
19504 +8.594787460e-08 +8.594787460e-08 -1.795399999e+02 -1.795399999e+02 +7.9446e-01 +5.1488e-01 -3.4478e+00 +2.3978e+00 +3.8498e+00
20879 +3.897977763e-08 +3.897977763e-08 -1.795400000e+02 -1.795400000e+02 +7.9443e-01 +5.1369e-01 -3.4478e+00 +2.3963e+00 +3.8489e+00
21886 +2.392130227e-08 +2.392130227e-08 -1.795400000e+02 -1.795400000e+02 +7.9412e-01 +5.1431e-01 -3.4479e+00 +2.3968e+00 +3.8494e+00
24497 +1.437354058e-08 +1.437354058e-08 -1.795400000e+02 -1.795400000e+02 +7.9332e-01 +5.1487e-01 -3.4480e+00 +2.3968e+00 +3.8498e+00
25653 +9.407102652e-09 +9.407102652e-09 -1.795400000e+02 -1.795400000e+02 +7.9351e-01 +5.1472e-01 -3.4479e+00 +2.3967e+00 +3.8497e+00
% function evaluation | noise-free fitness - Fopt (7.731000000000e+01) | best noise-free fitness - Fopt | measured fitness | best measured fitness | x1 | x2...
1 +6.423320767e+00 +6.423320767e+00 +8.373332077e+01 +8.373332077e+01 +1.8480e+00 -3.1856e+00 -1.7848e+00 -3.1082e+00 +4.8362e+00
30 +6.159630169e+00 +6.159630169e+00 +8.346963017e+01 +8.346963017e+01 -1.7777e+00 +4.3633e-01 -3.1349e+00 +7.8697e-01 +4.0396e-01
51 +3.918942467e+00 +3.918942467e+00 +8.122894247e+01 +8.122894247e+01 +2.7617e+00 +5.1301e-02 -3.1349e+00 -3.0939e+00 +4.0396e-01
158 +1.420748481e+00 +1.420748481e+00 +7.873074848e+01 +7.873074848e+01 +1.1073e+00 -9.2071e-01 -1.7647e+00 -1.9839e+00 -5.3306e-01
201 +8.710379862e-01 +8.710379862e-01 +7.818103799e+01 +7.818103799e+01 +1.3674e+00 -9.2071e-01 -1.7647e+00 -1.9839e+00 +1.7043e+00
380 +5.711223456e-01 +5.711223456e-01 +7.788112235e+01 +7.788112235e+01 +6.9584e-01 -5.6342e-01 -1.5228e+00 -2.0757e+00 +4.2436e-01
381 +3.567947338e-01 +3.567947338e-01 +7.766679473e+01 +7.766679473e+01 +7.8326e-01 -3.4149e-01 -1.7421e+00 -1.8911e+00 +6.7860e-01
434 +1.414491599e-01 +1.414491599e-01 +7.745144916e+01 +7.745144916e+01 +8.2886e-01 -6.2030e-01 -1.7911e+00 -2.3385e+00 +8.9781e-01
462 +3.835727956e-02 +3.835727956e-02 +7.734835728e+01 +7.734835728e+01 +8.6756e-01 -7.3813e-01 -1.8327e+00 -1.8215e+00 +1.0250e+00
726 +2.167881659e-02 +2.167881659e-02 +7.733167882e+01 +7.733167882e+01 +7.3739e-01 -8.0937e-01 -1.9824e+00 -1.8639e+00 +1.0569e+00
951 +1.544511658e-02 +1.544511658e-02 +7.732544512e+01 +7.732544512e+01 +9.8007e-01 -5.6147e-01 -1.8744e+00 -1.9104e+00 +9.5173e-01
1002 +7.403187118e-03 +7.403187118e-03 +7.731740319e+01 +7.731740319e+01 +9.8007e-01 -5.6007e-01 -2.0526e+00 -1.9104e+00 +9.5173e-01
1395 +5.113541840e-03 +5.113541840e-03 +7.731511354e+01 +7.731511354e+01 +8.7863e-01 -6.2329e-01 -2.0997e+00 -1.8560e+00 +1.0154e+00
1679 +2.971256579e-03 +2.971256579e-03 +7.731297126e+01 +7.731297126e+01 +8.6726e-01 -6.1993e-01 -2.1820e+00 -1.8988e+00 +1.0078e+00
1760 +2.239197003e-03 +2.239197003e-03 +7.731223920e+01 +7.731223920e+01 +8.8749e-01 -6.2900e-01 -2.1964e+00 -1.8642e+00 +1.0126e+00
1894 +2.112191270e-04 +2.112191270e-04 +7.731021122e+01 +7.731021122e+01 +8.7874e-01 -6.4079e-01 -2.0848e+00 -1.8877e+00 +1.0037e+00
5037 +1.392440104e-04 +1.392440104e-04 +7.731013924e+01 +7.731013924e+01 +8.9090e-01 -6.2494e-01 -2.0828e+00 -1.8968e+00 +9.9698e-01
5365 +6.092495556e-05 +6.092495556e-05 +7.731006092e+01 +7.731006092e+01 +8.9368e-01 -6.2540e-01 -2.0932e+00 -1.8888e+00 +9.9831e-01
5801 +2.478647527e-05 +2.478647527e-05 +7.731002479e+01 +7.731002479e+01 +8.9543e-01 -6.1076e-01 -2.1012e+00 -1.8950e+00 +9.9747e-01
8263 +1.275567288e-05 +1.275567288e-05 +7.731001276e+01 +7.731001276e+01 +8.9465e-01 -6.1098e-01 -2.1076e+00 -1.8925e+00 +9.9870e-01
9171 +9.596706349e-06 +9.596706349e-06 +7.731000960e+01 +7.731000960e+01 +8.9157e-01 -6.1696e-01 -2.1128e+00 -1.8882e+00 +1.0009e+00
10279 +4.747172326e-06 +4.747172326e-06 +7.731000475e+01 +7.731000475e+01 +8.9246e-01 -6.1347e-01 -2.1274e+00 -1.8848e+00 +1.0022e+00
11150 +3.055377618e-06 +3.055377618e-06 +7.731000306e+01 +7.731000306e+01 +8.9302e-01 -6.1243e-01 -2.1205e+00 -1.8879e+00 +1.0010e+00
11263 +1.479162577e-06 +1.479162577e-06 +7.731000148e+01 +7.731000148e+01 +8.9611e-01 -6.0384e-01 -2.1283e+00 -1.8892e+00 +1.0003e+00
11903 +6.893259581e-07 +6.893259581e-07 +7.731000069e+01 +7.731000069e+01 +8.9423e-01 -6.0788e-01 -2.1311e+00 -1.8863e+00 +1.0016e+00
12844 +4.802068645e-07 +4.802068645e-07 +7.731000048e+01 +7.731000048e+01 +8.9607e-01 -6.0423e-01 -2.1296e+00 -1.8883e+00 +1.0006e+00
13629 +1.620611414e-07 +1.620611414e-07 +7.731000016e+01 +7.731000016e+01 +8.9561e-01 -6.0505e-01 -2.1309e+00 -1.8875e+00 +1.0009e+00
15466 +5.811315873e-08 +5.811315873e-08 +7.731000006e+01 +7.731000006e+01 +8.9491e-01 -6.0743e-01 -2.1285e+00 -1.8870e+00 +1.0011e+00
21025 +3.968736451e-08 +3.968736451e-08 +7.731000004e+01 +7.731000004e+01 +8.9480e-01 -6.0757e-01 -2.1292e+00 -1.8867e+00 +1.0012e+00
32353 +2.331664462e-08 +2.331664462e-08 +7.731000002e+01 +7.731000002e+01 +8.9494e-01 -6.0746e-01 -2.1287e+00 -1.8869e+00 +1.0011e+00
33548 +1.534934313e-08 +1.534934313e-08 +7.731000002e+01 +7.731000002e+01 +8.9508e-01 -6.0758e-01 -2.1276e+00 -1.8871e+00 +1.0009e+00
37165 +9.451966321e-09 +9.451966321e-09 +7.731000001e+01 +7.731000001e+01 +8.9519e-01 -6.0797e-01 -2.1261e+00 -1.8873e+00 +1.0008e+00
% function evaluation | noise-free fitness - Fopt (3.992000000000e+01) | best noise-free fitness - Fopt | measured fitness | best measured fitness | x1 | x2...
1 +2.212947543e+01 +2.212947543e+01 +6.204947543e+01 +6.204947543e+01 -3.0865e-01 -4.3048e+00 +4.1781e+00 +2.8087e+00 +1.6804e+00
7 +1.319669181e+01 +1.319669181e+01 +5.311669181e+01 +5.311669181e+01 +4.4145e-02 -6.1769e-01 +7.1575e-03 +3.3156e+00 +2.4462e+00
17 +3.208195111e+00 +3.208195111e+00 +4.312819511e+01 +4.312819511e+01 +3.4147e+00 +5.5780e-01 +6.4163e-01 -2.4899e+00 -2.3183e+00
176 +2.035854694e+00 +2.035854694e+00 +4.195585469e+01 +4.195585469e+01 +3.4147e+00 -1.2819e+00 +6.4163e-01 -2.4899e+00 -1.2825e+00
197 +2.605418923e-01 +2.605418923e-01 +4.018054189e+01 +4.018054189e+01 +4.2908e+00 -6.9696e-01 +2.5391e+00 -2.4944e+00 -1.7803e+00
226 +2.122749063e-01 +2.122749063e-01 +4.013227491e+01 +4.013227491e+01 +4.2908e+00 -6.9696e-01 +2.2978e+00 -2.4944e+00 -1.7803e+00
515 +9.280452230e-02 +9.280452230e-02 +4.001280452e+01 +4.001280452e+01 +3.8207e+00 -1.2142e+00 +2.1482e+00 -2.1937e+00 -2.3306e+00
603 +5.433785316e-02 +5.433785316e-02 +3.997433785e+01 +3.997433785e+01 +3.8454e+00 -1.2692e+00 +2.4408e+00 -2.2998e+00 -2.1492e+00
763 +3.156158592e-02 +3.156158592e-02 +3.995156159e+01 +3.995156159e+01 +3.9928e+00 -1.0945e+00 +2.3479e+00 -2.3603e+00 -2.0013e+00
791 +1.604112741e-02 +1.604112741e-02 +3.993604113e+01 +3.993604113e+01 +4.0755e+00 -1.0224e+00 +2.3512e+00 -2.3092e+00 -1.8260e+00
996 +7.717603878e-03 +7.717603878e-03 +3.992771760e+01 +3.992771760e+01 +3.9758e+00 -1.0676e+00 +2.2747e+00 -2.2984e+00 -2.0721e+00
1001 +2.428412294e-03 +2.428412294e-03 +3.992242841e+01 +3.992242841e+01 +3.9758e+00 -1.0676e+00 +2.3517e+00 -2.3119e+00 -1.9956e+00
1352 +1.560936017e-03 +1.560936017e-03 +3.992156094e+01 +3.992156094e+01 +3.9725e+00 -1.0601e+00 +2.3928e+00 -2.2916e+00 -1.9921e+00
1485 +7.671689123e-04 +7.671689123e-04 +3.992076717e+01 +3.992076717e+01 +3.9455e+00 -1.0499e+00 +2.3972e+00 -2.2785e+00 -2.0622e+00
2327 +3.646413521e-04 +3.646413521e-04 +3.992036464e+01 +3.992036464e+01 +3.9455e+00 -1.0769e+00 +2.3746e+00 -2.2785e+00 -2.0622e+00
2870 +1.719491510e-04 +1.719491510e-04 +3.992017195e+01 +3.992017195e+01 +3.9552e+00 -1.0625e+00 +2.3917e+00 -2.2952e+00 -2.0257e+00
3654 +9.584957640e-05 +9.584957640e-05 +3.992009585e+01 +3.992009585e+01 +3.9512e+00 -1.0638e+00 +2.3921e+00 -2.2901e+00 -2.0363e+00
5152 +5.542743752e-05 +5.542743752e-05 +3.992005543e+01 +3.992005543e+01 +3.9458e+00 -1.0693e+00 +2.3955e+00 -2.2901e+00 -2.0409e+00
5817 +1.397764085e-05 +1.397764085e-05 +3.992001398e+01 +3.992001398e+01 +3.9592e+00 -1.0698e+00 +2.3797e+00 -2.2946e+00 -2.0219e+00
10047 +8.132636204e-06 +8.132636204e-06 +3.992000813e+01 +3.992000813e+01 +3.9457e+00 -1.0704e+00 +2.3907e+00 -2.2892e+00 -2.0456e+00
10095 +5.795630045e-06 +5.795630045e-06 +3.992000580e+01 +3.992000580e+01 +3.9498e+00 -1.0702e+00 +2.3907e+00 -2.2922e+00 -2.0343e+00
10468 +6.703330655e-07 +6.703330655e-07 +3.992000067e+01 +3.992000067e+01 +3.9487e+00 -1.0695e+00 +2.3867e+00 -2.2885e+00 -2.0436e+00
12715 +5.024954746e-07 +5.024954746e-07 +3.992000050e+01 +3.992000050e+01 +3.9505e+00 -1.0695e+00 +2.3842e+00 -2.2889e+00 -2.0417e+00
14035 +3.754666125e-07 +3.754666125e-07 +3.992000038e+01 +3.992000038e+01 +3.9505e+00 -1.0696e+00 +2.3841e+00 -2.2888e+00 -2.0417e+00
14971 +1.638886431e-07 +1.638886431e-07 +3.992000016e+01 +3.992000016e+01 +3.9523e+00 -1.0697e+00 +2.3835e+00 -2.2904e+00 -2.0370e+00
15544 +1.531792577e-07 +1.531792577e-07 +3.992000015e+01 +3.992000015e+01 +3.9508e+00 -1.0697e+00 +2.3853e+00 -2.2899e+00 -2.0391e+00
19213 +5.230037203e-08 +5.230037203e-08 +3.992000005e+01 +3.992000005e+01 +3.9516e+00 -1.0698e+00 +2.3842e+00 -2.2901e+00 -2.0381e+00
19259 +3.655031833e-08 +3.655031833e-08 +3.992000004e+01 +3.992000004e+01 +3.9509e+00 -1.0696e+00 +2.3847e+00 -2.2895e+00 -2.0397e+00
21572 +2.160150103e-08 +2.160150103e-08 +3.992000002e+01 +3.992000002e+01 +3.9515e+00 -1.0698e+00 +2.3843e+00 -2.2901e+00 -2.0381e+00
23934 +1.429565089e-08 +1.429565089e-08 +3.992000001e+01 +3.992000001e+01 +3.9511e+00 -1.0696e+00 +2.3846e+00 -2.2897e+00 -2.0393e+00
25718 +9.018101821e-09 +9.018101821e-09 +3.992000001e+01 +3.992000001e+01 +3.9512e+00 -1.0697e+00 +2.3845e+00 -2.2898e+00 -2.0390e+00
% function evaluation | noise-free fitness - Fopt (-5.661000000000e+01) | best noise-free fitness - Fopt | measured fitness | best measured fitness | x1 | x2...
1 +9.045198955e+01 +9.045198955e+01 +3.384198955e+01 +3.384198955e+01 -7.9937e-01 -2.3767e+00 -1.1434e+00 +1.5783e+00 +3.2078e+00
2 +4.825226850e+01 +4.825226850e+01 -8.357731498e+00 -8.357731498e+00 -2.5097e-01 +3.4679e+00 -3.8866e+00 -2.7605e+00 -1.4538e+00
3 +3.045542412e+01 +3.045542412e+01 -2.615457588e+01 -2.615457588e+01 -3.1619e-01 +1.0709e-01 +2.4569e-01 -2.7810e+00 +6.7852e-01
11 +1.479050260e+01 +1.479050260e+01 -4.181949740e+01 -4.181949740e+01 +1.0034e+00 +2.1569e+00 +2.9386e+00 +4.6959e-01 -3.6455e+00
27 +8.639478204e+00 +8.639478204e+00 -4.797052180e+01 -4.797052180e+01 +2.1990e+00 +1.4675e+00 +2.9850e+00 -2.8573e-01 -1.5092e-01
66 +2.620501903e+00 +2.620501903e+00 -5.398949810e+01 -5.398949810e+01 +2.9062e+00 +4.7939e+00 +3.2073e+00 -1.7679e+00 -2.2396e+00
126 +1.053053994e+00 +1.053053994e+00 -5.555694601e+01 -5.555694601e+01 +2.9062e+00 +2.7328e+00 +3.2073e+00 -3.1354e+00 -2.2396e+00
177 +4.217795335e-01 +4.217795335e-01 -5.618822047e+01 -5.618822047e+01 +1.6424e+00 +3.1713e+00 +2.9661e+00 -3.5099e+00 -3.4084e+00
235 +2.938705854e-01 +2.938705854e-01 -5.631612941e+01 -5.631612941e+01 +1.7832e+00 +2.3759e+00 +3.3487e+00 -3.1772e+00 -2.7541e+00
479 +2.479939203e-01 +2.479939203e-01 -5.636200608e+01 -5.636200608e+01 +1.6772e+00 +3.2617e+00 +3.1571e+00 -3.2626e+00 -3.4180e+00
502 +1.266932382e-01 +1.266932382e-01 -5.648330676e+01 -5.648330676e+01 +2.3699e+00 +2.9159e+00 +3.1899e+00 -3.2968e+00 -3.2620e+00
614 +4.382459865e-02 +4.382459865e-02 -5.656617540e+01 -5.656617540e+01 +1.9675e+00 +2.9024e+00 +2.9254e+00 -3.2380e+00 -3.0791e+00
651 +2.836282299e-02 +2.836282299e-02 -5.658163718e+01 -5.658163718e+01 +1.9675e+00 +2.9329e+00 +2.9831e+00 -3.2380e+00 -3.0791e+00
959 +1.563137513e-02 +1.563137513e-02 -5.659436862e+01 -5.659436862e+01 +1.9582e+00 +2.9254e+00 +3.1242e+00 -3.2389e+00 -3.0908e+00
1025 +8.660091587e-03 +8.660091587e-03 -5.660133991e+01 -5.660133991e+01 +2.0428e+00 +2.9376e+00 +3.2263e+00 -3.3359e+00 -3.1474e+00
1212 +4.196052680e-03 +4.196052680e-03 -5.660580395e+01 -5.660580395e+01 +1.9139e+00 +2.9361e+00 +3.1242e+00 -3.2389e+00 -3.0908e+00
1369 +2.763918291e-03 +2.763918291e-03 -5.660723608e+01 -5.660723608e+01 +2.0471e+00 +2.9454e+00 +3.1670e+00 -3.3056e+00 -3.1610e+00
1439 +1.415795981e-03 +1.415795981e-03 -5.660858420e+01 -5.660858420e+01 +1.9152e+00 +2.9305e+00 +3.2130e+00 -3.2453e+00 -3.0996e+00
2146 +6.456409357e-04 +6.456409357e-04 -5.660935436e+01 -5.660935436e+01 +1.9456e+00 +2.9388e+00 +3.2066e+00 -3.2572e+00 -3.1200e+00
2380 +4.195055753e-04 +4.195055753e-04 -5.660958049e+01 -5.660958049e+01 +1.9152e+00 +2.9305e+00 +3.2207e+00 -3.2453e+00 -3.0991e+00
2414 +1.467407880e-04 +1.467407880e-04 -5.660985326e+01 -5.660985326e+01 +1.9426e+00 +2.9198e+00 +3.2000e+00 -3.2746e+00 -3.0799e+00
4051 +7.101254582e-05 +7.101254582e-05 -5.660992899e+01 -5.660992899e+01 +1.9370e+00 +2.9237e+00 +3.2089e+00 -3.2658e+00 -3.0890e+00
4280 +2.801741727e-05 +2.801741727e-05 -5.660997198e+01 -5.660997198e+01 +1.9411e+00 +2.9209e+00 +3.2060e+00 -3.2706e+00 -3.0849e+00
6475 +2.448273001e-05 +2.448273001e-05 -5.660997552e+01 -5.660997552e+01 +1.9500e+00 +2.9156e+00 +3.2137e+00 -3.2833e+00 -3.0768e+00
9961 +1.153818336e-05 +1.153818336e-05 -5.660998846e+01 -5.660998846e+01 +1.9615e+00 +2.9216e+00 +3.2043e+00 -3.2830e+00 -3.0917e+00
11439 +9.230376243e-06 +9.230376243e-06 -5.660999077e+01 -5.660999077e+01 +1.9483e+00 +2.9214e+00 +3.2111e+00 -3.2760e+00 -3.0877e+00
12917 +4.058746065e-06 +4.058746065e-06 -5.660999594e+01 -5.660999594e+01 +1.9436e+00 +2.9216e+00 +3.2100e+00 -3.2724e+00 -3.0869e+00
13224 +3.245975634e-06 +3.245975634e-06 -5.660999675e+01 -5.660999675e+01 +1.9434e+00 +2.9196e+00 +3.2145e+00 -3.2748e+00 -3.0835e+00
15215 +2.230009500e-06 +2.230009500e-06 -5.660999777e+01 -5.660999777e+01 +1.9444e+00 +2.9184e+00 +3.2152e+00 -3.2768e+00 -3.0813e+00
17949 +1.276622349e-06 +1.276622349e-06 -5.660999872e+01 -5.660999872e+01 +1.9446e+00 +2.9193e+00 +3.2130e+00 -3.2757e+00 -3.0830e+00
19008 +9.024909460e-07 +9.024909460e-07 -5.660999910e+01 -5.660999910e+01 +1.9465e+00 +2.9193e+00 +3.2124e+00 -3.2769e+00 -3.0834e+00
19907 +6.153644492e-07 +6.153644492e-07 -5.660999938e+01 -5.660999938e+01 +1.9478e+00 +2.9209e+00 +3.2095e+00 -3.2759e+00 -3.0865e+00
22217 +3.838374525e-07 +3.838374525e-07 -5.660999962e+01 -5.660999962e+01 +1.9471e+00 +2.9204e+00 +3.2103e+00 -3.2760e+00 -3.0855e+00
25463 +2.496226870e-07 +2.496226870e-07 -5.660999975e+01 -5.660999975e+01 +1.9474e+00 +2.9214e+00 +3.2083e+00 -3.2751e+00 -3.0872e+00
26744 +1.406270869e-07 +1.406270869e-07 -5.660999986e+01 -5.660999986e+01 +1.9469e+00 +2.9213e+00 +3.2085e+00 -3.2749e+00 -3.0868e+00
28904 +9.767958886e-08 +9.767958886e-08 -5.660999990e+01 -5.660999990e+01 +1.9475e+00 +2.9213e+00 +3.2081e+00 -3.2753e+00 -3.0870e+00
29750 +5.225115274e-08 +5.225115274e-08 -5.660999995e+01 -5.660999995e+01 +1.9479e+00 +2.9213e+00 +3.2081e+00 -3.2755e+00 -3.0871e+00
29989 +3.915140923e-08 +3.915140923e-08 -5.660999996e+01 -5.660999996e+01 +1.9495e+00 +2.9215e+00 +3.2071e+00 -3.2764e+00 -3.0876e+00
30168 +1.003075312e-08 +1.003075312e-08 -5.660999999e+01 -5.660999999e+01 +1.9503e+00 +2.9215e+00 +3.2066e+00 -3.2769e+00 -3.0878e+00
31629 +8.182240663e-09 +8.182240663e-09 -5.660999999e+01 -5.660999999e+01 +1.9504e+00 +2.9215e+00 +3.2065e+00 -3.2769e+00 -3.0878e+00
% function evaluation | noise-free fitness - Fopt (5.134000000000e+01) | best noise-free fitness - Fopt | measured fitness | best measured fitness | x1 | x2...
1 +8.853651641e+01 +8.853651641e+01 +1.398765164e+02 +1.398765164e+02 -1.8140e+00 +2.0825e+00 -3.2640e+00 -3.5498e+00 +2.4481e+00
2 +5.923186078e+01 +5.923186078e+01 +1.105718608e+02 +1.105718608e+02 +4.9641e+00 -1.5733e-01 +4.1197e+00 +1.2908e+00 +3.1864e+00
3 +2.608137818e+01 +2.608137818e+01 +7.742137818e+01 +7.742137818e+01 +1.8506e+00 +2.2198e+00 +1.9097e+00 +1.2558e-02 -1.1182e+00
10 +2.260570078e+01 +2.260570078e+01 +7.394570078e+01 +7.394570078e+01 -4.1871e+00 +5.9104e-01 +7.6212e-01 -5.8962e-01 -5.8182e-01
11 +7.651304569e+00 +7.651304569e+00 +5.899130457e+01 +5.899130457e+01 -2.9417e+00 -1.0108e+00 +3.1335e+00 +4.2632e+00 -2.5569e+00
109 +3.467463358e+00 +3.467463358e+00 +5.480746336e+01 +5.480746336e+01 -1.9346e+00 -7.5952e-01 +7.6212e-01 +5.1761e-01 +9.3909e-01
126 +8.138686182e-01 +8.138686182e-01 +5.215386862e+01 +5.215386862e+01 -1.9346e+00 -2.9123e+00 +7.6212e-01 +2.9814e+00 +9.3909e-01
536 +4.455382000e-01 +4.455382000e-01 +5.178553820e+01 +5.178553820e+01 -2.3100e+00 -2.1557e+00 +7.0052e-01 +2.1972e+00 +1.2265e-01
558 +3.321859232e-01 +3.321859232e-01 +5.167218592e+01 +5.167218592e+01 -2.0404e+00 -2.3476e+00 -9.1329e-02 +2.9089e+00 +1.8540e-01
638 +1.307802213e-01 +1.307802213e-01 +5.147078022e+01 +5.147078022e+01 -2.4807e+00 -2.1864e+00 +8.7211e-02 +2.5726e+00 +4.1765e-01
726 +6.272215723e-02 +6.272215723e-02 +5.140272216e+01 +5.140272216e+01 -2.6595e+00 -2.2319e+00 -3.6096e-02 +2.9089e+00 +4.9379e-01
767 +3.049915108e-02 +3.049915108e-02 +5.137049915e+01 +5.137049915e+01 -2.5181e+00 -2.4111e+00 +5.1520e-01 +2.6566e+00 +4.6161e-01
1154 +7.236935497e-03 +7.236935497e-03 +5.134723694e+01 +5.134723694e+01 -2.6386e+00 -2.3012e+00 +3.9065e-01 +2.7623e+00 +4.7410e-01
1356 +4.568077314e-03 +4.568077314e-03 +5.134456808e+01 +5.134456808e+01 -2.6201e+00 -2.2551e+00 +3.6558e-01 +2.7505e+00 +4.4173e-01
1469 +2.506766507e-03 +2.506766507e-03 +5.134250677e+01 +5.134250677e+01 -2.6112e+00 -2.2706e+00 +3.6014e-01 +2.7054e+00 +4.1585e-01
1753 +1.060944797e-03 +1.060944797e-03 +5.134106094e+01 +5.134106094e+01 -2.5688e+00 -2.2810e+00 +3.2370e-01 +2.7494e+00 +4.5265e-01
1801 +8.311557467e-04 +8.311557467e-04 +5.134083116e+01 +5.134083116e+01 -2.5688e+00 -2.2810e+00 +3.2370e-01 +2.7600e+00 +4.6124e-01
2020 +5.480820537e-04 +5.480820537e-04 +5.134054808e+01 +5.134054808e+01 -2.5752e+00 -2.2643e+00 +2.9700e-01 +2.7628e+00 +4.5011e-01
2363 +3.530076802e-04 +3.530076802e-04 +5.134035301e+01 +5.134035301e+01 -2.5740e+00 -2.2688e+00 +3.0402e-01 +2.7858e+00 +4.7162e-01
3226 +1.852825333e-04 +1.852825333e-04 +5.134018528e+01 +5.134018528e+01 -2.5721e+00 -2.2592e+00 +2.9942e-01 +2.7570e+00 +4.4118e-01
3731 +5.470837256e-05 +5.470837256e-05 +5.134005471e+01 +5.134005471e+01 -2.5552e+00 -2.2566e+00 +2.9130e-01 +2.7526e+00 +4.3497e-01
4165 +2.430223481e-05 +2.430223481e-05 +5.134002430e+01 +5.134002430e+01 -2.5608e+00 -2.2575e+00 +2.9187e-01 +2.7527e+00 +4.3584e-01
5018 +1.117167281e-05 +1.117167281e-05 +5.134001117e+01 +5.134001117e+01 -2.5587e+00 -2.2598e+00 +2.9264e-01 +2.7619e+00 +4.4484e-01
6738 +8.005658287e-06 +8.005658287e-06 +5.134000801e+01 +5.134000801e+01 -2.5565e+00 -2.2590e+00 +2.9258e-01 +2.7577e+00 +4.4084e-01
7659 +5.878421874e-06 +5.878421874e-06 +5.134000588e+01 +5.134000588e+01 -2.5561e+00 -2.2591e+00 +2.9373e-01 +2.7552e+00 +4.3906e-01
9307 +3.955092943e-06 +3.955092943e-06 +5.134000396e+01 +5.134000396e+01 -2.5561e+00 -2.2592e+00 +2.9407e-01 +2.7539e+00 +4.3809e-01
10452 +1.190778946e-06 +1.190778946e-06 +5.134000119e+01 +5.134000119e+01 -2.5567e+00 -2.2571e+00 +2.9043e-01 +2.7521e+00 +4.3498e-01
12641 +7.947675300e-07 +7.947675300e-07 +5.134000079e+01 +5.134000079e+01 -2.5560e+00 -2.2570e+00 +2.8898e-01 +2.7548e+00 +4.3690e-01
17525 +5.899513553e-07 +5.899513553e-07 +5.134000059e+01 +5.134000059e+01 -2.5558e+00 -2.2569e+00 +2.8880e-01 +2.7542e+00 +4.3635e-01
18518 +3.300904226e-07 +3.300904226e-07 +5.134000033e+01 +5.134000033e+01 -2.5550e+00 -2.2561e+00 +2.8690e-01 +2.7534e+00 +4.3497e-01
18621 +1.611028821e-07 +1.611028821e-07 +5.134000016e+01 +5.134000016e+01 -2.5546e+00 -2.2560e+00 +2.8655e-01 +2.7534e+00 +4.3482e-01
18978 +1.434255381e-07 +1.434255381e-07 +5.134000014e+01 +5.134000014e+01 -2.5545e+00 -2.2559e+00 +2.8648e-01 +2.7534e+00 +4.3485e-01
20718 +9.301597004e-08 +9.301597004e-08 +5.134000009e+01 +5.134000009e+01 -2.5528e+00 -2.2545e+00 +2.8297e-01 +2.7527e+00 +4.3299e-01
21911 +3.846522389e-08 +3.846522389e-08 +5.134000004e+01 +5.134000004e+01 -2.5538e+00 -2.2554e+00 +2.8496e-01 +2.7535e+00 +4.3442e-01
23264 +2.252141940e-08 +2.252141940e-08 +5.134000002e+01 +5.134000002e+01 -2.5537e+00 -2.2553e+00 +2.8463e-01 +2.7537e+00 +4.3444e-01
25103 +1.462606747e-08 +1.462606747e-08 +5.134000001e+01 +5.134000001e+01 -2.5529e+00 -2.2546e+00 +2.8298e-01 +2.7533e+00 +4.3357e-01
26222 +9.893568631e-09 +9.893568631e-09 +5.134000001e+01 +5.134000001e+01 -2.5527e+00 -2.2544e+00 +2.8246e-01 +2.7533e+00 +4.3336e-01
% function evaluation | noise-free fitness - Fopt (-1.244000000000e+02) | best noise-free fitness - Fopt | measured fitness | best measured fitness | x1 | x2...
1 +2.638540196e+01 +2.638540196e+01 -9.801459804e+01 -9.801459804e+01 +3.9935e+00 -2.7016e+00 +1.5217e+00 -9.2665e-01 -1.2492e+00
3 +3.162102746e+00 +3.162102746e+00 -1.212378973e+02 -1.212378973e+02 -3.8397e-01 -3.7427e-01 +1.1939e+00 -9.5748e-01 -2.1120e+00
240 +8.367831428e-01 +8.367831428e-01 -1.235632169e+02 -1.235632169e+02 +3.9724e-01 +1.6923e+00 +3.4404e+00 -3.0564e+00 -2.3384e+00
384 +6.014945561e-01 +6.014945561e-01 -1.237985054e+02 -1.237985054e+02 +1.5557e-01 +1.5617e+00 +3.1999e+00 -2.5781e+00 -2.7837e+00
520 +3.961644642e-01 +3.961644642e-01 -1.240038355e+02 -1.240038355e+02 +3.0205e-01 +6.6693e-01 +2.7326e+00 -2.9826e+00 -2.7482e+00
603 +6.052598199e-02 +6.052598199e-02 -1.243394740e+02 -1.243394740e+02 +3.2032e-01 +1.0125e+00 +2.8313e+00 -2.4988e+00 -2.2944e+00
913 +3.695928556e-02 +3.695928556e-02 -1.243630407e+02 -1.243630407e+02 +2.0537e-01 +9.8090e-01 +2.7860e+00 -2.4543e+00 -2.4165e+00
957 +1.232169353e-02 +1.232169353e-02 -1.243876783e+02 -1.243876783e+02 +2.0882e-01 +8.6738e-01 +2.9538e+00 -2.3593e+00 -2.5798e+00
1183 +9.166689325e-03 +9.166689325e-03 -1.243908333e+02 -1.243908333e+02 +1.7367e-01 +8.5868e-01 +2.8765e+00 -2.3195e+00 -2.6223e+00
1377 +5.565557998e-03 +5.565557998e-03 -1.243944344e+02 -1.243944344e+02 +2.0882e-01 +8.9826e-01 +2.9538e+00 -2.2265e+00 -2.6421e+00
1678 +2.910393057e-03 +2.910393057e-03 -1.243970896e+02 -1.243970896e+02 +2.6955e-01 +8.7642e-01 +2.9165e+00 -2.3519e+00 -2.5444e+00
1679 +2.251442188e-03 +2.251442188e-03 -1.243977486e+02 -1.243977486e+02 +2.3214e-01 +9.3640e-01 +2.8817e+00 -2.3833e+00 -2.5183e+00
2356 +1.462789132e-03 +1.462789132e-03 -1.243985372e+02 -1.243985372e+02 +2.6955e-01 +8.7642e-01 +2.9087e+00 -2.3519e+00 -2.5444e+00
2556 +2.689279385e-04 +2.689279385e-04 -1.243997311e+02 -1.243997311e+02 +2.3776e-01 +8.6928e-01 +2.8877e+00 -2.3711e+00 -2.5535e+00
3532 +1.758696207e-04 +1.758696207e-04 -1.243998241e+02 -1.243998241e+02 +2.4164e-01 +8.7642e-01 +2.8845e+00 -2.3792e+00 -2.5429e+00
5229 +8.904817433e-05 +8.904817433e-05 -1.243999110e+02 -1.243999110e+02 +2.4316e-01 +8.7396e-01 +2.9008e+00 -2.3491e+00 -2.5622e+00
5300 +4.993029195e-05 +4.993029195e-05 -1.243999501e+02 -1.243999501e+02 +2.4310e-01 +8.8672e-01 +2.8982e+00 -2.3528e+00 -2.5534e+00
6063 +2.516438714e-05 +2.516438714e-05 -1.243999748e+02 -1.243999748e+02 +2.4280e-01 +8.8004e-01 +2.8992e+00 -2.3519e+00 -2.5576e+00
6323 +1.306608473e-05 +1.306608473e-05 -1.243999869e+02 -1.243999869e+02 +2.4296e-01 +8.8351e-01 +2.8987e+00 -2.3524e+00 -2.5554e+00
7199 +8.957556474e-06 +8.957556474e-06 -1.243999910e+02 -1.243999910e+02 +2.4693e-01 +8.8486e-01 +2.8993e+00 -2.3513e+00 -2.5531e+00
9208 +6.072846702e-06 +6.072846702e-06 -1.243999939e+02 -1.243999939e+02 +2.5377e-01 +8.8220e-01 +2.9067e+00 -2.3326e+00 -2.5615e+00
11082 +3.029003921e-06 +3.029003921e-06 -1.243999970e+02 -1.243999970e+02 +2.4788e-01 +8.8352e-01 +2.9021e+00 -2.3437e+00 -2.5577e+00
14084 +1.927453539e-06 +1.927453539e-06 -1.243999981e+02 -1.243999981e+02 +2.5161e-01 +8.8238e-01 +2.9053e+00 -2.3358e+00 -2.5608e+00
14340 +1.312987791e-06 +1.312987791e-06 -1.243999987e+02 -1.243999987e+02 +2.5072e-01 +8.8291e-01 +2.9028e+00 -2.3414e+00 -2.5577e+00
16580 +6.576190827e-07 +6.576190827e-07 -1.243999993e+02 -1.243999993e+02 +2.5224e-01 +8.8299e-01 +2.9041e+00 -2.3383e+00 -2.5586e+00
17862 +6.189201969e-07 +6.189201969e-07 -1.243999994e+02 -1.243999994e+02 +2.5188e-01 +8.8304e-01 +2.9037e+00 -2.3392e+00 -2.5582e+00
19056 +2.646387287e-07 +2.646387287e-07 -1.243999997e+02 -1.243999997e+02 +2.5166e-01 +8.8368e-01 +2.9028e+00 -2.3413e+00 -2.5568e+00
19240 +2.092741340e-07 +2.092741340e-07 -1.243999998e+02 -1.243999998e+02 +2.5129e-01 +8.8372e-01 +2.9027e+00 -2.3418e+00 -2.5567e+00
22128 +1.152222637e-07 +1.152222637e-07 -1.243999999e+02 -1.243999999e+02 +2.5195e-01 +8.8423e-01 +2.9028e+00 -2.3415e+00 -2.5562e+00
22314 +9.468766393e-08 +9.468766393e-08 -1.243999999e+02 -1.243999999e+02 +2.5197e-01 +8.8413e-01 +2.9028e+00 -2.3413e+00 -2.5563e+00
23372 +5.729808095e-08 +5.729808095e-08 -1.243999999e+02 -1.243999999e+02 +2.5260e-01 +8.8452e-01 +2.9030e+00 -2.3407e+00 -2.5561e+00
24667 +3.168628382e-08 +3.168628382e-08 -1.244000000e+02 -1.244000000e+02 +2.5253e-01 +8.8441e-01 +2.9033e+00 -2.3403e+00 -2.5565e+00
25967 +2.260402709e-08 +2.260402709e-08 -1.244000000e+02 -1.244000000e+02 +2.5245e-01 +8.8436e-01 +2.9033e+00 -2.3402e+00 -2.5566e+00
26594 +1.214287693e-08 +1.214287693e-08 -1.244000000e+02 -1.244000000e+02 +2.5261e-01 +8.8449e-01 +2.9033e+00 -2.3401e+00 -2.5565e+00
26808 +7.072216590e-09 +7.072216590e-09 -1.244000000e+02 -1.244000000e+02 +2.5269e-01 +8.8457e-01 +2.9035e+00 -2.3398e+00 -2.5566e+00
% function evaluation | noise-free fitness - Fopt (6.000000000000e-01) | best noise-free fitness - Fopt | measured fitness | best measured fitness | x1 | x2...
1 +3.790367956e+02 +3.790367956e+02 +3.796367956e+02 +3.796367956e+02 -2.0080e+00 +1.7506e+00 -2.6642e+00 -4.7880e+00 +6.3450e-01
2 +2.010992037e+02 +2.010992037e+02 +2.016992037e+02 +2.016992037e+02 -4.0092e+00 +2.6319e+00 -1.8185e+00 -2.7425e+00 +1.1968e+00
3 +5.588017153e+01 +5.588017153e+01 +5.648017153e+01 +5.648017153e+01 +4.7946e+00 +1.4167e-01 +1.7846e+00 +4.7778e+00 +4.7037e+00
4 +9.831081127e+00 +9.831081127e+00 +1.043108113e+01 +1.043108113e+01 +3.2148e+00 -2.2319e+00 -1.0496e+00 +3.4384e+00 -2.7256e+00
12 +3.543755416e+00 +3.543755416e+00 +4.143755416e+00 +4.143755416e+00 +2.0781e+00 +6.1377e-02 +1.8557e+00 +2.2850e+00 +6.3359e-01
92 +1.493539176e+00 +1.493539176e+00 +2.093539176e+00 +2.093539176e+00 +2.0037e+00 -1.5256e+00 +6.2391e-01 +2.3662e+00 +5.1728e-01
139 +8.225859579e-01 +8.225859579e-01 +1.422585958e+00 +1.422585958e+00 +2.7871e+00 -2.4900e+00 +3.7430e-01 +3.4528e+00 -8.3756e-01
304 +6.077561189e-01 +6.077561189e-01 +1.207756119e+00 +1.207756119e+00 +2.0037e+00 -1.6634e+00 +6.2391e-01 +3.7309e+00 +5.1728e-01
405 +3.946123320e-01 +3.946123320e-01 +9.946123320e-01 +9.946123320e-01 +1.9566e+00 -1.7933e+00 -1.3380e-01 +3.1255e+00 +9.7875e-02
493 +2.464912452e-01 +2.464912452e-01 +8.464912452e-01 +8.464912452e-01 +2.8937e+00 -2.1041e+00 +2.8102e-01 +4.0568e+00 +4.3606e-01
602 +1.309685114e-01 +1.309685114e-01 +7.309685114e-01 +7.309685114e-01 +2.7497e+00 -2.1847e+00 +2.5387e-01 +3.7895e+00 +3.2265e-01
652 +9.075395587e-02 +9.075395587e-02 +6.907539559e-01 +6.907539559e-01 +2.7719e+00 -1.9228e+00 -6.1646e-03 +3.6346e+00 -1.3571e-01
665 +2.424869648e-02 +2.424869648e-02 +6.242486965e-01 +6.242486965e-01 +2.6992e+00 -1.9542e+00 +8.3223e-02 +3.6420e+00 +1.0640e-01
976 +1.572047848e-02 +1.572047848e-02 +6.157204785e-01 +6.157204785e-01 +2.6088e+00 -2.0487e+00 +1.6729e-01 +3.7630e+00 +2.6614e-01
1253 +6.026242833e-03 +6.026242833e-03 +6.060262428e-01 +6.060262428e-01 +2.5911e+00 -1.9514e+00 +1.3116e-01 +3.4981e+00 +5.2264e-02
1807 +2.947422126e-03 +2.947422126e-03 +6.029474221e-01 +6.029474221e-01 +2.6134e+00 -2.0123e+00 +1.4263e-01 +3.6269e+00 +2.4146e-01
1809 +2.322253368e-03 +2.322253368e-03 +6.023222534e-01 +6.023222534e-01 +2.5674e+00 -1.9978e+00 +1.2792e-01 +3.5872e+00 +1.7246e-01
2140 +1.151745389e-03 +1.151745389e-03 +6.011517454e-01 +6.011517454e-01 +2.6640e+00 -1.9742e+00 +9.7880e-02 +3.5695e+00 +1.7600e-01
2862 +4.256330926e-04 +4.256330926e-04 +6.004256331e-01 +6.004256331e-01 +2.6007e+00 -1.9670e+00 +1.0520e-01 +3.5320e+00 +1.2431e-01
2866 +3.449661697e-04 +3.449661697e-04 +6.003449662e-01 +6.003449662e-01 +2.6223e+00 -1.9698e+00 +9.9700e-02 +3.5492e+00 +1.4144e-01
3774 +1.484825007e-04 +1.484825007e-04 +6.001484825e-01 +6.001484825e-01 +2.6153e+00 -1.9710e+00 +1.0309e-01 +3.5529e+00 +1.3272e-01
3853 +6.979220311e-05 +6.979220311e-05 +6.000697922e-01 +6.000697922e-01 +2.5975e+00 -1.9688e+00 +1.0770e-01 +3.5450e+00 +1.0944e-01
4939 +6.156221166e-05 +6.156221166e-05 +6.000615622e-01 +6.000615622e-01 +2.6144e+00 -1.9696e+00 +1.0139e-01 +3.5471e+00 +1.3227e-01
6101 +2.134329180e-05 +2.134329180e-05 +6.000213433e-01 +6.000213433e-01 +2.6063e+00 -1.9695e+00 +1.0305e-01 +3.5450e+00 +1.2638e-01
9065 +1.359562859e-05 +1.359562859e-05 +6.000135956e-01 +6.000135956e-01 +2.6069e+00 -1.9700e+00 +1.0441e-01 +3.5479e+00 +1.2427e-01
11334 +8.314302534e-06 +8.314302534e-06 +6.000083143e-01 +6.000083143e-01 +2.6057e+00 -1.9732e+00 +1.0640e-01 +3.5546e+00 +1.3204e-01
11990 +5.277379698e-06 +5.277379698e-06 +6.000052774e-01 +6.000052774e-01 +2.6039e+00 -1.9745e+00 +1.0815e-01 +3.5566e+00 +1.3404e-01
14412 +3.865706580e-06 +3.865706580e-06 +6.000038657e-01 +6.000038657e-01 +2.6045e+00 -1.9734e+00 +1.0811e-01 +3.5555e+00 +1.2905e-01
14616 +2.102093005e-06 +2.102093005e-06 +6.000021021e-01 +6.000021021e-01 +2.6042e+00 -1.9739e+00 +1.0844e-01 +3.5566e+00 +1.3011e-01
14885 +1.481879274e-06 +1.481879274e-06 +6.000014819e-01 +6.000014819e-01 +2.6054e+00 -1.9741e+00 +1.0800e-01 +3.5571e+00 +1.3218e-01
17595 +5.192683311e-07 +5.192683311e-07 +6.000005193e-01 +6.000005193e-01 +2.6040e+00 -1.9755e+00 +1.0942e-01 +3.5598e+00 +1.3405e-01
17780 +3.192486894e-07 +3.192486894e-07 +6.000003192e-01 +6.000003192e-01 +2.6032e+00 -1.9762e+00 +1.1047e-01 +3.5616e+00 +1.3423e-01
19092 +1.553849981e-07 +1.553849981e-07 +6.000001554e-01 +6.000001554e-01 +2.6021e+00 -1.9769e+00 +1.1117e-01 +3.5629e+00 +1.3552e-01
21452 +8.498259840e-08 +8.498259840e-08 +6.000000850e-01 +6.000000850e-01 +2.6029e+00 -1.9770e+00 +1.1111e-01 +3.5634e+00 +1.3619e-01
23150 +6.064737557e-08 +6.064737557e-08 +6.000000606e-01 +6.000000606e-01 +2.6031e+00 -1.9778e+00 +1.1172e-01 +3.5653e+00 +1.3798e-01
24798 +3.909618396e-08 +3.909618396e-08 +6.000000391e-01 +6.000000391e-01 +2.6031e+00 -1.9772e+00 +1.1121e-01 +3.5638e+00 +1.3663e-01
27365 +1.898267110e-08 +1.898267110e-08 +6.000000190e-01 +6.000000190e-01 +2.6037e+00 -1.9771e+00 +1.1092e-01 +3.5636e+00 +1.3695e-01
28837 +1.209299572e-08 +1.209299572e-08 +6.000000121e-01 +6.000000121e-01 +2.6038e+00 -1.9771e+00 +1.1092e-01 +3.5637e+00 +1.3715e-01
31420 +6.876756942e-09 +6.876756942e-09 +6.000000069e-01 +6.000000069e-01 +2.6041e+00 -1.9774e+00 +1.1104e-01 +3.5644e+00 +1.3811e-01
% function evaluation | noise-free fitness - Fopt (-4.071000000000e+01) | best noise-free fitness - Fopt | measured fitness | best measured fitness | x1 | x2...
1 +3.939667498e+01 +3.939667498e+01 -1.313325022e+00 -1.313325022e+00 -3.1471e+00 +1.4171e+00 +8.4665e-01 +8.1701e-01 -9.3359e-01
5 +1.217055488e+01 +1.217055488e+01 -2.853944512e+01 -2.853944512e+01 +1.7252e+00 +2.3678e-01 -1.1852e+00 +2.8665e-01 -2.0349e+00
12 +9.083159757e+00 +9.083159757e+00 -3.162684024e+01 -3.162684024e+01 -2.5088e+00 -2.0130e+00 +1.6853e+00 +3.1194e+00 -1.6783e+00
26 +5.759536056e+00 +5.759536056e+00 -3.495046394e+01 -3.495046394e+01 -2.2493e+00 -3.2455e+00 +1.0329e+00 +2.5442e+00 +4.0413e+00
47 +3.746342637e+00 +3.746342637e+00 -3.696365736e+01 -3.696365736e+01 -7.7138e-01 -1.5704e+00 +1.0967e-01 +1.2946e+00 +2.3579e+00
126 +2.315646653e+00 +2.315646653e+00 -3.839435335e+01 -3.839435335e+01 +2.6691e+00 -2.3115e+00 +1.3177e+00 +2.8922e+00 -7.5041e-01
251 +1.512478053e+00 +1.512478053e+00 -3.919752195e+01 -3.919752195e+01 -3.9424e-01 -2.5131e+00 +3.8284e-01 +1.8651e+00 -3.9207e-01
302 +9.763685187e-01 +9.763685187e-01 -3.973363148e+01 -3.973363148e+01 -3.9424e-01 -2.2600e+00 +1.1867e+00 +2.6727e+00 -3.9207e-01
426 +5.666171865e-01 +5.666171865e-01 -4.014338281e+01 -4.014338281e+01 +5.1653e-02 -3.2347e+00 +9.6100e-01 +1.7440e+00 -6.1304e-01
432 +3.043959519e-01 +3.043959519e-01 -4.040560405e+01 -4.040560405e+01 +1.0539e+00 -3.1957e+00 +1.1673e+00 +2.3558e+00 -4.8956e-01
577 +1.793666238e-01 +1.793666238e-01 -4.053063338e+01 -4.053063338e+01 +7.2302e-01 -3.2508e+00 +1.1867e+00 +2.3499e+00 -3.9207e-01
656 +1.390006692e-01 +1.390006692e-01 -4.057099933e+01 -4.057099933e+01 +8.1248e-01 -2.9416e+00 +1.3408e+00 +2.3776e+00 -2.0431e-01
727 +9.113139607e-02 +9.113139607e-02 -4.061886860e+01 -4.061886860e+01 +8.6396e-01 -2.8305e+00 +1.3177e+00 +2.5523e+00 -4.0567e-01
827 +6.275696167e-02 +6.275696167e-02 -4.064724304e+01 -4.064724304e+01 +8.7953e-01 -2.9643e+00 +1.2266e+00 +2.3655e+00 -3.6190e-01
852 +2.594302585e-02 +2.594302585e-02 -4.068405697e+01 -4.068405697e+01 +7.0496e-01 -2.6503e+00 +1.5248e+00 +2.3598e+00 -4.8010e-01
968 +7.514463652e-03 +7.514463652e-03 -4.070248554e+01 -4.070248554e+01 +7.4285e-01 -2.7795e+00 +1.3873e+00 +2.3584e+00 -4.4134e-01
1430 +5.434653971e-03 +5.434653971e-03 -4.070456535e+01 -4.070456535e+01 +6.7257e-01 -2.7237e+00 +1.3867e+00 +2.3576e+00 -4.9812e-01
1577 +1.732249080e-03 +1.732249080e-03 -4.070826775e+01 -4.070826775e+01 +6.8135e-01 -2.7237e+00 +1.3867e+00 +2.3042e+00 -5.0983e-01
1980 +5.299078823e-04 +5.299078823e-04 -4.070947009e+01 -4.070947009e+01 +6.6293e-01 -2.7150e+00 +1.3914e+00 +2.2666e+00 -5.2722e-01
2552 +2.329284434e-04 +2.329284434e-04 -4.070976707e+01 -4.070976707e+01 +6.4505e-01 -2.7129e+00 +1.4063e+00 +2.1747e+00 -5.5222e-01
4273 +4.066871589e-05 +4.066871589e-05 -4.070995933e+01 -4.070995933e+01 +6.6212e-01 -2.7314e+00 +1.3917e+00 +2.2335e+00 -5.3002e-01
6867 +3.102719749e-05 +3.102719749e-05 -4.070996897e+01 -4.070996897e+01 +6.6062e-01 -2.7319e+00 +1.3935e+00 +2.2201e+00 -5.3270e-01
7711 +2.226303390e-05 +2.226303390e-05 -4.070997774e+01 -4.070997774e+01 +6.6279e-01 -2.7322e+00 +1.3923e+00 +2.2300e+00 -5.2979e-01
8215 +8.162078124e-06 +8.162078124e-06 -4.070999184e+01 -4.070999184e+01 +6.5985e-01 -2.7296e+00 +1.3962e+00 +2.2110e+00 -5.3466e-01
9577 +3.806149977e-06 +3.806149977e-06 -4.070999619e+01 -4.070999619e+01 +6.6220e-01 -2.7296e+00 +1.3954e+00 +2.2244e+00 -5.3090e-01
10096 +2.242889110e-06 +2.242889110e-06 -4.070999776e+01 -4.070999776e+01 +6.6205e-01 -2.7286e+00 +1.3970e+00 +2.2229e+00 -5.3100e-01
12283 +7.555036490e-07 +7.555036490e-07 -4.070999924e+01 -4.070999924e+01 +6.6121e-01 -2.7303e+00 +1.3973e+00 +2.2122e+00 -5.3299e-01
12385 +5.487210899e-07 +5.487210899e-07 -4.070999945e+01 -4.070999945e+01 +6.6168e-01 -2.7300e+00 +1.3965e+00 +2.2177e+00 -5.3202e-01
14128 +2.704436781e-07 +2.704436781e-07 -4.070999973e+01 -4.070999973e+01 +6.6124e-01 -2.7306e+00 +1.3964e+00 +2.2140e+00 -5.3288e-01
16022 +2.440549807e-07 +2.440549807e-07 -4.070999976e+01 -4.070999976e+01 +6.6065e-01 -2.7302e+00 +1.3973e+00 +2.2095e+00 -5.3388e-01
16196 +1.496592930e-07 +1.496592930e-07 -4.070999985e+01 -4.070999985e+01 +6.6122e-01 -2.7302e+00 +1.3966e+00 +2.2142e+00 -5.3286e-01
20127 +6.714824963e-08 +6.714824963e-08 -4.070999993e+01 -4.070999993e+01 +6.6094e-01 -2.7301e+00 +1.3969e+00 +2.2123e+00 -5.3331e-01
20560 +5.496501387e-08 +5.496501387e-08 -4.070999995e+01 -4.070999995e+01 +6.6095e-01 -2.7301e+00 +1.3970e+00 +2.2123e+00 -5.3330e-01
22097 +3.691042849e-08 +3.691042849e-08 -4.070999996e+01 -4.070999996e+01 +6.6097e-01 -2.7298e+00 +1.3972e+00 +2.2127e+00 -5.3322e-01
31121 +2.442613578e-08 +2.442613578e-08 -4.070999998e+01 -4.070999998e+01 +6.6086e-01 -2.7297e+00 +1.3972e+00 +2.2125e+00 -5.3335e-01
31673 +1.382676373e-08 +1.382676373e-08 -4.070999999e+01 -4.070999999e+01 +6.6070e-01 -2.7296e+00 +1.3973e+00 +2.2121e+00 -5.3356e-01
31727 +7.781963518e-09 +7.781963518e-09 -4.070999999e+01 -4.070999999e+01 +6.6050e-01 -2.7294e+00 +1.3973e+00 +2.2116e+00 -5.3379e-01
% function evaluation | noise-free fitness - Fopt (8.143200000000e+02) | best noise-free fitness - Fopt | measured fitness | best measured fitness | x1 | x2...
1 +5.408932790e+01 +5.408932790e+01 +8.684093279e+02 +8.684093279e+02 +8.2435e-01 +2.6882e+00 -4.6036e+00 -1.5760e+00 -1.1719e+00
4 +2.590474670e+01 +2.590474670e+01 +8.402247467e+02 +8.402247467e+02 -2.8382e+00 -1.0661e-01 -1.1899e+00 -3.8814e+00 +3.7131e+00
5 +1.524730114e+01 +1.524730114e+01 +8.295673011e+02 +8.295673011e+02 +3.5213e+00 -1.9514e+00 -3.7285e+00 +1.9681e+00 +1.5577e-01
9 +6.582722775e+00 +6.582722775e+00 +8.209027228e+02 +8.209027228e+02 -1.5229e+00 -2.5059e+00 +2.4383e+00 -2.2660e+00 +4.3508e-01
22 +5.034337427e+00 +5.034337427e+00 +8.193543374e+02 +8.193543374e+02 -1.3722e+00 -3.4213e+00 -9.4704e-01 -1.8321e+00 +1.5564e+00
151 +3.650494281e+00 +3.650494281e+00 +8.179704943e+02 +8.179704943e+02 -2.1416e+00 -2.0549e+00 +2.1420e+00 -2.2660e+00 +2.0555e+00
209 +5.811571820e-01 +5.811571820e-01 +8.149011572e+02 +8.149011572e+02 -2.9698e+00 -3.1587e+00 +3.9639e+00 -7.5090e-01 +1.7087e+00
429 +2.640519591e-01 +2.640519591e-01 +8.145840520e+02 +8.145840520e+02 -2.9698e+00 -4.3067e+00 +3.9639e+00 -1.4468e+00 +1.7087e+00
434 +2.200268868e-01 +2.200268868e-01 +8.145400269e+02 +8.145400269e+02 -3.0012e+00 -4.2011e+00 +3.8553e+00 -9.8723e-01 +2.3763e+00
588 +1.265286769e-01 +1.265286769e-01 +8.144465287e+02 +8.144465287e+02 -2.7207e+00 -4.0675e+00 +3.7830e+00 -1.4084e+00 +2.0225e+00
634 +4.883975200e-02 +4.883975200e-02 +8.143688398e+02 +8.143688398e+02 -2.9924e+00 -3.9150e+00 +3.8172e+00 -1.1712e+00 +1.8878e+00
813 +3.258027362e-02 +3.258027362e-02 +8.143525803e+02 +8.143525803e+02 -2.8625e+00 -3.8661e+00 +3.7648e+00 -1.1326e+00 +2.1563e+00
885 +1.805559305e-02 +1.805559305e-02 +8.143380556e+02 +8.143380556e+02 -2.8312e+00 -4.0085e+00 +3.8318e+00 -1.2907e+00 +2.0840e+00
916 +2.775930046e-03 +2.775930046e-03 +8.143227759e+02 +8.143227759e+02 -2.8207e+00 -3.9708e+00 +3.8276e+00 -1.2040e+00 +2.1001e+00
1146 +2.103032948e-03 +2.103032948e-03 +8.143221030e+02 +8.143221030e+02 -2.7798e+00 -3.8664e+00 +3.8629e+00 -1.2466e+00 +2.0628e+00
1501 +1.461399994e-03 +1.461399994e-03 +8.143214614e+02 +8.143214614e+02 -2.8154e+00 -3.8661e+00 +3.8551e+00 -1.1814e+00 +2.0302e+00
1522 +5.155688574e-04 +5.155688574e-04 +8.143205156e+02 +8.143205156e+02 -2.7937e+00 -3.8867e+00 +3.8436e+00 -1.2335e+00 +2.1113e+00
2077 +1.688694269e-04 +1.688694269e-04 +8.143201689e+02 +8.143201689e+02 -2.8008e+00 -3.8770e+00 +3.8481e+00 -1.2206e+00 +2.0843e+00
2530 +1.152134222e-04 +1.152134222e-04 +8.143201152e+02 +8.143201152e+02 -2.7892e+00 -3.8641e+00 +3.8502e+00 -1.2318e+00 +2.0996e+00
3387 +9.455209579e-05 +9.455209579e-05 +8.143200946e+02 +8.143200946e+02 -2.8044e+00 -3.8739e+00 +3.8502e+00 -1.2108e+00 +2.0691e+00
4259 +6.299143865e-05 +6.299143865e-05 +8.143200630e+02 +8.143200630e+02 -2.8013e+00 -3.8690e+00 +3.8477e+00 -1.2146e+00 +2.0852e+00
4751 +3.899827698e-05 +3.899827698e-05 +8.143200390e+02 +8.143200390e+02 -2.7973e+00 -3.8663e+00 +3.8466e+00 -1.2146e+00 +2.0956e+00
5057 +2.008363606e-05 +2.008363606e-05 +8.143200201e+02 +8.143200201e+02 -2.7936e+00 -3.8642e+00 +3.8495e+00 -1.2213e+00 +2.0927e+00
5666 +8.373984201e-06 +8.373984201e-06 +8.143200084e+02 +8.143200084e+02 -2.7972e+00 -3.8636e+00 +3.8525e+00 -1.2195e+00 +2.0766e+00
6757 +4.044099569e-06 +4.044099569e-06 +8.143200040e+02 +8.143200040e+02 -2.7981e+00 -3.8681e+00 +3.8497e+00 -1.2177e+00 +2.0837e+00
9779 +3.222740361e-06 +3.222740361e-06 +8.143200032e+02 +8.143200032e+02 -2.7977e+00 -3.8667e+00 +3.8502e+00 -1.2180e+00 +2.0830e+00
11714 +2.188874987e-06 +2.188874987e-06 +8.143200022e+02 +8.143200022e+02 -2.7970e+00 -3.8642e+00 +3.8513e+00 -1.2191e+00 +2.0809e+00
13453 +1.569630513e-06 +1.569630513e-06 +8.143200016e+02 +8.143200016e+02 -2.7967e+00 -3.8625e+00 +3.8525e+00 -1.2201e+00 +2.0780e+00
14006 +7.983973092e-07 +7.983973092e-07 +8.143200008e+02 +8.143200008e+02 -2.7961e+00 -3.8615e+00 +3.8524e+00 -1.2204e+00 +2.0793e+00
14271 +4.841492682e-07 +4.841492682e-07 +8.143200005e+02 +8.143200005e+02 -2.7952e+00 -3.8601e+00 +3.8531e+00 -1.2217e+00 +2.0790e+00
14331 +1.852063178e-07 +1.852063178e-07 +8.143200002e+02 +8.143200002e+02 -2.7950e+00 -3.8580e+00 +3.8546e+00 -1.2228e+00 +2.0752e+00
14394 +1.149855962e-07 +1.149855962e-07 +8.143200001e+02 +8.143200001e+02 -2.7935e+00 -3.8558e+00 +3.8552e+00 -1.2243e+00 +2.0762e+00
17426 +9.025359304e-08 +9.025359304e-08 +8.143200001e+02 +8.143200001e+02 -2.7938e+00 -3.8570e+00 +3.8546e+00 -1.2238e+00 +2.0774e+00
17645 +3.043749075e-08 +3.043749075e-08 +8.143200000e+02 +8.143200000e+02 -2.7942e+00 -3.8585e+00 +3.8537e+00 -1.2230e+00 +2.0793e+00
20151 +1.366379365e-08 +1.366379365e-08 +8.143200000e+02 +8.143200000e+02 -2.7942e+00 -3.8581e+00 +3.8540e+00 -1.2232e+00 +2.0783e+00
22989 +9.353016139e-09 +9.353016139e-09 +8.143200000e+02 +8.143200000e+02 -2.7942e+00 -3.8579e+00 +3.8541e+00 -1.2232e+00 +2.0780e+00
% function evaluation | noise-free fitness - Fopt (-6.205000000000e+01) | best noise-free fitness - Fopt | measured fitness | best measured fitness | x1 | x2...
1 +9.019120633e+01 +9.019120633e+01 +2.814120633e+01 +2.814120633e+01 +4.5289e-01 -4.9180e+00 +1.1129e+00 +2.6153e+00 +3.2340e+00
2 +2.068758582e+01 +2.068758582e+01 -4.136241418e+01 -4.136241418e+01 +4.7814e+00 +1.2745e+00 +2.7439e+00 +4.8963e+00 -4.3864e+00
5 +4.183300515e+00 +4.183300515e+00 -5.786669948e+01 -5.786669948e+01 +2.7644e+00 -7.8506e-01 +3.4603e+00 +1.5914e+00 -2.3548e+00
6 +2.460781245e+00 +2.460781245e+00 -5.958921876e+01 -5.958921876e+01 +1.6358e+00 -1.1909e+00 -2.8206e+00 +1.8385e+00 -1.5870e+00
107 +1.242276023e+00 +1.242276023e+00 -6.080772398e+01 -6.080772398e+01 +2.2406e+00 -4.9042e-01 +8.1980e-01 +2.2469e+00 -1.3877e+00
154 +7.332679763e-01 +7.332679763e-01 -6.131673202e+01 -6.131673202e+01 +1.6358e+00 +4.4941e-01 -3.4726e-01 +1.8385e+00 -1.5870e+00
176 +3.728454840e-01 +3.728454840e-01 -6.167715452e+01 -6.167715452e+01 +1.6358e+00 -1.1663e+00 -3.4726e-01 +2.2258e+00 -1.5870e+00
414 +2.103654358e-01 +2.103654358e-01 -6.183963456e+01 -6.183963456e+01 +1.6645e+00 -6.0607e-01 -2.3509e-01 +2.1937e+00 -1.3403e+00
433 +1.241976356e-01 +1.241976356e-01 -6.192580236e+01 -6.192580236e+01 +2.3448e+00 -4.1149e-01 -6.8344e-01 +1.7941e+00 -1.6155e+00
526 +5.676502879e-02 +5.676502879e-02 -6.199323497e+01 -6.199323497e+01 +2.3448e+00 -4.1149e-01 -6.8344e-01 +2.0772e+00 -1.5007e+00
727 +3.195715926e-02 +3.195715926e-02 -6.201804284e+01 -6.201804284e+01 +1.7687e+00 -4.2219e-01 -4.1053e-01 +2.0323e+00 -1.5619e+00
854 +1.789871519e-02 +1.789871519e-02 -6.203210128e+01 -6.203210128e+01 +1.8892e+00 -3.9090e-01 -4.6876e-01 +2.0879e+00 -1.6199e+00
1054 +1.287092550e-02 +1.287092550e-02 -6.203712907e+01 -6.203712907e+01 +2.0592e+00 -5.4695e-01 -6.1508e-01 +2.0414e+00 -1.6728e+00
1096 +9.600575427e-03 +9.600575427e-03 -6.204039942e+01 -6.204039942e+01 +1.9822e+00 -5.8420e-01 -6.0615e-01 +2.0441e+00 -1.6542e+00
1285 +3.863564794e-03 +3.863564794e-03 -6.204613644e+01 -6.204613644e+01 +1.9475e+00 -5.3985e-01 -5.6770e-01 +2.0813e+00 -1.6925e+00
1327 +2.494287100e-03 +2.494287100e-03 -6.204750571e+01 -6.204750571e+01 +1.9334e+00 -5.8364e-01 -5.7650e-01 +2.0855e+00 -1.6795e+00
1551 +7.367055850e-04 +7.367055850e-04 -6.204926329e+01 -6.204926329e+01 +2.0550e+00 -5.1175e-01 -6.1609e-01 +2.1015e+00 -1.7153e+00
2355 +6.150916728e-04 +6.150916728e-04 -6.204938491e+01 -6.204938491e+01 +2.0495e+00 -5.1383e-01 -6.1417e-01 +2.0978e+00 -1.7143e+00
2829 +3.144198945e-04 +3.144198945e-04 -6.204968558e+01 -6.204968558e+01 +2.0326e+00 -4.9911e-01 -6.0516e-01 +2.0945e+00 -1.7246e+00
3316 +2.421830697e-04 +2.421830697e-04 -6.204975782e+01 -6.204975782e+01 +2.0460e+00 -5.2011e-01 -6.1979e-01 +2.0970e+00 -1.7249e+00
4649 +1.457707524e-04 +1.457707524e-04 -6.204985423e+01 -6.204985423e+01 +2.0536e+00 -4.8303e-01 -6.0150e-01 +2.0921e+00 -1.7038e+00
4676 +9.997760611e-05 +9.997760611e-05 -6.204990002e+01 -6.204990002e+01 +2.0536e+00 -4.8303e-01 -6.0150e-01 +2.0921e+00 -1.7042e+00
4955 +6.165495321e-05 +6.165495321e-05 -6.204993835e+01 -6.204993835e+01 +2.0352e+00 -5.1067e-01 -6.0789e-01 +2.0951e+00 -1.7161e+00
6053 +3.486524356e-05 +3.486524356e-05 -6.204996513e+01 -6.204996513e+01 +2.0352e+00 -5.1067e-01 -6.0789e-01 +2.0947e+00 -1.7161e+00
8102 +2.064851400e-05 +2.064851400e-05 -6.204997935e+01 -6.204997935e+01 +2.0360e+00 -5.0850e-01 -6.0694e-01 +2.0937e+00 -1.7143e+00
8395 +1.515889919e-05 +1.515889919e-05 -6.204998484e+01 -6.204998484e+01 +2.0325e+00 -5.0771e-01 -6.0444e-01 +2.0934e+00 -1.7128e+00
8603 +9.908726362e-06 +9.908726362e-06 -6.204999009e+01 -6.204999009e+01 +2.0357e+00 -5.0546e-01 -6.0495e-01 +2.0932e+00 -1.7123e+00
9154 +6.210445250e-06 +6.210445250e-06 -6.204999379e+01 -6.204999379e+01 +2.0339e+00 -5.0476e-01 -6.0299e-01 +2.0926e+00 -1.7099e+00
10061 +2.294644609e-06 +2.294644609e-06 -6.204999771e+01 -6.204999771e+01 +2.0318e+00 -5.0411e-01 -6.0130e-01 +2.0920e+00 -1.7083e+00
11763 +1.255302742e-06 +1.255302742e-06 -6.204999874e+01 -6.204999874e+01 +2.0320e+00 -5.0202e-01 -6.0017e-01 +2.0916e+00 -1.7071e+00
12795 +8.065341461e-07 +8.065341461e-07 -6.204999919e+01 -6.204999919e+01 +2.0309e+00 -5.0271e-01 -5.9989e-01 +2.0915e+00 -1.7069e+00
17453 +5.708263799e-07 +5.708263799e-07 -6.204999943e+01 -6.204999943e+01 +2.0297e+00 -5.0266e-01 -5.9895e-01 +2.0913e+00 -1.7058e+00
19059 +7.981555683e-08 +7.981555683e-08 -6.204999992e+01 -6.204999992e+01 +2.0271e+00 -5.0340e-01 -5.9739e-01 +2.0905e+00 -1.7036e+00
20767 +5.533205893e-08 +5.533205893e-08 -6.204999994e+01 -6.204999994e+01 +2.0253e+00 -5.0386e-01 -5.9647e-01 +2.0903e+00 -1.7027e+00
21622 +3.723924635e-08 +3.723924635e-08 -6.204999996e+01 -6.204999996e+01 +2.0257e+00 -5.0343e-01 -5.9643e-01 +2.0902e+00 -1.7026e+00
23313 +2.492900819e-08 +2.492900819e-08 -6.204999998e+01 -6.204999998e+01 +2.0266e+00 -5.0387e-01 -5.9737e-01 +2.0905e+00 -1.7036e+00
23440 +1.332674771e-08 +1.332674771e-08 -6.204999999e+01 -6.204999999e+01 +2.0273e+00 -5.0368e-01 -5.9775e-01 +2.0907e+00 -1.7041e+00
23980 +9.314398142e-09 +9.314398142e-09 -6.204999999e+01 -6.204999999e+01 +2.0269e+00 -5.0358e-01 -5.9744e-01 +2.0906e+00 -1.7038e+00
% function evaluation | noise-free fitness - Fopt (-4.328000000000e+01) | best noise-free fitness - Fopt | measured fitness | best measured fitness | x1 | x2...
1 +4.962530423e+01 +4.962530423e+01 +6.345304227e+00 +6.345304227e+00 -3.2094e+00 +2.5218e+00 +1.9786e+00 +3.5599e+00 +6.5999e-01
3 +2.674925373e+01 +2.674925373e+01 -1.653074627e+01 -1.653074627e+01 +3.7889e+00 -6.9409e-01 -2.3432e+00 +2.5172e+00 -2.8317e+00
18 +7.073006899e+00 +7.073006899e+00 -3.620699310e+01 -3.620699310e+01 +1.5143e+00 +2.7013e+00 +1.4791e+00 -2.8867e-01 +2.9704e+00
76 +6.164661005e+00 +6.164661005e+00 -3.711533900e+01 -3.711533900e+01 +9.1797e-01 +5.1614e+00 -3.8756e+00 -1.8458e-01 +2.2682e+00
111 +1.186727184e+00 +1.186727184e+00 -4.209327282e+01 -4.209327282e+01 +3.1871e-01 +2.8773e+00 -2.3432e+00 +1.8445e+00 +2.3144e+00
388 +6.942421190e-01 +6.942421190e-01 -4.258575788e+01 -4.258575788e+01 -5.7650e-01 +2.7707e+00 -3.5927e+00 +1.3660e+00 +3.3021e+00
414 +3.095349069e-01 +3.095349069e-01 -4.297046509e+01 -4.297046509e+01 -8.4050e-01 +2.4398e+00 -3.2936e+00 +1.7619e+00 +2.9361e+00
637 +1.885113052e-01 +1.885113052e-01 -4.309148869e+01 -4.309148869e+01 -8.2601e-01 +2.5426e+00 -2.9020e+00 +1.9474e+00 +2.7110e+00
654 +6.562360582e-02 +6.562360582e-02 -4.321437639e+01 -4.321437639e+01 -6.0653e-01 +2.6734e+00 -2.8880e+00 +1.8364e+00 +2.7680e+00
726 +2.357116938e-02 +2.357116938e-02 -4.325642883e+01 -4.325642883e+01 -6.0653e-01 +2.6734e+00 -2.8880e+00 +1.8399e+00 +2.9481e+00
1051 +1.537447391e-02 +1.537447391e-02 -4.326462553e+01 -4.326462553e+01 -5.0026e-01 +2.7011e+00 -2.9005e+00 +1.6486e+00 +3.0210e+00
1137 +8.263300890e-03 +8.263300890e-03 -4.327173670e+01 -4.327173670e+01 -4.3830e-01 +2.5894e+00 -2.9228e+00 +1.6530e+00 +3.1831e+00
1166 +3.933853567e-03 +3.933853567e-03 -4.327606615e+01 -4.327606615e+01 -4.4533e-01 +2.5974e+00 -2.9127e+00 +1.5264e+00 +3.2326e+00
1525 +2.454294255e-03 +2.454294255e-03 -4.327754571e+01 -4.327754571e+01 -4.5071e-01 +2.5990e+00 -2.9151e+00 +1.5312e+00 +3.1956e+00
1676 +1.545710919e-03 +1.545710919e-03 -4.327845429e+01 -4.327845429e+01 -5.0990e-01 +2.6137e+00 -2.9151e+00 +1.5789e+00 +3.1183e+00
1886 +6.819069083e-04 +6.819069083e-04 -4.327931809e+01 -4.327931809e+01 -4.4086e-01 +2.6285e+00 -2.9014e+00 +1.5956e+00 +3.1885e+00
1945 +2.774813347e-04 +2.774813347e-04 -4.327972252e+01 -4.327972252e+01 -4.7056e-01 +2.6387e+00 -2.9019e+00 +1.6340e+00 +3.1298e+00
3001 +9.560823674e-05 +9.560823674e-05 -4.327990439e+01 -4.327990439e+01 -4.7056e-01 +2.6387e+00 -2.9019e+00 +1.6090e+00 +3.1424e+00
3312 +5.521634485e-05 +5.521634485e-05 -4.327994478e+01 -4.327994478e+01 -4.9491e-01 +2.6380e+00 -2.9054e+00 +1.6045e+00 +3.1182e+00
5495 +3.561564524e-05 +3.561564524e-05 -4.327996438e+01 -4.327996438e+01 -4.6859e-01 +2.6439e+00 -2.8992e+00 +1.6269e+00 +3.1389e+00
5978 +2.214179688e-05 +2.214179688e-05 -4.327997786e+01 -4.327997786e+01 -4.6950e-01 +2.6439e+00 -2.8992e+00 +1.6269e+00 +3.1389e+00
6236 +6.846305041e-06 +6.846305041e-06 -4.327999315e+01 -4.327999315e+01 -4.7540e-01 +2.6434e+00 -2.9003e+00 +1.6227e+00 +3.1337e+00
7643 +4.179367913e-06 +4.179367913e-06 -4.327999582e+01 -4.327999582e+01 -4.8290e-01 +2.6378e+00 -2.9037e+00 +1.6127e+00 +3.1291e+00
9309 +3.093143121e-06 +3.093143121e-06 -4.327999691e+01 -4.327999691e+01 -4.8430e-01 +2.6400e+00 -2.9029e+00 +1.6146e+00 +3.1270e+00
10407 +1.751449183e-06 +1.751449183e-06 -4.327999825e+01 -4.327999825e+01 -4.8540e-01 +2.6405e+00 -2.9028e+00 +1.6165e+00 +3.1249e+00
12042 +1.423902901e-06 +1.423902901e-06 -4.327999858e+01 -4.327999858e+01 -4.8531e-01 +2.6425e+00 -2.9020e+00 +1.6182e+00 +3.1243e+00
12508 +3.184108692e-07 +3.184108692e-07 -4.327999968e+01 -4.327999968e+01 -4.8535e-01 +2.6412e+00 -2.9026e+00 +1.6176e+00 +3.1244e+00
14747 +1.922358948e-07 +1.922358948e-07 -4.327999981e+01 -4.327999981e+01 -4.8689e-01 +2.6411e+00 -2.9028e+00 +1.6180e+00 +3.1224e+00
15568 +1.578226048e-07 +1.578226048e-07 -4.327999984e+01 -4.327999984e+01 -4.8637e-01 +2.6416e+00 -2.9025e+00 +1.6182e+00 +3.1230e+00
17224 +5.380914558e-08 +5.380914558e-08 -4.327999995e+01 -4.327999995e+01 -4.8630e-01 +2.6417e+00 -2.9024e+00 +1.6184e+00 +3.1230e+00
20947 +3.956391481e-08 +3.956391481e-08 -4.327999996e+01 -4.327999996e+01 -4.8724e-01 +2.6420e+00 -2.9025e+00 +1.6186e+00 +3.1219e+00
22264 +1.567278929e-08 +1.567278929e-08 -4.327999998e+01 -4.327999998e+01 -4.8768e-01 +2.6419e+00 -2.9026e+00 +1.6185e+00 +3.1214e+00
26661 +8.408029828e-09 +8.408029828e-09 -4.327999999e+01 -4.327999999e+01 -4.8883e-01 +2.6423e+00 -2.9025e+00 +1.6189e+00 +3.1200e+00
% function evaluation | noise-free fitness - Fopt (-3.916000000000e+01) | best noise-free fitness - Fopt | measured fitness | best measured fitness | x1 | x2...
1 +2.763745014e+00 +2.763745014e+00 -3.639625499e+01 -3.639625499e+01 -3.9396e+00 +3.3589e+00 +2.3840e+00 +2.0318e+00 -4.7557e+00
203 +7.384387032e-01 +7.384387032e-01 -3.842156130e+01 -3.842156130e+01 -4.0302e+00 +1.3165e+00 +2.8417e+00 +2.7193e+00 -2.6250e+00
352 +5.569925434e-01 +5.569925434e-01 -3.860300746e+01 -3.860300746e+01 -3.7749e+00 +2.1958e+00 +3.3322e+00 +2.6855e+00 -3.0774e+00
380 +2.617650822e-01 +2.617650822e-01 -3.889823492e+01 -3.889823492e+01 -4.1523e+00 +2.0896e+00 +2.5213e+00 +2.5466e+00 -2.6589e+00
451 +2.435951157e-01 +2.435951157e-01 -3.891640488e+01 -3.891640488e+01 -4.1523e+00 +2.0896e+00 +2.5213e+00 +2.8500e+00 -2.6589e+00
751 +1.398460836e-01 +1.398460836e-01 -3.902015392e+01 -3.902015392e+01 -3.5193e+00 +1.6756e+00 +2.3463e+00 +2.7384e+00 -3.2360e+00
853 +7.332655292e-02 +7.332655292e-02 -3.908667345e+01 -3.908667345e+01 -3.4331e+00 +1.9987e+00 +2.5599e+00 +2.8055e+00 -2.9715e+00
901 +5.871819783e-02 +5.871819783e-02 -3.910128180e+01 -3.910128180e+01 -3.4331e+00 +1.9689e+00 +2.5599e+00 +2.7392e+00 -2.9715e+00
1080 +3.897507405e-02 +3.897507405e-02 -3.912102493e+01 -3.912102493e+01 -3.6034e+00 +1.8521e+00 +2.3835e+00 +3.0233e+00 -2.9198e+00
1244 +2.391189284e-02 +2.391189284e-02 -3.913608811e+01 -3.913608811e+01 -3.6542e+00 +1.8801e+00 +2.5599e+00 +2.7694e+00 -2.9715e+00
1539 +7.811319224e-03 +7.811319224e-03 -3.915218868e+01 -3.915218868e+01 -3.5794e+00 +1.8965e+00 +2.6307e+00 +2.8329e+00 -2.9998e+00
1661 +4.854320233e-03 +4.854320233e-03 -3.915514568e+01 -3.915514568e+01 -3.6224e+00 +1.8555e+00 +2.5409e+00 +2.8132e+00 -3.0107e+00
1961 +2.999100340e-03 +2.999100340e-03 -3.915700090e+01 -3.915700090e+01 -3.6169e+00 +1.8613e+00 +2.5395e+00 +2.9168e+00 -2.9801e+00
1981 +2.291593301e-03 +2.291593301e-03 -3.915770841e+01 -3.915770841e+01 -3.5879e+00 +1.8635e+00 +2.5660e+00 +2.8404e+00 -3.0098e+00
2176 +9.790923340e-04 +9.790923340e-04 -3.915902091e+01 -3.915902091e+01 -3.6388e+00 +1.8589e+00 +2.5501e+00 +2.8357e+00 -3.0062e+00
2602 +4.064447947e-04 +4.064447947e-04 -3.915959356e+01 -3.915959356e+01 -3.6316e+00 +1.8589e+00 +2.5470e+00 +2.8357e+00 -3.0062e+00
3130 +3.359883960e-04 +3.359883960e-04 -3.915966401e+01 -3.915966401e+01 -3.6285e+00 +1.8661e+00 +2.5381e+00 +2.8588e+00 -2.9896e+00
3645 +2.436171366e-04 +2.436171366e-04 -3.915975638e+01 -3.915975638e+01 -3.6280e+00 +1.8678e+00 +2.5390e+00 +2.8641e+00 -2.9861e+00
3681 +7.307747607e-05 +7.307747607e-05 -3.915992692e+01 -3.915992692e+01 -3.6557e+00 +1.8798e+00 +2.5103e+00 +2.8936e+00 -2.9546e+00
5196 +3.764787102e-05 +3.764787102e-05 -3.915996235e+01 -3.915996235e+01 -3.6536e+00 +1.8812e+00 +2.5133e+00 +2.8842e+00 -2.9572e+00
10699 +1.664260193e-05 +1.664260193e-05 -3.915998336e+01 -3.915998336e+01 -3.6519e+00 +1.8789e+00 +2.5164e+00 +2.8812e+00 -2.9614e+00
10855 +1.448983971e-05 +1.448983971e-05 -3.915998551e+01 -3.915998551e+01 -3.6463e+00 +1.8786e+00 +2.5225e+00 +2.8778e+00 -2.9647e+00
13520 +8.716921087e-06 +8.716921087e-06 -3.915999128e+01 -3.915999128e+01 -3.6514e+00 +1.8778e+00 +2.5173e+00 +2.8789e+00 -2.9637e+00
14005 +6.307067203e-06 +6.307067203e-06 -3.915999369e+01 -3.915999369e+01 -3.6489e+00 +1.8780e+00 +2.5202e+00 +2.8771e+00 -2.9649e+00
14399 +2.695819283e-06 +2.695819283e-06 -3.915999730e+01 -3.915999730e+01 -3.6475e+00 +1.8784e+00 +2.5225e+00 +2.8732e+00 -2.9664e+00
15159 +1.609812472e-06 +1.609812472e-06 -3.915999839e+01 -3.915999839e+01 -3.6452e+00 +1.8780e+00 +2.5256e+00 +2.8694e+00 -2.9690e+00
15540 +9.547318029e-07 +9.547318029e-07 -3.915999905e+01 -3.915999905e+01 -3.6437e+00 +1.8775e+00 +2.5270e+00 +2.8696e+00 -2.9699e+00
21578 +6.127153682e-07 +6.127153682e-07 -3.915999939e+01 -3.915999939e+01 -3.6447e+00 +1.8776e+00 +2.5258e+00 +2.8705e+00 -2.9692e+00
24046 +3.288250241e-07 +3.288250241e-07 -3.915999967e+01 -3.915999967e+01 -3.6450e+00 +1.8776e+00 +2.5258e+00 +2.8691e+00 -2.9696e+00
24130 +2.428722752e-07 +2.428722752e-07 -3.915999976e+01 -3.915999976e+01 -3.6442e+00 +1.8773e+00 +2.5266e+00 +2.8687e+00 -2.9703e+00
24718 +9.697570391e-08 +9.697570391e-08 -3.915999990e+01 -3.915999990e+01 -3.6457e+00 +1.8775e+00 +2.5251e+00 +2.8678e+00 -2.9700e+00
24890 +5.867347852e-08 +5.867347852e-08 -3.915999994e+01 -3.915999994e+01 -3.6447e+00 +1.8771e+00 +2.5263e+00 +2.8669e+00 -2.9710e+00
25248 +3.360113254e-08 +3.360113254e-08 -3.915999997e+01 -3.915999997e+01 -3.6445e+00 +1.8772e+00 +2.5264e+00 +2.8676e+00 -2.9707e+00
28794 +1.251425630e-08 +1.251425630e-08 -3.915999999e+01 -3.915999999e+01 -3.6443e+00 +1.8772e+00 +2.5267e+00 +2.8668e+00 -2.9711e+00
30891 +9.413106739e-09 +9.413106739e-09 -3.915999999e+01 -3.915999999e+01 -3.6443e+00 +1.8771e+00 +2.5268e+00 +2.8665e+00 -2.9713e+00
% function evaluation | noise-free fitness - Fopt (-1.732800000000e+02) | best noise-free fitness - Fopt | measured fitness | best measured fitness | x1 | x2...
1 +1.133703044e+01 +1.133703044e+01 -1.619429696e+02 -1.619429696e+02 -1.2299e+00 -2.2368e+00 +2.4347e+00 -3.5148e+00 +2.9682e+00
11 +8.311176529e+00 +8.311176529e+00 -1.649688235e+02 -1.649688235e+02 -4.1424e+00 -5.6632e-01 +2.6469e+00 +2.0941e+00 +1.1524e-01
107 +4.895073154e+00 +4.895073154e+00 -1.683849268e+02 -1.683849268e+02 -1.7175e+00 -7.0137e-01 +5.2476e+00 +8.4565e-01 -8.4828e-01
192 +3.856148728e+00 +3.856148728e+00 -1.694238513e+02 -1.694238513e+02 -2.6114e+00 -1.5773e+00 +5.0788e-01 -7.4408e-01 +2.3159e+00
196 +8.136743140e-01 +8.136743140e-01 -1.724663257e+02 -1.724663257e+02 -2.6117e+00 -1.8142e+00 +2.0741e+00 -1.2958e+00 +2.5298e-01
226 +5.293995894e-01 +5.293995894e-01 -1.727506004e+02 -1.727506004e+02 -2.6117e+00 -3.5541e-01 +2.0741e+00 -1.2958e+00 +3.7045e-01
351 +2.421845713e-01 +2.421845713e-01 -1.730378154e+02 -1.730378154e+02 -2.6117e+00 -1.0438e+00 +2.0741e+00 -1.2958e+00 +3.7045e-01
510 +9.015555775e-02 +9.015555775e-02 -1.731898444e+02 -1.731898444e+02 -3.1699e+00 -9.5956e-01 +2.6820e+00 -1.1369e+00 +4.6850e-01
758 +5.497565700e-02 +5.497565700e-02 -1.732250243e+02 -1.732250243e+02 -3.0793e+00 -9.6124e-01 +2.5255e+00 -9.8447e-01 +3.8064e-01
783 +3.587643076e-02 +3.587643076e-02 -1.732441236e+02 -1.732441236e+02 -3.1689e+00 -9.7331e-01 +2.5584e+00 -1.1086e+00 +3.9092e-01
902 +1.185987204e-02 +1.185987204e-02 -1.732681401e+02 -1.732681401e+02 -2.9615e+00 -9.7935e-01 +2.3956e+00 -1.0824e+00 +4.4597e-01
1059 +7.173956844e-03 +7.173956844e-03 -1.732728260e+02 -1.732728260e+02 -3.0584e+00 -9.2883e-01 +2.5120e+00 -8.8211e-01 +5.9489e-01
1162 +5.706657867e-03 +5.706657867e-03 -1.732742933e+02 -1.732742933e+02 -2.9034e+00 -9.0363e-01 +2.4461e+00 -9.8651e-01 +5.2633e-01
1352 +1.408859028e-03 +1.408859028e-03 -1.732785911e+02 -1.732785911e+02 -2.9315e+00 -9.1458e-01 +2.4710e+00 -9.7082e-01 +5.8186e-01
2279 +2.099448076e-04 +2.099448076e-04 -1.732797901e+02 -1.732797901e+02 -2.9315e+00 -9.1458e-01 +2.4710e+00 -9.7877e-01 +5.8186e-01
3704 +1.274188490e-04 +1.274188490e-04 -1.732798726e+02 -1.732798726e+02 -2.9409e+00 -9.1604e-01 +2.4741e+00 -9.7098e-01 +5.8442e-01
4085 +8.568301314e-05 +8.568301314e-05 -1.732799143e+02 -1.732799143e+02 -2.9092e+00 -8.9619e-01 +2.4845e+00 -9.7206e-01 +6.0522e-01
5178 +5.408361298e-05 +5.408361298e-05 -1.732799459e+02 -1.732799459e+02 -2.9180e+00 -9.0557e-01 +2.4757e+00 -9.7436e-01 +5.9336e-01
6742 +3.139875662e-05 +3.139875662e-05 -1.732799686e+02 -1.732799686e+02 -2.9312e+00 -9.1182e-01 +2.4740e+00 -9.7502e-01 +5.8438e-01
7432 +6.916625154e-06 +6.916625154e-06 -1.732799931e+02 -1.732799931e+02 -2.9245e+00 -9.0883e-01 +2.4739e+00 -9.7898e-01 +5.8352e-01
11428 +4.237887197e-06 +4.237887197e-06 -1.732799958e+02 -1.732799958e+02 -2.9281e+00 -9.1044e-01 +2.4737e+00 -9.8178e-01 +5.7911e-01
14146 +3.699235066e-06 +3.699235066e-06 -1.732799963e+02 -1.732799963e+02 -2.9208e+00 -9.0702e-01 +2.4747e+00 -9.7864e-01 +5.8663e-01
14414 +1.916436673e-06 +1.916436673e-06 -1.732799981e+02 -1.732799981e+02 -2.9161e+00 -9.0471e-01 +2.4751e+00 -9.8375e-01 +5.8460e-01
17153 +1.283366458e-06 +1.283366458e-06 -1.732799987e+02 -1.732799987e+02 -2.9176e+00 -9.0524e-01 +2.4754e+00 -9.7950e-01 +5.8803e-01
17634 +8.717343292e-07 +8.717343292e-07 -1.732799991e+02 -1.732799991e+02 -2.9168e+00 -9.0460e-01 +2.4758e+00 -9.8080e-01 +5.8756e-01
18044 +4.873277817e-07 +4.873277817e-07 -1.732799995e+02 -1.732799995e+02 -2.9150e+00 -9.0371e-01 +2.4761e+00 -9.8252e-01 +5.8707e-01
18793 +3.521894314e-07 +3.521894314e-07 -1.732799996e+02 -1.732799996e+02 -2.9140e+00 -9.0311e-01 +2.4764e+00 -9.8200e-01 +5.8824e-01
20694 +2.241062873e-07 +2.241062873e-07 -1.732799998e+02 -1.732799998e+02 -2.9147e+00 -9.0350e-01 +2.4763e+00 -9.8142e-01 +5.8836e-01
21584 +1.565642265e-07 +1.565642265e-07 -1.732799998e+02 -1.732799998e+02 -2.9138e+00 -9.0307e-01 +2.4764e+00 -9.8133e-01 +5.8900e-01
24866 +4.198943770e-08 +4.198943770e-08 -1.732800000e+02 -1.732800000e+02 -2.9152e+00 -9.0365e-01 +2.4763e+00 -9.8146e-01 +5.8807e-01
25471 +3.465561349e-08 +3.465561349e-08 -1.732800000e+02 -1.732800000e+02 -2.9154e+00 -9.0379e-01 +2.4763e+00 -9.8128e-01 +5.8805e-01
27387 +1.532569627e-08 +1.532569627e-08 -1.732800000e+02 -1.732800000e+02 -2.9157e+00 -9.0385e-01 +2.4763e+00 -9.8160e-01 +5.8766e-01
29718 +6.653579021e-09 +6.653579021e-09 -1.732800000e+02 -1.732800000e+02 -2.9164e+00 -9.0417e-01 +2.4762e+00 -9.8152e-01 +5.8731e-01
% function evaluation | noise-free fitness - Fopt (-1.017000000000e+01) | best noise-free fitness - Fopt | measured fitness | best measured fitness | x1 | x2...
1 +1.686895534e+01 +1.686895534e+01 +6.698955340e+00 +6.698955340e+00 -2.4916e+00 +3.5004e+00 +2.3001e+00 -3.6698e+00 +1.1523e+00
2 +1.353276020e+01 +1.353276020e+01 +3.362760204e+00 +3.362760204e+00 -3.6088e-01 +1.9604e-01 +1.9361e-01 -3.8407e+00 +3.3602e+00
32 +8.326092152e+00 +8.326092152e+00 -1.843907848e+00 -1.843907848e+00 -3.2845e+00 +3.1949e+00 +1.6066e+00 +2.6071e+00 +1.0222e+00
138 +4.012259588e+00 +4.012259588e+00 -6.157740412e+00 -6.157740412e+00 +2.1625e+00 +2.0506e+00 +1.4676e+00 -2.4387e-01 +2.5153e+00
160 +3.873510382e+00 +3.873510382e+00 -6.296489618e+00 -6.296489618e+00 +1.2779e+00 +4.0020e+00 +1.6291e+00 -9.2961e-01 +8.7493e-01
255 +1.822122512e+00 +1.822122512e+00 -8.347877488e+00 -8.347877488e+00 +2.0214e+00 +7.3510e-01 +2.3310e+00 -3.1854e-01 +3.4844e+00
395 +1.007469304e+00 +1.007469304e+00 -9.162530696e+00 -9.162530696e+00 +1.4737e+00 +1.7618e+00 +3.1317e+00 -1.4895e+00 +4.0511e+00
507 +7.000978210e-01 +7.000978210e-01 -9.469902179e+00 -9.469902179e+00 +2.1625e+00 +2.0506e+00 +3.0863e+00 -1.4509e+00 +2.5153e+00
584 +9.810323343e-02 +9.810323343e-02 -1.007189677e+01 -1.007189677e+01 +1.6799e+00 +1.6676e+00 +2.6708e+00 -1.6022e+00 +2.7269e+00
976 +5.973937453e-02 +5.973937453e-02 -1.011026063e+01 -1.011026063e+01 +1.5349e+00 +1.9868e+00 +2.4765e+00 -1.7559e+00 +3.1300e+00
1140 +4.159440394e-03 +4.159440394e-03 -1.016584056e+01 -1.016584056e+01 +1.4602e+00 +1.7665e+00 +2.5617e+00 -1.6737e+00 +2.9532e+00
2012 +1.533722145e-03 +1.533722145e-03 -1.016846628e+01 -1.016846628e+01 +1.4698e+00 +1.7423e+00 +2.6287e+00 -1.6313e+00 +2.9303e+00
2567 +9.950531971e-04 +9.950531971e-04 -1.016900495e+01 -1.016900495e+01 +1.4523e+00 +1.7468e+00 +2.6197e+00 -1.6463e+00 +2.9427e+00
3927 +4.919242493e-04 +4.919242493e-04 -1.016950808e+01 -1.016950808e+01 +1.4546e+00 +1.7382e+00 +2.6387e+00 -1.6257e+00 +2.9449e+00
4629 +3.501379239e-04 +3.501379239e-04 -1.016964986e+01 -1.016964986e+01 +1.4584e+00 +1.7302e+00 +2.6577e+00 -1.6038e+00 +2.9449e+00
5044 +1.211541067e-04 +1.211541067e-04 -1.016987885e+01 -1.016987885e+01 +1.4478e+00 +1.7033e+00 +2.7132e+00 -1.5637e+00 +2.9457e+00
5936 +8.919789271e-05 +8.919789271e-05 -1.016991080e+01 -1.016991080e+01 +1.4468e+00 +1.7037e+00 +2.7114e+00 -1.5667e+00 +2.9447e+00
6444 +2.959755574e-05 +2.959755574e-05 -1.016997040e+01 -1.016997040e+01 +1.4543e+00 +1.7256e+00 +2.6808e+00 -1.5902e+00 +2.9517e+00
6826 +2.272893180e-05 +2.272893180e-05 -1.016997727e+01 -1.016997727e+01 +1.4519e+00 +1.7205e+00 +2.6834e+00 -1.5902e+00 +2.9461e+00
9601 +1.545779018e-05 +1.545779018e-05 -1.016998454e+01 -1.016998454e+01 +1.4478e+00 +1.7176e+00 +2.6867e+00 -1.5900e+00 +2.9462e+00
11398 +6.632836726e-06 +6.632836726e-06 -1.016999337e+01 -1.016999337e+01 +1.4484e+00 +1.7181e+00 +2.6867e+00 -1.5897e+00 +2.9465e+00
11921 +3.481672431e-06 +3.481672431e-06 -1.016999652e+01 -1.016999652e+01 +1.4490e+00 +1.7184e+00 +2.6874e+00 -1.5887e+00 +2.9470e+00
14589 +2.101168075e-06 +2.101168075e-06 -1.016999790e+01 -1.016999790e+01 +1.4488e+00 +1.7193e+00 +2.6867e+00 -1.5895e+00 +2.9480e+00
21088 +1.550576906e-06 +1.550576906e-06 -1.016999845e+01 -1.016999845e+01 +1.4485e+00 +1.7192e+00 +2.6874e+00 -1.5892e+00 +2.9483e+00
22083 +9.991065006e-07 +9.991065006e-07 -1.016999900e+01 -1.016999900e+01 +1.4474e+00 +1.7193e+00 +2.6885e+00 -1.5897e+00 +2.9490e+00
23259 +3.450979076e-07 +3.450979076e-07 -1.016999965e+01 -1.016999965e+01 +1.4457e+00 +1.7203e+00 +2.6878e+00 -1.5923e+00 +2.9499e+00
23620 +2.469385301e-07 +2.469385301e-07 -1.016999975e+01 -1.016999975e+01 +1.4447e+00 +1.7216e+00 +2.6871e+00 -1.5944e+00 +2.9511e+00
24491 +1.431496592e-07 +1.431496592e-07 -1.016999986e+01 -1.016999986e+01 +1.4444e+00 +1.7221e+00 +2.6868e+00 -1.5951e+00 +2.9515e+00
25864 +9.972366932e-08 +9.972366932e-08 -1.016999990e+01 -1.016999990e+01 +1.4435e+00 +1.7241e+00 +2.6852e+00 -1.5980e+00 +2.9529e+00
29604 +5.718361251e-08 +5.718361251e-08 -1.016999994e+01 -1.016999994e+01 +1.4440e+00 +1.7234e+00 +2.6856e+00 -1.5968e+00 +2.9523e+00
29731 +3.537304671e-08 +3.537304671e-08 -1.016999996e+01 -1.016999996e+01 +1.4441e+00 +1.7235e+00 +2.6855e+00 -1.5970e+00 +2.9524e+00
30411 +1.815204165e-08 +1.815204165e-08 -1.016999998e+01 -1.016999998e+01 +1.4443e+00 +1.7238e+00 +2.6853e+00 -1.5970e+00 +2.9525e+00
30441 +6.999137270e-09 +6.999137270e-09 -1.016999999e+01 -1.016999999e+01 +1.4444e+00 +1.7235e+00 +2.6855e+00 -1.5966e+00 +2.9523e+00
