% function evaluation | noise-free fitness - Fopt (2.997000000000e+01) | best noise-free fitness - Fopt | measured fitness | best measured fitness | x1 | x2...
1 +8.939643291e+02 +8.939643291e+02 +9.239343291e+02 +9.239343291e+02 -4.3787e+00 +4.1268e+00 -3.3909e+00
2 +4.009013265e+02 +4.009013265e+02 +4.308713265e+02 +4.308713265e+02 -1.4436e+00 -2.1253e+00 -4.7495e+00
12 +3.342559762e+02 +3.342559762e+02 +3.642259762e+02 +3.642259762e+02 +2.8035e+00 -2.9330e+00 -4.1678e+00
48 +2.421795003e+02 +2.421795003e+02 +2.721495003e+02 +2.721495003e+02 +1.9566e+00 -5.0000e+00 -7.8701e-01
79 +8.980038334e+00 +8.980038334e+00 +3.895003833e+01 +3.895003833e+01 +5.0031e-01 -1.1120e+00 -4.1316e+00
2813 +4.396035668e+00 +4.396035668e+00 +3.436603567e+01 +3.436603567e+01 +7.7625e-01 -1.5835e+00 -3.7500e+00
2982 +3.731632904e+00 +3.731632904e+00 +3.370163290e+01 +3.370163290e+01 +6.0204e-01 -1.3058e+00 -3.9987e+00
4243 +1.797844142e+00 +1.797844142e+00 +3.176784414e+01 +3.176784414e+01 +6.0666e-01 -1.3095e+00 -4.0123e+00
6397 +8.898341273e-01 +8.898341273e-01 +3.085983413e+01 +3.085983413e+01 +7.1113e-01 -1.4627e+00 -3.8722e+00
10614 +5.923609704e-01 +5.923609704e-01 +3.056236097e+01 +3.056236097e+01 +7.6799e-01 -1.5425e+00 -3.8025e+00
11014 +3.824196873e-01 +3.824196873e-01 +3.035241969e+01 +3.035241969e+01 +7.6759e-01 -1.5448e+00 -3.8022e+00
14228 +2.446099722e-01 +2.446099722e-01 +3.021460997e+01 +3.021460997e+01 +7.6777e-01 -1.5460e+00 -3.8007e+00
% function evaluation | noise-free fitness - Fopt (-5.171000000000e+01) | best noise-free fitness - Fopt | measured fitness | best measured fitness | x1 | x2...
1 +1.280096836e+03 +1.280096836e+03 +1.228386836e+03 +1.228386836e+03 +3.4239e+00 +3.5117e+00 +2.2897e+00
2 +3.716010829e+02 +3.716010829e+02 +3.198910829e+02 +3.198910829e+02 +4.9588e+00 +3.9610e-01 -1.6125e+00
10 +9.536264288e+01 +9.536264288e+01 +4.365264288e+01 +4.365264288e+01 +2.0641e+00 +3.5879e+00 -3.9678e+00
134 +6.094421829e+01 +6.094421829e+01 +9.234218289e+00 +9.234218289e+00 +4.0757e+00 +2.2374e+00 -2.8925e+00
280 +3.000209187e+01 +3.000209187e+01 -2.170790813e+01 -2.170790813e+01 +8.5614e-01 +3.8507e+00 -3.6046e+00
621 +2.300844247e+01 +2.300844247e+01 -2.870155753e+01 -2.870155753e+01 +8.3355e-01 +3.8610e+00 -3.5522e+00
1140 +4.410289930e+00 +4.410289930e+00 -4.729971007e+01 -4.729971007e+01 +2.1106e+00 +3.3420e+00 -3.3955e+00
1352 +2.497391580e+00 +2.497391580e+00 -4.921260842e+01 -4.921260842e+01 +2.9484e+00 +2.9758e+00 -3.3112e+00
6771 +4.787323076e-01 +4.787323076e-01 -5.123126769e+01 -5.123126769e+01 +2.8553e+00 +3.0172e+00 -3.3333e+00
9986 +2.332190499e-01 +2.332190499e-01 -5.147678095e+01 -5.147678095e+01 +2.8549e+00 +3.0189e+00 -3.3340e+00
10322 +1.442250519e-01 +1.442250519e-01 -5.156577495e+01 -5.156577495e+01 +2.6197e+00 +3.1250e+00 -3.3595e+00
11761 +5.457835204e-02 +5.457835204e-02 -5.165542165e+01 -5.165542165e+01 +2.6230e+00 +3.1242e+00 -3.3592e+00
12338 +3.264594272e-02 +3.264594272e-02 -5.167735406e+01 -5.167735406e+01 +2.6230e+00 +3.1242e+00 -3.3594e+00
12378 +2.297977482e-02 +2.297977482e-02 -5.168702023e+01 -5.168702023e+01 +2.6231e+00 +3.1242e+00 -3.3595e+00
12441 +1.558386005e-02 +1.558386005e-02 -5.169441614e+01 -5.169441614e+01 +2.6227e+00 +3.1242e+00 -3.3594e+00
12498 +8.060311457e-03 +8.060311457e-03 -5.170193969e+01 -5.170193969e+01 +2.6228e+00 +3.1242e+00 -3.3595e+00
13321 +3.478267927e-03 +3.478267927e-03 -5.170652173e+01 -5.170652173e+01 +2.6228e+00 +3.1243e+00 -3.3595e+00
14218 +1.704907146e-03 +1.704907146e-03 -5.170829509e+01 -5.170829509e+01 +2.6228e+00 +3.1242e+00 -3.3595e+00
14528 +1.147311728e-03 +1.147311728e-03 -5.170885269e+01 -5.170885269e+01 +2.6231e+00 +3.1241e+00 -3.3594e+00
17128 +9.504618538e-04 +9.504618538e-04 -5.170904954e+01 -5.170904954e+01 +2.6231e+00 +3.1241e+00 -3.3594e+00
19264 +6.210912739e-04 +6.210912739e-04 -5.170937891e+01 -5.170937891e+01 +2.6231e+00 +3.1241e+00 -3.3594e+00
% function evaluation | noise-free fitness - Fopt (-2.799500000000e+02) | best noise-free fitness - Fopt | measured fitness | best measured fitness | x1 | x2...
1 +3.099174366e+03 +3.099174366e+03 +2.819224366e+03 +2.819224366e+03 +2.2989e+00 +1.7957e+00 -4.9213e+00
2 +2.131047712e+03 +2.131047712e+03 +1.851097712e+03 +1.851097712e+03 +3.1070e+00 -4.5695e-01 -2.3586e+00
4 +1.105887655e+03 +1.105887655e+03 +8.259376546e+02 +8.259376546e+02 +4.5831e+00 -3.2129e+00 +6.0680e-01
7 +8.373485302e+02 +8.373485302e+02 +5.573985302e+02 +5.573985302e+02 +4.8616e+00 -3.2475e+00 +4.7306e+00
9 +5.177981000e+02 +5.177981000e+02 +2.378481000e+02 +2.378481000e+02 -7.2167e-01 -3.0605e+00 +2.3870e+00
25 +1.516642347e+02 +1.516642347e+02 -1.282857653e+02 -1.282857653e+02 -2.0254e+00 -4.3923e+00 +2.2116e+00
54 +4.448931993e+01 +4.448931993e+01 -2.354606801e+02 -2.354606801e+02 -2.8236e+00 -5.0000e+00 +2.0585e+00
288 +2.500552869e+01 +2.500552869e+01 -2.549444713e+02 -2.549444713e+02 -2.5796e+00 -5.0000e+00 +2.0648e+00
1529 +1.473168369e+01 +1.473168369e+01 -2.652183163e+02 -2.652183163e+02 -2.4850e+00 -4.9939e+00 +2.0343e+00
16215 +9.942126294e+00 +9.942126294e+00 -2.700078737e+02 -2.700078737e+02 -2.5574e+00 -4.9012e+00 +2.1484e+00
% function evaluation | noise-free fitness - Fopt (9.319900000000e+02) | best noise-free fitness - Fopt | measured fitness | best measured fitness | x1 | x2...
1 +3.349804562e+02 +3.349804562e+02 +1.266970456e+03 +1.266970456e+03 -1.0897e+00 -1.5940e+00 +3.4166e+00
7 +7.679659993e+01 +7.679659993e+01 +1.008786600e+03 +1.008786600e+03 +1.2906e+00 +2.1023e-02 +2.8908e+00
405 +4.221677975e+01 +4.221677975e+01 +9.742067798e+02 +9.742067798e+02 +1.1405e+00 +1.2463e-01 +2.8320e+00
610 +2.939951474e+01 +2.939951474e+01 +9.613895147e+02 +9.613895147e+02 +1.7162e+00 +1.5413e+00 +2.5581e+00
1237 +1.303754690e+01 +1.303754690e+01 +9.450275469e+02 +9.450275469e+02 +1.7445e+00 +1.8940e+00 +2.6533e+00
3077 +7.544812054e+00 +7.544812054e+00 +9.395348121e+02 +9.395348121e+02 +1.6031e+00 +1.4455e+00 +2.7685e+00
3637 +4.628215538e+00 +4.628215538e+00 +9.366182155e+02 +9.366182155e+02 +1.5666e+00 +1.4150e+00 +2.7505e+00
4234 +2.732828527e+00 +2.732828527e+00 +9.347228285e+02 +9.347228285e+02 +1.4610e+00 +1.1518e+00 +2.8360e+00
5148 +2.115479940e+00 +2.115479940e+00 +9.341054799e+02 +9.341054799e+02 +1.3986e+00 +1.0448e+00 +2.8816e+00
5180 +9.514175929e-01 +9.514175929e-01 +9.329414176e+02 +9.329414176e+02 +1.4432e+00 +1.1272e+00 +2.8645e+00
8642 +5.862823585e-01 +5.862823585e-01 +9.325762824e+02 +9.325762824e+02 +1.4299e+00 +1.0976e+00 +2.8654e+00
9526 +3.902509952e-01 +3.902509952e-01 +9.323802510e+02 +9.323802510e+02 +1.4259e+00 +1.0887e+00 +2.8701e+00
12393 +1.955805756e-01 +1.955805756e-01 +9.321855806e+02 +9.321855806e+02 +1.4063e+00 +1.0419e+00 +2.8840e+00
% function evaluation | noise-free fitness - Fopt (1.133100000000e+02) | best noise-free fitness - Fopt | measured fitness | best measured fitness | x1 | x2...
1 +1.059812089e+03 +1.059812089e+03 +1.173122089e+03 +1.173122089e+03 +3.9432e+00 -3.2928e+00 -4.0571e+00
2 +1.977060843e+02 +1.977060843e+02 +3.110160843e+02 +3.110160843e+02 +2.8456e+00 +3.9596e+00 +5.8470e-01
16 +5.802825518e+01 +5.802825518e+01 +1.713382552e+02 +1.713382552e+02 +1.9422e+00 +1.3170e+00 +2.6170e+00
261 +3.675557387e+01 +3.675557387e+01 +1.500655739e+02 +1.500655739e+02 +1.8996e+00 +2.3867e+00 +1.5152e+00
588 +1.376288340e+01 +1.376288340e+01 +1.270728834e+02 +1.270728834e+02 +2.1957e+00 +3.7486e+00 +0.0000e+00
691 +7.553821897e+00 +7.553821897e+00 +1.208638219e+02 +1.208638219e+02 +2.1762e+00 +3.7188e+00 +0.0000e+00
2943 +1.742536724e+00 +1.742536724e+00 +1.150525367e+02 +1.150525367e+02 +2.1556e+00 +3.4524e+00 +2.5635e-01
5905 +1.568219211e+00 +1.568219211e+00 +1.148782192e+02 +1.148782192e+02 +2.1442e+00 +3.2076e+00 +5.0509e-01
6171 +4.779253694e-01 +4.779253694e-01 +1.137879254e+02 +1.137879254e+02 +2.1411e+00 +3.2563e+00 +4.6740e-01
8561 +3.226441026e-01 +3.226441026e-01 +1.136326441e+02 +1.136326441e+02 +2.1415e+00 +3.2560e+00 +4.6940e-01
9078 +2.486670788e-01 +2.486670788e-01 +1.135586671e+02 +1.135586671e+02 +2.1409e+00 +3.2524e+00 +4.7394e-01
10350 +1.467663580e-01 +1.467663580e-01 +1.134567664e+02 +1.134567664e+02 +2.1399e+00 +3.2526e+00 +4.7514e-01
14434 +9.985093648e-02 +9.985093648e-02 +1.134098509e+02 +1.134098509e+02 +2.1401e+00 +3.2527e+00 +4.7528e-01
% function evaluation | noise-free fitness - Fopt (-3.000200000000e+02) | best noise-free fitness - Fopt | measured fitness | best measured fitness | x1 | x2...
1 +5.882644734e+02 +5.882644734e+02 +2.882444734e+02 +2.882444734e+02 -2.1256e+00 +9.8625e-02 -2.6577e+00
24 +7.659744380e+01 +7.659744380e+01 -2.234225562e+02 -2.234225562e+02 -3.6958e+00 -1.0833e+00 +3.0731e+00
675 +2.800759490e+01 +2.800759490e+01 -2.720124051e+02 -2.720124051e+02 -2.0868e+00 -2.4644e-01 +7.8776e-01
1811 +1.255889082e+01 +1.255889082e+01 -2.874611092e+02 -2.874611092e+02 -1.8726e+00 -1.4731e-01 +4.3311e-01
7140 +9.943434155e+00 +9.943434155e+00 -2.900765658e+02 -2.900765658e+02 -1.8979e+00 -1.7789e-01 +4.7643e-01
7162 +5.268265461e+00 +5.268265461e+00 -2.947517345e+02 -2.947517345e+02 -1.1803e+00 +1.8728e-01 -4.9052e-01
9457 +3.518456049e+00 +3.518456049e+00 -2.965015440e+02 -2.965015440e+02 -1.1600e+00 +1.9064e-01 -5.1877e-01
% function evaluation | noise-free fitness - Fopt (4.471000000000e+01) | best noise-free fitness - Fopt | measured fitness | best measured fitness | x1 | x2...
1 +1.377376928e+03 +1.377376928e+03 +1.422086928e+03 +1.422086928e+03 +2.0808e+00 -4.6986e+00 -4.9565e-01
3 +9.431719296e+02 +9.431719296e+02 +9.878819296e+02 +9.878819296e+02 +6.8529e-01 +1.0656e+00 +4.7390e+00
12 +5.593464629e+02 +5.593464629e+02 +6.040564629e+02 +6.040564629e+02 +3.3044e+00 +2.6971e+00 -5.0560e-01
28 +2.301116683e+02 +2.301116683e+02 +2.748216683e+02 +2.748216683e+02 -4.6942e-01 -3.9646e+00 +4.0601e+00
80 +1.318298327e+02 +1.318298327e+02 +1.765398327e+02 +1.765398327e+02 -2.6298e+00 -3.7755e+00 +4.2532e+00
178 +8.727866395e+01 +8.727866395e+01 +1.319886639e+02 +1.319886639e+02 +2.1647e+00 -8.2141e-01 +2.4341e+00
384 +4.667278440e+01 +4.667278440e+01 +9.138278440e+01 +9.138278440e+01 +5.0000e+00 +2.0059e-01 +1.7241e+00
528 +3.319906576e+01 +3.319906576e+01 +7.790906576e+01 +7.790906576e+01 +5.0000e+00 +5.5814e-02 +1.8474e+00
728 +1.950235292e+01 +1.950235292e+01 +6.421235292e+01 +6.421235292e+01 +5.0000e+00 +7.4282e-02 +1.8910e+00
1228 +1.149570061e+01 +1.149570061e+01 +5.620570061e+01 +5.620570061e+01 +4.3478e+00 -2.7385e-01 +2.1739e+00
3439 +9.529609823e+00 +9.529609823e+00 +5.423960982e+01 +5.423960982e+01 +4.5093e+00 -1.7736e-01 +2.1004e+00
3791 +4.187330312e+00 +4.187330312e+00 +4.889733031e+01 +4.889733031e+01 +3.6287e+00 -6.1933e-01 +2.3718e+00
5484 +3.746810155e+00 +3.746810155e+00 +4.845681015e+01 +4.845681015e+01 +3.9080e+00 -4.7579e-01 +2.2936e+00
7567 +1.620243995e+00 +1.620243995e+00 +4.633024400e+01 +4.633024400e+01 +3.6384e+00 -6.1620e-01 +2.3815e+00
8326 +1.476902618e+00 +1.476902618e+00 +4.618690262e+01 +4.618690262e+01 +3.6394e+00 -6.1390e-01 +2.3794e+00
9826 +3.740383969e-01 +3.740383969e-01 +4.508403840e+01 +4.508403840e+01 +3.2867e+00 -7.9534e-01 +2.5000e+00
% function evaluation | noise-free fitness - Fopt (-1.000000000000e+03) | best noise-free fitness - Fopt | measured fitness | best measured fitness | x1 | x2...
1 +7.849049667e+02 +7.849049667e+02 -2.150950333e+02 -2.150950333e+02 +3.8029e+00 +4.4427e+00 +4.6786e+00
3 +6.121491135e+02 +6.121491135e+02 -3.878508865e+02 -3.878508865e+02 +4.0744e-01 +9.3112e-01 +5.0152e-01
4 +3.292708302e+02 +3.292708302e+02 -6.707291698e+02 -6.707291698e+02 -3.8863e+00 +3.3506e+00 -1.6160e+00
8 +1.269156515e+02 +1.269156515e+02 -8.730843485e+02 -8.730843485e+02 -1.9936e+00 +2.5923e+00 +4.4903e+00
10 +7.450229865e+01 +7.450229865e+01 -9.254977013e+02 -9.254977013e+02 -2.0282e+00 +2.6248e+00 +1.9428e+00
130 +3.812814605e+01 +3.812814605e+01 -9.618718539e+02 -9.618718539e+02 -2.2565e+00 +2.0596e+00 +5.0000e+00
690 +6.059574238e+00 +6.059574238e+00 -9.939404258e+02 -9.939404258e+02 -2.2926e+00 +2.2263e+00 +3.2693e+00
1460 +3.938994534e+00 +3.938994534e+00 -9.960610055e+02 -9.960610055e+02 -2.2724e+00 +2.2219e+00 +3.2963e+00
2445 +2.038192107e+00 +2.038192107e+00 -9.979618079e+02 -9.979618079e+02 -2.2388e+00 +2.2251e+00 +3.2822e+00
2704 +1.488002539e+00 +1.488002539e+00 -9.985119975e+02 -9.985119975e+02 -2.2112e+00 +2.1709e+00 +3.6930e+00
5378 +7.671360308e-01 +7.671360308e-01 -9.992328640e+02 -9.992328640e+02 -2.2380e+00 +2.2102e+00 +3.3647e+00
6115 +4.435265669e-01 +4.435265669e-01 -9.995564734e+02 -9.995564734e+02 -2.2468e+00 +2.2204e+00 +3.2517e+00
6183 +2.204039407e-01 +2.204039407e-01 -9.997795961e+02 -9.997795961e+02 -2.2505e+00 +2.2177e+00 +3.2712e+00
7773 +1.055922247e-01 +1.055922247e-01 -9.998944078e+02 -9.998944078e+02 -2.2487e+00 +2.2179e+00 +3.2743e+00
8514 +6.374833037e-02 +6.374833037e-02 -9.999362517e+02 -9.999362517e+02 -2.2490e+00 +2.2179e+00 +3.2706e+00
8754 +5.977986510e-02 +5.977986510e-02 -9.999402201e+02 -9.999402201e+02 -2.2489e+00 +2.2179e+00 +3.2704e+00
8794 +3.213721399e-02 +3.213721399e-02 -9.999678628e+02 -9.999678628e+02 -2.2488e+00 +2.2179e+00 +3.2714e+00
8975 +2.220654938e-02 +2.220654938e-02 -9.999777935e+02 -9.999777935e+02 -2.2485e+00 +2.2178e+00 +3.2735e+00
11474 +1.537858023e-02 +1.537858023e-02 -9.999846214e+02 -9.999846214e+02 -2.2485e+00 +2.2179e+00 +3.2726e+00
% function evaluation | noise-free fitness - Fopt (3.042000000000e+02) | best noise-free fitness - Fopt | measured fitness | best measured fitness | x1 | x2...
1 +4.017322977e+02 +4.017322977e+02 +7.059322977e+02 +7.059322977e+02 -2.2982e+00 +2.0935e+00 -1.6623e+00
17 +1.094431482e+02 +1.094431482e+02 +4.136431482e+02 +4.136431482e+02 -2.8877e+00 +4.2820e+00 +1.6970e-01
30 +9.828765900e+01 +9.828765900e+01 +4.024876590e+02 +4.024876590e+02 -3.8784e+00 +2.4393e+00 -1.3959e-01
94 +3.472618053e+01 +3.472618053e+01 +3.389261805e+02 +3.389261805e+02 -3.1862e+00 +2.8941e+00 +0.0000e+00
555 +2.264791247e+01 +2.264791247e+01 +3.268479125e+02 +3.268479125e+02 -3.5311e+00 +2.2185e+00 +2.4399e-02
770 +1.331002190e+01 +1.331002190e+01 +3.175100219e+02 +3.175100219e+02 -3.7260e+00 +2.0217e+00 +9.1162e-02
1449 +7.357524550e+00 +7.357524550e+00 +3.115575245e+02 +3.115575245e+02 -2.6278e+00 +3.3421e+00 +6.6091e-02
3246 +3.669326841e+00 +3.669326841e+00 +3.078693268e+02 +3.078693268e+02 -2.6098e+00 +3.4542e+00 +8.2951e-02
3326 +1.099573032e+00 +1.099573032e+00 +3.052995730e+02 +3.052995730e+02 -2.5823e+00 +3.4633e+00 +9.5946e-02
6480 +4.966187318e-01 +4.966187318e-01 +3.046966187e+02 +3.046966187e+02 -2.5239e+00 +3.5403e+00 +9.0797e-02
7393 +2.331971396e-01 +2.331971396e-01 +3.044331971e+02 +3.044331971e+02 -2.5161e+00 +3.5511e+00 +9.3785e-02
7950 +1.572372471e-01 +1.572372471e-01 +3.043572372e+02 +3.043572372e+02 -2.5116e+00 +3.5572e+00 +9.2802e-02
9486 +2.967458603e-02 +2.967458603e-02 +3.042296746e+02 +3.042296746e+02 -2.5060e+00 +3.5626e+00 +9.2779e-02
11332 +1.824813010e-02 +1.824813010e-02 +3.042182481e+02 +3.042182481e+02 -2.5068e+00 +3.5615e+00 +9.2770e-02
13046 +1.382039704e-02 +1.382039704e-02 +3.042138204e+02 +3.042138204e+02 -2.5068e+00 +3.5615e+00 +9.2789e-02
% function evaluation | noise-free fitness - Fopt (-1.046700000000e+02) | best noise-free fitness - Fopt | measured fitness | best measured fitness | x1 | x2...
1 +1.556594189e+03 +1.556594189e+03 +1.451924189e+03 +1.451924189e+03 +3.8130e+00 -4.7996e+00 +1.1849e+00
3 +8.656680962e+02 +8.656680962e+02 +7.609980962e+02 +7.609980962e+02 +7.5299e-01 +3.4545e+00 -4.8380e+00
16 +8.236758816e+01 +8.236758816e+01 -2.230241184e+01 -2.230241184e+01 -4.4347e+00 +1.1757e+00 -2.9392e+00
130 +2.580658728e+01 +2.580658728e+01 -7.886341272e+01 -7.886341272e+01 -3.9286e+00 +8.2401e-01 -3.0414e+00
851 +1.515301583e+01 +1.515301583e+01 -8.951698417e+01 -8.951698417e+01 -3.6078e+00 +1.0051e+00 -3.3965e+00
1466 +9.673559935e+00 +9.673559935e+00 -9.499644007e+01 -9.499644007e+01 -3.3402e+00 +9.8189e-01 -3.6060e+00
1956 +5.327430146e+00 +5.327430146e+00 -9.934256985e+01 -9.934256985e+01 -3.4935e+00 +9.9447e-01 -3.5472e+00
3648 +1.517153617e+00 +1.517153617e+00 -1.031528464e+02 -1.031528464e+02 -3.5318e+00 +9.7800e-01 -3.5224e+00
5671 +9.324315263e-01 +9.324315263e-01 -1.037375685e+02 -1.037375685e+02 -3.5013e+00 +9.7943e-01 -3.5474e+00
6415 +5.792862506e-01 +5.792862506e-01 -1.040907137e+02 -1.040907137e+02 -3.6259e+00 +9.6065e-01 -3.4023e+00
6677 +2.730460168e-01 +2.730460168e-01 -1.043969540e+02 -1.043969540e+02 -3.6966e+00 +9.4759e-01 -3.3180e+00
8722 +1.562087449e-01 +1.562087449e-01 -1.045137913e+02 -1.045137913e+02 -3.7669e+00 +9.3750e-01 -3.2422e+00
9573 +9.176961803e-02 +9.176961803e-02 -1.045782304e+02 -1.045782304e+02 -3.7629e+00 +9.3768e-01 -3.2448e+00
9698 +4.630991859e-02 +4.630991859e-02 -1.046236901e+02 -1.046236901e+02 -3.7622e+00 +9.3756e-01 -3.2461e+00
10451 +3.890870068e-02 +3.890870068e-02 -1.046310913e+02 -1.046310913e+02 -3.7618e+00 +9.3754e-01 -3.2462e+00
10761 +2.265937803e-02 +2.265937803e-02 -1.046473406e+02 -1.046473406e+02 -3.7623e+00 +9.3755e-01 -3.2456e+00
11726 +1.498607365e-02 +1.498607365e-02 -1.046550139e+02 -1.046550139e+02 -3.7626e+00 +9.3753e-01 -3.2454e+00
% function evaluation | noise-free fitness - Fopt (4.869500000000e+02) | best noise-free fitness - Fopt | measured fitness | best measured fitness | x1 | x2...
1 +7.616670497e+02 +7.616670497e+02 +1.248617050e+03 +1.248617050e+03 +2.2294e-01 +4.2579e+00 +2.8875e+00
4 +3.187930706e+02 +3.187930706e+02 +8.057430706e+02 +8.057430706e+02 -3.8149e+00 +4.2689e+00 -1.4526e+00
10 +2.477958197e+02 +2.477958197e+02 +7.347458197e+02 +7.347458197e+02 -3.6831e+00 -3.3481e+00 +5.5188e-01
15 +4.636288984e+01 +4.636288984e+01 +5.333128898e+02 +5.333128898e+02 -3.9977e+00 +5.7853e-01 -1.5565e+00
388 +3.869496522e+01 +3.869496522e+01 +5.256449652e+02 +5.256449652e+02 -3.8962e+00 +4.6485e-01 -1.4712e+00
834 +1.447066889e+01 +1.447066889e+01 +5.014206689e+02 +5.014206689e+02 -3.6395e+00 +1.0428e+00 -1.3863e+00
1767 +8.939969144e+00 +8.939969144e+00 +4.958899691e+02 +4.958899691e+02 -4.0927e+00 -2.4384e-01 -1.1426e+00
2240 +5.297635222e+00 +5.297635222e+00 +4.922476352e+02 +4.922476352e+02 -3.9963e+00 -6.5337e-02 -1.1305e+00
2353 +3.683385718e+00 +3.683385718e+00 +4.906333857e+02 +4.906333857e+02 -3.8929e+00 +1.1052e-01 -1.1707e+00
3944 +1.949442544e+00 +1.949442544e+00 +4.888994425e+02 +4.888994425e+02 -3.9634e+00 -1.0291e-01 -1.1281e+00
5617 +1.507410219e+00 +1.507410219e+00 +4.884574102e+02 +4.884574102e+02 -3.9599e+00 +8.9864e-03 -1.1593e+00
7306 +7.233601347e-01 +7.233601347e-01 +4.876733601e+02 +4.876733601e+02 -3.9517e+00 -1.7382e-02 -1.1511e+00
7678 +5.884577624e-01 +5.884577624e-01 +4.875384578e+02 +4.875384578e+02 -3.9566e+00 -1.1778e-02 -1.1500e+00
8078 +1.117856450e-01 +1.117856450e-01 +4.870617856e+02 +4.870617856e+02 -3.9571e+00 -2.1928e-02 -1.1490e+00
8518 +7.262436215e-02 +7.262436215e-02 +4.870226244e+02 +4.870226244e+02 -3.9570e+00 -2.4046e-02 -1.1487e+00
8678 +6.215137227e-02 +6.215137227e-02 +4.870121514e+02 +4.870121514e+02 -3.9570e+00 -2.2703e-02 -1.1489e+00
9974 +3.135381366e-02 +3.135381366e-02 +4.869813538e+02 +4.869813538e+02 -3.9571e+00 -2.3801e-02 -1.1486e+00
% function evaluation | noise-free fitness - Fopt (9.655000000000e+01) | best noise-free fitness - Fopt | measured fitness | best measured fitness | x1 | x2...
1 +1.294725421e+03 +1.294725421e+03 +1.391275421e+03 +1.391275421e+03 +2.3585e+00 -2.7318e+00 +4.0290e+00
5 +8.499831269e+02 +8.499831269e+02 +9.465331269e+02 +9.465331269e+02 +3.5299e+00 -1.6115e+00 -2.8561e+00
6 +4.079721595e+02 +4.079721595e+02 +5.045221595e+02 +5.045221595e+02 +3.8471e-01 +4.2370e+00 -2.6414e+00
7 +3.137703942e+02 +3.137703942e+02 +4.103203942e+02 +4.103203942e+02 +1.8351e+00 +1.2226e+00 -3.2251e+00
41 +1.542584725e+02 +1.542584725e+02 +2.508084725e+02 +2.508084725e+02 +8.1072e-01 +2.2682e+00 -9.7096e-01
172 +7.216912145e+01 +7.216912145e+01 +1.687191214e+02 +1.687191214e+02 +8.4286e-01 +2.7582e+00 -3.8238e-01
253 +5.170275355e+01 +5.170275355e+01 +1.482527536e+02 +1.482527536e+02 +2.0968e+00 +2.9275e+00 -2.2464e+00
896 +3.767218564e+01 +3.767218564e+01 +1.342221856e+02 +1.342221856e+02 +2.9910e+00 +3.6041e+00 -3.1250e+00
977 +2.071610730e+01 +2.071610730e+01 +1.172661073e+02 +1.172661073e+02 +1.9669e+00 +3.1295e+00 -1.6486e+00
1516 +1.203796090e+01 +1.203796090e+01 +1.085879609e+02 +1.085879609e+02 +2.2101e+00 +3.2697e+00 -1.9837e+00
1707 +9.616384660e+00 +9.616384660e+00 +1.061663847e+02 +1.061663847e+02 +2.5000e+00 +3.3485e+00 -2.4566e+00
2001 +6.204751215e+00 +6.204751215e+00 +1.027547512e+02 +1.027547512e+02 +2.5000e+00 +3.3494e+00 -2.5000e+00
3677 +2.109030700e+00 +2.109030700e+00 +9.865903070e+01 +9.865903070e+01 +2.4536e+00 +3.3197e+00 -2.4789e+00
5482 +1.444413357e+00 +1.444413357e+00 +9.799441336e+01 +9.799441336e+01 +2.4186e+00 +3.3219e+00 -2.4308e+00
6852 +9.539731803e-01 +9.539731803e-01 +9.750397318e+01 +9.750397318e+01 +2.4299e+00 +3.3205e+00 -2.4500e+00
16744 +5.809722052e-01 +5.809722052e-01 +9.713097221e+01 +9.713097221e+01 +2.3862e+00 +3.3105e+00 -2.3846e+00
% function evaluation | noise-free fitness - Fopt (6.320000000000e+00) | best noise-free fitness - Fopt | measured fitness | best measured fitness | x1 | x2...
1 +2.362521821e+03 +2.362521821e+03 +2.368841821e+03 +2.368841821e+03 -4.4555e+00 -3.9839e+00 -4.2720e+00
2 +1.103414312e+03 +1.103414312e+03 +1.109734312e+03 +1.109734312e+03 -3.0818e+00 +1.5790e+00 +1.7272e+00
4 +8.416882475e+02 +8.416882475e+02 +8.480082475e+02 +8.480082475e+02 -9.5889e-01 +2.2778e+00 +6.2071e-01
7 +5.932886075e+02 +5.932886075e+02 +5.996086075e+02 +5.996086075e+02 +2.0669e-01 -3.0562e+00 +1.5458e+00
22 +1.956056654e+02 +1.956056654e+02 +2.019256654e+02 +2.019256654e+02 +2.8852e+00 -2.9310e+00 +3.0505e+00
71 +5.342579642e+01 +5.342579642e+01 +5.974579642e+01 +5.974579642e+01 +3.8865e+00 -2.4224e+00 +7.4759e-01
201 +3.793500619e+01 +3.793500619e+01 +4.425500619e+01 +4.425500619e+01 +3.0616e+00 -1.9203e+00 +1.8675e+00
514 +2.029767188e+01 +2.029767188e+01 +2.661767188e+01 +2.661767188e+01 +3.3890e+00 -1.8472e+00 +1.1729e+00
1621 +1.224632973e+01 +1.224632973e+01 +1.856632973e+01 +1.856632973e+01 +3.4510e+00 -2.1425e+00 +9.3098e-01
1710 +9.056443362e+00 +9.056443362e+00 +1.537644336e+01 +1.537644336e+01 +3.5347e+00 -2.1687e+00 +8.9256e-01
2975 +6.154151256e+00 +6.154151256e+00 +1.247415126e+01 +1.247415126e+01 +3.1693e+00 -1.9404e+00 +1.4005e+00
2988 +3.433315496e+00 +3.433315496e+00 +9.753315496e+00 +9.753315496e+00 +2.9660e+00 -1.7712e+00 +1.7224e+00
3974 +2.205874811e+00 +2.205874811e+00 +8.525874811e+00 +8.525874811e+00 +3.3499e+00 -1.9759e+00 +1.1505e+00
4256 +1.264249065e+00 +1.264249065e+00 +7.584249065e+00 +7.584249065e+00 +3.3624e+00 -2.0084e+00 +1.1144e+00
4521 +8.468370007e-01 +8.468370007e-01 +7.166837001e+00 +7.166837001e+00 +3.2691e+00 -1.9453e+00 +1.2538e+00
5613 +5.679105317e-01 +5.679105317e-01 +6.887910532e+00 +6.887910532e+00 +3.2698e+00 -1.9435e+00 +1.2547e+00
6013 +2.135617689e-01 +2.135617689e-01 +6.533561769e+00 +6.533561769e+00 +3.2694e+00 -1.9411e+00 +1.2598e+00
8653 +1.163116316e-01 +1.163116316e-01 +6.436311632e+00 +6.436311632e+00 +3.2700e+00 -1.9425e+00 +1.2597e+00
9623 +6.599835137e-02 +6.599835137e-02 +6.385998351e+00 +6.385998351e+00 +3.2697e+00 -1.9427e+00 +1.2598e+00
11533 +6.295273328e-02 +6.295273328e-02 +6.382952733e+00 +6.382952733e+00 +3.2697e+00 -1.9427e+00 +1.2598e+00
13719 +3.833450256e-02 +3.833450256e-02 +6.358334503e+00 +6.358334503e+00 +3.2671e+00 -1.9420e+00 +1.2636e+00
14519 +1.957869676e-02 +1.957869676e-02 +6.339578697e+00 +6.339578697e+00 +3.2675e+00 -1.9419e+00 +1.2632e+00
15004 +1.538893774e-02 +1.538893774e-02 +6.335388938e+00 +6.335388938e+00 +3.2697e+00 -1.9432e+00 +1.2598e+00
17414 +9.956264976e-03 +9.956264976e-03 +6.329956265e+00 +6.329956265e+00 +3.2696e+00 -1.9433e+00 +1.2599e+00
% function evaluation | noise-free fitness - Fopt (-1.275100000000e+02) | best noise-free fitness - Fopt | measured fitness | best measured fitness | x1 | x2...
1 +1.402208826e+03 +1.402208826e+03 +1.274698826e+03 +1.274698826e+03 +8.0699e-01 +4.6587e+00 +3.2937e+00
3 +6.027540806e+02 +6.027540806e+02 +4.752440806e+02 +4.752440806e+02 +4.4563e-01 -3.5267e+00 +1.3638e+00
6 +2.630621879e+02 +2.630621879e+02 +1.355521879e+02 +1.355521879e+02 -3.7871e+00 -1.7586e+00 +3.0071e+00
17 +2.172071239e+02 +2.172071239e+02 +8.969712387e+01 +8.969712387e+01 -2.6312e+00 -3.1898e+00 +4.5208e-01
42 +1.146078286e+02 +1.146078286e+02 -1.290217140e+01 -1.290217140e+01 -2.7185e+00 -1.3453e+00 +2.2998e+00
68 +8.967411217e+01 +8.967411217e+01 -3.783588783e+01 -3.783588783e+01 -3.8520e+00 -4.0074e+00 +4.5016e-01
112 +6.171857149e+01 +6.171857149e+01 -6.579142851e+01 -6.579142851e+01 -3.7452e+00 -2.9461e+00 +1.5047e+00
372 +7.207373048e+00 +7.207373048e+00 -1.203026270e+02 -1.203026270e+02 -3.8836e+00 -3.1388e+00 +8.5135e-01
3049 +5.038745043e+00 +5.038745043e+00 -1.224712550e+02 -1.224712550e+02 -3.6341e+00 -2.9373e+00 +1.0877e+00
3309 +2.617408352e+00 +2.617408352e+00 -1.248925916e+02 -1.248925916e+02 -3.6975e+00 -3.0450e+00 +1.0200e+00
3389 +1.917747513e+00 +1.917747513e+00 -1.255922525e+02 -1.255922525e+02 -3.7159e+00 -3.0411e+00 +1.0307e+00
6437 +6.997751273e-01 +6.997751273e-01 -1.268102249e+02 -1.268102249e+02 -3.7938e+00 -3.1250e+00 +9.1817e-01
7309 +4.337693424e-01 +4.337693424e-01 -1.270762307e+02 -1.270762307e+02 -3.7124e+00 -3.0331e+00 +1.0188e+00
10425 +2.935134488e-01 +2.935134488e-01 -1.272164866e+02 -1.272164866e+02 -3.7164e+00 -3.0430e+00 +1.0150e+00
10585 +1.683758231e-01 +1.683758231e-01 -1.273416242e+02 -1.273416242e+02 -3.7192e+00 -3.0428e+00 +1.0133e+00
10865 +1.475586442e-01 +1.475586442e-01 -1.273624414e+02 -1.273624414e+02 -3.7190e+00 -3.0426e+00 +1.0134e+00
11705 +6.504988655e-02 +6.504988655e-02 -1.274449501e+02 -1.274449501e+02 -3.7178e+00 -3.0422e+00 +1.0134e+00
12145 +6.281468778e-02 +6.281468778e-02 -1.274471853e+02 -1.274471853e+02 -3.7183e+00 -3.0421e+00 +1.0135e+00
12889 +3.823702309e-02 +3.823702309e-02 -1.274717630e+02 -1.274717630e+02 -3.7173e+00 -3.0409e+00 +1.0145e+00
13265 +1.912103372e-02 +1.912103372e-02 -1.274908790e+02 -1.274908790e+02 -3.7168e+00 -3.0406e+00 +1.0149e+00
14137 +1.297782282e-02 +1.297782282e-02 -1.274970222e+02 -1.274970222e+02 -3.7156e+00 -3.0393e+00 +1.0164e+00
% function evaluation | noise-free fitness - Fopt (8.328000000000e+02) | best noise-free fitness - Fopt | measured fitness | best measured fitness | x1 | x2...
1 +6.929269634e+02 +6.929269634e+02 +1.525726963e+03 +1.525726963e+03 +3.9982e+00 -4.8946e+00 +2.3306e+00
6 +3.143801438e+02 +3.143801438e+02 +1.147180144e+03 +1.147180144e+03 -4.6650e+00 -6.9265e-01 -8.4107e-01
13 +2.497894164e+02 +2.497894164e+02 +1.082589416e+03 +1.082589416e+03 -1.9407e+00 -2.9227e+00 +3.1952e-01
114 +1.547088193e+02 +1.547088193e+02 +9.875088193e+02 +9.875088193e+02 -2.2595e+00 -2.1186e+00 -8.9441e-01
135 +7.449296341e+01 +7.449296341e+01 +9.072929634e+02 +9.072929634e+02 -1.1476e+00 -2.4850e+00 -8.9324e-01
161 +5.477963381e+01 +5.477963381e+01 +8.875796338e+02 +8.875796338e+02 +0.0000e+00 -3.7811e+00 +0.0000e+00
202 +2.811298456e+01 +2.811298456e+01 +8.609129846e+02 +8.609129846e+02 +2.5206e-01 -3.8689e+00 +0.0000e+00
3252 +2.252599338e+01 +2.252599338e+01 +8.553259934e+02 +8.553259934e+02 -1.0667e+00 -2.5000e+00 -4.8571e-01
4446 +1.478157447e+01 +1.478157447e+01 +8.475815745e+02 +8.475815745e+02 -1.0946e+00 -2.5000e+00 -5.8631e-01
5572 +9.828733728e+00 +9.828733728e+00 +8.426287337e+02 +8.426287337e+02 -1.0862e+00 -2.5000e+00 -5.4893e-01
