% function evaluation | noise-free fitness - Fopt (2.997000000000e+01) | best noise-free fitness - Fopt | measured fitness | best measured fitness | x1 | x2...
1 +1.797111084e+03 +1.797111084e+03 +1.827081084e+03 +1.827081084e+03 -3.7827e+00 +1.8729e+00 -3.2082e+00 +3.0940e+00 -1.6033e+00
2 +1.527640997e+03 +1.527640997e+03 +1.557610997e+03 +1.557610997e+03 -3.3142e+00 -1.5518e-01 +1.9227e-01 +8.0327e-01 +3.9825e+00
4 +9.965245389e+02 +9.965245389e+02 +1.026494539e+03 +1.026494539e+03 +3.4973e-02 -2.5654e+00 -1.0475e+00 -1.0148e+00 +4.3639e+00
8 +4.973567419e+02 +4.973567419e+02 +5.273267419e+02 +5.273267419e+02 -2.2342e+00 -9.9625e-01 -3.6867e+00 -2.3644e+00 +2.5103e+00
31 +3.419926909e+02 +3.419926909e+02 +3.719626909e+02 +3.719626909e+02 +2.0502e+00 -4.8015e+00 -4.6030e+00 -7.3748e-01 +3.1575e+00
41 +2.303859799e+02 +2.303859799e+02 +2.603559799e+02 +2.603559799e+02 +1.2173e+00 -3.1271e+00 -5.0000e+00 -1.9060e+00 +3.3967e+00
189 +1.432504835e+02 +1.432504835e+02 +1.732204835e+02 +1.732204835e+02 -6.8162e-01 +6.8187e-01 -3.0662e+00 -1.8874e+00 +4.5327e+00
745 +9.784012667e+01 +9.784012667e+01 +1.278101267e+02 +1.278101267e+02 +1.2806e+00 -2.8867e+00 -4.2748e+00 -1.6234e+00 +3.0872e+00
1409 +5.502996347e+01 +5.502996347e+01 +8.499996347e+01 +8.499996347e+01 +3.9305e-01 -8.0665e-01 -3.3807e+00 -1.9963e+00 +3.6876e+00
1654 +3.837955889e+01 +3.837955889e+01 +6.834955889e+01 +6.834955889e+01 +3.6837e-01 -4.2303e-01 -3.2732e+00 -1.7506e+00 +3.4436e+00
1952 +2.324253528e+01 +2.324253528e+01 +5.321253528e+01 +5.321253528e+01 +3.7146e-01 -4.5436e-01 -3.4195e+00 -1.7716e+00 +3.6628e+00
2271 +1.461384193e+01 +1.461384193e+01 +4.458384193e+01 +4.458384193e+01 +3.6362e-01 -4.1728e-01 -3.3156e+00 -1.8602e+00 +3.6187e+00
2443 +8.297261783e+00 +8.297261783e+00 +3.826726178e+01 +3.826726178e+01 +3.7757e-01 -4.4906e-01 -3.3416e+00 -1.8344e+00 +3.5890e+00
3207 +5.898056496e+00 +5.898056496e+00 +3.586805650e+01 +3.586805650e+01 +3.9501e-01 -4.4842e-01 -3.3423e+00 -1.8282e+00 +3.5925e+00
% function evaluation | noise-free fitness - Fopt (-5.171000000000e+01) | best noise-free fitness - Fopt | measured fitness | best measured fitness | x1 | x2...
1 +8.791036471e+02 +8.791036471e+02 +8.273936471e+02 +8.273936471e+02 +7.1644e-02 -1.9168e+00 -3.8172e+00 +8.5472e-02 +4.8009e+00
50 +4.996301755e+02 +4.996301755e+02 +4.479201755e+02 +4.479201755e+02 +2.4209e+00 +5.0000e+00 -1.3580e+00 -1.5161e+00 +4.9820e-01
73 +2.786094601e+02 +2.786094601e+02 +2.268994601e+02 +2.268994601e+02 +3.1486e+00 +4.1962e+00 -2.8919e+00 -4.6471e+00 +1.1475e+00
233 +1.935268648e+02 +1.935268648e+02 +1.418168648e+02 +1.418168648e+02 +1.7438e+00 +3.6795e+00 -3.6274e+00 -4.5500e+00 +6.6477e-01
463 +1.448749632e+02 +1.448749632e+02 +9.316496316e+01 +9.316496316e+01 +3.1358e+00 +3.7627e+00 -2.3622e+00 -4.5282e+00 -7.4445e-02
612 +7.915133594e+01 +7.915133594e+01 +2.744133594e+01 +2.744133594e+01 +2.2014e+00 +3.0700e+00 -3.2921e+00 -3.9913e+00 +1.0371e+00
1010 +4.635495969e+01 +4.635495969e+01 -5.355040312e+00 -5.355040312e+00 +2.1969e+00 +2.2202e+00 -4.0476e+00 -3.7659e+00 +1.8885e+00
1374 +3.596451715e+01 +3.596451715e+01 -1.574548285e+01 -1.574548285e+01 +2.3442e+00 +2.7985e+00 -3.5974e+00 -3.6553e+00 +1.2628e+00
2047 +2.376141000e+01 +2.376141000e+01 -2.794859000e+01 -2.794859000e+01 +2.2493e+00 +2.3804e+00 -3.8258e+00 -3.5336e+00 +1.8660e+00
2491 +9.963680704e+00 +9.963680704e+00 -4.174631930e+01 -4.174631930e+01 +2.2543e+00 +2.3210e+00 -3.8314e+00 -3.6600e+00 +1.8321e+00
% function evaluation | noise-free fitness - Fopt (-2.799500000000e+02) | best noise-free fitness - Fopt | measured fitness | best measured fitness | x1 | x2...
1 +2.865834343e+03 +2.865834343e+03 +2.585884343e+03 +2.585884343e+03 -3.8895e+00 +4.9364e+00 -4.5042e-01 -4.3537e+00 +3.8968e+00
2 +1.143776936e+03 +1.143776936e+03 +8.638269364e+02 +8.638269364e+02 +1.7567e+00 -4.3306e+00 -1.5169e+00 +1.2087e+00 -4.4409e+00
50 +9.987775346e+02 +9.987775346e+02 +7.188275346e+02 +7.188275346e+02 -2.0598e+00 -3.2705e+00 -1.9290e+00 -4.0193e+00 -4.4994e+00
52 +5.997099365e+02 +5.997099365e+02 +3.197599365e+02 +3.197599365e+02 -2.9554e+00 -4.4290e+00 -6.7373e-01 -2.5364e+00 -2.7700e+00
84 +3.940113069e+02 +3.940113069e+02 +1.140613069e+02 +1.140613069e+02 -2.9373e+00 -3.3734e+00 +1.1707e+00 -8.3433e-01 -3.9262e+00
167 +1.807675837e+02 +1.807675837e+02 -9.918241632e+01 -9.918241632e+01 -3.6576e+00 -3.9397e+00 +3.3881e+00 -1.8012e+00 -5.0000e+00
297 +1.304290334e+02 +1.304290334e+02 -1.495209666e+02 -1.495209666e+02 -5.0000e+00 -3.1046e+00 +4.5470e+00 -1.7754e+00 -3.6896e+00
693 +7.967138153e+01 +7.967138153e+01 -2.002786185e+02 -2.002786185e+02 -5.0000e+00 -2.7658e+00 +4.6268e+00 -1.8624e+00 -3.9329e+00
952 +4.878029001e+01 +4.878029001e+01 -2.311697100e+02 -2.311697100e+02 -4.6926e+00 -2.7583e+00 +4.6093e+00 -1.7535e+00 -3.9831e+00
1363 +3.965067097e+01 +3.965067097e+01 -2.402993290e+02 -2.402993290e+02 -4.6833e+00 -2.7419e+00 +4.7085e+00 -1.9523e+00 -3.9471e+00
2247 +2.271403651e+01 +2.271403651e+01 -2.572359635e+02 -2.572359635e+02 -4.7900e+00 -2.7265e+00 +4.7652e+00 -1.9739e+00 -4.0281e+00
% function evaluation | noise-free fitness - Fopt (9.319900000000e+02) | best noise-free fitness - Fopt | measured fitness | best measured fitness | x1 | x2...
1 +6.248874096e+02 +6.248874096e+02 +1.556877410e+03 +1.556877410e+03 +1.5101e+00 +2.8240e+00 +4.2601e+00 -1.1114e+00 +3.9668e+00
79 +2.641840498e+02 +2.641840498e+02 +1.196174050e+03 +1.196174050e+03 +1.0623e+00 +1.5541e+00 +3.2657e+00 -8.6394e-01 +2.9699e+00
81 +1.918675304e+02 +1.918675304e+02 +1.123857530e+03 +1.123857530e+03 -1.0984e-01 +4.4126e-01 +1.5956e+00 -1.4477e+00 +2.4218e+00
944 +1.440088022e+02 +1.440088022e+02 +1.075998802e+03 +1.075998802e+03 -3.8467e-03 -1.2452e-01 +1.5706e+00 -1.5959e+00 +2.6320e+00
1334 +9.999397632e+01 +9.999397632e+01 +1.031983976e+03 +1.031983976e+03 +1.3269e+00 +9.0599e-01 +2.5623e+00 -1.6664e+00 +2.4848e+00
1774 +4.709244779e+01 +4.709244779e+01 +9.790824478e+02 +9.790824478e+02 +1.0134e+00 +5.0657e-01 +2.0992e+00 -1.7397e+00 +2.8172e+00
1934 +3.874199469e+01 +3.874199469e+01 +9.707319947e+02 +9.707319947e+02 +1.0851e+00 +4.9833e-01 +2.0420e+00 -1.7402e+00 +2.8243e+00
2094 +1.762633501e+01 +1.762633501e+01 +9.496163350e+02 +9.496163350e+02 +1.0517e+00 +3.1959e-01 +2.0324e+00 -1.6691e+00 +2.8015e+00
2469 +1.486870538e+01 +1.486870538e+01 +9.468587054e+02 +9.468587054e+02 +9.9953e-01 +2.5599e-01 +2.0006e+00 -1.6492e+00 +2.8070e+00
2932 +8.591407203e+00 +8.591407203e+00 +9.405814072e+02 +9.405814072e+02 +1.0628e+00 +3.4336e-01 +2.1093e+00 -1.5117e+00 +2.7393e+00
3561 +6.304338415e+00 +6.304338415e+00 +9.382943384e+02 +9.382943384e+02 +1.0435e+00 +3.4286e-01 +2.0824e+00 -1.5364e+00 +2.7411e+00
% function evaluation | noise-free fitness - Fopt (1.133100000000e+02) | best noise-free fitness - Fopt | measured fitness | best measured fitness | x1 | x2...
1 +7.629447754e+02 +7.629447754e+02 +8.762547754e+02 +8.762547754e+02 +2.9135e+00 +1.9753e+00 -1.6416e+00 +2.1164e+00 -2.5233e+00
55 +6.137125072e+02 +6.137125072e+02 +7.270225072e+02 +7.270225072e+02 +4.5237e+00 +1.0487e+00 -5.0000e+00 +3.5770e+00 +3.3772e+00
60 +3.543879167e+02 +3.543879167e+02 +4.676979167e+02 +4.676979167e+02 +3.7021e+00 +3.1626e+00 -8.7430e-01 +3.6397e+00 +7.5092e-01
164 +1.757352374e+02 +1.757352374e+02 +2.890452374e+02 +2.890452374e+02 +3.2567e+00 +3.3353e+00 +0.0000e+00 +1.2531e+00 +1.0998e+00
875 +1.378902931e+02 +1.378902931e+02 +2.512002931e+02 +2.512002931e+02 +2.5000e+00 +3.2927e+00 +1.1619e+00 +4.5616e-01 +6.4909e-01
913 +6.976963811e+01 +6.976963811e+01 +1.830796381e+02 +1.830796381e+02 +2.4180e+00 +3.5988e+00 +7.5567e-01 +5.4445e-01 +7.7323e-01
1203 +4.890145591e+01 +4.890145591e+01 +1.622114559e+02 +1.622114559e+02 +2.2628e+00 +2.9617e+00 +5.3450e-01 +5.1220e-01 +8.1994e-01
1355 +1.422376506e+01 +1.422376506e+01 +1.275337651e+02 +1.275337651e+02 +2.1328e+00 +3.2111e+00 +6.5520e-01 +4.1818e-01 +6.3692e-01
1979 +9.329811083e+00 +9.329811083e+00 +1.226398111e+02 +1.226398111e+02 +2.1661e+00 +3.1110e+00 +5.5168e-01 +5.0190e-01 +6.6662e-01
1995 +4.568190481e+00 +4.568190481e+00 +1.178781905e+02 +1.178781905e+02 +2.1019e+00 +3.1917e+00 +6.2343e-01 +4.7155e-01 +6.6977e-01
2115 +3.624725258e+00 +3.624725258e+00 +1.169347253e+02 +1.169347253e+02 +2.1041e+00 +3.2035e+00 +6.2589e-01 +4.8388e-01 +6.5599e-01
2690 +1.512362912e+00 +1.512362912e+00 +1.148223629e+02 +1.148223629e+02 +2.1183e+00 +3.2289e+00 +6.3574e-01 +5.0609e-01 +6.5718e-01
2895 +8.605678064e-01 +8.605678064e-01 +1.141705678e+02 +1.141705678e+02 +2.1119e+00 +3.2328e+00 +6.4180e-01 +4.9099e-01 +6.6246e-01
3210 +3.791643133e-01 +3.791643133e-01 +1.136891643e+02 +1.136891643e+02 +2.1157e+00 +3.2312e+00 +6.3685e-01 +4.9533e-01 +6.6305e-01
3513 +2.418038652e-01 +2.418038652e-01 +1.135518039e+02 +1.135518039e+02 +2.1163e+00 +3.2336e+00 +6.3754e-01 +4.9782e-01 +6.6210e-01
3650 +1.553893064e-01 +1.553893064e-01 +1.134653893e+02 +1.134653893e+02 +2.1162e+00 +3.2331e+00 +6.3710e-01 +4.9741e-01 +6.6152e-01
3708 +9.420427312e-02 +9.420427312e-02 +1.134042043e+02 +1.134042043e+02 +2.1160e+00 +3.2329e+00 +6.3725e-01 +4.9726e-01 +6.6128e-01
3850 +5.949391840e-02 +5.949391840e-02 +1.133694939e+02 +1.133694939e+02 +2.1158e+00 +3.2326e+00 +6.3738e-01 +4.9719e-01 +6.6142e-01
4151 +3.748242773e-02 +3.748242773e-02 +1.133474824e+02 +1.133474824e+02 +2.1157e+00 +3.2326e+00 +6.3732e-01 +4.9712e-01 +6.6134e-01
% function evaluation | noise-free fitness - Fopt (-3.000200000000e+02) | best noise-free fitness - Fopt | measured fitness | best measured fitness | x1 | x2...
1 +1.239007914e+03 +1.239007914e+03 +9.389879140e+02 +9.389879140e+02 +2.5826e+00 -9.5511e-01 +2.3583e-01 -1.5609e+00 -2.8656e+00
7 +4.885492569e+02 +4.885492569e+02 +1.885292569e+02 +1.885292569e+02 +1.0397e+00 -1.7584e-01 -3.2936e+00 -4.5630e+00 -2.3280e+00
29 +3.480676006e+02 +3.480676006e+02 +4.804760059e+01 +4.804760059e+01 -6.1876e-01 +1.6932e-02 -2.4676e+00 -4.5546e+00 +4.9127e-01
108 +2.212294796e+02 +2.212294796e+02 -7.879052036e+01 -7.879052036e+01 +1.1694e+00 +1.7563e+00 -1.5673e+00 -4.0843e+00 +0.0000e+00
182 +1.571975578e+02 +1.571975578e+02 -1.428224422e+02 -1.428224422e+02 +1.7404e+00 +1.6107e+00 -3.0761e+00 -3.7393e+00 +0.0000e+00
218 +6.969300927e+01 +6.969300927e+01 -2.303269907e+02 -2.303269907e+02 -1.1448e+00 +1.8687e-01 -1.4296e+00 -2.7843e+00 +5.8323e-01
1097 +5.536856534e+01 +5.536856534e+01 -2.446514347e+02 -2.446514347e+02 -1.2920e+00 +1.6439e-01 -1.2902e+00 -2.8394e+00 +5.8293e-01
1394 +1.894672577e+01 +1.894672577e+01 -2.810732742e+02 -2.810732742e+02 -5.6001e-01 +3.0118e-01 -1.4656e+00 -3.1528e+00 +4.7611e-01
1914 +1.308610751e+01 +1.308610751e+01 -2.869338925e+02 -2.869338925e+02 -6.9545e-01 +2.9892e-01 -1.4585e+00 -3.1989e+00 +4.8964e-01
2154 +8.355053646e+00 +8.355053646e+00 -2.916649464e+02 -2.916649464e+02 -6.9228e-01 +2.9332e-01 -1.4408e+00 -3.1520e+00 +4.8921e-01
2427 +5.171236437e+00 +5.171236437e+00 -2.948487636e+02 -2.948487636e+02 -6.7128e-01 +3.6175e-01 -1.4583e+00 -3.1589e+00 +5.1686e-01
2614 +3.727729189e+00 +3.727729189e+00 -2.962922708e+02 -2.962922708e+02 -6.6715e-01 +3.3573e-01 -1.4670e+00 -3.1476e+00 +5.1625e-01
2923 +2.425719558e+00 +2.425719558e+00 -2.975942804e+02 -2.975942804e+02 -6.6793e-01 +3.3706e-01 -1.4555e+00 -3.1530e+00 +5.1293e-01
3365 +1.518866497e+00 +1.518866497e+00 -2.985011335e+02 -2.985011335e+02 -6.6957e-01 +3.2607e-01 -1.4566e+00 -3.1542e+00 +5.1483e-01
% function evaluation | noise-free fitness - Fopt (4.471000000000e+01) | best noise-free fitness - Fopt | measured fitness | best measured fitness | x1 | x2...
1 +1.657079386e+03 +1.657079386e+03 +1.701789386e+03 +1.701789386e+03 -2.7382e+00 +2.7272e+00 +7.3028e-01 -2.8256e+00 -4.9629e+00
3 +8.711008673e+02 +8.711008673e+02 +9.158108673e+02 +9.158108673e+02 +1.4164e+00 -1.7761e+00 +1.8133e+00 -3.7514e+00 +1.2174e+00
17 +4.809699301e+02 +4.809699301e+02 +5.256799301e+02 +5.256799301e+02 +3.0470e+00 -4.5643e+00 +4.4432e+00 +1.5455e+00 +9.0328e-01
91 +3.275187668e+02 +3.275187668e+02 +3.722287668e+02 +3.722287668e+02 +5.0000e+00 -1.1475e+00 +2.2799e+00 +0.0000e+00 +4.0248e+00
97 +2.011605823e+02 +2.011605823e+02 +2.458705823e+02 +2.458705823e+02 +2.4504e+00 +0.0000e+00 +3.1146e+00 +0.0000e+00 +6.1931e-01
676 +1.433111103e+02 +1.433111103e+02 +1.880211103e+02 +1.880211103e+02 +6.6840e-01 -2.4434e+00 +3.8360e+00 +4.9699e-01 -2.3842e-01
949 +8.054042414e+01 +8.054042414e+01 +1.252504241e+02 +1.252504241e+02 +4.2391e-01 -1.0395e+00 +3.4253e+00 -2.6641e-02 -3.3382e-01
1502 +5.905746356e+01 +5.905746356e+01 +1.037674636e+02 +1.037674636e+02 +1.9455e+00 -1.2302e+00 +3.0029e+00 -2.6953e-01 +9.4321e-01
1544 +2.899485824e+01 +2.899485824e+01 +7.370485824e+01 +7.370485824e+01 +2.4637e+00 -9.9721e-01 +2.6767e+00 -9.7443e-02 +1.2239e+00
1853 +2.369937904e+01 +2.369937904e+01 +6.840937904e+01 +6.840937904e+01 +2.4405e+00 -9.4707e-01 +2.7064e+00 -7.1756e-02 +1.2039e+00
2017 +1.505380034e+01 +1.505380034e+01 +5.976380034e+01 +5.976380034e+01 +2.5212e+00 -1.0490e+00 +2.7380e+00 +3.3488e-02 +1.2241e+00
2498 +7.664948941e+00 +7.664948941e+00 +5.237494894e+01 +5.237494894e+01 +2.8142e+00 -1.0322e+00 +2.6929e+00 -1.4065e-02 +1.3560e+00
2569 +4.085152987e+00 +4.085152987e+00 +4.879515299e+01 +4.879515299e+01 +2.6811e+00 -1.0117e+00 +2.7118e+00 -9.2467e-03 +1.2833e+00
2722 +3.739737075e+00 +3.739737075e+00 +4.844973707e+01 +4.844973707e+01 +2.7316e+00 -1.0366e+00 +2.7099e+00 -5.1125e-03 +1.3210e+00
2962 +2.393173631e+00 +2.393173631e+00 +4.710317363e+01 +4.710317363e+01 +2.7384e+00 -1.0417e+00 +2.6935e+00 -4.5860e-03 +1.3324e+00
3161 +1.481179933e+00 +1.481179933e+00 +4.619117993e+01 +4.619117993e+01 +2.7379e+00 -1.0241e+00 +2.6921e+00 -1.0213e-02 +1.3360e+00
3378 +8.763192467e-01 +8.763192467e-01 +4.558631925e+01 +4.558631925e+01 +2.7393e+00 -1.0262e+00 +2.6883e+00 -1.4460e-02 +1.3367e+00
3722 +4.975431327e-01 +4.975431327e-01 +4.520754313e+01 +4.520754313e+01 +2.7434e+00 -1.0206e+00 +2.6901e+00 -1.6272e-02 +1.3379e+00
3925 +3.955004289e-01 +3.955004289e-01 +4.510550043e+01 +4.510550043e+01 +2.7438e+00 -1.0233e+00 +2.6899e+00 -1.6195e-02 +1.3375e+00
4082 +2.475259901e-01 +2.475259901e-01 +4.495752599e+01 +4.495752599e+01 +2.7422e+00 -1.0231e+00 +2.6894e+00 -1.5514e-02 +1.3365e+00
4544 +1.507199317e-01 +1.507199317e-01 +4.486071993e+01 +4.486071993e+01 +2.7421e+00 -1.0228e+00 +2.6895e+00 -1.5110e-02 +1.3366e+00
% function evaluation | noise-free fitness - Fopt (-1.000000000000e+03) | best noise-free fitness - Fopt | measured fitness | best measured fitness | x1 | x2...
1 +1.023382225e+03 +1.023382225e+03 +2.338222456e+01 +2.338222456e+01 -2.4481e+00 +1.6223e+00 +1.5749e+00 +3.4581e-01 +4.4151e+00
17 +5.312111888e+02 +5.312111888e+02 -4.687888112e+02 -4.687888112e+02 -2.2505e+00 +1.8911e+00 +4.4714e+00 -4.0658e+00 -2.8764e+00
87 +3.290916108e+02 +3.290916108e+02 -6.709083892e+02 -6.709083892e+02 +0.0000e+00 +1.6045e+00 +5.0000e+00 -3.0278e+00 -1.7526e+00
350 +2.478614637e+02 +2.478614637e+02 -7.521385363e+02 -7.521385363e+02 -8.3199e-02 +1.1470e+00 +4.5514e+00 -2.1579e+00 -3.8092e+00
764 +1.561778721e+02 +1.561778721e+02 -8.438221279e+02 -8.438221279e+02 -2.1228e+00 +1.8528e+00 +4.0626e+00 -2.6940e+00 +1.2143e+00
827 +7.566300928e+01 +7.566300928e+01 -9.243369907e+02 -9.243369907e+02 -2.0767e+00 +2.0304e+00 +3.5895e+00 -3.4246e+00 +2.6399e+00
1325 +5.698065283e+01 +5.698065283e+01 -9.430193472e+02 -9.430193472e+02 -2.0544e+00 +2.0386e+00 +3.6441e+00 -3.2966e+00 +1.5569e+00
1397 +3.260533382e+01 +3.260533382e+01 -9.673946662e+02 -9.673946662e+02 -2.3114e+00 +2.1245e+00 +3.1751e+00 -3.3979e+00 +2.5354e+00
1764 +1.991003040e+01 +1.991003040e+01 -9.800899696e+02 -9.800899696e+02 -2.0595e+00 +2.1327e+00 +3.3196e+00 -3.3457e+00 +2.4523e+00
1964 +1.373416148e+01 +1.373416148e+01 -9.862658385e+02 -9.862658385e+02 -2.0840e+00 +2.1251e+00 +3.3322e+00 -3.4289e+00 +2.4514e+00
2004 +9.165263875e+00 +9.165263875e+00 -9.908347361e+02 -9.908347361e+02 -2.1334e+00 +2.1359e+00 +3.3313e+00 -3.3656e+00 +2.4515e+00
2164 +5.767822410e+00 +5.767822410e+00 -9.942321776e+02 -9.942321776e+02 -2.1367e+00 +2.1209e+00 +3.3207e+00 -3.3785e+00 +2.4011e+00
2645 +3.932598850e+00 +3.932598850e+00 -9.960674011e+02 -9.960674011e+02 -2.1493e+00 +2.1259e+00 +3.3217e+00 -3.3660e+00 +2.3482e+00
2764 +1.880778664e+00 +1.880778664e+00 -9.981192213e+02 -9.981192213e+02 -2.1511e+00 +2.1371e+00 +3.3294e+00 -3.3643e+00 +2.3224e+00
3230 +1.576300609e+00 +1.576300609e+00 -9.984236994e+02 -9.984236994e+02 -2.1462e+00 +2.1361e+00 +3.3278e+00 -3.3637e+00 +2.3243e+00
% function evaluation | noise-free fitness - Fopt (3.042000000000e+02) | best noise-free fitness - Fopt | measured fitness | best measured fitness | x1 | x2...
1 +1.132690743e+03 +1.132690743e+03 +1.436890743e+03 +1.436890743e+03 -1.6595e+00 +4.6401e-01 +4.6977e+00 -9.6466e-01 -1.5254e+00
2 +8.104825906e+02 +8.104825906e+02 +1.114682591e+03 +1.114682591e+03 -4.3813e+00 -8.7065e-01 +2.8786e+00 -4.8721e+00 +2.7573e+00
42 +6.184718341e+02 +6.184718341e+02 +9.226718341e+02 +9.226718341e+02 +2.8541e-01 +4.1293e+00 +2.5186e-01 -5.0000e+00 -2.2427e+00
55 +3.501838050e+02 +3.501838050e+02 +6.543838050e+02 +6.543838050e+02 -1.1105e+00 +3.9534e+00 -8.6913e-01 +4.8549e-01 -5.0000e+00
119 +2.070473041e+02 +2.070473041e+02 +5.112473041e+02 +5.112473041e+02 -1.4158e+00 +3.9883e+00 -4.2034e-01 +0.0000e+00 -3.6979e+00
183 +1.422943838e+02 +1.422943838e+02 +4.464943838e+02 +4.464943838e+02 -2.1504e+00 +4.0994e+00 -3.0550e-01 -1.2849e+00 -2.8838e+00
694 +9.331549284e+01 +9.331549284e+01 +3.975154928e+02 +3.975154928e+02 -1.9370e+00 +3.6002e+00 -6.1424e-01 +0.0000e+00 -3.1215e+00
1383 +3.213934100e+01 +3.213934100e+01 +3.363393410e+02 +3.363393410e+02 -1.6784e+00 +3.7939e+00 -8.5777e-01 -3.1376e-01 -3.0593e+00
1927 +2.272995185e+01 +2.272995185e+01 +3.269299518e+02 +3.269299518e+02 -2.1150e+00 +3.6176e+00 -3.9656e-01 -6.0605e-01 -2.8113e+00
2462 +1.121152815e+01 +1.121152815e+01 +3.154115281e+02 +3.154115281e+02 -1.8364e+00 +3.8240e+00 -6.8439e-01 -4.3566e-01 -2.9940e+00
2811 +9.777948737e+00 +9.777948737e+00 +3.139779487e+02 +3.139779487e+02 -1.8453e+00 +3.8086e+00 -6.5071e-01 -4.9362e-01 -2.9825e+00
3233 +6.070466570e+00 +6.070466570e+00 +3.102704666e+02 +3.102704666e+02 -1.8783e+00 +3.8428e+00 -6.5224e-01 -4.7367e-01 -2.9893e+00
3620 +3.940023838e+00 +3.940023838e+00 +3.081400238e+02 +3.081400238e+02 -1.8764e+00 +3.8351e+00 -6.6628e-01 -4.5869e-01 -2.9942e+00
% function evaluation | noise-free fitness - Fopt (-1.046700000000e+02) | best noise-free fitness - Fopt | measured fitness | best measured fitness | x1 | x2...
1 +9.323762044e+02 +9.323762044e+02 +8.277062044e+02 +8.277062044e+02 +3.1712e+00 +3.5612e+00 +1.4611e+00 -4.9784e+00 +3.6562e+00
47 +4.303276085e+02 +4.303276085e+02 +3.256576085e+02 +3.256576085e+02 -1.3865e+00 +1.7152e+00 -9.6210e-01 -3.0064e+00 +2.9819e+00
135 +3.667160399e+02 +3.667160399e+02 +2.620460399e+02 +2.620460399e+02 -5.0000e+00 -1.7001e-01 -5.0000e+00 -2.2287e+00 +4.3661e+00
163 +1.999789410e+02 +1.999789410e+02 +9.530894099e+01 +9.530894099e+01 -4.3928e+00 -1.8915e+00 -3.4974e+00 -3.8502e+00 +5.0000e+00
283 +1.515381170e+02 +1.515381170e+02 +4.686811703e+01 +4.686811703e+01 -3.7930e+00 -7.5461e-01 -4.2122e+00 -3.3075e+00 +5.0000e+00
691 +8.674684540e+01 +8.674684540e+01 -1.792315460e+01 -1.792315460e+01 -3.6660e+00 -5.6710e-02 -3.3963e+00 -3.6049e+00 +4.2633e+00
938 +5.135468028e+01 +5.135468028e+01 -5.331531972e+01 -5.331531972e+01 -4.0323e+00 -1.0715e+00 -3.6748e+00 -3.4794e+00 +4.4704e+00
1947 +3.975573958e+01 +3.975573958e+01 -6.491426042e+01 -6.491426042e+01 -4.0269e+00 -8.6725e-01 -3.7798e+00 -3.4074e+00 +4.4241e+00
2409 +1.865331061e+01 +1.865331061e+01 -8.601668939e+01 -8.601668939e+01 -3.9192e+00 +1.4402e-02 -3.5187e+00 -3.3548e+00 +3.7466e+00
2609 +1.145945232e+01 +1.145945232e+01 -9.321054768e+01 -9.321054768e+01 -3.8860e+00 -1.3285e-01 -3.5024e+00 -3.3961e+00 +3.8593e+00
2809 +6.372239246e+00 +6.372239246e+00 -9.829776075e+01 -9.829776075e+01 -3.8705e+00 +1.5625e-01 -3.4212e+00 -3.3822e+00 +3.6252e+00
3340 +6.222034678e+00 +6.222034678e+00 -9.844796532e+01 -9.844796532e+01 -3.8697e+00 +1.5840e-01 -3.4211e+00 -3.3824e+00 +3.6252e+00
% function evaluation | noise-free fitness - Fopt (4.869500000000e+02) | best noise-free fitness - Fopt | measured fitness | best measured fitness | x1 | x2...
1 +1.516415077e+03 +1.516415077e+03 +2.003365077e+03 +2.003365077e+03 +1.3737e+00 -3.7233e+00 +1.3440e+00 +4.1194e-01 +3.2002e+00
12 +7.516713968e+02 +7.516713968e+02 +1.238621397e+03 +1.238621397e+03 -3.5700e+00 -9.9726e-01 -1.8730e+00 -2.8895e+00 +7.1784e-01
27 +5.374428663e+02 +5.374428663e+02 +1.024392866e+03 +1.024392866e+03 -2.0322e+00 -1.8135e+00 +1.2180e+00 +2.0790e+00 -4.0702e+00
65 +3.037696753e+02 +3.037696753e+02 +7.907196753e+02 +7.907196753e+02 -4.2083e+00 -3.3487e-01 -4.6459e-02 -2.0476e+00 -2.3515e+00
136 +1.860310668e+02 +1.860310668e+02 +6.729810668e+02 +6.729810668e+02 -5.0000e+00 -1.5409e-01 -1.4657e+00 -1.3773e+00 -3.8758e+00
300 +9.275895525e+01 +9.275895525e+01 +5.797089553e+02 +5.797089553e+02 -3.5233e+00 -4.2956e-01 +0.0000e+00 -7.7536e-01 -3.0553e+00
781 +5.851065056e+01 +5.851065056e+01 +5.454606506e+02 +5.454606506e+02 -3.6347e+00 -3.8827e-01 -4.0375e-01 -7.9838e-01 -2.9523e+00
1473 +1.543761968e+01 +1.543761968e+01 +5.023876197e+02 +5.023876197e+02 -3.4548e+00 -1.8920e-01 -5.5184e-01 -8.1925e-01 -3.2771e+00
1963 +8.474879832e+00 +8.474879832e+00 +4.954248798e+02 +4.954248798e+02 -3.4744e+00 -2.5058e-01 -4.6376e-01 -7.4280e-01 -3.1885e+00
2043 +6.048043432e+00 +6.048043432e+00 +4.929980434e+02 +4.929980434e+02 -3.4790e+00 -2.3881e-01 -4.6218e-01 -7.4310e-01 -3.2014e+00
2897 +3.679571787e+00 +3.679571787e+00 +4.906295718e+02 +4.906295718e+02 -3.4595e+00 -2.3312e-01 -4.4964e-01 -7.2143e-01 -3.1966e+00
3732 +2.479104347e+00 +2.479104347e+00 +4.894291043e+02 +4.894291043e+02 -3.4624e+00 -2.3413e-01 -4.6085e-01 -7.2437e-01 -3.1996e+00
% function evaluation | noise-free fitness - Fopt (9.655000000000e+01) | best noise-free fitness - Fopt | measured fitness | best measured fitness | x1 | x2...
1 +2.482403039e+03 +2.482403039e+03 +2.578953039e+03 +2.578953039e+03 -3.1381e+00 +8.8577e-03 -4.7238e+00 -3.2925e+00 -1.0676e+00
2 +8.577695350e+02 +8.577695350e+02 +9.543195350e+02 +9.543195350e+02 -1.8336e-01 +2.7957e+00 -4.9551e+00 +6.8078e-01 +5.7300e-01
25 +5.007130512e+02 +5.007130512e+02 +5.972630512e+02 +5.972630512e+02 +2.2044e+00 +3.5613e+00 -6.0270e-01 +2.6926e+00 +4.8519e+00
43 +3.648105009e+02 +3.648105009e+02 +4.613605009e+02 +4.613605009e+02 +1.3031e+00 +1.8297e+00 -3.8626e+00 +2.0993e+00 +5.0000e+00
263 +2.092047157e+02 +2.092047157e+02 +3.057547157e+02 +3.057547157e+02 +4.9338e-01 +2.4895e+00 -4.9984e+00 +1.7099e+00 +4.3086e+00
548 +1.142913142e+02 +1.142913142e+02 +2.108413142e+02 +2.108413142e+02 +0.0000e+00 +3.6017e+00 -5.0000e+00 +1.3309e+00 +4.7768e+00
946 +9.226643389e+01 +9.226643389e+01 +1.888164339e+02 +1.888164339e+02 +5.3054e-01 +3.5586e+00 -5.0000e+00 +1.1382e+00 +4.6019e+00
2138 +6.255486304e+01 +6.255486304e+01 +1.591048630e+02 +1.591048630e+02 +2.4701e-01 +3.6980e+00 -5.0000e+00 +1.1712e+00 +4.8311e+00
% function evaluation | noise-free fitness - Fopt (6.320000000000e+00) | best noise-free fitness - Fopt | measured fitness | best measured fitness | x1 | x2...
1 +7.487929492e+02 +7.487929492e+02 +7.551129492e+02 +7.551129492e+02 -1.1201e+00 +2.9059e+00 +5.0909e-02 +3.5598e+00 -7.0761e-01
15 +5.597001002e+02 +5.597001002e+02 +5.660201002e+02 +5.660201002e+02 +2.2844e+00 -1.1937e+00 +2.0046e+00 -3.6186e+00 +1.3807e+00
104 +2.615897690e+02 +2.615897690e+02 +2.679097690e+02 +2.679097690e+02 +3.5108e+00 -2.2653e+00 +5.7077e-01 -3.2357e-02 -6.5629e-01
265 +2.214222873e+02 +2.214222873e+02 +2.277422873e+02 +2.277422873e+02 +5.0000e+00 -2.9733e+00 +1.3100e+00 -9.1572e-01 -2.2234e+00
475 +1.238923302e+02 +1.238923302e+02 +1.302123302e+02 +1.302123302e+02 +3.9285e+00 -2.6558e+00 +1.1965e+00 -4.3870e-01 -1.5276e+00
809 +7.867663656e+01 +7.867663656e+01 +8.499663656e+01 +8.499663656e+01 +3.8493e+00 -2.2126e+00 +1.2468e+00 -9.5069e-01 -1.5431e+00
1022 +5.573339448e+01 +5.573339448e+01 +6.205339448e+01 +6.205339448e+01 +3.5717e+00 -1.9636e+00 +1.0532e+00 -1.5408e+00 -1.2753e+00
1477 +2.592859446e+01 +2.592859446e+01 +3.224859446e+01 +3.224859446e+01 +3.4142e+00 -2.0857e+00 +1.3016e+00 -1.0977e+00 -1.4005e+00
1597 +2.255507692e+01 +2.255507692e+01 +2.887507692e+01 +2.887507692e+01 +3.4703e+00 -2.0414e+00 +1.1840e+00 -1.3299e+00 -1.3322e+00
1916 +7.626073444e+00 +7.626073444e+00 +1.394607344e+01 +1.394607344e+01 +3.3812e+00 -2.0781e+00 +1.2005e+00 -1.1411e+00 -1.4164e+00
2317 +6.275591467e+00 +6.275591467e+00 +1.259559147e+01 +1.259559147e+01 +3.3966e+00 -2.0816e+00 +1.2190e+00 -1.1917e+00 -1.4130e+00
2573 +3.907252051e+00 +3.907252051e+00 +1.022725205e+01 +1.022725205e+01 +3.3487e+00 -2.0833e+00 +1.2337e+00 -1.1742e+00 -1.3855e+00
2781 +2.089028120e+00 +2.089028120e+00 +8.409028120e+00 +8.409028120e+00 +3.3318e+00 -1.9998e+00 +1.2298e+00 -1.1423e+00 -1.4000e+00
3116 +1.525659482e+00 +1.525659482e+00 +7.845659482e+00 +7.845659482e+00 +3.3599e+00 -2.0580e+00 +1.2285e+00 -1.1732e+00 -1.3935e+00
3121 +9.544418883e-01 +9.544418883e-01 +7.274441888e+00 +7.274441888e+00 +3.3503e+00 -2.0463e+00 +1.2282e+00 -1.1628e+00 -1.3945e+00
3338 +5.204615576e-01 +5.204615576e-01 +6.840461558e+00 +6.840461558e+00 +3.3575e+00 -2.0547e+00 +1.2284e+00 -1.1597e+00 -1.3952e+00
3658 +3.880959513e-01 +3.880959513e-01 +6.708095951e+00 +6.708095951e+00 +3.3560e+00 -2.0530e+00 +1.2285e+00 -1.1594e+00 -1.3961e+00
3783 +2.412335196e-01 +2.412335196e-01 +6.561233520e+00 +6.561233520e+00 +3.3557e+00 -2.0565e+00 +1.2304e+00 -1.1587e+00 -1.3964e+00
3949 +1.407703172e-01 +1.407703172e-01 +6.460770317e+00 +6.460770317e+00 +3.3559e+00 -2.0552e+00 +1.2301e+00 -1.1593e+00 -1.3968e+00
4109 +9.955690703e-02 +9.955690703e-02 +6.419556907e+00 +6.419556907e+00 +3.3559e+00 -2.0552e+00 +1.2299e+00 -1.1592e+00 -1.3967e+00
% function evaluation | noise-free fitness - Fopt (-1.275100000000e+02) | best noise-free fitness - Fopt | measured fitness | best measured fitness | x1 | x2...
1 +1.474908253e+03 +1.474908253e+03 +1.347398253e+03 +1.347398253e+03 -4.2191e+00 -8.7946e-02 +2.6012e+00 +4.4417e+00 +4.9076e+00
11 +5.367662122e+02 +5.367662122e+02 +4.092562122e+02 +4.092562122e+02 -1.4871e+00 -4.5679e+00 +1.3638e-01 +1.1683e+00 +4.2108e+00
36 +3.017419260e+02 +3.017419260e+02 +1.742319260e+02 +1.742319260e+02 -4.4824e+00 -3.1209e+00 +2.8503e+00 -1.5406e-01 +4.2580e+00
72 +2.200018335e+02 +2.200018335e+02 +9.249183347e+01 +9.249183347e+01 -4.7198e+00 -9.9143e-01 +2.2719e+00 -5.5363e-01 +1.5264e+00
478 +1.265758996e+02 +1.265758996e+02 -9.341003831e-01 -9.341003831e-01 -4.4741e+00 -3.3464e+00 +1.6214e+00 -3.0537e-01 +2.8844e+00
969 +8.016103658e+01 +8.016103658e+01 -4.734896342e+01 -4.734896342e+01 -4.4378e+00 -2.5916e+00 +2.4156e+00 -4.1780e-01 +2.6696e+00
1403 +4.635488701e+01 +4.635488701e+01 -8.115511299e+01 -8.115511299e+01 -4.1799e+00 -2.9105e+00 +1.3726e+00 -2.3477e-01 +2.8003e+00
1477 +3.867548174e+01 +3.867548174e+01 -8.883451826e+01 -8.883451826e+01 -3.9174e+00 -2.8955e+00 +1.3605e+00 -5.1270e-01 +2.7297e+00
1658 +1.784827373e+01 +1.784827373e+01 -1.096617263e+02 -1.096617263e+02 -3.9875e+00 -2.8765e+00 +1.5390e+00 -3.6968e-01 +2.7467e+00
1993 +1.474283741e+01 +1.474283741e+01 -1.127671626e+02 -1.127671626e+02 -4.0045e+00 -2.8539e+00 +1.5277e+00 -3.5517e-01 +2.7076e+00
2228 +7.913702964e+00 +7.913702964e+00 -1.195962970e+02 -1.195962970e+02 -4.0109e+00 -2.8462e+00 +1.4474e+00 -3.4849e-01 +2.7345e+00
2370 +3.809594010e+00 +3.809594010e+00 -1.237004060e+02 -1.237004060e+02 -4.0097e+00 -2.8774e+00 +1.4436e+00 -3.5502e-01 +2.7570e+00
2410 +2.363510387e+00 +2.363510387e+00 -1.251464896e+02 -1.251464896e+02 -4.0072e+00 -2.8961e+00 +1.4479e+00 -3.4733e-01 +2.7592e+00
2788 +1.519830133e+00 +1.519830133e+00 -1.259901699e+02 -1.259901699e+02 -4.0096e+00 -2.8963e+00 +1.4456e+00 -3.5077e-01 +2.7520e+00
3343 +9.099679075e-01 +9.099679075e-01 -1.266000321e+02 -1.266000321e+02 -4.0129e+00 -2.8919e+00 +1.4484e+00 -3.4987e-01 +2.7487e+00
% function evaluation | noise-free fitness - Fopt (8.328000000000e+02) | best noise-free fitness - Fopt | measured fitness | best measured fitness | x1 | x2...
1 +1.750851308e+03 +1.750851308e+03 +2.583651308e+03 +2.583651308e+03 +1.1120e-01 +5.4923e-01 +7.0630e-01 -4.4034e+00 -3.9666e+00
4 +1.232136754e+03 +1.232136754e+03 +2.064936754e+03 +2.064936754e+03 -1.1140e+00 +3.5701e+00 -2.3634e+00 +2.0722e+00 -3.4402e-01
6 +8.464021329e+02 +8.464021329e+02 +1.679202133e+03 +1.679202133e+03 -2.3489e+00 +1.1411e+00 -1.4758e+00 +2.9759e+00 +4.7571e+00
23 +3.640220588e+02 +3.640220588e+02 +1.196822059e+03 +1.196822059e+03 -3.3201e+00 +6.4417e-01 -1.8357e+00 +1.0767e-01 +4.7469e+00
27 +1.922069322e+02 +1.922069322e+02 +1.025006932e+03 +1.025006932e+03 -2.0272e+00 -1.0177e+00 -9.5732e-01 -2.5301e+00 +4.7104e+00
359 +1.062893065e+02 +1.062893065e+02 +9.390893065e+02 +9.390893065e+02 -1.6522e+00 -2.1001e+00 -6.9701e-01 -1.7818e+00 +5.0000e+00
475 +6.194925461e+01 +6.194925461e+01 +8.947492546e+02 +8.947492546e+02 -1.8472e+00 -1.8345e+00 -7.2349e-01 -1.9981e+00 +4.9170e+00
1470 +3.473382564e+01 +3.473382564e+01 +8.675338256e+02 +8.675338256e+02 -1.3862e+00 -1.6784e+00 -7.0606e-01 -2.0695e+00 +5.0000e+00
1768 +2.227447572e+01 +2.227447572e+01 +8.550744757e+02 +8.550744757e+02 -1.6439e+00 -1.6505e+00 -7.2899e-01 -2.0619e+00 +4.8838e+00
2208 +1.469051386e+01 +1.469051386e+01 +8.474905139e+02 +8.474905139e+02 -1.5511e+00 -1.6355e+00 -6.9697e-01 -2.0703e+00 +4.8863e+00
2725 +9.876891376e+00 +9.876891376e+00 +8.426768914e+02 +8.426768914e+02 -1.6038e+00 -1.6299e+00 -7.3050e-01 -2.0718e+00 +4.8207e+00
