% function evaluation | noise-free fitness - Fopt (9.294000000000e+01) | best noise-free fitness - Fopt | measured fitness | best measured fitness | x1 | x2...
1 +1.690815969e+03 +1.690815969e+03 +1.783755969e+03 +1.783755969e+03 +2.0347e+00 -2.6568e+00 -9.4252e-01 +4.3187e+00 -1.6760e+00 -1.2843e+00 +4.7318e+00 +1.7083e+00 -2.4607e+00 +1.0181e+00
2 +1.578107567e+03 +1.578107567e+03 +1.671047567e+03 +1.671047567e+03 -4.4862e+00 +4.8974e+00 +5.2940e-01 +3.8055e+00 -4.5684e+00 +9.8412e-01 -3.2544e-01 +2.5379e+00 +3.2934e+00 +2.6765e+00
7 +5.756518106e+02 +5.756518106e+02 +6.685918106e+02 +6.685918106e+02 -4.0805e+00 -4.2718e+00 -3.1009e-01 +4.3839e+00 +2.6086e+00 -1.8533e+00 -2.1240e+00 -3.8766e-02 +3.7755e+00 -2.3637e+00
9 +2.931165194e+02 +2.931165194e+02 +3.860565194e+02 +3.860565194e+02 +4.3918e+00 +3.5731e+00 -1.6357e+00 +1.0357e+00 +4.2611e+00 +1.4473e+00 -2.6875e-01 -1.3389e+00 -3.8513e-02 +1.6902e-01
49 +1.916613157e+02 +1.916613157e+02 +2.846013157e+02 +2.846013157e+02 +2.8600e+00 -1.5368e+00 -4.2282e+00 +1.4685e+00 +2.3419e+00 +3.6662e+00 +7.6373e-01 +9.0838e-01 +1.6762e+00 +2.3659e+00
53 +1.443292884e+02 +1.443292884e+02 +2.372692884e+02 +2.372692884e+02 +3.6941e+00 +1.9938e+00 -4.3400e+00 +4.3048e+00 +3.1195e+00 +2.6974e+00 +9.5342e-01 -3.8140e+00 +2.0197e+00 -7.0659e-01
76 +9.656665556e+01 +9.656665556e+01 +1.895066556e+02 +1.895066556e+02 +2.0347e+00 +1.1178e+00 +5.5118e-02 +2.5538e+00 +6.1838e+00 +1.7022e-01 +4.7318e+00 -2.6105e+00 +2.9427e+00 -8.5063e-01
553 +5.598273664e+01 +5.598273664e+01 +1.489227366e+02 +1.489227366e+02 +1.8357e+00 -3.4293e+00 -9.6603e-01 +4.4583e+00 +4.6310e+00 +1.3168e+00 +2.5614e+00 -4.6345e-01 -1.6077e+00 +5.1007e-01
1551 +3.785605348e+01 +3.785605348e+01 +1.307960535e+02 +1.307960535e+02 +1.3688e+00 -2.8504e+00 -7.6906e-01 +5.4982e+00 +1.6110e+00 +2.7533e+00 +3.1688e-01 -2.3732e+00 -1.7676e+00 -5.9741e-01
1938 +1.343904022e+01 +1.343904022e+01 +1.063790402e+02 +1.063790402e+02 +1.7529e+00 +1.0453e+00 +8.4051e-01 +4.0360e+00 +2.9907e+00 +1.2113e+00 +1.3893e+00 -9.5868e-01 +1.2413e+00 +3.0940e-02
4654 +7.612580203e+00 +7.612580203e+00 +1.005525802e+02 +1.005525802e+02 +2.0810e+00 +1.1503e+00 -1.0171e+00 +3.3930e+00 +2.1466e+00 +3.1030e+00 +2.1897e+00 -2.8162e+00 +2.4172e+00 +1.0708e+00
5954 +5.376732441e+00 +5.376732441e+00 +9.831673244e+01 +9.831673244e+01 -1.8896e-02 -3.0169e-01 +3.5822e-01 +4.0054e+00 +1.6293e+00 +4.1919e+00 +1.5657e+00 -2.9066e+00 +3.0253e+00 +1.3278e+00
6602 +3.631089806e+00 +3.631089806e+00 +9.657108981e+01 +9.657108981e+01 +8.8549e-01 +6.2869e-01 +5.4736e-01 +3.9705e+00 +2.4271e+00 +2.8787e+00 +1.4808e+00 -2.2143e+00 +3.1396e+00 +1.4116e+00
8251 +1.875877589e+00 +1.875877589e+00 +9.481587759e+01 +9.481587759e+01 +1.4606e-01 +1.2336e+00 +3.8427e-01 +3.2525e+00 +1.8399e+00 +3.5225e+00 +1.5303e+00 -2.6316e+00 +3.5489e+00 +1.2765e+00
11161 +1.264364142e+00 +1.264364142e+00 +9.420436414e+01 +9.420436414e+01 +3.9949e-01 +1.0113e+00 +3.3432e-01 +3.3907e+00 +2.3446e+00 +3.3505e+00 +1.7511e+00 -2.5203e+00 +3.3836e+00 +1.6507e+00
15691 +9.227018187e-01 +9.227018187e-01 +9.386270182e+01 +9.386270182e+01 +7.0961e-02 +9.3920e-01 +2.5392e-01 +3.2167e+00 +2.3613e+00 +3.6951e+00 +1.7564e+00 -2.6407e+00 +3.4676e+00 +2.0731e+00
18052 +5.813276583e-01 +5.813276583e-01 +9.352132766e+01 +9.352132766e+01 +7.0961e-02 +9.1132e-01 +3.3686e-01 +3.4190e+00 +2.3998e+00 +3.6013e+00 +1.7564e+00 -2.6407e+00 +3.4676e+00 +1.9438e+00
19855 +2.301586400e-01 +2.301586400e-01 +9.317015864e+01 +9.317015864e+01 -1.8506e-01 +7.2962e-01 +3.0024e-01 +3.1706e+00 +2.4325e+00 +3.8714e+00 +1.6655e+00 -2.5109e+00 +3.7505e+00 +2.0550e+00
20851 +1.318553120e-01 +1.318553120e-01 +9.307185531e+01 +9.307185531e+01 -1.8506e-01 +7.2962e-01 +2.0427e-01 +3.1706e+00 +2.3500e+00 +3.8714e+00 +1.6655e+00 -2.5109e+00 +3.6963e+00 +2.0550e+00
22830 +7.655824954e-02 +7.655824954e-02 +9.301655825e+01 +9.301655825e+01 -1.1926e-01 +8.3413e-01 +3.1101e-01 +3.2060e+00 +2.3664e+00 +3.8557e+00 +1.7143e+00 -2.4935e+00 +3.7390e+00 +2.0948e+00
23601 +5.758375559e-02 +5.758375559e-02 +9.299758376e+01 +9.299758376e+01 -1.1926e-01 +8.8061e-01 +3.6639e-01 +3.2060e+00 +2.3664e+00 +3.8557e+00 +1.7143e+00 -2.4232e+00 +3.7390e+00 +2.0948e+00
26836 +3.919853052e-02 +3.919853052e-02 +9.297919853e+01 +9.297919853e+01 -1.6138e-01 +8.2231e-01 +3.5120e-01 +3.1585e+00 +2.4102e+00 +3.8310e+00 +1.7138e+00 -2.3673e+00 +3.7289e+00 +2.0562e+00
27785 +1.809526432e-02 +1.809526432e-02 +9.295809526e+01 +9.295809526e+01 -2.3913e-01 +8.0305e-01 +3.2767e-01 +3.1701e+00 +2.3233e+00 +3.8660e+00 +1.6515e+00 -2.4105e+00 +3.8525e+00 +2.1237e+00
27829 +1.534701822e-02 +1.534701822e-02 +9.295534702e+01 +9.295534702e+01 -1.9985e-01 +7.6470e-01 +2.7972e-01 +3.0914e+00 +2.4502e+00 +3.8628e+00 +1.7264e+00 -2.4239e+00 +3.7912e+00 +2.1254e+00
28606 +8.743554914e-03 +8.743554914e-03 +9.294874355e+01 +9.294874355e+01 -2.3213e-01 +7.1666e-01 +2.6625e-01 +3.1203e+00 +2.4374e+00 +3.9087e+00 +1.7262e+00 -2.4418e+00 +3.8109e+00 +2.1058e+00
30902 +2.919104816e-07 +2.919104816e-07 +9.294000029e+01 +9.294000029e+01 -2.1650e-01 +7.4442e-01 +2.6555e-01 +3.1121e+00 +2.4055e+00 +3.9221e+00 +1.7666e+00 -2.4665e+00 +3.8256e+00 +2.1143e+00
31412 +2.033358442e-07 +2.033358442e-07 +9.294000020e+01 +9.294000020e+01 -1.9993e-01 +7.5112e-01 +2.9614e-01 +3.0914e+00 +2.3913e+00 +3.9119e+00 +1.7599e+00 -2.4542e+00 +3.8080e+00 +2.1332e+00
31469 +5.582249685e-08 +5.582249685e-08 +9.294000006e+01 +9.294000006e+01 -1.9997e-01 +7.3755e-01 +2.8774e-01 +3.1473e+00 +2.3880e+00 +3.9068e+00 +1.7515e+00 -2.4355e+00 +3.8047e+00 +2.1365e+00
33062 +4.388638786e-09 +4.388638786e-09 +9.294000000e+01 +9.294000000e+01 -2.1666e-01 +7.4121e-01 +3.0220e-01 +3.1186e+00 +2.3690e+00 +3.9079e+00 +1.7784e+00 -2.4617e+00 +3.8238e+00 +2.1329e+00
% function evaluation | noise-free fitness - Fopt (3.535000000000e+01) | best noise-free fitness - Fopt | measured fitness | best measured fitness | x1 | x2...
1 +1.815268348e+02 +1.815268348e+02 +2.168768348e+02 +2.168768348e+02 -3.2903e+00 -1.2864e-01 -1.5297e+00 +2.8343e+00 -3.9959e+00 -4.0276e+00 -1.5374e+00 +4.5360e-01 +8.3677e-01 +1.7222e+00
152 +1.298454152e+02 +1.298454152e+02 +1.651954152e+02 +1.651954152e+02 +1.4750e+00 -6.0418e-01 +2.1349e+00 +2.3887e+00 -1.1901e+00 -4.3169e+00 +1.7609e+00 -1.6738e-01 -1.4103e+00 -1.3927e+00
370 +5.882652945e+01 +5.882652945e+01 +9.417652945e+01 +9.417652945e+01 -3.0529e-01 +1.1911e+00 +9.0482e-01 +3.7904e+00 -3.5608e+00 -2.0685e+00 +2.4220e-01 -6.8766e-01 +2.1463e+00 -4.7434e-01
801 +3.156164993e+01 +3.156164993e+01 +6.691164993e+01 +6.691164993e+01 +1.4739e+00 +3.3742e+00 -2.4075e+00 +4.5029e+00 -1.0608e+00 +1.2896e+00 +1.0831e+00 +2.2643e+00 +8.8169e-01 -1.0877e+00
1531 +1.310418424e+01 +1.310418424e+01 +4.845418424e+01 +4.845418424e+01 +2.5332e+00 +3.2341e+00 +1.0202e+00 +3.6093e+00 -1.5745e+00 +5.1974e-01 +2.1212e+00 +2.5658e-01 +1.0467e+00 -4.3674e-01
3207 +9.912055062e+00 +9.912055062e+00 +4.526205506e+01 +4.526205506e+01 +4.8312e-01 +1.5516e+00 +2.8168e+00 +1.5673e+00 -1.8634e+00 -1.6935e+00 +1.5450e+00 +1.3349e+00 -3.3490e-01 -1.0180e+00
4461 +5.253500822e+00 +5.253500822e+00 +4.060350082e+01 +4.060350082e+01 +1.4587e+00 +1.9944e+00 +3.4229e+00 +2.2521e+00 -1.8332e+00 -5.9038e-01 +1.8678e+00 +1.1031e+00 +8.6894e-01 -1.4132e+00
4672 +2.909843854e+00 +2.909843854e+00 +3.825984385e+01 +3.825984385e+01 +1.3423e+00 +1.6362e+00 +2.8567e+00 +2.4300e+00 -1.8122e+00 -8.1148e-01 +1.7808e+00 +1.1905e+00 +6.1159e-01 -8.8153e-01
6322 +2.416761472e+00 +2.416761472e+00 +3.776676147e+01 +3.776676147e+01 +1.7453e+00 +1.4058e+00 +3.3892e+00 +1.8080e+00 -1.8705e+00 -1.6047e+00 +2.0917e+00 +6.9576e-01 +1.1904e+00 -1.6145e+00
6901 +1.489788586e+00 +1.489788586e+00 +3.683978859e+01 +3.683978859e+01 +1.7775e+00 +1.4055e+00 +3.3429e+00 +1.5555e+00 -1.7757e+00 -1.6220e+00 +2.1113e+00 +7.9102e-01 +1.1808e+00 -1.6135e+00
8651 +9.456531497e-01 +9.456531497e-01 +3.629565315e+01 +3.629565315e+01 +1.6208e+00 +1.2257e+00 +4.1656e+00 +1.3389e+00 -1.9490e+00 -1.7381e+00 +1.9722e+00 +8.4767e-01 +1.1225e+00 -1.6346e+00
11258 +5.653334463e-01 +5.653334463e-01 +3.591533345e+01 +3.591533345e+01 +1.8437e+00 +1.4498e+00 +3.3306e+00 +1.5981e+00 -1.6016e+00 -1.4745e+00 +2.1326e+00 +1.0328e+00 +1.1818e+00 -1.6193e+00
11951 +3.343589659e-01 +3.343589659e-01 +3.568435897e+01 +3.568435897e+01 +1.7552e+00 +1.4256e+00 +3.8609e+00 +1.5513e+00 -1.6973e+00 -1.5945e+00 +2.1780e+00 +7.0996e-01 +1.2474e+00 -1.3761e+00
12914 +2.400376194e-01 +2.400376194e-01 +3.559003762e+01 +3.559003762e+01 +1.7000e+00 +1.2257e+00 +4.1656e+00 +1.3389e+00 -1.8928e+00 -1.7381e+00 +2.2984e+00 +8.2260e-01 +1.3166e+00 -1.6346e+00
15429 +1.531751579e-01 +1.531751579e-01 +3.550317516e+01 +3.550317516e+01 +1.8308e+00 +1.4055e+00 +4.0191e+00 +1.4212e+00 -1.7757e+00 -1.5219e+00 +2.4122e+00 +9.1478e-01 +1.1808e+00 -1.6135e+00
18113 +9.834734493e-02 +9.834734493e-02 +3.544834734e+01 +3.544834734e+01 +1.8695e+00 +1.5814e+00 +4.0589e+00 +1.3877e+00 -1.8420e+00 -1.5791e+00 +2.3029e+00 +9.2608e-01 +1.2271e+00 -1.5578e+00
21365 +2.977560989e-02 +2.977560989e-02 +3.537977561e+01 +3.537977561e+01 +1.6680e+00 +1.4798e+00 +4.0031e+00 +1.4880e+00 -1.9503e+00 -1.6433e+00 +2.3368e+00 +8.8746e-01 +1.0118e+00 -1.4921e+00
21690 +2.132555385e-02 +2.132555385e-02 +3.537132555e+01 +3.537132555e+01 +1.7172e+00 +1.4029e+00 +4.0953e+00 +1.4350e+00 -1.9088e+00 -1.6748e+00 +2.3344e+00 +8.5806e-01 +1.1529e+00 -1.4553e+00
25756 +9.896846652e-03 +9.896846652e-03 +3.535989685e+01 +3.535989685e+01 +1.7490e+00 +1.4873e+00 +4.0052e+00 +1.4721e+00 -1.9004e+00 -1.6547e+00 +2.2698e+00 +8.4383e-01 +1.1393e+00 -1.4868e+00
28488 +1.747304239e-07 +1.747304239e-07 +3.535000017e+01 +3.535000017e+01 +1.7432e+00 +1.4822e+00 +3.9432e+00 +1.4738e+00 -1.9063e+00 -1.6262e+00 +2.3301e+00 +8.2707e-01 +1.1285e+00 -1.4946e+00
28653 +9.638839060e-08 +9.638839060e-08 +3.535000010e+01 +3.535000010e+01 +1.7450e+00 +1.5055e+00 +3.9546e+00 +1.4690e+00 -1.8542e+00 -1.6104e+00 +2.2964e+00 +8.7161e-01 +1.1369e+00 -1.4888e+00
29505 +3.140217331e-08 +3.140217331e-08 +3.535000003e+01 +3.535000003e+01 +1.7581e+00 +1.4604e+00 +3.9663e+00 +1.4524e+00 -1.8973e+00 -1.6521e+00 +2.3217e+00 +8.7352e-01 +1.1368e+00 -1.5135e+00
33153 +2.384259545e-08 +2.384259545e-08 +3.535000002e+01 +3.535000002e+01 +1.7775e+00 +1.4953e+00 +3.9775e+00 +1.4850e+00 -1.8939e+00 -1.6271e+00 +2.2983e+00 +8.4446e-01 +1.1370e+00 -1.5070e+00
33203 +8.294279041e-09 +8.294279041e-09 +3.535000001e+01 +3.535000001e+01 +1.7652e+00 +1.5055e+00 +3.9813e+00 +1.4690e+00 -1.8798e+00 -1.6104e+00 +2.2802e+00 +8.7345e-01 +1.1423e+00 -1.4888e+00
% function evaluation | noise-free fitness - Fopt (3.820000000000e+00) | best noise-free fitness - Fopt | measured fitness | best measured fitness | x1 | x2...
1 +1.656218610e+03 +1.656218610e+03 +1.660038610e+03 +1.660038610e+03 -4.8306e+00 +2.2781e+00 +3.4434e+00 -1.3503e+00 -4.9166e+00 -1.4159e+00 -1.1164e+00 -4.9328e+00 -5.0429e-01 -4.5401e+00
2 +3.830586324e+02 +3.830586324e+02 +3.868786324e+02 +3.868786324e+02 -6.4843e-01 -2.1913e+00 -1.1803e+00 -6.2961e-02 +1.3961e+00 -3.1930e+00 +1.6622e-01 -1.4885e+00 +2.8973e+00 +3.8898e+00
20 +2.146698632e+02 +2.146698632e+02 +2.184898632e+02 +2.184898632e+02 +1.9555e+00 -1.7535e+00 +2.7952e+00 -4.7523e+00 +3.1706e+00 +2.5433e+00 -1.2073e+00 -3.8760e+00 +3.8945e+00 -2.8996e+00
116 +1.577406010e+02 +1.577406010e+02 +1.615606010e+02 +1.615606010e+02 -2.2170e+00 -3.5427e+00 -1.0098e+00 +5.7466e-01 +1.4003e+00 +1.1403e+00 -4.4327e-01 -2.8757e+00 +2.5085e+00 -5.0385e-01
683 +7.067745838e+01 +7.067745838e+01 +7.449745838e+01 +7.449745838e+01 +2.2053e+00 +3.7058e-01 +1.1106e+00 -3.4281e-01 +3.6814e+00 +2.9023e+00 +1.8847e+00 -2.8099e+00 +1.5802e+00 -3.1614e-01
1116 +6.215024193e+01 +6.215024193e+01 +6.597024193e+01 +6.597024193e+01 +3.4264e-01 +4.1839e-01 +3.0650e+00 +2.1926e-01 -2.3466e+00 +2.7943e+00 -3.1077e+00 -8.5391e-01 +2.0093e+00 +4.4250e+00
1134 +3.381002172e+01 +3.381002172e+01 +3.763002172e+01 +3.763002172e+01 +1.7567e+00 +2.2567e+00 -9.0992e-01 -1.5344e+00 -1.1764e+00 +2.6718e+00 -1.1462e-01 -1.9545e+00 +3.5816e+00 -3.3783e-01
2301 +2.149900448e+01 +2.149900448e+01 +2.531900448e+01 +2.531900448e+01 +3.7823e+00 +3.4031e+00 +9.1297e-01 -3.9028e+00 -6.0016e-02 +3.2657e+00 +9.7701e-01 -4.1357e+00 +2.8475e-01 -9.8548e-01
2817 +1.475089514e+01 +1.475089514e+01 +1.857089514e+01 +1.857089514e+01 +5.1835e+00 +3.2139e+00 +1.7660e+00 -4.7523e+00 +7.4842e-01 +2.8385e-01 +2.4592e+00 -3.6661e+00 +8.2770e-01 -2.1615e+00
4452 +8.827179787e+00 +8.827179787e+00 +1.264717979e+01 +1.264717979e+01 +3.6557e+00 +3.2139e+00 -1.1494e-01 -3.6302e+00 +7.4842e-01 +1.5271e+00 +2.4592e+00 -3.7966e+00 +1.0344e+00 -1.2181e+00
6506 +5.555755801e+00 +5.555755801e+00 +9.375755801e+00 +9.375755801e+00 +3.6540e+00 +1.2888e+00 +2.4583e+00 -3.3314e+00 +1.4763e+00 +1.0047e+00 +2.0752e+00 -3.7004e+00 +2.2876e-01 -5.8487e-01
6568 +3.468322790e+00 +3.468322790e+00 +7.288322790e+00 +7.288322790e+00 +2.6383e+00 +6.3443e-01 +2.4350e+00 -2.4601e+00 +9.2150e-01 +1.2122e+00 +8.5174e-01 -3.3205e+00 +6.4801e-01 -1.3433e-01
9305 +2.092388563e+00 +2.092388563e+00 +5.912388563e+00 +5.912388563e+00 +3.3447e+00 -3.7007e-02 +2.6567e+00 -1.7078e+00 +1.1741e+00 -4.5681e-01 +3.5407e-01 -3.1981e+00 +1.1785e+00 -6.8923e-01
13201 +1.583179751e+00 +1.583179751e+00 +5.403179751e+00 +5.403179751e+00 +3.5047e+00 +4.9967e-01 +1.9036e+00 -2.2901e+00 +9.7609e-01 -4.1705e-02 +7.3385e-01 -3.3005e+00 +1.0545e+00 -5.1468e-01
14508 +9.961668526e-01 +9.961668526e-01 +4.816166853e+00 +4.816166853e+00 +4.0345e+00 +9.9059e-01 +2.0866e+00 -2.4105e+00 +1.0527e+00 +2.8581e-01 +7.4851e-01 -3.2525e+00 +6.3449e-01 -3.2506e-01
17006 +6.079257934e-01 +6.079257934e-01 +4.427925793e+00 +4.427925793e+00 +3.9292e+00 +9.4195e-01 +1.9285e+00 -2.3528e+00 +7.9799e-01 -2.1665e-01 +5.3999e-01 -3.4064e+00 +1.1113e+00 -6.4050e-01
18604 +2.949283531e-01 +2.949283531e-01 +4.114928353e+00 +4.114928353e+00 +4.1170e+00 +1.1596e+00 +2.0207e+00 -2.7693e+00 +1.0097e+00 -8.9156e-02 +9.3340e-01 -3.3144e+00 +6.5364e-01 -8.0004e-01
22111 +2.014814953e-01 +2.014814953e-01 +4.021481495e+00 +4.021481495e+00 +3.9321e+00 +1.0995e+00 +1.9286e+00 -2.5711e+00 +1.0319e+00 -1.9628e-03 +9.1815e-01 -3.3226e+00 +9.0401e-01 -6.8527e-01
23511 +1.172372590e-01 +1.172372590e-01 +3.937237259e+00 +3.937237259e+00 +3.7885e+00 +9.9801e-01 +1.9106e+00 -2.5682e+00 +9.1338e-01 -3.2367e-02 +8.9219e-01 -3.3452e+00 +9.0444e-01 -7.5921e-01
26568 +8.596203335e-02 +8.596203335e-02 +3.905962033e+00 +3.905962033e+00 +3.9238e+00 +1.1406e+00 +1.9118e+00 -2.6538e+00 +8.3259e-01 -3.3893e-02 +8.4681e-01 -3.3472e+00 +8.2415e-01 -7.2746e-01
27905 +6.101084735e-02 +6.101084735e-02 +3.881010847e+00 +3.881010847e+00 +4.0156e+00 +1.1972e+00 +1.8398e+00 -2.5968e+00 +8.3360e-01 -5.9143e-02 +8.6241e-01 -3.3161e+00 +9.3525e-01 -7.7377e-01
28551 +3.233064942e-02 +3.233064942e-02 +3.852330649e+00 +3.852330649e+00 +4.0156e+00 +1.1393e+00 +1.9179e+00 -2.5871e+00 +8.3360e-01 -4.2206e-02 +8.6241e-01 -3.3161e+00 +9.1247e-01 -7.7377e-01
29503 +1.431795657e-02 +1.431795657e-02 +3.834317957e+00 +3.834317957e+00 +4.0071e+00 +1.1258e+00 +1.9375e+00 -2.5623e+00 +8.3574e-01 -1.6840e-02 +7.6438e-01 -3.3278e+00 +8.9563e-01 -7.4137e-01
29574 +1.897913751e-07 +1.897913751e-07 +3.820000190e+00 +3.820000190e+00 +3.9758e+00 +1.1926e+00 +1.8570e+00 -2.5546e+00 +8.6881e-01 +2.8154e-02 +8.7127e-01 -3.3281e+00 +8.5768e-01 -7.3789e-01
30201 +1.068018194e-07 +1.068018194e-07 +3.820000107e+00 +3.820000107e+00 +3.9758e+00 +1.1607e+00 +1.8935e+00 -2.5546e+00 +8.6881e-01 +2.8154e-02 +8.6596e-01 -3.3281e+00 +8.5768e-01 -7.5940e-01
30401 +3.937873538e-08 +3.937873538e-08 +3.820000039e+00 +3.820000039e+00 +3.9999e+00 +1.1607e+00 +1.8935e+00 -2.6029e+00 +8.6881e-01 +2.8154e-02 +8.6596e-01 -3.3281e+00 +8.7397e-01 -7.5940e-01
32752 +5.947803139e-09 +5.947803139e-09 +3.820000006e+00 +3.820000006e+00 +4.0129e+00 +1.1777e+00 +1.8842e+00 -2.5669e+00 +8.6995e-01 +3.4149e-02 +8.6866e-01 -3.3298e+00 +8.6882e-01 -7.7152e-01
% function evaluation | noise-free fitness - Fopt (2.175000000000e+01) | best noise-free fitness - Fopt | measured fitness | best measured fitness | x1 | x2...
1 +8.734315232e+02 +8.734315232e+02 +8.951815232e+02 +8.951815232e+02 +2.7879e+00 -4.8209e+00 +1.9279e+00 +3.6991e+00 -4.3522e+00 +3.6558e+00 +3.4564e+00 -4.7925e+00 +1.9569e+00 +1.3649e+00
6 +4.757325371e+02 +4.757325371e+02 +4.974825371e+02 +4.974825371e+02 -2.0880e+00 -3.4653e+00 -2.4617e+00 +1.0812e+00 -4.6291e+00 +3.0298e+00 +3.8902e+00 -3.1180e+00 +1.7603e+00 -9.0476e-01
9 +3.963596022e+02 +3.963596022e+02 +4.181096022e+02 +4.181096022e+02 -1.2410e+00 +1.5038e+00 -2.0266e+00 +1.2886e+00 -4.7113e+00 +1.5136e+00 +2.1958e+00 +2.1015e+00 +3.9414e+00 +2.7997e+00
153 +2.251277508e+02 +2.251277508e+02 +2.468777508e+02 +2.468777508e+02 +4.8020e+00 +3.6142e+00 +5.0180e-02 +2.9369e-01 -3.1671e+00 +1.2004e+00 -6.3047e-01 -2.0916e-01 +3.1838e+00 +3.8522e+00
225 +8.447555065e+01 +8.447555065e+01 +1.062255507e+02 +1.062255507e+02 +6.3326e+00 -8.5646e-01 +3.0692e+00 +3.0648e+00 -4.0959e+00 -3.3623e+00 +2.2294e+00 -7.4789e-01 +2.5448e+00 +3.6459e+00
434 +5.913806555e+01 +5.913806555e+01 +8.088806555e+01 +8.088806555e+01 +1.9434e+00 +8.6738e-01 -1.4178e+00 +2.6014e+00 -7.0806e+00 -3.1316e+00 +3.6702e+00 -1.7771e+00 +1.2548e+00 +2.0540e+00
1023 +3.180719414e+01 +3.180719414e+01 +5.355719414e+01 +5.355719414e+01 +2.4304e+00 +3.7084e+00 -2.6904e+00 +2.5395e+00 -3.1564e+00 -2.5794e+00 +3.6433e+00 +1.2892e+00 +2.4848e+00 +4.7641e+00
1212 +8.832736391e+00 +8.832736391e+00 +3.058273639e+01 +3.058273639e+01 +4.2111e+00 +1.6226e+00 -1.7139e+00 +3.9362e+00 -2.8734e+00 -1.7572e+00 +3.6382e+00 +1.9255e+00 +1.1177e+00 +3.5035e+00
2855 +5.736643956e+00 +5.736643956e+00 +2.748664396e+01 +2.748664396e+01 +3.2422e+00 +4.9283e-01 -7.2730e-01 +3.6394e+00 -3.6244e+00 -3.3190e+00 +3.7689e+00 +1.7521e+00 +9.4659e-01 +3.3562e+00
2905 +3.210027143e+00 +3.210027143e+00 +2.496002714e+01 +2.496002714e+01 +3.1750e+00 +1.3028e+00 -1.1567e+00 +3.3662e+00 -2.1516e+00 -2.7711e+00 +3.2289e+00 +2.1151e+00 +1.4710e+00 +4.0187e+00
3901 +2.388755671e+00 +2.388755671e+00 +2.413875567e+01 +2.413875567e+01 +3.4653e+00 +8.4437e-01 -1.4189e+00 +3.6434e+00 -2.5667e+00 -2.1295e+00 +3.5980e+00 +2.1669e+00 +1.2802e+00 +3.6851e+00
5056 +1.469848823e+00 +1.469848823e+00 +2.321984882e+01 +2.321984882e+01 +3.9804e+00 +8.9382e-01 -1.2314e+00 +3.6434e+00 -2.5667e+00 -2.1295e+00 +3.5227e+00 +2.1669e+00 +1.3937e+00 +3.6851e+00
6552 +8.359894131e-01 +8.359894131e-01 +2.258598941e+01 +2.258598941e+01 +3.6462e+00 +8.5428e-01 -1.4985e+00 +3.2343e+00 -1.9731e+00 -2.3294e+00 +3.4671e+00 +1.9252e+00 +1.4323e+00 +3.8097e+00
6851 +5.372447513e-01 +5.372447513e-01 +2.228724475e+01 +2.228724475e+01 +3.5348e+00 +8.5428e-01 -1.4985e+00 +3.1279e+00 -1.9731e+00 -2.3854e+00 +3.4671e+00 +1.9252e+00 +1.6735e+00 +3.8881e+00
7311 +1.522885846e-01 +1.522885846e-01 +2.190228858e+01 +2.190228858e+01 +3.7237e+00 +8.2015e-01 -1.0253e+00 +3.1496e+00 -1.7267e+00 -2.3180e+00 +3.4729e+00 +2.2529e+00 +1.6356e+00 +3.7748e+00
9501 +6.110231659e-02 +6.110231659e-02 +2.181110232e+01 +2.181110232e+01 +3.6843e+00 +9.3306e-01 -1.0405e+00 +3.0927e+00 -1.8275e+00 -2.4246e+00 +3.2931e+00 +2.1303e+00 +1.6530e+00 +3.8509e+00
9848 +3.972761769e-02 +3.972761769e-02 +2.178972762e+01 +2.178972762e+01 +3.6581e+00 +9.5386e-01 -1.1612e+00 +3.1184e+00 -1.8268e+00 -2.3700e+00 +3.2997e+00 +2.0823e+00 +1.6519e+00 +3.8317e+00
12026 +1.973753405e-02 +1.973753405e-02 +2.176973753e+01 +2.176973753e+01 +3.8171e+00 +9.1926e-01 -1.1161e+00 +3.1312e+00 -1.7241e+00 -2.3187e+00 +3.3020e+00 +2.1013e+00 +1.6897e+00 +3.8036e+00
13058 +1.122800297e-02 +1.122800297e-02 +2.176122800e+01 +2.176122800e+01 +3.8296e+00 +8.9910e-01 -1.0994e+00 +3.1236e+00 -1.7654e+00 -2.3156e+00 +3.2931e+00 +2.1080e+00 +1.7026e+00 +3.8290e+00
13391 +5.295956644e-03 +5.295956644e-03 +2.175529596e+01 +2.175529596e+01 +3.7811e+00 +8.9525e-01 -1.0954e+00 +3.1117e+00 -1.6720e+00 -2.3557e+00 +3.2849e+00 +2.1307e+00 +1.7384e+00 +3.8481e+00
13756 +4.570582881e-07 +4.570582881e-07 +2.175000046e+01 +2.175000046e+01 +3.7771e+00 +8.7220e-01 -1.1439e+00 +3.1041e+00 -1.6865e+00 -2.3572e+00 +3.3052e+00 +2.1335e+00 +1.7512e+00 +3.8245e+00
13811 +1.486398702e-07 +1.486398702e-07 +2.175000015e+01 +2.175000015e+01 +3.7771e+00 +9.1264e-01 -1.1018e+00 +3.0796e+00 -1.6356e+00 -2.3348e+00 +3.3072e+00 +2.1481e+00 +1.7253e+00 +3.8405e+00
14152 +1.825462448e-08 +1.825462448e-08 +2.175000002e+01 +2.175000002e+01 +3.8008e+00 +8.8448e-01 -1.1074e+00 +3.0908e+00 -1.6670e+00 -2.3662e+00 +3.3067e+00 +2.1549e+00 +1.7264e+00 +3.8397e+00
14653 +4.277744381e-09 +4.277744381e-09 +2.175000000e+01 +2.175000000e+01 +3.7664e+00 +8.9134e-01 -1.1240e+00 +3.0893e+00 -1.6694e+00 -2.3945e+00 +3.2888e+00 +2.1371e+00 +1.7125e+00 +3.8491e+00
% function evaluation | noise-free fitness - Fopt (6.479000000000e+01) | best noise-free fitness - Fopt | measured fitness | best measured fitness | x1 | x2...
1 +3.588070464e+02 +3.588070464e+02 +4.235970464e+02 +4.235970464e+02 +6.2881e-01 +2.1332e+00 +3.3277e+00 +3.1447e+00 +2.6416e+00 +2.5833e+00 +3.9922e-01 +2.9422e+00 -3.9010e+00 +3.3421e+00
5 +2.267705564e+02 +2.267705564e+02 +2.915605564e+02 +2.915605564e+02 -1.4527e+00 -4.5003e+00 -2.8168e+00 -4.3424e+00 +3.5236e+00 +7.5674e-01 -3.8577e+00 +1.1370e+00 -2.5575e+00 -4.9948e+00
255 +1.361193763e+02 +1.361193763e+02 +2.009093763e+02 +2.009093763e+02 -9.7319e-01 -3.1840e+00 +3.8943e+00 +1.8599e-01 +1.0670e+00 -1.9522e+00 -2.3103e+00 +4.1985e+00 -5.5810e+00 +9.1615e-01
322 +9.392435623e+01 +9.392435623e+01 +1.587143562e+02 +1.587143562e+02 -7.9447e-01 -3.9020e+00 +9.3182e-01 +1.2668e+00 +1.0743e+00 -2.6735e-01 -4.6179e+00 +5.3271e+00 -1.1563e+00 -2.8078e+00
354 +5.771197339e+01 +5.771197339e+01 +1.225019734e+02 +1.225019734e+02 -3.7116e-01 -4.2394e+00 +5.6825e-03 -5.0816e-01 +2.2032e+00 -1.7371e+00 -3.1841e+00 -1.5133e-01 -2.0841e+00 +1.6510e+00
518 +3.944292350e+01 +3.944292350e+01 +1.042329235e+02 +1.042329235e+02 -9.9338e-01 -3.9818e+00 +4.6551e-01 +7.6601e-01 +1.6892e+00 -2.3586e+00 -4.2495e+00 +1.3633e-02 -1.9823e+00 +1.8055e+00
702 +2.373391989e+01 +2.373391989e+01 +8.852391989e+01 +8.852391989e+01 -1.3730e+00 -5.7769e-01 -5.2272e-01 +1.9545e-01 +6.4451e-01 -2.4431e+00 -4.0074e+00 +4.9966e-01 -1.9597e+00 +2.3016e+00
1475 +1.477487886e+01 +1.477487886e+01 +7.956487886e+01 +7.956487886e+01 -1.1294e+00 -3.8284e+00 -2.0319e+00 +5.5169e-01 +6.9723e-01 -2.4690e+00 -4.2859e+00 -3.3504e-01 -2.4837e+00 +2.8609e+00
2001 +7.994417681e+00 +7.994417681e+00 +7.278441768e+01 +7.278441768e+01 -1.1294e+00 -2.4051e+00 -2.0319e+00 +5.5169e-01 +6.5808e-01 -2.4690e+00 -4.4241e+00 -3.3504e-01 -2.7079e+00 +2.8609e+00
3020 +4.902499624e+00 +4.902499624e+00 +6.969249962e+01 +6.969249962e+01 -1.4491e+00 -1.8348e+00 -6.1437e-01 +1.3216e+00 +1.7702e-02 -2.7649e+00 -3.8169e+00 -6.7909e-01 -4.4005e+00 +3.1208e+00
3807 +3.723720328e+00 +3.723720328e+00 +6.851372033e+01 +6.851372033e+01 -1.3639e+00 -3.1011e+00 -6.3942e-01 +1.2622e+00 +1.0371e-01 -2.7844e+00 -4.4250e+00 -5.4972e-01 -2.7426e+00 +3.0830e+00
4682 +2.316442956e+00 +2.316442956e+00 +6.710644296e+01 +6.710644296e+01 -2.8051e+00 -1.8537e+00 +3.7232e-01 +1.5841e+00 -3.9492e-01 -3.3148e+00 -3.3432e+00 -4.2478e-01 -3.2688e+00 +2.8032e+00
6266 +1.141783846e+00 +1.141783846e+00 +6.593178385e+01 +6.593178385e+01 -1.7804e+00 -2.0546e+00 +2.6426e-01 +1.7889e+00 -4.7087e-01 -3.2678e+00 -3.7758e+00 -3.1215e-01 -3.4892e+00 +2.8839e+00
6751 +9.991308971e-01 +9.991308971e-01 +6.578913090e+01 +6.578913090e+01 -1.5478e+00 -2.1154e+00 -1.4825e-01 +1.7889e+00 -4.7087e-01 -3.1052e+00 -3.7758e+00 -1.0680e-01 -3.4892e+00 +2.6480e+00
7784 +4.981772118e-01 +4.981772118e-01 +6.528817721e+01 +6.528817721e+01 -2.0997e+00 -1.8990e+00 +1.3984e-02 +1.3403e+00 -3.9156e-01 -3.0591e+00 -3.8470e+00 -3.4528e-02 -3.6339e+00 +2.7675e+00
9502 +3.109200077e-01 +3.109200077e-01 +6.510092001e+01 +6.510092001e+01 -1.7002e+00 -2.1895e+00 -5.6401e-02 +1.4764e+00 -4.0679e-01 -3.0660e+00 -3.9368e+00 +3.0677e-02 -3.4566e+00 +2.3588e+00
11401 +1.923639437e-01 +1.923639437e-01 +6.498236394e+01 +6.498236394e+01 -1.5423e+00 -2.0991e+00 +5.9380e-02 +1.5183e+00 -3.2049e-01 -3.0511e+00 -3.8282e+00 +6.1048e-02 -3.5308e+00 +2.5516e+00
12679 +9.545483411e-02 +9.545483411e-02 +6.488545483e+01 +6.488545483e+01 -1.8075e+00 -1.9906e+00 -1.0283e-01 +1.3822e+00 -2.6845e-01 -2.9894e+00 -3.9237e+00 -3.1713e-02 -3.6681e+00 +2.5823e+00
13210 +5.626996038e-02 +5.626996038e-02 +6.484626996e+01 +6.484626996e+01 -1.9282e+00 -1.9494e+00 +3.8490e-02 +1.4459e+00 -2.6071e-01 -2.9442e+00 -3.8927e+00 -7.6363e-04 -3.5168e+00 +2.4955e+00
14802 +3.025273100e-02 +3.025273100e-02 +6.482025273e+01 +6.482025273e+01 -1.8739e+00 -2.0332e+00 -8.1873e-02 +1.4222e+00 -2.6111e-01 -3.0211e+00 -3.9054e+00 -1.0879e-01 -3.4938e+00 +2.5499e+00
15811 +1.254568205e-02 +1.254568205e-02 +6.480254568e+01 +6.480254568e+01 -1.8958e+00 -2.1172e+00 -1.9166e-01 +1.3385e+00 -2.4258e-01 -2.9765e+00 -3.9442e+00 -8.6637e-02 -3.4179e+00 +2.5604e+00
18105 +1.170860031e-07 +1.170860031e-07 +6.479000012e+01 +6.479000012e+01 -1.8568e+00 -2.1224e+00 -9.4460e-02 +1.3800e+00 -2.8850e-01 -2.9726e+00 -3.9378e+00 -4.2082e-02 -3.4930e+00 +2.5264e+00
19456 +2.238536467e-08 +2.238536467e-08 +6.479000002e+01 +6.479000002e+01 -1.8610e+00 -2.1327e+00 -8.0194e-02 +1.3927e+00 -2.7686e-01 -2.9714e+00 -3.9436e+00 -6.8051e-02 -3.4506e+00 +2.5402e+00
21142 +2.927734499e-09 +2.927734499e-09 +6.479000000e+01 +6.479000000e+01 -1.8685e+00 -2.1283e+00 -8.7044e-02 +1.3915e+00 -2.7697e-01 -2.9700e+00 -3.9340e+00 -6.6563e-02 -3.4602e+00 +2.5271e+00
% function evaluation | noise-free fitness - Fopt (5.407000000000e+01) | best noise-free fitness - Fopt | measured fitness | best measured fitness | x1 | x2...
1 +1.418988340e+03 +1.418988340e+03 +1.473058340e+03 +1.473058340e+03 +1.6009e+00 +4.0506e+00 -2.9210e+00 +1.4438e+00 -2.6044e+00 -1.7003e+00 +3.4628e+00 -4.4535e+00 -4.7062e+00 -8.0558e-01
2 +9.923477946e+02 +9.923477946e+02 +1.046417795e+03 +1.046417795e+03 -1.7765e-01 +4.4777e+00 +1.3587e+00 -6.5872e-01 -1.3309e+00 +3.2330e-01 +4.0101e+00 +5.3566e-01 -3.1183e+00 +6.6721e-01
12 +5.340044679e+02 +5.340044679e+02 +5.880744679e+02 +5.880744679e+02 +4.2480e+00 -2.1453e+00 +2.3488e+00 +1.9970e+00 +3.0828e+00 +4.4070e+00 +1.7338e+00 +3.3164e+00 -4.9742e+00 -4.0392e+00
21 +2.996962336e+02 +2.996962336e+02 +3.537662336e+02 +3.537662336e+02 +5.9169e-01 +1.9969e+00 +2.7465e+00 +4.5623e+00 -1.8614e+00 +3.5225e+00 +2.3593e+00 -2.7121e+00 +2.9397e+00 +1.0850e+00
121 +1.812643523e+02 +1.812643523e+02 +2.353343523e+02 +2.353343523e+02 -1.6828e+00 -2.0134e+00 +2.9303e+00 +3.7559e+00 -3.0285e+00 -1.5933e-01 -8.4822e-01 +2.5516e+00 -5.0345e+00 -5.4689e-01
326 +1.574430119e+02 +1.574430119e+02 +2.115130119e+02 +2.115130119e+02 -9.2047e-01 -4.7686e+00 +3.7876e+00 +3.3521e+00 -7.9996e+00 +2.0133e+00 -2.4978e+00 +3.6232e+00 -3.1334e+00 +5.2710e-01
626 +9.738742893e+01 +9.738742893e+01 +1.514574289e+02 +1.514574289e+02 +5.2024e+00 +4.0330e-01 +1.2192e+00 +4.5913e+00 +7.1509e-01 +4.0489e-01 +2.4715e+00 +4.8937e+00 -3.3468e+00 +3.2036e-01
1028 +6.066165968e+01 +6.066165968e+01 +1.147316597e+02 +1.147316597e+02 -9.1791e-01 -4.3845e+00 +5.4311e+00 +3.8460e+00 -2.0568e+00 +3.3606e+00 +1.2606e+00 +8.2338e-01 -1.6483e+00 -2.8676e+00
1467 +3.739961184e+01 +3.739961184e+01 +9.146961184e+01 +9.146961184e+01 +5.9169e-01 -2.6082e+00 +3.6109e+00 +4.5623e+00 -1.9012e+00 +2.6766e+00 +3.0095e+00 +2.4263e+00 -4.2386e+00 -3.3434e+00
2912 +2.510173728e+01 +2.510173728e+01 +7.917173728e+01 +7.917173728e+01 +1.9006e+00 -3.3473e+00 +2.9699e+00 +3.9560e+00 -2.1126e+00 +2.4289e+00 +4.3346e-01 +2.8052e+00 -2.7605e+00 -2.4541e+00
3667 +1.519059455e+01 +1.519059455e+01 +6.926059455e+01 +6.926059455e+01 +8.0001e-01 -1.3695e+00 +2.6578e+00 +3.9447e+00 +2.2134e-02 +2.2828e+00 +2.6256e+00 +2.4542e+00 -2.4304e+00 -8.5862e-01
4412 +7.183086810e+00 +7.183086810e+00 +6.125308681e+01 +6.125308681e+01 +1.6739e+00 -2.7526e+00 +2.5350e+00 +3.7860e+00 -9.8884e-01 +1.6774e+00 +1.2991e+00 +1.5893e+00 -3.7743e+00 -1.6698e+00
4451 +5.103991091e+00 +5.103991091e+00 +5.917399109e+01 +5.917399109e+01 +1.6739e+00 -2.8217e+00 +2.2794e+00 +3.5634e+00 -9.8884e-01 +1.5385e+00 +1.3280e+00 +1.1725e+00 -4.1236e+00 -4.5971e-01
5314 +3.101093820e+00 +3.101093820e+00 +5.717109382e+01 +5.717109382e+01 +1.8402e+00 -2.8003e+00 +3.2435e+00 +3.0343e+00 -3.3418e+00 +1.5921e+00 +5.1366e-01 +2.3014e+00 -2.7522e+00 -2.2874e+00
7325 +2.335072839e+00 +2.335072839e+00 +5.640507284e+01 +5.640507284e+01 +9.1273e-01 -3.3942e+00 +3.5637e+00 +2.6446e+00 -3.9733e+00 +1.7197e+00 +8.4842e-01 +3.1119e+00 -3.3776e+00 -3.0024e+00
8915 +6.054654796e-01 +6.054654796e-01 +5.467546548e+01 +5.467546548e+01 +8.3786e-01 -3.4416e+00 +3.3629e+00 +2.5752e+00 -3.2915e+00 +1.5893e+00 +9.6522e-01 +3.3294e+00 -3.3940e+00 -2.6375e+00
12930 +3.639819413e-01 +3.639819413e-01 +5.443398194e+01 +5.443398194e+01 +7.5998e-01 -3.3999e+00 +3.5692e+00 +2.2872e+00 -3.8321e+00 +1.4401e+00 +9.3547e-01 +3.3899e+00 -3.3974e+00 -2.8349e+00
19810 +2.406039191e-01 +2.406039191e-01 +5.431060392e+01 +5.431060392e+01 +9.4411e-01 -3.3982e+00 +3.2942e+00 +2.3261e+00 -3.1185e+00 +1.4215e+00 +1.0866e+00 +3.2270e+00 -3.6111e+00 -2.4807e+00
20872 +1.458332312e-01 +1.458332312e-01 +5.421583323e+01 +5.421583323e+01 +9.7309e-01 -3.3365e+00 +3.4911e+00 +2.3145e+00 -3.5162e+00 +1.4540e+00 +9.9780e-01 +3.2932e+00 -3.5120e+00 -2.6903e+00
20967 +9.341548156e-02 +9.341548156e-02 +5.416341548e+01 +5.416341548e+01 +8.4877e-01 -3.3008e+00 +3.4640e+00 +2.4904e+00 -3.4640e+00 +1.4209e+00 +1.0644e+00 +3.3480e+00 -3.5362e+00 -2.6132e+00
21553 +5.712417840e-02 +5.712417840e-02 +5.412712418e+01 +5.412712418e+01 +9.6101e-01 -3.3224e+00 +3.4804e+00 +2.5003e+00 -3.4955e+00 +1.4409e+00 +1.0242e+00 +3.3149e+00 -3.5004e+00 -2.6597e+00
22551 +2.765546447e-02 +2.765546447e-02 +5.409765546e+01 +5.409765546e+01 +9.6101e-01 -3.3224e+00 +3.4804e+00 +2.5003e+00 -3.4955e+00 +1.4409e+00 +1.0242e+00 +3.3149e+00 -3.4946e+00 -2.6597e+00
28014 +2.169377761e-02 +2.169377761e-02 +5.409169378e+01 +5.409169378e+01 +9.7803e-01 -3.3443e+00 +3.4109e+00 +2.4455e+00 -3.4553e+00 +1.4889e+00 +9.7778e-01 +3.2093e+00 -3.4575e+00 -2.6201e+00
30471 +9.544257502e-03 +9.544257502e-03 +5.407954426e+01 +5.407954426e+01 +9.0822e-01 -3.3195e+00 +3.4153e+00 +2.4866e+00 -3.3862e+00 +1.4431e+00 +1.0241e+00 +3.2104e+00 -3.4972e+00 -2.5616e+00
35283 +4.927934896e-07 +4.927934896e-07 +5.407000049e+01 +5.407000049e+01 +9.0862e-01 -3.3608e+00 +3.3801e+00 +2.4929e+00 -3.3618e+00 +1.4698e+00 +9.7929e-01 +3.1527e+00 -3.5301e+00 -2.5382e+00
35959 +6.409349140e-08 +6.409349140e-08 +5.407000006e+01 +5.407000006e+01 +9.1563e-01 -3.3894e+00 +3.3928e+00 +2.4611e+00 -3.4061e+00 +1.4625e+00 +1.0025e+00 +3.1452e+00 -3.5006e+00 -2.5702e+00
36384 +3.276312555e-11 +3.276312555e-11 +5.407000000e+01 +5.407000000e+01 +9.4223e-01 -3.3398e+00 +3.3847e+00 +2.4695e+00 -3.4168e+00 +1.4628e+00 +9.8744e-01 +3.1815e+00 -3.4965e+00 -2.5344e+00
% function evaluation | noise-free fitness - Fopt (-9.152000000000e+01) | best noise-free fitness - Fopt | measured fitness | best measured fitness | x1 | x2...
1 +1.164492348e+03 +1.164492348e+03 +1.072972348e+03 +1.072972348e+03 +2.2355e+00 -4.9032e+00 +4.2250e+00 +4.1950e+00 +1.2130e+00 -3.7431e+00 -2.5372e+00 -4.2501e+00 -4.0932e+00 +1.4390e+00
4 +4.112428315e+02 +4.112428315e+02 +3.197228315e+02 +3.197228315e+02 +1.9909e+00 -2.7433e+00 -2.0608e+00 +4.7832e+00 +3.2475e+00 -1.6196e+00 +3.3590e+00 +4.1598e+00 +1.0942e+00 -3.9519e-01
17 +3.446987581e+02 +3.446987581e+02 +2.531787581e+02 +2.531787581e+02 -4.5381e+00 +2.0459e+00 +9.0686e-01 +4.3201e+00 -1.2990e+00 +3.8551e+00 +1.1050e+00 +3.4343e+00 +2.9779e+00 -3.0225e+00
58 +1.389843931e+02 +1.389843931e+02 +4.746439307e+01 +4.746439307e+01 +9.0926e-01 +4.5507e+00 +4.4844e+00 +5.9080e+00 +2.3949e+00 +4.2341e-02 +2.5904e+00 +2.5236e+00 -1.6041e+00 -1.6458e+00
101 +8.076649711e+01 +8.076649711e+01 -1.075350289e+01 -1.075350289e+01 -3.2198e+00 +4.5507e+00 +4.4844e+00 +5.0219e+00 +1.4959e+00 +4.2341e-02 +9.9177e-01 +2.5236e+00 -1.6138e-01 +3.2663e-01
402 +5.818435964e+01 +5.818435964e+01 -3.333564036e+01 -3.333564036e+01 -3.2198e+00 +2.3999e+00 +4.4844e+00 +5.0219e+00 +2.8763e+00 +6.9544e-01 -3.8744e-01 +2.7993e+00 -1.6138e-01 +3.2663e-01
460 +3.031309400e+01 +3.031309400e+01 -6.120690600e+01 -6.120690600e+01 -3.2762e+00 +4.0274e+00 -6.9764e-01 +3.6028e+00 +1.3887e+00 +6.8444e-02 -7.2713e-01 +4.2839e+00 -2.6742e+00 +2.1492e+00
732 +2.177997801e+01 +2.177997801e+01 -6.974002199e+01 -6.974002199e+01 -2.1931e+00 +4.2687e+00 -4.6281e-01 +3.5817e+00 +2.4127e+00 -8.9132e-02 -8.5014e-01 +5.3222e+00 -3.6640e+00 +3.7690e+00
1571 +1.281826577e+01 +1.281826577e+01 -7.870173423e+01 -7.870173423e+01 -1.2385e+00 +4.0352e+00 -6.9009e-01 +3.6021e+00 +1.1020e+00 -3.3426e-01 +1.1922e+00 +4.8860e+00 -1.7177e+00 +2.7525e+00
3268 +9.956298367e+00 +9.956298367e+00 -8.156370163e+01 -8.156370163e+01 -2.8107e+00 +2.6729e+00 +6.3555e-01 +3.3782e+00 +2.0648e+00 +1.9000e+00 +3.3215e+00 +1.8995e+00 -1.6200e+00 +2.3918e+00
3607 +5.513722271e+00 +5.513722271e+00 -8.600627773e+01 -8.600627773e+01 -2.0660e+00 +3.4787e+00 -1.6545e+00 +2.8743e+00 +1.3206e+00 +7.6358e-01 +2.1194e+00 +4.0094e+00 -1.5871e+00 +2.8129e+00
5414 +2.753159366e+00 +2.753159366e+00 -8.876684063e+01 -8.876684063e+01 -2.8744e+00 +3.1640e+00 -1.1737e+00 +2.6595e+00 +2.3358e+00 +1.7927e+00 +4.2459e+00 +2.6280e+00 -6.1853e-01 +2.5908e+00
6254 +1.831502547e+00 +1.831502547e+00 -8.968849745e+01 -8.968849745e+01 -2.2909e+00 +2.5941e+00 -1.2702e+00 +3.6414e+00 +2.2832e+00 +1.6634e+00 +3.5763e+00 +2.6720e+00 -1.8372e+00 +2.7933e+00
9266 +1.336427671e+00 +1.336427671e+00 -9.018357233e+01 -9.018357233e+01 -1.9950e+00 +3.0392e+00 -7.7584e-01 +2.8742e+00 +2.1366e+00 +1.2220e+00 +3.5044e+00 +2.5569e+00 -1.6497e+00 +2.5566e+00
12455 +5.650275974e-01 +5.650275974e-01 -9.095497240e+01 -9.095497240e+01 -2.1073e+00 +2.5204e+00 -1.1289e+00 +3.3045e+00 +2.2362e+00 +1.6155e+00 +3.6163e+00 +2.4866e+00 -1.7564e+00 +2.5237e+00
15253 +2.869223619e-01 +2.869223619e-01 -9.123307764e+01 -9.123307764e+01 -2.2280e+00 +2.6556e+00 -8.5088e-01 +3.3623e+00 +2.2808e+00 +1.5498e+00 +3.5370e+00 +2.5513e+00 -1.5444e+00 +2.5870e+00
16305 +1.855515576e-01 +1.855515576e-01 -9.133444844e+01 -9.133444844e+01 -2.2269e+00 +2.6991e+00 -7.3004e-01 +3.1877e+00 +2.2426e+00 +1.4787e+00 +3.5467e+00 +2.4758e+00 -1.5989e+00 +2.4516e+00
16471 +1.102960364e-01 +1.102960364e-01 -9.140970396e+01 -9.140970396e+01 -2.4841e+00 +2.7504e+00 -8.4671e-01 +3.3766e+00 +2.2421e+00 +1.5479e+00 +3.3952e+00 +2.6984e+00 -1.5081e+00 +2.5985e+00
17056 +9.976913236e-02 +9.976913236e-02 -9.142023087e+01 -9.142023087e+01 -2.3254e+00 +2.6556e+00 -7.8133e-01 +3.3623e+00 +2.2808e+00 +1.5233e+00 +3.5370e+00 +2.5112e+00 -1.5894e+00 +2.5258e+00
17453 +5.763811759e-02 +5.763811759e-02 -9.146236188e+01 -9.146236188e+01 -2.4442e+00 +2.8931e+00 -7.7553e-01 +3.2760e+00 +2.2518e+00 +1.4943e+00 +3.2573e+00 +2.7270e+00 -1.7104e+00 +2.6117e+00
20026 +3.881723167e-02 +3.881723167e-02 -9.148118277e+01 -9.148118277e+01 -2.4581e+00 +2.8225e+00 -7.7057e-01 +3.3755e+00 +2.2643e+00 +1.5003e+00 +3.2857e+00 +2.7325e+00 -1.6689e+00 +2.5994e+00
21915 +2.126352543e-02 +2.126352543e-02 -9.149873647e+01 -9.149873647e+01 -2.3948e+00 +2.7504e+00 -9.3160e-01 +3.3490e+00 +2.2722e+00 +1.4922e+00 +3.3362e+00 +2.6984e+00 -1.7367e+00 +2.6781e+00
28762 +1.577111518e-02 +1.577111518e-02 -9.150422888e+01 -9.150422888e+01 -2.4216e+00 +2.8188e+00 -8.1823e-01 +3.2419e+00 +2.2424e+00 +1.4711e+00 +3.3421e+00 +2.6690e+00 -1.7277e+00 +2.6324e+00
30117 +4.264115887e-07 +4.264115887e-07 -9.151999957e+01 -9.151999957e+01 -2.3776e+00 +2.7861e+00 -8.8821e-01 +3.2378e+00 +2.2582e+00 +1.4883e+00 +3.4125e+00 +2.6767e+00 -1.6926e+00 +2.6384e+00
30201 +2.876185761e-07 +2.876185761e-07 -9.151999971e+01 -9.151999971e+01 -2.3776e+00 +2.7861e+00 -8.9333e-01 +3.2211e+00 +2.2582e+00 +1.4883e+00 +3.4125e+00 +2.6481e+00 -1.6926e+00 +2.6384e+00
31151 +1.679519670e-07 +1.679519670e-07 -9.151999983e+01 -9.151999983e+01 -2.3840e+00 +2.7861e+00 -8.6312e-01 +3.2211e+00 +2.2713e+00 +1.5125e+00 +3.4295e+00 +2.6481e+00 -1.6926e+00 +2.6384e+00
31551 +1.346760286e-07 +1.346760286e-07 -9.151999987e+01 -9.151999987e+01 -2.3840e+00 +2.7861e+00 -8.6097e-01 +3.2211e+00 +2.2666e+00 +1.5001e+00 +3.4295e+00 +2.6193e+00 -1.6836e+00 +2.6399e+00
32451 +3.134486803e-08 +3.134486803e-08 -9.151999997e+01 -9.151999997e+01 -2.3994e+00 +2.7850e+00 -8.7664e-01 +3.2240e+00 +2.2638e+00 +1.4952e+00 +3.4356e+00 +2.6185e+00 -1.6733e+00 +2.6576e+00
33906 +2.392297915e-09 +2.392297915e-09 -9.152000000e+01 -9.152000000e+01 -2.4223e+00 +2.7714e+00 -8.5059e-01 +3.2202e+00 +2.2547e+00 +1.4920e+00 +3.4272e+00 +2.6599e+00 -1.6895e+00 +2.6399e+00
% function evaluation | noise-free fitness - Fopt (2.263000000000e+01) | best noise-free fitness - Fopt | measured fitness | best measured fitness | x1 | x2...
1 +7.930062331e+02 +7.930062331e+02 +8.156362331e+02 +8.156362331e+02 -3.3117e-01 +2.5406e+00 +4.8553e+00 -1.9705e+00 -9.7083e-01 -2.1805e+00 +3.3486e+00 -1.9790e+00 -2.0861e+00 +4.5987e+00
4 +3.835016779e+02 +3.835016779e+02 +4.061316779e+02 +4.061316779e+02 -2.4134e+00 -4.6411e-01 -1.6675e+00 +3.5865e+00 +4.1879e+00 +8.0359e-01 -1.0226e+00 +2.0378e+00 +2.7059e+00 -4.0302e+00
10 +2.283460927e+02 +2.283460927e+02 +2.509760927e+02 +2.509760927e+02 -3.3706e+00 -2.9580e+00 +2.6351e+00 +3.4072e+00 +1.5453e+00 +3.6316e+00 +1.4288e+00 +6.0270e-01 +5.2826e-01 -4.8586e+00
30 +1.410256625e+02 +1.410256625e+02 +1.636556625e+02 +1.636556625e+02 +2.1419e-01 -2.6590e+00 +6.9388e-01 +1.6640e+00 +3.2123e+00 -1.8543e+00 +1.7496e-01 +1.7738e-01 +1.8784e+00 +7.3403e-01
51 +9.310257660e+01 +9.310257660e+01 +1.157325766e+02 +1.157325766e+02 +1.1832e+00 -2.6590e+00 +1.1442e+00 +1.6640e+00 +3.2123e+00 +1.6418e+00 +2.5627e+00 +1.7738e-01 +1.8784e+00 +7.3403e-01
564 +3.950872803e+01 +3.950872803e+01 +6.213872803e+01 +6.213872803e+01 +1.0655e+00 -9.7178e-01 +3.7037e+00 +8.6594e-01 +3.2380e+00 -1.1331e+00 +4.4002e+00 +2.3050e+00 +2.3596e+00 +8.7901e-01
1013 +2.067890111e+01 +2.067890111e+01 +4.330890111e+01 +4.330890111e+01 +2.2966e+00 -3.9508e+00 +3.5882e+00 +1.1598e+00 +3.1062e+00 +3.3479e+00 +2.6940e+00 +1.2876e+00 +3.8563e+00 +5.4930e-01
2001 +1.292199053e+01 +1.292199053e+01 +3.555199053e+01 +3.555199053e+01 +2.8083e+00 -4.7118e+00 +3.6035e+00 +1.9624e+00 +5.0555e+00 +3.4552e+00 +2.0168e+00 -6.6480e-01 +3.0164e+00 +8.9255e-01
2056 +9.880904779e+00 +9.880904779e+00 +3.251090478e+01 +3.251090478e+01 +3.4964e+00 -4.8269e+00 +2.9121e+00 +2.4011e+00 +4.5997e+00 +3.2389e+00 +2.5491e+00 -1.1699e+00 +3.7754e+00 +1.6096e+00
3151 +6.102895647e+00 +6.102895647e+00 +2.873289565e+01 +2.873289565e+01 +3.2019e+00 -4.6738e+00 +2.5684e+00 +3.0890e+00 +2.3538e+00 +2.8063e+00 +4.4236e+00 -1.7684e+00 +3.1357e+00 +2.3569e+00
3553 +3.584868923e+00 +3.584868923e+00 +2.621486892e+01 +2.621486892e+01 +2.8885e+00 -3.8101e+00 +2.8811e+00 +3.1245e+00 +2.6493e+00 +2.6959e+00 +4.1434e+00 -9.3202e-01 +3.1541e+00 +2.6109e+00
5762 +2.374490964e+00 +2.374490964e+00 +2.500449096e+01 +2.500449096e+01 +2.5725e+00 -3.7090e+00 +3.3681e+00 +2.9403e+00 +3.5506e+00 +3.9323e+00 +3.7376e+00 -9.0625e-01 +3.8589e+00 +1.8546e+00
6625 +1.442731050e+00 +1.442731050e+00 +2.407273105e+01 +2.407273105e+01 +2.4237e+00 -3.4612e+00 +3.7388e+00 +3.0797e+00 +2.7662e+00 +4.0555e+00 +3.6566e+00 -1.1431e-01 +3.9581e+00 +1.9942e+00
7908 +3.892360815e-01 +3.892360815e-01 +2.301923608e+01 +2.301923608e+01 +2.7532e+00 -3.8062e+00 +3.5794e+00 +2.8310e+00 +3.3066e+00 +3.8375e+00 +3.6231e+00 -3.8842e-01 +3.9360e+00 +2.1644e+00
10458 +2.301211969e-01 +2.301211969e-01 +2.286012120e+01 +2.286012120e+01 +2.6756e+00 -3.6987e+00 +3.4405e+00 +2.9667e+00 +3.0987e+00 +3.7990e+00 +3.6765e+00 -2.9520e-01 +3.8953e+00 +2.2579e+00
11305 +1.152210626e-01 +1.152210626e-01 +2.274522106e+01 +2.274522106e+01 +2.7572e+00 -3.5104e+00 +3.4286e+00 +2.8942e+00 +3.0728e+00 +3.5890e+00 +3.8707e+00 -2.4704e-01 +3.9839e+00 +2.2622e+00
11804 +6.724208673e-02 +6.724208673e-02 +2.269724209e+01 +2.269724209e+01 +2.7774e+00 -3.6092e+00 +3.5208e+00 +2.7754e+00 +3.1618e+00 +3.5083e+00 +3.8826e+00 -1.4926e-01 +3.9357e+00 +2.0716e+00
12263 +6.194122491e-02 +6.194122491e-02 +2.269194122e+01 +2.269194122e+01 +2.7842e+00 -3.5524e+00 +3.4678e+00 +2.8596e+00 +3.1106e+00 +3.5934e+00 +3.8757e+00 -2.0548e-01 +3.9634e+00 +2.1812e+00
13961 +3.922705672e-02 +3.922705672e-02 +2.266922706e+01 +2.266922706e+01 +2.8115e+00 -3.7216e+00 +3.4164e+00 +2.8029e+00 +3.2357e+00 +3.5011e+00 +3.8368e+00 -2.3075e-01 +3.8655e+00 +2.0828e+00
14237 +1.552329879e-02 +1.552329879e-02 +2.264552330e+01 +2.264552330e+01 +2.7668e+00 -3.6861e+00 +3.4089e+00 +2.7952e+00 +3.2252e+00 +3.5379e+00 +3.7859e+00 -3.4444e-01 +3.8875e+00 +2.0631e+00
17566 +8.076054553e-03 +8.076054553e-03 +2.263807605e+01 +2.263807605e+01 +2.8057e+00 -3.6582e+00 +3.4184e+00 +2.7971e+00 +3.2247e+00 +3.5810e+00 +3.8122e+00 -2.5098e-01 +3.9641e+00 +2.0857e+00
17820 +1.873851261e-07 +1.873851261e-07 +2.263000019e+01 +2.263000019e+01 +2.8015e+00 -3.6778e+00 +3.4362e+00 +2.8000e+00 +3.2248e+00 +3.5507e+00 +3.8253e+00 -2.4769e-01 +3.9372e+00 +2.1153e+00
17903 +1.033282793e-07 +1.033282793e-07 +2.263000010e+01 +2.263000010e+01 +2.7904e+00 -3.6399e+00 +3.4315e+00 +2.7934e+00 +3.2183e+00 +3.5715e+00 +3.8043e+00 -2.5290e-01 +3.9286e+00 +2.1194e+00
18051 +5.174647555e-08 +5.174647555e-08 +2.263000005e+01 +2.263000005e+01 +2.7872e+00 -3.6164e+00 +3.4315e+00 +2.8130e+00 +3.2183e+00 +3.5715e+00 +3.8043e+00 -2.5290e-01 +3.9502e+00 +2.1194e+00
18180 +1.957355877e-08 +1.957355877e-08 +2.263000002e+01 +2.263000002e+01 +2.7704e+00 -3.6480e+00 +3.4169e+00 +2.8138e+00 +3.1930e+00 +3.5807e+00 +3.8043e+00 -2.9040e-01 +3.9392e+00 +2.0924e+00
18702 +1.407293837e-08 +1.407293837e-08 +2.263000001e+01 +2.263000001e+01 +2.7704e+00 -3.6480e+00 +3.4169e+00 +2.8197e+00 +3.1955e+00 +3.5807e+00 +3.8036e+00 -2.7966e-01 +3.9392e+00 +2.0924e+00
18852 +2.919787079e-09 +2.919787079e-09 +2.263000000e+01 +2.263000000e+01 +2.7570e+00 -3.6645e+00 +3.4112e+00 +2.7932e+00 +3.1850e+00 +3.5674e+00 +3.7993e+00 -2.7607e-01 +3.9361e+00 +2.0861e+00
% function evaluation | noise-free fitness - Fopt (1.554000000000e+01) | best noise-free fitness - Fopt | measured fitness | best measured fitness | x1 | x2...
1 +8.822697332e+02 +8.822697332e+02 +8.978097332e+02 +8.978097332e+02 -4.5405e+00 -2.6372e+00 +3.6090e+00 +2.4275e+00 +1.0021e+00 -2.2130e+00 -1.4147e+00 -9.6936e-01 -7.0882e-01 -4.6732e+00
8 +5.630576895e+02 +5.630576895e+02 +5.785976895e+02 +5.785976895e+02 -1.5819e+00 +4.2967e+00 +3.6208e+00 +2.0694e+00 -3.2490e-01 -1.4793e+00 +2.7421e+00 -3.9857e+00 -5.0439e-01 -2.2762e+00
9 +1.760569101e+02 +1.760569101e+02 +1.915969101e+02 +1.915969101e+02 -2.3117e+00 -1.8966e+00 +3.0715e+00 -1.2006e+00 +4.8785e-01 -9.3285e-01 +6.0900e-01 +1.4988e+00 -4.3772e+00 +9.6026e-01
116 +1.019323184e+02 +1.019323184e+02 +1.174723184e+02 +1.174723184e+02 -1.5819e+00 -2.3104e+00 +3.6208e+00 -1.8949e+00 -3.2490e-01 +2.5964e-01 +1.2814e+00 -1.7502e+00 -5.0439e-01 -2.2762e+00
515 +6.514043762e+01 +6.514043762e+01 +8.068043762e+01 +8.068043762e+01 -5.6717e-01 -1.1194e+00 +2.8618e+00 +4.0248e-01 -3.8508e+00 +3.1203e-01 -1.6838e-01 -1.0878e-01 -5.4866e-01 -1.8035e+00
1005 +4.004471702e+01 +4.004471702e+01 +5.558471702e+01 +5.558471702e+01 -3.4423e+00 -1.1511e+00 +5.2128e-02 +1.2225e+00 -6.2838e+00 -4.1453e+00 +1.1134e-01 +4.8215e-01 +2.7654e+00 -1.8029e+00
1120 +3.913155249e+01 +3.913155249e+01 +5.467155249e+01 +5.467155249e+01 -4.8069e-01 -3.1194e+00 +6.2278e-02 +4.0333e-01 -6.9929e-01 -3.5954e+00 -6.4756e-01 +2.7259e+00 +3.3156e+00 +8.8332e-01
1386 +1.816802739e+01 +1.816802739e+01 +3.370802739e+01 +3.370802739e+01 -2.8729e+00 -2.1408e+00 -8.0036e-01 +8.2145e-01 -2.9975e+00 -3.4300e+00 +3.0796e-01 +3.6206e+00 +3.0779e+00 -3.3713e+00
1651 +1.388358490e+01 +1.388358490e+01 +2.942358490e+01 +2.942358490e+01 -2.8729e+00 -2.1408e+00 -8.0036e-01 +1.3888e+00 -2.9975e+00 -1.2235e+00 +3.0796e-01 +3.6206e+00 +4.2986e+00 -3.3713e+00
2604 +8.691414665e+00 +8.691414665e+00 +2.423141467e+01 +2.423141467e+01 -2.0399e+00 -2.4308e+00 +5.8111e-01 +1.0929e+00 -2.8784e+00 -1.9772e+00 -1.7881e-01 +3.3316e+00 +4.1726e+00 -3.2060e+00
3113 +5.600807230e+00 +5.600807230e+00 +2.114080723e+01 +2.114080723e+01 -1.5147e+00 -2.0357e+00 +3.9674e-01 +1.7095e+00 -3.7573e+00 -2.4432e+00 -1.2565e+00 +4.5630e+00 +3.9068e+00 -3.1239e+00
3160 +3.411514690e+00 +3.411514690e+00 +1.895151469e+01 +1.895151469e+01 -1.7833e+00 -2.1286e+00 +7.2044e-01 +1.5737e+00 -3.6317e+00 -2.3066e+00 +4.0009e-01 +4.1097e+00 +4.0930e+00 -3.7322e+00
5091 +2.399041716e+00 +2.399041716e+00 +1.793904172e+01 +1.793904172e+01 -1.3760e+00 -2.6269e+00 +8.4286e-01 +1.2355e+00 -2.6074e+00 -1.8183e+00 +1.9749e-01 +4.8369e+00 +3.5621e+00 -3.3949e+00
5178 +1.100583784e+00 +1.100583784e+00 +1.664058378e+01 +1.664058378e+01 -1.3136e+00 -2.1308e+00 +1.0139e+00 +1.1611e+00 -3.3592e+00 -2.1442e+00 -3.1101e-02 +3.4138e+00 +3.3928e+00 -3.1515e+00
5401 +8.830484947e-01 +8.830484947e-01 +1.642304849e+01 +1.642304849e+01 -1.3136e+00 -2.3629e+00 +1.1412e+00 +9.7564e-01 -2.9029e+00 -1.5603e+00 -3.1101e-02 +3.7472e+00 +3.3928e+00 -3.1237e+00
8751 +5.909915370e-01 +5.909915370e-01 +1.613099154e+01 +1.613099154e+01 -1.7120e+00 -2.1030e+00 +7.8404e-01 +1.2507e+00 -3.4503e+00 -2.4382e+00 +1.4681e-01 +3.6579e+00 +3.1530e+00 -2.9127e+00
12752 +3.485464473e-01 +3.485464473e-01 +1.588854645e+01 +1.588854645e+01 -1.8040e+00 -1.9731e+00 +8.2916e-01 +1.2945e+00 -3.3869e+00 -2.0162e+00 +6.9117e-02 +3.8391e+00 +3.1252e+00 -3.2213e+00
13831 +2.293119495e-01 +2.293119495e-01 +1.576931195e+01 +1.576931195e+01 -1.6432e+00 -2.0090e+00 +8.4405e-01 +1.2667e+00 -3.1580e+00 -1.9260e+00 +1.0457e-01 +3.5350e+00 +3.1451e+00 -3.2393e+00
14302 +8.662488301e-02 +8.662488301e-02 +1.562662488e+01 +1.562662488e+01 -1.5378e+00 -2.0749e+00 +9.2295e-01 +1.2407e+00 -3.1577e+00 -1.9095e+00 +1.6803e-02 +3.6001e+00 +3.1252e+00 -3.1980e+00
16401 +5.887777591e-02 +5.887777591e-02 +1.559887778e+01 +1.559887778e+01 -1.5114e+00 -1.9724e+00 +9.8772e-01 +1.2615e+00 -3.2742e+00 -2.0761e+00 -5.6049e-02 +3.5978e+00 +3.1141e+00 -3.1534e+00
17969 +1.994660082e-02 +1.994660082e-02 +1.555994660e+01 +1.555994660e+01 -1.5567e+00 -2.0420e+00 +8.6332e-01 +1.2585e+00 -3.1967e+00 -2.0429e+00 +2.2994e-02 +3.6395e+00 +3.2366e+00 -3.1349e+00
19678 +1.277138274e-02 +1.277138274e-02 +1.555277138e+01 +1.555277138e+01 -1.5745e+00 -2.0649e+00 +8.3190e-01 +1.2553e+00 -3.1844e+00 -2.0456e+00 -2.5499e-02 +3.6627e+00 +3.2581e+00 -3.1140e+00
20077 +3.258425156e-07 +3.258425156e-07 +1.554000033e+01 +1.554000033e+01 -1.5543e+00 -2.0389e+00 +8.7921e-01 +1.2696e+00 -3.2205e+00 -2.0684e+00 -5.0570e-02 +3.5579e+00 +3.2493e+00 -3.1361e+00
22253 +1.207907623e-07 +1.207907623e-07 +1.554000012e+01 +1.554000012e+01 -1.5683e+00 -2.0441e+00 +8.3759e-01 +1.2744e+00 -3.2499e+00 -2.0759e+00 -5.1926e-02 +3.5441e+00 +3.2206e+00 -3.1156e+00
23101 +7.765758347e-08 +7.765758347e-08 +1.554000008e+01 +1.554000008e+01 -1.5708e+00 -2.0451e+00 +8.3759e-01 +1.2744e+00 -3.2499e+00 -2.1110e+00 -4.3970e-02 +3.5695e+00 +3.2128e+00 -3.1205e+00
23303 +8.352474268e-09 +8.352474268e-09 +1.554000001e+01 +1.554000001e+01 -1.5543e+00 -2.0389e+00 +8.7921e-01 +1.2696e+00 -3.2748e+00 -2.0779e+00 -5.0570e-02 +3.5579e+00 +3.2493e+00 -3.1285e+00
% function evaluation | noise-free fitness - Fopt (-3.765100000000e+02) | best noise-free fitness - Fopt | measured fitness | best measured fitness | x1 | x2...
1 +1.496635287e+03 +1.496635287e+03 +1.120125287e+03 +1.120125287e+03 +4.3850e-02 -1.5775e+00 -1.2451e+00 -9.5073e-01 -2.9561e+00 +1.9463e+00 +2.6640e+00 -1.2805e+00 -3.6221e+00 -3.0813e+00
2 +1.168130173e+02 +1.168130173e+02 -2.596969827e+02 -2.596969827e+02 -7.4378e-02 +1.9116e+00 +2.4807e+00 +2.6106e+00 +3.3704e+00 +6.2730e-01 +4.2398e+00 -4.1360e+00 +6.9481e-01 -2.5137e-01
205 +9.004228313e+01 +9.004228313e+01 -2.864677169e+02 -2.864677169e+02 -1.5509e+00 +3.1190e+00 +4.4986e+00 +3.6160e-01 +3.3165e+00 +2.9877e+00 +1.1537e+00 -5.4774e+00 -6.3118e-01 +1.8612e+00
404 +5.890722751e+01 +5.890722751e+01 -3.176027725e+02 -3.176027725e+02 -9.2266e-01 +1.9116e+00 +2.4807e+00 +1.6579e+00 +4.4877e+00 +3.1093e+00 +4.2398e+00 -4.1360e+00 +1.0116e+00 -2.5137e-01
983 +3.413594193e+01 +3.413594193e+01 -3.423740581e+02 -3.423740581e+02 -3.1792e+00 +3.1663e+00 +4.1178e-01 +9.6013e-01 +2.0858e+00 +7.3210e-01 +4.0972e+00 -2.9572e+00 -5.8905e-01 +1.2344e+00
1894 +2.007543889e+01 +2.007543889e+01 -3.564345611e+02 -3.564345611e+02 -2.8734e+00 +2.1569e+00 +2.5541e+00 +1.1898e+00 +3.4549e+00 +1.5748e+00 +3.3669e+00 -4.9203e+00 -1.1234e+00 -1.0099e+00
3103 +7.267594283e+00 +7.267594283e+00 -3.692424057e+02 -3.692424057e+02 -2.9367e+00 +1.4373e+00 +6.7626e-02 +1.3274e+00 +4.1426e+00 -1.3967e-01 +3.9068e+00 -2.8754e+00 -2.5747e+00 -3.8081e-01
3214 +6.198920433e+00 +6.198920433e+00 -3.703110796e+02 -3.703110796e+02 -2.1721e+00 +2.1634e+00 +1.6398e+00 +2.3338e+00 +4.3563e+00 -5.8717e-01 +2.6246e+00 -2.8585e+00 -2.0469e+00 +1.2850e-01
4158 +3.830114628e+00 +3.830114628e+00 -3.726798854e+02 -3.726798854e+02 -2.1919e+00 +1.7210e+00 +1.1371e+00 +2.6294e+00 +3.9676e+00 -1.4162e+00 +2.6143e+00 -2.2090e+00 -1.7733e+00 +3.3491e-01
8175 +2.393825063e+00 +2.393825063e+00 -3.741161749e+02 -3.741161749e+02 -3.3994e+00 +1.6774e+00 +7.7608e-01 +1.6641e+00 +2.6884e+00 -1.6816e+00 +2.8677e+00 -2.8944e+00 -2.5556e+00 -5.0486e-01
10108 +1.325055726e+00 +1.325055726e+00 -3.751849443e+02 -3.751849443e+02 -2.6203e+00 +1.7726e+00 +9.0486e-01 +1.9179e+00 +2.7811e+00 -1.3387e+00 +2.9204e+00 -2.9717e+00 -1.3294e+00 -3.4837e-01
10965 +7.443694179e-01 +7.443694179e-01 -3.757656306e+02 -3.757656306e+02 -2.7475e+00 +1.5676e+00 +4.8277e-01 +2.0241e+00 +3.3846e+00 -1.6643e+00 +2.8576e+00 -2.5014e+00 -2.0478e+00 -2.8740e-01
12903 +4.897654941e-01 +4.897654941e-01 -3.760202345e+02 -3.760202345e+02 -2.7233e+00 +1.7293e+00 +1.1547e+00 +1.8049e+00 +2.8650e+00 -1.4704e+00 +2.4435e+00 -3.2329e+00 -1.4780e+00 -4.5596e-01
16086 +3.539207169e-01 +3.539207169e-01 -3.761560793e+02 -3.761560793e+02 -2.9877e+00 +1.7184e+00 +1.2918e+00 +1.3999e+00 +2.8205e+00 -9.9707e-01 +2.9809e+00 -3.4191e+00 -1.4870e+00 -4.4413e-01
18053 +2.295537822e-01 +2.295537822e-01 -3.762804462e+02 -3.762804462e+02 -2.8292e+00 +1.7713e+00 +1.1709e+00 +1.7279e+00 +2.9814e+00 -1.4131e+00 +2.5927e+00 -3.3172e+00 -1.6177e+00 -3.7506e-01
19902 +1.468902197e-01 +1.468902197e-01 -3.763631098e+02 -3.763631098e+02 -2.9716e+00 +1.7797e+00 +1.2609e+00 +1.6279e+00 +2.8712e+00 -1.2376e+00 +2.7176e+00 -3.3205e+00 -1.6196e+00 -4.2089e-01
21355 +9.934951845e-02 +9.934951845e-02 -3.764106505e+02 -3.764106505e+02 -2.8857e+00 +1.8979e+00 +1.1971e+00 +1.4492e+00 +2.7627e+00 -1.1830e+00 +2.6671e+00 -3.3983e+00 -1.4203e+00 -3.8230e-01
25307 +5.669031552e-02 +5.669031552e-02 -3.764533097e+02 -3.764533097e+02 -2.8446e+00 +1.7769e+00 +1.0824e+00 +1.5492e+00 +2.9376e+00 -1.1830e+00 +2.7058e+00 -3.2264e+00 -1.6018e+00 -3.3306e-01
28227 +2.151668613e-02 +2.151668613e-02 -3.764884833e+02 -3.764884833e+02 -2.9353e+00 +1.8092e+00 +1.0545e+00 +1.6037e+00 +3.0332e+00 -1.2397e+00 +2.7600e+00 -3.1951e+00 -1.8066e+00 -3.3483e-01
31451 +1.019121642e-02 +1.019121642e-02 -3.764998088e+02 -3.764998088e+02 -2.9431e+00 +1.7100e+00 +1.0591e+00 +1.5421e+00 +3.0345e+00 -1.1780e+00 +2.8247e+00 -3.1537e+00 -1.8195e+00 -3.3291e-01
33860 +3.960186632e-07 +3.960186632e-07 -3.765099996e+02 -3.765099996e+02 -2.9339e+00 +1.7748e+00 +1.0841e+00 +1.5439e+00 +3.0078e+00 -1.1784e+00 +2.8089e+00 -3.1986e+00 -1.7358e+00 -3.3061e-01
36381 +2.262868293e-07 +2.262868293e-07 -3.765099998e+02 -3.765099998e+02 -2.9263e+00 +1.7786e+00 +1.1213e+00 +1.5194e+00 +3.0083e+00 -1.1935e+00 +2.7528e+00 -3.2398e+00 -1.7027e+00 -3.3522e-01
36808 +1.188016654e-07 +1.188016654e-07 -3.765099999e+02 -3.765099999e+02 -2.9629e+00 +1.7620e+00 +1.0861e+00 +1.5358e+00 +2.9838e+00 -1.1833e+00 +2.7738e+00 -3.2397e+00 -1.7455e+00 -3.6389e-01
36918 +6.292873422e-08 +6.292873422e-08 -3.765099999e+02 -3.765099999e+02 -2.9496e+00 +1.7657e+00 +1.0957e+00 +1.5491e+00 +2.9738e+00 -1.1906e+00 +2.8021e+00 -3.2312e+00 -1.7121e+00 -3.4641e-01
37610 +2.577490932e-08 +2.577490932e-08 -3.765100000e+02 -3.765100000e+02 -2.9487e+00 +1.7379e+00 +1.0870e+00 +1.5286e+00 +2.9819e+00 -1.1784e+00 +2.8089e+00 -3.2321e+00 -1.7315e+00 -3.4513e-01
38103 +9.709879123e-09 +9.709879123e-09 -3.765100000e+02 -3.765100000e+02 -2.9496e+00 +1.7657e+00 +1.0957e+00 +1.5491e+00 +2.9791e+00 -1.1906e+00 +2.8021e+00 -3.2330e+00 -1.7217e+00 -3.5168e-01
% function evaluation | noise-free fitness - Fopt (3.960400000000e+02) | best noise-free fitness - Fopt | measured fitness | best measured fitness | x1 | x2...
1 +1.908661154e+03 +1.908661154e+03 +2.304701154e+03 +2.304701154e+03 -1.4498e+00 +2.1125e+00 -3.1672e+00 -2.4343e+00 -4.5509e+00 +1.8706e+00 -3.1001e+00 +5.3496e-01 -1.0869e+00 -4.9384e+00
2 +6.491366579e+02 +6.491366579e+02 +1.045176658e+03 +1.045176658e+03 +1.6280e-01 +3.1277e+00 +4.1642e+00 +2.5836e+00 -2.3654e+00 +3.0245e+00 -4.4498e+00 +3.6575e+00 +4.1680e+00 +1.6258e+00
25 +1.771625696e+02 +1.771625696e+02 +5.732025696e+02 +5.732025696e+02 +9.0583e-01 -2.9362e+00 +7.4494e-01 +3.7388e+00 +4.4509e+00 +2.8783e+00 +4.1861e-01 +9.4465e-03 -1.7747e+00 +2.9458e+00
205 +7.544168618e+01 +7.544168618e+01 +4.714816862e+02 +4.714816862e+02 +2.1945e-01 -3.0460e+00 +1.9561e+00 +2.7195e+00 +8.4916e-01 +3.5711e+00 -3.2571e+00 +2.1039e+00 +2.2263e+00 +3.1093e+00
951 +4.854101445e+01 +4.854101445e+01 +4.445810144e+02 +4.445810144e+02 +2.4458e-01 -2.8010e+00 -9.0220e-02 +2.0725e+00 +7.6150e-01 +3.9619e+00 -6.4804e+00 +2.7718e+00 -9.5113e-01 -1.5657e+00
1207 +3.482400900e+01 +3.482400900e+01 +4.308640090e+02 +4.308640090e+02 +1.7157e+00 -3.9854e+00 -2.2465e+00 +3.3442e+00 +9.2460e-01 +3.9022e+00 -3.5694e+00 +1.9179e+00 -8.3910e-01 +1.2670e+00
1401 +1.882308599e+01 +1.882308599e+01 +4.148630860e+02 +4.148630860e+02 -4.4501e-02 -2.0546e+00 +5.0274e-01 +2.9115e+00 +1.1055e-01 +3.8879e+00 -3.3826e+00 +1.5239e+00 +1.0209e+00 -1.1890e-01
3614 +1.390204097e+01 +1.390204097e+01 +4.099420410e+02 +4.099420410e+02 -3.8528e-01 -3.5770e+00 -7.6470e-02 +2.1292e+00 -9.2741e-01 +2.5547e+00 -4.8349e+00 +2.4942e+00 +4.7408e-01 +8.5858e-01
4361 +8.777510008e+00 +8.777510008e+00 +4.048175100e+02 +4.048175100e+02 -1.1451e+00 -3.2223e+00 -4.4591e-01 +2.9080e+00 -2.1028e+00 +3.4103e+00 -2.6848e+00 +2.3871e+00 +1.5358e+00 +2.2481e+00
5201 +5.528176605e+00 +5.528176605e+00 +4.015681766e+02 +4.015681766e+02 -1.2250e+00 -2.8272e+00 -7.9546e-01 +3.0692e+00 -1.5234e+00 +3.4862e+00 -3.4425e+00 +3.6680e+00 +2.1657e+00 +1.3798e+00
6054 +3.440592076e+00 +3.440592076e+00 +3.994805921e+02 +3.994805921e+02 -1.4916e+00 -3.1549e+00 -4.9614e-01 +2.5086e+00 -2.4990e+00 +3.0790e+00 -4.6569e+00 +3.3596e+00 +1.7912e+00 +1.1096e+00
8613 +2.375152739e+00 +2.375152739e+00 +3.984151527e+02 +3.984151527e+02 -2.4179e+00 -3.2654e+00 -4.2619e-01 +2.6279e+00 -3.5908e+00 +2.4294e+00 -4.5241e+00 +3.4265e+00 +1.5975e+00 +1.1292e+00
13401 +1.525113020e+00 +1.525113020e+00 +3.975651130e+02 +3.975651130e+02 -2.3969e+00 -3.1038e+00 -1.2882e+00 +3.0459e+00 -3.4196e+00 +3.2035e+00 -3.6108e+00 +4.2452e+00 +2.6732e+00 +1.6919e+00
15301 +8.517062370e-01 +8.517062370e-01 +3.968917062e+02 +3.968917062e+02 -2.9351e+00 -3.5092e+00 -7.8702e-01 +2.9656e+00 -4.1026e+00 +2.7923e+00 -3.9107e+00 +3.6975e+00 +2.2153e+00 +1.9577e+00
18658 +6.025885833e-01 +6.025885833e-01 +3.966425886e+02 +3.966425886e+02 -2.5156e+00 -3.5717e+00 -2.3791e-01 +2.7759e+00 -3.7682e+00 +2.3663e+00 -4.3864e+00 +3.5955e+00 +1.8873e+00 +1.5679e+00
20201 +2.045832909e-01 +2.045832909e-01 +3.962445833e+02 +3.962445833e+02 -2.8625e+00 -3.5092e+00 -7.8702e-01 +2.9051e+00 -4.1026e+00 +2.5815e+00 -3.9107e+00 +3.8248e+00 +2.2153e+00 +1.9093e+00
22610 +1.210131702e-01 +1.210131702e-01 +3.961610132e+02 +3.961610132e+02 -2.5936e+00 -3.4720e+00 -7.7612e-01 +2.9275e+00 -3.7396e+00 +2.6813e+00 -3.8627e+00 +3.7799e+00 +2.0348e+00 +1.8666e+00
26501 +6.398802457e-02 +6.398802457e-02 +3.961039880e+02 +3.961039880e+02 -2.6376e+00 -3.4720e+00 -6.9485e-01 +2.9350e+00 -3.7472e+00 +2.6813e+00 -3.8627e+00 +3.7397e+00 +2.0584e+00 +1.8666e+00
31063 +6.064936925e-02 +6.064936925e-02 +3.961006494e+02 +3.961006494e+02 -2.6290e+00 -3.4235e+00 -6.5603e-01 +2.8989e+00 -3.7575e+00 +2.7007e+00 -3.8980e+00 +3.7196e+00 +2.0675e+00 +1.8038e+00
31960 +2.220166085e-02 +2.220166085e-02 +3.960622017e+02 +3.960622017e+02 -2.6588e+00 -3.4803e+00 -5.9946e-01 +2.9058e+00 -3.9054e+00 +2.5980e+00 -3.9451e+00 +3.7193e+00 +2.0650e+00 +1.8067e+00
38359 +1.556548544e-02 +1.556548544e-02 +3.960555655e+02 +3.960555655e+02 -2.7596e+00 -3.4630e+00 -4.9227e-01 +2.8613e+00 -3.8800e+00 +2.5786e+00 -3.9831e+00 +3.6993e+00 +2.0969e+00 +1.8697e+00
40609 +8.794540263e-03 +8.794540263e-03 +3.960487945e+02 +3.960487945e+02 -2.7276e+00 -3.4807e+00 -5.2834e-01 +2.8543e+00 -3.8989e+00 +2.5587e+00 -3.9369e+00 +3.6655e+00 +2.1046e+00 +1.8655e+00
42352 +5.312655014e-03 +5.312655014e-03 +3.960453127e+02 +3.960453127e+02 -2.7275e+00 -3.4839e+00 -4.5625e-01 +2.8421e+00 -3.9014e+00 +2.5258e+00 -3.9295e+00 +3.6753e+00 +2.0796e+00 +1.8109e+00
43060 +1.444489612e-07 +1.444489612e-07 +3.960400001e+02 +3.960400001e+02 -2.7921e+00 -3.5196e+00 -3.9220e-01 +2.8214e+00 -3.9667e+00 +2.4920e+00 -3.9578e+00 +3.6394e+00 +2.0972e+00 +1.8425e+00
44252 +5.914756684e-08 +5.914756684e-08 +3.960400001e+02 +3.960400001e+02 -2.7756e+00 -3.5158e+00 -4.2738e-01 +2.8233e+00 -3.9563e+00 +2.5155e+00 -3.9461e+00 +3.6329e+00 +2.0963e+00 +1.8398e+00
44801 +4.853632163e-09 +4.853632163e-09 +3.960400000e+02 +3.960400000e+02 -2.7632e+00 -3.4881e+00 -4.2738e-01 +2.8154e+00 -3.9563e+00 +2.5022e+00 -3.9461e+00 +3.6329e+00 +2.0963e+00 +1.8398e+00
% function evaluation | noise-free fitness - Fopt (1.281100000000e+02) | best noise-free fitness - Fopt | measured fitness | best measured fitness | x1 | x2...
1 +2.987464681e+03 +2.987464681e+03 +3.115574681e+03 +3.115574681e+03 -1.1478e+00 +1.7284e+00 +3.2856e+00 -1.7231e+00 +2.1830e+00 +3.6687e+00 +3.2919e+00 +4.7927e+00 +2.8033e+00 -3.5919e+00
2 +9.400725578e+02 +9.400725578e+02 +1.068182558e+03 +1.068182558e+03 +3.0227e+00 -2.2382e+00 -4.9633e+00 +4.6254e+00 -3.1673e+00 -2.6527e+00 -2.2532e+00 +3.5360e+00 +1.9963e+00 +3.6900e-01
9 +2.169829960e+02 +2.169829960e+02 +3.450929960e+02 +3.450929960e+02 -2.2108e+00 -8.0454e-01 -4.7486e+00 +4.7654e+00 +8.1976e-01 +7.6982e-01 -3.4536e+00 -1.3525e+00 +1.1686e+00 -1.6265e+00
254 +1.547332669e+02 +1.547332669e+02 +2.828432669e+02 +2.828432669e+02 +1.2209e+00 +3.4888e+00 -2.1383e+00 +3.9502e+00 -1.7613e+00 +4.4100e+00 -5.8914e+00 -3.0424e+00 +6.1977e-01 +2.2119e+00
827 +9.102874985e+01 +9.102874985e+01 +2.191387499e+02 +2.191387499e+02 -5.8850e+00 +5.1516e+00 +2.5275e-01 +6.4887e+00 +6.4871e-01 -6.2456e-01 -2.8304e+00 -1.3159e+00 +3.7464e+00 +2.3385e+00
947 +5.981470852e+01 +5.981470852e+01 +1.879247085e+02 +1.879247085e+02 -6.7103e+00 +2.7668e+00 +1.5171e+00 +2.4759e+00 -2.8367e+00 +2.4783e+00 -4.1376e+00 -1.2981e+00 +5.5025e+00 +2.2403e+00
1820 +3.396688686e+01 +3.396688686e+01 +1.620768869e+02 +1.620768869e+02 -5.7286e+00 +4.3679e+00 -1.6659e+00 +4.0097e+00 -3.7542e-02 -5.8464e-02 -3.8754e+00 -7.5806e-01 +2.9544e+00 +1.7545e+00
2004 +2.060310953e+01 +2.060310953e+01 +1.487131095e+02 +1.487131095e+02 -5.4924e+00 +3.5206e+00 +1.4715e-01 +4.6018e+00 -2.9685e-01 +8.9765e-01 -3.6614e+00 -2.3078e+00 +2.4558e+00 +2.5444e+00
2955 +1.131289137e+01 +1.131289137e+01 +1.394228914e+02 +1.394228914e+02 -4.6103e+00 +3.1316e+00 -9.6108e-01 +2.4684e+00 -3.7542e-02 +4.0512e-01 -3.4331e+00 -1.5566e+00 +8.5573e-01 +2.3197e+00
4028 +8.898059973e+00 +8.898059973e+00 +1.370080600e+02 +1.370080600e+02 -4.3599e+00 +3.1608e+00 -9.0814e-01 +2.7675e+00 +2.5137e-01 +4.2652e-01 -3.3559e+00 -2.1546e+00 +5.4459e-01 +2.0657e+00
6351 +4.717025196e+00 +4.717025196e+00 +1.328270252e+02 +1.328270252e+02 -4.3599e+00 +2.7973e+00 -7.6031e-01 +3.0631e+00 +2.5137e-01 +4.2652e-01 -2.4747e+00 -2.1906e+00 +4.2179e-01 +3.2095e+00
8701 +3.857503528e+00 +3.857503528e+00 +1.319675035e+02 +1.319675035e+02 -4.1853e+00 +3.0395e+00 -2.7454e-01 +3.6791e+00 +5.2887e-01 +8.9174e-02 -2.4485e+00 -2.3364e+00 +2.2649e-01 +2.9168e+00
9855 +1.616591105e+00 +1.616591105e+00 +1.297265911e+02 +1.297265911e+02 -3.5479e+00 +8.4152e-01 -7.4964e-01 +2.6216e+00 +1.4037e+00 +1.2418e+00 -2.3603e+00 -2.7041e+00 -3.4196e-02 +2.8874e+00
14802 +1.388598969e+00 +1.388598969e+00 +1.294985990e+02 +1.294985990e+02 -2.9453e+00 +1.0452e+00 -1.1006e+00 +2.8349e+00 +1.1048e+00 +1.2662e+00 -2.0109e+00 -2.7984e+00 -4.7315e-01 +2.9944e+00
17901 +5.466614828e-01 +5.466614828e-01 +1.286566615e+02 +1.286566615e+02 -3.5491e+00 +1.0216e+00 -1.1938e+00 +2.3992e+00 +1.6542e+00 +8.2858e-01 -2.1355e+00 -2.3570e+00 -5.7252e-01 +3.0271e+00
19173 +3.581443680e-01 +3.581443680e-01 +1.284681444e+02 +1.284681444e+02 -3.5710e+00 +5.2381e-01 -1.2308e+00 +2.0961e+00 +1.7212e+00 +1.0002e+00 -1.9629e+00 -2.3743e+00 -6.7746e-01 +2.9891e+00
20105 +2.369500371e-01 +2.369500371e-01 +1.283469500e+02 +1.283469500e+02 -3.5491e+00 +4.9700e-01 -1.2257e+00 +2.3992e+00 +1.6542e+00 +1.0709e+00 -2.0535e+00 -2.4988e+00 -4.6671e-01 +2.8433e+00
20516 +1.496112056e-01 +1.496112056e-01 +1.282596112e+02 +1.282596112e+02 -3.6615e+00 +5.7319e-01 -1.1853e+00 +2.2633e+00 +1.5676e+00 +9.5849e-01 -2.1489e+00 -2.3892e+00 -5.2906e-01 +2.7397e+00
26774 +8.709899831e-02 +8.709899831e-02 +1.281970990e+02 +1.281970990e+02 -3.1856e+00 +4.5343e-01 -1.5374e+00 +2.2812e+00 +1.8614e+00 +1.0346e+00 -2.0405e+00 -2.4432e+00 -8.8964e-01 +2.8295e+00
28301 +5.419160134e-02 +5.419160134e-02 +1.281641916e+02 +1.281641916e+02 -3.2626e+00 +3.8864e-01 -1.4806e+00 +2.2457e+00 +1.8076e+00 +1.1161e+00 -2.0774e+00 -2.4726e+00 -8.7446e-01 +2.8757e+00
28705 +2.590109853e-02 +2.590109853e-02 +1.281359011e+02 +1.281359011e+02 -3.3426e+00 +4.4869e-01 -1.5374e+00 +2.2812e+00 +1.8614e+00 +9.8073e-01 -2.1258e+00 -2.4195e+00 -8.8964e-01 +2.8295e+00
31001 +1.450403097e-02 +1.450403097e-02 +1.281245040e+02 +1.281245040e+02 -3.3426e+00 +4.4869e-01 -1.5032e+00 +2.2812e+00 +1.8815e+00 +9.8073e-01 -2.1258e+00 -2.4195e+00 -8.4393e-01 +2.8295e+00
33770 +8.445418221e-03 +8.445418221e-03 +1.281184454e+02 +1.281184454e+02 -3.3785e+00 +4.2445e-01 -1.4782e+00 +2.2088e+00 +1.8776e+00 +1.0105e+00 -2.0878e+00 -2.4022e+00 -8.3291e-01 +2.8171e+00
35196 +2.057026904e-08 +2.057026904e-08 +1.281100000e+02 +1.281100000e+02 -3.4180e+00 +4.2410e-01 -1.4491e+00 +2.2256e+00 +1.8580e+00 +9.9527e-01 -2.0867e+00 -2.4422e+00 -8.2248e-01 +2.8152e+00
36241 +2.884007699e-09 +2.884007699e-09 +1.281100000e+02 +1.281100000e+02 -3.4077e+00 +3.9723e-01 -1.4204e+00 +2.2273e+00 +1.8680e+00 +1.0033e+00 -2.0846e+00 -2.4362e+00 -8.2711e-01 +2.8131e+00
% function evaluation | noise-free fitness - Fopt (-2.923500000000e+02) | best noise-free fitness - Fopt | measured fitness | best measured fitness | x1 | x2...
1 +1.004427835e+03 +1.004427835e+03 +7.120778355e+02 +7.120778355e+02 -1.8636e+00 +3.9046e+00 -9.4527e-01 -4.9324e-02 -1.2264e+00 -4.5459e+00 +5.0246e-01 +2.5134e+00 +4.8358e+00 +3.3019e+00
7 +6.754762768e+02 +6.754762768e+02 +3.831262768e+02 +3.831262768e+02 +7.4758e-01 -1.0170e+00 -2.8702e+00 -2.9832e+00 +2.8678e+00 +6.7087e-01 -1.7102e+00 -3.1295e+00 +1.6058e+00 -3.1250e+00
15 +2.293601697e+02 +2.293601697e+02 -6.298983029e+01 -6.298983029e+01 +2.1327e+00 -3.6330e+00 -1.8191e+00 +1.2095e+00 -1.3513e+00 -2.6837e+00 -2.0314e+00 -4.2165e+00 +3.3442e+00 +1.6419e+00
58 +6.188755665e+01 +6.188755665e+01 -2.304624433e+02 -2.304624433e+02 -6.1228e-01 -4.0980e+00 +5.2184e-01 +1.9912e+00 +2.4064e+00 -4.8655e-01 +4.9715e-01 +7.9819e-01 -1.1014e-01 -1.8910e+00
301 +3.978967929e+01 +3.978967929e+01 -2.525603207e+02 -2.525603207e+02 -1.0924e+00 -3.0279e+00 +5.2184e-01 +1.2952e+00 +2.4064e+00 -9.6753e-02 +4.9715e-01 +7.9819e-01 -1.1014e-01 -1.8910e+00
1240 +2.286226139e+01 +2.286226139e+01 -2.694877386e+02 -2.694877386e+02 -2.2686e+00 -1.9412e+00 -6.8485e-01 +1.2138e+00 +3.3140e+00 -1.3592e+00 +2.2619e-01 -5.4649e-01 -7.2443e-01 -1.6112e+00
1605 +1.427804806e+01 +1.427804806e+01 -2.780719519e+02 -2.780719519e+02 -1.2963e+00 -3.5778e+00 -8.3063e-02 +1.1665e+00 +4.0223e+00 -1.1481e+00 -2.5697e-01 +1.4083e+00 -2.4822e+00 -2.2916e+00
2169 +5.825151417e+00 +5.825151417e+00 -2.865248486e+02 -2.865248486e+02 -1.4196e+00 -3.5827e+00 +1.4842e+00 +1.2487e+00 +1.8605e+00 +3.9263e-01 -2.2038e+00 -3.6818e-01 -2.7949e-02 -3.1894e+00
4657 +2.878532179e+00 +2.878532179e+00 -2.894714678e+02 -2.894714678e+02 -1.7279e+00 -3.0085e+00 +1.5784e+00 +1.7006e+00 +3.4351e+00 +1.0692e+00 -3.2820e+00 -6.6696e-02 +2.3396e-02 -2.4543e+00
6753 +1.888865023e+00 +1.888865023e+00 -2.904611350e+02 -2.904611350e+02 -1.9657e+00 -2.9742e+00 +1.3879e+00 +1.5503e+00 +3.3859e+00 +5.9887e-01 -2.8938e+00 -3.7594e-01 -3.8874e-01 -2.6146e+00
9853 +1.548049239e+00 +1.548049239e+00 -2.908019508e+02 -2.908019508e+02 -1.6844e+00 -3.3335e+00 +1.0354e+00 +1.7865e+00 +3.5687e+00 +8.3663e-01 -3.3521e+00 -1.6317e-01 -4.6345e-01 -2.8671e+00
11751 +8.451184745e-01 +8.451184745e-01 -2.915048815e+02 -2.915048815e+02 -1.7910e+00 -3.5574e+00 +1.0404e+00 +1.5229e+00 +3.2673e+00 +1.1426e+00 -3.1922e+00 +1.8347e-01 -3.7805e-01 -3.0926e+00
16104 +4.959827210e-01 +4.959827210e-01 -2.918540173e+02 -2.918540173e+02 -1.6345e+00 -3.6326e+00 +9.7808e-01 +1.4904e+00 +3.2955e+00 +8.3663e-01 -3.0240e+00 +2.4094e-01 -3.1170e-01 -2.9516e+00
21417 +3.905760387e-01 +3.905760387e-01 -2.919594240e+02 -2.919594240e+02 -1.6455e+00 -3.4357e+00 +1.1960e+00 +1.6751e+00 +3.1162e+00 +8.4036e-01 -3.2231e+00 +3.7591e-02 -6.2293e-01 -3.1676e+00
22325 +1.587331983e-01 +1.587331983e-01 -2.921912668e+02 -2.921912668e+02 -1.9896e+00 -3.4052e+00 +1.0668e+00 +1.7898e+00 +2.7783e+00 +8.6745e-01 -3.0346e+00 -2.9093e-01 -7.0413e-01 -3.2201e+00
23451 +1.538441058e-01 +1.538441058e-01 -2.921961559e+02 -2.921961559e+02 -1.9896e+00 -3.4369e+00 +1.0668e+00 +1.7898e+00 +2.7783e+00 +9.1722e-01 -3.0710e+00 -2.9093e-01 -7.0413e-01 -3.2867e+00
26711 +8.824113395e-02 +8.824113395e-02 -2.922617589e+02 -2.922617589e+02 -1.9573e+00 -3.4115e+00 +1.1188e+00 +1.7419e+00 +2.6600e+00 +8.7157e-01 -3.0642e+00 -2.8393e-01 -6.5092e-01 -3.2468e+00
29652 +6.031935543e-02 +6.031935543e-02 -2.922896806e+02 -2.922896806e+02 -1.9406e+00 -3.3761e+00 +1.1504e+00 +1.7440e+00 +2.5905e+00 +8.9321e-01 -3.0086e+00 -3.4007e-01 -6.3571e-01 -3.3799e+00
32904 +2.893538495e-02 +2.893538495e-02 -2.923210646e+02 -2.923210646e+02 -1.8939e+00 -3.3458e+00 +1.2291e+00 +1.7433e+00 +2.6501e+00 +8.6343e-01 -3.1027e+00 -3.9174e-01 -5.6914e-01 -3.2637e+00
34912 +1.900392811e-02 +1.900392811e-02 -2.923309961e+02 -2.923309961e+02 -1.9493e+00 -3.3060e+00 +1.2550e+00 +1.7256e+00 +2.5180e+00 +9.0004e-01 -3.1183e+00 -4.7949e-01 -5.5294e-01 -3.3584e+00
38502 +8.726306427e-03 +8.726306427e-03 -2.923412737e+02 -2.923412737e+02 -1.9004e+00 -3.3696e+00 +1.2564e+00 +1.7180e+00 +2.5960e+00 +8.9522e-01 -3.1563e+00 -4.0133e-01 -6.2401e-01 -3.3431e+00
44614 +4.276547543e-07 +4.276547543e-07 -2.923499996e+02 -2.923499996e+02 -1.9091e+00 -3.3568e+00 +1.2603e+00 +1.7242e+00 +2.5611e+00 +9.0497e-01 -3.1760e+00 -4.2969e-01 -5.5294e-01 -3.3569e+00
44911 +2.257758069e-07 +2.257758069e-07 -2.923499998e+02 -2.923499998e+02 -1.9149e+00 -3.3656e+00 +1.2634e+00 +1.7339e+00 +2.5433e+00 +9.1510e-01 -3.1799e+00 -4.3870e-01 -5.9613e-01 -3.3625e+00
45570 +1.590660759e-08 +1.590660759e-08 -2.923500000e+02 -2.923500000e+02 -1.8919e+00 -3.3494e+00 +1.2736e+00 +1.7229e+00 +2.5226e+00 +9.1849e-01 -3.2087e+00 -4.7287e-01 -5.6969e-01 -3.3761e+00
46415 +5.669733127e-09 +5.669733127e-09 -2.923500000e+02 -2.923500000e+02 -1.9021e+00 -3.3593e+00 +1.2631e+00 +1.7305e+00 +2.5208e+00 +9.2159e-01 -3.2312e+00 -4.6476e-01 -5.4480e-01 -3.3725e+00
% function evaluation | noise-free fitness - Fopt (3.110100000000e+02) | best noise-free fitness - Fopt | measured fitness | best measured fitness | x1 | x2...
1 +1.328913206e+03 +1.328913206e+03 +1.639923206e+03 +1.639923206e+03 +4.4360e+00 -2.6975e+00 -4.6417e+00 +5.3632e-01 -2.6299e-01 -3.6225e+00 +3.0077e+00 -9.0341e-01 +2.1494e+00 -4.8873e+00
4 +3.894605233e+02 +3.894605233e+02 +7.004705233e+02 +7.004705233e+02 -1.2623e+00 -3.2131e+00 +4.7941e-01 +3.5526e+00 +4.9717e+00 +3.0225e+00 +2.1207e+00 -2.2758e+00 -8.6740e-01 -4.8856e-01
38 +1.868136959e+02 +1.868136959e+02 +4.978236959e+02 +4.978236959e+02 -3.7282e+00 -2.3993e+00 -3.0754e+00 -1.2895e+00 +4.7633e+00 -1.6870e+00 -1.8694e-01 +2.5629e+00 +1.9915e+00 +9.3305e-01
104 +1.581391059e+02 +1.581391059e+02 +4.691491059e+02 +4.691491059e+02 -1.8984e+00 -1.6916e+00 -3.9313e+00 -9.5129e-01 +7.2093e+00 -8.2335e-01 +9.8244e-01 +4.0438e+00 -4.2185e-01 -2.1026e+00
375 +8.853815236e+01 +8.853815236e+01 +3.995481524e+02 +3.995481524e+02 -1.5427e+00 -5.7921e+00 +1.7014e+00 -9.3648e-01 +5.0391e+00 -1.6082e+00 +2.8710e+00 +6.2076e-01 -1.6029e-01 -2.6069e+00
404 +4.987450963e+01 +4.987450963e+01 +3.608845096e+02 +3.608845096e+02 -2.4507e+00 -2.7379e+00 -2.8560e+00 +2.0751e-01 +1.3014e+00 +1.3676e+00 +2.0943e+00 +6.0752e+00 -7.0951e-01 -5.4370e-01
681 +2.969213891e+01 +2.969213891e+01 +3.407021389e+02 +3.407021389e+02 -2.0367e+00 -5.3915e+00 -1.1723e+00 +1.2319e+00 +3.5822e+00 -2.6962e-01 +2.6908e+00 +2.7285e+00 +2.0912e-01 -1.7439e+00
1102 +1.729016330e+01 +1.729016330e+01 +3.283001633e+02 +3.283001633e+02 -3.6338e+00 -3.9788e+00 -2.0461e+00 +5.1987e-01 +4.4012e+00 -9.0974e-01 +1.2788e+00 +3.1161e+00 -6.6070e-01 -2.3000e+00
1701 +1.150889097e+01 +1.150889097e+01 +3.225188910e+02 +3.225188910e+02 -3.6338e+00 -3.9788e+00 -2.0461e+00 +5.1987e-01 +2.9597e+00 +1.2566e+00 +1.2788e+00 +3.1161e+00 -7.5854e-01 -1.1036e+00
1901 +3.317155725e+00 +3.317155725e+00 +3.143271557e+02 +3.143271557e+02 -3.6338e+00 -3.6419e+00 -2.0461e+00 +1.4408e-01 +3.7973e+00 +1.2566e+00 +1.2788e+00 +3.1161e+00 -7.5854e-01 -1.1036e+00
5302 +2.075509784e+00 +2.075509784e+00 +3.130855098e+02 +3.130855098e+02 -2.8680e+00 -3.9494e+00 -2.0394e+00 -2.6867e-02 +3.8869e+00 +3.2781e-01 +1.8749e+00 +3.6088e+00 -2.4622e-01 -1.3930e+00
8802 +1.517727292e+00 +1.517727292e+00 +3.125277273e+02 +3.125277273e+02 -2.6274e+00 -3.7499e+00 -2.5772e+00 +3.3425e-01 +3.9626e+00 +1.1229e+00 +2.5826e+00 +3.5255e+00 -4.3359e-02 -2.0742e+00
9765 +8.289900426e-01 +8.289900426e-01 +3.118389900e+02 +3.118389900e+02 -2.6182e+00 -3.6643e+00 -2.6545e+00 +7.0335e-01 +3.7566e+00 +7.9442e-01 +2.2032e+00 +3.8078e+00 -1.2447e-01 -1.9290e+00
10951 +5.119915822e-01 +5.119915822e-01 +3.115219916e+02 +3.115219916e+02 -2.6182e+00 -3.5651e+00 -2.6545e+00 +6.1440e-01 +3.7100e+00 +8.8464e-01 +2.2032e+00 +3.8078e+00 -1.7721e-01 -1.7379e+00
18502 +3.931673316e-01 +3.931673316e-01 +3.114031673e+02 +3.114031673e+02 -2.7643e+00 -3.5651e+00 -2.6832e+00 +5.4533e-01 +3.7265e+00 +8.8464e-01 +2.2032e+00 +3.8037e+00 -1.3546e-01 -1.9000e+00
21202 +1.866348483e-01 +1.866348483e-01 +3.111966348e+02 +3.111966348e+02 -2.0807e+00 -3.6148e+00 -2.6104e+00 +5.8695e-01 +3.7102e+00 +5.5261e-01 +2.7325e+00 +3.8811e+00 +5.4788e-02 -1.8033e+00
22397 +1.524905853e-01 +1.524905853e-01 +3.111624906e+02 +3.111624906e+02 -2.2172e+00 -3.6161e+00 -2.5961e+00 +5.9147e-01 +3.7290e+00 +5.4898e-01 +2.6318e+00 +3.8805e+00 +5.7348e-02 -1.7884e+00
25705 +8.179740405e-02 +8.179740405e-02 +3.110917974e+02 +3.110917974e+02 -2.1380e+00 -3.5999e+00 -2.5511e+00 +6.7288e-01 +3.8048e+00 +5.4117e-01 +2.7193e+00 +3.7717e+00 +1.5982e-01 -1.7778e+00
26755 +6.182491962e-02 +6.182491962e-02 +3.110718249e+02 +3.110718249e+02 -1.9612e+00 -3.6527e+00 -2.5398e+00 +7.7369e-01 +3.7352e+00 +3.0993e-01 +2.8057e+00 +3.8350e+00 +1.5008e-01 -1.8303e+00
30018 +3.887849601e-02 +3.887849601e-02 +3.110488785e+02 +3.110488785e+02 -2.0592e+00 -3.5963e+00 -2.5503e+00 +8.1640e-01 +3.7396e+00 +4.4835e-01 +2.7002e+00 +3.7446e+00 +1.8391e-01 -1.7566e+00
32587 +2.114477924e-02 +2.114477924e-02 +3.110311448e+02 +3.110311448e+02 -1.9862e+00 -3.5734e+00 -2.5665e+00 +8.4063e-01 +3.7636e+00 +4.3472e-01 +2.7944e+00 +3.7049e+00 +2.3300e-01 -1.7304e+00
42890 +1.237160345e-02 +1.237160345e-02 +3.110223716e+02 +3.110223716e+02 -2.0582e+00 -3.4961e+00 -2.6200e+00 +9.1501e-01 +3.7191e+00 +4.2313e-01 +2.7497e+00 +3.6495e+00 +2.5379e-01 -1.7371e+00
46473 +2.526854814e-08 +2.526854814e-08 +3.110100000e+02 +3.110100000e+02 -1.9921e+00 -3.5025e+00 -2.6370e+00 +9.2792e-01 +3.7087e+00 +3.7611e-01 +2.7944e+00 +3.6906e+00 +2.5515e-01 -1.7373e+00
49901 +2.389293741e-08 +2.389293741e-08 +3.110100000e+02 +3.110100000e+02 -1.9921e+00 -3.5025e+00 -2.6370e+00 +9.2792e-01 +3.6600e+00 +3.5885e-01 +2.8190e+00 +3.6906e+00 +2.6712e-01 -1.7373e+00
% function evaluation | noise-free fitness - Fopt (-8.051800000000e+02) | best noise-free fitness - Fopt | measured fitness | best measured fitness | x1 | x2...
1 +6.973399129e+02 +6.973399129e+02 -1.078400871e+02 -1.078400871e+02 +2.7376e-01 +5.4807e-01 -2.3878e+00 +8.4719e-01 +3.1837e+00 +2.2835e+00 -3.6489e-01 +3.9562e+00 -3.8299e+00 -2.0578e+00
5 +4.997467039e+02 +4.997467039e+02 -3.054332961e+02 -3.054332961e+02 -1.6517e+00 -2.6588e+00 +4.3779e+00 -2.2370e+00 +4.1424e+00 -4.2275e+00 +1.7240e+00 +2.5875e+00 -2.4248e+00 +1.4751e+00
20 +2.606351534e+02 +2.606351534e+02 -5.445448466e+02 -5.445448466e+02 +1.5468e+00 +5.4754e-02 +4.1151e+00 +2.8874e+00 +4.0358e+00 +4.0234e+00 -3.6066e+00 -8.9888e-01 -8.7356e-01 -3.5968e+00
72 +1.936210274e+02 +1.936210274e+02 -6.115589726e+02 -6.115589726e+02 -2.1425e+00 +6.5127e-01 +3.8947e+00 +2.9441e+00 +6.7132e+00 -3.6763e+00 -9.3798e-01 -1.0970e+00 -1.2998e+00 -4.3022e+00
81 +1.446532211e+02 +1.446532211e+02 -6.605267789e+02 -6.605267789e+02 +4.9754e-01 -1.6026e+00 +1.5469e+00 +5.6801e+00 +2.7581e+00 -3.5599e+00 -5.1135e+00 -1.7027e+00 -3.3235e+00 -2.3880e+00
560 +5.719407569e+01 +5.719407569e+01 -7.479859243e+02 -7.479859243e+02 +4.8809e+00 +1.0113e-01 +3.7892e+00 +3.9756e+00 +4.4302e+00 -1.0944e+00 -1.5129e+00 -1.2507e+00 +1.0460e+00 -8.9106e-01
1259 +3.703883833e+01 +3.703883833e+01 -7.681411617e+02 -7.681411617e+02 +2.5849e+00 -2.6803e-01 -1.1284e-01 +3.6107e+00 +3.5268e+00 -3.3790e+00 -1.8133e+00 -1.2151e+00 +1.8986e+00 +9.0725e-02
2062 +2.436589561e+01 +2.436589561e+01 -7.808141044e+02 -7.808141044e+02 +1.6591e+00 -3.3122e+00 +1.3520e+00 +2.5192e+00 +2.6206e+00 -1.1898e+00 -1.3295e+00 -3.3048e-01 +4.6360e-02 +1.1103e+00
2457 +1.187253441e+01 +1.187253441e+01 -7.933074656e+02 -7.933074656e+02 +3.7425e+00 -3.3122e+00 +1.4486e+00 +2.5192e+00 +2.6206e+00 -1.1898e+00 -1.3295e+00 -3.3048e-01 +4.6360e-02 +1.9227e+00
3256 +8.703987256e+00 +8.703987256e+00 -7.964760127e+02 -7.964760127e+02 +2.8299e+00 -3.0162e+00 +6.4455e-01 +1.5301e+00 +2.7334e+00 +4.7452e-02 -1.3385e+00 -7.4499e-02 +8.3325e-01 +2.0346e+00
3402 +5.701458480e+00 +5.701458480e+00 -7.994785415e+02 -7.994785415e+02 +3.7425e+00 -3.9738e+00 +2.4541e-01 +7.1713e-01 +2.6206e+00 -1.1898e+00 -1.3295e+00 +2.5223e-01 +3.6508e-02 +2.2090e+00
3451 +3.698390706e+00 +3.698390706e+00 -8.014816093e+02 -8.014816093e+02 +3.7425e+00 -3.9738e+00 +5.1917e-01 +7.1713e-01 +2.9550e+00 -1.1898e+00 -1.1294e+00 +2.5223e-01 +3.6508e-02 +2.2090e+00
4401 +2.403772399e+00 +2.403772399e+00 -8.027762276e+02 -8.027762276e+02 +2.8220e+00 -3.1792e+00 +3.6108e-01 +1.3260e+00 +2.9676e+00 -1.3449e+00 -8.5166e-01 -1.8689e-01 +1.2347e+00 +2.1704e+00
6407 +1.229437808e+00 +1.229437808e+00 -8.039505622e+02 -8.039505622e+02 +1.9471e+00 -3.6776e+00 -2.0104e-01 +7.1039e-01 +2.2941e+00 -5.9733e-01 -8.3281e-01 -7.4924e-01 +1.2089e+00 +2.8936e+00
8459 +9.285312134e-01 +9.285312134e-01 -8.042514688e+02 -8.042514688e+02 +3.0390e+00 -3.6399e+00 +3.1937e-01 +8.9756e-01 +2.3569e+00 -5.5706e-01 -8.3060e-01 -6.0995e-01 +1.3333e+00 +2.5249e+00
9608 +6.307456416e-01 +6.307456416e-01 -8.045492544e+02 -8.045492544e+02 +2.3236e+00 -3.2489e+00 -6.4147e-02 +9.9136e-01 +2.6618e+00 -6.9878e-01 -1.0262e+00 -4.9988e-01 +1.4296e+00 +2.7251e+00
9760 +2.415903605e-01 +2.415903605e-01 -8.049384096e+02 -8.049384096e+02 +2.3130e+00 -3.3270e+00 +2.9286e-01 +9.9736e-01 +2.7981e+00 -7.0508e-01 -1.0282e+00 -6.7587e-01 +9.6909e-01 +2.2658e+00
11359 +1.435783428e-01 +1.435783428e-01 -8.050364217e+02 -8.050364217e+02 +2.4678e+00 -3.4744e+00 +4.3049e-01 +9.0592e-01 +2.5650e+00 -6.5413e-01 -9.0904e-01 -5.4076e-01 +1.1042e+00 +2.4169e+00
11506 +4.392502145e-02 +4.392502145e-02 -8.051360750e+02 -8.051360750e+02 +2.4813e+00 -3.4817e+00 +3.9873e-01 +1.0483e+00 +2.5611e+00 -6.7815e-01 -1.0121e+00 -6.1869e-01 +1.0558e+00 +2.4085e+00
12352 +3.852558062e-02 +3.852558062e-02 -8.051414744e+02 -8.051414744e+02 +2.6056e+00 -3.4849e+00 +3.7386e-01 +9.2871e-01 +2.5938e+00 -6.9482e-01 -9.5199e-01 -5.8362e-01 +1.0481e+00 +2.3628e+00
14716 +1.938766165e-02 +1.938766165e-02 -8.051606123e+02 -8.051606123e+02 +2.6137e+00 -3.5163e+00 +3.5190e-01 +9.1863e-01 +2.5816e+00 -7.2569e-01 -9.6189e-01 -6.0810e-01 +1.0981e+00 +2.4504e+00
15902 +1.503290981e-02 +1.503290981e-02 -8.051649671e+02 -8.051649671e+02 +2.5548e+00 -3.5613e+00 +3.5190e-01 +8.9494e-01 +2.5816e+00 -6.6729e-01 -9.6189e-01 -6.1840e-01 +1.0498e+00 +2.4504e+00
16874 +7.362645141e-03 +7.362645141e-03 -8.051726374e+02 -8.051726374e+02 +2.4653e+00 -3.5073e+00 +3.5612e-01 +9.7962e-01 +2.5856e+00 -6.3543e-01 -9.8055e-01 -6.4954e-01 +1.0297e+00 +2.4079e+00
16951 +2.697619266e-07 +2.697619266e-07 -8.051799997e+02 -8.051799997e+02 +2.5022e+00 -3.5073e+00 +3.5612e-01 +9.7962e-01 +2.5398e+00 -6.6027e-01 -9.8055e-01 -6.4569e-01 +1.0297e+00 +2.4079e+00
17359 +1.468258688e-07 +1.468258688e-07 -8.051799999e+02 -8.051799999e+02 +2.5433e+00 -3.5423e+00 +3.3970e-01 +9.4524e-01 +2.5618e+00 -6.4812e-01 -9.6488e-01 -6.0691e-01 +1.0623e+00 +2.4205e+00
17801 +5.091089861e-08 +5.091089861e-08 -8.051799999e+02 -8.051799999e+02 +2.5433e+00 -3.5483e+00 +3.5880e-01 +9.6514e-01 +2.5587e+00 -6.4812e-01 -9.6298e-01 -6.0691e-01 +1.0623e+00 +2.4456e+00
20342 +1.539774530e-09 +1.539774530e-09 -8.051800000e+02 -8.051800000e+02 +2.5427e+00 -3.5362e+00 +3.7408e-01 +9.3835e-01 +2.5525e+00 -6.4575e-01 -9.7408e-01 -6.3024e-01 +1.0485e+00 +2.4546e+00
