% function evaluation | noise-free fitness - Fopt (-5.494000000000e+01) | best noise-free fitness - Fopt | measured fitness | best measured fitness | x1 | x2...
1 +3.870588180e+06 +3.870588180e+06 +3.870533240e+06 +3.870533240e+06 -4.8990e+00 +5.9008e-01 -2.4269e+00
3 +1.535495159e+06 +1.535495159e+06 +1.535440219e+06 +1.535440219e+06 +4.9566e+00 -2.9979e+00 +3.5417e-01
5 +4.941912313e+05 +4.941912313e+05 +4.941362913e+05 +4.941362913e+05 +4.9511e+00 -2.2804e+00 -3.6110e+00
10 +5.707620328e+04 +5.707620328e+04 +5.702126328e+04 +5.702126328e+04 +4.3820e+00 -4.0941e-01 +4.0779e+00
39 +8.416853384e+02 +8.416853384e+02 +7.867453384e+02 +7.867453384e+02 -1.1876e+00 -1.5194e+00 -1.1160e+00
76 +8.380358277e+01 +8.380358277e+01 +2.886358277e+01 +2.886358277e+01 -2.0923e+00 -3.9223e+00 -9.1883e+00
185 +1.002314869e+01 +1.002314869e+01 -4.491685131e+01 -4.491685131e+01 -1.6265e+00 -5.6949e-01 +1.6480e+00
351 +1.491022325e+00 +1.491022325e+00 -5.344897768e+01 -5.344897768e+01 -1.7764e+00 -1.8069e+00 -2.3450e+00
488 +8.435786685e-01 +8.435786685e-01 -5.409642133e+01 -5.409642133e+01 -1.7262e+00 -1.4239e+00 -1.1092e+00
497 +4.368768102e-01 +4.368768102e-01 -5.450312319e+01 -5.450312319e+01 -1.7266e+00 -1.4640e+00 -1.2360e+00
502 +1.259453607e-01 +1.259453607e-01 -5.481405464e+01 -5.481405464e+01 -1.7341e+00 -1.4882e+00 -1.3141e+00
573 +1.293700773e-02 +1.293700773e-02 -5.492706299e+01 -5.492706299e+01 -1.7276e+00 -1.4892e+00 -1.3142e+00
650 +4.924960916e-03 +4.924960916e-03 -5.493507504e+01 -5.493507504e+01 -1.7286e+00 -1.5277e+00 -1.4370e+00
693 +3.303072270e-03 +3.303072270e-03 -5.493669693e+01 -5.493669693e+01 -1.7282e+00 -1.5232e+00 -1.4226e+00
766 +4.329663470e-04 +4.329663470e-04 -5.493956703e+01 -5.493956703e+01 -1.7260e+00 -1.5069e+00 -1.3700e+00
791 +3.032410124e-04 +3.032410124e-04 -5.493969676e+01 -5.493969676e+01 -1.7270e+00 -1.5104e+00 -1.3814e+00
833 +8.829555566e-05 +8.829555566e-05 -5.493991170e+01 -5.493991170e+01 -1.7264e+00 -1.5062e+00 -1.3677e+00
913 +4.386168640e-05 +4.386168640e-05 -5.493995614e+01 -5.493995614e+01 -1.7262e+00 -1.5068e+00 -1.3698e+00
946 +2.878547435e-05 +2.878547435e-05 -5.493997121e+01 -5.493997121e+01 -1.7262e+00 -1.5068e+00 -1.3698e+00
968 +2.276121341e-05 +2.276121341e-05 -5.493997724e+01 -5.493997724e+01 -1.7265e+00 -1.5079e+00 -1.3734e+00
991 +1.251820872e-05 +1.251820872e-05 -5.493998748e+01 -5.493998748e+01 -1.7265e+00 -1.5079e+00 -1.3734e+00
993 +5.048404248e-06 +5.048404248e-06 -5.493999495e+01 -5.493999495e+01 -1.7264e+00 -1.5084e+00 -1.3749e+00
1043 +3.891155743e-06 +3.891155743e-06 -5.493999611e+01 -5.493999611e+01 -1.7263e+00 -1.5077e+00 -1.3725e+00
1099 +1.863476299e-06 +1.863476299e-06 -5.493999814e+01 -5.493999814e+01 -1.7264e+00 -1.5077e+00 -1.3726e+00
1120 +1.549064052e-06 +1.549064052e-06 -5.493999845e+01 -5.493999845e+01 -1.7264e+00 -1.5080e+00 -1.3734e+00
1137 +9.003179073e-07 +9.003179073e-07 -5.493999910e+01 -5.493999910e+01 -1.7264e+00 -1.5078e+00 -1.3729e+00
1146 +2.942385393e-07 +2.942385393e-07 -5.493999971e+01 -5.493999971e+01 -1.7264e+00 -1.5079e+00 -1.3732e+00
1171 +1.432018664e-07 +1.432018664e-07 -5.493999986e+01 -5.493999986e+01 -1.7264e+00 -1.5081e+00 -1.3739e+00
1223 +3.568373330e-08 +3.568373330e-08 -5.493999996e+01 -5.493999996e+01 -1.7264e+00 -1.5080e+00 -1.3734e+00
1247 +1.897173973e-08 +1.897173973e-08 -5.493999998e+01 -5.493999998e+01 -1.7264e+00 -1.5080e+00 -1.3737e+00
1325 +7.998330886e-09 +7.998330886e-09 -5.493999999e+01 -5.493999999e+01 -1.7264e+00 -1.5080e+00 -1.3736e+00
1370 +1.223767754e-10 +1.223767754e-10 -5.494000000e+01 -5.494000000e+01 -1.7264e+00 -1.5080e+00 -1.3736e+00
1547 +4.042277624e-11 +4.042277624e-11 -5.494000000e+01 -5.494000000e+01 -1.7264e+00 -1.5080e+00 -1.3736e+00
1612 +3.345235200e-11 +3.345235200e-11 -5.494000000e+01 -5.494000000e+01 -1.7264e+00 -1.5080e+00 -1.3736e+00
1613 +1.772804126e-11 +1.772804126e-11 -5.494000000e+01 -5.494000000e+01 -1.7264e+00 -1.5080e+00 -1.3736e+00
1644 +1.229949476e-11 +1.229949476e-11 -5.494000000e+01 -5.494000000e+01 -1.7264e+00 -1.5080e+00 -1.3736e+00
1656 +5.968558980e-12 +5.968558980e-12 -5.494000000e+01 -5.494000000e+01 -1.7264e+00 -1.5080e+00 -1.3736e+00
1731 +1.342925771e-12 +1.342925771e-12 -5.494000000e+01 -5.494000000e+01 -1.7264e+00 -1.5080e+00 -1.3736e+00
1736 +8.242295735e-13 +8.242295735e-13 -5.494000000e+01 -5.494000000e+01 -1.7264e+00 -1.5080e+00 -1.3736e+00
1801 +6.039613254e-13 +6.039613254e-13 -5.494000000e+01 -5.494000000e+01 -1.7264e+00 -1.5080e+00 -1.3736e+00
1804 +2.344791028e-13 +2.344791028e-13 -5.494000000e+01 -5.494000000e+01 -1.7264e+00 -1.5080e+00 -1.3736e+00
1835 +3.552713679e-14 +3.552713679e-14 -5.494000000e+01 -5.494000000e+01 -1.7264e+00 -1.5080e+00 -1.3736e+00
1848 +2.131628207e-14 +2.131628207e-14 -5.494000000e+01 -5.494000000e+01 -1.7264e+00 -1.5080e+00 -1.3736e+00
1908 +1.421085472e-14 +1.421085472e-14 -5.494000000e+01 -5.494000000e+01 -1.7264e+00 -1.5080e+00 -1.3736e+00
1926 +7.105427358e-15 +7.105427358e-15 -5.494000000e+01 -5.494000000e+01 -1.7264e+00 -1.5080e+00 -1.3736e+00
1975 +0.000000000e+00 +0.000000000e+00 -5.494000000e+01 -5.494000000e+01 -1.7264e+00 -1.5080e+00 -1.3736e+00
% function evaluation | noise-free fitness - Fopt (5.913000000000e+01) | best noise-free fitness - Fopt | measured fitness | best measured fitness | x1 | x2...
1 +2.239644492e+07 +2.239644492e+07 +2.239650405e+07 +2.239650405e+07 +4.1816e-01 +4.4872e+00 +4.9828e+00
2 +5.368642235e+05 +5.368642235e+05 +5.369233535e+05 +5.369233535e+05 -2.7398e+00 +4.1795e+00 -4.8909e+00
4 +3.915814972e+05 +3.915814972e+05 +3.916406272e+05 +3.916406272e+05 +2.1746e+00 -8.1501e-01 -3.1399e+00
13 +1.061538189e+04 +1.061538189e+04 +1.067451189e+04 +1.067451189e+04 +1.8023e+00 +2.1112e-01 -2.7955e+00
47 +8.673508139e+03 +8.673508139e+03 +8.732638139e+03 +8.732638139e+03 +5.1296e+00 -9.7431e-01 -5.5679e+00
106 +4.723856601e+03 +4.723856601e+03 +4.782986601e+03 +4.782986601e+03 +6.5125e+00 -1.0930e+00 -8.1695e+00
242 +7.564197177e+02 +7.564197177e+02 +8.155497177e+02 +8.155497177e+02 +2.4202e+00 +4.9048e-01 -5.7158e+00
264 +5.001843749e+02 +5.001843749e+02 +5.593143749e+02 +5.593143749e+02 +1.3093e+00 +8.5630e-01 -4.6681e+00
318 +9.780211268e+01 +9.780211268e+01 +1.569321127e+02 +1.569321127e+02 +2.4321e+00 +5.1087e-01 -5.7102e+00
423 +4.900831099e+01 +4.900831099e+01 +1.081383110e+02 +1.081383110e+02 -6.9021e+00 +3.7674e+00 +2.2679e+00
426 +2.310515456e+01 +2.310515456e+01 +8.223515456e+01 +8.223515456e+01 -4.1907e+00 +2.8004e+00 +4.0921e-03
466 +9.686358400e+00 +9.686358400e+00 +6.881635840e+01 +6.881635840e+01 -1.9189e+00 +1.9963e+00 -1.8846e+00
557 +5.020715855e+00 +5.020715855e+00 +6.415071586e+01 +6.415071586e+01 -2.6463e+00 +2.2719e+00 -1.3271e+00
570 +1.335650168e+00 +1.335650168e+00 +6.046565017e+01 +6.046565017e+01 -1.7425e+00 +1.9282e+00 -1.9999e+00
589 +9.937361012e-01 +9.937361012e-01 +6.012373610e+01 +6.012373610e+01 -2.7581e+00 +2.2958e+00 -1.1852e+00
616 +2.754682590e-01 +2.754682590e-01 +5.940546826e+01 +5.940546826e+01 -2.6291e+00 +2.2523e+00 -1.2971e+00
691 +1.216256883e-01 +1.216256883e-01 +5.925162569e+01 +5.925162569e+01 -2.1169e+00 +2.0695e+00 -1.7170e+00
692 +6.766973453e-02 +6.766973453e-02 +5.919766973e+01 +5.919766973e+01 -2.1421e+00 +2.0785e+00 -1.6971e+00
796 +3.233489435e-02 +3.233489435e-02 +5.916233489e+01 +5.916233489e+01 -2.1396e+00 +2.0759e+00 -1.6928e+00
827 +1.285862248e-02 +1.285862248e-02 +5.914285862e+01 +5.914285862e+01 -2.2872e+00 +2.1283e+00 -1.5704e+00
843 +8.427768901e-03 +8.427768901e-03 +5.913842777e+01 +5.913842777e+01 -2.2987e+00 +2.1331e+00 -1.5634e+00
963 +5.889522147e-03 +5.889522147e-03 +5.913588952e+01 +5.913588952e+01 -2.2203e+00 +2.1043e+00 -1.6250e+00
967 +2.868001068e-03 +2.868001068e-03 +5.913286800e+01 +5.913286800e+01 -2.2295e+00 +2.1081e+00 -1.6199e+00
1010 +2.278365449e-03 +2.278365449e-03 +5.913227837e+01 +5.913227837e+01 -2.2927e+00 +2.1307e+00 -1.5678e+00
1034 +5.598013943e-04 +5.598013943e-04 +5.913055980e+01 +5.913055980e+01 -2.2531e+00 +2.1166e+00 -1.6005e+00
1050 +3.752914674e-04 +3.752914674e-04 +5.913037529e+01 +5.913037529e+01 -2.2508e+00 +2.1157e+00 -1.6022e+00
1055 +9.833902345e-05 +9.833902345e-05 +5.913009834e+01 +5.913009834e+01 -2.2651e+00 +2.1208e+00 -1.5903e+00
1091 +3.932763934e-05 +3.932763934e-05 +5.913003933e+01 +5.913003933e+01 -2.2585e+00 +2.1184e+00 -1.5954e+00
1195 +1.676687291e-05 +1.676687291e-05 +5.913001677e+01 +5.913001677e+01 -2.2599e+00 +2.1189e+00 -1.5943e+00
1255 +3.852512926e-06 +3.852512926e-06 +5.913000385e+01 +5.913000385e+01 -2.2614e+00 +2.1194e+00 -1.5931e+00
1261 +7.826017452e-07 +7.826017452e-07 +5.913000078e+01 +5.913000078e+01 -2.2614e+00 +2.1194e+00 -1.5931e+00
1353 +2.837838196e-07 +2.837838196e-07 +5.913000028e+01 +5.913000028e+01 -2.2604e+00 +2.1191e+00 -1.5939e+00
1402 +2.500045184e-07 +2.500045184e-07 +5.913000025e+01 +5.913000025e+01 -2.2606e+00 +2.1191e+00 -1.5938e+00
1426 +1.570498895e-07 +1.570498895e-07 +5.913000016e+01 +5.913000016e+01 -2.2606e+00 +2.1191e+00 -1.5938e+00
1437 +3.452024089e-08 +3.452024089e-08 +5.913000003e+01 +5.913000003e+01 -2.2607e+00 +2.1192e+00 -1.5937e+00
1517 +6.402714803e-09 +6.402714803e-09 +5.913000001e+01 +5.913000001e+01 -2.2608e+00 +2.1192e+00 -1.5936e+00
1540 +2.440593505e-09 +2.440593505e-09 +5.913000000e+01 +5.913000000e+01 -2.2608e+00 +2.1192e+00 -1.5936e+00
1604 +1.353996026e-09 +1.353996026e-09 +5.913000000e+01 +5.913000000e+01 -2.2608e+00 +2.1192e+00 -1.5936e+00
1665 +6.420037835e-10 +6.420037835e-10 +5.913000000e+01 +5.913000000e+01 -2.2608e+00 +2.1192e+00 -1.5936e+00
1666 +6.138591857e-10 +6.138591857e-10 +5.913000000e+01 +5.913000000e+01 -2.2608e+00 +2.1192e+00 -1.5936e+00
1746 +3.793232395e-10 +3.793232395e-10 +5.913000000e+01 +5.913000000e+01 -2.2608e+00 +2.1192e+00 -1.5936e+00
1771 +1.963087470e-10 +1.963087470e-10 +5.913000000e+01 +5.913000000e+01 -2.2608e+00 +2.1192e+00 -1.5936e+00
1809 +8.355982573e-11 +8.355982573e-11 +5.913000000e+01 +5.913000000e+01 -2.2608e+00 +2.1192e+00 -1.5936e+00
1861 +3.866773568e-11 +3.866773568e-11 +5.913000000e+01 +5.913000000e+01 -2.2608e+00 +2.1192e+00 -1.5936e+00
1891 +1.290345608e-11 +1.290345608e-11 +5.913000000e+01 +5.913000000e+01 -2.2608e+00 +2.1192e+00 -1.5936e+00
1907 +2.337685601e-12 +2.337685601e-12 +5.913000000e+01 +5.913000000e+01 -2.2608e+00 +2.1192e+00 -1.5936e+00
1912 +6.963318810e-13 +6.963318810e-13 +5.913000000e+01 +5.913000000e+01 -2.2608e+00 +2.1192e+00 -1.5936e+00
1936 +6.252776075e-13 +6.252776075e-13 +5.913000000e+01 +5.913000000e+01 -2.2608e+00 +2.1192e+00 -1.5936e+00
1999 +1.847411113e-13 +1.847411113e-13 +5.913000000e+01 +5.913000000e+01 -2.2608e+00 +2.1192e+00 -1.5936e+00
2032 +1.136868377e-13 +1.136868377e-13 +5.913000000e+01 +5.913000000e+01 -2.2608e+00 +2.1192e+00 -1.5936e+00
2042 +5.684341886e-14 +5.684341886e-14 +5.913000000e+01 +5.913000000e+01 -2.2608e+00 +2.1192e+00 -1.5936e+00
2057 +3.552713679e-14 +3.552713679e-14 +5.913000000e+01 +5.913000000e+01 -2.2608e+00 +2.1192e+00 -1.5936e+00
2101 +0.000000000e+00 +0.000000000e+00 +5.913000000e+01 +5.913000000e+01 -2.2608e+00 +2.1192e+00 -1.5936e+00
% function evaluation | noise-free fitness - Fopt (-4.915300000000e+02) | best noise-free fitness - Fopt | measured fitness | best measured fitness | x1 | x2...
1 +4.089723216e+06 +4.089723216e+06 +4.089231686e+06 +4.089231686e+06 -2.6727e+00 -1.8329e+00 -3.4239e+00
2 +2.042243057e+06 +2.042243057e+06 +2.041751527e+06 +2.041751527e+06 -2.3712e+00 -2.3015e+00 +1.1578e+00
5 +6.110859329e+05 +6.110859329e+05 +6.105944029e+05 +6.105944029e+05 +2.1439e+00 -4.3861e+00 -1.4486e+00
6 +1.235261914e+05 +1.235261914e+05 +1.230346614e+05 +1.230346614e+05 +1.4785e-01 -3.9911e+00 -1.0381e+00
20 +2.680274195e+03 +2.680274195e+03 +2.188744195e+03 +2.188744195e+03 +4.8965e-01 -2.6662e+00 -2.4139e+00
45 +2.170606866e+03 +2.170606866e+03 +1.679076866e+03 +1.679076866e+03 +1.9892e+00 -1.1807e+00 -4.1917e+00
63 +1.485590288e+03 +1.485590288e+03 +9.940602883e+02 +9.940602883e+02 +2.4293e-01 -2.0243e+00 -2.5799e+00
151 +1.431179304e+02 +1.431179304e+02 -3.484120696e+02 -3.484120696e+02 -1.1791e-01 -1.1321e+00 -2.8242e+00
184 +1.318565492e+01 +1.318565492e+01 -4.783443451e+02 -4.783443451e+02 +2.6105e-01 -7.9506e-01 -3.2660e+00
290 +9.455668067e+00 +9.455668067e+00 -4.820743319e+02 -4.820743319e+02 +9.0413e-01 -1.2834e-01 -4.0356e+00
346 +2.373058937e+00 +2.373058937e+00 -4.891569411e+02 -4.891569411e+02 +1.9434e-01 -6.9857e-01 -3.2748e+00
423 +1.125813839e+00 +1.125813839e+00 -4.904041862e+02 -4.904041862e+02 -5.0933e-01 -1.2395e+00 -2.5276e+00
482 +9.190733793e-01 +9.190733793e-01 -4.906109266e+02 -4.906109266e+02 -5.2236e-01 -1.2224e+00 -2.5287e+00
494 +2.486062744e-01 +2.486062744e-01 -4.912813937e+02 -4.912813937e+02 +3.2112e-01 -6.3669e-01 -3.3886e+00
495 +3.130987198e-02 +3.130987198e-02 -4.914986901e+02 -4.914986901e+02 +4.2607e-02 -8.2195e-01 -3.1088e+00
631 +5.085377687e-03 +5.085377687e-03 -4.915249146e+02 -4.915249146e+02 +5.1606e-02 -8.1897e-01 -3.1160e+00
661 +3.642571732e-03 +3.642571732e-03 -4.915263574e+02 -4.915263574e+02 +5.1578e-02 -8.1899e-01 -3.1161e+00
709 +2.226004851e-03 +2.226004851e-03 -4.915277740e+02 -4.915277740e+02 +5.5394e-02 -8.1791e-01 -3.1191e+00
781 +7.097030910e-04 +7.097030910e-04 -4.915292903e+02 -4.915292903e+02 +6.1645e-02 -8.1408e-01 -3.1252e+00
811 +2.624842422e-04 +2.624842422e-04 -4.915297375e+02 -4.915297375e+02 +6.3590e-02 -8.1270e-01 -3.1272e+00
845 +1.506665383e-04 +1.506665383e-04 -4.915298493e+02 -4.915298493e+02 +6.8928e-02 -8.0899e-01 -3.1326e+00
872 +4.608525313e-05 +4.608525313e-05 -4.915299539e+02 -4.915299539e+02 +7.4661e-02 -8.0471e-01 -3.1386e+00
900 +3.524100879e-05 +3.524100879e-05 -4.915299648e+02 -4.915299648e+02 +7.3298e-02 -8.0527e-01 -3.1374e+00
963 +1.939261887e-05 +1.939261887e-05 -4.915299806e+02 -4.915299806e+02 +7.0992e-02 -8.0696e-01 -3.1350e+00
1015 +6.773921939e-06 +6.773921939e-06 -4.915299932e+02 -4.915299932e+02 +7.1271e-02 -8.0683e-01 -3.1353e+00
1024 +5.959449879e-06 +5.959449879e-06 -4.915299940e+02 -4.915299940e+02 +7.1519e-02 -8.0665e-01 -3.1356e+00
1100 +3.060158917e-06 +3.060158917e-06 -4.915299969e+02 -4.915299969e+02 +7.2192e-02 -8.0620e-01 -3.1362e+00
1156 +6.595524837e-07 +6.595524837e-07 -4.915299993e+02 -4.915299993e+02 +7.2016e-02 -8.0636e-01 -3.1360e+00
1217 +2.557847552e-07 +2.557847552e-07 -4.915299997e+02 -4.915299997e+02 +7.2148e-02 -8.0629e-01 -3.1362e+00
1226 +1.475366389e-07 +1.475366389e-07 -4.915299999e+02 -4.915299999e+02 +7.2191e-02 -8.0626e-01 -3.1362e+00
1306 +7.776611710e-08 +7.776611710e-08 -4.915299999e+02 -4.915299999e+02 +7.2081e-02 -8.0634e-01 -3.1361e+00
1312 +4.703940704e-08 +4.703940704e-08 -4.915300000e+02 -4.915300000e+02 +7.2014e-02 -8.0639e-01 -3.1360e+00
1322 +1.471880751e-08 +1.471880751e-08 -4.915300000e+02 -4.915300000e+02 +7.2081e-02 -8.0634e-01 -3.1361e+00
1384 +9.624443464e-09 +9.624443464e-09 -4.915300000e+02 -4.915300000e+02 +7.2030e-02 -8.0638e-01 -3.1360e+00
1426 +4.933269793e-09 +4.933269793e-09 -4.915300000e+02 -4.915300000e+02 +7.1993e-02 -8.0640e-01 -3.1360e+00
1431 +3.972559171e-09 +3.972559171e-09 -4.915300000e+02 -4.915300000e+02 +7.1989e-02 -8.0641e-01 -3.1360e+00
1475 +2.222805051e-09 +2.222805051e-09 -4.915300000e+02 -4.915300000e+02 +7.2012e-02 -8.0639e-01 -3.1360e+00
1502 +1.205307854e-09 +1.205307854e-09 -4.915300000e+02 -4.915300000e+02 +7.2001e-02 -8.0640e-01 -3.1360e+00
1516 +6.562004273e-10 +6.562004273e-10 -4.915300000e+02 -4.915300000e+02 +7.2002e-02 -8.0640e-01 -3.1360e+00
1566 +8.486722436e-11 +8.486722436e-11 -4.915300000e+02 -4.915300000e+02 +7.1999e-02 -8.0640e-01 -3.1360e+00
1596 +3.103650670e-11 +3.103650670e-11 -4.915300000e+02 -4.915300000e+02 +7.2001e-02 -8.0640e-01 -3.1360e+00
1612 +1.517719284e-11 +1.517719284e-11 -4.915300000e+02 -4.915300000e+02 +7.1999e-02 -8.0640e-01 -3.1360e+00
1668 +7.048583939e-12 +7.048583939e-12 -4.915300000e+02 -4.915300000e+02 +7.2002e-02 -8.0640e-01 -3.1360e+00
1725 +6.195932656e-12 +6.195932656e-12 -4.915300000e+02 -4.915300000e+02 +7.2001e-02 -8.0640e-01 -3.1360e+00
1732 +3.865352483e-12 +3.865352483e-12 -4.915300000e+02 -4.915300000e+02 +7.1999e-02 -8.0640e-01 -3.1360e+00
1748 +2.160049917e-12 +2.160049917e-12 -4.915300000e+02 -4.915300000e+02 +7.1999e-02 -8.0640e-01 -3.1360e+00
1771 +2.273736754e-13 +2.273736754e-13 -4.915300000e+02 -4.915300000e+02 +7.2000e-02 -8.0640e-01 -3.1360e+00
1818 +0.000000000e+00 +0.000000000e+00 -4.915300000e+02 -4.915300000e+02 +7.2000e-02 -8.0640e-01 -3.1360e+00
% function evaluation | noise-free fitness - Fopt (-1.702000000000e+02) | best noise-free fitness - Fopt | measured fitness | best measured fitness | x1 | x2...
1 +5.805412802e+06 +5.805412802e+06 +5.805242602e+06 +5.805242602e+06 -1.7956e+00 +8.6141e-01 -7.9550e-01
3 +5.612243741e+05 +5.612243741e+05 +5.610541741e+05 +5.610541741e+05 -4.3396e+00 -2.6632e+00 +3.5617e+00
24 +1.934729093e+05 +1.934729093e+05 +1.933027093e+05 +1.933027093e+05 -2.0857e+00 -5.0074e+00 +3.1095e+00
68 +3.903391786e+04 +3.903391786e+04 +3.886371786e+04 +3.886371786e+04 -5.6215e+00 -8.3588e-02 -3.4454e-01
72 +1.113019256e+04 +1.113019256e+04 +1.095999256e+04 +1.095999256e+04 -1.0973e+00 -6.3105e+00 +2.7665e+00
83 +7.486397274e+03 +7.486397274e+03 +7.316197274e+03 +7.316197274e+03 +3.2942e+00 -7.7225e+00 -9.2629e-01
139 +3.713364307e+03 +3.713364307e+03 +3.543164307e+03 +3.543164307e+03 +1.8289e+00 -7.6167e+00 +1.0183e+00
212 +6.295330742e+02 +6.295330742e+02 +4.593330742e+02 +4.593330742e+02 +1.7895e+00 -7.6585e+00 +9.8800e-01
287 +3.289083057e+02 +3.289083057e+02 +1.587083057e+02 +1.587083057e+02 +3.7845e+00 -9.5663e+00 +1.1118e+00
326 +1.728781906e+02 +1.728781906e+02 +2.678190635e+00 +2.678190635e+00 +1.7637e+00 -7.0781e+00 +2.7881e-01
331 +1.231297128e+02 +1.231297128e+02 -4.707028720e+01 -4.707028720e+01 +1.7621e+00 -7.0798e+00 +2.7756e-01
359 +9.073542083e+01 +9.073542083e+01 -7.946457917e+01 -7.946457917e+01 +1.8618e+00 -7.2932e+00 +4.2658e-01
436 +5.590191656e+01 +5.590191656e+01 -1.142980834e+02 -1.142980834e+02 +1.0253e+00 -6.1668e+00 -5.3486e-02
463 +3.653803875e+01 +3.653803875e+01 -1.336619612e+02 -1.336619612e+02 -1.7023e-01 -4.8293e+00 -3.6454e-01
508 +9.782178923e+00 +9.782178923e+00 -1.604178211e+02 -1.604178211e+02 -4.9001e+00 +8.7737e-01 -2.1470e+00
526 +3.042568812e+00 +3.042568812e+00 -1.671574312e+02 -1.671574312e+02 -2.6992e+00 -1.7614e+00 -1.3346e+00
579 +1.829867811e+00 +1.829867811e+00 -1.683701322e+02 -1.683701322e+02 -2.7866e+00 -1.6678e+00 -1.3525e+00
632 +6.672339199e-01 +6.672339199e-01 -1.695327661e+02 -1.695327661e+02 -3.7194e+00 -5.4521e-01 -1.7005e+00
635 +7.105176875e-02 +7.105176875e-02 -1.701289482e+02 -1.701289482e+02 -3.4501e+00 -8.8154e-01 -1.5838e+00
720 +3.270198043e-02 +3.270198043e-02 -1.701672980e+02 -1.701672980e+02 -3.5456e+00 -7.7261e-01 -1.6113e+00
826 +2.466504513e-02 +2.466504513e-02 -1.701753350e+02 -1.701753350e+02 -3.6359e+00 -6.6501e-01 -1.6439e+00
871 +1.043225043e-03 +1.043225043e-03 -1.701989568e+02 -1.701989568e+02 -3.5411e+00 -7.7624e-01 -1.6124e+00
946 +7.210975974e-04 +7.210975974e-04 -1.701992789e+02 -1.701992789e+02 -3.5554e+00 -7.5826e-01 -1.6187e+00
991 +9.404260587e-05 +9.404260587e-05 -1.701999060e+02 -1.701999060e+02 -3.5559e+00 -7.5844e-01 -1.6178e+00
1128 +1.007020185e-05 +1.007020185e-05 -1.701999899e+02 -1.701999899e+02 -3.5601e+00 -7.5330e-01 -1.6196e+00
1168 +6.538854507e-06 +6.538854507e-06 -1.701999935e+02 -1.701999935e+02 -3.5599e+00 -7.5361e-01 -1.6194e+00
1171 +6.043664968e-06 +6.043664968e-06 -1.701999940e+02 -1.701999940e+02 -3.5599e+00 -7.5361e-01 -1.6194e+00
1193 +2.071479230e-06 +2.071479230e-06 -1.701999979e+02 -1.701999979e+02 -3.5599e+00 -7.5357e-01 -1.6194e+00
1204 +1.557577491e-06 +1.557577491e-06 -1.701999984e+02 -1.701999984e+02 -3.5593e+00 -7.5428e-01 -1.6192e+00
1246 +7.736007888e-07 +7.736007888e-07 -1.701999992e+02 -1.701999992e+02 -3.5593e+00 -7.5427e-01 -1.6192e+00
1287 +1.338628124e-07 +1.338628124e-07 -1.701999999e+02 -1.701999999e+02 -3.5593e+00 -7.5425e-01 -1.6192e+00
1321 +6.450144951e-08 +6.450144951e-08 -1.701999999e+02 -1.701999999e+02 -3.5591e+00 -7.5447e-01 -1.6192e+00
1351 +3.325956754e-08 +3.325956754e-08 -1.702000000e+02 -1.702000000e+02 -3.5591e+00 -7.5447e-01 -1.6192e+00
1490 +2.019899625e-08 +2.019899625e-08 -1.702000000e+02 -1.702000000e+02 -3.5592e+00 -7.5444e-01 -1.6192e+00
1503 +3.892012046e-09 +3.892012046e-09 -1.702000000e+02 -1.702000000e+02 -3.5592e+00 -7.5443e-01 -1.6192e+00
1592 +1.039126118e-09 +1.039126118e-09 -1.702000000e+02 -1.702000000e+02 -3.5592e+00 -7.5441e-01 -1.6192e+00
1610 +4.687876753e-10 +4.687876753e-10 -1.702000000e+02 -1.702000000e+02 -3.5592e+00 -7.5441e-01 -1.6192e+00
1637 +3.769855539e-10 +3.769855539e-10 -1.702000000e+02 -1.702000000e+02 -3.5592e+00 -7.5441e-01 -1.6192e+00
1664 +1.363389401e-10 +1.363389401e-10 -1.702000000e+02 -1.702000000e+02 -3.5592e+00 -7.5441e-01 -1.6192e+00
1696 +7.480593922e-11 +7.480593922e-11 -1.702000000e+02 -1.702000000e+02 -3.5592e+00 -7.5440e-01 -1.6192e+00
1731 +4.237676876e-11 +4.237676876e-11 -1.702000000e+02 -1.702000000e+02 -3.5592e+00 -7.5440e-01 -1.6192e+00
1742 +2.509636943e-11 +2.509636943e-11 -1.702000000e+02 -1.702000000e+02 -3.5592e+00 -7.5440e-01 -1.6192e+00
1801 +1.125499693e-11 +1.125499693e-11 -1.702000000e+02 -1.702000000e+02 -3.5592e+00 -7.5440e-01 -1.6192e+00
1817 +8.668621376e-12 +8.668621376e-12 -1.702000000e+02 -1.702000000e+02 -3.5592e+00 -7.5440e-01 -1.6192e+00
1819 +5.542233339e-12 +5.542233339e-12 -1.702000000e+02 -1.702000000e+02 -3.5592e+00 -7.5440e-01 -1.6192e+00
1862 +3.183231456e-12 +3.183231456e-12 -1.702000000e+02 -1.702000000e+02 -3.5592e+00 -7.5440e-01 -1.6192e+00
1898 +1.904254532e-12 +1.904254532e-12 -1.702000000e+02 -1.702000000e+02 -3.5592e+00 -7.5440e-01 -1.6192e+00
1908 +1.563194019e-12 +1.563194019e-12 -1.702000000e+02 -1.702000000e+02 -3.5592e+00 -7.5440e-01 -1.6192e+00
1949 +2.842170943e-13 +2.842170943e-13 -1.702000000e+02 -1.702000000e+02 -3.5592e+00 -7.5440e-01 -1.6192e+00
1986 +1.705302566e-13 +1.705302566e-13 -1.702000000e+02 -1.702000000e+02 -3.5592e+00 -7.5440e-01 -1.6192e+00
2026 +1.421085472e-13 +1.421085472e-13 -1.702000000e+02 -1.702000000e+02 -3.5592e+00 -7.5440e-01 -1.6192e+00
2044 +2.842170943e-14 +2.842170943e-14 -1.702000000e+02 -1.702000000e+02 -3.5592e+00 -7.5440e-01 -1.6192e+00
2109 +0.000000000e+00 +0.000000000e+00 -1.702000000e+02 -1.702000000e+02 -3.5592e+00 -7.5440e-01 -1.6192e+00
% function evaluation | noise-free fitness - Fopt (-4.697500000000e+02) | best noise-free fitness - Fopt | measured fitness | best measured fitness | x1 | x2...
1 +6.370184679e+04 +6.370184679e+04 +6.323209679e+04 +6.323209679e+04 +3.0271e+00 +1.4310e-01 +2.3936e+00
8 +5.329664653e+04 +5.329664653e+04 +5.282689653e+04 +5.282689653e+04 +4.3367e+00 -4.4927e+00 -1.7450e+00
48 +3.493301619e+03 +3.493301619e+03 +3.023551619e+03 +3.023551619e+03 +4.0527e+00 -6.4426e+00 -2.7798e+00
76 +1.077451815e+03 +1.077451815e+03 +6.077018154e+02 +6.077018154e+02 +2.9552e+00 -8.5460e+00 -2.6655e+00
169 +2.803169379e+02 +2.803169379e+02 -1.894330621e+02 -1.894330621e+02 +4.1164e+00 -9.1929e+00 -4.4316e+00
317 +1.898013996e+02 +1.898013996e+02 -2.799486004e+02 -2.799486004e+02 +3.4953e+00 -7.5187e+00 -2.7453e+00
322 +9.918519612e+01 +9.918519612e+01 -3.705648039e+02 -3.705648039e+02 +3.4674e+00 -7.6085e+00 -2.7711e+00
396 +2.316015392e+01 +2.316015392e+01 -4.465898461e+02 -4.465898461e+02 +1.5607e+00 -4.9609e+00 +9.9440e-01
425 +9.083875012e-01 +9.083875012e-01 -4.688416125e+02 -4.688416125e+02 +4.0857e-02 -2.9604e+00 +3.9338e+00
544 +2.885865513e-01 +2.885865513e-01 -4.694614134e+02 -4.694614134e+02 +2.0745e-01 -3.2017e+00 +3.6001e+00
561 +6.919256597e-02 +6.919256597e-02 -4.696808074e+02 -4.696808074e+02 +1.0350e-01 -3.0802e+00 +3.7932e+00
636 +5.171232440e-02 +5.171232440e-02 -4.696982877e+02 -4.696982877e+02 +4.9644e-02 -3.0084e+00 +3.8981e+00
640 +1.045237665e-02 +1.045237665e-02 -4.697395476e+02 -4.697395476e+02 +2.9292e-02 -2.9671e+00 +3.9455e+00
661 +3.996702471e-03 +3.996702471e-03 -4.697460033e+02 -4.697460033e+02 +2.7719e-02 -2.9692e+00 +3.9462e+00
768 +2.623765496e-03 +2.623765496e-03 -4.697473762e+02 -4.697473762e+02 +1.8284e-02 -2.9537e+00 +3.9661e+00
797 +4.865781831e-04 +4.865781831e-04 -4.697495134e+02 -4.697495134e+02 +2.7692e-02 -2.9692e+00 +3.9462e+00
874 +1.090483528e-05 +1.090483528e-05 -4.697499891e+02 -4.697499891e+02 +2.6284e-02 -2.9669e+00 +3.9491e+00
1036 +9.391062349e-06 +9.391062349e-06 -4.697499906e+02 -4.697499906e+02 +2.6988e-02 -2.9680e+00 +3.9477e+00
1066 +4.485364229e-06 +4.485364229e-06 -4.697499955e+02 -4.697499955e+02 +2.6984e-02 -2.9680e+00 +3.9477e+00
1097 +1.870726010e-07 +1.870726010e-07 -4.697499998e+02 -4.697499998e+02 +2.6266e-02 -2.9670e+00 +3.9491e+00
1279 +7.170916660e-08 +7.170916660e-08 -4.697499999e+02 -4.697499999e+02 +2.6356e-02 -2.9671e+00 +3.9489e+00
1300 +3.316125685e-08 +3.316125685e-08 -4.697500000e+02 -4.697500000e+02 +2.6448e-02 -2.9673e+00 +3.9487e+00
1321 +2.008465572e-08 +2.008465572e-08 -4.697500000e+02 -4.697500000e+02 +2.6420e-02 -2.9672e+00 +3.9488e+00
1331 +9.567429515e-09 +9.567429515e-09 -4.697500000e+02 -4.697500000e+02 +2.6408e-02 -2.9672e+00 +3.9488e+00
1411 +4.307821655e-09 +4.307821655e-09 -4.697500000e+02 -4.697500000e+02 +2.6390e-02 -2.9672e+00 +3.9488e+00
1441 +3.336879217e-09 +3.336879217e-09 -4.697500000e+02 -4.697500000e+02 +2.6387e-02 -2.9672e+00 +3.9488e+00
1456 +2.325407422e-09 +2.325407422e-09 -4.697500000e+02 -4.697500000e+02 +2.6393e-02 -2.9672e+00 +3.9488e+00
1460 +1.448995590e-09 +1.448995590e-09 -4.697500000e+02 -4.697500000e+02 +2.6396e-02 -2.9672e+00 +3.9488e+00
1471 +9.032419257e-10 +9.032419257e-10 -4.697500000e+02 -4.697500000e+02 +2.6397e-02 -2.9672e+00 +3.9488e+00
1473 +4.436628842e-10 +4.436628842e-10 -4.697500000e+02 -4.697500000e+02 +2.6394e-02 -2.9672e+00 +3.9488e+00
1509 +3.636841939e-10 +3.636841939e-10 -4.697500000e+02 -4.697500000e+02 +2.6397e-02 -2.9672e+00 +3.9488e+00
1520 +1.996340870e-10 +1.996340870e-10 -4.697500000e+02 -4.697500000e+02 +2.6398e-02 -2.9672e+00 +3.9488e+00
1523 +4.138200893e-11 +4.138200893e-11 -4.697500000e+02 -4.697500000e+02 +2.6399e-02 -2.9672e+00 +3.9488e+00
1595 +3.285549610e-11 +3.285549610e-11 -4.697500000e+02 -4.697500000e+02 +2.6400e-02 -2.9672e+00 +3.9488e+00
1617 +2.273736754e-12 +2.273736754e-12 -4.697500000e+02 -4.697500000e+02 +2.6400e-02 -2.9672e+00 +3.9488e+00
1741 +1.364242053e-12 +1.364242053e-12 -4.697500000e+02 -4.697500000e+02 +2.6400e-02 -2.9672e+00 +3.9488e+00
1762 +2.273736754e-13 +2.273736754e-13 -4.697500000e+02 -4.697500000e+02 +2.6400e-02 -2.9672e+00 +3.9488e+00
1800 +5.684341886e-14 +5.684341886e-14 -4.697500000e+02 -4.697500000e+02 +2.6400e-02 -2.9672e+00 +3.9488e+00
1861 +0.000000000e+00 +0.000000000e+00 -4.697500000e+02 -4.697500000e+02 +2.6400e-02 -2.9672e+00 +3.9488e+00
% function evaluation | noise-free fitness - Fopt (-1.280000000000e+01) | best noise-free fitness - Fopt | measured fitness | best measured fitness | x1 | x2...
1 +1.617078873e+05 +1.617078873e+05 +1.616950873e+05 +1.616950873e+05 +3.1144e+00 +2.9895e+00 +4.2984e+00
9 +5.134345437e+04 +5.134345437e+04 +5.133065437e+04 +5.133065437e+04 -7.1033e-02 -4.0322e+00 +1.1733e+00
17 +9.671342933e+03 +9.671342933e+03 +9.658542933e+03 +9.658542933e+03 -7.1033e-02 -4.0322e+00 -3.4484e-01
94 +4.871746610e+03 +4.871746610e+03 +4.858946610e+03 +4.858946610e+03 +2.8577e+00 +8.8098e-01 +8.8819e-01
109 +2.355835891e+03 +2.355835891e+03 +2.343035891e+03 +2.343035891e+03 +2.2569e+00 -1.3997e-01 +8.4339e-01
120 +8.357833111e+02 +8.357833111e+02 +8.229833111e+02 +8.229833111e+02 -1.0821e+00 -4.5464e+00 +2.9985e+00
121 +3.622655272e+02 +3.622655272e+02 +3.494655272e+02 +3.494655272e+02 -1.0605e+00 -4.5601e+00 +3.0035e+00
174 +5.788054446e+01 +5.788054446e+01 +4.508054446e+01 +4.508054446e+01 -2.4132e+00 -6.8376e+00 +2.3880e+00
235 +3.656701684e+01 +3.656701684e+01 +2.376701684e+01 +2.376701684e+01 -4.1347e-01 -3.7262e+00 +2.4517e+00
301 +1.766631954e+01 +1.766631954e+01 +4.866319536e+00 +4.866319536e+00 -1.1596e+00 -4.9044e+00 +2.3978e+00
307 +1.190142829e+01 +1.190142829e+01 -8.985717097e-01 -8.985717097e-01 -9.3790e-01 -4.5410e+00 +2.4548e+00
348 +8.524863715e+00 +8.524863715e+00 -4.275136285e+00 -4.275136285e+00 -2.3076e-01 -3.4898e+00 +2.3363e+00
399 +3.722696491e+00 +3.722696491e+00 -9.077303509e+00 -9.077303509e+00 +1.5486e+00 -7.0912e-01 +2.4877e+00
441 +2.286618949e+00 +2.286618949e+00 -1.051338105e+01 -1.051338105e+01 -2.8086e-02 -3.1478e+00 +2.4372e+00
447 +1.461905974e+00 +1.461905974e+00 -1.133809403e+01 -1.133809403e+01 +6.5563e-01 -2.1097e+00 +2.3979e+00
544 +5.209465930e-01 +5.209465930e-01 -1.227905341e+01 -1.227905341e+01 +8.7052e-01 -1.7649e+00 +2.4502e+00
605 +1.473699633e-01 +1.473699633e-01 -1.265263004e+01 -1.265263004e+01 +8.0948e-01 -1.8613e+00 +2.4381e+00
646 +5.408180784e-02 +5.408180784e-02 -1.274591819e+01 -1.274591819e+01 +7.0841e-01 -2.0193e+00 +2.4309e+00
678 +1.424287647e-02 +1.424287647e-02 -1.278575712e+01 -1.278575712e+01 +6.1957e-01 -2.1554e+00 +2.4322e+00
730 +4.201558054e-03 +4.201558054e-03 -1.279579844e+01 -1.279579844e+01 +5.8763e-01 -2.2047e+00 +2.4310e+00
752 +1.679281441e-03 +1.679281441e-03 -1.279832072e+01 -1.279832072e+01 +6.3352e-01 -2.1332e+00 +2.4339e+00
773 +1.224962251e-03 +1.224962251e-03 -1.279877504e+01 -1.279877504e+01 +6.1949e-01 -2.1554e+00 +2.4322e+00
779 +3.042757780e-05 +3.042757780e-05 -1.279996957e+01 -1.279996957e+01 +6.1941e-01 -2.1553e+00 +2.4328e+00
872 +8.705646977e-07 +8.705646977e-07 -1.279999913e+01 -1.279999913e+01 +6.1864e-01 -2.1564e+00 +2.4328e+00
1021 +2.022194838e-07 +2.022194838e-07 -1.279999980e+01 -1.279999980e+01 +6.1842e-01 -2.1568e+00 +2.4328e+00
1066 +5.410240256e-08 +5.410240256e-08 -1.279999995e+01 -1.279999995e+01 +6.1842e-01 -2.1568e+00 +2.4328e+00
1191 +1.355901524e-08 +1.355901524e-08 -1.279999999e+01 -1.279999999e+01 +6.1834e-01 -2.1569e+00 +2.4328e+00
1241 +8.872508062e-09 +8.872508062e-09 -1.279999999e+01 -1.279999999e+01 +6.1841e-01 -2.1568e+00 +2.4328e+00
1278 +2.540149424e-09 +2.540149424e-09 -1.280000000e+01 -1.280000000e+01 +6.1842e-01 -2.1568e+00 +2.4328e+00
1284 +1.861272025e-09 +1.861272025e-09 -1.280000000e+01 -1.280000000e+01 +6.1838e-01 -2.1568e+00 +2.4328e+00
1313 +6.608864567e-10 +6.608864567e-10 -1.280000000e+01 -1.280000000e+01 +6.1839e-01 -2.1568e+00 +2.4328e+00
1336 +3.994315989e-10 +3.994315989e-10 -1.280000000e+01 -1.280000000e+01 +6.1840e-01 -2.1568e+00 +2.4328e+00
1361 +3.340296928e-10 +3.340296928e-10 -1.280000000e+01 -1.280000000e+01 +6.1839e-01 -2.1568e+00 +2.4328e+00
1437 +4.389200114e-11 +4.389200114e-11 -1.280000000e+01 -1.280000000e+01 +6.1840e-01 -2.1568e+00 +2.4328e+00
1473 +1.837463515e-11 +1.837463515e-11 -1.280000000e+01 -1.280000000e+01 +6.1840e-01 -2.1568e+00 +2.4328e+00
1488 +9.125145084e-12 +9.125145084e-12 -1.280000000e+01 -1.280000000e+01 +6.1840e-01 -2.1568e+00 +2.4328e+00
1548 +1.103117597e-12 +1.103117597e-12 -1.280000000e+01 -1.280000000e+01 +6.1840e-01 -2.1568e+00 +2.4328e+00
1551 +1.243449788e-14 +1.243449788e-14 -1.280000000e+01 -1.280000000e+01 +6.1840e-01 -2.1568e+00 +2.4328e+00
1756 +8.881784197e-15 +8.881784197e-15 -1.280000000e+01 -1.280000000e+01 +6.1840e-01 -2.1568e+00 +2.4328e+00
1817 +5.329070518e-15 +5.329070518e-15 -1.280000000e+01 -1.280000000e+01 +6.1840e-01 -2.1568e+00 +2.4328e+00
1831 +3.552713679e-15 +3.552713679e-15 -1.280000000e+01 -1.280000000e+01 +6.1840e-01 -2.1568e+00 +2.4328e+00
1849 +1.776356839e-15 +1.776356839e-15 -1.280000000e+01 -1.280000000e+01 +6.1840e-01 -2.1568e+00 +2.4328e+00
1864 +0.000000000e+00 +0.000000000e+00 -1.280000000e+01 -1.280000000e+01 +6.1840e-01 -2.1568e+00 +2.4328e+00
% function evaluation | noise-free fitness - Fopt (-3.856900000000e+02) | best noise-free fitness - Fopt | measured fitness | best measured fitness | x1 | x2...
1 +1.368198824e+06 +1.368198824e+06 +1.367813134e+06 +1.367813134e+06 +5.9271e-01 +2.1770e+00 -1.9495e+00
4 +5.536610872e+04 +5.536610872e+04 +5.498041872e+04 +5.498041872e+04 -3.0295e+00 -1.3728e-01 -1.1795e+00
15 +2.286181226e+04 +2.286181226e+04 +2.247612226e+04 +2.247612226e+04 -1.4625e+00 +5.3901e-01 -8.6716e-01
19 +2.973696051e+03 +2.973696051e+03 +2.588006051e+03 +2.588006051e+03 -3.0295e+00 -3.9659e+00 -1.1795e+00
91 +2.014179738e+03 +2.014179738e+03 +1.628489738e+03 +1.628489738e+03 -1.4687e+00 -3.3479e+00 -1.0849e+00
202 +4.789621748e+02 +4.789621748e+02 +9.327217475e+01 +9.327217475e+01 -1.9383e+00 -5.0559e+00 -1.1845e+00
237 +3.962890064e+02 +3.962890064e+02 +1.059900638e+01 +1.059900638e+01 -6.0844e+00 -1.2233e+00 -1.0463e+00
264 +1.932934072e+02 +1.932934072e+02 -1.923965928e+02 -1.923965928e+02 -2.3250e+00 -4.8970e+00 -1.1661e+00
278 +1.448732492e+02 +1.448732492e+02 -2.408167508e+02 -2.408167508e+02 -5.2295e+00 -1.9296e+00 -1.0403e+00
286 +4.060728725e+01 +4.060728725e+01 -3.450827128e+02 -3.450827128e+02 -3.3359e+00 -3.8114e+00 -1.1176e+00
316 +8.098288754e+00 +8.098288754e+00 -3.775917112e+02 -3.775917112e+02 -4.2231e+00 -2.9052e+00 -1.0851e+00
423 +4.675079582e+00 +4.675079582e+00 -3.810149204e+02 -3.810149204e+02 -4.1774e+00 -2.9157e+00 -1.0856e+00
460 +1.183495913e+00 +1.183495913e+00 -3.845065041e+02 -3.845065041e+02 -2.4816e+00 -4.2689e+00 -1.1350e+00
466 +5.409616841e-01 +5.409616841e-01 -3.851490383e+02 -3.851490383e+02 -2.8475e+00 -3.9647e+00 -1.1240e+00
535 +3.257340594e-01 +3.257340594e-01 -3.853642659e+02 -3.853642659e+02 -2.8418e+00 -3.9838e+00 -1.1247e+00
617 +2.128912954e-01 +2.128912954e-01 -3.854771087e+02 -3.854771087e+02 -2.8368e+00 -3.9778e+00 -1.1239e+00
623 +4.354027033e-02 +4.354027033e-02 -3.856464597e+02 -3.856464597e+02 -2.9359e+00 -3.9132e+00 -1.1219e+00
687 +1.413485087e-02 +1.413485087e-02 -3.856758651e+02 -3.856758651e+02 -3.0200e+00 -3.8386e+00 -1.1192e+00
711 +8.504068261e-03 +8.504068261e-03 -3.856814959e+02 -3.856814959e+02 -3.1036e+00 -3.7694e+00 -1.1168e+00
753 +5.269810668e-03 +5.269810668e-03 -3.856847302e+02 -3.856847302e+02 -3.1057e+00 -3.7719e+00 -1.1169e+00
778 +1.749486120e-03 +1.749486120e-03 -3.856882505e+02 -3.856882505e+02 -3.0774e+00 -3.7945e+00 -1.1178e+00
811 +5.662510437e-04 +5.662510437e-04 -3.856894337e+02 -3.856894337e+02 -3.0774e+00 -3.7945e+00 -1.1177e+00
870 +1.757212372e-04 +1.757212372e-04 -3.856898243e+02 -3.856898243e+02 -3.0710e+00 -3.7993e+00 -1.1179e+00
917 +5.187277281e-05 +5.187277281e-05 -3.856899481e+02 -3.856899481e+02 -3.0764e+00 -3.7947e+00 -1.1177e+00
979 +4.233030609e-06 +4.233030609e-06 -3.856899958e+02 -3.856899958e+02 -3.0806e+00 -3.7913e+00 -1.1176e+00
1051 +2.627081130e-07 +2.627081130e-07 -3.856899997e+02 -3.856899997e+02 -3.0804e+00 -3.7915e+00 -1.1176e+00
1252 +2.220812121e-07 +2.220812121e-07 -3.856899998e+02 -3.856899998e+02 -3.0805e+00 -3.7915e+00 -1.1176e+00
1261 +1.451118123e-07 +1.451118123e-07 -3.856899999e+02 -3.856899999e+02 -3.0811e+00 -3.7910e+00 -1.1176e+00
1279 +6.370885330e-08 +6.370885330e-08 -3.856899999e+02 -3.856899999e+02 -3.0809e+00 -3.7911e+00 -1.1176e+00
1280 +4.957547617e-08 +4.957547617e-08 -3.856900000e+02 -3.856900000e+02 -3.0807e+00 -3.7913e+00 -1.1176e+00
1310 +3.903119250e-08 +3.903119250e-08 -3.856900000e+02 -3.856900000e+02 -3.0809e+00 -3.7911e+00 -1.1176e+00
1323 +2.240892627e-08 +2.240892627e-08 -3.856900000e+02 -3.856900000e+02 -3.0807e+00 -3.7912e+00 -1.1176e+00
1412 +1.070617373e-08 +1.070617373e-08 -3.856900000e+02 -3.856900000e+02 -3.0808e+00 -3.7912e+00 -1.1176e+00
1419 +9.063398920e-09 +9.063398920e-09 -3.856900000e+02 -3.856900000e+02 -3.0809e+00 -3.7912e+00 -1.1176e+00
1429 +6.206107628e-09 +6.206107628e-09 -3.856900000e+02 -3.856900000e+02 -3.0808e+00 -3.7912e+00 -1.1176e+00
1457 +3.554816885e-09 +3.554816885e-09 -3.856900000e+02 -3.856900000e+02 -3.0808e+00 -3.7912e+00 -1.1176e+00
1471 +1.126295501e-09 +1.126295501e-09 -3.856900000e+02 -3.856900000e+02 -3.0808e+00 -3.7912e+00 -1.1176e+00
1531 +4.653202268e-10 +4.653202268e-10 -3.856900000e+02 -3.856900000e+02 -3.0808e+00 -3.7912e+00 -1.1176e+00
1561 +3.437321539e-10 +3.437321539e-10 -3.856900000e+02 -3.856900000e+02 -3.0808e+00 -3.7912e+00 -1.1176e+00
1621 +2.492015483e-10 +2.492015483e-10 -3.856900000e+02 -3.856900000e+02 -3.0808e+00 -3.7912e+00 -1.1176e+00
1634 +1.323314791e-10 +1.323314791e-10 -3.856900000e+02 -3.856900000e+02 -3.0808e+00 -3.7912e+00 -1.1176e+00
1652 +6.133404895e-11 +6.133404895e-11 -3.856900000e+02 -3.856900000e+02 -3.0808e+00 -3.7912e+00 -1.1176e+00
1686 +3.814193406e-11 +3.814193406e-11 -3.856900000e+02 -3.856900000e+02 -3.0808e+00 -3.7912e+00 -1.1176e+00
1728 +1.477928890e-11 +1.477928890e-11 -3.856900000e+02 -3.856900000e+02 -3.0808e+00 -3.7912e+00 -1.1176e+00
1741 +9.265477274e-12 +9.265477274e-12 -3.856900000e+02 -3.856900000e+02 -3.0808e+00 -3.7912e+00 -1.1176e+00
1768 +1.307398634e-12 +1.307398634e-12 -3.856900000e+02 -3.856900000e+02 -3.0808e+00 -3.7912e+00 -1.1176e+00
1831 +8.526512829e-13 +8.526512829e-13 -3.856900000e+02 -3.856900000e+02 -3.0808e+00 -3.7912e+00 -1.1176e+00
1835 +1.136868377e-13 +1.136868377e-13 -3.856900000e+02 -3.856900000e+02 -3.0808e+00 -3.7912e+00 -1.1176e+00
1913 +5.684341886e-14 +5.684341886e-14 -3.856900000e+02 -3.856900000e+02 -3.0808e+00 -3.7912e+00 -1.1176e+00
1939 +0.000000000e+00 +0.000000000e+00 -3.856900000e+02 -3.856900000e+02 -3.0808e+00 -3.7912e+00 -1.1176e+00
% function evaluation | noise-free fitness - Fopt (4.000000000000e+01) | best noise-free fitness - Fopt | measured fitness | best measured fitness | x1 | x2...
1 +1.211398957e+07 +1.211398957e+07 +1.211402957e+07 +1.211402957e+07 -3.9745e+00 +3.6662e-01 -1.6788e+00
2 +9.214388213e+05 +9.214388213e+05 +9.214788213e+05 +9.214788213e+05 +4.7263e+00 -2.5743e+00 -3.6761e+00
5 +2.283866086e+05 +2.283866086e+05 +2.284266086e+05 +2.284266086e+05 +5.0491e-01 -3.8402e+00 -3.0619e+00
14 +2.041968952e+04 +2.041968952e+04 +2.045968952e+04 +2.045968952e+04 +3.5316e+00 -3.5483e+00 -4.9260e+00
24 +3.417327408e+03 +3.417327408e+03 +3.457327408e+03 +3.457327408e+03 +1.5624e+00 -3.3876e+00 -1.2409e+00
91 +1.082168847e+03 +1.082168847e+03 +1.122168847e+03 +1.122168847e+03 +2.8726e+00 -3.3477e+00 -9.2067e-01
144 +2.842858811e+02 +2.842858811e+02 +3.242858811e+02 +3.242858811e+02 +2.6164e+00 -3.3396e+00 -6.0519e-01
151 +1.854578130e+02 +1.854578130e+02 +2.254578130e+02 +2.254578130e+02 +2.1768e+00 -3.3190e+00 -1.4454e-01
185 +6.223169933e+01 +6.223169933e+01 +1.022316993e+02 +1.022316993e+02 +3.7645e+00 -3.3986e+00 -4.5290e-01
196 +3.972765880e+01 +3.972765880e+01 +7.972765880e+01 +7.972765880e+01 +6.6827e+00 -3.4782e+00 +3.4143e-01
243 +1.449516428e+01 +1.449516428e+01 +5.449516428e+01 +5.449516428e+01 +3.1009e+00 -3.3621e+00 -2.9709e-01
286 +6.631912696e+00 +6.631912696e+00 +4.663191270e+01 +4.663191270e+01 +1.9984e+00 -3.3336e+00 -6.9969e-01
307 +3.470760473e+00 +3.470760473e+00 +4.347076047e+01 +4.347076047e+01 -2.6997e-01 -3.2607e+00 -1.0935e+00
334 +2.215942373e+00 +2.215942373e+00 +4.221594237e+01 +4.221594237e+01 +2.3836e+00 -3.3434e+00 -5.1702e-01
382 +9.944236434e-01 +9.944236434e-01 +4.099442364e+01 +4.099442364e+01 +2.0126e+00 -3.3331e+00 -6.1189e-01
453 +2.060359987e-01 +2.060359987e-01 +4.020603600e+01 +4.020603600e+01 +1.3126e+00 -3.3108e+00 -7.6300e-01
473 +3.101777078e-02 +3.101777078e-02 +4.003101777e+01 +4.003101777e+01 +1.2726e+00 -3.3095e+00 -7.7667e-01
541 +1.279234958e-02 +1.279234958e-02 +4.001279235e+01 +4.001279235e+01 +1.2739e+00 -3.3098e+00 -7.8283e-01
586 +6.475528530e-03 +6.475528530e-03 +4.000647553e+01 +4.000647553e+01 +1.2921e+00 -3.3103e+00 -7.8008e-01
593 +1.167389040e-03 +1.167389040e-03 +4.000116739e+01 +4.000116739e+01 +1.2702e+00 -3.3095e+00 -7.8216e-01
663 +9.926985083e-04 +9.926985083e-04 +4.000099270e+01 +4.000099270e+01 +1.2680e+00 -3.3095e+00 -7.8316e-01
760 +5.977715507e-04 +5.977715507e-04 +4.000059777e+01 +4.000059777e+01 +1.3111e+00 -3.3108e+00 -7.7379e-01
766 +2.317647689e-04 +2.317647689e-04 +4.000023176e+01 +4.000023176e+01 +1.3111e+00 -3.3108e+00 -7.7379e-01
784 +8.037099794e-05 +8.037099794e-05 +4.000008037e+01 +4.000008037e+01 +1.3057e+00 -3.3107e+00 -7.7504e-01
787 +6.030558399e-05 +6.030558399e-05 +4.000006031e+01 +4.000006031e+01 +1.2914e+00 -3.3102e+00 -7.7814e-01
845 +1.666750295e-05 +1.666750295e-05 +4.000001667e+01 +4.000001667e+01 +1.2946e+00 -3.3103e+00 -7.7744e-01
903 +7.189786594e-06 +7.189786594e-06 +4.000000719e+01 +4.000000719e+01 +1.2982e+00 -3.3104e+00 -7.7659e-01
920 +6.106069044e-06 +6.106069044e-06 +4.000000611e+01 +4.000000611e+01 +1.2983e+00 -3.3104e+00 -7.7658e-01
931 +1.497617447e-06 +1.497617447e-06 +4.000000150e+01 +4.000000150e+01 +1.2983e+00 -3.3104e+00 -7.7662e-01
1010 +1.729911503e-07 +1.729911503e-07 +4.000000017e+01 +4.000000017e+01 +1.2975e+00 -3.3104e+00 -7.7680e-01
1036 +6.156788146e-08 +6.156788146e-08 +4.000000006e+01 +4.000000006e+01 +1.2975e+00 -3.3104e+00 -7.7680e-01
1154 +2.648749842e-08 +2.648749842e-08 +4.000000003e+01 +4.000000003e+01 +1.2977e+00 -3.3104e+00 -7.7678e-01
1171 +3.909953250e-09 +3.909953250e-09 +4.000000000e+01 +4.000000000e+01 +1.2976e+00 -3.3104e+00 -7.7680e-01
1300 +6.404050623e-10 +6.404050623e-10 +4.000000000e+01 +4.000000000e+01 +1.2976e+00 -3.3104e+00 -7.7680e-01
1380 +5.578968398e-10 +5.578968398e-10 +4.000000000e+01 +4.000000000e+01 +1.2976e+00 -3.3104e+00 -7.7680e-01
1397 +2.921751729e-11 +2.921751729e-11 +4.000000000e+01 +4.000000000e+01 +1.2976e+00 -3.3104e+00 -7.7680e-01
1457 +1.535482852e-11 +1.535482852e-11 +4.000000000e+01 +4.000000000e+01 +1.2976e+00 -3.3104e+00 -7.7680e-01
1501 +9.436007531e-12 +9.436007531e-12 +4.000000000e+01 +4.000000000e+01 +1.2976e+00 -3.3104e+00 -7.7680e-01
1516 +6.146194664e-12 +6.146194664e-12 +4.000000000e+01 +4.000000000e+01 +1.2976e+00 -3.3104e+00 -7.7680e-01
1532 +8.313350008e-13 +8.313350008e-13 +4.000000000e+01 +4.000000000e+01 +1.2976e+00 -3.3104e+00 -7.7680e-01
1562 +5.044853424e-13 +5.044853424e-13 +4.000000000e+01 +4.000000000e+01 +1.2976e+00 -3.3104e+00 -7.7680e-01
1604 +3.268496584e-13 +3.268496584e-13 +4.000000000e+01 +4.000000000e+01 +1.2976e+00 -3.3104e+00 -7.7680e-01
1625 +1.207922651e-13 +1.207922651e-13 +4.000000000e+01 +4.000000000e+01 +1.2976e+00 -3.3104e+00 -7.7680e-01
1637 +7.105427358e-14 +7.105427358e-14 +4.000000000e+01 +4.000000000e+01 +1.2976e+00 -3.3104e+00 -7.7680e-01
1730 +5.684341886e-14 +5.684341886e-14 +4.000000000e+01 +4.000000000e+01 +1.2976e+00 -3.3104e+00 -7.7680e-01
1743 +3.552713679e-14 +3.552713679e-14 +4.000000000e+01 +4.000000000e+01 +1.2976e+00 -3.3104e+00 -7.7680e-01
1759 +7.105427358e-15 +7.105427358e-15 +4.000000000e+01 +4.000000000e+01 +1.2976e+00 -3.3104e+00 -7.7680e-01
1781 +0.000000000e+00 +0.000000000e+00 +4.000000000e+01 +4.000000000e+01 +1.2976e+00 -3.3104e+00 -7.7680e-01
% function evaluation | noise-free fitness - Fopt (1.142600000000e+02) | best noise-free fitness - Fopt | measured fitness | best measured fitness | x1 | x2...
1 +2.964946437e+06 +2.964946437e+06 +2.965060697e+06 +2.965060697e+06 +2.4456e+00 +1.5979e+00 -4.0412e-02
2 +2.041302251e+06 +2.041302251e+06 +2.041416511e+06 +2.041416511e+06 +2.6152e+00 +2.0625e+00 +4.7369e-01
7 +7.556795782e+05 +7.556795782e+05 +7.557938382e+05 +7.557938382e+05 +2.3788e+00 -3.6744e+00 -1.9085e+00
18 +3.807088170e+05 +3.807088170e+05 +3.808230770e+05 +3.808230770e+05 +2.6152e+00 -3.0698e-01 +9.0646e-02
20 +9.777796033e+04 +9.777796033e+04 +9.789222033e+04 +9.789222033e+04 +4.4460e+00 +3.6367e+00 +1.9152e+00
30 +2.954613560e+04 +2.954613560e+04 +2.966039560e+04 +2.966039560e+04 -1.8414e+00 -5.8450e+00 +1.7460e+00
52 +2.450593926e+04 +2.450593926e+04 +2.462019926e+04 +2.462019926e+04 +2.4061e+00 -2.3204e+00 -8.6381e-02
91 +3.951347193e+03 +3.951347193e+03 +4.065607193e+03 +4.065607193e+03 +1.0599e+00 -4.4053e+00 +5.3917e-02
137 +1.997345491e+03 +1.997345491e+03 +2.111605491e+03 +2.111605491e+03 +8.1444e-01 -4.2876e+00 +2.5970e-01
260 +1.386594659e+03 +1.386594659e+03 +1.500854659e+03 +1.500854659e+03 -1.9972e+00 -2.8524e+00 +3.3200e+00
274 +9.617997187e+02 +9.617997187e+02 +1.076059719e+03 +1.076059719e+03 -4.5963e-01 -2.7860e+00 +2.0577e+00
293 +4.943726240e+02 +4.943726240e+02 +6.086326240e+02 +6.086326240e+02 -1.0639e+00 -2.0140e+00 +3.0033e+00
316 +2.596570708e+02 +2.596570708e+02 +3.739170708e+02 +3.739170708e+02 -1.6447e+00 -1.9729e+00 +3.4958e+00
333 +2.298703618e+02 +2.298703618e+02 +3.441303618e+02 +3.441303618e+02 -1.8881e+00 -2.1685e+00 +3.5434e+00
341 +5.011796608e+01 +5.011796608e+01 +1.643779661e+02 +1.643779661e+02 -1.3111e+00 -2.5707e+00 +2.8912e+00
410 +4.420803698e+00 +4.420803698e+00 +1.186808037e+02 +1.186808037e+02 -6.7108e-01 -4.1652e+00 +1.5023e+00
558 +3.133541443e+00 +3.133541443e+00 +1.173935414e+02 +1.173935414e+02 -1.1109e+00 -3.2654e+00 +2.3427e+00
575 +1.762111370e+00 +1.762111370e+00 +1.160221114e+02 +1.160221114e+02 -9.9079e-01 -3.3756e+00 +2.1864e+00
593 +5.526945272e-01 +5.526945272e-01 +1.148126945e+02 +1.148126945e+02 -9.9591e-01 -3.3682e+00 +2.1955e+00
610 +2.230893940e-01 +2.230893940e-01 +1.144830894e+02 +1.144830894e+02 -1.0181e+00 -3.3778e+00 +2.2084e+00
668 +1.286030989e-01 +1.286030989e-01 +1.143886031e+02 +1.143886031e+02 -1.2153e+00 -2.9406e+00 +2.6039e+00
696 +3.415113508e-03 +3.415113508e-03 +1.142634151e+02 +1.142634151e+02 -1.0896e+00 -3.1998e+00 +2.3625e+00
869 +1.016292652e-03 +1.016292652e-03 +1.142610163e+02 +1.142610163e+02 -1.1106e+00 -3.1597e+00 +2.4010e+00
883 +8.406073954e-04 +8.406073954e-04 +1.142608406e+02 +1.142608406e+02 -1.0902e+00 -3.2013e+00 +2.3622e+00
980 +2.466263935e-04 +2.466263935e-04 +1.142602466e+02 +1.142602466e+02 -1.0999e+00 -3.1808e+00 +2.3811e+00
995 +1.120509091e-04 +1.120509091e-04 +1.142601121e+02 +1.142601121e+02 -1.0978e+00 -3.1856e+00 +2.3768e+00
1014 +2.046214415e-05 +2.046214415e-05 +1.142600205e+02 +1.142600205e+02 -1.0993e+00 -3.1829e+00 +2.3794e+00
1058 +1.565196827e-05 +1.565196827e-05 +1.142600157e+02 +1.142600157e+02 -1.0991e+00 -3.1831e+00 +2.3792e+00
1127 +1.898615309e-06 +1.898615309e-06 +1.142600019e+02 +1.142600019e+02 -1.0993e+00 -3.1829e+00 +2.3795e+00
1173 +1.242785544e-06 +1.242785544e-06 +1.142600012e+02 +1.142600012e+02 -1.0995e+00 -3.1827e+00 +2.3797e+00
1216 +1.618174537e-07 +1.618174537e-07 +1.142600002e+02 +1.142600002e+02 -1.0992e+00 -3.1832e+00 +2.3792e+00
1261 +7.126404000e-08 +7.126404000e-08 +1.142600001e+02 +1.142600001e+02 -1.0992e+00 -3.1832e+00 +2.3792e+00
1272 +5.431597572e-08 +5.431597572e-08 +1.142600001e+02 +1.142600001e+02 -1.0992e+00 -3.1833e+00 +2.3791e+00
1318 +1.025800600e-08 +1.025800600e-08 +1.142600000e+02 +1.142600000e+02 -1.0992e+00 -3.1832e+00 +2.3792e+00
1402 +7.880899489e-09 +7.880899489e-09 +1.142600000e+02 +1.142600000e+02 -1.0992e+00 -3.1832e+00 +2.3792e+00
1457 +1.546254680e-09 +1.546254680e-09 +1.142600000e+02 +1.142600000e+02 -1.0992e+00 -3.1832e+00 +2.3792e+00
1524 +9.027445458e-10 +9.027445458e-10 +1.142600000e+02 +1.142600000e+02 -1.0992e+00 -3.1832e+00 +2.3792e+00
1563 +6.032792044e-10 +6.032792044e-10 +1.142600000e+02 +1.142600000e+02 -1.0992e+00 -3.1832e+00 +2.3792e+00
1624 +1.154916163e-10 +1.154916163e-10 +1.142600000e+02 +1.142600000e+02 -1.0992e+00 -3.1832e+00 +2.3792e+00
1638 +6.433253930e-11 +6.433253930e-11 +1.142600000e+02 +1.142600000e+02 -1.0992e+00 -3.1832e+00 +2.3792e+00
1684 +2.714273251e-11 +2.714273251e-11 +1.142600000e+02 +1.142600000e+02 -1.0992e+00 -3.1832e+00 +2.3792e+00
1756 +2.016520284e-11 +2.016520284e-11 +1.142600000e+02 +1.142600000e+02 -1.0992e+00 -3.1832e+00 +2.3792e+00
1757 +1.543298822e-11 +1.543298822e-11 +1.142600000e+02 +1.142600000e+02 -1.0992e+00 -3.1832e+00 +2.3792e+00
1805 +5.400124792e-12 +5.400124792e-12 +1.142600000e+02 +1.142600000e+02 -1.0992e+00 -3.1832e+00 +2.3792e+00
1836 +1.136868377e-12 +1.136868377e-12 +1.142600000e+02 +1.142600000e+02 -1.0992e+00 -3.1832e+00 +2.3792e+00
1889 +5.684341886e-14 +5.684341886e-14 +1.142600000e+02 +1.142600000e+02 -1.0992e+00 -3.1832e+00 +2.3792e+00
1936 +1.421085472e-14 +1.421085472e-14 +1.142600000e+02 +1.142600000e+02 -1.0992e+00 -3.1832e+00 +2.3792e+00
2090 +0.000000000e+00 +0.000000000e+00 +1.142600000e+02 +1.142600000e+02 -1.0992e+00 -3.1832e+00 +2.3792e+00
% function evaluation | noise-free fitness - Fopt (1.393000000000e+01) | best noise-free fitness - Fopt | measured fitness | best measured fitness | x1 | x2...
1 +4.838964939e+05 +4.838964939e+05 +4.839104239e+05 +4.839104239e+05 +9.8939e-01 +4.5415e+00 -5.6077e-01
3 +1.915497720e+05 +1.915497720e+05 +1.915637020e+05 +1.915637020e+05 -3.2425e-02 +2.8385e+00 -2.6793e+00
27 +1.582810950e+05 +1.582810950e+05 +1.582950250e+05 +1.582950250e+05 +1.6457e+00 -2.0818e+00 -2.4323e+00
29 +2.817170411e+04 +2.817170411e+04 +2.818563411e+04 +2.818563411e+04 -1.7974e+00 +2.3046e+00 -4.9532e+00
61 +1.246912595e+04 +1.246912595e+04 +1.248305595e+04 +1.248305595e+04 -2.5497e+00 +5.8015e+00 -4.4026e+00
65 +2.467227845e+03 +2.467227845e+03 +2.481157845e+03 +2.481157845e+03 -1.3061e+00 +5.7887e+00 -2.3309e+00
108 +1.414044799e+03 +1.414044799e+03 +1.427974799e+03 +1.427974799e+03 -2.5760e+00 +7.2265e+00 -3.5234e+00
150 +9.127765071e+02 +9.127765071e+02 +9.267065071e+02 +9.267065071e+02 +8.2510e-03 +4.4032e+00 -8.7571e-01
174 +3.241519260e+02 +3.241519260e+02 +3.380819260e+02 +3.380819260e+02 +1.0112e+00 +3.6241e+00 +3.0930e-01
231 +1.701377294e+02 +1.701377294e+02 +1.840677294e+02 +1.840677294e+02 +2.3553e+00 +2.9567e+00 +2.0925e+00
274 +1.290902188e+02 +1.290902188e+02 +1.430202188e+02 +1.430202188e+02 +3.4067e+00 +1.5841e+00 +3.0579e+00
277 +6.212570164e+01 +6.212570164e+01 +7.605570164e+01 +7.605570164e+01 +1.0375e+00 +3.9156e+00 +4.8760e-01
338 +2.675141905e+01 +2.675141905e+01 +4.068141905e+01 +4.068141905e+01 +1.4520e+00 +3.5341e+00 +9.4735e-01
373 +1.971022809e+01 +1.971022809e+01 +3.364022809e+01 +3.364022809e+01 +1.4489e+00 +3.5511e+00 +9.5892e-01
377 +9.451389057e+00 +9.451389057e+00 +2.338138906e+01 +2.338138906e+01 +2.7735e+00 +2.0130e+00 +2.2532e+00
406 +5.429635143e+00 +5.429635143e+00 +1.935963514e+01 +1.935963514e+01 +3.2969e+00 +1.4093e+00 +2.7741e+00
409 +1.182306775e+00 +1.182306775e+00 +1.511230677e+01 +1.511230677e+01 +3.0780e+00 +1.7164e+00 +2.5860e+00
481 +9.700163542e-01 +9.700163542e-01 +1.490001635e+01 +1.490001635e+01 +3.2310e+00 +1.5391e+00 +2.7372e+00
517 +1.279823862e-01 +1.279823862e-01 +1.405798239e+01 +1.405798239e+01 +3.4734e+00 +1.2714e+00 +2.9809e+00
620 +8.174810720e-02 +8.174810720e-02 +1.401174811e+01 +1.401174811e+01 +3.5444e+00 +1.1952e+00 +3.0546e+00
631 +3.120988043e-02 +3.120988043e-02 +1.396120988e+01 +1.396120988e+01 +3.6204e+00 +1.1088e+00 +3.1297e+00
649 +2.116763741e-02 +2.116763741e-02 +1.395116764e+01 +1.395116764e+01 +3.5585e+00 +1.1760e+00 +3.0666e+00
698 +1.384664119e-02 +1.384664119e-02 +1.394384664e+01 +1.394384664e+01 +3.5690e+00 +1.1634e+00 +3.0766e+00
721 +8.690079481e-03 +8.690079481e-03 +1.393869008e+01 +1.393869008e+01 +3.6755e+00 +1.0412e+00 +3.1818e+00
752 +2.741983636e-03 +2.741983636e-03 +1.393274198e+01 +1.393274198e+01 +3.6490e+00 +1.0715e+00 +3.1556e+00
776 +2.094071491e-03 +2.094071491e-03 +1.393209407e+01 +1.393209407e+01 +3.6385e+00 +1.0832e+00 +3.1450e+00
811 +7.367514357e-04 +7.367514357e-04 +1.393073675e+01 +1.393073675e+01 +3.6284e+00 +1.0935e+00 +3.1344e+00
817 +4.626804134e-04 +4.626804134e-04 +1.393046268e+01 +1.393046268e+01 +3.6216e+00 +1.1022e+00 +3.1282e+00
853 +2.457173169e-04 +2.457173169e-04 +1.393024572e+01 +1.393024572e+01 +3.6238e+00 +1.0999e+00 +3.1304e+00
976 +1.580128721e-04 +1.580128721e-04 +1.393015801e+01 +1.393015801e+01 +3.6301e+00 +1.0927e+00 +3.1366e+00
1006 +5.285667077e-05 +5.285667077e-05 +1.393005286e+01 +1.393005286e+01 +3.6300e+00 +1.0923e+00 +3.1362e+00
1038 +3.186246771e-05 +3.186246771e-05 +1.393003186e+01 +1.393003186e+01 +3.6319e+00 +1.0903e+00 +3.1383e+00
1058 +1.026357462e-05 +1.026357462e-05 +1.393001026e+01 +1.393001026e+01 +3.6306e+00 +1.0919e+00 +3.1370e+00
1126 +6.462327518e-06 +6.462327518e-06 +1.393000646e+01 +1.393000646e+01 +3.6307e+00 +1.0917e+00 +3.1371e+00
1185 +5.235296312e-06 +5.235296312e-06 +1.393000524e+01 +1.393000524e+01 +3.6295e+00 +1.0931e+00 +3.1360e+00
1193 +3.437904549e-06 +3.437904549e-06 +1.393000344e+01 +1.393000344e+01 +3.6300e+00 +1.0924e+00 +3.1364e+00
1202 +2.379816131e-06 +2.379816131e-06 +1.393000238e+01 +1.393000238e+01 +3.6300e+00 +1.0924e+00 +3.1364e+00
1206 +6.511845214e-07 +6.511845214e-07 +1.393000065e+01 +1.393000065e+01 +3.6307e+00 +1.0917e+00 +3.1371e+00
1216 +3.703471307e-07 +3.703471307e-07 +1.393000037e+01 +1.393000037e+01 +3.6303e+00 +1.0920e+00 +3.1367e+00
1262 +1.824578391e-07 +1.824578391e-07 +1.393000018e+01 +1.393000018e+01 +3.6302e+00 +1.0922e+00 +3.1366e+00
1276 +1.168860955e-07 +1.168860955e-07 +1.393000012e+01 +1.393000012e+01 +3.6305e+00 +1.0918e+00 +3.1369e+00
1277 +8.881015212e-08 +8.881015212e-08 +1.393000009e+01 +1.393000009e+01 +3.6304e+00 +1.0920e+00 +3.1368e+00
1291 +5.102216072e-08 +5.102216072e-08 +1.393000005e+01 +1.393000005e+01 +3.6304e+00 +1.0920e+00 +3.1368e+00
1381 +1.991260135e-08 +1.991260135e-08 +1.393000002e+01 +1.393000002e+01 +3.6304e+00 +1.0920e+00 +3.1368e+00
1427 +7.376151245e-09 +7.376151245e-09 +1.393000001e+01 +1.393000001e+01 +3.6304e+00 +1.0920e+00 +3.1368e+00
1451 +1.611004663e-09 +1.611004663e-09 +1.393000000e+01 +1.393000000e+01 +3.6304e+00 +1.0920e+00 +3.1368e+00
1516 +6.579963241e-10 +6.579963241e-10 +1.393000000e+01 +1.393000000e+01 +3.6304e+00 +1.0920e+00 +3.1368e+00
1553 +4.660254405e-10 +4.660254405e-10 +1.393000000e+01 +1.393000000e+01 +3.6304e+00 +1.0920e+00 +3.1368e+00
1565 +1.429025787e-10 +1.429025787e-10 +1.393000000e+01 +1.393000000e+01 +3.6304e+00 +1.0920e+00 +3.1368e+00
1597 +4.721556479e-12 +4.721556479e-12 +1.393000000e+01 +1.393000000e+01 +3.6304e+00 +1.0920e+00 +3.1368e+00
1697 +2.968292279e-12 +2.968292279e-12 +1.393000000e+01 +1.393000000e+01 +3.6304e+00 +1.0920e+00 +3.1368e+00
1728 +1.188382726e-12 +1.188382726e-12 +1.393000000e+01 +1.393000000e+01 +3.6304e+00 +1.0920e+00 +3.1368e+00
1773 +5.542233339e-13 +5.542233339e-13 +1.393000000e+01 +1.393000000e+01 +3.6304e+00 +1.0920e+00 +3.1368e+00
1792 +2.895461648e-13 +2.895461648e-13 +1.393000000e+01 +1.393000000e+01 +3.6304e+00 +1.0920e+00 +3.1368e+00
1824 +1.474376177e-13 +1.474376177e-13 +1.393000000e+01 +1.393000000e+01 +3.6304e+00 +1.0920e+00 +3.1368e+00
1830 +3.907985047e-14 +3.907985047e-14 +1.393000000e+01 +1.393000000e+01 +3.6304e+00 +1.0920e+00 +3.1368e+00
1907 +1.065814104e-14 +1.065814104e-14 +1.393000000e+01 +1.393000000e+01 +3.6304e+00 +1.0920e+00 +3.1368e+00
1922 +8.881784197e-15 +8.881784197e-15 +1.393000000e+01 +1.393000000e+01 +3.6304e+00 +1.0920e+00 +3.1368e+00
1960 +5.329070518e-15 +5.329070518e-15 +1.393000000e+01 +1.393000000e+01 +3.6304e+00 +1.0920e+00 +3.1368e+00
2031 +3.552713679e-15 +3.552713679e-15 +1.393000000e+01 +1.393000000e+01 +3.6304e+00 +1.0920e+00 +3.1368e+00
2051 +1.776356839e-15 +1.776356839e-15 +1.393000000e+01 +1.393000000e+01 +3.6304e+00 +1.0920e+00 +3.1368e+00
2092 +0.000000000e+00 +0.000000000e+00 +1.393000000e+01 +1.393000000e+01 +3.6304e+00 +1.0920e+00 +3.1368e+00
% function evaluation | noise-free fitness - Fopt (-3.175000000000e+01) | best noise-free fitness - Fopt | measured fitness | best measured fitness | x1 | x2...
1 +1.640560203e+06 +1.640560203e+06 +1.640528453e+06 +1.640528453e+06 -7.0826e-01 +1.0818e+00 -1.4007e+00
8 +5.433496523e+05 +5.433496523e+05 +5.433179023e+05 +5.433179023e+05 +2.3293e-01 -3.0524e-01 -8.8673e-01
10 +1.813125498e+05 +1.813125498e+05 +1.812807998e+05 +1.812807998e+05 +1.1022e+00 -2.4996e+00 -1.8082e+00
24 +3.461980295e+04 +3.461980295e+04 +3.458805295e+04 +3.458805295e+04 -7.0364e-01 -7.0911e-01 +1.9531e-01
92 +2.267536123e+04 +2.267536123e+04 +2.264361123e+04 +2.264361123e+04 -6.6058e-01 -6.5415e-01 +2.0114e-01
126 +1.353634510e+04 +1.353634510e+04 +1.350459510e+04 +1.350459510e+04 +1.7924e+00 -3.1357e+00 +8.1255e+00
169 +5.258990483e+03 +5.258990483e+03 +5.227240483e+03 +5.227240483e+03 -3.5713e+00 +1.7124e+00 +2.8617e+00
182 +1.807987931e+03 +1.807987931e+03 +1.776237931e+03 +1.776237931e+03 -1.9677e+00 +3.6615e-01 +3.9803e+00
190 +9.651704574e+02 +9.651704574e+02 +9.334204574e+02 +9.334204574e+02 -4.6775e+00 +2.7935e+00 +1.6235e+00
196 +1.718168945e+02 +1.718168945e+02 +1.400668945e+02 +1.400668945e+02 -7.2776e+00 +5.3684e+00 -5.4541e+00
268 +4.308470941e+01 +4.308470941e+01 +1.133470941e+01 +1.133470941e+01 -3.6419e+00 +1.8975e+00 +2.3173e+00
301 +3.033534177e+01 +3.033534177e+01 -1.414658227e+00 -1.414658227e+00 -4.2072e+00 +2.4300e+00 +1.2332e+00
361 +1.674618424e+01 +1.674618424e+01 -1.500381576e+01 -1.500381576e+01 -2.7760e+00 +1.0469e+00 +4.7372e+00
396 +8.365799481e+00 +8.365799481e+00 -2.338420052e+01 -2.338420052e+01 -3.0758e+00 +1.3409e+00 +4.0146e+00
398 +1.868069741e+00 +1.868069741e+00 -2.988193026e+01 -2.988193026e+01 -3.7484e+00 +1.9877e+00 +2.4317e+00
422 +2.692866169e-01 +2.692866169e-01 -3.148071338e+01 -3.148071338e+01 -3.5018e+00 +1.7479e+00 +3.0237e+00
542 +2.419297201e-01 +2.419297201e-01 -3.150807028e+01 -3.150807028e+01 -3.4184e+00 +1.6711e+00 +3.1480e+00
638 +1.428190980e-02 +1.428190980e-02 -3.173571809e+01 -3.173571809e+01 -3.5060e+00 +1.7532e+00 +2.9881e+00
646 +2.539302575e-03 +2.539302575e-03 -3.174746070e+01 -3.174746070e+01 -3.5063e+00 +1.7536e+00 +2.9884e+00
782 +1.513411368e-03 +1.513411368e-03 -3.174848659e+01 -3.174848659e+01 -3.5046e+00 +1.7519e+00 +2.9936e+00
842 +3.775534236e-04 +3.775534236e-04 -3.174962245e+01 -3.174962245e+01 -3.4897e+00 +1.7378e+00 +3.0243e+00
872 +2.505747397e-04 +2.505747397e-04 -3.174974943e+01 -3.174974943e+01 -3.4962e+00 +1.7440e+00 +3.0098e+00
929 +1.155215238e-04 +1.155215238e-04 -3.174988448e+01 -3.174988448e+01 -3.4916e+00 +1.7396e+00 +3.0199e+00
994 +4.302552853e-05 +4.302552853e-05 -3.174995697e+01 -3.174995697e+01 -3.4895e+00 +1.7376e+00 +3.0245e+00
997 +1.855100258e-05 +1.855100258e-05 -3.174998145e+01 -3.174998145e+01 -3.4910e+00 +1.7390e+00 +3.0214e+00
1036 +1.487136345e-05 +1.487136345e-05 -3.174998513e+01 -3.174998513e+01 -3.4920e+00 +1.7400e+00 +3.0193e+00
1058 +4.995182277e-06 +4.995182277e-06 -3.174999500e+01 -3.174999500e+01 -3.4929e+00 +1.7408e+00 +3.0174e+00
1066 +1.266686084e-06 +1.266686084e-06 -3.174999873e+01 -3.174999873e+01 -3.4918e+00 +1.7398e+00 +3.0196e+00
1134 +5.098917129e-07 +5.098917129e-07 -3.174999949e+01 -3.174999949e+01 -3.4920e+00 +1.7400e+00 +3.0191e+00
1220 +3.269117137e-07 +3.269117137e-07 -3.174999967e+01 -3.174999967e+01 -3.4920e+00 +1.7400e+00 +3.0191e+00
1264 +1.791530124e-08 +1.791530124e-08 -3.174999998e+01 -3.174999998e+01 -3.4920e+00 +1.7400e+00 +3.0191e+00
1380 +1.261385663e-08 +1.261385663e-08 -3.174999999e+01 -3.174999999e+01 -3.4920e+00 +1.7400e+00 +3.0192e+00
1398 +6.182872880e-09 +6.182872880e-09 -3.174999999e+01 -3.174999999e+01 -3.4920e+00 +1.7400e+00 +3.0192e+00
1414 +2.034493463e-09 +2.034493463e-09 -3.175000000e+01 -3.175000000e+01 -3.4920e+00 +1.7400e+00 +3.0192e+00
1441 +6.475140424e-10 +6.475140424e-10 -3.175000000e+01 -3.175000000e+01 -3.4920e+00 +1.7400e+00 +3.0192e+00
1545 +4.822311439e-10 +4.822311439e-10 -3.175000000e+01 -3.175000000e+01 -3.4920e+00 +1.7400e+00 +3.0192e+00
1587 +3.418634265e-10 +3.418634265e-10 -3.175000000e+01 -3.175000000e+01 -3.4920e+00 +1.7400e+00 +3.0192e+00
1606 +2.216786754e-10 +2.216786754e-10 -3.175000000e+01 -3.175000000e+01 -3.4920e+00 +1.7400e+00 +3.0192e+00
1622 +5.906741762e-11 +5.906741762e-11 -3.175000000e+01 -3.175000000e+01 -3.4920e+00 +1.7400e+00 +3.0192e+00
1702 +1.042010922e-11 +1.042010922e-11 -3.175000000e+01 -3.175000000e+01 -3.4920e+00 +1.7400e+00 +3.0192e+00
1718 +4.529709940e-12 +4.529709940e-12 -3.175000000e+01 -3.175000000e+01 -3.4920e+00 +1.7400e+00 +3.0192e+00
1731 +3.876010624e-12 +3.876010624e-12 -3.175000000e+01 -3.175000000e+01 -3.4920e+00 +1.7400e+00 +3.0192e+00
1803 +2.131628207e-12 +2.131628207e-12 -3.175000000e+01 -3.175000000e+01 -3.4920e+00 +1.7400e+00 +3.0192e+00
1836 +4.369837825e-13 +4.369837825e-13 -3.175000000e+01 -3.175000000e+01 -3.4920e+00 +1.7400e+00 +3.0192e+00
1868 +2.131628207e-14 +2.131628207e-14 -3.175000000e+01 -3.175000000e+01 -3.4920e+00 +1.7400e+00 +3.0192e+00
2057 +1.421085472e-14 +1.421085472e-14 -3.175000000e+01 -3.175000000e+01 -3.4920e+00 +1.7400e+00 +3.0192e+00
2059 +7.105427358e-15 +7.105427358e-15 -3.175000000e+01 -3.175000000e+01 -3.4920e+00 +1.7400e+00 +3.0192e+00
2062 +0.000000000e+00 +0.000000000e+00 -3.175000000e+01 -3.175000000e+01 -3.4920e+00 +1.7400e+00 +3.0192e+00
% function evaluation | noise-free fitness - Fopt (5.432000000000e+01) | best noise-free fitness - Fopt | measured fitness | best measured fitness | x1 | x2...
1 +2.162052183e+04 +2.162052183e+04 +2.167484183e+04 +2.167484183e+04 +2.6503e+00 -1.7456e+00 +3.8686e+00
14 +1.678659656e+03 +1.678659656e+03 +1.732979656e+03 +1.732979656e+03 +1.5367e+00 +1.0010e+00 -5.9018e-01
46 +1.057282631e+03 +1.057282631e+03 +1.111602631e+03 +1.111602631e+03 +1.4905e+00 +1.0517e+00 -7.1931e-01
149 +5.084266573e+02 +5.084266573e+02 +5.627466573e+02 +5.627466573e+02 +1.7918e+00 +1.2822e+00 -7.1716e-01
212 +1.579381127e+02 +1.579381127e+02 +2.122581127e+02 +2.122581127e+02 +3.6648e+00 +2.5230e+00 -3.2644e-01
347 +9.059788134e+01 +9.059788134e+01 +1.449178813e+02 +1.449178813e+02 +1.5892e+00 +5.8078e-01 -1.0491e-01
438 +5.155235597e+01 +5.155235597e+01 +1.058723560e+02 +1.058723560e+02 -3.5219e-02 -7.2121e-01 -1.7021e-01
468 +1.765421910e+01 +1.765421910e+01 +7.197421910e+01 +7.197421910e+01 +5.0078e-01 -2.7459e-01 -1.7685e-01
473 +1.262400021e+01 +1.262400021e+01 +6.694400021e+01 +6.694400021e+01 -1.4725e+00 -2.0514e+00 -4.3392e-02
505 +5.292893626e+00 +5.292893626e+00 +5.961289363e+01 +5.961289363e+01 +1.2337e+00 +2.8233e-01 -8.7095e-02
528 +2.235301301e+00 +2.235301301e+00 +5.655530130e+01 +5.655530130e+01 +6.1515e-02 -7.1749e-01 -8.3680e-02
543 +8.623760425e-01 +8.623760425e-01 +5.518237604e+01 +5.518237604e+01 +1.2346e+00 +2.8125e-01 -8.8006e-02
593 +5.095867702e-01 +5.095867702e-01 +5.482958677e+01 +5.482958677e+01 +9.8311e-01 +5.9781e-02 -7.8768e-02
646 +3.367657398e-01 +3.367657398e-01 +5.465676574e+01 +5.465676574e+01 +7.5771e-01 -1.2756e-01 -8.3497e-02
692 +3.022710071e-02 +3.022710071e-02 +5.435022710e+01 +5.435022710e+01 +8.7127e-01 -2.4996e-02 -9.2186e-02
773 +1.208543880e-02 +1.208543880e-02 +5.433208544e+01 +5.433208544e+01 +8.1376e-01 -7.3546e-02 -9.2422e-02
826 +5.973847861e-03 +5.973847861e-03 +5.432597385e+01 +5.432597385e+01 +8.3335e-01 -5.6081e-02 -9.3122e-02
856 +6.292602041e-04 +6.292602041e-04 +5.432062926e+01 +5.432062926e+01 +8.3655e-01 -5.4516e-02 -9.1857e-02
993 +4.069960555e-05 +4.069960555e-05 +5.432004070e+01 +5.432004070e+01 +8.1924e-01 -6.9120e-02 -9.1968e-02
1036 +2.591273501e-05 +2.591273501e-05 +5.432002591e+01 +5.432002591e+01 +8.1923e-01 -6.9118e-02 -9.1966e-02
1124 +1.140764567e-05 +1.140764567e-05 +5.432001141e+01 +5.432001141e+01 +8.2273e-01 -6.6128e-02 -9.1985e-02
1144 +3.221245173e-06 +3.221245173e-06 +5.432000322e+01 +5.432000322e+01 +8.2365e-01 -6.5329e-02 -9.2007e-02
1155 +1.911464459e-06 +1.911464459e-06 +5.432000191e+01 +5.432000191e+01 +8.2339e-01 -6.5541e-02 -9.2026e-02
1160 +5.068678348e-07 +5.068678348e-07 +5.432000051e+01 +5.432000051e+01 +8.2276e-01 -6.6094e-02 -9.1995e-02
1252 +2.689566259e-07 +2.689566259e-07 +5.432000027e+01 +5.432000027e+01 +8.2245e-01 -6.6354e-02 -9.2003e-02
1262 +2.189140034e-07 +2.189140034e-07 +5.432000022e+01 +5.432000022e+01 +8.2229e-01 -6.6490e-02 -9.2002e-02
1280 +9.280351776e-08 +9.280351776e-08 +5.432000009e+01 +5.432000009e+01 +8.2255e-01 -6.6277e-02 -9.1999e-02
1315 +3.677205029e-08 +3.677205029e-08 +5.432000004e+01 +5.432000004e+01 +8.2244e-01 -6.6371e-02 -9.1996e-02
1336 +2.372232899e-08 +2.372232899e-08 +5.432000002e+01 +5.432000002e+01 +8.2244e-01 -6.6369e-02 -9.2000e-02
1342 +8.737949031e-09 +8.737949031e-09 +5.432000001e+01 +5.432000001e+01 +8.2244e-01 -6.6365e-02 -9.1999e-02
1412 +5.977547346e-09 +5.977547346e-09 +5.432000001e+01 +5.432000001e+01 +8.2244e-01 -6.6364e-02 -9.2000e-02
1418 +1.579429920e-09 +1.579429920e-09 +5.432000000e+01 +5.432000000e+01 +8.2238e-01 -6.6421e-02 -9.2000e-02
1443 +6.238991546e-10 +6.238991546e-10 +5.432000000e+01 +5.432000000e+01 +8.2240e-01 -6.6399e-02 -9.2000e-02
1498 +3.330171694e-10 +3.330171694e-10 +5.432000000e+01 +5.432000000e+01 +8.2240e-01 -6.6399e-02 -9.2000e-02
1531 +2.957278866e-11 +2.957278866e-11 +5.432000000e+01 +5.432000000e+01 +8.2240e-01 -6.6399e-02 -9.2000e-02
1591 +8.263612017e-12 +8.263612017e-12 +5.432000000e+01 +5.432000000e+01 +8.2240e-01 -6.6402e-02 -9.2000e-02
1747 +3.666400517e-12 +3.666400517e-12 +5.432000000e+01 +5.432000000e+01 +8.2240e-01 -6.6400e-02 -9.2000e-02
1790 +1.605826583e-12 +1.605826583e-12 +5.432000000e+01 +5.432000000e+01 +8.2240e-01 -6.6400e-02 -9.2000e-02
1812 +1.499245172e-12 +1.499245172e-12 +5.432000000e+01 +5.432000000e+01 +8.2240e-01 -6.6400e-02 -9.2000e-02
1837 +8.171241461e-13 +8.171241461e-13 +5.432000000e+01 +5.432000000e+01 +8.2240e-01 -6.6400e-02 -9.2000e-02
1849 +4.050093594e-13 +4.050093594e-13 +5.432000000e+01 +5.432000000e+01 +8.2240e-01 -6.6400e-02 -9.2000e-02
1864 +2.273736754e-13 +2.273736754e-13 +5.432000000e+01 +5.432000000e+01 +8.2240e-01 -6.6400e-02 -9.2000e-02
1876 +7.105427358e-14 +7.105427358e-14 +5.432000000e+01 +5.432000000e+01 +8.2240e-01 -6.6400e-02 -9.2000e-02
1893 +4.973799150e-14 +4.973799150e-14 +5.432000000e+01 +5.432000000e+01 +8.2240e-01 -6.6400e-02 -9.2000e-02
1923 +2.842170943e-14 +2.842170943e-14 +5.432000000e+01 +5.432000000e+01 +8.2240e-01 -6.6400e-02 -9.2000e-02
2013 +2.131628207e-14 +2.131628207e-14 +5.432000000e+01 +5.432000000e+01 +8.2240e-01 -6.6400e-02 -9.2000e-02
2027 +7.105427358e-15 +7.105427358e-15 +5.432000000e+01 +5.432000000e+01 +8.2240e-01 -6.6400e-02 -9.2000e-02
2043 +0.000000000e+00 +0.000000000e+00 +5.432000000e+01 +5.432000000e+01 +8.2240e-01 -6.6400e-02 -9.2000e-02
% function evaluation | noise-free fitness - Fopt (4.052000000000e+01) | best noise-free fitness - Fopt | measured fitness | best measured fitness | x1 | x2...
1 +1.276929707e+07 +1.276929707e+07 +1.276933759e+07 +1.276933759e+07 +4.3562e+00 +1.6634e-01 +3.0400e+00
4 +4.527788589e+05 +4.527788589e+05 +4.528193789e+05 +4.528193789e+05 +3.0609e+00 +1.4491e+00 -2.5519e+00
6 +3.935354934e+05 +3.935354934e+05 +3.935760134e+05 +3.935760134e+05 +7.7638e-01 -1.4444e+00 -1.5400e+00
8 +1.917489553e+04 +1.917489553e+04 +1.921541553e+04 +1.921541553e+04 +4.2962e+00 -1.6885e-02 -4.2813e+00
51 +4.311610136e+03 +4.311610136e+03 +4.352130136e+03 +4.352130136e+03 -1.8354e-01 -3.5900e+00 -4.5065e+00
100 +2.814333420e+02 +2.814333420e+02 +3.219533420e+02 +3.219533420e+02 +1.9630e+00 +2.3034e-01 -1.6379e+00
205 +1.541515775e+02 +1.541515775e+02 +1.946715775e+02 +1.946715775e+02 +1.3709e-01 -2.5794e+00 -3.5753e+00
258 +7.267916666e+01 +7.267916666e+01 +1.131991667e+02 +1.131991667e+02 -8.6235e-01 -3.9320e+00 -4.4010e+00
314 +3.493323249e+01 +3.493323249e+01 +7.545323249e+01 +7.545323249e+01 +2.6121e+00 +1.8691e+00 -3.9184e-02
330 +1.590287828e+01 +1.590287828e+01 +5.642287828e+01 +5.642287828e+01 +3.3672e+00 +3.0509e+00 +7.9252e-01
334 +1.254110771e+01 +1.254110771e+01 +5.306110771e+01 +5.306110771e+01 +2.5589e+00 +1.7685e+00 -1.2743e-01
372 +7.577319307e+00 +7.577319307e+00 +4.809731931e+01 +4.809731931e+01 +1.8456e+00 +5.9941e-01 -9.9888e-01
410 +3.356186608e+00 +3.356186608e+00 +4.387618661e+01 +4.387618661e+01 +3.0222e+00 +2.4977e+00 +3.8446e-01
426 +2.135346732e+00 +2.135346732e+00 +4.265534673e+01 +4.265534673e+01 +2.4982e+00 +1.7067e+00 -1.5792e-01
428 +7.636200037e-01 +7.636200037e-01 +4.128362000e+01 +4.128362000e+01 +2.6073e+00 +1.8729e+00 -4.0482e-02
453 +1.458073106e-01 +1.458073106e-01 +4.066580731e+01 +4.066580731e+01 +2.9835e+00 +2.4948e+00 +4.2052e-01
576 +1.322268836e-02 +1.322268836e-02 +4.053322269e+01 +4.053322269e+01 +2.9445e+00 +2.4260e+00 +3.6735e-01
599 +8.885806768e-03 +8.885806768e-03 +4.052888581e+01 +4.052888581e+01 +2.9298e+00 +2.4030e+00 +3.5092e-01
627 +5.034182141e-03 +5.034182141e-03 +4.052503418e+01 +4.052503418e+01 +2.9197e+00 +2.3880e+00 +3.4085e-01
646 +1.520929832e-03 +1.520929832e-03 +4.052152093e+01 +4.052152093e+01 +2.9485e+00 +2.4339e+00 +3.7405e-01
693 +5.160930888e-04 +5.160930888e-04 +4.052051609e+01 +4.052051609e+01 +2.9438e+00 +2.4265e+00 +3.6871e-01
795 +2.221810936e-04 +2.221810936e-04 +4.052022218e+01 +4.052022218e+01 +2.9520e+00 +2.4411e+00 +3.8016e-01
813 +9.058281589e-05 +9.058281589e-05 +4.052009058e+01 +4.052009058e+01 +2.9491e+00 +2.4359e+00 +3.7608e-01
828 +5.766090634e-05 +5.766090634e-05 +4.052005766e+01 +4.052005766e+01 +2.9490e+00 +2.4360e+00 +3.7636e-01
843 +1.335809300e-05 +1.335809300e-05 +4.052001336e+01 +4.052001336e+01 +2.9491e+00 +2.4359e+00 +3.7607e-01
916 +4.850969951e-06 +4.850969951e-06 +4.052000485e+01 +4.052000485e+01 +2.9491e+00 +2.4359e+00 +3.7609e-01
965 +2.233362117e-06 +2.233362117e-06 +4.052000223e+01 +4.052000223e+01 +2.9494e+00 +2.4364e+00 +3.7649e-01
968 +7.289585895e-07 +7.289585895e-07 +4.052000073e+01 +4.052000073e+01 +2.9496e+00 +2.4368e+00 +3.7681e-01
991 +2.292806016e-07 +2.292806016e-07 +4.052000023e+01 +4.052000023e+01 +2.9496e+00 +2.4368e+00 +3.7681e-01
1159 +3.422366746e-08 +3.422366746e-08 +4.052000003e+01 +4.052000003e+01 +2.9496e+00 +2.4368e+00 +3.7683e-01
1225 +2.271530519e-08 +2.271530519e-08 +4.052000002e+01 +4.052000002e+01 +2.9496e+00 +2.4368e+00 +3.7679e-01
1268 +5.485397025e-09 +5.485397025e-09 +4.052000001e+01 +4.052000001e+01 +2.9496e+00 +2.4368e+00 +3.7679e-01
1336 +1.491017088e-09 +1.491017088e-09 +4.052000000e+01 +4.052000000e+01 +2.9496e+00 +2.4368e+00 +3.7679e-01
1402 +2.308055969e-10 +2.308055969e-10 +4.052000000e+01 +4.052000000e+01 +2.9496e+00 +2.4368e+00 +3.7679e-01
1477 +1.243591896e-10 +1.243591896e-10 +4.052000000e+01 +4.052000000e+01 +2.9496e+00 +2.4368e+00 +3.7679e-01
1516 +4.087041816e-11 +4.087041816e-11 +4.052000000e+01 +4.052000000e+01 +2.9496e+00 +2.4368e+00 +3.7680e-01
1593 +2.501820973e-11 +2.501820973e-11 +4.052000000e+01 +4.052000000e+01 +2.9496e+00 +2.4368e+00 +3.7680e-01
1610 +1.378452907e-11 +1.378452907e-11 +4.052000000e+01 +4.052000000e+01 +2.9496e+00 +2.4368e+00 +3.7680e-01
1673 +9.620748642e-12 +9.620748642e-12 +4.052000000e+01 +4.052000000e+01 +2.9496e+00 +2.4368e+00 +3.7680e-01
1695 +1.890043677e-12 +1.890043677e-12 +4.052000000e+01 +4.052000000e+01 +2.9496e+00 +2.4368e+00 +3.7680e-01
1696 +7.034373084e-13 +7.034373084e-13 +4.052000000e+01 +4.052000000e+01 +2.9496e+00 +2.4368e+00 +3.7680e-01
1771 +5.613287613e-13 +5.613287613e-13 +4.052000000e+01 +4.052000000e+01 +2.9496e+00 +2.4368e+00 +3.7680e-01
1783 +2.629008122e-13 +2.629008122e-13 +4.052000000e+01 +4.052000000e+01 +2.9496e+00 +2.4368e+00 +3.7680e-01
1808 +2.486899575e-13 +2.486899575e-13 +4.052000000e+01 +4.052000000e+01 +2.9496e+00 +2.4368e+00 +3.7680e-01
1818 +1.207922651e-13 +1.207922651e-13 +4.052000000e+01 +4.052000000e+01 +2.9496e+00 +2.4368e+00 +3.7680e-01
1835 +8.526512829e-14 +8.526512829e-14 +4.052000000e+01 +4.052000000e+01 +2.9496e+00 +2.4368e+00 +3.7680e-01
1880 +3.552713679e-14 +3.552713679e-14 +4.052000000e+01 +4.052000000e+01 +2.9496e+00 +2.4368e+00 +3.7680e-01
1910 +7.105427358e-15 +7.105427358e-15 +4.052000000e+01 +4.052000000e+01 +2.9496e+00 +2.4368e+00 +3.7680e-01
1923 +0.000000000e+00 +0.000000000e+00 +4.052000000e+01 +4.052000000e+01 +2.9496e+00 +2.4368e+00 +3.7680e-01
% function evaluation | noise-free fitness - Fopt (-1.184900000000e+02) | best noise-free fitness - Fopt | measured fitness | best measured fitness | x1 | x2...
1 +5.727138876e+07 +5.727138876e+07 +5.727127027e+07 +5.727127027e+07 +4.4256e+00 -5.6719e-01 +3.2527e+00
2 +3.444132689e+07 +3.444132689e+07 +3.444120840e+07 +3.444120840e+07 -2.3799e+00 +1.0025e-01 +2.4197e+00
3 +7.091142863e+06 +7.091142863e+06 +7.091024373e+06 +7.091024373e+06 -1.1856e+00 -4.5366e+00 -8.0295e-01
10 +6.187953704e+06 +6.187953704e+06 +6.187835214e+06 +6.187835214e+06 +2.4401e+00 +3.4786e+00 -2.2631e+00
12 +2.079556982e+05 +2.079556982e+05 +2.078372082e+05 +2.078372082e+05 +4.1426e-01 -2.9539e+00 -3.5056e+00
47 +9.511015574e+03 +9.511015574e+03 +9.392525574e+03 +9.392525574e+03 +5.9589e-01 -3.9507e-01 -4.2477e+00
140 +2.300334520e+03 +2.300334520e+03 +2.181844520e+03 +2.181844520e+03 +1.9773e+00 -3.6372e+00 -4.0595e+00
175 +4.426854313e+02 +4.426854313e+02 +3.241954313e+02 +3.241954313e+02 +3.2509e+00 -4.0858e+00 -4.2536e+00
181 +1.558232048e+02 +1.558232048e+02 +3.733320481e+01 +3.733320481e+01 +3.1000e+00 -4.2438e+00 -4.1995e+00
317 +6.102611443e+01 +6.102611443e+01 -5.746388557e+01 -5.746388557e+01 +3.3239e+00 -3.9221e+00 -4.2610e+00
409 +2.550370076e+01 +2.550370076e+01 -9.298629924e+01 -9.298629924e+01 -2.7131e-01 -3.3098e+00 -3.8299e+00
440 +2.433778600e+01 +2.433778600e+01 -9.415221400e+01 -9.415221400e+01 -1.8742e+00 -2.9967e+00 -3.6476e+00
489 +9.021885444e+00 +9.021885444e+00 -1.094681146e+02 -1.094681146e+02 -5.4706e+00 -2.4923e+00 -3.2088e+00
508 +2.341552229e+00 +2.341552229e+00 -1.161484478e+02 -1.161484478e+02 -2.2554e+00 -3.0801e+00 -3.5860e+00
530 +5.021665309e-01 +5.021665309e-01 -1.179878335e+02 -1.179878335e+02 -4.4332e+00 -2.7287e+00 -3.3258e+00
634 +2.545013825e-01 +2.545013825e-01 -1.182354986e+02 -1.182354986e+02 -4.1167e+00 -2.7767e+00 -3.3642e+00
639 +3.707521815e-02 +3.707521815e-02 -1.184529248e+02 -1.184529248e+02 -3.5619e+00 -2.8727e+00 -3.4299e+00
706 +1.144507975e-02 +1.144507975e-02 -1.184785549e+02 -1.184785549e+02 -3.6545e+00 -2.8586e+00 -3.4187e+00
715 +7.601012596e-03 +7.601012596e-03 -1.184823990e+02 -1.184823990e+02 -3.8253e+00 -2.8337e+00 -3.3981e+00
720 +2.981117251e-03 +2.981117251e-03 -1.184870189e+02 -1.184870189e+02 -3.7874e+00 -2.8394e+00 -3.4026e+00
767 +2.135217916e-03 +2.135217916e-03 -1.184878648e+02 -1.184878648e+02 -3.7614e+00 -2.8437e+00 -3.4058e+00
828 +1.226997502e-03 +1.226997502e-03 -1.184887730e+02 -1.184887730e+02 -3.7339e+00 -2.8461e+00 -3.4092e+00
848 +7.505385206e-04 +7.505385206e-04 -1.184892495e+02 -1.184892495e+02 -3.7528e+00 -2.8446e+00 -3.4068e+00
858 +3.564765736e-04 +3.564765736e-04 -1.184896435e+02 -1.184896435e+02 -3.7341e+00 -2.8468e+00 -3.4091e+00
882 +2.627646167e-05 +2.627646167e-05 -1.184899737e+02 -1.184899737e+02 -3.7396e+00 -2.8461e+00 -3.4084e+00
963 +5.451279364e-06 +5.451279364e-06 -1.184899945e+02 -1.184899945e+02 -3.7445e+00 -2.8454e+00 -3.4078e+00
1055 +3.066525935e-06 +3.066525935e-06 -1.184899969e+02 -1.184899969e+02 -3.7417e+00 -2.8458e+00 -3.4082e+00
1056 +2.352494690e-06 +2.352494690e-06 -1.184899976e+02 -1.184899976e+02 -3.7445e+00 -2.8454e+00 -3.4078e+00
1127 +9.410125728e-07 +9.410125728e-07 -1.184899991e+02 -1.184899991e+02 -3.7435e+00 -2.8456e+00 -3.4080e+00
1160 +5.717110980e-07 +5.717110980e-07 -1.184899994e+02 -1.184899994e+02 -3.7427e+00 -2.8457e+00 -3.4081e+00
1161 +1.770393681e-07 +1.770393681e-07 -1.184899998e+02 -1.184899998e+02 -3.7431e+00 -2.8456e+00 -3.4080e+00
1171 +7.668919011e-08 +7.668919011e-08 -1.184899999e+02 -1.184899999e+02 -3.7431e+00 -2.8456e+00 -3.4080e+00
1186 +3.974510321e-08 +3.974510321e-08 -1.184900000e+02 -1.184900000e+02 -3.7433e+00 -2.8456e+00 -3.4080e+00
1301 +1.425834739e-08 +1.425834739e-08 -1.184900000e+02 -1.184900000e+02 -3.7431e+00 -2.8456e+00 -3.4080e+00
1308 +1.494825597e-09 +1.494825597e-09 -1.184900000e+02 -1.184900000e+02 -3.7432e+00 -2.8456e+00 -3.4080e+00
1411 +7.695177828e-10 +7.695177828e-10 -1.184900000e+02 -1.184900000e+02 -3.7432e+00 -2.8456e+00 -3.4080e+00
1456 +4.215934268e-10 +4.215934268e-10 -1.184900000e+02 -1.184900000e+02 -3.7432e+00 -2.8456e+00 -3.4080e+00
1503 +3.298339379e-10 +3.298339379e-10 -1.184900000e+02 -1.184900000e+02 -3.7432e+00 -2.8456e+00 -3.4080e+00
1524 +7.516121059e-11 +7.516121059e-11 -1.184900000e+02 -1.184900000e+02 -3.7432e+00 -2.8456e+00 -3.4080e+00
1538 +4.439471013e-11 +4.439471013e-11 -1.184900000e+02 -1.184900000e+02 -3.7432e+00 -2.8456e+00 -3.4080e+00
1577 +5.670131031e-12 +5.670131031e-12 -1.184900000e+02 -1.184900000e+02 -3.7432e+00 -2.8456e+00 -3.4080e+00
1657 +4.121147867e-13 +4.121147867e-13 -1.184900000e+02 -1.184900000e+02 -3.7432e+00 -2.8456e+00 -3.4080e+00
1711 +3.836930773e-13 +3.836930773e-13 -1.184900000e+02 -1.184900000e+02 -3.7432e+00 -2.8456e+00 -3.4080e+00
1716 +1.136868377e-13 +1.136868377e-13 -1.184900000e+02 -1.184900000e+02 -3.7432e+00 -2.8456e+00 -3.4080e+00
1741 +9.947598301e-14 +9.947598301e-14 -1.184900000e+02 -1.184900000e+02 -3.7432e+00 -2.8456e+00 -3.4080e+00
1855 +2.842170943e-14 +2.842170943e-14 -1.184900000e+02 -1.184900000e+02 -3.7432e+00 -2.8456e+00 -3.4080e+00
1876 +1.421085472e-14 +1.421085472e-14 -1.184900000e+02 -1.184900000e+02 -3.7432e+00 -2.8456e+00 -3.4080e+00
1938 +0.000000000e+00 +0.000000000e+00 -1.184900000e+02 -1.184900000e+02 -3.7432e+00 -2.8456e+00 -3.4080e+00
% function evaluation | noise-free fitness - Fopt (2.810000000000e+01) | best noise-free fitness - Fopt | measured fitness | best measured fitness | x1 | x2...
1 +2.805529496e+07 +2.805529496e+07 +2.805532306e+07 +2.805532306e+07 +2.4712e+00 -4.3441e+00 +3.9545e+00
2 +4.505250957e+06 +4.505250957e+06 +4.505279057e+06 +4.505279057e+06 +3.5200e+00 +3.9441e+00 +2.5177e+00
4 +2.658698652e+06 +2.658698652e+06 +2.658726752e+06 +2.658726752e+06 -2.5620e+00 +2.4699e+00 +1.8835e+00
12 +2.001534723e+06 +2.001534723e+06 +2.001562823e+06 +2.001562823e+06 +4.7233e+00 -2.7611e-02 +4.6933e+00
16 +1.005515631e+06 +1.005515631e+06 +1.005543731e+06 +1.005543731e+06 +4.7233e+00 +3.6206e-01 +4.6933e+00
18 +9.542021701e+05 +9.542021701e+05 +9.542302701e+05 +9.542302701e+05 +3.5200e+00 +6.9694e-01 +2.5177e+00
43 +1.614175665e+05 +1.614175665e+05 +1.614456665e+05 +1.614456665e+05 +3.1582e+00 +3.0530e-01 +9.7179e+00
63 +1.370944501e+05 +1.370944501e+05 +1.371225501e+05 +1.371225501e+05 +3.0049e+00 -6.4906e-01 +1.1169e+01
76 +9.590429702e+04 +9.590429702e+04 +9.593239702e+04 +9.593239702e+04 +2.0310e+00 -5.2797e-01 +1.1642e+01
91 +4.441502215e+04 +4.441502215e+04 +4.444312215e+04 +4.444312215e+04 -3.3695e+00 +6.4671e-01 +1.9276e+00
158 +2.518307381e+04 +2.518307381e+04 +2.521117381e+04 +2.521117381e+04 -3.5824e+00 +1.0792e+00 +8.5532e-01
181 +8.765493015e+03 +8.765493015e+03 +8.793593015e+03 +8.793593015e+03 -2.4103e+00 +1.4197e+00 -2.0044e-01
205 +4.187809493e+03 +4.187809493e+03 +4.215909493e+03 +4.215909493e+03 -3.7792e-01 +1.8164e+00 -6.8248e-01
206 +3.049123257e+03 +3.049123257e+03 +3.077223257e+03 +3.077223257e+03 -6.1286e+00 +1.9182e+00 -4.8728e+00
227 +2.760743905e+02 +2.760743905e+02 +3.041743905e+02 +3.041743905e+02 -8.1108e+00 +2.3578e+00 -7.9836e+00
272 +1.211939724e+02 +1.211939724e+02 +1.492939724e+02 +1.492939724e+02 -5.4436e+00 +2.4316e+00 -6.4970e+00
291 +7.209005482e+01 +7.209005482e+01 +1.001900548e+02 +1.001900548e+02 -4.0065e+00 +2.3255e+00 -5.0470e+00
347 +2.786725961e+01 +2.786725961e+01 +5.596725961e+01 +5.596725961e+01 -2.2096e+00 +2.2749e+00 -3.6436e+00
368 +3.655862036e+00 +3.655862036e+00 +3.175586204e+01 +3.175586204e+01 +2.0792e+00 +2.1525e+00 -2.7974e-01
439 +2.454891324e+00 +2.454891324e+00 +3.055489132e+01 +3.055489132e+01 -2.6527e-02 +2.2137e+00 -1.9492e+00
552 +8.953189475e-01 +8.953189475e-01 +2.899531895e+01 +2.899531895e+01 +1.1660e+00 +2.1761e+00 -9.8695e-01
578 +4.570859256e-01 +4.570859256e-01 +2.855708593e+01 +2.855708593e+01 +2.3253e-01 +2.2073e+00 -1.7425e+00
581 +2.225284615e-01 +2.225284615e-01 +2.832252846e+01 +2.832252846e+01 +5.9305e-01 +2.1946e+00 -1.4489e+00
634 +1.553421169e-01 +1.553421169e-01 +2.825534212e+01 +2.825534212e+01 +7.0044e-01 +2.1925e+00 -1.3674e+00
670 +1.612345019e-02 +1.612345019e-02 +2.811612345e+01 +2.811612345e+01 +6.3890e-01 +2.1967e+00 -1.4276e+00
678 +7.533258840e-03 +7.533258840e-03 +2.810753326e+01 +2.810753326e+01 +7.1518e-01 +2.1946e+00 -1.3672e+00
771 +4.685950230e-03 +4.685950230e-03 +2.810468595e+01 +2.810468595e+01 +6.8704e-01 +2.1962e+00 -1.3933e+00
783 +2.971589678e-03 +2.971589678e-03 +2.810297159e+01 +2.810297159e+01 +6.6726e-01 +2.1970e+00 -1.4095e+00
798 +2.342689464e-03 +2.342689464e-03 +2.810234269e+01 +2.810234269e+01 +6.6782e-01 +2.1965e+00 -1.4074e+00
829 +1.155766758e-03 +1.155766758e-03 +2.810115577e+01 +2.810115577e+01 +6.6903e-01 +2.1964e+00 -1.4056e+00
842 +6.362423422e-04 +6.362423422e-04 +2.810063624e+01 +2.810063624e+01 +6.7962e-01 +2.1963e+00 -1.3984e+00
851 +2.961111746e-04 +2.961111746e-04 +2.810029611e+01 +2.810029611e+01 +6.8576e-01 +2.1959e+00 -1.3925e+00
917 +7.021506475e-05 +7.021506475e-05 +2.810007022e+01 +2.810007022e+01 +6.9047e-01 +2.1959e+00 -1.3894e+00
991 +3.886722663e-05 +3.886722663e-05 +2.810003887e+01 +2.810003887e+01 +6.8745e-01 +2.1960e+00 -1.3920e+00
1083 +2.340337561e-05 +2.340337561e-05 +2.810002340e+01 +2.810002340e+01 +6.8459e-01 +2.1961e+00 -1.3942e+00
1084 +4.037214993e-06 +4.037214993e-06 +2.810000404e+01 +2.810000404e+01 +6.8707e-01 +2.1960e+00 -1.3922e+00
1176 +2.325282868e-06 +2.325282868e-06 +2.810000233e+01 +2.810000233e+01 +6.8805e-01 +2.1960e+00 -1.3914e+00
1201 +5.694413296e-07 +5.694413296e-07 +2.810000057e+01 +2.810000057e+01 +6.8772e-01 +2.1960e+00 -1.3916e+00
1216 +1.854690019e-07 +1.854690019e-07 +2.810000019e+01 +2.810000019e+01 +6.8748e-01 +2.1960e+00 -1.3918e+00
1218 +5.000944370e-08 +5.000944370e-08 +2.810000005e+01 +2.810000005e+01 +6.8704e-01 +2.1960e+00 -1.3921e+00
1300 +7.214335795e-09 +7.214335795e-09 +2.810000001e+01 +2.810000001e+01 +6.8720e-01 +2.1960e+00 -1.3920e+00
1370 +5.668912451e-09 +5.668912451e-09 +2.810000001e+01 +2.810000001e+01 +6.8714e-01 +2.1960e+00 -1.3920e+00
1415 +1.778637682e-09 +1.778637682e-09 +2.810000000e+01 +2.810000000e+01 +6.8722e-01 +2.1960e+00 -1.3920e+00
1495 +8.529283946e-10 +8.529283946e-10 +2.810000000e+01 +2.810000000e+01 +6.8719e-01 +2.1960e+00 -1.3920e+00
1508 +3.616698052e-10 +3.616698052e-10 +2.810000000e+01 +2.810000000e+01 +6.8720e-01 +2.1960e+00 -1.3920e+00
1520 +1.983266884e-10 +1.983266884e-10 +2.810000000e+01 +2.810000000e+01 +6.8721e-01 +2.1960e+00 -1.3920e+00
1563 +1.356923462e-10 +1.356923462e-10 +2.810000000e+01 +2.810000000e+01 +6.8719e-01 +2.1960e+00 -1.3920e+00
1564 +9.021405845e-11 +9.021405845e-11 +2.810000000e+01 +2.810000000e+01 +6.8720e-01 +2.1960e+00 -1.3920e+00
1607 +3.491962275e-11 +3.491962275e-11 +2.810000000e+01 +2.810000000e+01 +6.8720e-01 +2.1960e+00 -1.3920e+00
1639 +1.928412985e-11 +1.928412985e-11 +2.810000000e+01 +2.810000000e+01 +6.8720e-01 +2.1960e+00 -1.3920e+00
1651 +1.393019033e-11 +1.393019033e-11 +2.810000000e+01 +2.810000000e+01 +6.8720e-01 +2.1960e+00 -1.3920e+00
1736 +2.877698080e-12 +2.877698080e-12 +2.810000000e+01 +2.810000000e+01 +6.8720e-01 +2.1960e+00 -1.3920e+00
1770 +6.501466032e-13 +6.501466032e-13 +2.810000000e+01 +2.810000000e+01 +6.8720e-01 +2.1960e+00 -1.3920e+00
1819 +5.790923296e-13 +5.790923296e-13 +2.810000000e+01 +2.810000000e+01 +6.8720e-01 +2.1960e+00 -1.3920e+00
1894 +3.943512183e-13 +3.943512183e-13 +2.810000000e+01 +2.810000000e+01 +6.8720e-01 +2.1960e+00 -1.3920e+00
1901 +8.881784197e-14 +8.881784197e-14 +2.810000000e+01 +2.810000000e+01 +6.8720e-01 +2.1960e+00 -1.3920e+00
1936 +4.263256415e-14 +4.263256415e-14 +2.810000000e+01 +2.810000000e+01 +6.8720e-01 +2.1960e+00 -1.3920e+00
1978 +2.131628207e-14 +2.131628207e-14 +2.810000000e+01 +2.810000000e+01 +6.8720e-01 +2.1960e+00 -1.3920e+00
1981 +1.065814104e-14 +1.065814104e-14 +2.810000000e+01 +2.810000000e+01 +6.8720e-01 +2.1960e+00 -1.3920e+00
1999 +3.552713679e-15 +3.552713679e-15 +2.810000000e+01 +2.810000000e+01 +6.8720e-01 +2.1960e+00 -1.3920e+00
2087 +0.000000000e+00 +0.000000000e+00 +2.810000000e+01 +2.810000000e+01 +6.8720e-01 +2.1960e+00 -1.3920e+00
