% function evaluation | noise-free fitness - Fopt (7.627000000000e+01) | best noise-free fitness - Fopt | measured fitness | best measured fitness | x1 | x2...
1 +3.626271572e+06 +3.626271572e+06 +3.626347842e+06 +3.626347842e+06 -1.6160e+00 +1.6486e+00 +2.5903e-01 -1.4844e+00 +4.6070e+00 -2.8376e-01 -4.8346e+00 -2.0861e+00 +2.7664e+00 -4.0091e+00
6 +6.704346902e+04 +6.704346902e+04 +6.711973902e+04 +6.711973902e+04 -7.9145e-01 -7.2770e-01 +9.2830e-01 +4.7014e+00 -2.0212e-01 -3.7170e+00 -2.7718e+00 +2.0375e+00 -3.3385e-01 -4.9961e+00
18 +4.029356560e+04 +4.029356560e+04 +4.036983560e+04 +4.036983560e+04 +1.8670e+00 -4.4200e+00 -2.8547e+00 +1.8646e+00 +1.6103e+00 -1.4306e+00 +4.3208e+00 -2.9804e+00 -3.4971e+00 +1.1229e+00
35 +3.948669758e+04 +3.948669758e+04 +3.956296758e+04 +3.956296758e+04 -2.8296e+00 -4.4407e+00 -3.9836e+00 +2.1665e+00 -8.7204e-02 +4.6737e+00 -4.7166e+00 -4.9776e+00 -2.7517e+00 +2.7966e+00
39 +2.965988992e+03 +2.965988992e+03 +3.042258992e+03 +3.042258992e+03 -3.1431e+00 +2.1430e+00 +3.0797e+00 +4.2869e+00 -1.0095e+00 -9.8966e-01 -1.2097e+00 -3.0413e+00 +2.7830e+00 -1.9112e+00
118 +3.165563473e+02 +3.165563473e+02 +3.928263473e+02 +3.928263473e+02 -3.2366e-01 +6.5358e-02 +5.8527e-01 +1.0883e+00 +3.7217e+00 -4.8354e+00 -1.9206e+00 -5.0000e+00 +3.8939e+00 -5.0000e+00
135 +1.760774048e+02 +1.760774048e+02 +2.523474048e+02 +2.523474048e+02 +1.5552e-01 +4.9042e-01 -7.3847e-02 +4.6165e+00 +1.8993e+00 -9.6838e-01 -5.0000e+00 -4.9212e+00 +3.9843e+00 -4.0891e+00
706 +1.102109736e+02 +1.102109736e+02 +1.864809736e+02 +1.864809736e+02 -3.7077e-01 +8.9100e-01 +9.0436e-01 +4.5283e+00 +9.4453e-01 -1.2916e+00 -1.6864e+00 -2.8221e+00 -9.1556e-01 -4.1131e+00
2653 +9.896208205e+01 +9.896208205e+01 +1.752320821e+02 +1.752320821e+02 -1.8538e+00 -2.5485e+00 -1.6187e+00 +5.0000e+00 +2.7023e+00 -3.4053e+00 +7.6444e-03 -2.5543e+00 -1.4199e+00 -3.4905e+00
14436 +6.158836285e+01 +6.158836285e+01 +1.378583629e+02 +1.378583629e+02 +1.0303e-01 -3.1200e+00 -2.3992e+00 +5.0000e+00 +1.3358e+00 -2.6220e+00 +3.9005e-01 +2.5800e-01 -2.3954e+00 -2.4065e+00
28368 +3.882517285e+01 +3.882517285e+01 +1.150951728e+02 +1.150951728e+02 +5.9697e-01 -1.4001e+00 -3.2991e-01 +4.4837e+00 -1.0072e+00 -4.4674e-01 +2.6504e-02 -7.2200e-01 -4.0305e-01 -1.4123e-01
46041 +2.393751942e+01 +2.393751942e+01 +1.002075194e+02 +1.002075194e+02 -3.3280e-01 -2.2627e+00 -5.0431e-01 +4.2627e+00 -1.5442e+00 -1.3103e+00 -3.9444e-01 -2.9458e-01 -1.0921e+00 +1.0008e+00
% function evaluation | noise-free fitness - Fopt (-2.255000000000e+01) | best noise-free fitness - Fopt | measured fitness | best measured fitness | x1 | x2...
1 +1.951817206e+07 +1.951817206e+07 +1.951814951e+07 +1.951814951e+07 +1.5130e+00 -4.4432e+00 +1.0798e+00 +4.9357e+00 -4.2622e+00 -3.0151e+00 -4.7408e+00 -1.7066e-01 -4.2167e+00 -2.2555e-01
2 +9.354871758e+05 +9.354871758e+05 +9.354646258e+05 +9.354646258e+05 +4.5004e+00 +4.9835e+00 +7.4042e-01 +3.3392e+00 -1.4031e+00 +3.1861e+00 -1.6688e+00 +2.2909e+00 +4.5385e+00 -3.1418e-01
3 +9.100226019e+03 +9.100226019e+03 +9.077676019e+03 +9.077676019e+03 -3.7634e+00 -1.1698e+00 +5.0571e-01 -6.3268e-01 -1.8295e+00 +2.4006e+00 -1.7258e+00 -4.0176e+00 -1.4284e+00 -2.8203e+00
87 +7.743940714e+02 +7.743940714e+02 +7.518440714e+02 +7.518440714e+02 +5.0000e+00 -2.0843e+00 -4.2822e+00 +5.0000e+00 -5.1685e-01 -5.0000e+00 +4.7669e+00 +4.6302e+00 +3.4506e-01 +5.0000e+00
150 +3.810945333e+02 +3.810945333e+02 +3.585445333e+02 +3.585445333e+02 +2.4423e+00 -5.0000e+00 -4.4776e+00 +3.6649e+00 -1.6445e+00 -5.0000e+00 +5.0000e+00 +5.0000e+00 +2.9889e+00 +4.4728e+00
1031 +2.479965995e+02 +2.479965995e+02 +2.254465995e+02 +2.254465995e+02 +2.6342e+00 -3.7185e+00 -4.1384e+00 +3.7768e+00 -2.3751e+00 -4.2169e+00 +4.5943e+00 +4.1203e+00 +1.8841e+00 +5.0000e+00
3733 +1.360855734e+02 +1.360855734e+02 +1.135355734e+02 +1.135355734e+02 +1.5268e+00 -3.1419e+00 -3.3717e+00 +8.2010e-01 -2.3391e+00 -2.0702e+00 +4.6068e+00 -3.1559e+00 +2.1152e+00 +4.5991e+00
13329 +9.800680960e+01 +9.800680960e+01 +7.545680960e+01 +7.545680960e+01 +2.7381e+00 -3.4012e+00 +1.2148e+00 -5.3821e-02 -9.4804e-01 -3.5970e+00 +4.5393e+00 -5.0917e-01 +1.7895e+00 +2.4651e+00
16587 +5.619497812e+01 +5.619497812e+01 +3.364497812e+01 +3.364497812e+01 +1.9081e+00 -2.9736e+00 +3.3356e+00 -1.3878e+00 -8.1478e-01 -2.0824e+00 +4.1676e+00 -5.0000e+00 +2.1949e+00 +2.0201e+00
29967 +3.754317056e+01 +3.754317056e+01 +1.499317056e+01 +1.499317056e+01 +2.5523e+00 -1.6983e+00 +3.5912e+00 -1.1386e+00 +1.5400e-01 -1.7096e+00 +3.5252e+00 -4.5791e+00 +1.6915e+00 +1.2564e+00
42025 +1.937790048e+01 +1.937790048e+01 -3.172099520e+00 -3.172099520e+00 +2.9425e+00 -7.8240e-03 +3.3098e+00 -8.7350e-01 +5.9248e-01 -2.5577e-01 +2.6271e+00 -4.4315e+00 +1.6386e+00 +2.0327e-01
43452 +1.483734236e+01 +1.483734236e+01 -7.712657635e+00 -7.712657635e+00 +2.1777e+00 -3.8113e-01 +3.3931e+00 -2.6501e+00 +7.3110e-01 -5.7709e-01 +2.3589e+00 -4.4433e+00 +2.1094e+00 -6.0461e-01
% function evaluation | noise-free fitness - Fopt (1.366000000000e+01) | best noise-free fitness - Fopt | measured fitness | best measured fitness | x1 | x2...
1 +6.927664318e+05 +6.927664318e+05 +6.927800918e+05 +6.927800918e+05 -2.8090e+00 -4.2886e+00 +2.6051e+00 -2.4771e+00 +4.6673e+00 -2.3358e-01 +4.7539e+00 -4.3430e+00 +2.6533e-01 +3.9729e+00
4 +3.011469411e+04 +3.011469411e+04 +3.012835411e+04 +3.012835411e+04 +1.8832e-01 -4.8570e+00 +3.6822e-01 -2.7612e+00 +3.9799e+00 -4.4887e+00 +2.2782e+00 -2.8183e-01 -2.4006e+00 +5.6204e-02
8 +2.014606960e+03 +2.014606960e+03 +2.028266960e+03 +2.028266960e+03 +3.8443e+00 +2.4145e+00 -4.1911e+00 -3.5355e-01 -2.3280e+00 -4.4197e+00 -1.4727e+00 +1.5015e+00 +3.7153e+00 -1.2427e+00
69 +1.182407904e+02 +1.182407904e+02 +1.319007904e+02 +1.319007904e+02 +1.3722e+00 +5.0000e+00 +5.0000e+00 -1.0971e+00 -1.7802e+00 -7.6122e-01 +1.6246e+00 -7.9429e-01 +4.8486e+00 +3.6020e+00
927 +9.425992761e+01 +9.425992761e+01 +1.079199276e+02 +1.079199276e+02 +1.6439e+00 +5.0000e+00 +5.0000e+00 -6.9121e-01 -1.6868e+00 -5.5400e-01 +1.6133e+00 -9.5317e-01 +4.8301e+00 +3.6350e+00
4105 +6.093015157e+01 +6.093015157e+01 +7.459015157e+01 +7.459015157e+01 +4.5379e-01 +3.4399e+00 +4.8287e+00 +2.8879e+00 -1.3302e+00 -8.3381e-01 +2.0649e+00 -8.0852e-01 +4.6606e+00 +1.2377e+00
12255 +3.905348398e+01 +3.905348398e+01 +5.271348398e+01 +5.271348398e+01 +1.0617e+00 +4.3446e+00 +3.7655e+00 +1.7163e+00 -9.5947e-01 -8.5345e-01 +3.2767e-01 -5.0000e+00 +4.0054e-01 -4.7817e-02
18427 +2.212438745e+01 +2.212438745e+01 +3.578438745e+01 +3.578438745e+01 +1.5371e+00 +3.9241e+00 +3.9865e+00 +1.5672e+00 -3.2723e+00 -1.2069e+00 +2.0492e+00 -3.3345e+00 +1.0325e+00 -9.7241e-01
25346 +1.498395092e+01 +1.498395092e+01 +2.864395092e+01 +2.864395092e+01 +8.1435e-01 +3.0493e+00 +3.9537e+00 +1.3614e+00 -1.4292e+00 -2.2439e+00 +2.0306e+00 -2.9053e+00 +2.8123e+00 -2.6584e+00
38264 +6.037585228e+00 +6.037585228e+00 +1.969758523e+01 +1.969758523e+01 +7.1299e-01 +3.3713e+00 +3.2421e+00 +3.4280e-01 -6.4992e-01 -1.4933e+00 +2.6006e+00 -2.9219e+00 +9.7587e-01 -4.6747e+00
% function evaluation | noise-free fitness - Fopt (9.378400000000e+02) | best noise-free fitness - Fopt | measured fitness | best measured fitness | x1 | x2...
1 +3.285270014e+07 +3.285270014e+07 +3.285363798e+07 +3.285363798e+07 +4.0569e+00 -8.1314e-01 +4.4682e-01 +4.4937e+00 +2.8054e+00 +4.6372e+00 -3.3444e+00 +3.2679e+00 +1.9606e+00 -2.3900e+00
2 +9.014630482e+06 +9.014630482e+06 +9.015568322e+06 +9.015568322e+06 +1.0329e+00 -4.2287e+00 +4.7819e+00 -2.1582e-01 +4.7047e+00 +2.5367e+00 -2.1237e+00 +3.0164e+00 -9.9748e-01 +2.7333e+00
7 +5.024216692e+06 +5.024216692e+06 +5.025154532e+06 +5.025154532e+06 -2.7566e+00 +5.0716e-01 -1.8657e+00 +1.3445e+00 -1.5115e+00 -5.1149e-01 -2.1761e+00 -2.6632e+00 -1.3074e+00 -3.7515e+00
12 +3.699102308e+06 +3.699102308e+06 +3.700040148e+06 +3.700040148e+06 -4.1446e+00 +4.8180e+00 -1.8524e+00 +1.5098e-01 +3.0853e+00 -2.8417e+00 -3.4359e-01 -3.4539e+00 +7.1913e-01 -4.9064e+00
15 +5.067381382e+05 +5.067381382e+05 +5.076759782e+05 +5.076759782e+05 +1.5089e+00 -1.6914e+00 -6.5250e-01 -2.2089e+00 +3.1472e+00 +3.0892e+00 -2.7742e+00 -3.9657e+00 -3.2729e+00 -1.5955e+00
25 +2.138865371e+05 +2.138865371e+05 +2.148243771e+05 +2.148243771e+05 +4.1982e-01 -4.1318e+00 +2.0900e+00 +3.6590e+00 +3.9008e+00 +3.9466e+00 -1.9726e+00 -2.8414e+00 -3.3117e+00 +4.5065e+00
42 +7.192934322e+04 +7.192934322e+04 +7.286718322e+04 +7.286718322e+04 -2.5615e+00 -5.0000e+00 -2.1809e-01 +3.6614e+00 +5.0000e+00 +3.9004e+00 -2.4023e+00 -1.8938e+00 -1.4066e+00 +4.2756e+00
58 +5.968345029e+04 +5.968345029e+04 +6.062129029e+04 +6.062129029e+04 +1.9306e+00 -1.8029e+00 -3.0490e+00 +4.2890e+00 +5.0000e+00 +5.9040e-01 -1.9938e+00 -1.2272e+00 +5.0000e+00 +5.0000e+00
69 +6.307902309e+03 +6.307902309e+03 +7.245742309e+03 +7.245742309e+03 +1.0774e+00 +2.5771e+00 -3.1070e-01 +4.6040e+00 +5.0000e+00 +3.1654e+00 -2.0589e+00 -7.4320e-01 -6.3667e-01 +8.7213e-01
216 +9.776590267e+02 +9.776590267e+02 +1.915499027e+03 +1.915499027e+03 +6.4396e-01 +7.1330e-01 -1.9981e+00 +4.0277e+00 +5.0000e+00 +5.0000e+00 -2.0044e-01 -2.8462e+00 +1.7047e+00 -2.8221e+00
249 +2.704977723e+02 +2.704977723e+02 +1.208337772e+03 +1.208337772e+03 +1.4795e+00 +2.1700e+00 -8.1145e-01 +4.1792e+00 +5.0000e+00 +5.0000e+00 -2.1086e+00 -3.2357e+00 -4.4368e-01 -3.1493e+00
536 +1.997577290e+02 +1.997577290e+02 +1.137597729e+03 +1.137597729e+03 +5.1331e-01 +9.5747e-01 -6.7188e-01 +4.0948e+00 +5.0000e+00 +5.0000e+00 +9.4001e-01 -2.4776e+00 +1.8079e+00 -3.0503e+00
789 +1.469668028e+02 +1.469668028e+02 +1.084806803e+03 +1.084806803e+03 +1.5601e-01 +1.3278e+00 +1.9929e-01 +4.3523e+00 +5.0000e+00 +2.9004e+00 -1.5369e+00 -1.8743e+00 +0.0000e+00 -8.1263e-01
5971 +9.684458798e+01 +9.684458798e+01 +1.034684588e+03 +1.034684588e+03 +2.0646e+00 +3.1031e-01 +3.0785e+00 +2.4381e+00 +4.9804e+00 +1.9670e+00 -6.9821e-01 -3.5480e-01 +4.6782e-02 +3.3772e+00
22433 +5.973103797e+01 +5.973103797e+01 +9.975710380e+02 +9.975710380e+02 +1.3967e+00 +2.1717e+00 +6.7038e-01 -2.2448e+00 +4.5683e+00 +4.2301e+00 +1.0969e+00 +2.8404e+00 +2.0251e+00 +1.2576e+00
% function evaluation | noise-free fitness - Fopt (-7.872000000000e+01) | best noise-free fitness - Fopt | measured fitness | best measured fitness | x1 | x2...
1 +1.207653323e+06 +1.207653323e+06 +1.207574603e+06 +1.207574603e+06 +3.3367e+00 +2.7754e+00 +2.7124e+00 -3.8350e+00 -4.5025e+00 -4.4204e+00 -4.1578e+00 +1.4832e+00 -2.8664e+00 +4.1801e+00
11 +8.574235767e+03 +8.574235767e+03 +8.495515767e+03 +8.495515767e+03 +2.0671e+00 -2.4776e+00 +2.0825e-01 -2.3260e+00 +4.6894e+00 -2.2059e+00 -1.5326e+00 -2.6196e-01 +2.6222e+00 -1.0849e+00
21 +1.672677395e+03 +1.672677395e+03 +1.593957395e+03 +1.593957395e+03 +3.5408e+00 +1.5458e+00 -2.3351e+00 +1.4727e+00 -1.4420e+00 -6.0599e-01 +4.9744e-01 -2.8852e+00 -4.7997e+00 -4.2563e+00
119 +1.047803747e+02 +1.047803747e+02 +2.606037468e+01 +2.606037468e+01 +1.5980e+00 -2.6848e-01 -1.0246e+00 -4.2783e+00 -5.0000e+00 -5.0000e+00 -3.3797e-01 +5.0000e+00 +2.8886e+00 +4.8368e+00
233 +8.199122908e+01 +8.199122908e+01 +3.271229084e+00 +3.271229084e+00 +1.5910e-01 -1.3649e-01 -4.5604e-01 -3.6034e+00 -5.0000e+00 -5.0000e+00 +6.8100e-01 +5.0000e+00 +1.9887e+00 +3.5698e+00
869 +5.326126027e+01 +5.326126027e+01 -2.545873973e+01 -2.545873973e+01 +3.1926e+00 -2.0650e+00 -1.5348e+00 -2.0273e+00 -2.4687e+00 -1.0686e+00 +1.3831e+00 +2.6740e+00 +2.1078e+00 +1.8555e+00
1512 +2.723315551e+01 +2.723315551e+01 -5.148684449e+01 -5.148684449e+01 +3.6448e+00 -1.6257e+00 -9.6797e-01 -1.6593e+00 -2.8205e+00 -1.8899e+00 +1.3670e+00 +3.5442e+00 +1.8800e+00 +1.8999e+00
1811 +2.481656120e+01 +2.481656120e+01 -5.390343880e+01 -5.390343880e+01 +3.7425e+00 -2.8507e+00 -4.8614e-01 -2.2953e+00 -2.4734e+00 -3.6348e+00 +1.7489e+00 -2.0490e-01 +2.8457e+00 -7.4374e-01
11590 +1.422700766e+01 +1.422700766e+01 -6.449299234e+01 -6.449299234e+01 +3.4428e+00 -2.5818e+00 -1.9383e-01 -9.3492e-01 -1.8243e+00 -2.8117e+00 +1.6317e+00 +2.4027e+00 +2.8162e+00 +6.4359e-01
23126 +9.567494729e+00 +9.567494729e+00 -6.915250527e+01 -6.915250527e+01 +3.3874e+00 -2.0272e+00 -4.0342e-01 -1.6923e-01 -2.1810e+00 -3.3225e+00 +1.8080e+00 +2.5514e+00 +3.7154e+00 +4.8546e-01
43509 +5.698070925e+00 +5.698070925e+00 -7.302192908e+01 -7.302192908e+01 +3.3849e+00 -1.8943e+00 -1.1389e+00 -1.0101e-01 -2.3794e+00 -3.2950e+00 +1.8542e+00 +2.4936e+00 +3.7341e+00 +2.1707e-01
% function evaluation | noise-free fitness - Fopt (-5.984300000000e+02) | best noise-free fitness - Fopt | measured fitness | best measured fitness | x1 | x2...
1 +3.884476204e+06 +3.884476204e+06 +3.883877774e+06 +3.883877774e+06 -1.9029e+00 -3.3582e+00 +4.5411e+00 +1.7587e+00 +3.8167e+00 -4.2350e+00 +1.7829e+00 -3.5704e+00 +2.9598e+00 -2.3830e+00
11 +7.709025109e+05 +7.709025109e+05 +7.703040809e+05 +7.703040809e+05 -9.2540e-01 +3.3241e+00 -2.2542e+00 -2.9540e+00 -4.5768e-01 -4.5453e+00 -4.1788e+00 +5.2707e-02 -4.2420e+00 -3.4476e+00
13 +3.409397791e+05 +3.409397791e+05 +3.403413491e+05 +3.403413491e+05 +1.3238e-01 -2.6975e+00 -3.3981e+00 -5.7599e-01 +4.1913e+00 -4.9790e+00 -1.2951e+00 +3.7499e+00 -1.4485e+00 -7.4554e-01
41 +2.634000117e+04 +2.634000117e+04 +2.574157117e+04 +2.574157117e+04 +4.4874e-01 +8.1324e-01 -4.5894e-01 -1.2687e+00 +4.3557e+00 -4.3620e+00 +6.1302e-01 +1.4296e+00 +2.3645e+00 +7.4629e-01
44 +1.881359554e+03 +1.881359554e+03 +1.282929554e+03 +1.282929554e+03 +2.1038e+00 -1.5814e-01 -4.3885e+00 -1.9166e+00 +5.0000e+00 -5.0000e+00 -1.2694e+00 +2.9366e+00 -5.0000e+00 +1.2420e+00
195 +1.287811370e+03 +1.287811370e+03 +6.893813701e+02 +6.893813701e+02 +5.0000e+00 +6.7398e-01 -4.3778e+00 -4.8777e+00 +5.0000e+00 -5.0000e+00 -1.6970e+00 +4.4450e+00 -5.0000e+00 +3.7144e+00
202 +1.805262642e+02 +1.805262642e+02 -4.179037358e+02 -4.179037358e+02 +5.0000e+00 +4.2796e+00 -4.6196e+00 -2.7542e+00 +5.0000e+00 -5.0000e+00 -1.5776e+00 +3.7296e+00 -5.0000e+00 +7.4360e-01
416 +1.491708355e+02 +1.491708355e+02 -4.492591645e+02 -4.492591645e+02 +1.7254e+00 +5.6369e-01 -4.6850e+00 -3.1491e+00 +5.0000e+00 -5.0000e+00 -3.1635e+00 +5.2960e-01 -4.3185e+00 +1.9309e+00
4848 +9.777763782e+01 +9.777763782e+01 -5.006523622e+02 -5.006523622e+02 +1.5917e+00 -1.6646e-02 -4.2707e+00 -2.2844e+00 +4.9886e+00 -4.9949e+00 -2.1802e+00 +5.3854e-01 -3.1711e+00 +3.2833e+00
% function evaluation | noise-free fitness - Fopt (-8.542000000000e+01) | best noise-free fitness - Fopt | measured fitness | best measured fitness | x1 | x2...
1 +2.270009388e+07 +2.270009388e+07 +2.270000846e+07 +2.270000846e+07 +3.2022e+00 +1.8495e+00 -8.5620e-01 -2.3894e+00 +3.4115e+00 -4.8777e+00 +2.0379e+00 -4.6941e+00 +2.1374e+00 -3.0289e+00
3 +5.743209494e+06 +5.743209494e+06 +5.743124074e+06 +5.743124074e+06 -1.2216e+00 +2.0258e+00 +8.4277e-01 +3.6761e-01 -3.4355e+00 -4.1351e+00 -4.2524e+00 -2.5314e+00 +4.4045e+00 +1.7009e-01
6 +1.281296562e+06 +1.281296562e+06 +1.281211142e+06 +1.281211142e+06 -3.2567e+00 -3.6783e+00 -1.1405e+00 -1.9595e+00 +2.5592e+00 +1.9823e+00 -1.2146e+00 -1.7665e+00 +4.5264e+00 -1.4767e+00
14 +9.888725986e+04 +9.888725986e+04 +9.880183986e+04 +9.880183986e+04 -1.2584e+00 -3.4401e+00 +4.0042e+00 +3.9371e+00 -4.3308e+00 +3.6538e+00 +1.4655e+00 +2.6711e+00 -2.2933e+00 +6.7616e-01
30 +5.402984639e+04 +5.402984639e+04 +5.394442639e+04 +5.394442639e+04 +1.0802e+00 -3.8132e+00 -3.4500e-01 -4.8272e-01 +1.4154e+00 -2.3449e+00 +2.2201e+00 -2.8992e+00 +9.9541e-01 +3.0848e+00
34 +1.497806144e+04 +1.497806144e+04 +1.489264144e+04 +1.489264144e+04 +5.6030e-01 +4.2676e-01 -2.7024e-01 +2.1526e+00 +9.0467e-01 -2.2549e+00 -1.7228e+00 +3.7079e+00 +4.5009e+00 +3.0455e+00
47 +5.552705071e+03 +5.552705071e+03 +5.467285071e+03 +5.467285071e+03 +3.1076e+00 -1.3155e+00 +2.7642e+00 +3.2930e+00 -5.7995e-01 +3.2985e+00 -1.2890e+00 +5.0000e+00 -3.8037e+00 +1.4423e+00
128 +3.679761196e+03 +3.679761196e+03 +3.594341196e+03 +3.594341196e+03 +3.6022e+00 -5.0000e+00 +5.0000e+00 +5.0000e+00 -3.7793e+00 +3.7986e+00 -2.8251e+00 +4.5931e+00 +8.9892e-01 +3.2308e+00
153 +6.580168093e+02 +6.580168093e+02 +5.725968093e+02 +5.725968093e+02 +2.9645e+00 -4.2377e+00 +5.0000e+00 +2.0824e+00 +3.5179e+00 +3.7469e+00 -4.4523e+00 +5.0000e+00 -5.0000e+00 +1.0714e+00
351 +2.782885713e+02 +2.782885713e+02 +1.928685713e+02 +1.928685713e+02 +3.1738e+00 -4.8154e+00 +5.0000e+00 +5.0000e+00 +5.0000e+00 +5.0000e+00 -4.2456e+00 +5.0000e+00 -5.0000e+00 +2.7999e-01
585 +2.365788378e+02 +2.365788378e+02 +1.511588378e+02 +1.511588378e+02 +3.6950e+00 -4.8108e+00 +4.5029e+00 +2.6903e+00 +2.7306e+00 +2.7129e+00 -4.3812e+00 +5.0000e+00 -5.0000e+00 -4.5685e+00
2726 +1.473950565e+02 +1.473950565e+02 +6.197505647e+01 +6.197505647e+01 +3.7509e+00 -2.9853e+00 +2.1803e+00 +4.0289e+00 +2.7721e+00 +0.0000e+00 -3.9144e+00 +4.4513e+00 -9.8004e-01 -5.0000e+00
4124 +9.931854171e+01 +9.931854171e+01 +1.389854171e+01 +1.389854171e+01 +4.0782e+00 -4.0395e+00 +2.3106e+00 +3.0327e+00 +2.4441e+00 +4.7519e-01 -1.8210e-01 +3.8389e+00 -1.1161e+00 -9.9624e-01
11907 +5.771633567e+01 +5.771633567e+01 -2.770366433e+01 -2.770366433e+01 +4.3756e+00 -3.5339e+00 +3.2751e+00 +3.5928e+00 -1.0190e+00 -2.8173e+00 -2.8475e-01 +2.9288e+00 -9.4910e-01 -1.3569e+00
20325 +3.799700816e+01 +3.799700816e+01 -4.742299184e+01 -4.742299184e+01 +5.0000e+00 -3.9408e+00 +2.0798e+00 +3.6826e+00 -7.0070e-01 -4.2592e+00 +6.5881e-01 +1.8229e+00 +1.7772e+00 -8.3811e-01
36496 +1.803890389e+01 +1.803890389e+01 -6.738109611e+01 -6.738109611e+01 +3.0694e+00 -3.2208e+00 +2.0542e+00 +3.2994e+00 -3.5600e-01 -2.0896e+00 +1.3454e-01 +2.3608e+00 +1.8530e+00 +1.5497e+00
% function evaluation | noise-free fitness - Fopt (1.932500000000e+02) | best noise-free fitness - Fopt | measured fitness | best measured fitness | x1 | x2...
1 +4.634227899e+07 +4.634227899e+07 +4.634247224e+07 +4.634247224e+07 -1.1907e+00 -3.2732e+00 +6.5269e-01 +7.2884e-02 +3.7936e+00 -2.0556e+00 +3.2926e+00 +1.1814e+00 -3.0081e+00 +1.3074e+00
2 +9.995020928e+06 +9.995020928e+06 +9.995214178e+06 +9.995214178e+06 +3.9911e+00 -4.3306e-01 -1.1928e+00 -1.8168e+00 -9.7220e-01 +1.4920e+00 -1.9888e+00 +2.8749e+00 +5.7526e-01 -2.3371e+00
9 +2.951706043e+06 +2.951706043e+06 +2.951899293e+06 +2.951899293e+06 -3.2050e+00 -4.6186e+00 -2.5235e+00 -4.0379e+00 +2.7193e+00 -3.4014e-02 -4.9607e+00 +1.3737e+00 -6.8757e-01 -1.1670e+00
19 +1.734815668e+05 +1.734815668e+05 +1.736748168e+05 +1.736748168e+05 +4.7438e+00 +1.7237e+00 -3.4280e+00 +4.0535e+00 -1.5703e+00 -2.8389e-01 -3.2276e+00 -3.1681e+00 +2.9745e-01 +9.6702e-01
42 +7.317557024e+04 +7.317557024e+04 +7.336882024e+04 +7.336882024e+04 +4.0908e+00 +3.8945e-01 -5.0000e+00 -2.7594e+00 +8.7748e-01 -2.9116e-01 -2.6924e+00 -2.1251e+00 -2.1393e+00 -2.4392e+00
47 +1.416760801e+03 +1.416760801e+03 +1.610010801e+03 +1.610010801e+03 +5.0000e+00 -8.3438e-01 -3.6882e+00 +5.0000e+00 +2.0376e+00 -1.2426e+00 -5.0000e+00 -7.3488e-01 +5.3662e-01 +1.7171e+00
151 +3.950886637e+02 +3.950886637e+02 +5.883386637e+02 +5.883386637e+02 +1.1120e+00 -9.0699e-01 -3.5973e+00 +4.9128e+00 +2.3971e+00 -1.6621e+00 -5.0000e+00 -1.3011e+00 +1.8962e+00 -7.7713e-02
357 +2.219190082e+02 +2.219190082e+02 +4.151690082e+02 +4.151690082e+02 +5.0000e+00 +6.2134e-01 -3.9862e+00 +1.5604e+00 -2.3927e+00 +1.7145e-01 -4.9739e+00 -1.8457e+00 +1.1893e+00 +5.6171e-01
787 +1.293271063e+02 +1.293271063e+02 +3.225771063e+02 +3.225771063e+02 +5.0000e+00 +1.1510e+00 -3.4645e+00 +1.9289e+00 +4.0655e+00 -1.0300e+00 -8.5242e-01 -6.3169e-01 +1.8112e+00 +1.9862e-01
2391 +9.300524549e+01 +9.300524549e+01 +2.862552455e+02 +2.862552455e+02 +1.1102e+00 +1.3294e+00 -3.4790e+00 +2.2877e+00 +2.6874e+00 -1.0291e+00 -1.9008e+00 -2.9715e-01 +1.7946e+00 +1.5047e-02
5370 +5.122112823e+01 +5.122112823e+01 +2.444711282e+02 +2.444711282e+02 -2.0065e+00 +1.0845e+00 -4.2654e+00 -2.4625e+00 +2.6329e+00 -6.5575e-01 +6.5255e-01 -1.1178e+00 +2.0865e+00 -1.4985e+00
14635 +3.940218850e+01 +3.940218850e+01 +2.326521885e+02 +2.326521885e+02 -2.1576e+00 +5.0000e+00 -1.9796e+00 -1.3091e+00 +2.4368e+00 -9.0297e-01 -2.4270e+00 -1.6757e+00 -6.3631e-01 -1.5438e+00
15908 +2.050318731e+01 +2.050318731e+01 +2.137531873e+02 +2.137531873e+02 -3.1501e+00 +4.9724e+00 -3.3104e+00 -4.9028e-01 +6.7271e-01 -2.2955e+00 -2.5828e+00 +5.4330e-01 -2.1056e+00 +3.2592e-01
23984 +1.559451915e+01 +1.559451915e+01 +2.088445192e+02 +2.088445192e+02 -3.1750e+00 +2.1821e+00 -3.6137e+00 -1.0853e+00 +4.0559e+00 -1.3564e+00 -5.9088e-01 -1.6898e-01 -2.6980e+00 +1.6069e-01
36337 +9.930478017e+00 +9.930478017e+00 +2.031804780e+02 +2.031804780e+02 -3.6244e+00 +1.9619e+00 -3.5232e+00 -3.9484e+00 +3.8831e+00 -2.6835e+00 -1.5332e+00 +1.6552e-01 -8.0100e-01 +8.8048e-01
37592 +5.907528501e+00 +5.907528501e+00 +1.991575285e+02 +1.991575285e+02 -2.6437e+00 +2.3257e+00 -3.5280e+00 -3.2652e+00 +4.1697e+00 -3.0316e+00 -1.5493e+00 +1.6787e-01 -2.2064e+00 +1.5973e+00
% function evaluation | noise-free fitness - Fopt (-1.815000000000e+02) | best noise-free fitness - Fopt | measured fitness | best measured fitness | x1 | x2...
1 +1.652570437e+05 +1.652570437e+05 +1.650755437e+05 +1.650755437e+05 +3.3361e+00 -4.1959e+00 +7.0852e-01 -4.1530e+00 +4.1825e+00 -2.0774e+00 +2.0240e+00 +1.4141e+00 +4.5676e+00 +2.2980e+00
6 +1.314634991e+05 +1.314634991e+05 +1.312819991e+05 +1.312819991e+05 +2.1307e+00 -2.9168e+00 -3.2150e+00 +6.4733e-01 +2.4094e+00 -7.4090e-01 +1.6795e+00 +3.1813e+00 +2.2807e+00 +4.7934e+00
12 +1.626658464e+04 +1.626658464e+04 +1.608508464e+04 +1.608508464e+04 +3.9001e-01 +4.8205e+00 +4.0226e+00 -3.5964e+00 -1.8615e+00 -3.0565e+00 +2.2862e+00 -3.1046e+00 -3.9898e+00 -3.1506e+00
34 +1.214875959e+03 +1.214875959e+03 +1.033375959e+03 +1.033375959e+03 +4.4828e+00 +3.0643e-01 +1.7937e+00 -3.6656e+00 -1.2413e+00 -3.1946e+00 -1.3484e+00 -1.3351e-02 +1.2667e+00 -1.8825e+00
101 +1.990709080e+02 +1.990709080e+02 +1.757090797e+01 +1.757090797e+01 +5.0000e+00 -5.7529e-01 +5.0000e+00 -5.0000e+00 -1.6697e+00 -2.3093e+00 -2.1245e+00 +1.2597e+00 +6.5291e-01 +2.2242e+00
5012 +1.493849011e+02 +1.493849011e+02 -3.211509893e+01 -3.211509893e+01 +3.3853e+00 +2.1914e+00 +5.0000e+00 -4.9472e+00 -2.1660e+00 -3.6639e+00 -1.8043e+00 -1.1549e+00 -1.1307e+00 -1.7277e-01
12040 +9.997154992e+01 +9.997154992e+01 -8.152845008e+01 -8.152845008e+01 +3.7356e+00 +2.4985e+00 +2.2712e+00 -4.9187e+00 -2.1062e+00 -3.4112e+00 -1.8494e+00 -8.1223e-01 -2.1328e+00 -8.8025e-01
43544 +6.211286914e+01 +6.211286914e+01 -1.193871309e+02 -1.193871309e+02 +1.4371e+00 +1.3343e+00 +1.2044e+00 -4.4778e+00 -1.6860e+00 -1.7902e+00 -2.5376e+00 -2.6207e+00 -3.5612e-01 -1.9976e+00
% function evaluation | noise-free fitness - Fopt (4.526200000000e+02) | best noise-free fitness - Fopt | measured fitness | best measured fitness | x1 | x2...
1 +8.352970888e+06 +8.352970888e+06 +8.353423508e+06 +8.353423508e+06 -3.0860e+00 -1.3929e+00 +4.7706e+00 -6.0393e-01 -1.0576e+00 -4.2439e+00 +4.3747e+00 +2.5641e+00 +4.5155e+00 -2.2532e+00
2 +1.226686490e+06 +1.226686490e+06 +1.227139110e+06 +1.227139110e+06 +2.9904e+00 -3.5102e+00 -1.3074e+00 -4.5309e+00 +4.8845e+00 -1.6928e+00 -2.8156e+00 -2.5851e+00 +4.0351e+00 -1.1680e+00
5 +2.512050127e+05 +2.512050127e+05 +2.516576327e+05 +2.516576327e+05 -1.9125e+00 +1.5259e-01 +4.9333e-01 -4.8875e+00 +3.1922e+00 +2.2102e+00 -4.5426e+00 -1.2694e+00 +1.9086e+00 -9.8980e-01
10 +4.746615114e+04 +4.746615114e+04 +4.791877114e+04 +4.791877114e+04 +1.2387e+00 +1.6779e+00 +4.7924e-01 -1.2165e+00 -3.8308e+00 +2.7128e+00 +4.2888e+00 +4.8804e+00 -3.4164e+00 +1.3774e+00
12 +3.819688268e+03 +3.819688268e+03 +4.272308268e+03 +4.272308268e+03 -1.1677e+00 +4.0319e+00 +2.3058e+00 +2.2743e+00 -7.2042e-01 +4.5000e+00 -2.8285e-02 +1.2719e+00 -1.6673e+00 -8.0686e-01
118 +1.994832001e+03 +1.994832001e+03 +2.447452001e+03 +2.447452001e+03 -1.8805e+00 +3.7709e+00 +5.0000e+00 +5.0000e+00 +1.7855e+00 +4.5059e+00 +1.4846e+00 -2.0630e+00 -3.3193e+00 +1.3379e+00
140 +9.233486594e+02 +9.233486594e+02 +1.375968659e+03 +1.375968659e+03 -5.5847e-02 +1.1090e+00 +5.0000e+00 +1.6872e+00 +7.2455e-01 +4.0594e+00 +4.1269e+00 +3.6981e+00 -5.0000e+00 +3.6036e-02
153 +6.158141890e+01 +6.158141890e+01 +5.142014189e+02 +5.142014189e+02 -3.0957e+00 +2.5507e+00 +5.8352e-01 +6.0958e-01 -4.9161e-01 +8.3539e-01 +3.8418e-01 +1.2052e+00 +5.4260e-01 +1.0777e+00
5589 +3.948348725e+01 +3.948348725e+01 +4.921034873e+02 +4.921034873e+02 -2.8158e+00 +3.1490e+00 +2.2721e+00 +4.0129e-01 -3.5305e+00 +9.0682e-01 +7.2726e-01 +6.4613e-01 +4.8507e-01 +2.3034e+00
6327 +2.442945286e+01 +2.442945286e+01 +4.770494529e+02 +4.770494529e+02 -2.6868e+00 +2.3158e+00 +2.1579e+00 +3.7805e-01 -3.4443e+00 +1.4162e+00 -2.5890e+00 +2.2361e-01 +2.4307e+00 +3.0159e+00
19090 +7.630266576e+00 +7.630266576e+00 +4.602502666e+02 +4.602502666e+02 -2.4918e+00 +1.8230e+00 +2.6794e+00 +2.6476e-01 -2.8739e+00 +2.8915e+00 -2.9370e+00 +2.3126e+00 +1.5424e+00 +1.9340e+00
% function evaluation | noise-free fitness - Fopt (-1.184600000000e+02) | best noise-free fitness - Fopt | measured fitness | best measured fitness | x1 | x2...
1 +4.407670772e+07 +4.407670772e+07 +4.407658926e+07 +4.407658926e+07 -1.8769e+00 +4.4635e+00 +2.5687e+00 +2.3057e+00 +2.2717e+00 -2.8062e-01 +1.0207e+00 +1.1433e-01 +1.3409e+00 -5.6220e-01
2 +2.059865670e+06 +2.059865670e+06 +2.059747210e+06 +2.059747210e+06 -2.7025e+00 -4.2282e+00 -7.5790e-01 +3.5048e+00 -4.2727e+00 +4.4840e+00 -2.4428e+00 -4.1978e+00 -1.7961e+00 -2.2454e+00
5 +5.267823459e+05 +5.267823459e+05 +5.266638859e+05 +5.266638859e+05 -1.2765e+00 +4.2489e+00 -4.9247e+00 -2.2681e+00 +3.2289e+00 -3.3884e+00 +1.9791e+00 +3.5915e-01 -8.8826e-01 -1.5608e+00
19 +6.391764404e+04 +6.391764404e+04 +6.379918404e+04 +6.379918404e+04 +7.0401e-01 -4.7313e+00 +1.0544e+00 -3.8222e+00 -4.9687e-01 -1.3717e+00 +1.7899e+00 -4.3763e+00 +2.4143e+00 +4.1520e+00
93 +1.113666659e+03 +1.113666659e+03 +9.952066591e+02 +9.952066591e+02 -2.4233e+00 -5.0000e+00 +4.0564e+00 -2.7121e+00 -5.0000e+00 -1.1319e+00 -2.9803e+00 -5.0000e+00 +4.8403e+00 +2.2703e+00
99 +6.912877205e+02 +6.912877205e+02 +5.728277205e+02 +5.728277205e+02 +6.9693e-01 -4.4875e+00 +1.4565e-01 -3.1884e+00 -5.7565e-01 +3.7998e-01 +1.8643e+00 -4.7756e+00 +2.3120e+00 +4.9008e+00
108 +3.052094722e+02 +3.052094722e+02 +1.867494722e+02 +1.867494722e+02 +3.3463e+00 -4.8794e+00 -3.5385e-01 -7.7407e-01 -3.1256e+00 -2.1589e+00 +2.3063e+00 -5.0000e+00 -2.7038e+00 +5.0000e+00
515 +1.885572781e+02 +1.885572781e+02 +7.009727808e+01 +7.009727808e+01 +3.3989e+00 -4.9509e+00 -1.4306e+00 +4.8176e-01 -2.2625e+00 -2.1707e+00 +2.1246e+00 -4.9537e+00 -3.0333e+00 +5.0000e+00
2810 +1.485426436e+02 +1.485426436e+02 +3.008264365e+01 +3.008264365e+01 +1.0144e+00 -4.8883e+00 +4.9673e-01 -2.6607e-01 -2.2037e+00 -2.7905e+00 -3.1512e-02 -4.9992e+00 -1.4265e+00 +4.9988e+00
% function evaluation | noise-free fitness - Fopt (9.973000000000e+01) | best noise-free fitness - Fopt | measured fitness | best measured fitness | x1 | x2...
1 +2.385101214e+07 +2.385101214e+07 +2.385111187e+07 +2.385111187e+07 +3.5152e+00 +3.7577e+00 +1.5436e+00 +2.6863e+00 +2.3726e+00 -1.3896e+00 +4.1924e+00 +4.0930e+00 -3.6834e+00 +1.9713e+00
2 +1.084819865e+06 +1.084819865e+06 +1.084919595e+06 +1.084919595e+06 +1.1912e+00 -2.1219e+00 -8.4038e-01 +1.7532e+00 +2.8092e+00 +1.5462e+00 -1.1524e+00 -4.7909e+00 +2.8466e+00 +4.8981e-01
8 +7.582292587e+05 +7.582292587e+05 +7.583289887e+05 +7.583289887e+05 +2.3592e+00 -1.6236e+00 -3.9601e+00 -2.3629e+00 -4.3418e+00 +4.5294e+00 -4.4890e+00 +7.3506e-02 +4.3800e+00 +8.3029e-01
10 +7.463679889e+02 +7.463679889e+02 +8.460979889e+02 +8.460979889e+02 +5.5322e-01 -3.2508e+00 +2.3655e+00 +4.5721e+00 -2.4270e+00 -2.5619e+00 -3.3683e+00 -5.5763e-01 -5.9814e-01 -8.6528e-01
161 +1.811118255e+02 +1.811118255e+02 +2.808418255e+02 +2.808418255e+02 +1.6763e+00 -1.5360e+00 +1.0824e+00 +3.5882e+00 -2.8866e+00 -2.6757e+00 -1.5033e+00 -2.6501e-01 -6.3612e-01 -1.6361e+00
1091 +1.456020442e+02 +1.456020442e+02 +2.453320442e+02 +2.453320442e+02 +1.7659e+00 -9.8845e-01 +1.4875e+00 +1.4524e+00 -3.2001e+00 -8.0021e-02 -5.5434e-01 -1.7164e-01 +2.5859e-01 -7.0432e-01
5759 +8.504998062e+01 +8.504998062e+01 +1.847799806e+02 +1.847799806e+02 +1.4825e+00 -1.0809e+00 +9.6032e-01 +1.2823e+00 +2.0034e-01 -4.4393e-02 +1.7328e+00 -2.6030e-01 -9.6678e-03 -6.1139e-01
7524 +4.990394791e+01 +4.990394791e+01 +1.496339479e+02 +1.496339479e+02 +3.6854e-01 -9.2125e-01 +4.0676e-01 +3.7599e-01 +1.8545e+00 -3.8714e-02 +5.0000e+00 -1.1066e+00 +1.1297e+00 +1.4678e-01
8620 +3.882899369e+01 +3.882899369e+01 +1.385589937e+02 +1.385589937e+02 -4.5583e-01 -6.7722e-01 -1.4956e+00 -6.0350e-01 +1.8658e+00 +1.1497e-01 +3.0802e+00 -9.5015e-02 +2.1787e-01 +1.0551e-01
15433 +2.131663026e+01 +2.131663026e+01 +1.210466303e+02 +1.210466303e+02 -1.8821e+00 -5.9433e-01 -1.4342e+00 -9.1163e-01 +1.8490e+00 +6.8916e-01 +2.7001e+00 -1.7717e+00 +1.0880e-01 -4.0670e-02
29310 +1.383910982e+01 +1.383910982e+01 +1.135691098e+02 +1.135691098e+02 -3.8511e+00 -5.1388e-01 -3.0555e-01 -1.7311e+00 +2.0890e+00 +8.3127e-01 +3.3268e+00 -2.5378e+00 -2.1470e+00 -8.5817e-02
32749 +9.529553816e+00 +9.529553816e+00 +1.092595538e+02 +1.092595538e+02 -1.8074e+00 -3.7113e-01 -1.3319e+00 -2.7594e+00 +1.9451e+00 +3.0840e+00 +2.6604e+00 -3.6419e+00 -2.7763e+00 -6.6676e-02
44669 +3.541245702e+00 +3.541245702e+00 +1.032712457e+02 +1.032712457e+02 -1.7959e+00 -1.4535e-01 -1.7975e+00 -2.7462e+00 +1.8969e+00 +2.3639e+00 +3.7270e+00 -3.6290e+00 -1.6559e+00 +1.8048e-02
% function evaluation | noise-free fitness - Fopt (4.044000000000e+01) | best noise-free fitness - Fopt | measured fitness | best measured fitness | x1 | x2...
1 +3.115957357e+06 +3.115957357e+06 +3.115997797e+06 +3.115997797e+06 -6.0827e-01 -4.8321e+00 -2.8626e+00 -1.0236e+00 +3.0532e-01 +1.1804e+00 -1.0938e+00 -4.6157e+00 +3.4166e+00 +4.6458e+00
3 +9.098300791e+04 +9.098300791e+04 +9.102344791e+04 +9.102344791e+04 +5.0277e-01 +2.4515e+00 -1.3523e+00 -3.0355e+00 -3.7252e+00 +4.0959e+00 +1.6601e+00 -2.6424e+00 -3.5297e-01 +2.4205e+00
8 +3.577630213e+02 +3.577630213e+02 +3.982030213e+02 +3.982030213e+02 -3.3866e+00 +2.7738e+00 -2.4483e+00 -2.7139e+00 -2.5892e+00 +3.2925e+00 +2.7935e+00 +1.7071e+00 -1.1492e+00 -4.1338e+00
218 +2.394004590e+02 +2.394004590e+02 +2.798404590e+02 +2.798404590e+02 +0.0000e+00 -4.1457e+00 -4.5427e+00 -3.2394e+00 +2.2707e-01 +5.0000e+00 -1.2773e+00 +1.1968e+00 -9.8060e-01 -4.9152e+00
549 +1.491560965e+02 +1.491560965e+02 +1.895960965e+02 +1.895960965e+02 -2.4846e+00 +2.4384e+00 -2.9989e+00 -2.7531e+00 -4.3977e-01 +1.3171e-01 +1.1385e+00 +2.8565e+00 -3.0420e+00 -4.5461e+00
2666 +7.102437808e+01 +7.102437808e+01 +1.114643781e+02 +1.114643781e+02 +3.8633e+00 +4.8567e+00 -2.2695e+00 -1.4084e+00 +9.2774e-01 -1.4629e+00 +9.1372e-01 -2.7817e-02 +3.6388e-02 -2.4836e+00
7561 +4.383102327e+01 +4.383102327e+01 +8.427102327e+01 +8.427102327e+01 +1.6514e+00 +2.9553e+00 -1.7836e+00 -1.6203e+00 +1.8483e+00 -1.0584e+00 +6.7168e-01 -1.7992e+00 -5.9329e-01 -2.4522e+00
13747 +3.853823660e+01 +3.853823660e+01 +7.897823660e+01 +7.897823660e+01 +2.2537e+00 +2.1792e+00 -2.2432e+00 -1.2584e+00 +2.1533e+00 -7.2710e-01 +5.2724e-01 -7.4992e-01 -1.0429e+00 -3.1699e-01
20423 +2.038740255e+01 +2.038740255e+01 +6.082740255e+01 +6.082740255e+01 +2.0821e+00 +2.8784e+00 +7.1608e-01 -1.2374e+00 +1.6834e+00 -2.5113e+00 +1.0221e+00 -3.2039e+00 -4.4984e-01 +1.9431e-01
28214 +1.581535318e+01 +1.581535318e+01 +5.625535318e+01 +5.625535318e+01 +2.0554e+00 +1.7179e+00 +2.1834e-01 -1.9297e+00 +1.8846e+00 -1.0100e+00 +8.6183e-01 -2.9525e+00 -8.5715e-01 +1.7903e-01
37357 +9.675535921e+00 +9.675535921e+00 +5.011553592e+01 +5.011553592e+01 +1.1775e+00 +3.3688e+00 +2.5001e+00 -1.0999e+00 +2.0454e+00 -1.3263e+00 +7.6942e-01 -4.7751e+00 -2.1707e+00 +1.0543e+00
% function evaluation | noise-free fitness - Fopt (-1.216000000000e+02) | best noise-free fitness - Fopt | measured fitness | best measured fitness | x1 | x2...
1 +7.963619621e+06 +7.963619621e+06 +7.963498021e+06 +7.963498021e+06 -2.8323e+00 +3.5473e-01 -2.4028e+00 +1.3845e-01 +4.0139e+00 -2.2063e+00 +3.9143e+00 +3.5258e+00 +4.2984e+00 -4.6363e+00
2 +1.454464791e+06 +1.454464791e+06 +1.454343191e+06 +1.454343191e+06 +1.9814e+00 +9.5715e-01 +2.0751e+00 +3.0639e-01 -4.6565e+00 +3.2787e+00 -3.6394e+00 +2.8921e+00 -1.6241e+00 -2.5807e-01
6 +3.405320658e+05 +3.405320658e+05 +3.404104658e+05 +3.404104658e+05 +9.6546e-01 +1.6773e+00 -4.7927e+00 -8.2208e-01 +1.0059e+00 +2.6933e+00 +2.7456e+00 -1.6148e+00 +5.8141e-02 -1.1225e+00
7 +2.771028988e+04 +2.771028988e+04 +2.758868988e+04 +2.758868988e+04 -3.2782e+00 -3.5935e+00 -3.8903e+00 -2.2569e+00 -2.8062e+00 +1.2194e+00 +2.3740e+00 -5.5850e-01 +2.5348e+00 -3.0951e+00
53 +1.346482432e+04 +1.346482432e+04 +1.334322432e+04 +1.334322432e+04 +3.1876e-01 -5.0000e+00 -2.8717e+00 -5.0000e+00 -2.9703e+00 -2.5522e+00 +5.0000e+00 +2.0701e+00 +1.2521e+00 -2.5966e-01
54 +7.010696169e+02 +7.010696169e+02 +5.794696169e+02 +5.794696169e+02 -4.4604e+00 +2.4619e+00 -2.1985e+00 +1.6597e+00 -1.9014e+00 +5.0000e+00 +7.4666e-01 +3.3325e+00 +4.4938e-01 -3.2681e+00
350 +3.430380210e+02 +3.430380210e+02 +2.214380210e+02 +2.214380210e+02 -8.7060e-01 +4.1361e-01 -2.8489e+00 -2.1911e+00 -3.7292e+00 +4.5332e+00 -1.1380e+00 +1.7471e+00 +3.6979e-01 -4.8674e+00
464 +1.356483930e+02 +1.356483930e+02 +1.404839304e+01 +1.404839304e+01 -5.0000e+00 -1.2520e-01 -2.4798e+00 -3.5735e+00 -3.8895e+00 +4.2296e+00 +6.4711e-01 +1.5972e+00 +1.1698e+00 -4.0008e+00
3474 +9.843049576e+01 +9.843049576e+01 -2.316950424e+01 -2.316950424e+01 -3.7600e+00 -7.7407e-01 -3.0792e+00 +1.8921e+00 -1.7882e+00 +4.2118e+00 +1.4245e-01 +1.0593e+00 +8.5749e-01 -3.2537e+00
9203 +4.247884191e+01 +4.247884191e+01 -7.912115809e+01 -7.912115809e+01 -4.5985e+00 -4.2766e-01 -9.5678e-01 +2.5648e+00 -2.3949e+00 +2.2511e+00 -2.3280e-01 -4.8645e-01 +1.2527e+00 +4.5043e-01
11449 +1.282742071e+01 +1.282742071e+01 -1.087725793e+02 -1.087725793e+02 -4.5527e+00 -4.3119e-01 +1.1448e-01 +1.7884e+00 -2.1038e+00 -2.6932e+00 -5.9860e-01 -8.9632e-01 +1.3285e+00 -1.6005e-01
31075 +8.335306987e+00 +8.335306987e+00 -1.132646930e+02 -1.132646930e+02 -3.9303e+00 -3.5733e-01 +6.7606e-02 +1.2624e+00 -1.9973e+00 -2.1772e+00 -7.5021e-01 -1.4689e+00 +1.3501e+00 +6.2321e-01
40904 +5.977331068e+00 +5.977331068e+00 -1.156226689e+02 -1.156226689e+02 -3.9575e+00 -3.8768e-01 -3.6369e-01 +1.2312e+00 -1.7237e+00 -2.3144e+00 +5.9244e-01 -1.4806e+00 +1.3753e+00 +6.2866e-01
% function evaluation | noise-free fitness - Fopt (-3.811000000000e+01) | best noise-free fitness - Fopt | measured fitness | best measured fitness | x1 | x2...
1 +1.283011988e+04 +1.283011988e+04 +1.279200988e+04 +1.279200988e+04 +4.2258e+00 -1.1386e+00 -3.9766e+00 -1.2771e+00 -4.3409e+00 -7.8624e-01 -3.3787e+00 +3.8467e-01 +1.4560e+00 +7.5184e-01
17 +2.802344496e+03 +2.802344496e+03 +2.764234496e+03 +2.764234496e+03 -4.0830e+00 +1.5823e+00 +4.7334e+00 +3.5587e+00 -2.2131e+00 +1.0323e+00 +7.1528e-01 -8.3252e-01 +1.0032e+00 -1.9185e+00
70 +5.334821869e+02 +5.334821869e+02 +4.953721869e+02 +4.953721869e+02 -5.0000e+00 +1.9324e+00 +3.3898e+00 +2.8871e+00 +5.0000e+00 +3.5898e+00 +1.8608e+00 -8.7248e-01 +9.3807e-01 -4.6152e+00
148 +2.475506881e+02 +2.475506881e+02 +2.094406881e+02 +2.094406881e+02 -3.9646e+00 +1.0199e+00 +3.4430e+00 +2.1177e+00 +5.0000e+00 +4.5995e+00 +3.0073e+00 -9.8042e-01 +2.4489e+00 -5.0000e+00
306 +1.440304267e+02 +1.440304267e+02 +1.059204267e+02 +1.059204267e+02 -1.5783e+00 +9.5593e-01 +3.8532e+00 +0.0000e+00 -1.2906e+00 +4.3281e+00 +3.5195e+00 +3.1353e+00 +5.0000e+00 -2.1258e+00
2721 +9.961137488e+01 +9.961137488e+01 +6.150137488e+01 +6.150137488e+01 -1.0425e+00 +2.7705e+00 +2.7111e+00 -7.7231e-02 -1.1348e+00 +4.3006e+00 -3.3141e+00 +4.2261e+00 +4.4039e+00 -1.0258e+00
6460 +4.581348089e+01 +4.581348089e+01 +7.703480887e+00 +7.703480887e+00 -2.3581e+00 +7.9311e-01 +9.0499e-01 +2.4791e+00 -1.0777e+00 +1.6184e-01 -1.5916e+00 +5.0000e+00 +5.0000e+00 +1.7539e+00
11679 +3.211707834e+01 +3.211707834e+01 -5.992921663e+00 -5.992921663e+00 -2.5135e+00 +6.7741e-01 +1.7156e+00 +7.7425e-01 -1.1412e+00 -8.4998e-01 -1.5924e+00 +2.5190e+00 +4.9289e+00 +4.2431e+00
17159 +2.330351305e+01 +2.330351305e+01 -1.480648695e+01 -1.480648695e+01 -2.8546e+00 -1.6591e+00 +1.5848e+00 -2.3515e+00 -1.1736e+00 -2.1295e+00 -3.5575e+00 +2.8600e+00 +4.9648e+00 +3.7835e+00
18433 +1.483563743e+01 +1.483563743e+01 -2.327436257e+01 -2.327436257e+01 -1.8818e+00 -1.5046e+00 -5.5446e-01 +5.2164e-01 -1.1405e+00 -2.7773e+00 -4.7854e+00 +2.8151e+00 +4.6526e+00 +3.8237e+00
48617 +8.737461794e+00 +8.737461794e+00 -2.937253821e+01 -2.937253821e+01 -1.7755e+00 -9.0890e-01 -1.4387e-01 +2.7706e-01 -1.2393e+00 -2.1476e+00 -3.2768e+00 +2.3909e+00 +4.1752e+00 +3.5481e+00
