% function evaluation | noise-free fitness - Fopt (-6.211100000000e+02) | best noise-free fitness - Fopt | measured fitness | best measured fitness | x1 | x2...
1 +5.928331543e+06 +5.928331543e+06 +5.927710433e+06 +5.927710433e+06 +1.0599e+00 +2.1441e+00 -1.9244e+00
6 +1.532577571e+06 +1.532577571e+06 +1.531956461e+06 +1.531956461e+06 -7.4993e-01 +2.6245e+00 +7.2029e-01
52 +3.362936718e+05 +3.362936718e+05 +3.356725618e+05 +3.356725618e+05 -1.2437e+00 +3.6774e+00 +5.4659e-01
111 +2.010460273e+05 +2.010460273e+05 +2.004249173e+05 +2.004249173e+05 -7.1089e-01 +4.2819e+00 -2.8063e-01
134 +1.480332137e+05 +1.480332137e+05 +1.474121037e+05 +1.474121037e+05 -2.6171e+00 +4.9408e+00 +4.9198e-01
137 +6.389403459e+04 +6.389403459e+04 +6.327292459e+04 +6.327292459e+04 -1.1734e+00 +4.4258e+00 +1.7112e-02
156 +5.634938766e+04 +5.634938766e+04 +5.572827766e+04 +5.572827766e+04 -2.1173e-01 +3.3786e+00 +1.5516e-01
183 +8.216377459e+03 +8.216377459e+03 +7.595267459e+03 +7.595267459e+03 -1.4169e-01 +3.2514e+00 -1.1039e-01
383 +1.877632599e+03 +1.877632599e+03 +1.256522599e+03 +1.256522599e+03 +3.4724e-01 +2.9638e+00 -3.1327e-01
872 +1.664212975e+02 +1.664212975e+02 -4.546887025e+02 -4.546887025e+02 +2.6783e-01 +3.0224e+00 -2.6173e-01
910 +1.428215071e+02 +1.428215071e+02 -4.782884929e+02 -4.782884929e+02 +7.0193e-01 +2.6731e+00 -3.6402e-01
1603 +2.035201718e+01 +2.035201718e+01 -6.007579828e+02 -6.007579828e+02 +4.9170e-01 +2.8558e+00 -3.1359e-01
3606 +9.835217413e+00 +9.835217413e+00 -6.112747826e+02 -6.112747826e+02 +4.8853e-01 +2.8544e+00 -3.0768e-01
4002 +5.435725784e+00 +5.435725784e+00 -6.156742742e+02 -6.156742742e+02 +4.7930e-01 +2.8644e+00 -3.0661e-01
4602 +3.721259589e+00 +3.721259589e+00 -6.173887404e+02 -6.173887404e+02 +4.7924e-01 +2.8627e+00 -3.0798e-01
% function evaluation | noise-free fitness - Fopt (-2.548200000000e+02) | best noise-free fitness - Fopt | measured fitness | best measured fitness | x1 | x2...
1 +2.027002898e+07 +2.027002898e+07 +2.026977416e+07 +2.026977416e+07 -1.8683e+00 -1.4543e+00 -4.8527e+00
3 +1.464296311e+07 +1.464296311e+07 +1.464270829e+07 +1.464270829e+07 -2.7601e+00 -4.3505e+00 -4.5974e+00
17 +2.990698251e+06 +2.990698251e+06 +2.990443431e+06 +2.990443431e+06 +1.4089e+00 +7.7309e-01 -2.3469e+00
27 +1.021830849e+06 +1.021830849e+06 +1.021576029e+06 +1.021576029e+06 +2.1659e+00 +1.5176e+00 -2.3514e-01
50 +8.549446912e+04 +8.549446912e+04 +8.523964912e+04 +8.523964912e+04 +2.0534e+00 -6.4767e-01 -1.0374e+00
185 +1.527678393e+04 +1.527678393e+04 +1.502196393e+04 +1.502196393e+04 +1.3408e+00 -2.5922e+00 -1.9983e+00
602 +8.684527941e+03 +8.684527941e+03 +8.429707941e+03 +8.429707941e+03 +1.1445e+00 -3.1470e+00 -2.1689e+00
1087 +3.532831503e+03 +3.532831503e+03 +3.278011503e+03 +3.278011503e+03 +2.4207e+00 +2.7787e-01 -9.4115e-01
1764 +3.747250249e+02 +3.747250249e+02 +1.199050249e+02 +1.199050249e+02 +1.8302e+00 -1.2525e+00 -1.4402e+00
2365 +1.638891122e+02 +1.638891122e+02 -9.093088782e+01 -9.093088782e+01 +1.8314e+00 -1.2063e+00 -1.4483e+00
2445 +1.489608370e+02 +1.489608370e+02 -1.058591630e+02 -1.058591630e+02 +1.8310e+00 -1.2060e+00 -1.4463e+00
2565 +5.210121873e+01 +5.210121873e+01 -2.027187813e+02 -2.027187813e+02 +1.8376e+00 -1.2126e+00 -1.4460e+00
2765 +3.915113204e+01 +3.915113204e+01 -2.156688680e+02 -2.156688680e+02 +1.8323e+00 -1.2284e+00 -1.4458e+00
% function evaluation | noise-free fitness - Fopt (5.661000000000e+01) | best noise-free fitness - Fopt | measured fitness | best measured fitness | x1 | x2...
1 +4.579241141e+09 +4.579241141e+09 +4.579241197e+09 +4.579241197e+09 +3.0466e+00 +2.4832e+00 +1.3799e+00
2 +8.017747018e+08 +8.017747018e+08 +8.017747584e+08 +8.017747584e+08 +2.9936e+00 +1.5294e+00 -1.6277e+00
3 +3.070205667e+08 +3.070205667e+08 +3.070206233e+08 +3.070206233e+08 +2.9096e+00 -3.2295e+00 +2.2234e+00
4 +5.497178667e+07 +5.497178667e+07 +5.497184328e+07 +5.497184328e+07 -3.2154e+00 -3.2170e+00 +1.1693e+00
10 +5.641352516e+06 +5.641352516e+06 +5.641409126e+06 +5.641409126e+06 -4.0540e+00 +2.5967e-01 -4.1550e+00
33 +8.261940796e+05 +8.261940796e+05 +8.262506896e+05 +8.262506896e+05 -4.9847e+00 -1.0402e+00 -2.9617e+00
57 +3.424282788e+04 +3.424282788e+04 +3.429943788e+04 +3.429943788e+04 -1.8447e+00 -3.5827e+00 -5.0000e+00
253 +1.231130819e+04 +1.231130819e+04 +1.236791819e+04 +1.236791819e+04 -4.8631e+00 -1.5307e+00 -3.3427e+00
497 +4.487473151e+03 +4.487473151e+03 +4.544083151e+03 +4.544083151e+03 -3.8830e+00 -2.3084e+00 -3.9201e+00
670 +2.662435208e+03 +2.662435208e+03 +2.719045208e+03 +2.719045208e+03 -3.8822e+00 -2.3160e+00 -3.8886e+00
849 +2.230665072e+03 +2.230665072e+03 +2.287275072e+03 +2.287275072e+03 -3.8163e+00 -2.3528e+00 -3.8794e+00
1168 +1.293611698e+03 +1.293611698e+03 +1.350221698e+03 +1.350221698e+03 -3.3585e+00 -2.5767e+00 -4.0981e+00
1695 +5.652268203e+02 +5.652268203e+02 +6.218368203e+02 +6.218368203e+02 -3.4148e+00 -2.5193e+00 -4.0497e+00
1820 +1.634606600e+02 +1.634606600e+02 +2.200706600e+02 +2.200706600e+02 -3.4389e+00 -2.4909e+00 -4.0419e+00
2166 +8.734184144e+01 +8.734184144e+01 +1.439518414e+02 +1.439518414e+02 -3.2815e+00 -2.5905e+00 -4.1315e+00
2536 +1.876003488e+01 +1.876003488e+01 +7.537003488e+01 +7.537003488e+01 -3.3914e+00 -2.5185e+00 -4.0747e+00
2972 +9.684397152e+00 +9.684397152e+00 +6.629439715e+01 +6.629439715e+01 -3.4489e+00 -2.4871e+00 -4.0503e+00
3222 +4.164263757e-01 +4.164263757e-01 +5.702642638e+01 +5.702642638e+01 -3.4658e+00 -2.4749e+00 -4.0428e+00
3942 +2.394596703e-01 +2.394596703e-01 +5.684945967e+01 +5.684945967e+01 -3.4654e+00 -2.4748e+00 -4.0428e+00
% function evaluation | noise-free fitness - Fopt (-1.810000000000e+01) | best noise-free fitness - Fopt | measured fitness | best measured fitness | x1 | x2...
1 +3.046336689e+09 +3.046336689e+09 +3.046336670e+09 +3.046336670e+09 +4.3839e+00 -2.9740e+00 +6.5398e-02
3 +8.821322936e+06 +8.821322936e+06 +8.821304836e+06 +8.821304836e+06 -1.9555e+00 +1.3286e+00 +9.8912e-01
12 +3.854101322e+06 +3.854101322e+06 +3.854083222e+06 +3.854083222e+06 -3.8097e-01 +4.7083e-02 +4.8978e+00
17 +3.833861134e+05 +3.833861134e+05 +3.833680134e+05 +3.833680134e+05 +3.3474e-01 +1.6361e+00 +2.9294e+00
46 +1.847781335e+05 +1.847781335e+05 +1.847600335e+05 +1.847600335e+05 -2.3523e+00 +2.8916e-01 +3.6073e+00
153 +1.516479157e+05 +1.516479157e+05 +1.516298157e+05 +1.516298157e+05 -4.4025e+00 -8.5541e-01 +4.2930e+00
171 +9.658064227e+04 +9.658064227e+04 +9.656254227e+04 +9.656254227e+04 -4.6465e+00 -1.6220e+00 +4.3967e+00
206 +3.012527722e+04 +3.012527722e+04 +3.010717722e+04 +3.010717722e+04 -4.6072e+00 -1.5680e+00 +4.6650e+00
459 +2.262863139e+03 +2.262863139e+03 +2.244763139e+03 +2.244763139e+03 -1.2935e+00 +4.0167e-01 +3.2140e+00
1041 +9.554967692e+02 +9.554967692e+02 +9.373967692e+02 +9.373967692e+02 -1.7850e+00 +7.0347e-02 +3.4046e+00
1235 +3.554201641e+02 +3.554201641e+02 +3.373201641e+02 +3.373201641e+02 -9.2705e-01 +5.3497e-01 +3.0269e+00
1948 +1.914714796e+02 +1.914714796e+02 +1.733714796e+02 +1.733714796e+02 -9.5555e-01 +5.5449e-01 +3.0453e+00
2249 +1.301022034e+01 +1.301022034e+01 -5.089779655e+00 -5.089779655e+00 -1.0437e+00 +4.8993e-01 +3.0800e+00
2689 +5.340364084e+00 +5.340364084e+00 -1.275963592e+01 -1.275963592e+01 -1.0452e+00 +4.9227e-01 +3.0824e+00
2769 +3.902175692e+00 +3.902175692e+00 -1.419782431e+01 -1.419782431e+01 -1.0445e+00 +4.9526e-01 +3.0806e+00
2929 +8.049769878e-01 +8.049769878e-01 -1.729502301e+01 -1.729502301e+01 -1.0408e+00 +4.9462e-01 +3.0782e+00
3129 +6.068444119e-01 +6.068444119e-01 -1.749315559e+01 -1.749315559e+01 -1.0418e+00 +4.9461e-01 +3.0781e+00
3369 +3.773709209e-01 +3.773709209e-01 -1.772262908e+01 -1.772262908e+01 -1.0422e+00 +4.9461e-01 +3.0784e+00
% function evaluation | noise-free fitness - Fopt (3.777000000000e+01) | best noise-free fitness - Fopt | measured fitness | best measured fitness | x1 | x2...
1 +1.328602954e+08 +1.328602954e+08 +1.328603332e+08 +1.328603332e+08 -1.8613e+00 -3.4515e+00 +2.9917e+00
2 +2.503043692e+06 +2.503043692e+06 +2.503081462e+06 +2.503081462e+06 -3.1207e-01 +3.9327e+00 +1.1397e+00
37 +4.305465055e+05 +4.305465055e+05 +4.305842755e+05 +4.305842755e+05 -2.5521e+00 +1.1986e+00 +1.1060e+00
79 +1.609733898e+05 +1.609733898e+05 +1.610111598e+05 +1.610111598e+05 +1.0956e+00 +3.9111e+00 -8.4440e-01
139 +6.244706402e+04 +6.244706402e+04 +6.248483402e+04 +6.248483402e+04 +3.0762e+00 +5.0000e+00 -1.0398e+00
220 +2.282169740e+03 +2.282169740e+03 +2.319939740e+03 +2.319939740e+03 +1.7281e+00 +4.1904e+00 -7.4302e-01
762 +8.171535222e+01 +8.171535222e+01 +1.194853522e+02 +1.194853522e+02 +1.9759e+00 +4.3575e+00 -7.9964e-01
1675 +4.370077053e+01 +4.370077053e+01 +8.147077053e+01 +8.147077053e+01 +1.9903e+00 +4.3792e+00 -7.9892e-01
1795 +2.842865607e+01 +2.842865607e+01 +6.619865607e+01 +6.619865607e+01 +1.9825e+00 +4.3688e+00 -8.0285e-01
1845 +2.048013573e+01 +2.048013573e+01 +5.825013573e+01 +5.825013573e+01 +2.0671e+00 +4.4384e+00 -8.3529e-01
% function evaluation | noise-free fitness - Fopt (-1.523000000000e+01) | best noise-free fitness - Fopt | measured fitness | best measured fitness | x1 | x2...
1 +1.770471627e+07 +1.770471627e+07 +1.770470104e+07 +1.770470104e+07 +4.0605e+00 +4.9033e-01 +1.5936e+00
3 +4.601028099e+06 +4.601028099e+06 +4.601012869e+06 +4.601012869e+06 -7.1972e-01 +8.5705e-02 -1.2668e+00
17 +1.708633323e+06 +1.708633323e+06 +1.708618093e+06 +1.708618093e+06 +3.5849e+00 +1.6425e+00 -3.7725e+00
20 +1.172477604e+05 +1.172477604e+05 +1.172325304e+05 +1.172325304e+05 +2.2057e+00 +8.0925e-01 -2.2251e+00
102 +2.720370382e+04 +2.720370382e+04 +2.718847382e+04 +2.718847382e+04 +5.0000e+00 +1.8775e+00 -2.5695e+00
201 +1.974961165e+04 +1.974961165e+04 +1.973438165e+04 +1.973438165e+04 +5.0000e+00 +2.0799e+00 -2.3031e+00
372 +9.741610353e+03 +9.741610353e+03 +9.726380353e+03 +9.726380353e+03 +4.7876e+00 +1.9771e+00 -2.5157e+00
644 +5.853810745e+03 +5.853810745e+03 +5.838580745e+03 +5.838580745e+03 +5.0000e+00 +1.9967e+00 -2.5015e+00
967 +8.211289764e+01 +8.211289764e+01 +6.688289764e+01 +6.688289764e+01 +4.8980e+00 +1.9640e+00 -2.4256e+00
1115 +7.457538582e+00 +7.457538582e+00 -7.772461418e+00 -7.772461418e+00 +4.9342e+00 +1.9683e+00 -2.4260e+00
2692 +4.315618195e+00 +4.315618195e+00 -1.091438180e+01 -1.091438180e+01 +4.9142e+00 +1.9608e+00 -2.4288e+00
2930 +3.253300880e+00 +3.253300880e+00 -1.197669912e+01 -1.197669912e+01 +4.9125e+00 +1.9597e+00 -2.4287e+00
3290 +2.174566766e+00 +2.174566766e+00 -1.305543323e+01 -1.305543323e+01 +4.9246e+00 +1.9626e+00 -2.4276e+00
% function evaluation | noise-free fitness - Fopt (-1.614300000000e+02) | best noise-free fitness - Fopt | measured fitness | best measured fitness | x1 | x2...
1 +2.200881507e+08 +2.200881507e+08 +2.200879893e+08 +2.200879893e+08 -3.4526e+00 -2.1634e+00 -4.7285e+00
2 +4.131016304e+07 +4.131016304e+07 +4.131000161e+07 +4.131000161e+07 -2.3067e+00 +9.9883e-01 -2.8686e+00
3 +9.588364033e+05 +9.588364033e+05 +9.586749733e+05 +9.586749733e+05 +1.1558e+00 -2.5819e+00 +3.5259e+00
48 +4.068418441e+04 +4.068418441e+04 +4.052275441e+04 +4.052275441e+04 +2.7657e-01 -3.7572e+00 +3.1198e+00
249 +1.965561186e+04 +1.965561186e+04 +1.949418186e+04 +1.949418186e+04 +5.3473e-01 -4.0023e+00 +3.1362e+00
275 +4.686714658e+03 +4.686714658e+03 +4.525284658e+03 +4.525284658e+03 +5.6873e-01 -1.9345e+00 +2.3515e+00
697 +3.080872603e+03 +3.080872603e+03 +2.919442603e+03 +2.919442603e+03 +5.3852e-01 -1.4485e+00 +2.1958e+00
1336 +5.636723908e+02 +5.636723908e+02 +4.022423908e+02 +4.022423908e+02 +5.7856e-01 -1.1365e+00 +2.0912e+00
1988 +2.279072895e+01 +2.279072895e+01 -1.386392710e+02 -1.386392710e+02 +5.9761e-01 -1.2667e+00 +2.1365e+00
2246 +9.565384760e+00 +9.565384760e+00 -1.518646152e+02 -1.518646152e+02 +5.9649e-01 -1.2592e+00 +2.1358e+00
41742 +6.158529333e+00 +6.158529333e+00 -1.552714707e+02 -1.552714707e+02 +5.9234e-01 -1.3792e+00 +2.1885e+00
% function evaluation | noise-free fitness - Fopt (3.280300000000e+02) | best noise-free fitness - Fopt | measured fitness | best measured fitness | x1 | x2...
1 +5.561264489e+06 +5.561264489e+06 +5.561592519e+06 +5.561592519e+06 +2.3411e+00 +4.4434e+00 +4.9134e+00
8 +1.211230847e+06 +1.211230847e+06 +1.211558877e+06 +1.211558877e+06 +3.3988e+00 +4.4099e-01 +4.9925e+00
28 +7.578716412e+05 +7.578716412e+05 +7.581996712e+05 +7.581996712e+05 +3.9280e+00 +1.3178e+00 +4.2716e+00
41 +4.021054483e+04 +4.021054483e+04 +4.053857483e+04 +4.053857483e+04 +3.5236e+00 +1.5140e+00 +5.0000e+00
210 +3.304283364e+04 +3.304283364e+04 +3.337086364e+04 +3.337086364e+04 +3.4506e+00 +1.9368e+00 +5.0000e+00
341 +7.227197233e+03 +7.227197233e+03 +7.555227233e+03 +7.555227233e+03 +3.5450e+00 +1.8799e+00 +5.0000e+00
421 +7.502282676e+02 +7.502282676e+02 +1.078258268e+03 +1.078258268e+03 +3.6344e+00 +1.8340e+00 +5.0000e+00
1068 +5.181626922e+01 +5.181626922e+01 +3.798462692e+02 +3.798462692e+02 +3.6117e+00 +1.8189e+00 +4.9737e+00
1553 +3.900786354e+01 +3.900786354e+01 +3.670378635e+02 +3.670378635e+02 +3.6059e+00 +1.8175e+00 +4.9713e+00
1854 +2.118209849e+01 +2.118209849e+01 +3.492120985e+02 +3.492120985e+02 +3.6045e+00 +1.8338e+00 +4.9661e+00
1900 +1.572143768e+01 +1.572143768e+01 +3.437514377e+02 +3.437514377e+02 +3.6051e+00 +1.8293e+00 +4.9709e+00
2860 +7.316228533e+00 +7.316228533e+00 +3.353462285e+02 +3.353462285e+02 +3.6061e+00 +1.8209e+00 +4.9776e+00
% function evaluation | noise-free fitness - Fopt (-3.213000000000e+01) | best noise-free fitness - Fopt | measured fitness | best measured fitness | x1 | x2...
1 +1.412031742e+07 +1.412031742e+07 +1.412028529e+07 +1.412028529e+07 -1.0383e+00 +3.1166e+00 +1.0607e-01
6 +6.616977898e+05 +6.616977898e+05 +6.616656598e+05 +6.616656598e+05 +1.1687e+00 +3.5241e+00 +3.4500e+00
7 +1.771749307e+05 +1.771749307e+05 +1.771428007e+05 +1.771428007e+05 -3.8694e-01 +5.9221e-01 +2.8162e+00
115 +7.762320066e+04 +7.762320066e+04 +7.759107066e+04 +7.759107066e+04 +3.2043e-02 +0.0000e+00 +3.0465e+00
117 +5.733100521e+04 +5.733100521e+04 +5.729887521e+04 +5.729887521e+04 +6.9859e-01 +1.9592e+00 +3.0693e+00
133 +1.945167847e+04 +1.945167847e+04 +1.941954847e+04 +1.941954847e+04 +8.8677e-01 +2.0641e+00 +3.1004e+00
524 +1.169878277e+03 +1.169878277e+03 +1.137748277e+03 +1.137748277e+03 +2.5761e-01 +7.0077e-01 +2.9800e+00
715 +5.568177549e+02 +5.568177549e+02 +5.246877549e+02 +5.246877549e+02 +5.6141e-02 +3.7404e-01 +2.9825e+00
1087 +3.612645870e+02 +3.612645870e+02 +3.291345870e+02 +3.291345870e+02 +4.7809e-02 +4.2846e-01 +3.0019e+00
1407 +1.161214750e+02 +1.161214750e+02 +8.399147503e+01 +8.399147503e+01 +7.1333e-02 +4.4645e-01 +3.0013e+00
1447 +4.217128809e+01 +4.217128809e+01 +1.004128809e+01 +1.004128809e+01 +8.3427e-02 +4.6397e-01 +2.9971e+00
1487 +2.935129795e+01 +2.935129795e+01 -2.778702046e+00 -2.778702046e+00 +9.3006e-02 +4.7784e-01 +2.9937e+00
1567 +6.817958785e+00 +6.817958785e+00 -2.531204121e+01 -2.531204121e+01 +9.6656e-02 +4.7575e-01 +2.9929e+00
1647 +5.186470761e+00 +5.186470761e+00 -2.694352924e+01 -2.694352924e+01 +9.4652e-02 +4.7405e-01 +2.9942e+00
1767 +3.274293853e+00 +3.274293853e+00 -2.885570615e+01 -2.885570615e+01 +9.4021e-02 +4.6824e-01 +2.9943e+00
1887 +2.284991432e+00 +2.284991432e+00 -2.984500857e+01 -2.984500857e+01 +9.4762e-02 +4.7081e-01 +2.9943e+00
% function evaluation | noise-free fitness - Fopt (1.576000000000e+01) | best noise-free fitness - Fopt | measured fitness | best measured fitness | x1 | x2...
1 +5.883763985e+08 +5.883763985e+08 +5.883764143e+08 +5.883764143e+08 -4.2009e+00 +1.7343e+00 -3.8436e+00
2 +1.303141394e+06 +1.303141394e+06 +1.303157154e+06 +1.303157154e+06 +1.9326e+00 -1.8441e+00 -3.2389e-01
59 +5.692417084e+05 +5.692417084e+05 +5.692574684e+05 +5.692574684e+05 +2.5445e+00 -1.3040e-01 -8.9593e-02
96 +1.236945463e+05 +1.236945463e+05 +1.237103063e+05 +1.237103063e+05 +4.4948e+00 +2.1304e+00 -2.8146e-02
199 +2.023315439e+04 +2.023315439e+04 +2.024891439e+04 +2.024891439e+04 +4.2413e+00 +1.7030e+00 +7.4368e-02
400 +9.197856449e+03 +9.197856449e+03 +9.213616449e+03 +9.213616449e+03 +3.6641e+00 +9.5293e-01 -1.2282e-02
404 +6.196488480e+03 +6.196488480e+03 +6.212248480e+03 +6.212248480e+03 +3.5792e+00 +7.0547e-01 -9.1428e-02
741 +3.479213440e+03 +3.479213440e+03 +3.494973440e+03 +3.494973440e+03 +3.2266e+00 +2.4360e-02 -4.9716e-02
758 +2.109448360e+03 +2.109448360e+03 +2.125208360e+03 +2.125208360e+03 +3.9007e+00 +1.1971e+00 -2.1236e-02
1104 +9.431991935e+02 +9.431991935e+02 +9.589591935e+02 +9.589591935e+02 +3.6442e+00 +8.1132e-01 +2.2020e-02
1823 +1.106626990e+02 +1.106626990e+02 +1.264226990e+02 +1.264226990e+02 +3.6005e+00 +7.2989e-01 -3.0014e-03
1969 +5.071811854e+01 +5.071811854e+01 +6.647811854e+01 +6.647811854e+01 +3.6105e+00 +7.4625e-01 -5.9558e-03
2710 +3.943996527e+01 +3.943996527e+01 +5.519996527e+01 +5.519996527e+01 +3.6274e+00 +7.7657e-01 -9.4712e-03
% function evaluation | noise-free fitness - Fopt (3.735000000000e+01) | best noise-free fitness - Fopt | measured fitness | best measured fitness | x1 | x2...
1 +7.829958743e+07 +7.829958743e+07 +7.829962478e+07 +7.829962478e+07 +1.7023e+00 +9.2355e-01 +5.6865e-01
2 +3.622334036e+07 +3.622334036e+07 +3.622337771e+07 +3.622337771e+07 +2.5185e+00 -4.6575e+00 +2.3547e+00
4 +9.359149982e+06 +9.359149982e+06 +9.359187332e+06 +9.359187332e+06 -3.6154e+00 -4.7331e+00 +1.8549e+00
11 +4.772756614e+06 +4.772756614e+06 +4.772793964e+06 +4.772793964e+06 -3.0343e+00 +1.3982e-01 +1.0105e+00
26 +8.750828175e+05 +8.750828175e+05 +8.751201675e+05 +8.751201675e+05 -4.0111e+00 +2.6049e-01 +1.8545e+00
99 +5.695437840e+05 +5.695437840e+05 +5.695811340e+05 +5.695811340e+05 -5.0000e+00 +4.8085e-01 +1.6123e+00
163 +2.026983200e+05 +2.026983200e+05 +2.027356700e+05 +2.027356700e+05 -4.0032e+00 +3.3399e-01 +2.4374e+00
166 +1.067571015e+05 +1.067571015e+05 +1.067944515e+05 +1.067944515e+05 -4.8587e+00 +1.2236e+00 +1.5254e+00
349 +6.346346911e+03 +6.346346911e+03 +6.383696911e+03 +6.383696911e+03 -4.8531e+00 +7.8079e-01 +1.9826e+00
821 +6.241360405e+03 +6.241360405e+03 +6.278710405e+03 +6.278710405e+03 -4.9040e+00 +7.4217e-01 +2.0959e+00
929 +2.816798952e+03 +2.816798952e+03 +2.854148952e+03 +2.854148952e+03 -4.6908e+00 +6.7719e-01 +2.1911e+00
1092 +2.189645394e+03 +2.189645394e+03 +2.226995394e+03 +2.226995394e+03 -4.8715e+00 +8.6336e-01 +1.9437e+00
1292 +9.460502659e+02 +9.460502659e+02 +9.834002659e+02 +9.834002659e+02 -4.9077e+00 +8.8333e-01 +1.9159e+00
1403 +1.498734519e+02 +1.498734519e+02 +1.872234519e+02 +1.872234519e+02 -4.9197e+00 +8.5507e-01 +1.9429e+00
1540 +9.366577120e+01 +9.366577120e+01 +1.310157712e+02 +1.310157712e+02 -4.8956e+00 +8.3985e-01 +1.9718e+00
1946 +5.453570403e+01 +5.453570403e+01 +9.188570403e+01 +9.188570403e+01 -4.9058e+00 +8.5472e-01 +1.9608e+00
2426 +2.813210443e+01 +2.813210443e+01 +6.548210443e+01 +6.548210443e+01 -4.9124e+00 +8.4810e-01 +1.9612e+00
2436 +2.265607607e+01 +2.265607607e+01 +6.000607607e+01 +6.000607607e+01 -4.9123e+00 +8.5538e-01 +1.9587e+00
2618 +1.559957260e+01 +1.559957260e+01 +5.294957260e+01 +5.294957260e+01 -4.9057e+00 +8.4271e-01 +1.9724e+00
% function evaluation | noise-free fitness - Fopt (-3.096300000000e+02) | best noise-free fitness - Fopt | measured fitness | best measured fitness | x1 | x2...
1 +9.305154941e+08 +9.305154941e+08 +9.305151844e+08 +9.305151844e+08 -5.1310e-01 -2.1311e+00 +5.8602e-01
2 +1.687533152e+06 +1.687533152e+06 +1.687223522e+06 +1.687223522e+06 +7.8988e-01 +4.8989e+00 +2.8246e+00
38 +4.158725560e+04 +4.158725560e+04 +4.127762560e+04 +4.127762560e+04 -2.3028e+00 +3.4425e+00 +1.9381e+00
103 +3.728099017e+04 +3.728099017e+04 +3.697136017e+04 +3.697136017e+04 -2.7748e+00 +2.7193e+00 +1.0078e+00
142 +9.154448986e+03 +9.154448986e+03 +8.844818986e+03 +8.844818986e+03 -4.1018e+00 +1.6130e+00 +6.5061e-02
509 +4.096061874e+03 +4.096061874e+03 +3.786431874e+03 +3.786431874e+03 -4.9947e+00 +6.2793e-01 -8.8229e-01
714 +2.888659267e+03 +2.888659267e+03 +2.579029267e+03 +2.579029267e+03 -4.9970e+00 +6.4772e-01 -8.6701e-01
826 +1.681169094e+03 +1.681169094e+03 +1.371539094e+03 +1.371539094e+03 -3.0695e+00 +2.5222e+00 +9.4574e-01
1382 +3.992332096e+02 +3.992332096e+02 +8.960320959e+01 +8.960320959e+01 -3.1453e+00 +2.4665e+00 +9.4754e-01
2266 +1.248483571e+02 +1.248483571e+02 -1.847816429e+02 -1.847816429e+02 -3.1405e+00 +2.4573e+00 +9.1703e-01
2769 +6.763730950e+01 +6.763730950e+01 -2.419926905e+02 -2.419926905e+02 -3.1297e+00 +2.4633e+00 +9.4723e-01
3169 +1.400322143e+01 +1.400322143e+01 -2.956267786e+02 -2.956267786e+02 -3.1260e+00 +2.4633e+00 +9.4376e-01
3329 +7.049169823e+00 +7.049169823e+00 -3.025808302e+02 -3.025808302e+02 -3.1283e+00 +2.4635e+00 +9.4123e-01
3809 +5.631869808e+00 +5.631869808e+00 -3.039981302e+02 -3.039981302e+02 -3.1274e+00 +2.4635e+00 +9.3603e-01
3929 +2.391902482e+00 +2.391902482e+00 -3.072380975e+02 -3.072380975e+02 -3.1272e+00 +2.4635e+00 +9.3720e-01
4089 +5.576812450e-01 +5.576812450e-01 -3.090723188e+02 -3.090723188e+02 -3.1272e+00 +2.4635e+00 +9.3850e-01
6260 +3.977726585e-01 +3.977726585e-01 -3.092322273e+02 -3.092322273e+02 -3.1270e+00 +2.4633e+00 +9.3889e-01
% function evaluation | noise-free fitness - Fopt (-1.000000000000e+03) | best noise-free fitness - Fopt | measured fitness | best measured fitness | x1 | x2...
1 +6.905085679e+06 +6.905085679e+06 +6.904085679e+06 +6.904085679e+06 +4.8761e+00 +1.2535e+00 -2.7900e+00
8 +3.300254191e+05 +3.300254191e+05 +3.290254191e+05 +3.290254191e+05 +2.9020e+00 +3.7041e+00 -2.2328e+00
42 +2.237656303e+05 +2.237656303e+05 +2.227656303e+05 +2.227656303e+05 +4.5855e+00 +2.6019e+00 -2.5478e-01
76 +5.747947557e+04 +5.747947557e+04 +5.647947557e+04 +5.647947557e+04 +5.0000e+00 +1.9186e+00 +3.2859e+00
277 +3.933634455e+04 +3.933634455e+04 +3.833634455e+04 +3.833634455e+04 +5.0000e+00 +2.0451e+00 +2.1114e+00
282 +8.208415984e+03 +8.208415984e+03 +7.208415984e+03 +7.208415984e+03 +5.0000e+00 +1.7577e+00 +2.8345e+00
289 +5.801715023e+03 +5.801715023e+03 +4.801715023e+03 +4.801715023e+03 +4.8101e+00 +1.9585e+00 +2.3638e+00
313 +2.922731014e+03 +2.922731014e+03 +1.922731014e+03 +1.922731014e+03 +4.8607e+00 +1.9401e+00 +2.4990e+00
597 +1.839209836e+03 +1.839209836e+03 +8.392098358e+02 +8.392098358e+02 +4.8807e+00 +2.0217e+00 +2.2580e+00
984 +9.141955868e+01 +9.141955868e+01 -9.085804413e+02 -9.085804413e+02 +4.8831e+00 +2.0020e+00 +2.3947e+00
1501 +6.103200400e+01 +6.103200400e+01 -9.389679960e+02 -9.389679960e+02 +4.8785e+00 +1.9919e+00 +2.4098e+00
2101 +2.928578311e+01 +2.928578311e+01 -9.707142169e+02 -9.707142169e+02 +4.8827e+00 +1.9905e+00 +2.4074e+00
% function evaluation | noise-free fitness - Fopt (5.800000000000e+01) | best noise-free fitness - Fopt | measured fitness | best measured fitness | x1 | x2...
1 +6.751583092e+08 +6.751583092e+08 +6.751583672e+08 +6.751583672e+08 -7.4817e-01 +1.2369e+00 +1.2044e+00
4 +3.135194257e+08 +3.135194257e+08 +3.135194837e+08 +3.135194837e+08 +3.3837e+00 +3.7557e+00 -2.1937e+00
9 +3.040816200e+07 +3.040816200e+07 +3.040822000e+07 +3.040822000e+07 -3.1066e-01 +2.1425e+00 -2.5368e+00
25 +1.178703033e+05 +1.178703033e+05 +1.179283033e+05 +1.179283033e+05 -4.0277e+00 +4.3510e+00 -2.4002e+00
83 +8.546349893e+04 +8.546349893e+04 +8.552149893e+04 +8.552149893e+04 -5.0000e+00 +4.5296e+00 -2.0559e+00
163 +4.272349459e+04 +4.272349459e+04 +4.278149459e+04 +4.278149459e+04 -5.0000e+00 +4.3491e+00 -2.1796e+00
189 +3.333337742e+04 +3.333337742e+04 +3.339137742e+04 +3.339137742e+04 -5.0000e+00 +4.2127e+00 -2.1601e+00
364 +3.832279337e+03 +3.832279337e+03 +3.890279337e+03 +3.890279337e+03 -5.0000e+00 +4.2519e+00 -2.0470e+00
734 +2.065496166e+02 +2.065496166e+02 +2.645496166e+02 +2.645496166e+02 -4.9502e+00 +4.2615e+00 -2.0189e+00
814 +1.344294416e+02 +1.344294416e+02 +1.924294416e+02 +1.924294416e+02 -4.9550e+00 +4.2615e+00 -2.0048e+00
1748 +3.080387260e+01 +3.080387260e+01 +8.880387260e+01 +8.880387260e+01 -4.9129e+00 +4.2459e+00 -2.0298e+00
2254 +9.294115144e+00 +9.294115144e+00 +6.729411514e+01 +6.729411514e+01 -4.9577e+00 +4.2540e+00 -2.0067e+00
3336 +5.512455721e+00 +5.512455721e+00 +6.351245572e+01 +6.351245572e+01 -4.9392e+00 +4.2477e+00 -2.0152e+00
% function evaluation | noise-free fitness - Fopt (9.438000000000e+01) | best noise-free fitness - Fopt | measured fitness | best measured fitness | x1 | x2...
1 +2.760127927e+07 +2.760127927e+07 +2.760137365e+07 +2.760137365e+07 +3.9638e+00 -1.9425e+00 -2.0904e+00
4 +1.852442548e+07 +1.852442548e+07 +1.852451986e+07 +1.852451986e+07 +2.3965e+00 +2.5088e-01 -4.5060e-01
11 +8.825557814e+05 +8.825557814e+05 +8.826501614e+05 +8.826501614e+05 -2.6083e+00 +3.0350e+00 -4.4483e+00
47 +4.496587721e+05 +4.496587721e+05 +4.497531521e+05 +4.497531521e+05 -1.6065e+00 +3.4080e+00 -4.2838e+00
56 +1.094635100e+05 +1.094635100e+05 +1.095578900e+05 +1.095578900e+05 -1.2862e-01 +3.1335e+00 -3.8345e+00
120 +9.598907000e+04 +9.598907000e+04 +9.608345000e+04 +9.608345000e+04 -4.0625e+00 +3.8233e+00 -3.4354e+00
127 +1.313095107e+04 +1.313095107e+04 +1.322533107e+04 +1.322533107e+04 -3.6139e+00 +3.4969e+00 -3.6005e+00
546 +2.962679741e+03 +2.962679741e+03 +3.057059741e+03 +3.057059741e+03 -3.5486e+00 +3.5566e+00 -3.7385e+00
623 +2.120384257e+03 +2.120384257e+03 +2.214764257e+03 +2.214764257e+03 -3.6304e+00 +3.5319e+00 -3.7006e+00
743 +9.875557417e+02 +9.875557417e+02 +1.081935742e+03 +1.081935742e+03 -3.5840e+00 +3.5571e+00 -3.7121e+00
753 +3.785231105e+02 +3.785231105e+02 +4.729031105e+02 +4.729031105e+02 -3.5622e+00 +3.5773e+00 -3.7073e+00
881 +1.382706875e+02 +1.382706875e+02 +2.326506875e+02 +2.326506875e+02 -3.5994e+00 +3.5773e+00 -3.6998e+00
1361 +6.164627479e+01 +6.164627479e+01 +1.560262748e+02 +1.560262748e+02 -3.5963e+00 +3.5837e+00 -3.6811e+00
1423 +2.127281058e+01 +2.127281058e+01 +1.156528106e+02 +1.156528106e+02 -3.5992e+00 +3.5870e+00 -3.6916e+00
1444 +1.424330139e+01 +1.424330139e+01 +1.086233014e+02 +1.086233014e+02 -2.8194e+00 +3.5433e+00 -3.6216e+00
1575 +2.544095872e+00 +2.544095872e+00 +9.692409587e+01 +9.692409587e+01 -2.4197e+00 +3.5180e+00 -3.6208e+00
2324 +7.088692510e-01 +7.088692510e-01 +9.508886925e+01 +9.508886925e+01 -2.9408e+00 +3.5517e+00 -3.6269e+00
2629 +2.113638931e-01 +2.113638931e-01 +9.459136389e+01 +9.459136389e+01 -2.9084e+00 +3.5494e+00 -3.6260e+00
3660 +1.207755635e-01 +1.207755635e-01 +9.450077556e+01 +9.450077556e+01 -2.9093e+00 +3.5493e+00 -3.6260e+00
3787 +2.201898061e-02 +2.201898061e-02 +9.440201898e+01 +9.440201898e+01 -2.9285e+00 +3.5503e+00 -3.6264e+00
5098 +1.352404905e-02 +1.352404905e-02 +9.439352405e+01 +9.439352405e+01 -2.9300e+00 +3.5504e+00 -3.6263e+00
9627 +9.960070114e-03 +9.960070114e-03 +9.438996007e+01 +9.438996007e+01 -2.9438e+00 +3.5512e+00 -3.6264e+00
14465 +5.629025956e-03 +5.629025956e-03 +9.438562903e+01 +9.438562903e+01 -2.9693e+00 +3.5529e+00 -3.6266e+00
21569 +3.636902373e-03 +3.636902373e-03 +9.438363690e+01 +9.438363690e+01 -2.9844e+00 +3.5538e+00 -3.6267e+00
32114 +2.390858959e-03 +2.390858959e-03 +9.438239086e+01 +9.438239086e+01 -2.9949e+00 +3.5545e+00 -3.6268e+00
38571 +9.721966966e-04 +9.721966966e-04 +9.438097220e+01 +9.438097220e+01 -3.0149e+00 +3.5558e+00 -3.6270e+00
47397 +6.157739317e-04 +6.157739317e-04 +9.438061577e+01 +9.438061577e+01 -3.0217e+00 +3.5562e+00 -3.6270e+00
