% function evaluation | noise-free fitness - Fopt (-1.694000000000e+01) | best noise-free fitness - Fopt | measured fitness | best measured fitness | x1 | x2...
1 +8.253847324e+01 +8.253847324e+01 +6.559847324e+01 +6.559847324e+01 +1.3366e+00 -1.3762e+00 +2.0008e-02 +2.1247e+00 +3.5384e+00
8 +3.472845015e+01 +3.472845015e+01 +1.778845015e+01 +1.778845015e+01 +5.0505e-03 +1.7207e+00 -3.3967e+00 +2.7221e+00 -1.8106e+00
78 +1.847755810e+01 +1.847755810e+01 +1.537558096e+00 +1.537558096e+00 +8.2490e-01 +9.1602e-01 -1.2622e+00 +3.7140e+00 -1.1711e+00
151 +1.497623516e+01 +1.497623516e+01 -1.963764843e+00 -1.963764843e+00 +8.9041e-01 +3.6476e+00 -3.7024e+00 +7.2045e-01 -1.6020e-01
357 +9.247443619e+00 +9.247443619e+00 -7.692556381e+00 -7.692556381e+00 +2.0415e+00 +1.2833e+00 -2.3826e+00 +2.9833e+00 +4.7477e-01
476 +5.819985632e+00 +5.819985632e+00 -1.112001437e+01 -1.112001437e+01 +1.9205e+00 +1.2328e+00 -2.2336e+00 +3.1281e+00 +3.8475e-01
626 +2.890332732e+00 +2.890332732e+00 -1.404966727e+01 -1.404966727e+01 +2.0949e+00 +4.4071e-01 -2.5868e+00 +3.2470e+00 +1.0005e+00
894 +2.329544826e+00 +2.329544826e+00 -1.461045517e+01 -1.461045517e+01 +2.9240e+00 +1.9716e+00 -1.7061e+00 +2.1181e+00 +9.0986e-01
1027 +1.518353276e+00 +1.518353276e+00 -1.542164672e+01 -1.542164672e+01 +3.4791e+00 +2.3644e+00 -1.6992e+00 +1.7535e+00 +1.5028e+00
1202 +8.984117279e-01 +8.984117279e-01 -1.604158827e+01 -1.604158827e+01 +3.7572e+00 +2.5116e+00 -1.5449e+00 +1.5199e+00 +1.4128e+00
1208 +5.361919337e-01 +5.361919337e-01 -1.640380807e+01 -1.640380807e+01 +3.9829e+00 +2.8696e+00 -1.3501e+00 +1.2189e+00 +1.4982e+00
1376 +3.733001424e-01 +3.733001424e-01 -1.656669986e+01 -1.656669986e+01 +3.9729e+00 +2.8724e+00 -1.3363e+00 +1.2293e+00 +1.5207e+00
1802 +1.878498094e-01 +1.878498094e-01 -1.675215019e+01 -1.675215019e+01 +3.9810e+00 +2.8705e+00 -1.3552e+00 +1.2164e+00 +1.5182e+00
2161 +1.388669783e-01 +1.388669783e-01 -1.680113302e+01 -1.680113302e+01 +3.7515e+00 +2.5856e+00 -1.4875e+00 +1.4344e+00 +1.4225e+00
2276 +9.633771633e-02 +9.633771633e-02 -1.684366228e+01 -1.684366228e+01 +3.7131e+00 +2.6123e+00 -1.5000e+00 +1.4253e+00 +1.4221e+00
2677 +4.413921463e-02 +4.413921463e-02 -1.689586079e+01 -1.689586079e+01 +3.6569e+00 +2.5429e+00 -1.5283e+00 +1.4725e+00 +1.3901e+00
2833 +3.862767872e-02 +3.862767872e-02 -1.690137232e+01 -1.690137232e+01 +3.7128e+00 +2.6116e+00 -1.5004e+00 +1.4257e+00 +1.4198e+00
3162 +2.070910298e-02 +2.070910298e-02 -1.691929090e+01 -1.691929090e+01 +3.6800e+00 +2.5657e+00 -1.5170e+00 +1.4564e+00 +1.4028e+00
3426 +1.468591425e-02 +1.468591425e-02 -1.692531409e+01 -1.692531409e+01 +3.6617e+00 +2.5600e+00 -1.5242e+00 +1.4635e+00 +1.3965e+00
3554 +5.302992230e-03 +5.302992230e-03 -1.693469701e+01 -1.693469701e+01 +3.6661e+00 +2.5596e+00 -1.5233e+00 +1.4620e+00 +1.3993e+00
3996 +1.905821096e-03 +1.905821096e-03 -1.693809418e+01 -1.693809418e+01 +3.6552e+00 +2.5491e+00 -1.5301e+00 +1.4701e+00 +1.3957e+00
4176 +1.507972257e-03 +1.507972257e-03 -1.693849203e+01 -1.693849203e+01 +3.6554e+00 +2.5489e+00 -1.5302e+00 +1.4702e+00 +1.3958e+00
4579 +9.303386828e-04 +9.303386828e-04 -1.693906966e+01 -1.693906966e+01 +3.6567e+00 +2.5500e+00 -1.5291e+00 +1.4693e+00 +1.3961e+00
4955 +5.617707440e-04 +5.617707440e-04 -1.693943823e+01 -1.693943823e+01 +3.6562e+00 +2.5497e+00 -1.5296e+00 +1.4695e+00 +1.3960e+00
% function evaluation | noise-free fitness - Fopt (1.881000000000e+01) | best noise-free fitness - Fopt | measured fitness | best measured fitness | x1 | x2...
1 +9.954041086e+01 +9.954041086e+01 +1.183504109e+02 +1.183504109e+02 +3.1756e+00 +3.5731e+00 +1.1295e-01 +4.0470e-01 -3.9901e+00
6 +4.332146845e+01 +4.332146845e+01 +6.213146845e+01 +6.213146845e+01 -2.3989e+00 +2.7844e+00 -4.4597e+00 -3.0590e+00 +1.8389e+00
47 +1.132662971e+01 +1.132662971e+01 +3.013662971e+01 +3.013662971e+01 -5.1142e-01 -2.3320e-01 -1.3824e+00 -3.2966e-01 +1.6343e+00
201 +4.794574281e+00 +4.794574281e+00 +2.360457428e+01 +2.360457428e+01 -8.1105e-01 +3.6915e+00 -8.5730e-01 +2.0018e+00 -9.2309e-01
532 +3.267607657e+00 +3.267607657e+00 +2.207760766e+01 +2.207760766e+01 -5.0640e-01 +2.0024e+00 -1.1547e+00 +2.5898e-01 +1.9294e+00
680 +2.150826684e+00 +2.150826684e+00 +2.096082668e+01 +2.096082668e+01 -2.8182e-01 +1.9593e+00 -7.7533e-01 -2.7627e-01 +1.8716e+00
763 +1.409211296e+00 +1.409211296e+00 +2.021921130e+01 +2.021921130e+01 +2.1728e-01 +9.8022e-01 -5.4418e-01 -1.2856e+00 +2.5514e+00
878 +9.940718739e-01 +9.940718739e-01 +1.980407187e+01 +1.980407187e+01 -2.5770e-01 +1.3935e+00 -8.4922e-01 -1.4836e-01 +1.6601e+00
977 +3.036997722e-01 +3.036997722e-01 +1.911369977e+01 +1.911369977e+01 -3.5723e-01 +2.1368e+00 -9.1708e-01 +3.9358e-01 +1.2402e+00
1332 +1.113763530e-01 +1.113763530e-01 +1.892137635e+01 +1.892137635e+01 -2.1860e-01 +1.8008e+00 -8.3270e-01 +1.8752e-02 +1.6095e+00
1413 +9.369354587e-02 +9.369354587e-02 +1.890369355e+01 +1.890369355e+01 -2.0255e-01 +1.8118e+00 -8.3039e-01 +4.8406e-03 +1.6270e+00
1726 +5.857511145e-02 +5.857511145e-02 +1.886857511e+01 +1.886857511e+01 -1.8749e-01 +1.7447e+00 -8.2164e-01 -6.6541e-02 +1.6938e+00
2279 +2.306977392e-02 +2.306977392e-02 +1.883306977e+01 +1.883306977e+01 -1.7958e-01 +1.7541e+00 -8.1447e-01 -7.5272e-02 +1.7064e+00
2577 +1.195895711e-02 +1.195895711e-02 +1.882195896e+01 +1.882195896e+01 -1.8259e-01 +1.7520e+00 -8.1658e-01 -7.2054e-02 +1.7055e+00
2735 +7.669739868e-03 +7.669739868e-03 +1.881766974e+01 +1.881766974e+01 -1.9237e-01 +1.7826e+00 -8.2262e-01 -3.1614e-02 +1.6698e+00
3054 +5.538273689e-03 +5.538273689e-03 +1.881553827e+01 +1.881553827e+01 -1.9249e-01 +1.7823e+00 -8.2269e-01 -3.1735e-02 +1.6699e+00
3208 +2.544772869e-03 +2.544772869e-03 +1.881254477e+01 +1.881254477e+01 -1.9067e-01 +1.7794e+00 -8.2200e-01 -3.5425e-02 +1.6740e+00
3326 +2.031155042e-03 +2.031155042e-03 +1.881203116e+01 +1.881203116e+01 -1.9058e-01 +1.7794e+00 -8.2214e-01 -3.5446e-02 +1.6740e+00
3402 +1.401837390e-03 +1.401837390e-03 +1.881140184e+01 +1.881140184e+01 -1.9057e-01 +1.7795e+00 -8.2210e-01 -3.5332e-02 +1.6736e+00
3835 +8.875652805e-04 +8.875652805e-04 +1.881088757e+01 +1.881088757e+01 -1.9125e-01 +1.7808e+00 -8.2241e-01 -3.3478e-02 +1.6718e+00
3851 +5.384349249e-04 +5.384349249e-04 +1.881053843e+01 +1.881053843e+01 -1.9125e-01 +1.7809e+00 -8.2242e-01 -3.3454e-02 +1.6719e+00
4078 +2.925294892e-04 +2.925294892e-04 +1.881029253e+01 +1.881029253e+01 -1.9114e-01 +1.7807e+00 -8.2237e-01 -3.3728e-02 +1.6722e+00
4154 +2.470193662e-04 +2.470193662e-04 +1.881024702e+01 +1.881024702e+01 -1.9116e-01 +1.7807e+00 -8.2237e-01 -3.3742e-02 +1.6722e+00
4301 +1.341627255e-04 +1.341627255e-04 +1.881013416e+01 +1.881013416e+01 -1.9120e-01 +1.7808e+00 -8.2240e-01 -3.3586e-02 +1.6720e+00
4376 +7.082001078e-05 +7.082001078e-05 +1.881007082e+01 +1.881007082e+01 -1.9120e-01 +1.7808e+00 -8.2240e-01 -3.3588e-02 +1.6720e+00
4679 +5.912056426e-05 +5.912056426e-05 +1.881005912e+01 +1.881005912e+01 -1.9119e-01 +1.7808e+00 -8.2240e-01 -3.3618e-02 +1.6720e+00
4704 +3.851211590e-05 +3.851211590e-05 +1.881003851e+01 +1.881003851e+01 -1.9121e-01 +1.7808e+00 -8.2240e-01 -3.3594e-02 +1.6720e+00
4751 +1.718151328e-05 +1.718151328e-05 +1.881001718e+01 +1.881001718e+01 -1.9120e-01 +1.7808e+00 -8.2240e-01 -3.3602e-02 +1.6720e+00
% function evaluation | noise-free fitness - Fopt (2.731500000000e+02) | best noise-free fitness - Fopt | measured fitness | best measured fitness | x1 | x2...
1 +3.166753286e+01 +3.166753286e+01 +3.048175329e+02 +3.048175329e+02 +1.3608e+00 +4.5594e+00 -1.4721e+00 +4.4209e+00 +8.9822e-01
99 +2.209738180e+01 +2.209738180e+01 +2.952473818e+02 +2.952473818e+02 +2.8491e+00 +4.6438e+00 +1.6190e+00 +9.0341e-01 -5.8056e-01
128 +4.000763152e+00 +4.000763152e+00 +2.771507632e+02 +2.771507632e+02 -3.2388e-02 +4.6801e+00 +1.6912e-02 +1.8744e+00 +9.9123e-01
664 +3.746098111e+00 +3.746098111e+00 +2.768960981e+02 +2.768960981e+02 -5.9040e-01 +4.2407e+00 +4.5188e-02 +2.0952e+00 +1.5936e+00
753 +2.445742773e+00 +2.445742773e+00 +2.755957428e+02 +2.755957428e+02 -4.7243e+00 +4.2228e+00 -8.2716e-01 +2.5358e+00 +1.9901e+00
1002 +1.532081235e+00 +1.532081235e+00 +2.746820812e+02 +2.746820812e+02 -5.0167e+00 +3.8664e+00 -7.7954e-01 +2.5853e+00 +2.0815e+00
1104 +9.424231847e-01 +9.424231847e-01 +2.740924232e+02 +2.740924232e+02 -4.6224e+00 +3.7990e+00 -7.3226e-01 +2.5274e+00 +2.1162e+00
1386 +5.905135199e-01 +5.905135199e-01 +2.737405135e+02 +2.737405135e+02 -3.7671e+00 +3.7484e+00 -4.0622e-01 +2.6210e+00 +2.0509e+00
1492 +3.268375412e-01 +3.268375412e-01 +2.734768375e+02 +2.734768375e+02 -3.2961e+00 +3.7626e+00 -4.8811e-01 +2.5053e+00 +1.9555e+00
1502 +1.850603095e-01 +1.850603095e-01 +2.733350603e+02 +2.733350603e+02 -3.6738e+00 +3.7749e+00 -5.0258e-01 +2.5698e+00 +2.0337e+00
1677 +1.571309135e-01 +1.571309135e-01 +2.733071309e+02 +2.733071309e+02 -3.6815e+00 +3.7710e+00 -5.5112e-01 +2.5503e+00 +2.0189e+00
1779 +6.157334765e-02 +6.157334765e-02 +2.732115733e+02 +2.732115733e+02 -3.5426e+00 +3.7606e+00 -4.7883e-01 +2.5613e+00 +1.9990e+00
2278 +1.623480085e-02 +1.623480085e-02 +2.731662348e+02 +2.731662348e+02 -3.5811e+00 +3.7526e+00 -4.7785e-01 +2.5697e+00 +2.0097e+00
2401 +1.015969336e-02 +1.015969336e-02 +2.731601597e+02 +2.731601597e+02 -3.5812e+00 +3.7525e+00 -4.7790e-01 +2.5698e+00 +2.0095e+00
2780 +8.711771658e-03 +8.711771658e-03 +2.731587118e+02 +2.731587118e+02 -3.5828e+00 +3.7540e+00 -4.7980e-01 +2.5691e+00 +2.0082e+00
2855 +5.891150979e-03 +5.891150979e-03 +2.731558912e+02 +2.731558912e+02 -3.5763e+00 +3.7538e+00 -4.7850e-01 +2.5679e+00 +2.0076e+00
3205 +3.529322876e-03 +3.529322876e-03 +2.731535293e+02 +2.731535293e+02 -3.5877e+00 +3.7538e+00 -4.7931e-01 +2.5700e+00 +2.0094e+00
3433 +2.318988527e-03 +2.318988527e-03 +2.731523190e+02 +2.731523190e+02 -3.5768e+00 +3.7536e+00 -4.7860e-01 +2.5681e+00 +2.0076e+00
3597 +1.234377957e-03 +1.234377957e-03 +2.731512344e+02 +2.731512344e+02 -3.5796e+00 +3.7535e+00 -4.7825e-01 +2.5690e+00 +2.0081e+00
3728 +6.560314510e-04 +6.560314510e-04 +2.731506560e+02 +2.731506560e+02 -3.5795e+00 +3.7536e+00 -4.7845e-01 +2.5689e+00 +2.0081e+00
4003 +5.937056221e-04 +5.937056221e-04 +2.731505937e+02 +2.731505937e+02 -3.5794e+00 +3.7536e+00 -4.7850e-01 +2.5688e+00 +2.0080e+00
4051 +3.851805679e-04 +3.851805679e-04 +2.731503852e+02 +2.731503852e+02 -3.5794e+00 +3.7536e+00 -4.7845e-01 +2.5688e+00 +2.0081e+00
4151 +2.320228275e-04 +2.320228275e-04 +2.731502320e+02 +2.731502320e+02 -3.5794e+00 +3.7536e+00 -4.7833e-01 +2.5689e+00 +2.0080e+00
4471 +1.162164387e-04 +1.162164387e-04 +2.731501162e+02 +2.731501162e+02 -3.5792e+00 +3.7536e+00 -4.7840e-01 +2.5688e+00 +2.0080e+00
4528 +9.973092932e-05 +9.973092932e-05 +2.731500997e+02 +2.731500997e+02 -3.5792e+00 +3.7536e+00 -4.7839e-01 +2.5688e+00 +2.0080e+00
4859 +3.346002359e-05 +3.346002359e-05 +2.731500335e+02 +2.731500335e+02 -3.5792e+00 +3.7536e+00 -4.7841e-01 +2.5688e+00 +2.0080e+00
% function evaluation | noise-free fitness - Fopt (3.718000000000e+01) | best noise-free fitness - Fopt | measured fitness | best measured fitness | x1 | x2...
1 +1.127035721e+03 +1.127035721e+03 +1.164215721e+03 +1.164215721e+03 -8.5478e-01 -1.6644e+00 -1.5577e+00 -4.6070e+00 +2.0146e+00
2 +6.588366504e+01 +6.588366504e+01 +1.030636650e+02 +1.030636650e+02 +1.3892e+00 +2.7411e+00 +4.9445e+00 +3.3789e+00 -2.9872e+00
10 +6.042654348e+01 +6.042654348e+01 +9.760654348e+01 +9.760654348e+01 +4.2104e+00 +4.6451e-01 +3.1559e+00 +3.7263e+00 -2.6701e+00
16 +2.186293261e+01 +2.186293261e+01 +5.904293261e+01 +5.904293261e+01 -2.5747e+00 +1.3406e+00 -6.2650e-01 +2.4148e+00 -3.9901e+00
106 +1.451408472e+01 +1.451408472e+01 +5.169408472e+01 +5.169408472e+01 -7.0420e-01 +1.1709e+00 +5.5084e+00 +1.1531e+00 -3.1583e+00
220 +6.939950861e+00 +6.939950861e+00 +4.411995086e+01 +4.411995086e+01 -3.8924e+00 +3.7188e+00 +4.5705e+00 +7.5050e-01 -3.2251e+00
578 +3.520343477e+00 +3.520343477e+00 +4.070034348e+01 +4.070034348e+01 -3.1229e+00 +2.1107e+00 +2.9791e+00 +1.1356e+00 -3.3984e+00
624 +2.203555468e+00 +2.203555468e+00 +3.938355547e+01 +3.938355547e+01 -3.2137e+00 +2.1527e+00 +2.8141e+00 +1.4334e+00 -3.2929e+00
933 +1.305919036e+00 +1.305919036e+00 +3.848591904e+01 +3.848591904e+01 -3.3258e+00 +2.1323e+00 +3.0796e+00 +1.2141e+00 -3.2621e+00
956 +9.415103323e-01 +9.415103323e-01 +3.812151033e+01 +3.812151033e+01 -3.9779e+00 +2.4573e+00 +2.3599e+00 +1.4942e+00 -3.5079e+00
1351 +5.755449710e-01 +5.755449710e-01 +3.775554497e+01 +3.775554497e+01 -3.6671e+00 +2.0685e+00 +2.4168e+00 +1.4867e+00 -3.4562e+00
1402 +2.597316992e-01 +2.597316992e-01 +3.743973170e+01 +3.743973170e+01 -3.6286e+00 +2.0612e+00 +2.4666e+00 +1.4729e+00 -3.4133e+00
1712 +2.014952062e-01 +2.014952062e-01 +3.738149521e+01 +3.738149521e+01 -3.7233e+00 +2.0761e+00 +2.3178e+00 +1.5221e+00 -3.4361e+00
1812 +1.457489287e-01 +1.457489287e-01 +3.732574893e+01 +3.732574893e+01 -3.9557e+00 +2.0668e+00 +1.9554e+00 +1.6281e+00 -3.5211e+00
2436 +7.556592432e-02 +7.556592432e-02 +3.725556592e+01 +3.725556592e+01 -3.8775e+00 +2.0558e+00 +2.0645e+00 +1.6014e+00 -3.5313e+00
2504 +4.983378445e-02 +4.983378445e-02 +3.722983378e+01 +3.722983378e+01 -3.8640e+00 +2.0584e+00 +2.0922e+00 +1.5955e+00 -3.5227e+00
2660 +1.707172047e-02 +1.707172047e-02 +3.719707172e+01 +3.719707172e+01 -3.9173e+00 +2.0679e+00 +2.0209e+00 +1.6147e+00 -3.5405e+00
2701 +1.057696663e-02 +1.057696663e-02 +3.719057697e+01 +3.719057697e+01 -3.9038e+00 +2.0667e+00 +2.0408e+00 +1.6093e+00 -3.5344e+00
3064 +9.060568520e-03 +9.060568520e-03 +3.718906057e+01 +3.718906057e+01 -3.8803e+00 +2.0575e+00 +2.0665e+00 +1.6017e+00 -3.5243e+00
3311 +3.349977053e-03 +3.349977053e-03 +3.718334998e+01 +3.718334998e+01 -3.8987e+00 +2.0601e+00 +2.0406e+00 +1.6097e+00 -3.5336e+00
3802 +1.795677881e-03 +1.795677881e-03 +3.718179568e+01 +3.718179568e+01 -3.8988e+00 +2.0601e+00 +2.0405e+00 +1.6094e+00 -3.5333e+00
3928 +1.429064154e-03 +1.429064154e-03 +3.718142906e+01 +3.718142906e+01 -3.8993e+00 +2.0597e+00 +2.0396e+00 +1.6098e+00 -3.5336e+00
4306 +8.349457182e-04 +8.349457182e-04 +3.718083495e+01 +3.718083495e+01 -3.8997e+00 +2.0599e+00 +2.0393e+00 +1.6098e+00 -3.5338e+00
4428 +2.754566807e-04 +2.754566807e-04 +3.718027546e+01 +3.718027546e+01 -3.8993e+00 +2.0600e+00 +2.0398e+00 +1.6096e+00 -3.5336e+00
4476 +1.809962760e-04 +1.809962760e-04 +3.718018100e+01 +3.718018100e+01 -3.8993e+00 +2.0600e+00 +2.0398e+00 +1.6096e+00 -3.5336e+00
4631 +1.392073493e-04 +1.392073493e-04 +3.718013921e+01 +3.718013921e+01 -3.8992e+00 +2.0600e+00 +2.0400e+00 +1.6096e+00 -3.5337e+00
4859 +9.280129495e-05 +9.280129495e-05 +3.718009280e+01 +3.718009280e+01 -3.8993e+00 +2.0600e+00 +2.0399e+00 +1.6096e+00 -3.5336e+00
4983 +3.356063433e-05 +3.356063433e-05 +3.718003356e+01 +3.718003356e+01 -3.8992e+00 +2.0600e+00 +2.0400e+00 +1.6096e+00 -3.5336e+00
% function evaluation | noise-free fitness - Fopt (-1.479000000000e+02) | best noise-free fitness - Fopt | measured fitness | best measured fitness | x1 | x2...
1 +1.181790957e+02 +1.181790957e+02 -2.972090427e+01 -2.972090427e+01 +4.7026e+00 -1.6439e+00 +3.6558e-01 -9.8714e-01 -2.0145e+00
2 +6.796417684e+01 +6.796417684e+01 -7.993582316e+01 -7.993582316e+01 +2.4040e-01 +5.4587e-01 -1.5509e+00 +3.8575e+00 -3.2673e+00
8 +4.681879608e+01 +4.681879608e+01 -1.010812039e+02 -1.010812039e+02 -4.3676e+00 +2.8324e+00 -1.0150e+00 +9.9812e-02 -4.5433e-01
11 +3.807566369e+01 +3.807566369e+01 -1.098243363e+02 -1.098243363e+02 -3.2420e+00 +1.7765e+00 +4.5993e+00 +1.6357e+00 +1.7892e-01
128 +1.078212968e+01 +1.078212968e+01 -1.371178703e+02 -1.371178703e+02 -4.7625e-01 -8.7234e-01 +1.3518e+00 -2.8440e+00 -3.2806e+00
255 +9.567862042e+00 +9.567862042e+00 -1.383321380e+02 -1.383321380e+02 -6.8235e-01 +1.6544e+00 +3.0342e-01 -2.8804e+00 -3.9748e+00
302 +6.300882618e+00 +6.300882618e+00 -1.415991174e+02 -1.415991174e+02 -1.6310e+00 +9.0179e-02 +1.7182e+00 -2.2765e+00 -3.4325e+00
498 +3.267747417e+00 +3.267747417e+00 -1.446322526e+02 -1.446322526e+02 -1.4324e+00 -2.1361e-01 +1.8080e+00 -1.5509e+00 -2.9825e+00
577 +2.156857853e+00 +2.156857853e+00 -1.457431421e+02 -1.457431421e+02 -1.9564e+00 -2.8544e-01 +1.8135e+00 -1.3924e+00 -2.2693e+00
784 +1.337251900e+00 +1.337251900e+00 -1.465627481e+02 -1.465627481e+02 -1.5901e+00 -1.2480e-01 +1.3544e+00 -1.9678e+00 -2.9653e+00
958 +9.772394062e-01 +9.772394062e-01 -1.469227606e+02 -1.469227606e+02 -1.7972e+00 +3.9095e-01 +8.2343e-01 -1.8909e+00 -3.1814e+00
1252 +4.784697970e-01 +4.784697970e-01 -1.474215302e+02 -1.474215302e+02 -1.6834e+00 +1.1351e-01 +1.1758e+00 -2.0224e+00 -3.0597e+00
1294 +3.423269542e-01 +3.423269542e-01 -1.475576730e+02 -1.475576730e+02 -1.6335e+00 +1.5581e-01 +1.2434e+00 -1.9505e+00 -3.1397e+00
1376 +1.972807387e-01 +1.972807387e-01 -1.477027193e+02 -1.477027193e+02 -1.6767e+00 +1.0576e-01 +1.2000e+00 -1.9768e+00 -3.0768e+00
1559 +1.399507406e-01 +1.399507406e-01 -1.477600493e+02 -1.477600493e+02 -1.6549e+00 +9.9698e-02 +1.1831e+00 -1.9905e+00 -3.0813e+00
1729 +8.899454251e-02 +8.899454251e-02 -1.478110055e+02 -1.478110055e+02 -1.6768e+00 +5.8855e-02 +1.2728e+00 -1.9567e+00 -3.0481e+00
1858 +6.198018935e-02 +6.198018935e-02 -1.478380198e+02 -1.478380198e+02 -1.6633e+00 +1.2872e-01 +1.1704e+00 -1.9978e+00 -3.1089e+00
2254 +3.748479128e-02 +3.748479128e-02 -1.478625152e+02 -1.478625152e+02 -1.6712e+00 +1.2150e-01 +1.1587e+00 -2.0074e+00 -3.0977e+00
2276 +2.179787363e-02 +2.179787363e-02 -1.478782021e+02 -1.478782021e+02 -1.6714e+00 +1.3917e-01 +1.1331e+00 -2.0137e+00 -3.1104e+00
2454 +1.408689787e-02 +1.408689787e-02 -1.478859131e+02 -1.478859131e+02 -1.6715e+00 +1.3215e-01 +1.1429e+00 -2.0107e+00 -3.1051e+00
2503 +9.678470592e-03 +9.678470592e-03 -1.478903215e+02 -1.478903215e+02 -1.6710e+00 +1.3098e-01 +1.1448e+00 -2.0115e+00 -3.1049e+00
2761 +6.046038133e-03 +6.046038133e-03 -1.478939540e+02 -1.478939540e+02 -1.6706e+00 +1.3469e-01 +1.1383e+00 -2.0141e+00 -3.1085e+00
3003 +3.315318527e-03 +3.315318527e-03 -1.478966847e+02 -1.478966847e+02 -1.6705e+00 +1.3631e-01 +1.1350e+00 -2.0160e+00 -3.1107e+00
3128 +1.923937400e-03 +1.923937400e-03 -1.478980761e+02 -1.478980761e+02 -1.6702e+00 +1.3484e-01 +1.1376e+00 -2.0147e+00 -3.1092e+00
3216 +9.728210460e-04 +9.728210460e-04 -1.478990272e+02 -1.478990272e+02 -1.6702e+00 +1.3500e-01 +1.1371e+00 -2.0153e+00 -3.1097e+00
3403 +5.570153421e-04 +5.570153421e-04 -1.478994430e+02 -1.478994430e+02 -1.6704e+00 +1.3517e-01 +1.1369e+00 -2.0152e+00 -3.1095e+00
3533 +2.653381741e-04 +2.653381741e-04 -1.478997347e+02 -1.478997347e+02 -1.6704e+00 +1.3524e-01 +1.1367e+00 -2.0153e+00 -3.1097e+00
3777 +1.770310143e-04 +1.770310143e-04 -1.478998230e+02 -1.478998230e+02 -1.6704e+00 +1.3518e-01 +1.1368e+00 -2.0152e+00 -3.1096e+00
3902 +1.291234026e-04 +1.291234026e-04 -1.478998709e+02 -1.478998709e+02 -1.6704e+00 +1.3520e-01 +1.1368e+00 -2.0152e+00 -3.1096e+00
4084 +7.117270007e-05 +7.117270007e-05 -1.478999288e+02 -1.478999288e+02 -1.6704e+00 +1.3520e-01 +1.1368e+00 -2.0152e+00 -3.1096e+00
4115 +3.235695172e-05 +3.235695172e-05 -1.478999676e+02 -1.478999676e+02 -1.6704e+00 +1.3520e-01 +1.1368e+00 -2.0152e+00 -3.1096e+00
4516 +2.128719657e-05 +2.128719657e-05 -1.478999787e+02 -1.478999787e+02 -1.6704e+00 +1.3520e-01 +1.1368e+00 -2.0152e+00 -3.1096e+00
4662 +1.584298042e-05 +1.584298042e-05 -1.478999842e+02 -1.478999842e+02 -1.6704e+00 +1.3521e-01 +1.1368e+00 -2.0152e+00 -3.1096e+00
4911 +8.495960941e-06 +8.495960941e-06 -1.478999915e+02 -1.478999915e+02 -1.6704e+00 +1.3520e-01 +1.1368e+00 -2.0152e+00 -3.1096e+00
4951 +5.075236317e-06 +5.075236317e-06 -1.478999949e+02 -1.478999949e+02 -1.6704e+00 +1.3520e-01 +1.1368e+00 -2.0152e+00 -3.1096e+00
% function evaluation | noise-free fitness - Fopt (-2.218900000000e+02) | best noise-free fitness - Fopt | measured fitness | best measured fitness | x1 | x2...
1 +7.730073439e+01 +7.730073439e+01 -1.445892656e+02 -1.445892656e+02 -2.0013e+00 +1.1802e+00 -4.7038e+00 -2.1618e+00 +1.0390e-01
7 +5.182281347e+01 +5.182281347e+01 -1.700671865e+02 -1.700671865e+02 -9.7129e-01 -3.2227e+00 +1.1485e+00 -1.5415e+00 +9.6993e-01
11 +3.052022495e+01 +3.052022495e+01 -1.913697750e+02 -1.913697750e+02 -4.6152e+00 -3.7168e+00 +3.1669e+00 +1.3499e+00 -4.2323e+00
89 +2.424964971e+01 +2.424964971e+01 -1.976403503e+02 -1.976403503e+02 -9.3536e-01 -7.0478e-01 -2.0338e+00 -1.1898e+00 -9.5211e-01
255 +9.990267356e+00 +9.990267356e+00 -2.118997326e+02 -2.118997326e+02 -4.3048e+00 +2.6703e-02 +2.3085e-01 -1.7415e-02 -2.1364e+00
639 +5.464698144e+00 +5.464698144e+00 -2.164253019e+02 -2.164253019e+02 -3.8443e+00 +3.7056e-01 +2.1449e-01 -8.7139e-03 -2.5903e+00
717 +3.825454604e+00 +3.825454604e+00 -2.180645454e+02 -2.180645454e+02 -3.9098e+00 +4.7385e-01 +1.2806e-01 +3.0059e-03 -2.5103e+00
738 +2.152219669e+00 +2.152219669e+00 -2.197377803e+02 -2.197377803e+02 -3.6127e+00 -3.1048e-02 -4.5051e-01 +8.8055e-01 -1.8624e+00
987 +1.579347142e+00 +1.579347142e+00 -2.203106529e+02 -2.203106529e+02 -3.8915e+00 +3.2887e-01 +7.2042e-02 +1.2018e+00 -2.0437e+00
1240 +8.444427786e-01 +8.444427786e-01 -2.210455572e+02 -2.210455572e+02 -3.6491e+00 +1.9268e-01 -2.0945e-01 +5.9352e-01 -1.9351e+00
1245 +4.649070121e-01 +4.649070121e-01 -2.214250930e+02 -2.214250930e+02 -3.6219e+00 +1.6989e-01 -3.1332e-01 +7.5649e-01 -2.0019e+00
1303 +3.378650125e-01 +3.378650125e-01 -2.215521350e+02 -2.215521350e+02 -4.1989e+00 +3.2417e-01 +5.5049e-01 +1.2181e+00 -1.9740e+00
1476 +1.633008121e-01 +1.633008121e-01 -2.217266992e+02 -2.217266992e+02 -3.8745e+00 +2.3685e-01 +1.2538e-01 +8.7374e-01 -1.9784e+00
1665 +1.219291806e-01 +1.219291806e-01 -2.217680708e+02 -2.217680708e+02 -3.9489e+00 +2.4275e-01 +2.6518e-01 +9.1658e-01 -1.9506e+00
1835 +8.050160400e-02 +8.050160400e-02 -2.218094984e+02 -2.218094984e+02 -3.9264e+00 +2.4936e-01 +2.3823e-01 +8.6959e-01 -1.9491e+00
1955 +6.299499735e-02 +6.299499735e-02 -2.218270050e+02 -2.218270050e+02 -3.9713e+00 +2.5158e-01 +2.8934e-01 +9.2774e-01 -1.9482e+00
2122 +2.539095443e-02 +2.539095443e-02 -2.218646090e+02 -2.218646090e+02 -3.9430e+00 +2.4816e-01 +2.5746e-01 +8.9435e-01 -1.9547e+00
2180 +1.531926570e-02 +1.531926570e-02 -2.218746807e+02 -2.218746807e+02 -3.9345e+00 +2.4474e-01 +2.4964e-01 +8.7949e-01 -1.9526e+00
2505 +6.819654458e-03 +6.819654458e-03 -2.218831803e+02 -2.218831803e+02 -3.9411e+00 +2.4726e-01 +2.5798e-01 +8.8940e-01 -1.9547e+00
2587 +6.093054799e-03 +6.093054799e-03 -2.218839069e+02 -2.218839069e+02 -3.9422e+00 +2.4798e-01 +2.6172e-01 +8.8532e-01 -1.9540e+00
2862 +3.589151602e-03 +3.589151602e-03 -2.218864108e+02 -2.218864108e+02 -3.9441e+00 +2.4831e-01 +2.6318e-01 +8.8929e-01 -1.9542e+00
3028 +2.313297276e-03 +2.313297276e-03 -2.218876867e+02 -2.218876867e+02 -3.9425e+00 +2.4788e-01 +2.6112e-01 +8.8810e-01 -1.9546e+00
3464 +1.179764470e-03 +1.179764470e-03 -2.218888202e+02 -2.218888202e+02 -3.9436e+00 +2.4809e-01 +2.6195e-01 +8.8956e-01 -1.9545e+00
3487 +7.690960288e-04 +7.690960288e-04 -2.218892309e+02 -2.218892309e+02 -3.9431e+00 +2.4803e-01 +2.6157e-01 +8.8883e-01 -1.9544e+00
3757 +4.941328584e-04 +4.941328584e-04 -2.218895059e+02 -2.218895059e+02 -3.9437e+00 +2.4807e-01 +2.6212e-01 +8.8932e-01 -1.9544e+00
3931 +3.952194713e-04 +3.952194713e-04 -2.218896048e+02 -2.218896048e+02 -3.9431e+00 +2.4798e-01 +2.6144e-01 +8.8868e-01 -1.9544e+00
4230 +2.485730066e-04 +2.485730066e-04 -2.218897514e+02 -2.218897514e+02 -3.9431e+00 +2.4797e-01 +2.6144e-01 +8.8881e-01 -1.9544e+00
4475 +1.405089926e-04 +1.405089926e-04 -2.218898595e+02 -2.218898595e+02 -3.9432e+00 +2.4798e-01 +2.6159e-01 +8.8878e-01 -1.9544e+00
4627 +9.900973848e-05 +9.900973848e-05 -2.218899010e+02 -2.218899010e+02 -3.9433e+00 +2.4802e-01 +2.6168e-01 +8.8888e-01 -1.9544e+00
4630 +5.091150965e-05 +5.091150965e-05 -2.218899491e+02 -2.218899491e+02 -3.9432e+00 +2.4800e-01 +2.6160e-01 +8.8880e-01 -1.9544e+00
4701 +3.111847266e-05 +3.111847266e-05 -2.218899689e+02 -2.218899689e+02 -3.9432e+00 +2.4800e-01 +2.6160e-01 +8.8880e-01 -1.9544e+00
% function evaluation | noise-free fitness - Fopt (1.195400000000e+02) | best noise-free fitness - Fopt | measured fitness | best measured fitness | x1 | x2...
1 +6.968890336e+01 +6.968890336e+01 +1.892289034e+02 +1.892289034e+02 -4.4081e+00 -2.9670e+00 +1.5485e+00 +2.4020e+00 -1.4862e+00
2 +4.928419269e+01 +4.928419269e+01 +1.688241927e+02 +1.688241927e+02 -1.1994e-01 +5.0898e-02 +1.1431e+00 -1.1811e+00 +2.9603e+00
105 +2.395729914e+01 +2.395729914e+01 +1.434972991e+02 +1.434972991e+02 +1.2183e+00 +9.2221e-01 -5.8409e-01 +1.5402e+00 +3.1779e+00
186 +1.036894292e+01 +1.036894292e+01 +1.299089429e+02 +1.299089429e+02 +4.1289e-01 +4.1412e-01 -4.2008e+00 -6.6164e-01 +3.6474e+00
276 +7.809717260e+00 +7.809717260e+00 +1.273497173e+02 +1.273497173e+02 +3.4728e-01 +4.2129e-01 -4.3588e+00 -7.1393e-01 +3.4301e+00
508 +6.005509782e+00 +6.005509782e+00 +1.255455098e+02 +1.255455098e+02 +1.4741e+00 +1.9474e+00 -2.1358e+00 -2.0509e-02 +3.5589e+00
601 +3.939354352e+00 +3.939354352e+00 +1.234793544e+02 +1.234793544e+02 +1.2870e+00 +9.8446e-01 -3.7549e+00 -4.7016e-01 +3.8109e+00
756 +1.977109047e+00 +1.977109047e+00 +1.215171090e+02 +1.215171090e+02 +4.3424e-01 +1.5714e-01 -3.7650e+00 -6.5790e-01 +3.7922e+00
1007 +1.582702680e+00 +1.582702680e+00 +1.211227027e+02 +1.211227027e+02 +7.6550e-01 +6.1362e-01 -3.4349e+00 -7.4051e-01 +3.6777e+00
1128 +9.790008478e-01 +9.790008478e-01 +1.205190008e+02 +1.205190008e+02 +6.1392e-01 +2.8961e-01 -3.8020e+00 -8.5203e-01 +3.7577e+00
1252 +5.615604083e-01 +5.615604083e-01 +1.201015604e+02 +1.201015604e+02 +1.3314e+00 +9.6559e-01 -3.0887e+00 -4.1181e-01 +3.7825e+00
1329 +3.159406285e-01 +3.159406285e-01 +1.198559406e+02 +1.198559406e+02 +1.1296e+00 +7.9811e-01 -3.1922e+00 -4.4844e-01 +3.7651e+00
1552 +1.963110351e-01 +1.963110351e-01 +1.197363110e+02 +1.197363110e+02 +1.5173e+00 +1.0435e+00 -2.9271e+00 -3.1720e-01 +3.8083e+00
1861 +1.410850943e-01 +1.410850943e-01 +1.196810851e+02 +1.196810851e+02 +1.3416e+00 +9.4851e-01 -3.0405e+00 -3.5059e-01 +3.7759e+00
1902 +3.895966061e-02 +3.895966061e-02 +1.195789597e+02 +1.195789597e+02 +1.3363e+00 +9.2216e-01 -3.0593e+00 -3.4996e-01 +3.7783e+00
2326 +2.400884942e-02 +2.400884942e-02 +1.195640088e+02 +1.195640088e+02 +1.3237e+00 +9.1287e-01 -3.0711e+00 -3.5711e-01 +3.7779e+00
2430 +1.022561201e-02 +1.022561201e-02 +1.195502256e+02 +1.195502256e+02 +1.3204e+00 +9.0794e-01 -3.0758e+00 -3.6364e-01 +3.7781e+00
2751 +8.529566238e-03 +8.529566238e-03 +1.195485296e+02 +1.195485296e+02 +1.3187e+00 +9.0877e-01 -3.0750e+00 -3.6255e-01 +3.7777e+00
2857 +4.147628400e-03 +4.147628400e-03 +1.195441476e+02 +1.195441476e+02 +1.3228e+00 +9.1205e-01 -3.0728e+00 -3.6065e-01 +3.7777e+00
2934 +2.899249426e-03 +2.899249426e-03 +1.195428992e+02 +1.195428992e+02 +1.3206e+00 +9.0971e-01 -3.0757e+00 -3.6276e-01 +3.7777e+00
3026 +2.114708161e-03 +2.114708161e-03 +1.195421147e+02 +1.195421147e+02 +1.3206e+00 +9.0973e-01 -3.0757e+00 -3.6276e-01 +3.7777e+00
3126 +1.543140020e-03 +1.543140020e-03 +1.195415431e+02 +1.195415431e+02 +1.3193e+00 +9.0869e-01 -3.0769e+00 -3.6347e-01 +3.7776e+00
3231 +9.104964613e-04 +9.104964613e-04 +1.195409105e+02 +1.195409105e+02 +1.3194e+00 +9.0900e-01 -3.0766e+00 -3.6307e-01 +3.7776e+00
3528 +5.279730792e-04 +5.279730792e-04 +1.195405280e+02 +1.195405280e+02 +1.3192e+00 +9.0869e-01 -3.0769e+00 -3.6329e-01 +3.7776e+00
3751 +3.452931818e-04 +3.452931818e-04 +1.195403453e+02 +1.195403453e+02 +1.3190e+00 +9.0873e-01 -3.0769e+00 -3.6330e-01 +3.7776e+00
4004 +2.000372270e-04 +2.000372270e-04 +1.195402000e+02 +1.195402000e+02 +1.3194e+00 +9.0897e-01 -3.0766e+00 -3.6313e-01 +3.7776e+00
4206 +1.483726440e-04 +1.483726440e-04 +1.195401484e+02 +1.195401484e+02 +1.3190e+00 +9.0870e-01 -3.0769e+00 -3.6326e-01 +3.7776e+00
4303 +7.287620173e-05 +7.287620173e-05 +1.195400729e+02 +1.195400729e+02 +1.3192e+00 +9.0880e-01 -3.0768e+00 -3.6320e-01 +3.7776e+00
4503 +5.177506526e-05 +5.177506526e-05 +1.195400518e+02 +1.195400518e+02 +1.3192e+00 +9.0883e-01 -3.0768e+00 -3.6318e-01 +3.7776e+00
4551 +2.961204238e-05 +2.961204238e-05 +1.195400296e+02 +1.195400296e+02 +1.3192e+00 +9.0878e-01 -3.0768e+00 -3.6321e-01 +3.7776e+00
4609 +2.082794408e-05 +2.082794408e-05 +1.195400208e+02 +1.195400208e+02 +1.3192e+00 +9.0880e-01 -3.0768e+00 -3.6320e-01 +3.7776e+00
% function evaluation | noise-free fitness - Fopt (6.983000000000e+01) | best noise-free fitness - Fopt | measured fitness | best measured fitness | x1 | x2...
1 +1.144143086e+02 +1.144143086e+02 +1.842443086e+02 +1.842443086e+02 +3.3795e+00 -2.6315e+00 +4.2176e+00 +3.0079e+00 +1.2015e+00
5 +6.950551178e+01 +6.950551178e+01 +1.393355118e+02 +1.393355118e+02 -1.9630e+00 +8.5317e-01 -4.9113e-01 +4.3910e+00 +2.6027e+00
12 +4.254836816e+01 +4.254836816e+01 +1.123783682e+02 +1.123783682e+02 -2.8914e+00 -1.8307e+00 -1.9575e+00 -4.2408e+00 -1.4427e+00
76 +3.451999314e+01 +3.451999314e+01 +1.043499931e+02 +1.043499931e+02 -3.4679e+00 -1.5619e+00 -3.6606e+00 -4.8672e+00 -6.4306e-01
109 +2.098862053e+01 +2.098862053e+01 +9.081862053e+01 +9.081862053e+01 +2.1724e-01 -1.1116e+00 -4.9691e+00 +1.2672e-01 +1.7688e-01
185 +6.855616486e+00 +6.855616486e+00 +7.668561649e+01 +7.668561649e+01 -1.3996e+00 -1.8590e+00 -4.2507e+00 -1.4563e+00 +1.7379e+00
436 +5.943358081e+00 +5.943358081e+00 +7.577335808e+01 +7.577335808e+01 -2.1966e+00 -1.3773e+00 -3.0408e+00 -3.0917e+00 +1.1196e+00
518 +2.614224228e+00 +2.614224228e+00 +7.244422423e+01 +7.244422423e+01 -2.1350e+00 -1.4077e+00 -3.4698e+00 -2.5946e+00 +1.6308e+00
820 +2.257882607e+00 +2.257882607e+00 +7.208788261e+01 +7.208788261e+01 -2.6403e+00 -1.0775e+00 -2.7376e+00 -3.3866e+00 +1.3103e+00
928 +7.861261169e-01 +7.861261169e-01 +7.061612612e+01 +7.061612612e+01 -3.2399e+00 -1.7531e+00 -2.3637e+00 -3.9060e+00 +1.9053e+00
1326 +5.669523839e-01 +5.669523839e-01 +7.039695238e+01 +7.039695238e+01 -2.8580e+00 -1.2208e+00 -2.6790e+00 -3.3926e+00 +1.4624e+00
1653 +3.878505616e-01 +3.878505616e-01 +7.021785056e+01 +7.021785056e+01 -2.9918e+00 -1.5794e+00 -2.5722e+00 -3.6245e+00 +1.6818e+00
1708 +2.433796863e-01 +2.433796863e-01 +7.007337969e+01 +7.007337969e+01 -2.7815e+00 -1.3315e+00 -2.7233e+00 -3.4052e+00 +1.4630e+00
1786 +6.399094734e-02 +6.399094734e-02 +6.989399095e+01 +6.989399095e+01 -2.8870e+00 -1.4345e+00 -2.6376e+00 -3.5114e+00 +1.5538e+00
2026 +6.230328140e-02 +6.230328140e-02 +6.989230328e+01 +6.989230328e+01 -2.8870e+00 -1.4345e+00 -2.6377e+00 -3.5114e+00 +1.5537e+00
2303 +3.605099340e-02 +3.605099340e-02 +6.986605099e+01 +6.986605099e+01 -2.8829e+00 -1.4608e+00 -2.6448e+00 -3.5078e+00 +1.5889e+00
2377 +2.215255739e-02 +2.215255739e-02 +6.985215256e+01 +6.985215256e+01 -2.8824e+00 -1.4622e+00 -2.6427e+00 -3.5064e+00 +1.5879e+00
2581 +8.072620987e-03 +8.072620987e-03 +6.983807262e+01 +6.983807262e+01 -2.8650e+00 -1.4558e+00 -2.6595e+00 -3.4855e+00 +1.5828e+00
2802 +6.284288411e-03 +6.284288411e-03 +6.983628429e+01 +6.983628429e+01 -2.8652e+00 -1.4553e+00 -2.6593e+00 -3.4857e+00 +1.5822e+00
3067 +3.109802717e-03 +3.109802717e-03 +6.983310980e+01 +6.983310980e+01 -2.8668e+00 -1.4568e+00 -2.6571e+00 -3.4887e+00 +1.5833e+00
3090 +1.353407192e-03 +1.353407192e-03 +6.983135341e+01 +6.983135341e+01 -2.8650e+00 -1.4557e+00 -2.6589e+00 -3.4867e+00 +1.5821e+00
3414 +4.692813409e-04 +4.692813409e-04 +6.983046928e+01 +6.983046928e+01 -2.8653e+00 -1.4561e+00 -2.6587e+00 -3.4869e+00 +1.5824e+00
3918 +3.166483042e-04 +3.166483042e-04 +6.983031665e+01 +6.983031665e+01 -2.8656e+00 -1.4559e+00 -2.6583e+00 -3.4873e+00 +1.5823e+00
3947 +2.506145976e-04 +2.506145976e-04 +6.983025061e+01 +6.983025061e+01 -2.8656e+00 -1.4560e+00 -2.6583e+00 -3.4873e+00 +1.5824e+00
4218 +1.555234740e-04 +1.555234740e-04 +6.983015552e+01 +6.983015552e+01 -2.8654e+00 -1.4559e+00 -2.6586e+00 -3.4870e+00 +1.5823e+00
4336 +4.075477757e-05 +4.075477757e-05 +6.983004075e+01 +6.983004075e+01 -2.8656e+00 -1.4560e+00 -2.6584e+00 -3.4872e+00 +1.5824e+00
4483 +2.832871878e-05 +2.832871878e-05 +6.983002833e+01 +6.983002833e+01 -2.8656e+00 -1.4560e+00 -2.6584e+00 -3.4872e+00 +1.5824e+00
4622 +2.258598003e-05 +2.258598003e-05 +6.983002259e+01 +6.983002259e+01 -2.8656e+00 -1.4560e+00 -2.6584e+00 -3.4872e+00 +1.5824e+00
4805 +1.542285865e-05 +1.542285865e-05 +6.983001542e+01 +6.983001542e+01 -2.8656e+00 -1.4560e+00 -2.6584e+00 -3.4872e+00 +1.5824e+00
% function evaluation | noise-free fitness - Fopt (7.000000000000e-02) | best noise-free fitness - Fopt | measured fitness | best measured fitness | x1 | x2...
1 +4.480106218e+02 +4.480106218e+02 +4.480806218e+02 +4.480806218e+02 -1.9665e+00 -4.0230e+00 -2.1607e+00 +2.5986e+00 -3.3676e+00
5 +1.979070867e+02 +1.979070867e+02 +1.979770867e+02 +1.979770867e+02 -2.4606e+00 -2.8376e+00 -2.5804e-01 +3.2020e+00 -6.0007e-01
8 +3.383398130e+01 +3.383398130e+01 +3.390398130e+01 +3.390398130e+01 +3.3115e+00 -2.1167e+00 +4.7969e+00 +2.0925e-01 +3.7923e+00
26 +2.473009259e+01 +2.473009259e+01 +2.480009259e+01 +2.480009259e+01 +3.3115e+00 -2.1167e+00 +2.7504e+00 +5.4953e-01 +3.7923e+00
256 +1.135987346e+01 +1.135987346e+01 +1.142987346e+01 +1.142987346e+01 +3.6495e+00 -1.0978e+00 +3.3185e+00 -1.5076e+00 +2.9498e+00
308 +3.857898004e+00 +3.857898004e+00 +3.927898004e+00 +3.927898004e+00 +3.1995e+00 -1.6140e+00 +2.9822e+00 -3.3467e+00 +2.2926e+00
803 +2.347057804e+00 +2.347057804e+00 +2.417057804e+00 +2.417057804e+00 +2.7265e+00 -1.2912e+00 +2.5835e+00 -5.1219e+00 +1.9230e+00
927 +1.359235810e+00 +1.359235810e+00 +1.429235810e+00 +1.429235810e+00 +3.3713e+00 -1.7560e+00 +2.6809e+00 -3.2412e+00 +2.0448e+00
1228 +7.799116068e-01 +7.799116068e-01 +8.499116068e-01 +8.499116068e-01 +3.4465e+00 -1.8489e+00 +2.7607e+00 -3.0738e+00 +2.0379e+00
2183 +5.769524231e-01 +5.769524231e-01 +6.469524231e-01 +6.469524231e-01 +3.5030e+00 -1.8757e+00 +2.6611e+00 -3.1532e+00 +1.9462e+00
3461 +3.951195653e-01 +3.951195653e-01 +4.651195653e-01 +4.651195653e-01 +3.4939e+00 -1.8742e+00 +2.6134e+00 -3.2947e+00 +1.9069e+00
4606 +2.358691183e-01 +2.358691183e-01 +3.058691183e-01 +3.058691183e-01 +3.5107e+00 -1.8758e+00 +2.6282e+00 -3.2236e+00 +1.9190e+00
% function evaluation | noise-free fitness - Fopt (4.960000000000e+00) | best noise-free fitness - Fopt | measured fitness | best measured fitness | x1 | x2...
1 +2.593362799e+02 +2.593362799e+02 +2.642962799e+02 +2.642962799e+02 +2.7574e+00 -3.1009e-01 +6.7402e-01 +3.1770e+00 +2.8237e+00
2 +4.610372147e+01 +4.610372147e+01 +5.106372147e+01 +5.106372147e+01 +1.7554e-01 +2.2002e+00 +7.7194e-01 +6.6722e-01 -4.5006e+00
21 +3.716113379e+01 +3.716113379e+01 +4.212113379e+01 +4.212113379e+01 +2.9318e+00 -2.0604e+00 -3.5837e+00 -2.7538e+00 -4.6559e+00
26 +1.565592813e+01 +1.565592813e+01 +2.061592813e+01 +2.061592813e+01 +1.4654e+00 +3.0863e+00 -2.8128e-01 -4.2749e+00 -2.6622e+00
76 +8.122747128e+00 +8.122747128e+00 +1.308274713e+01 +1.308274713e+01 +2.5350e+00 +1.6559e+00 -1.1756e+00 -3.4762e+00 -4.7873e+00
576 +5.688419398e+00 +5.688419398e+00 +1.064841940e+01 +1.064841940e+01 +2.8443e+00 +1.6712e+00 -1.0926e+00 -4.1537e+00 -3.4314e+00
661 +3.953671949e+00 +3.953671949e+00 +8.913671949e+00 +8.913671949e+00 +3.0806e+00 +1.9261e+00 -5.2106e-01 -4.2214e+00 -3.1003e+00
890 +1.979049330e+00 +1.979049330e+00 +6.939049330e+00 +6.939049330e+00 +2.8733e+00 +2.0171e+00 -8.3249e-01 -3.7803e+00 -2.4855e+00
1108 +1.495322207e+00 +1.495322207e+00 +6.455322207e+00 +6.455322207e+00 +3.3363e+00 +2.0250e+00 -1.3855e+00 -3.7302e+00 -3.0981e+00
1176 +7.499285239e-01 +7.499285239e-01 +5.709928524e+00 +5.709928524e+00 +2.7875e+00 +2.1585e+00 -6.4029e-01 -3.6901e+00 -2.2404e+00
1231 +6.151754051e-01 +6.151754051e-01 +5.575175405e+00 +5.575175405e+00 +3.2360e+00 +1.9611e+00 -1.3199e+00 -3.8162e+00 -3.1495e+00
1387 +3.295864881e-01 +3.295864881e-01 +5.289586488e+00 +5.289586488e+00 +3.3753e+00 +1.7654e+00 -1.3368e+00 -3.9501e+00 -3.5518e+00
1629 +2.263679364e-01 +2.263679364e-01 +5.186367936e+00 +5.186367936e+00 +3.2126e+00 +1.8544e+00 -1.1352e+00 -3.8849e+00 -3.2260e+00
1638 +1.449105283e-01 +1.449105283e-01 +5.104910528e+00 +5.104910528e+00 +3.3251e+00 +1.7480e+00 -1.2359e+00 -3.9733e+00 -3.5089e+00
1755 +5.767746657e-02 +5.767746657e-02 +5.017677467e+00 +5.017677467e+00 +3.2687e+00 +1.8033e+00 -1.2132e+00 -3.9510e+00 -3.3913e+00
2589 +3.516712934e-02 +3.516712934e-02 +4.995167129e+00 +4.995167129e+00 +3.2750e+00 +1.8085e+00 -1.2293e+00 -3.9450e+00 -3.3995e+00
2806 +1.639050037e-02 +1.639050037e-02 +4.976390500e+00 +4.976390500e+00 +3.2897e+00 +1.7970e+00 -1.2392e+00 -3.9494e+00 -3.4311e+00
3156 +1.284509892e-02 +1.284509892e-02 +4.972845099e+00 +4.972845099e+00 +3.2589e+00 +1.8154e+00 -1.2134e+00 -3.9402e+00 -3.3767e+00
3205 +7.503853539e-03 +7.503853539e-03 +4.967503854e+00 +4.967503854e+00 +3.2610e+00 +1.8167e+00 -1.2190e+00 -3.9401e+00 -3.3802e+00
3384 +5.660557905e-03 +5.660557905e-03 +4.965660558e+00 +4.965660558e+00 +3.2603e+00 +1.8168e+00 -1.2177e+00 -3.9395e+00 -3.3788e+00
3556 +3.456558726e-03 +3.456558726e-03 +4.963456559e+00 +4.963456559e+00 +3.2632e+00 +1.8155e+00 -1.2200e+00 -3.9407e+00 -3.3840e+00
3631 +2.496724182e-03 +2.496724182e-03 +4.962496724e+00 +4.962496724e+00 +3.2607e+00 +1.8176e+00 -1.2178e+00 -3.9394e+00 -3.3787e+00
3763 +1.260493334e-03 +1.260493334e-03 +4.961260493e+00 +4.961260493e+00 +3.2603e+00 +1.8175e+00 -1.2172e+00 -3.9394e+00 -3.3783e+00
3885 +6.618617946e-04 +6.618617946e-04 +4.960661862e+00 +4.960661862e+00 +3.2599e+00 +1.8176e+00 -1.2166e+00 -3.9391e+00 -3.3774e+00
4101 +5.403094744e-04 +5.403094744e-04 +4.960540309e+00 +4.960540309e+00 +3.2599e+00 +1.8176e+00 -1.2166e+00 -3.9391e+00 -3.3774e+00
4227 +2.715518910e-04 +2.715518910e-04 +4.960271552e+00 +4.960271552e+00 +3.2600e+00 +1.8175e+00 -1.2168e+00 -3.9392e+00 -3.3777e+00
4376 +2.352788865e-04 +2.352788865e-04 +4.960235279e+00 +4.960235279e+00 +3.2600e+00 +1.8176e+00 -1.2168e+00 -3.9392e+00 -3.3776e+00
4777 +1.243195374e-04 +1.243195374e-04 +4.960124320e+00 +4.960124320e+00 +3.2601e+00 +1.8175e+00 -1.2169e+00 -3.9393e+00 -3.3778e+00
4911 +6.043079764e-05 +6.043079764e-05 +4.960060431e+00 +4.960060431e+00 +3.2600e+00 +1.8176e+00 -1.2168e+00 -3.9392e+00 -3.3776e+00
% function evaluation | noise-free fitness - Fopt (1.923000000000e+02) | best noise-free fitness - Fopt | measured fitness | best measured fitness | x1 | x2...
1 +2.686703407e+02 +2.686703407e+02 +4.609703407e+02 +4.609703407e+02 +3.7633e+00 +4.7501e+00 -4.1352e-01 +3.0368e+00 +4.8569e+00
2 +1.592305896e+02 +1.592305896e+02 +3.515305896e+02 +3.515305896e+02 -6.5706e-01 -2.6849e+00 +2.5932e+00 +2.7658e+00 -2.3925e+00
3 +6.181702970e+01 +6.181702970e+01 +2.541170297e+02 +2.541170297e+02 -4.0174e+00 -4.3889e-01 -4.7766e+00 -2.5320e+00 -1.2755e+00
15 +3.110380958e+01 +3.110380958e+01 +2.234038096e+02 +2.234038096e+02 -3.2190e+00 +4.2977e+00 -4.1185e-01 -2.3596e+00 -2.6584e+00
250 +2.473279196e+01 +2.473279196e+01 +2.170327920e+02 +2.170327920e+02 -2.6694e+00 +3.7658e+00 -2.4945e+00 -3.5280e+00 -3.6820e+00
356 +1.558917061e+01 +1.558917061e+01 +2.078891706e+02 +2.078891706e+02 -3.4710e+00 +4.1087e+00 -2.7952e+00 -3.5113e+00 -2.9455e+00
427 +9.059626793e+00 +9.059626793e+00 +2.013596268e+02 +2.013596268e+02 -3.7426e+00 +4.3429e+00 -3.1444e+00 -2.4280e+00 -3.1615e+00
569 +4.659536910e+00 +4.659536910e+00 +1.969595369e+02 +1.969595369e+02 -2.5908e+00 +3.2405e+00 -2.6847e+00 -1.2809e+00 -3.8566e+00
613 +2.458234486e+00 +2.458234486e+00 +1.947582345e+02 +1.947582345e+02 -2.7038e+00 +2.7927e+00 -3.1893e+00 -1.4348e+00 -3.6081e+00
879 +1.453558565e+00 +1.453558565e+00 +1.937535586e+02 +1.937535586e+02 -2.8981e+00 +3.6261e+00 -2.8326e+00 -1.1948e+00 -3.8568e+00
901 +6.404348407e-01 +6.404348407e-01 +1.929404348e+02 +1.929404348e+02 -3.0738e+00 +4.0218e+00 -2.7837e+00 -1.3539e+00 -3.9244e+00
998 +5.650649172e-01 +5.650649172e-01 +1.928650649e+02 +1.928650649e+02 -3.0391e+00 +3.8213e+00 -2.8336e+00 -1.3027e+00 -3.9241e+00
1103 +3.666169870e-01 +3.666169870e-01 +1.926666170e+02 +1.926666170e+02 -2.9936e+00 +4.0249e+00 -2.7798e+00 -1.1879e+00 -4.0096e+00
1501 +1.093784447e-01 +1.093784447e-01 +1.924093784e+02 +1.924093784e+02 -2.9960e+00 +3.9776e+00 -2.7789e+00 -1.2255e+00 -3.9916e+00
1611 +9.411878504e-02 +9.411878504e-02 +1.923941188e+02 +1.923941188e+02 -2.9973e+00 +3.9743e+00 -2.7832e+00 -1.2374e+00 -3.9830e+00
1976 +5.989955320e-02 +5.989955320e-02 +1.923598996e+02 +1.923598996e+02 -3.0079e+00 +3.9738e+00 -2.7770e+00 -1.2439e+00 -3.9862e+00
2301 +2.860728859e-02 +2.860728859e-02 +1.923286073e+02 +1.923286073e+02 -2.9899e+00 +3.9300e+00 -2.7925e+00 -1.2380e+00 -3.9861e+00
2412 +2.333298719e-02 +2.333298719e-02 +1.923233330e+02 +1.923233330e+02 -3.0130e+00 +3.9785e+00 -2.7782e+00 -1.2434e+00 -3.9920e+00
2471 +1.543981617e-02 +1.543981617e-02 +1.923154398e+02 +1.923154398e+02 -3.0106e+00 +3.9705e+00 -2.7814e+00 -1.2440e+00 -3.9888e+00
2629 +8.606204249e-03 +8.606204249e-03 +1.923086062e+02 +1.923086062e+02 -3.0120e+00 +3.9775e+00 -2.7785e+00 -1.2424e+00 -3.9901e+00
3003 +3.005462268e-03 +3.005462268e-03 +1.923030055e+02 +1.923030055e+02 -3.0131e+00 +3.9772e+00 -2.7792e+00 -1.2419e+00 -3.9899e+00
3580 +2.241321452e-03 +2.241321452e-03 +1.923022413e+02 +1.923022413e+02 -3.0146e+00 +3.9808e+00 -2.7787e+00 -1.2411e+00 -3.9912e+00
3977 +1.528163984e-03 +1.528163984e-03 +1.923015282e+02 +1.923015282e+02 -3.0144e+00 +3.9805e+00 -2.7786e+00 -1.2413e+00 -3.9910e+00
3983 +9.022791612e-04 +9.022791612e-04 +1.923009023e+02 +1.923009023e+02 -3.0139e+00 +3.9793e+00 -2.7790e+00 -1.2414e+00 -3.9907e+00
4202 +5.239560954e-04 +5.239560954e-04 +1.923005240e+02 +1.923005240e+02 -3.0137e+00 +3.9785e+00 -2.7792e+00 -1.2416e+00 -3.9904e+00
4276 +3.952856405e-04 +3.952856405e-04 +1.923003953e+02 +1.923003953e+02 -3.0136e+00 +3.9784e+00 -2.7792e+00 -1.2416e+00 -3.9904e+00
4402 +1.196691908e-04 +1.196691908e-04 +1.923001197e+02 +1.923001197e+02 -3.0135e+00 +3.9782e+00 -2.7792e+00 -1.2416e+00 -3.9903e+00
4683 +8.025155719e-05 +8.025155719e-05 +1.923000803e+02 +1.923000803e+02 -3.0135e+00 +3.9782e+00 -2.7792e+00 -1.2416e+00 -3.9904e+00
4793 +5.615011491e-05 +5.615011491e-05 +1.923000562e+02 +1.923000562e+02 -3.0136e+00 +3.9784e+00 -2.7792e+00 -1.2416e+00 -3.9904e+00
4980 +3.049724546e-05 +3.049724546e-05 +1.923000305e+02 +1.923000305e+02 -3.0136e+00 +3.9784e+00 -2.7792e+00 -1.2416e+00 -3.9904e+00
% function evaluation | noise-free fitness - Fopt (4.971000000000e+01) | best noise-free fitness - Fopt | measured fitness | best measured fitness | x1 | x2...
1 +8.968122452e+01 +8.968122452e+01 +1.393912245e+02 +1.393912245e+02 -3.9696e+00 +1.1855e+00 +9.6874e-01 -3.3342e+00 -3.7206e+00
5 +3.180548280e+01 +3.180548280e+01 +8.151548280e+01 +8.151548280e+01 +3.5808e+00 -4.6085e+00 -2.3026e+00 +9.7512e-01 +2.0117e+00
7 +1.959866436e+01 +1.959866436e+01 +6.930866436e+01 +6.930866436e+01 +3.2816e+00 -1.6189e+00 -1.0486e+00 +9.2809e-01 -4.0827e+00
70 +9.228694340e+00 +9.228694340e+00 +5.893869434e+01 +5.893869434e+01 +4.0305e+00 -3.0397e+00 -1.7908e+00 +2.2785e+00 -2.5633e+00
394 +5.912710066e+00 +5.912710066e+00 +5.562271007e+01 +5.562271007e+01 +3.6068e+00 -4.1849e+00 -2.7543e-01 +2.0559e+00 +4.6519e-01
402 +3.297358139e+00 +3.297358139e+00 +5.300735814e+01 +5.300735814e+01 +3.6619e+00 -3.8957e+00 -2.0040e+00 +3.0414e+00 -9.8634e-01
859 +2.291628769e+00 +2.291628769e+00 +5.200162877e+01 +5.200162877e+01 +4.2419e+00 -4.5208e+00 -9.2234e-01 +2.6943e+00 -6.9602e-02
1009 +1.276637047e+00 +1.276637047e+00 +5.098663705e+01 +5.098663705e+01 +3.6322e+00 -3.3276e+00 -1.3375e+00 +2.0416e+00 -2.1459e+00
1071 +6.256577970e-01 +6.256577970e-01 +5.033565780e+01 +5.033565780e+01 +3.8594e+00 -3.7480e+00 -1.3003e+00 +2.3465e+00 -1.5840e+00
1301 +2.317276398e-01 +2.317276398e-01 +4.994172764e+01 +4.994172764e+01 +3.5569e+00 -3.4575e+00 -1.4554e+00 +2.2358e+00 -1.8272e+00
1885 +1.177346428e-01 +1.177346428e-01 +4.982773464e+01 +4.982773464e+01 +3.6612e+00 -3.5876e+00 -1.3870e+00 +2.3002e+00 -1.6837e+00
2106 +6.543140374e-02 +6.543140374e-02 +4.977543140e+01 +4.977543140e+01 +3.6115e+00 -3.5359e+00 -1.4185e+00 +2.2879e+00 -1.7282e+00
2210 +5.784445840e-02 +5.784445840e-02 +4.976784446e+01 +4.976784446e+01 +3.7286e+00 -3.6795e+00 -1.3422e+00 +2.3223e+00 -1.5788e+00
2403 +2.493540713e-02 +2.493540713e-02 +4.973493541e+01 +4.973493541e+01 +3.7271e+00 -3.6813e+00 -1.3404e+00 +2.3249e+00 -1.5809e+00
2626 +1.522757184e-02 +1.522757184e-02 +4.972522757e+01 +4.972522757e+01 +3.7466e+00 -3.7067e+00 -1.3289e+00 +2.3315e+00 -1.5562e+00
2934 +6.771121446e-03 +6.771121446e-03 +4.971677112e+01 +4.971677112e+01 +3.7483e+00 -3.7068e+00 -1.3282e+00 +2.3335e+00 -1.5551e+00
3121 +3.699594894e-03 +3.699594894e-03 +4.971369959e+01 +4.971369959e+01 +3.7473e+00 -3.7066e+00 -1.3277e+00 +2.3333e+00 -1.5548e+00
3552 +2.132162325e-03 +2.132162325e-03 +4.971213216e+01 +4.971213216e+01 +3.7445e+00 -3.7036e+00 -1.3290e+00 +2.3323e+00 -1.5586e+00
3926 +9.163808709e-04 +9.163808709e-04 +4.971091638e+01 +4.971091638e+01 +3.7433e+00 -3.7027e+00 -1.3297e+00 +2.3323e+00 -1.5595e+00
4076 +6.059972542e-04 +6.059972542e-04 +4.971060600e+01 +4.971060600e+01 +3.7431e+00 -3.7025e+00 -1.3298e+00 +2.3322e+00 -1.5597e+00
4503 +3.663891738e-04 +3.663891738e-04 +4.971036639e+01 +4.971036639e+01 +3.7434e+00 -3.7025e+00 -1.3295e+00 +2.3320e+00 -1.5600e+00
4576 +2.246712708e-04 +2.246712708e-04 +4.971022467e+01 +4.971022467e+01 +3.7433e+00 -3.7025e+00 -1.3296e+00 +2.3321e+00 -1.5598e+00
4701 +6.518127481e-05 +6.518127481e-05 +4.971006518e+01 +4.971006518e+01 +3.7433e+00 -3.7025e+00 -1.3296e+00 +2.3320e+00 -1.5599e+00
4923 +2.966133640e-05 +2.966133640e-05 +4.971002966e+01 +4.971002966e+01 +3.7432e+00 -3.7024e+00 -1.3296e+00 +2.3320e+00 -1.5600e+00
% function evaluation | noise-free fitness - Fopt (2.051200000000e+02) | best noise-free fitness - Fopt | measured fitness | best measured fitness | x1 | x2...
1 +6.502804794e+02 +6.502804794e+02 +8.554004794e+02 +8.554004794e+02 -4.6076e+00 +2.8633e+00 +8.7193e-02 +4.4657e+00 +3.1747e+00
2 +1.120311054e+02 +1.120311054e+02 +3.171511054e+02 +3.171511054e+02 -2.0490e-01 -6.8163e-01 -6.1767e-02 +1.9780e+00 +1.0169e+00
5 +1.736125618e+01 +1.736125618e+01 +2.224812562e+02 +2.224812562e+02 +4.6726e-01 +3.7171e+00 -4.8082e+00 -2.9235e+00 -7.4805e-01
111 +9.862962374e+00 +9.862962374e+00 +2.149829624e+02 +2.149829624e+02 -4.8555e-01 +4.5647e+00 -2.9000e+00 -1.3729e+00 -1.6161e+00
354 +3.946144100e+00 +3.946144100e+00 +2.090661441e+02 +2.090661441e+02 +5.0908e-01 +3.2810e+00 -5.0768e+00 -4.3229e+00 -1.6890e-01
660 +2.417591642e+00 +2.417591642e+00 +2.075375916e+02 +2.075375916e+02 -2.0296e-01 +3.3057e+00 -4.3070e+00 -3.3313e+00 -3.5030e-01
805 +1.525079451e+00 +1.525079451e+00 +2.066450795e+02 +2.066450795e+02 -2.7607e-01 +3.6101e+00 -4.5122e+00 -3.5143e+00 -1.1349e+00
1076 +9.751155312e-01 +9.751155312e-01 +2.060951155e+02 +2.060951155e+02 -3.3622e-01 +3.5388e+00 -3.7344e+00 -3.0163e+00 -9.1355e-01
1153 +5.885411020e-01 +5.885411020e-01 +2.057085411e+02 +2.057085411e+02 -1.1823e+00 +3.9269e+00 -3.5035e+00 -2.3486e+00 -2.0098e+00
1434 +3.533386104e-01 +3.533386104e-01 +2.054733386e+02 +2.054733386e+02 -1.2422e+00 +3.9027e+00 -3.3310e+00 -2.2090e+00 -1.9949e+00
1537 +1.903483682e-01 +1.903483682e-01 +2.053103484e+02 +2.053103484e+02 -1.2896e+00 +3.9277e+00 -3.2632e+00 -2.1053e+00 -2.0688e+00
1780 +8.265779445e-02 +8.265779445e-02 +2.052026578e+02 +2.052026578e+02 -1.1935e+00 +3.9043e+00 -3.3518e+00 -2.2195e+00 -1.9736e+00
1939 +4.949307509e-02 +4.949307509e-02 +2.051694931e+02 +2.051694931e+02 -1.1634e+00 +3.8930e+00 -3.3761e+00 -2.2561e+00 -1.9301e+00
2084 +2.312956263e-02 +2.312956263e-02 +2.051431296e+02 +2.051431296e+02 -1.1983e+00 +3.9077e+00 -3.3487e+00 -2.2176e+00 -1.9658e+00
2363 +1.520461735e-02 +1.520461735e-02 +2.051352046e+02 +2.051352046e+02 -1.2037e+00 +3.9088e+00 -3.3475e+00 -2.2105e+00 -1.9729e+00
2527 +9.454990908e-03 +9.454990908e-03 +2.051294550e+02 +2.051294550e+02 -1.2042e+00 +3.9084e+00 -3.3472e+00 -2.2113e+00 -1.9730e+00
2974 +5.873602616e-03 +5.873602616e-03 +2.051258736e+02 +2.051258736e+02 -1.1941e+00 +3.9061e+00 -3.3534e+00 -2.2225e+00 -1.9624e+00
3007 +3.854108303e-03 +3.854108303e-03 +2.051238541e+02 +2.051238541e+02 -1.1949e+00 +3.9065e+00 -3.3530e+00 -2.2215e+00 -1.9634e+00
3128 +2.467101620e-03 +2.467101620e-03 +2.051224671e+02 +2.051224671e+02 -1.1944e+00 +3.9066e+00 -3.3539e+00 -2.2226e+00 -1.9633e+00
3393 +9.664215757e-04 +9.664215757e-04 +2.051209664e+02 +2.051209664e+02 -1.1937e+00 +3.9064e+00 -3.3544e+00 -2.2232e+00 -1.9626e+00
3541 +6.139839471e-04 +6.139839471e-04 +2.051206140e+02 +2.051206140e+02 -1.1934e+00 +3.9063e+00 -3.3546e+00 -2.2234e+00 -1.9622e+00
3734 +3.203974122e-04 +3.203974122e-04 +2.051203204e+02 +2.051203204e+02 -1.1936e+00 +3.9064e+00 -3.3543e+00 -2.2231e+00 -1.9625e+00
3851 +2.166521059e-04 +2.166521059e-04 +2.051202167e+02 +2.051202167e+02 -1.1936e+00 +3.9064e+00 -3.3544e+00 -2.2232e+00 -1.9624e+00
4065 +1.025181662e-04 +1.025181662e-04 +2.051201025e+02 +2.051201025e+02 -1.1936e+00 +3.9064e+00 -3.3544e+00 -2.2232e+00 -1.9624e+00
4078 +7.212987978e-05 +7.212987978e-05 +2.051200721e+02 +2.051200721e+02 -1.1936e+00 +3.9064e+00 -3.3544e+00 -2.2232e+00 -1.9624e+00
4156 +3.612621373e-05 +3.612621373e-05 +2.051200361e+02 +2.051200361e+02 -1.1936e+00 +3.9064e+00 -3.3544e+00 -2.2232e+00 -1.9624e+00
4442 +1.252869902e-05 +1.252869902e-05 +2.051200125e+02 +2.051200125e+02 -1.1936e+00 +3.9064e+00 -3.3544e+00 -2.2232e+00 -1.9624e+00
4801 +4.883988282e-06 +4.883988282e-06 +2.051200049e+02 +2.051200049e+02 -1.1936e+00 +3.9064e+00 -3.3544e+00 -2.2232e+00 -1.9624e+00
% function evaluation | noise-free fitness - Fopt (-1.729000000000e+02) | best noise-free fitness - Fopt | measured fitness | best measured fitness | x1 | x2...
1 +3.504991076e+02 +3.504991076e+02 +1.775991076e+02 +1.775991076e+02 -5.5806e-01 -4.7463e+00 -2.7917e+00 +2.1072e+00 +4.3341e+00
2 +6.545547279e+01 +6.545547279e+01 -1.074445272e+02 -1.074445272e+02 +6.6500e-01 +1.8388e+00 +4.0662e+00 +3.1303e+00 +1.5278e+00
4 +2.429356283e+01 +2.429356283e+01 -1.486064372e+02 -1.486064372e+02 -3.2038e+00 -1.6079e+00 +2.1583e+00 -4.7092e+00 -4.3795e+00
27 +1.135416934e+01 +1.135416934e+01 -1.615458307e+02 -1.615458307e+02 -4.4406e+00 +8.9081e-01 +4.9123e+00 -2.5793e+00 -2.8994e+00
227 +7.579994756e+00 +7.579994756e+00 -1.653200052e+02 -1.653200052e+02 -3.4943e+00 +1.0428e-01 +3.8543e+00 -3.2537e+00 -3.4626e+00
302 +4.877647073e+00 +4.877647073e+00 -1.680223529e+02 -1.680223529e+02 -3.4630e+00 -1.4757e-01 +3.6125e+00 -3.5634e+00 -3.1774e+00
405 +3.417806562e+00 +3.417806562e+00 -1.694821934e+02 -1.694821934e+02 -4.2137e+00 +1.1483e+00 +3.3514e+00 -3.3466e+00 -1.4114e+00
639 +1.915575965e+00 +1.915575965e+00 -1.709844240e+02 -1.709844240e+02 -3.5297e+00 -2.1594e-02 +4.2371e+00 -2.6632e+00 -2.3187e+00
729 +9.638578497e-01 +9.638578497e-01 -1.719361422e+02 -1.719361422e+02 -2.9601e+00 -7.8191e-01 +4.0158e+00 -3.3262e+00 -3.1755e+00
1058 +5.793843348e-01 +5.793843348e-01 -1.723206157e+02 -1.723206157e+02 -3.0557e+00 -7.7273e-01 +3.9614e+00 -3.3320e+00 -3.0786e+00
1076 +3.303679329e-01 +3.303679329e-01 -1.725696321e+02 -1.725696321e+02 -2.8930e+00 -1.0870e+00 +3.8835e+00 -3.6316e+00 -3.3928e+00
1276 +1.929042918e-01 +1.929042918e-01 -1.727070957e+02 -1.727070957e+02 -2.9123e+00 -1.0750e+00 +3.8641e+00 -3.6622e+00 -3.3786e+00
1382 +1.193274702e-01 +1.193274702e-01 -1.727806725e+02 -1.727806725e+02 -2.9126e+00 -1.1067e+00 +3.8580e+00 -3.6905e+00 -3.4099e+00
1476 +7.098933532e-02 +7.098933532e-02 -1.728290107e+02 -1.728290107e+02 -2.9132e+00 -1.1077e+00 +3.8597e+00 -3.6912e+00 -3.4089e+00
2003 +5.512367186e-02 +5.512367186e-02 -1.728448763e+02 -1.728448763e+02 -2.9228e+00 -1.0643e+00 +3.8442e+00 -3.6750e+00 -3.3750e+00
2153 +2.401275539e-02 +2.401275539e-02 -1.728759872e+02 -1.728759872e+02 -2.9290e+00 -1.0364e+00 +3.8529e+00 -3.6488e+00 -3.3557e+00
2276 +1.482132364e-02 +1.482132364e-02 -1.728851787e+02 -1.728851787e+02 -2.9267e+00 -1.0424e+00 +3.8521e+00 -3.6551e+00 -3.3601e+00
2578 +7.451834360e-03 +7.451834360e-03 -1.728925482e+02 -1.728925482e+02 -2.9317e+00 -1.0263e+00 +3.8544e+00 -3.6420e+00 -3.3462e+00
2855 +3.899932881e-03 +3.899932881e-03 -1.728961001e+02 -1.728961001e+02 -2.9275e+00 -1.0389e+00 +3.8542e+00 -3.6496e+00 -3.3571e+00
3143 +2.359600093e-03 +2.359600093e-03 -1.728976404e+02 -1.728976404e+02 -2.9322e+00 -1.0254e+00 +3.8553e+00 -3.6404e+00 -3.3456e+00
3614 +1.546900605e-03 +1.546900605e-03 -1.728984531e+02 -1.728984531e+02 -2.9311e+00 -1.0275e+00 +3.8553e+00 -3.6417e+00 -3.3474e+00
3852 +9.089487399e-04 +9.089487399e-04 -1.728990911e+02 -1.728990911e+02 -2.9312e+00 -1.0273e+00 +3.8554e+00 -3.6416e+00 -3.3471e+00
4051 +5.798727150e-04 +5.798727150e-04 -1.728994201e+02 -1.728994201e+02 -2.9312e+00 -1.0272e+00 +3.8553e+00 -3.6415e+00 -3.3472e+00
4109 +3.598757010e-04 +3.598757010e-04 -1.728996401e+02 -1.728996401e+02 -2.9312e+00 -1.0271e+00 +3.8552e+00 -3.6414e+00 -3.3471e+00
4452 +1.623808761e-04 +1.623808761e-04 -1.728998376e+02 -1.728998376e+02 -2.9312e+00 -1.0271e+00 +3.8552e+00 -3.6415e+00 -3.3471e+00
4528 +1.495966288e-04 +1.495966288e-04 -1.728998504e+02 -1.728998504e+02 -2.9312e+00 -1.0271e+00 +3.8552e+00 -3.6415e+00 -3.3471e+00
4626 +9.497579256e-05 +9.497579256e-05 -1.728999050e+02 -1.728999050e+02 -2.9312e+00 -1.0272e+00 +3.8552e+00 -3.6416e+00 -3.3472e+00
4643 +5.202117219e-05 +5.202117219e-05 -1.728999480e+02 -1.728999480e+02 -2.9312e+00 -1.0272e+00 +3.8552e+00 -3.6416e+00 -3.3472e+00
4753 +3.374721416e-05 +3.374721416e-05 -1.728999663e+02 -1.728999663e+02 -2.9312e+00 -1.0272e+00 +3.8552e+00 -3.6416e+00 -3.3472e+00
4929 +2.381658334e-05 +2.381658334e-05 -1.728999762e+02 -1.728999762e+02 -2.9312e+00 -1.0272e+00 +3.8552e+00 -3.6416e+00 -3.3472e+00
% function evaluation | noise-free fitness - Fopt (-3.506200000000e+02) | best noise-free fitness - Fopt | measured fitness | best measured fitness | x1 | x2...
1 +7.186165619e+01 +7.186165619e+01 -2.787583438e+02 -2.787583438e+02 -2.8455e+00 -3.6980e+00 -4.3780e+00 -1.8247e-01 +2.8789e+00
11 +6.104774159e+01 +6.104774159e+01 -2.895722584e+02 -2.895722584e+02 -2.9029e+00 +3.1657e+00 -3.6437e+00 +4.6427e+00 +9.5131e-01
13 +3.286244314e+01 +3.286244314e+01 -3.177575569e+02 -3.177575569e+02 +3.6202e-02 -2.0330e+00 +4.8087e-01 +3.5892e+00 +1.2964e+00
22 +1.804871509e+01 +1.804871509e+01 -3.325712849e+02 -3.325712849e+02 -2.4148e+00 -2.7104e+00 -4.7208e-01 -3.0848e+00 -1.7482e+00
74 +1.244400538e+01 +1.244400538e+01 -3.381759946e+02 -3.381759946e+02 +7.3861e-01 -8.8277e-01 +7.3989e-01 +3.8402e-01 -4.9089e+00
470 +9.617147188e+00 +9.617147188e+00 -3.410028528e+02 -3.410028528e+02 -2.8455e+00 -2.7448e+00 +1.6888e+00 +3.1750e+00 -1.2692e+00
535 +5.666109247e+00 +5.666109247e+00 -3.449538908e+02 -3.449538908e+02 -3.2887e+00 -3.4685e+00 +3.5766e-01 +6.8127e-01 +1.2572e+00
818 +3.809447580e+00 +3.809447580e+00 -3.468105524e+02 -3.468105524e+02 -3.2141e+00 -3.1645e+00 +8.0913e-01 +8.7156e-01 +8.4027e-01
1052 +2.492589829e+00 +2.492589829e+00 -3.481274102e+02 -3.481274102e+02 -3.2596e+00 -3.2950e+00 +5.9501e-01 +7.7244e-01 +7.5640e-01
1153 +1.325059528e+00 +1.325059528e+00 -3.492949405e+02 -3.492949405e+02 -3.2882e+00 -3.3677e+00 +4.9664e-01 +2.9399e-01 +7.1980e-01
1377 +9.208642820e-01 +9.208642820e-01 -3.496991357e+02 -3.496991357e+02 -3.9746e+00 -3.8697e+00 -4.7816e-01 -2.2612e+00 +1.3887e+00
1453 +5.054811958e-01 +5.054811958e-01 -3.501145188e+02 -3.501145188e+02 -3.9079e+00 -3.7670e+00 -3.4454e-01 -1.8836e+00 +1.3223e+00
1679 +1.880970190e-01 +1.880970190e-01 -3.504319030e+02 -3.504319030e+02 -3.9689e+00 -3.8151e+00 -4.0803e-01 -2.0113e+00 +1.3656e+00
1728 +1.330180987e-01 +1.330180987e-01 -3.504869819e+02 -3.504869819e+02 -3.9521e+00 -3.7907e+00 -3.9275e-01 -1.9284e+00 +1.3492e+00
2178 +7.094207960e-02 +7.094207960e-02 -3.505490579e+02 -3.505490579e+02 -3.9019e+00 -3.7465e+00 -3.3481e-01 -1.7951e+00 +1.3026e+00
2389 +5.498732438e-02 +5.498732438e-02 -3.505650127e+02 -3.505650127e+02 -3.9058e+00 -3.7412e+00 -3.4154e-01 -1.7628e+00 +1.3069e+00
2476 +3.880407502e-02 +3.880407502e-02 -3.505811959e+02 -3.505811959e+02 -3.9077e+00 -3.7389e+00 -3.5818e-01 -1.8080e+00 +1.3094e+00
2804 +2.075087034e-02 +2.075087034e-02 -3.505992491e+02 -3.505992491e+02 -3.9116e+00 -3.7388e+00 -3.5793e-01 -1.8077e+00 +1.3069e+00
3071 +1.331030501e-02 +1.331030501e-02 -3.506066897e+02 -3.506066897e+02 -3.9127e+00 -3.7424e+00 -3.6305e-01 -1.8208e+00 +1.3086e+00
3485 +8.134466151e-03 +8.134466151e-03 -3.506118655e+02 -3.506118655e+02 -3.9104e+00 -3.7413e+00 -3.5693e-01 -1.8080e+00 +1.3065e+00
3701 +4.005837709e-03 +4.005837709e-03 -3.506159942e+02 -3.506159942e+02 -3.9087e+00 -3.7391e+00 -3.5688e-01 -1.8037e+00 +1.3052e+00
3906 +3.761114135e-03 +3.761114135e-03 -3.506162389e+02 -3.506162389e+02 -3.9115e+00 -3.7418e+00 -3.5924e-01 -1.8119e+00 +1.3080e+00
4157 +1.865266928e-03 +1.865266928e-03 -3.506181347e+02 -3.506181347e+02 -3.9103e+00 -3.7406e+00 -3.5787e-01 -1.8078e+00 +1.3072e+00
4263 +1.439135251e-03 +1.439135251e-03 -3.506185609e+02 -3.506185609e+02 -3.9090e+00 -3.7397e+00 -3.5594e-01 -1.8025e+00 +1.3058e+00
4432 +9.951978357e-04 +9.951978357e-04 -3.506190048e+02 -3.506190048e+02 -3.9096e+00 -3.7401e+00 -3.5664e-01 -1.8047e+00 +1.3064e+00
4560 +5.878846426e-04 +5.878846426e-04 -3.506194121e+02 -3.506194121e+02 -3.9097e+00 -3.7401e+00 -3.5699e-01 -1.8052e+00 +1.3065e+00
4932 +3.478904691e-04 +3.478904691e-04 -3.506196521e+02 -3.506196521e+02 -3.9097e+00 -3.7400e+00 -3.5679e-01 -1.8047e+00 +1.3065e+00
