% function evaluation | noise-free fitness - Fopt (-5.465000000000e+02) | best noise-free fitness - Fopt | measured fitness | best measured fitness | x1 | x2...
1 +2.482089900e+05 +2.482089900e+05 +2.476624900e+05 +2.476624900e+05 -4.1016e+00 +3.8552e+00 +1.5903e+00 +4.0512e+00 +1.6637e+00 +4.5206e+00 +1.9875e+00 -2.0843e-01 +3.6756e+00 -1.1236e-01 -2.0416e+00 +1.0230e+00 -5.9412e-02 -1.8861e+00 -1.6427e+00 +4.6859e+00 -4.2768e+00 -3.5448e+00 -2.4674e+00 +2.9670e+00
2 +5.643725743e+04 +5.643725743e+04 +5.589075743e+04 +5.589075743e+04 +3.0863e+00 -2.2315e+00 -7.6464e-02 +1.8014e+00 -4.4474e+00 -3.1717e+00 +9.9577e-01 +1.6831e-01 +2.0521e+00 +2.2682e+00 +2.3140e+00 -4.3420e+00 -5.6446e-01 -3.6653e+00 -1.6471e+00 -5.9800e-01 +3.5759e+00 +3.0358e-01 -2.7540e+00 +2.5708e+00
14 +3.399740721e+04 +3.399740721e+04 +3.345090721e+04 +3.345090721e+04 -1.9629e+00 -1.3011e+00 +1.1211e+00 -1.4382e+00 +6.0032e-02 -1.1806e+00 -6.9071e-01 +2.3398e+00 +2.7589e+00 +3.3717e+00 +4.0709e+00 +7.7139e-01 +2.3413e+00 -6.8133e-03 -1.5617e+00 -2.9297e+00 +4.0915e+00 +1.8107e-01 -2.4230e+00 +2.8091e+00
84 +2.417594173e+04 +2.417594173e+04 +2.362944173e+04 +2.362944173e+04 +1.7351e+00 +1.2729e+00 -7.5391e-01 -5.0000e+00 +1.7162e+00 +3.1057e+00 -2.9919e+00 -1.9454e+00 +7.5711e-01 -3.1198e+00 +1.0753e+00 +1.3752e+00 +1.8448e-01 +0.0000e+00 +2.5300e+00 +1.3488e-01 +6.2984e-01 -2.6784e+00 -3.0181e+00 -1.0723e-01
148 +1.510082064e+04 +1.510082064e+04 +1.455432064e+04 +1.455432064e+04 +3.3967e+00 -9.4245e-01 -1.0376e+00 -4.1637e+00 +1.8796e+00 +3.7369e+00 -3.6488e+00 +0.0000e+00 +9.3504e-03 -6.3735e-01 +1.0088e+00 +1.7157e+00 -1.9039e+00 -3.4646e+00 +5.1024e-01 -1.8867e+00 +4.9892e-01 -3.5748e+00 -1.2866e+00 +5.2158e-01
307 +6.890111033e+03 +6.890111033e+03 +6.343611033e+03 +6.343611033e+03 +2.8375e+00 -3.0763e-01 -2.7150e-01 -1.2891e+00 +3.4123e+00 +3.7796e+00 -3.4779e+00 +2.9261e-01 -1.5301e+00 -1.1104e+00 +8.6184e-01 +1.8547e+00 -4.5103e-01 -7.4760e-01 +8.3650e-01 -3.3261e+00 +1.2356e-02 -2.4122e+00 +0.0000e+00 +2.7309e+00
331 +3.981225878e+03 +3.981225878e+03 +3.434725878e+03 +3.434725878e+03 +2.0365e+00 -1.5645e+00 -7.4377e-01 -2.5995e+00 +0.0000e+00 -1.3400e-02 -3.2869e+00 +1.0735e-01 -1.0928e+00 -1.5230e+00 -2.1369e-02 +3.0002e+00 -8.3313e-01 -9.5861e-01 +2.0448e+00 -2.4944e+00 -1.6632e-01 -1.1371e+00 -1.4864e+00 +2.7745e+00
383 +1.157826933e+03 +1.157826933e+03 +6.113269327e+02 +6.113269327e+02 +2.8752e+00 -3.3612e-01 +1.2444e-01 -2.0000e+00 +2.6270e+00 -2.1706e-01 -2.7111e+00 -1.0452e+00 -1.4932e+00 -3.1526e-01 +1.3990e+00 +1.5057e+00 -4.4698e-01 -2.3353e+00 +2.4743e+00 -2.6405e+00 +1.1067e+00 -1.5760e+00 -1.8063e+00 +1.4208e+00
729 +3.330168898e+02 +3.330168898e+02 -2.134831102e+02 -2.134831102e+02 +2.5816e+00 -3.6290e-01 +7.8855e-01 -2.4282e+00 +2.7695e+00 -9.4839e-03 -1.9166e+00 -1.3276e+00 -1.5530e+00 +1.5969e+00 +1.7885e+00 +6.6169e-01 +1.2289e+00 -1.4968e+00 +2.0451e+00 -1.5968e+00 +2.2819e+00 -5.4271e-01 -1.7290e+00 +2.2905e+00
923 +1.900140567e+02 +1.900140567e+02 -3.564859433e+02 -3.564859433e+02 +2.8251e+00 -3.1403e-01 +7.2019e-01 -7.5787e-01 +2.5709e+00 +4.7354e-01 -1.9168e+00 +1.9596e-02 -1.9138e+00 +2.2204e-01 +2.2012e+00 +6.8028e-01 -4.8251e-02 -1.8126e+00 +1.9740e+00 -1.7768e+00 +8.7320e-01 -1.3671e+00 -2.2778e+00 +2.2260e+00
1034 +7.814659568e+01 +7.814659568e+01 -4.683534043e+02 -4.683534043e+02 +2.7490e+00 -7.7492e-01 +1.0944e-01 -1.3021e+00 +2.3298e+00 +8.0841e-01 -1.4683e+00 +6.1868e-01 -1.6119e+00 -3.8314e-01 +2.1947e+00 +1.2465e+00 +2.2533e-01 -1.9799e+00 +8.9694e-01 -1.3243e+00 +2.0329e+00 -3.5325e-01 -2.1652e+00 +2.0906e+00
1083 +5.192806608e+00 +5.192806608e+00 -5.413071934e+02 -5.413071934e+02 +2.5456e+00 -6.5263e-01 +5.7013e-01 -9.2957e-01 +1.8724e+00 +4.2454e-01 -1.5192e+00 +3.2229e-01 -1.5021e+00 +1.7918e-01 +2.3693e+00 +6.6618e-01 +2.6968e-01 -2.2660e+00 +7.2979e-01 -1.4386e+00 +2.1757e+00 -6.6401e-01 -1.9606e+00 +2.2129e+00
1323 +3.981059221e+00 +3.981059221e+00 -5.425189408e+02 -5.425189408e+02 +2.4745e+00 +2.1077e+00 +8.0360e-01 +6.0816e-01 +1.0608e+00 +3.8061e-01 -1.4051e+00 +4.5566e-01 -1.5782e+00 +3.0191e-01 +1.6774e+00 +1.2494e+00 +7.6393e-01 -1.6113e+00 +1.0504e+00 -1.7159e+00 +1.6512e+00 -1.2685e+00 -1.6310e+00 +2.3490e+00
4194 +2.472995879e+00 +2.472995879e+00 -5.440270041e+02 -5.440270041e+02 +2.4869e+00 +2.2548e+00 +1.0933e+00 -1.1409e-01 +8.8511e-01 +3.0882e-01 -2.7165e+00 -3.8128e-01 -1.7398e+00 +8.8850e-02 +2.6639e+00 +1.1025e+00 +1.0145e+00 -2.4739e+00 +1.0705e+00 -1.6939e+00 +1.8052e+00 -9.4020e-01 -1.7443e+00 +2.2001e+00
20839 +1.550578415e+00 +1.550578415e+00 -5.449494216e+02 -5.449494216e+02 +2.4909e+00 +2.1187e+00 +1.1256e+00 -8.3835e-02 +8.5460e-01 +2.5292e-01 -2.7077e+00 -4.3965e-01 -2.7292e+00 -1.7194e-01 +2.6016e+00 +1.0715e+00 +6.1551e-01 -2.4950e+00 +2.0180e+00 -1.6850e+00 +1.7943e+00 -9.1783e-01 -1.1925e+00 +2.3356e+00
% function evaluation | noise-free fitness - Fopt (1.000000000000e+03) | best noise-free fitness - Fopt | measured fitness | best measured fitness | x1 | x2...
1 +2.747498312e+05 +2.747498312e+05 +2.757498312e+05 +2.757498312e+05 -3.0034e+00 -2.0925e+00 +1.6229e+00 +2.7104e+00 -4.6920e+00 -5.5690e-01 -3.2803e+00 -1.8617e+00 -2.5397e+00 -1.8254e+00 -3.3090e+00 +4.0879e+00 +3.0625e+00 +1.7046e+00 +4.5500e+00 -2.9413e+00 -1.4015e-02 +4.6772e+00 -3.4428e+00 -2.3848e+00
2 +1.335033401e+05 +1.335033401e+05 +1.345033401e+05 +1.345033401e+05 -4.4954e+00 -2.4011e+00 +2.5824e+00 +2.2484e+00 -2.4877e+00 -1.8838e+00 -1.0217e+00 -2.9172e-01 -1.5148e-01 -4.5915e-01 +2.6235e+00 +4.7035e+00 -8.7826e-02 +1.4158e+00 -2.8396e+00 -4.3890e+00 +4.1056e+00 -7.5543e-01 -1.4862e+00 +1.0244e+00
17 +8.596749012e+04 +8.596749012e+04 +8.696749012e+04 +8.696749012e+04 +3.9187e+00 +1.6463e-01 +2.8665e-01 +4.0881e+00 +3.8464e+00 +8.4999e-01 -3.7884e+00 +3.8421e+00 -4.3839e+00 -1.5741e+00 +1.8092e+00 -4.3448e+00 -4.7770e+00 +2.6096e-01 -4.4495e-01 -4.5963e+00 +1.3529e+00 +1.4020e+00 -5.2798e-01 +9.2997e-01
41 +4.845585918e+04 +4.845585918e+04 +4.945585918e+04 +4.945585918e+04 -3.9936e+00 -4.0404e+00 -2.5207e+00 +1.6884e+00 +1.0034e-01 -1.6304e+00 -8.0369e-01 +3.1383e+00 -2.3976e+00 -3.6205e-01 -4.0203e+00 -9.1209e-01 -1.9375e+00 +4.9887e-01 +2.0673e+00 -5.0000e+00 -1.0163e+00 +9.3178e-01 +3.3288e-01 +2.4262e+00
51 +2.610985719e+04 +2.610985719e+04 +2.710985719e+04 +2.710985719e+04 -1.2065e-01 +2.1743e-02 +2.3705e+00 +2.5650e+00 -2.5803e-01 +8.9532e-01 -2.9213e+00 +3.5354e+00 -2.5673e+00 +8.9898e-01 +1.4125e+00 -1.8054e+00 -2.1370e+00 -2.0343e+00 -1.5754e+00 -3.3614e+00 +1.0262e+00 +3.7455e-01 -2.5605e-01 +7.9077e-01
123 +2.467449492e+04 +2.467449492e+04 +2.567449492e+04 +2.567449492e+04 -1.0313e-01 -2.5844e+00 +3.3929e+00 +2.8933e+00 +1.5223e+00 -1.8026e+00 +0.0000e+00 +4.2866e+00 -2.4697e+00 -6.6506e-02 +4.5856e-01 -1.0852e+00 -3.0203e+00 -2.4460e+00 -3.2634e+00 +9.8920e-01 -2.3115e+00 +6.3132e-01 -4.3805e-01 +3.1239e+00
174 +1.215896927e+04 +1.215896927e+04 +1.315896927e+04 +1.315896927e+04 +3.2563e-01 +0.0000e+00 -2.1984e+00 +2.5560e+00 +1.6708e+00 -2.7863e-01 +3.4168e-01 +2.8146e+00 -4.4584e-01 -7.1185e-01 -2.9777e+00 -1.7383e+00 -3.3088e+00 -5.8934e-01 +1.3671e+00 -1.9394e+00 +2.9213e-01 -9.7299e-01 -1.0515e+00 +1.4730e+00
222 +7.501558621e+03 +7.501558621e+03 +8.501558621e+03 +8.501558621e+03 -1.5397e+00 +8.7665e-01 -1.9828e+00 +0.0000e+00 +1.0240e-02 +2.8429e-01 -2.4540e+00 +2.2296e+00 -1.2525e+00 -1.0656e+00 -2.3064e-01 +1.8137e-01 -4.0998e+00 -1.7167e+00 -3.6088e-01 +2.9125e-01 -4.4840e-02 -1.1867e+00 -1.5300e+00 +1.6668e+00
254 +2.444072521e+03 +2.444072521e+03 +3.444072521e+03 +3.444072521e+03 -2.5963e+00 -1.5729e-01 +0.0000e+00 -6.0823e-01 +8.9952e-01 +1.1930e+00 -4.3161e-01 +0.0000e+00 +2.4355e-01 -4.8887e-01 +6.9026e-02 -1.8466e-01 -3.2602e+00 -9.4832e-01 +0.0000e+00 -2.7091e+00 -2.1646e+00 +2.7071e-01 -1.9115e+00 +1.5137e+00
525 +8.877226997e+02 +8.877226997e+02 +1.887722700e+03 +1.887722700e+03 -2.6338e+00 -1.0579e+00 -2.5111e-01 -6.8378e-01 +1.1602e+00 +3.6269e+00 -1.9687e+00 +2.1184e-01 -1.1072e+00 -7.3958e-01 -1.5024e-01 -1.6298e+00 -1.2312e+00 -1.3046e+00 +2.5297e-01 -2.7467e+00 -1.8641e+00 -8.9708e-01 -1.2792e+00 +1.9060e+00
609 +4.493982917e+02 +4.493982917e+02 +1.449398292e+03 +1.449398292e+03 -1.9441e+00 +7.6084e-01 +1.3230e+00 -4.6314e-02 +1.2835e+00 +1.3266e+00 -2.1956e+00 -8.1243e-01 -8.2635e-01 +5.3443e-01 -2.7221e+00 -8.9436e-01 -1.0611e+00 -8.8000e-01 -1.1630e+00 -2.0870e+00 -1.6725e+00 -2.6453e-01 -2.2130e+00 +1.1358e+00
861 +3.509344331e+02 +3.509344331e+02 +1.350934433e+03 +1.350934433e+03 -5.1326e-01 +1.0783e-01 +1.4520e+00 -1.5674e+00 +9.5620e-01 +1.1910e+00 -2.2466e+00 -1.1888e+00 -3.0942e+00 +1.5970e-01 -2.4169e+00 -9.7494e-01 -7.9613e-01 -4.0815e-01 -1.1055e+00 -2.2317e+00 -1.4206e+00 -1.6019e+00 -2.0188e+00 +4.0068e-01
975 +1.457138401e+02 +1.457138401e+02 +1.145713840e+03 +1.145713840e+03 -7.8929e-01 -1.4117e+00 +1.1889e+00 -1.5932e+00 +1.8408e+00 +2.9335e+00 -3.0632e-01 -2.9590e-01 -2.7678e+00 +4.5783e-01 -1.4347e+00 -1.2973e+00 -1.6133e+00 -7.8015e-01 -1.1900e+00 -2.3036e+00 -1.0692e+00 -1.9782e+00 -2.0738e+00 +1.5143e+00
1040 +4.719254470e+00 +4.719254470e+00 +1.004719254e+03 +1.004719254e+03 -6.7433e-01 +1.4736e+00 +9.9248e-01 -8.2514e-01 -2.6118e+00 +0.0000e+00 +3.3536e-01 +1.0574e-01 -2.0058e+00 -9.8430e-02 -2.8429e+00 -1.1804e+00 -1.8696e+00 -1.1517e+00 -6.9835e-01 -2.1197e+00 -1.4870e+00 -8.9245e-01 -1.4707e+00 +1.2791e+00
1814 +3.747057155e+00 +3.747057155e+00 +1.003747057e+03 +1.003747057e+03 -1.8850e+00 +1.2000e+00 +1.1915e+00 -1.7314e+00 -7.9709e-01 +2.7138e+00 +4.6091e-01 -2.5396e-03 -1.5226e+00 +3.0247e-01 -2.7483e+00 -1.1044e+00 -1.7635e+00 -1.6947e+00 -5.6867e-01 -2.5319e+00 -1.4600e+00 -9.4278e-01 -1.9318e+00 +2.0530e+00
7003 +2.235011502e+00 +2.235011502e+00 +1.002235012e+03 +1.002235012e+03 +1.4692e-01 +1.6781e+00 +8.8137e-01 -1.8028e+00 -3.6383e-01 +2.5305e+00 +1.3467e-02 +2.3656e-01 -1.9780e+00 +6.1060e-02 -2.6332e+00 -1.3439e+00 -1.7499e+00 -2.1527e+00 -8.6312e-01 -2.4162e+00 -1.1602e+00 -2.0249e+00 -2.1103e+00 +2.0971e+00
11374 +1.572772696e+00 +1.572772696e+00 +1.001572773e+03 +1.001572773e+03 +6.1147e-01 +1.7371e+00 +8.3911e-01 -2.8282e+00 -4.8707e-01 +2.5326e+00 +4.6211e-01 +3.2998e-01 -1.8921e+00 -4.3212e-02 -2.5950e+00 -1.4095e+00 -1.7473e+00 -2.2162e+00 -9.3901e-01 -2.3874e+00 -1.0079e+00 -1.9853e+00 -2.1123e+00 +2.0903e+00
% function evaluation | noise-free fitness - Fopt (2.083800000000e+02) | best noise-free fitness - Fopt | measured fitness | best measured fitness | x1 | x2...
1 +2.584707250e+05 +2.584707250e+05 +2.586791050e+05 +2.586791050e+05 +2.4642e+00 -4.4059e+00 +2.6221e+00 +2.9830e+00 +4.0677e+00 +3.5320e+00 +4.6068e+00 +1.8895e-01 -1.3255e+00 +1.0952e+00 +3.9582e+00 -1.8230e+00 -2.3622e+00 -4.5736e+00 -2.7550e+00 -4.0511e-01 +3.3300e+00 -5.8636e-01 -4.0915e+00 -3.0721e+00
2 +1.704461515e+05 +1.704461515e+05 +1.706545315e+05 +1.706545315e+05 +1.6961e+00 +2.0343e+00 +2.0174e+00 -1.6619e+00 +4.6735e+00 +1.4341e+00 -1.7505e+00 +7.1810e-01 +4.6255e+00 +2.9906e+00 -1.4890e+00 -1.9563e+00 -3.0957e+00 +1.2886e+00 -1.1779e+00 -1.6611e+00 -2.5306e+00 -3.5067e+00 -1.7809e-01 +4.2491e-01
4 +7.398392137e+04 +7.398392137e+04 +7.419230137e+04 +7.419230137e+04 +1.3027e+00 +1.0355e+00 +3.5660e+00 -7.8952e-01 -2.7388e+00 +1.9788e+00 -3.2546e+00 +1.9690e+00 -3.4634e+00 +4.4684e+00 +4.1686e+00 -1.6775e+00 +2.6261e+00 -7.7134e-01 +4.5668e+00 +8.5246e-01 -8.7501e-02 +1.9425e+00 +2.8878e+00 -1.4507e+00
33 +4.496373369e+04 +4.496373369e+04 +4.517211369e+04 +4.517211369e+04 -1.5367e+00 +2.9557e+00 +1.0827e+00 -4.2335e+00 +2.1595e+00 +8.4500e-01 -6.2928e-01 -4.4565e-01 -1.9246e+00 +1.6022e+00 +4.0383e+00 +3.6514e+00 -1.4422e+00 -6.0643e-02 -2.3626e+00 -3.7703e+00 +1.3244e-01 +1.0121e+00 +2.2137e+00 +3.9271e+00
44 +3.777946708e+04 +3.777946708e+04 +3.798784708e+04 +3.798784708e+04 -3.3791e-01 +3.5539e+00 +3.3818e+00 -3.6655e+00 +2.2612e+00 +3.5537e+00 -5.0000e+00 +4.9693e-01 -3.4368e+00 +4.9101e+00 +2.8344e-01 +3.1176e+00 -9.4983e-03 -5.6843e-01 -4.3323e-01 +9.1279e-01 +2.6875e+00 -6.1477e-01 +1.1837e+00 +2.7256e+00
142 +2.209788535e+04 +2.209788535e+04 +2.230626535e+04 +2.230626535e+04 +2.4410e+00 +2.2491e+00 +3.0083e+00 -2.4970e+00 +2.1453e+00 -3.2922e+00 +7.7815e-01 -2.4902e+00 -1.7433e+00 +0.0000e+00 +0.0000e+00 +4.6234e+00 -2.0117e+00 +5.2327e-01 +5.9035e-01 -4.1173e+00 +1.3600e+00 +3.3871e+00 +8.7928e-01 +3.5275e-01
144 +1.073749177e+04 +1.073749177e+04 +1.094587177e+04 +1.094587177e+04 -3.0422e-01 +4.2675e+00 -4.8674e-03 -2.5701e+00 -5.5159e-01 +1.6903e+00 +2.1593e-01 -2.7122e+00 -2.1055e+00 -1.6619e+00 +1.8875e+00 +0.0000e+00 -1.6348e+00 +8.5959e-01 +1.5367e+00 -1.8981e+00 -1.0631e-02 +3.0098e+00 +1.3029e+00 +2.0930e+00
271 +7.991448146e+03 +7.991448146e+03 +8.199828146e+03 +8.199828146e+03 +1.1447e+00 +4.2546e+00 +6.6789e-01 -3.2742e+00 -1.5570e+00 +8.0491e-01 +9.0625e-01 -5.8875e-01 -2.7352e+00 +2.8121e-01 +2.8834e+00 -8.4786e-01 -1.4970e-01 -1.6306e+00 +2.1560e+00 -2.8843e+00 +2.9987e+00 +2.0783e+00 +3.5242e-01 +2.4791e+00
328 +2.098738133e+03 +2.098738133e+03 +2.307118133e+03 +2.307118133e+03 +1.4036e+00 +0.0000e+00 +1.4273e+00 -1.9529e+00 +9.4679e-01 -2.5220e-01 +1.8707e+00 +8.5208e-01 -2.4390e+00 -1.3180e-01 +3.1056e+00 -9.4384e-01 -2.7187e+00 -2.6721e+00 +2.1796e+00 +0.0000e+00 +6.5068e-01 +2.1108e+00 +1.7917e+00 +2.7555e+00
551 +1.071954542e+03 +1.071954542e+03 +1.280334542e+03 +1.280334542e+03 -2.1565e+00 -1.5100e-03 +1.0813e+00 -1.9429e+00 +3.3567e-01 -8.3692e-01 +2.1488e+00 +1.6951e+00 -4.8632e-01 -9.4565e-01 +2.3326e+00 +6.2479e-01 -4.7647e-01 -1.6317e+00 +2.6968e+00 -5.0087e-02 +1.3250e+00 +2.0423e+00 +1.6052e+00 +1.8432e+00
564 +6.379094508e+02 +6.379094508e+02 +8.462894508e+02 +8.462894508e+02 +1.2283e+00 +2.5183e+00 +1.1368e+00 -1.4927e+00 +2.5448e-01 -1.8427e-01 +1.4229e+00 +1.6521e+00 -1.3694e-02 -6.6739e-01 +2.0875e+00 +4.6814e-01 -2.2673e+00 -1.6031e+00 +2.6764e+00 -5.6562e-01 +1.2484e+00 +1.9441e+00 +1.4328e+00 +2.0931e+00
765 +3.070189114e+02 +3.070189114e+02 +5.153989114e+02 +5.153989114e+02 +8.5489e-01 +1.9361e+00 +1.7491e+00 -1.4666e+00 +2.4010e-01 -3.1953e-01 +1.7824e+00 +1.6783e+00 -2.6276e-01 -2.0003e-01 +2.0364e+00 +7.8282e-02 -2.3603e+00 -1.3859e+00 +2.7590e+00 -2.0266e+00 +1.4261e+00 +1.7194e+00 +1.6821e+00 +2.4839e+00
883 +1.038185659e+02 +1.038185659e+02 +3.121985659e+02 +3.121985659e+02 +1.9394e+00 +1.4632e+00 +1.5825e+00 -1.8198e+00 -2.8818e-01 +7.5315e-01 +2.2420e+00 +9.9086e-01 -8.2590e-01 -4.9276e-01 +1.6039e+00 +4.8729e-01 -7.2266e-01 -1.7876e+00 +2.1894e+00 -1.7418e+00 +1.4151e+00 +1.7943e+00 +1.4331e+00 +1.5950e+00
935 +4.532323397e+01 +4.532323397e+01 +2.537032340e+02 +2.537032340e+02 +1.3216e+00 +1.6557e+00 +2.4012e+00 -1.6512e+00 -1.1691e-01 -5.5040e-01 +2.1545e+00 +8.0556e-01 -7.8473e-01 -4.1989e-01 +1.4956e+00 +1.4626e+00 -9.2391e-01 -1.6427e+00 +2.1119e+00 -1.8062e+00 +1.4584e+00 +1.7000e+00 +1.4018e+00 +1.2982e+00
965 +3.269556673e+01 +3.269556673e+01 +2.410755667e+02 +2.410755667e+02 +3.2718e-01 +2.2005e+00 +2.0418e+00 -1.9404e+00 -3.1681e-02 -4.3863e-01 +2.3090e+00 +3.5796e-01 -1.0287e+00 -2.7902e-01 +1.6820e+00 +1.7165e+00 -1.3521e+00 -1.3455e+00 +1.7478e+00 -1.2887e+00 +6.9733e-01 +1.4490e+00 +1.4290e+00 +1.2819e+00
1165 +2.262478124e+01 +2.262478124e+01 +2.310047812e+02 +2.310047812e+02 -2.1688e-01 -3.7431e-01 +2.2604e+00 -1.6675e+00 +2.1745e-01 -3.0525e-01 +2.3735e+00 +3.9690e-01 -4.8655e-01 -2.8480e-01 +1.6006e+00 +2.3050e+00 -1.2863e+00 -1.2423e+00 +1.7735e+00 -1.1519e+00 +9.2704e-01 +1.5871e+00 +1.3278e+00 +1.0396e+00
1209 +7.159634439e+00 +7.159634439e+00 +2.155396344e+02 +2.155396344e+02 +9.8550e-01 +1.5350e+00 +1.8296e+00 +4.4431e-01 +6.3827e-01 -9.9354e-01 +2.0430e+00 +1.3804e-02 -3.0556e-01 -1.0387e-01 +1.3946e+00 +1.6861e+00 -1.2536e+00 -6.6756e-01 +1.8686e+00 -1.2647e+00 +1.0816e+00 +1.6356e+00 +6.9352e-01 +1.0912e+00
1285 +4.537500133e+00 +4.537500133e+00 +2.129175001e+02 +2.129175001e+02 +7.4892e-01 +1.4332e+00 +1.6807e+00 +4.1695e-01 +4.7186e-01 -8.0740e-01 +2.0011e+00 +2.3358e-01 -9.8029e-01 -9.1818e-02 +1.6265e+00 +1.5095e+00 -1.2915e+00 -8.7763e-01 +1.8539e+00 -9.7897e-01 +1.0614e+00 +1.5796e+00 +9.4526e-01 +1.1500e+00
1324 +3.954135839e+00 +3.954135839e+00 +2.123341358e+02 +2.123341358e+02 +6.3452e-01 +1.2030e+00 +2.1786e+00 -5.0105e-02 +1.4985e+00 +7.7247e-02 +1.3332e+00 +5.8529e-01 -1.7685e+00 -8.3618e-02 +1.5648e+00 +1.4350e+00 -1.4893e+00 -5.9282e-01 +2.1551e+00 -1.0648e+00 +1.0580e+00 +1.5914e+00 +6.9665e-01 +1.1869e+00
4463 +2.481669795e+00 +2.481669795e+00 +2.108616698e+02 +2.108616698e+02 +5.1706e-01 +1.5862e+00 +2.0356e+00 -8.8188e-01 -1.4576e-02 -3.7593e-02 +1.9067e+00 +8.6278e-01 -2.3864e+00 -4.5366e-02 +1.5782e+00 +2.1179e+00 -2.2073e+00 -9.0355e-01 +8.6901e-01 -1.1430e+00 +1.0414e+00 +1.0779e+00 +1.2552e+00 +2.3253e+00
10256 +1.582724492e+00 +1.582724492e+00 +2.099627245e+02 +2.099627245e+02 +6.3806e-01 +1.8164e+00 +2.1376e+00 -9.1675e-01 -2.7051e-02 -2.6327e-02 +1.8742e+00 +9.7969e-01 -2.3895e+00 -8.3611e-02 +1.6966e+00 +2.1972e+00 -2.0789e+00 -8.9056e-01 +8.4707e-01 -1.5141e+00 +8.7770e-01 +1.1315e+00 +1.1258e+00 +2.3442e+00
% function evaluation | noise-free fitness - Fopt (-1.449600000000e+02) | best noise-free fitness - Fopt | measured fitness | best measured fitness | x1 | x2...
1 +2.164189064e+05 +2.164189064e+05 +2.162739464e+05 +2.162739464e+05 +2.2873e+00 +4.8402e+00 +4.5447e-01 -7.1762e-01 -2.3419e+00 -4.7249e+00 +2.4210e+00 -2.9842e+00 +1.0076e+00 +1.5884e+00 -1.2899e+00 -3.3315e+00 -3.9848e-01 -4.3130e+00 +1.9548e+00 +1.8284e+00 -9.4276e-01 -1.5477e+00 -4.7268e+00 -1.8006e+00
3 +8.740232421e+04 +8.740232421e+04 +8.725736421e+04 +8.725736421e+04 -4.1637e+00 +4.0200e+00 -4.8395e+00 +6.0790e-01 -4.9867e+00 +2.9540e+00 +4.6733e+00 -4.0382e-01 +8.5129e-01 +5.0361e-01 +4.8710e+00 +3.8506e+00 +3.2792e+00 +2.3919e+00 +1.5242e+00 -5.7238e-01 +5.2092e-01 +2.3618e+00 +3.3995e+00 -3.1152e+00
10 +5.115489534e+04 +5.115489534e+04 +5.100993534e+04 +5.100993534e+04 +3.1841e+00 +4.7333e+00 +3.2970e+00 +3.8665e+00 +9.0471e-01 +4.4978e+00 -1.3509e+00 +4.1645e+00 -2.8615e+00 +1.6762e+00 +4.1990e+00 -6.1883e-01 +3.3221e+00 +8.6107e-01 -5.4489e-01 +2.0628e+00 +3.7300e-01 -1.8411e+00 -1.6838e+00 -1.3019e+00
113 +1.874712875e+04 +1.874712875e+04 +1.860216875e+04 +1.860216875e+04 -4.1480e-01 +0.0000e+00 -2.0191e+00 +3.2773e+00 +1.6006e+00 -1.7779e+00 +1.1356e+00 +3.3900e+00 -1.3549e+00 +2.9329e-01 +3.4607e+00 +2.1184e+00 +2.5703e+00 +7.0446e-01 -5.9559e-01 -9.6735e-01 -1.7126e+00 -1.7370e+00 +0.0000e+00 -1.6777e+00
155 +1.558354203e+04 +1.558354203e+04 +1.543858203e+04 +1.543858203e+04 +0.0000e+00 +1.1051e+00 -1.9625e+00 +3.5174e+00 +1.7716e+00 -1.9395e+00 +6.6991e-01 +2.7361e+00 -1.3642e+00 +1.1788e+00 +4.2023e+00 +1.6928e+00 -1.5656e+00 +1.5632e+00 -5.5195e-01 +1.3684e+00 -1.6858e+00 -1.5504e+00 +3.4070e-01 -2.2728e+00
181 +6.666582164e+03 +6.666582164e+03 +6.521622164e+03 +6.521622164e+03 +1.1149e+00 +4.9256e-01 -6.2324e-01 +1.7624e+00 +1.7255e+00 -8.2782e-01 -7.9344e-01 +2.3326e+00 -3.1425e+00 +2.3184e-01 +4.3483e+00 +1.4984e+00 +2.2119e+00 +2.5647e-01 +3.9046e-01 +1.5430e+00 -1.1917e+00 -3.6199e-01 +4.5521e-01 -1.3683e+00
304 +1.435101009e+03 +1.435101009e+03 +1.290141009e+03 +1.290141009e+03 +0.0000e+00 +6.5442e-02 -1.8032e+00 -2.2077e+00 +2.1431e-01 -7.4918e-02 +9.7330e-01 +2.6731e+00 -2.6744e+00 -9.3471e-04 +3.7226e+00 -1.2260e-01 +1.7318e+00 +7.6117e-02 +8.2568e-01 +1.8951e+00 -8.9831e-01 -1.0374e+00 +7.4715e-01 -1.3108e+00
688 +8.289202121e+02 +8.289202121e+02 +6.839602121e+02 +6.839602121e+02 +1.1123e-01 +8.5382e-01 -1.9969e+00 +1.3282e+00 +6.6651e-01 +2.6774e-01 +6.6086e-01 +3.6551e+00 -2.4137e+00 -1.3880e-01 +2.7276e+00 +1.4774e+00 +1.2252e+00 +9.8800e-01 +7.3073e-01 +2.6574e+00 -1.2132e+00 -1.3295e+00 +7.5278e-01 -7.2900e-01
791 +2.903151997e+02 +2.903151997e+02 +1.453551997e+02 +1.453551997e+02 +1.8788e-02 -4.4737e-01 -7.2539e-01 +1.8338e+00 +5.4250e-02 +7.2612e-01 +3.3387e-01 +3.3647e+00 -2.0637e+00 +3.2623e-01 +2.5092e+00 +2.3977e-01 +2.3480e+00 +8.9667e-01 +3.9129e-01 +1.5633e+00 -1.3194e+00 -1.5513e+00 +6.1344e-01 -1.2094e+00
888 +1.769687568e+02 +1.769687568e+02 +3.200875680e+01 +3.200875680e+01 -7.9283e-02 -3.0994e+00 -4.8843e-01 +1.8261e+00 -3.3985e-01 +6.7213e-01 +4.1512e-01 +2.8522e+00 -4.9662e-02 +7.6246e-01 +2.5204e+00 +2.3328e+00 +2.0491e+00 +1.0152e+00 +9.3072e-01 +1.1882e+00 -1.6231e+00 -1.7692e+00 +1.4771e+00 -1.1629e+00
924 +4.134917350e+01 +4.134917350e+01 -1.036108265e+02 -1.036108265e+02 +4.5908e-02 -2.8180e+00 -1.1700e+00 +1.4559e+00 -1.8356e+00 +3.8141e-01 +5.1370e-01 +2.3260e+00 +9.7522e-01 +7.9124e-01 +2.3604e+00 +2.1295e+00 +1.8552e+00 +1.4450e+00 +1.6656e+00 +1.7364e+00 -1.8630e+00 -1.5001e+00 +1.5966e+00 -1.1409e+00
968 +8.935899348e+00 +8.935899348e+00 -1.360241007e+02 -1.360241007e+02 -1.1447e-01 -2.1182e+00 -1.1864e+00 +1.5932e+00 -1.9701e+00 +2.9025e-01 +5.0608e-01 +2.1971e+00 +4.4976e-01 +8.3839e-01 +2.5084e+00 +0.0000e+00 +1.8930e+00 +1.3175e+00 +1.7642e+00 +1.9493e+00 -1.9364e+00 -1.6811e+00 +1.5886e+00 -1.1269e+00
1183 +4.726001718e+00 +4.726001718e+00 -1.402339983e+02 -1.402339983e+02 +5.8980e-01 -2.4230e+00 -1.4893e+00 +4.4058e-02 -2.2492e+00 +3.6277e-01 +4.3538e-01 +2.4507e+00 +7.4521e-01 +1.1142e+00 +2.4343e+00 -1.9847e-01 +7.7189e-01 +1.7691e+00 +1.8036e+00 +2.0818e+00 -1.5517e+00 -1.4915e+00 +2.3278e+00 -1.4868e+00
1262 +3.914401151e+00 +3.914401151e+00 -1.410455988e+02 -1.410455988e+02 +2.6840e-01 -1.9075e+00 -8.2681e-01 +1.3732e+00 -2.8891e+00 +8.3800e-01 +6.2679e-01 +2.7401e+00 +3.0664e-01 +1.4085e+00 +2.1097e+00 -1.0674e-01 +1.0292e+00 +2.2512e+00 +1.3800e+00 +1.0675e+00 -1.1066e+00 -2.3155e+00 +2.1280e+00 -6.8468e-01
6169 +2.289865536e+00 +2.289865536e+00 -1.426701345e+02 -1.426701345e+02 -2.0975e+00 -1.8871e+00 -1.2034e+00 +7.9019e-01 -1.3783e+00 +2.3316e+00 -9.1329e-01 +2.5524e+00 -1.3064e+00 +4.5950e-02 +6.9118e-01 +2.0132e+00 +3.7095e-01 +2.5182e+00 +4.1440e-01 +1.1141e+00 -1.6107e+00 -1.3847e+00 +2.2297e+00 -2.0280e+00
10397 +1.581218142e+00 +1.581218142e+00 -1.433787819e+02 -1.433787819e+02 -2.1471e+00 -2.0939e+00 -1.1945e+00 +7.9054e-01 -1.3684e+00 +2.3040e+00 -1.2075e+00 +2.4039e+00 -1.3420e+00 +1.8239e-01 +6.9002e-01 +1.8531e+00 +3.8907e-01 +2.5262e+00 +4.2640e-01 +1.0826e+00 -1.3272e+00 -1.5786e+00 +2.2274e+00 -2.0564e+00
% function evaluation | noise-free fitness - Fopt (-6.300000000000e+00) | best noise-free fitness - Fopt | measured fitness | best measured fitness | x1 | x2...
1 +1.518459685e+05 +1.518459685e+05 +1.518396685e+05 +1.518396685e+05 +2.0092e+00 +1.3464e+00 -3.0165e+00 +4.2628e+00 +1.7447e+00 +2.8659e+00 -2.3082e+00 +4.1037e-01 -4.4436e+00 -1.9861e+00 -2.0601e+00 -4.6228e+00 -4.5949e+00 +8.1273e-01 +1.4948e+00 +1.2712e+00 -2.9988e+00 -2.3581e+00 +3.9255e+00 -2.5865e+00
8 +9.363983196e+04 +9.363983196e+04 +9.363353196e+04 +9.363353196e+04 -3.5790e-01 +3.3490e+00 -4.5826e+00 +5.9688e-02 -3.2691e+00 -2.1881e+00 -3.4561e+00 -4.9747e+00 -3.3472e+00 +3.8189e+00 +1.1397e+00 +4.4261e-01 -3.6510e+00 -2.0953e-01 +4.4656e-01 -3.5581e+00 -3.5720e+00 +2.5265e+00 -3.6935e+00 +1.0731e+00
20 +4.716777831e+04 +4.716777831e+04 +4.716147831e+04 +4.716147831e+04 +9.7045e-01 +3.5042e+00 +1.3907e+00 +4.0399e+00 +3.4897e+00 -2.9503e+00 +4.0852e+00 +3.1524e+00 +3.3160e+00 -4.7324e-01 +8.9003e-01 -1.5502e+00 -3.0260e+00 +3.6346e+00 -3.8403e+00 -2.6716e+00 -1.9934e+00 -2.8605e-01 -3.3572e+00 -1.6069e+00
42 +9.727626152e+03 +9.727626152e+03 +9.721326152e+03 +9.721326152e+03 +3.2048e-01 +1.5377e+00 -1.8243e+00 +5.0000e+00 +3.2097e+00 -9.3823e-02 +1.9394e+00 +2.0006e+00 -2.1652e-01 +1.8721e+00 +1.4051e-01 -5.1966e-01 -8.0812e-01 +3.1729e+00 -1.3179e+00 -7.4103e-02 -1.7985e+00 -1.1333e+00 -1.0022e-01 -2.4134e+00
238 +5.817003697e+03 +5.817003697e+03 +5.810703697e+03 +5.810703697e+03 -2.9899e-01 +1.6275e+00 -1.4525e-01 +4.9174e+00 -1.9628e+00 +1.8706e+00 +2.8682e+00 +2.9518e+00 +1.2372e+00 +2.1602e+00 -1.7994e+00 +3.8728e-01 -1.9120e+00 +8.4893e-01 -8.7147e-01 +1.0728e+00 -2.1231e+00 -2.2815e+00 -7.6478e-01 -1.4171e+00
493 +2.428076374e+03 +2.428076374e+03 +2.421776374e+03 +2.421776374e+03 +1.1422e+00 -1.6320e-01 +3.2002e-01 +4.3789e+00 -2.6059e-01 +9.8796e-01 +2.9779e+00 +0.0000e+00 +4.3553e-01 +2.1347e+00 -6.9291e-01 +1.8265e+00 -1.1155e+00 +2.0084e+00 -1.7421e+00 -3.0342e-01 -6.0237e-01 -1.2411e+00 -9.0341e-01 -1.5699e+00
599 +1.075239545e+03 +1.075239545e+03 +1.068939545e+03 +1.068939545e+03 +1.4664e+00 +3.2564e-01 +7.3571e-01 +4.1978e+00 -1.1936e+00 +1.3146e+00 +2.6449e+00 +1.6356e+00 -9.0058e-03 +2.1084e+00 -1.1154e+00 +1.7947e+00 -1.2578e+00 +1.7342e+00 -2.4321e+00 +1.7933e+00 -4.0234e-01 -1.6919e+00 -8.7774e-01 -1.9824e+00
728 +9.454075788e+02 +9.454075788e+02 +9.391075788e+02 +9.391075788e+02 +2.0008e+00 +1.4058e+00 +8.9726e-01 +4.0730e+00 -9.6776e-01 -1.1687e+00 +2.7402e+00 -5.7501e-02 +4.6923e-01 +2.2162e+00 -3.1843e-01 +2.8242e+00 -2.4280e+00 +1.4103e+00 -2.4068e+00 +1.7762e+00 -1.7941e+00 -2.6328e+00 -1.0017e+00 -1.7647e+00
733 +3.573498952e+02 +3.573498952e+02 +3.510498952e+02 +3.510498952e+02 +1.7964e+00 -5.2745e-01 +1.5825e+00 +3.9055e+00 -1.7934e+00 +1.2302e+00 +3.1423e+00 -6.6202e-01 -1.8767e-01 +1.6869e+00 -9.2717e-01 +1.7899e+00 -1.3658e+00 +1.3460e+00 -2.7058e+00 +1.6009e+00 -3.4765e-01 -1.7035e+00 -8.5940e-01 -1.6531e+00
1080 +2.044084914e+02 +2.044084914e+02 +1.981084914e+02 +1.981084914e+02 +2.0287e+00 -2.3549e-01 +1.1230e+00 +3.7302e+00 -2.0561e+00 +8.6321e-01 +3.0980e+00 -1.7837e+00 -8.3711e-01 +1.1631e+00 -9.8284e-01 +1.4065e+00 -1.3563e+00 +1.3293e+00 -2.3991e+00 +1.6631e+00 -4.7288e-01 -7.9081e-01 -8.4479e-01 -2.1060e+00
1352 +1.119119165e+02 +1.119119165e+02 +1.056119165e+02 +1.056119165e+02 +2.0369e+00 -9.6293e-02 +1.5514e+00 +3.6081e+00 +2.6212e-01 +8.0647e-01 +3.0699e+00 -2.1335e+00 -9.0456e-01 +1.4027e+00 -6.9504e-01 +1.2217e+00 -1.3577e+00 +1.9990e-01 -1.9562e+00 +1.8981e+00 -3.1700e-01 -8.6646e-01 -8.8308e-01 -2.2721e+00
1660 +8.595522251e+01 +8.595522251e+01 +7.965522251e+01 +7.965522251e+01 +2.0322e+00 -1.3659e-01 +1.4978e+00 +3.6093e+00 +3.1089e-01 +7.8962e-01 +3.0785e+00 -2.1240e+00 -8.1050e-01 +1.4039e+00 -9.0116e-01 +1.1797e+00 -6.2854e-01 +9.2856e-01 -1.6311e+00 +2.0943e+00 -2.7027e-01 -8.8612e-01 -8.6728e-01 -2.1764e+00
2020 +5.561284135e+01 +5.561284135e+01 +4.931284135e+01 +4.931284135e+01 +2.0196e+00 -3.2945e-01 +1.5104e+00 +3.5825e+00 +2.8909e-01 +7.8462e-01 +3.0409e+00 -2.1490e+00 +2.3379e+00 +1.3895e+00 -8.5526e-01 +3.0474e-01 -6.1092e-01 +4.9164e-01 -1.1982e+00 +2.0901e+00 -3.0019e-01 -1.0198e+00 -8.7113e-01 -2.1213e+00
2264 +3.133461781e+01 +3.133461781e+01 +2.503461781e+01 +2.503461781e+01 +1.5416e+00 +7.4695e-02 +1.3948e+00 +3.5236e+00 +8.3403e-02 +7.3799e-01 +3.0088e+00 -1.5918e+00 +2.5456e-01 +8.3746e-01 -9.3990e-01 +2.6867e-01 -7.4100e-01 +1.2984e+00 -2.1731e+00 +1.6139e+00 -9.4886e-01 -9.6476e-01 -9.1585e-01 -1.8169e+00
2497 +1.779831786e+01 +1.779831786e+01 +1.149831786e+01 +1.149831786e+01 -3.0315e-01 +9.8069e-01 +9.1459e-01 +3.3362e+00 -6.5453e-01 +9.1825e-01 +3.1439e+00 -1.9123e+00 +2.3794e+00 +1.8934e+00 -7.1524e-01 +2.6624e-01 -1.0459e+00 +4.6090e-01 -1.6045e+00 +1.6042e+00 -6.9648e-01 -1.6429e+00 -1.0652e+00 -2.2108e+00
2500 +1.000938332e+01 +1.000938332e+01 +3.709383323e+00 +3.709383323e+00 +1.9899e+00 +2.0996e+00 +9.7391e-01 +3.2216e+00 -5.3127e-01 +9.7946e-01 +3.1529e+00 -2.0930e+00 +4.4765e-02 +1.1910e+00 -8.8455e-01 +4.1282e-01 -1.2281e+00 +3.4074e-01 -1.5339e+00 +1.5473e+00 -9.2568e-01 -1.2448e+00 -9.5339e-01 -1.9441e+00
2544 +6.929981580e+00 +6.929981580e+00 +6.299815804e-01 +6.299815804e-01 +2.5433e+00 +1.1326e+00 +1.1328e+00 +3.3047e+00 -9.5366e-01 +9.2377e-01 +3.0111e+00 -1.9716e+00 +1.0846e+00 +1.0797e+00 -7.7254e-01 +6.4388e-01 -1.3268e+00 +1.6142e+00 -2.2320e+00 +8.9499e-01 -8.2732e-01 -1.1137e+00 -1.0152e+00 -1.8541e+00
2704 +6.170475070e+00 +6.170475070e+00 -1.295249303e-01 -1.295249303e-01 +2.5571e+00 +9.1035e-01 +1.1109e+00 +3.2280e+00 -8.3594e-01 +9.0952e-01 +3.0372e+00 -2.0988e+00 +1.1332e+00 +8.7908e-01 -7.4463e-01 +7.3186e-01 -1.1379e+00 +1.5260e+00 -2.0718e+00 +9.0492e-01 -8.3391e-01 -1.1457e+00 -1.0003e+00 -1.6507e+00
3144 +3.716637015e+00 +3.716637015e+00 -2.583362985e+00 -2.583362985e+00 +1.9295e+00 -2.3560e+00 +1.9982e+00 +3.0832e+00 -9.9275e-01 +8.7779e-01 +3.0262e+00 -1.8086e+00 +1.3872e+00 +9.4870e-01 -1.0764e+00 +7.5570e-01 -1.8121e+00 +1.1703e+00 -2.1427e+00 +8.0084e-01 -1.2174e+00 -1.4963e+00 -1.0613e+00 -1.6305e+00
5965 +2.508706710e+00 +2.508706710e+00 -3.791293290e+00 -3.791293290e+00 +1.9601e+00 -2.2929e+00 +1.0805e+00 +2.8961e+00 -9.7687e-01 +9.4011e-01 +2.9004e+00 -1.8263e+00 +5.4498e-01 +1.9457e+00 -1.0045e+00 +2.2073e+00 -1.6093e+00 +9.5095e-01 -1.4953e+00 +1.3308e+00 -1.5843e+00 -1.5895e+00 -1.0368e+00 -2.3842e+00
10318 +1.579544834e+00 +1.579544834e+00 -4.720455166e+00 -4.720455166e+00 +2.1083e+00 -2.0947e+00 +1.0638e+00 +2.9051e+00 -1.0200e+00 +1.0167e+00 +2.9222e+00 -1.8303e+00 +5.5720e-01 +1.8521e+00 -1.0271e+00 +2.3686e+00 -1.5304e+00 +1.0086e+00 -1.4526e+00 +8.3258e-01 -2.4118e+00 -1.6263e+00 -1.0509e+00 -2.3698e+00
% function evaluation | noise-free fitness - Fopt (-2.206000000000e+01) | best noise-free fitness - Fopt | measured fitness | best measured fitness | x1 | x2...
1 +1.227018458e+05 +1.227018458e+05 +1.226797858e+05 +1.226797858e+05 +3.9706e+00 -1.5486e+00 +2.4122e+00 +3.1783e+00 +4.4555e+00 -1.8776e-01 -3.8744e+00 +3.2028e+00 +1.7093e+00 +4.0533e+00 -4.4756e+00 +2.9583e+00 -3.5562e+00 +3.7047e+00 +1.7491e+00 +6.0292e-01 -1.2703e+00 +4.0872e-01 -2.1932e+00 +7.9932e-01
2 +9.644443134e+04 +9.644443134e+04 +9.642237134e+04 +9.642237134e+04 +4.0818e+00 -3.6199e+00 +9.0904e-01 -2.0690e+00 -4.2560e+00 +1.4170e+00 +4.4025e+00 -4.8556e+00 +2.7408e+00 +5.8527e-01 +4.4895e+00 +4.2499e+00 +3.5017e+00 +4.7893e+00 -2.5333e+00 +2.5917e-01 +5.0210e-02 -2.5239e+00 +3.4884e+00 +4.6538e+00
17 +5.374639697e+04 +5.374639697e+04 +5.372433697e+04 +5.372433697e+04 -2.3823e-02 -1.3951e-01 +2.4204e+00 -2.8534e+00 +3.2397e+00 +1.6494e+00 +2.5587e+00 -3.8601e+00 -1.4240e+00 -3.5265e+00 -1.0041e+00 +2.6441e+00 +2.8924e+00 +2.9338e-02 -1.9692e+00 +9.9424e-01 -4.5947e+00 +5.3392e-01 +1.4789e+00 -1.4239e+00
26 +1.593145051e+04 +1.593145051e+04 +1.590939051e+04 +1.590939051e+04 -2.4384e+00 +3.6680e+00 +3.6545e+00 +3.1036e-01 +4.2577e+00 -3.3160e+00 -2.3028e+00 +8.4332e-01 -2.9742e+00 +1.6777e+00 +8.2072e-01 +1.8072e+00 -2.0949e+00 +3.7594e+00 +1.1497e+00 +1.0860e+00 -2.9053e+00 +3.6331e-01 +1.6237e+00 +1.8892e+00
135 +1.310503162e+04 +1.310503162e+04 +1.308297162e+04 +1.308297162e+04 -9.0206e-01 +3.2910e+00 +3.9091e+00 -1.8529e-01 +4.7990e+00 -3.3218e+00 -2.0884e+00 -5.4731e-01 -1.4978e+00 +0.0000e+00 +3.3231e+00 +1.5342e+00 +0.0000e+00 +3.3425e+00 +1.3739e+00 +0.0000e+00 -1.8791e+00 -7.7193e-01 +1.0447e+00 +8.1109e-01
359 +7.939347117e+03 +7.939347117e+03 +7.917287117e+03 +7.917287117e+03 +6.4314e-01 +1.8977e+00 +8.9825e-01 +1.9326e-01 +4.5828e+00 -3.0185e+00 -1.0340e+00 -3.5249e-01 -4.1146e-02 -4.8055e-01 +2.8861e-01 +1.6119e+00 +3.8669e-01 +3.4917e+00 +1.3575e+00 +2.7176e+00 -2.4926e+00 -5.5993e-01 +1.6127e+00 +4.2492e-01
383 +5.980218371e+03 +5.980218371e+03 +5.958158371e+03 +5.958158371e+03 -2.3840e+00 +7.8303e-01 +3.8443e+00 -2.0648e-01 +4.7844e-01 -4.2933e+00 -1.0185e+00 -1.5308e+00 -1.6066e+00 +8.9750e-01 +7.0972e-01 +8.7318e-01 -1.3342e-01 +3.0259e+00 -2.1199e-01 +1.5080e+00 -2.3132e+00 -1.8765e-01 +3.8928e-01 +1.2448e+00
450 +2.993499541e+03 +2.993499541e+03 +2.971439541e+03 +2.971439541e+03 -8.7265e-01 +1.2524e+00 +3.3474e+00 -1.0245e+00 +1.1517e+00 -2.6072e+00 -1.0041e+00 -2.0169e+00 -1.7000e+00 +6.5967e-01 +1.5660e+00 +1.3281e+00 -7.2600e-01 +3.4345e+00 -4.8962e-01 +1.8025e+00 -1.9080e+00 -1.1374e+00 +5.7759e-01 +9.0773e-01
489 +1.940071629e+03 +1.940071629e+03 +1.918011629e+03 +1.918011629e+03 -6.3311e-01 +1.2376e+00 +1.9356e+00 -2.3903e+00 -6.2387e-01 -2.5816e+00 -8.9916e-01 -3.1818e+00 -1.5137e+00 +1.6407e-01 +1.3257e+00 +3.0237e+00 +5.3625e-01 +3.5422e+00 +1.8083e-02 +2.6952e+00 -2.0540e+00 -1.7214e+00 +2.4584e+00 +5.9382e-01
552 +1.134203013e+03 +1.134203013e+03 +1.112143013e+03 +1.112143013e+03 -3.0306e+00 +1.1813e+00 +1.2279e+00 -1.2274e+00 -1.1214e+00 -1.6536e+00 -1.0968e+00 +4.1807e-02 -1.4783e+00 +8.8344e-01 +1.6341e+00 +1.8021e+00 +6.2296e-02 +3.2973e+00 +7.4468e-02 +9.7554e-01 -2.5249e+00 -7.6338e-01 +2.3036e+00 +2.3876e-01
712 +6.610262912e+02 +6.610262912e+02 +6.389662912e+02 +6.389662912e+02 -3.0091e+00 +1.1908e+00 +9.4797e-01 -1.2341e+00 -9.5593e-01 -2.3698e+00 -4.5703e-01 +7.2068e-01 -1.4786e+00 +9.8685e-01 +1.7187e+00 +1.4672e+00 +4.2399e-01 +3.1375e+00 -2.9329e-01 +1.6201e+00 -2.3432e+00 -6.3605e-01 +2.3858e+00 +1.5527e+00
792 +4.407559132e+02 +4.407559132e+02 +4.186959132e+02 +4.186959132e+02 -2.9737e+00 +1.1827e+00 +6.3215e-01 -7.9195e-01 -9.2038e-01 -2.6813e+00 -3.6704e-01 +2.8067e-01 -1.4785e+00 +9.8855e-01 +1.6369e+00 +1.3734e+00 +6.5648e-01 +3.0679e+00 -2.7353e-01 +1.0876e+00 -2.3339e+00 -8.9069e-01 +2.5767e+00 +1.3328e+00
817 +2.979575401e+02 +2.979575401e+02 +2.758975401e+02 +2.758975401e+02 -2.8265e+00 +1.3746e+00 +1.0522e+00 -2.1555e+00 -1.6470e+00 -2.4028e+00 -1.2697e+00 +4.1031e-01 -1.1108e+00 +7.0356e-01 +1.6845e+00 +1.3448e+00 +8.2060e-02 +2.9112e+00 +7.1538e-02 +6.7185e-01 -2.0460e+00 -1.1315e+00 +2.6083e+00 +1.2215e+00
822 +1.860921704e+02 +1.860921704e+02 +1.640321704e+02 +1.640321704e+02 -2.6386e+00 +9.4498e-01 +7.6637e-01 +0.0000e+00 -4.4770e-01 -2.5504e+00 -5.5947e-01 -4.8228e-03 -6.7850e-01 +9.4582e-01 +1.6545e+00 +1.1330e+00 +3.0571e-01 +3.0351e+00 -1.2613e+00 +8.4182e-01 -2.3836e+00 -1.0003e+00 +2.4214e+00 +9.1526e-01
879 +1.137780069e+02 +1.137780069e+02 +9.171800694e+01 +9.171800694e+01 -1.5830e+00 +1.4106e+00 -2.6112e-01 -9.6873e-01 -1.0326e+00 -2.1660e+00 -9.5888e-01 -1.6044e+00 -8.6385e-01 +1.1158e+00 +9.3388e-01 +3.1183e-01 +9.3439e-01 +2.2169e+00 -1.4559e+00 +1.2502e+00 -1.8536e+00 -8.9362e-01 +2.1651e+00 +4.6811e-01
899 +6.238450184e+01 +6.238450184e+01 +4.032450184e+01 +4.032450184e+01 -9.2552e-01 +1.4183e+00 +5.6031e-01 -8.8260e-01 -8.9583e-01 -2.2590e+00 +1.7669e-01 -3.0940e+00 -3.3449e-03 +1.4238e+00 -1.5171e-01 +1.4483e+00 +1.5726e+00 +2.3373e+00 -1.0987e+00 +1.7066e+00 -1.8781e+00 -1.2358e+00 +2.2858e+00 +8.8909e-01
912 +4.276402234e+00 +4.276402234e+00 -1.778359777e+01 -1.778359777e+01 -1.6253e+00 +1.0172e+00 -1.1909e+00 -1.1385e+00 -8.8544e-01 -2.3777e+00 -6.0682e-01 -9.7917e-01 -8.5936e-01 +1.1336e+00 +7.7416e-01 +6.3519e-02 +9.0997e-01 +2.3631e+00 -2.2054e+00 +1.1687e+00 -2.1522e+00 -1.2627e+00 +2.3961e+00 +1.0231e+00
1032 +3.453201246e+00 +3.453201246e+00 -1.860679875e+01 -1.860679875e+01 -2.2843e+00 +1.0190e+00 -9.5031e-01 -1.8515e-01 -3.3159e-01 -2.5881e+00 -5.5640e-01 -8.6288e-01 -1.3396e+00 +1.0070e+00 +1.2027e-01 +9.6966e-01 +6.1484e-01 +2.5425e+00 -1.5117e+00 +1.3434e+00 -2.2974e+00 -1.2426e+00 +2.3584e+00 +1.0460e+00
3627 +2.403587166e+00 +2.403587166e+00 -1.965641283e+01 -1.965641283e+01 -2.4956e+00 +1.5892e+00 -1.3526e+00 -4.2630e-01 -9.2539e-01 -2.7237e+00 -5.6118e-01 -1.4089e+00 -2.2625e+00 +1.3766e+00 +3.0126e-01 +7.5655e-01 +6.6212e-01 +2.4308e+00 -1.1230e+00 +1.3248e+00 -2.2597e+00 -1.1516e+00 +2.3433e+00 +8.8207e-01
7709 +1.499057837e+00 +1.499057837e+00 -2.056094216e+01 -2.056094216e+01 -1.4137e+00 +1.3690e+00 -1.3062e+00 -8.0721e-02 -2.7112e-01 -2.6753e+00 -5.2992e-01 -2.0245e+00 -2.2346e+00 +2.0855e+00 +1.5047e-01 +7.0836e-01 +7.4429e-01 +2.4627e+00 -4.7852e-01 +1.4175e+00 -2.2887e+00 -1.0610e+00 +2.3562e+00 +8.9696e-01
% function evaluation | noise-free fitness - Fopt (7.129000000000e+01) | best noise-free fitness - Fopt | measured fitness | best measured fitness | x1 | x2...
1 +1.142206652e+05 +1.142206652e+05 +1.142919552e+05 +1.142919552e+05 +1.9629e+00 +1.8450e+00 +2.4878e+00 -2.0201e+00 +3.3931e+00 +4.3255e+00 +3.3537e+00 +3.8148e+00 -3.0873e+00 -4.8267e+00 -2.8791e+00 +3.8191e+00 -2.9656e+00 +2.0707e+00 +4.7743e+00 -1.3250e+00 +2.5321e+00 +1.1157e+00 +2.7924e+00 +1.6009e-01
9 +5.768194837e+04 +5.768194837e+04 +5.775323837e+04 +5.775323837e+04 +1.6617e+00 +1.8172e+00 -4.6876e+00 +2.6619e+00 -4.2596e+00 +4.2007e+00 +2.4525e-01 +2.0735e+00 +9.3609e-01 +4.6252e-01 +3.1385e+00 +2.5345e+00 -2.1076e-01 -3.4398e+00 +2.5943e+00 -4.7159e+00 -2.5322e+00 +2.2071e+00 -7.8113e-01 +6.3569e-01
81 +3.589345537e+04 +3.589345537e+04 +3.596474537e+04 +3.596474537e+04 +4.8525e-01 -3.0949e+00 +3.2514e+00 -1.2627e+00 +1.3305e+00 -5.3727e-02 +2.0278e+00 -1.5576e+00 -2.5421e+00 +3.2692e-01 +3.5588e+00 +0.0000e+00 +2.3787e-01 +3.9683e-01 +4.6844e+00 -3.9953e-01 -1.3078e+00 +6.0863e-01 -1.1175e-01 +1.3403e+00
115 +2.474824579e+04 +2.474824579e+04 +2.481953579e+04 +2.481953579e+04 +0.0000e+00 -1.6126e+00 +2.5193e+00 -1.1556e+00 +5.2331e-01 +1.4109e+00 -6.9838e-01 -1.6549e+00 +1.1908e+00 -6.3909e-01 +2.5900e+00 +6.1147e-01 +1.6171e-01 -2.9447e+00 +1.6236e+00 -1.3222e+00 -1.8087e+00 +1.1522e+00 +4.2765e+00 +2.6574e-01
128 +1.577128113e+04 +1.577128113e+04 +1.584257113e+04 +1.584257113e+04 +1.2268e+00 -2.4044e+00 +4.5852e+00 -3.6444e+00 +1.3742e+00 -1.2637e+00 +0.0000e+00 -3.2501e+00 +7.9885e-01 +2.3871e+00 +7.8939e-01 +8.3538e-01 +6.9957e-01 -9.4575e-02 +7.1199e-01 -2.4891e+00 -2.2010e+00 +0.0000e+00 +4.2398e-01 -3.6519e-01
245 +5.709421646e+03 +5.709421646e+03 +5.780711646e+03 +5.780711646e+03 -1.5325e+00 +1.5072e+00 +3.2925e+00 -1.0272e-01 +1.7121e+00 -3.7863e+00 -1.0489e+00 -1.0448e+00 -1.4497e+00 -1.2897e+00 -1.2015e+00 +1.5827e+00 +8.8572e-01 -1.9025e+00 +1.6720e+00 +3.2204e-01 -8.4297e-01 +2.0828e+00 +2.0196e+00 +2.8554e+00
501 +3.654537872e+03 +3.654537872e+03 +3.725827872e+03 +3.725827872e+03 -5.4313e-01 +1.6215e+00 +1.0762e-01 -4.1159e-01 -3.8206e-01 -3.4944e+00 -4.4957e-01 -1.6927e+00 -2.0661e+00 -1.7269e+00 -1.9161e+00 +1.4940e+00 +4.6754e-01 -1.0863e+00 +3.0288e-02 -2.7649e-01 -4.4268e-01 +1.7855e+00 +1.4724e+00 +1.2540e+00
607 +2.416874747e+03 +2.416874747e+03 +2.488164747e+03 +2.488164747e+03 -6.5826e-01 +4.2327e+00 +1.4675e+00 +1.6288e+00 -8.9120e-01 -2.6088e+00 +3.5060e-02 -1.0793e+00 -1.0181e+00 -1.2738e+00 -4.5273e-01 +1.6843e+00 +2.1151e-01 -2.3048e-01 +1.4643e+00 -3.9817e-01 -6.2139e-01 +1.3792e+00 +1.9688e+00 +7.1358e-01
622 +9.148334835e+02 +9.148334835e+02 +9.861234835e+02 +9.861234835e+02 -1.4934e+00 +2.3578e+00 -1.1162e+00 +3.8769e-01 -9.3332e-02 -2.9165e+00 -1.0206e+00 -9.6985e-01 -1.4043e+00 -1.8786e-01 -1.1256e+00 +2.6537e-01 -8.0180e-01 -9.6763e-01 -2.2802e-01 -1.4750e+00 -6.4626e-01 +1.1485e+00 +9.3591e-01 +1.5199e+00
632 +3.574754739e+02 +3.574754739e+02 +4.287654739e+02 +4.287654739e+02 -1.1605e+00 +6.7742e-01 +1.9432e+00 -9.5755e-01 -2.4583e-01 -3.5444e+00 -2.0042e-02 -1.9084e+00 -2.2224e+00 +1.9750e-01 -1.3393e+00 +1.1228e+00 -8.4854e-01 -2.4185e+00 +2.1195e+00 -2.3290e+00 -4.0921e-01 +1.7019e+00 +1.7946e+00 +1.9451e+00
946 +1.212616166e+02 +1.212616166e+02 +1.925516166e+02 +1.925516166e+02 -1.6645e+00 +2.1527e+00 +2.3247e+00 -1.0561e+00 -3.0078e-01 -3.1186e+00 -1.0836e+00 -1.4708e+00 -2.3222e+00 -9.5305e-02 -9.9872e-01 +4.4067e-01 -7.8028e-01 -4.1073e-01 +2.6187e+00 -2.2962e+00 -5.0043e-01 +1.7308e+00 +2.2642e+00 +1.9519e+00
1124 +4.430170116e+01 +4.430170116e+01 +1.155917012e+02 +1.155917012e+02 -1.3580e+00 +1.7382e+00 +1.8059e+00 -1.5731e+00 -2.1355e-01 -2.6699e+00 -7.1311e-01 -1.1460e+00 -7.3142e-01 -1.7824e-01 -8.5176e-01 -5.2354e-02 -9.2667e-01 -7.6183e-01 +2.6300e+00 -2.2274e+00 -4.3265e-01 +1.7606e+00 +2.3007e+00 +1.9090e+00
1604 +3.712567370e+01 +3.712567370e+01 +1.084156737e+02 +1.084156737e+02 -1.3081e+00 +1.7044e+00 +1.8008e+00 -1.5873e+00 -2.0560e-01 -1.6099e+00 -7.5745e-01 -1.4964e+00 -8.7605e-01 -1.6255e-01 -8.2557e-01 +3.4256e-01 -7.8167e-01 -6.5101e-01 +2.6516e+00 -2.2403e+00 -4.3336e-01 +1.8028e+00 +2.3171e+00 +1.9275e+00
1630 +1.044500797e+01 +1.044500797e+01 +8.173500797e+01 +8.173500797e+01 -1.9883e+00 +1.7758e+00 +2.1332e+00 -2.7372e-01 -9.9253e-02 -2.8857e+00 -6.9941e-02 -5.4055e-01 -4.2135e-01 +7.5722e-03 -1.1262e+00 -3.2717e-02 -8.8067e-01 -6.3386e-01 +4.5426e-01 -2.2161e+00 -4.5395e-01 +1.7941e+00 +2.3320e+00 +1.8579e+00
1682 +9.525094417e+00 +9.525094417e+00 +8.081509442e+01 +8.081509442e+01 -1.6556e+00 +2.6278e+00 +1.3369e+00 -3.9936e-01 -6.4142e-02 -2.6510e+00 -5.1998e-02 +1.1267e-01 -2.0608e-01 +9.3718e-02 -1.0092e+00 +7.3540e-01 -9.1453e-01 -7.5821e-01 +1.8129e+00 -2.1755e+00 -4.1338e-01 +1.7890e+00 +2.3496e+00 +1.9456e+00
1762 +4.154413873e+00 +4.154413873e+00 +7.544441387e+01 +7.544441387e+01 -2.1398e+00 +2.3556e+00 +9.9278e-01 -1.2513e+00 -3.0313e-01 -2.7913e+00 -1.5851e-01 -1.0135e+00 -5.7645e-01 +1.7805e-01 -1.0076e+00 +2.7095e-01 -9.6165e-01 -2.1576e+00 +1.3178e+00 -2.2761e+00 -5.3508e-01 +1.3642e+00 +2.3063e+00 +1.9940e+00
2036 +3.378645932e+00 +3.378645932e+00 +7.466864593e+01 +7.466864593e+01 +6.7904e-01 +1.8403e+00 +9.6204e-01 -1.1535e+00 -8.1383e-02 -2.6659e+00 -1.8388e+00 -4.2288e-01 -1.8766e+00 +8.2282e-01 -1.6967e+00 +8.6480e-02 -9.1953e-01 -2.4975e+00 +1.5543e+00 -1.7341e+00 -7.2973e-01 +1.1100e+00 +2.2648e+00 +1.9428e+00
4363 +2.093826042e+00 +2.093826042e+00 +7.338382604e+01 +7.338382604e+01 +1.5100e+00 -4.2370e-01 +1.8585e+00 -8.1969e-01 -2.2656e-02 -2.6677e+00 -1.9696e+00 -3.5007e-01 -2.6991e+00 +8.8397e-01 -1.6612e+00 +1.8068e-01 -9.1506e-01 -2.4014e+00 +1.7094e+00 -2.1507e+00 -6.9517e-01 +1.4988e+00 +2.2505e+00 +2.0887e+00
6348 +1.579564151e+00 +1.579564151e+00 +7.286956415e+01 +7.286956415e+01 +1.4046e+00 -5.0776e-01 +1.7022e+00 -8.6602e-01 +3.9246e-02 -2.7009e+00 -2.0466e+00 -2.7246e-01 -2.6150e+00 +1.3576e+00 -1.7113e+00 +3.6447e-01 -9.1407e-01 -2.3919e+00 +1.5838e+00 -2.1703e+00 -6.9502e-01 +1.5183e+00 +2.2701e+00 +2.0590e+00
% function evaluation | noise-free fitness - Fopt (-1.054000000000e+01) | best noise-free fitness - Fopt | measured fitness | best measured fitness | x1 | x2...
1 +2.726544696e+05 +2.726544696e+05 +2.726439296e+05 +2.726439296e+05 -1.6709e-01 -3.7994e+00 -2.6070e+00 +4.5171e+00 -3.8451e+00 -4.0580e+00 +1.0038e+00 +3.4077e+00 -4.7302e+00 +3.0361e+00 -2.3257e+00 +2.6706e+00 +2.4335e+00 -3.3053e+00 +1.8829e+00 +3.9964e+00 +2.5011e+00 +8.5893e-02 -3.8902e+00 -2.5683e+00
3 +1.349518122e+05 +1.349518122e+05 +1.349412722e+05 +1.349412722e+05 +6.9825e-01 -4.5333e-01 +4.6529e+00 -3.0910e+00 -4.8253e+00 -5.8659e-01 -1.0125e+00 +2.0292e+00 +4.9050e+00 +3.2289e-01 +2.5234e-01 -3.3383e+00 -2.1394e-01 +2.2006e+00 +2.9585e+00 -5.2688e-01 +1.2426e+00 +1.9710e-01 +4.5224e-01 +4.6078e+00
22 +9.177370053e+04 +9.177370053e+04 +9.176316053e+04 +9.176316053e+04 +2.5960e+00 +2.5696e+00 -3.8824e+00 -1.8223e+00 -2.1691e-02 +4.9210e-02 -3.4783e+00 +4.4579e+00 -1.7732e+00 +3.7575e-01 -4.7674e-01 +4.0874e+00 +1.6972e+00 -3.0383e+00 -2.8611e+00 -2.7738e+00 -4.2520e+00 +2.5001e+00 +2.0427e+00 -2.0076e+00
45 +5.967213104e+04 +5.967213104e+04 +5.966159104e+04 +5.966159104e+04 -3.6386e+00 -2.7580e+00 +3.1094e-01 +2.1053e+00 +7.6412e-01 -7.5587e-01 +1.5468e+00 -1.3896e+00 +3.3315e+00 -1.4581e-01 +2.3246e+00 -1.2725e+00 -1.8855e+00 -3.9471e+00 -4.0015e-01 -1.6058e+00 +1.3793e+00 -9.6276e-01 -1.3057e+00 +1.0122e+00
106 +2.969342855e+04 +2.969342855e+04 +2.968288855e+04 +2.968288855e+04 -2.2040e+00 -2.8232e-02 -2.4447e+00 -5.0000e+00 -2.2971e+00 -2.0687e+00 -1.5254e+00 -1.2316e+00 -1.1398e-01 -2.3921e+00 +5.0000e+00 +2.8125e+00 +2.0368e+00 -2.2834e+00 -2.1029e+00 -1.2470e+00 -9.3272e-01 -3.1959e+00 +1.8025e+00 +3.7816e-01
159 +1.885842497e+04 +1.885842497e+04 +1.884788497e+04 +1.884788497e+04 -2.5032e+00 -1.4970e-01 -3.5179e+00 -4.5469e+00 +0.0000e+00 +0.0000e+00 -1.1319e+00 -1.7275e+00 +1.6238e+00 -1.5692e+00 +3.9215e+00 +1.0854e+00 -1.8496e-02 -2.2830e+00 +0.0000e+00 -1.2408e+00 -1.1550e+00 -3.1110e+00 +3.7402e-01 +4.1799e-01
214 +1.357445589e+04 +1.357445589e+04 +1.356391589e+04 +1.356391589e+04 -2.5406e+00 +2.1420e+00 -2.8305e+00 -4.3968e+00 +9.5682e-02 -1.8582e-01 -3.3698e-01 +0.0000e+00 +4.4414e+00 -1.6060e+00 +2.9365e+00 +1.2011e+00 +5.8364e-01 -1.5511e+00 -1.9819e+00 +6.6148e-01 +1.2314e-01 -3.2243e+00 +2.1485e+00 -3.7380e-01
264 +5.593310979e+03 +5.593310979e+03 +5.582770979e+03 +5.582770979e+03 -3.2834e+00 +3.0116e+00 -4.3571e+00 -1.4432e+00 -5.2545e-01 -5.7312e-01 +4.8363e-01 +1.1115e+00 +4.3157e+00 -9.9572e-01 +2.3996e+00 +1.2830e+00 -4.0649e-01 -1.4664e+00 -1.9769e+00 +1.3898e-01 -1.2207e+00 -5.7625e-01 +2.6663e+00 +3.4074e-02
474 +3.168678239e+03 +3.168678239e+03 +3.158138239e+03 +3.158138239e+03 -3.4241e+00 +1.5804e+00 -3.6892e+00 -1.0847e+00 -8.6511e-01 -5.9627e-01 +3.4709e-01 +1.0158e+00 +4.3385e+00 -5.6983e-01 +2.2195e+00 +1.3947e+00 -5.3653e-01 -1.4582e+00 -1.8074e+00 -5.5179e-02 -1.1868e+00 -4.7995e-01 +2.3405e+00 +5.4989e-01
554 +2.154001005e+03 +2.154001005e+03 +2.143461005e+03 +2.143461005e+03 -3.4253e+00 +1.6029e+00 -3.6850e+00 -7.2791e-01 -6.1484e-01 -5.2981e-01 +3.3254e-01 +5.6778e-01 +3.7821e+00 +7.1959e-01 +1.9583e+00 +1.4121e+00 -6.2577e-01 -1.4568e+00 -1.8691e+00 -3.2450e-02 -9.1986e-01 -1.0966e+00 +2.8454e+00 +3.2006e-01
633 +9.319405190e+02 +9.319405190e+02 +9.214005190e+02 +9.214005190e+02 -3.5327e+00 +8.9708e-01 -2.8919e+00 +4.3167e-01 -2.4267e+00 +1.6071e+00 +5.1308e-01 -2.0468e-01 +3.1454e+00 +5.5636e-01 +2.2604e+00 -1.9064e-01 -6.6516e-01 -1.5224e+00 -2.0987e+00 -1.1053e-02 -6.0643e-01 -1.1277e+00 +2.3856e+00 +1.5815e+00
714 +5.281972679e+02 +5.281972679e+02 +5.176572679e+02 +5.176572679e+02 -3.3101e+00 +7.6016e-01 -2.7296e+00 -4.3899e-01 -2.6262e+00 +2.3846e+00 +4.8766e-01 -1.1324e-01 +3.0112e+00 +1.0913e+00 +1.6848e+00 +6.8454e-01 -4.4754e-01 -1.5661e+00 -2.5201e+00 -9.9807e-02 -8.6100e-01 -1.1316e+00 +6.9400e-01 +1.3835e+00
975 +1.636183257e+02 +1.636183257e+02 +1.530783257e+02 +1.530783257e+02 -2.8460e+00 +9.6661e-01 -2.9155e+00 -2.1129e-02 -2.4130e+00 +1.7265e+00 -8.4517e-02 -1.2724e-01 +3.0695e+00 +7.9066e-01 +1.8989e+00 +1.2055e+00 +7.9577e-02 -1.4939e+00 -2.2008e+00 +9.6061e-01 -7.5657e-01 -1.1118e+00 +1.0117e+00 +1.4016e+00
1300 +1.514763826e+02 +1.514763826e+02 +1.409363826e+02 +1.409363826e+02 -2.8346e+00 +9.9240e-01 -3.0968e+00 -7.5390e-01 -2.2792e+00 +1.6656e+00 +4.1433e-02 -6.0662e-01 +2.9659e+00 +1.3352e+00 +2.3352e+00 +1.1897e+00 -2.0943e-01 -1.4776e+00 -2.2185e+00 +1.1774e+00 -4.6934e-01 -1.0711e+00 +1.5958e+00 +2.3144e+00
1320 +8.240167804e+01 +8.240167804e+01 +7.186167804e+01 +7.186167804e+01 -2.4029e+00 +9.3572e-01 -3.0103e+00 +1.3088e+00 -2.5291e+00 +1.6217e+00 +2.1650e-01 +9.9452e-02 +3.1355e+00 +9.2236e-01 +2.0580e+00 +1.8605e+00 +1.6478e-01 -1.4215e+00 -2.4340e+00 +6.3028e-01 -8.0644e-01 -1.2159e+00 +1.3642e+00 +1.1386e+00
1335 +3.905141207e+01 +3.905141207e+01 +2.851141207e+01 +2.851141207e+01 -2.4878e+00 +6.3340e-01 -3.0640e+00 +1.4914e+00 -2.9585e+00 +7.7551e-02 -3.9882e-01 +6.6791e-02 +3.0492e+00 +9.3845e-01 +2.2550e+00 +1.9593e+00 +1.5371e-01 -1.4288e+00 -2.3871e+00 +8.5103e-01 -8.8440e-01 -1.2531e+00 +1.5973e+00 +1.3829e+00
1571 +1.240998122e+01 +1.240998122e+01 +1.869981223e+00 +1.869981223e+00 -6.8372e-01 +7.9494e-01 -3.2633e+00 +1.9170e+00 -2.7345e+00 -1.0087e+00 -3.0567e-01 +2.1280e-01 +2.3325e+00 +9.2045e-01 +2.3429e+00 +1.0536e+00 -1.5252e-01 -8.2956e-01 -2.0510e+00 +4.0757e-01 -7.4343e-01 -1.2598e+00 +1.6665e+00 +1.4109e+00
1619 +5.003328050e+00 +5.003328050e+00 -5.536671950e+00 -5.536671950e+00 -4.2161e-01 +9.4196e-01 -3.1874e+00 +1.6596e+00 -2.8173e+00 +2.5610e-01 -2.6035e-01 +1.9976e-01 +2.7730e+00 +9.8132e-01 +2.5224e+00 +1.0126e+00 -5.7280e-01 -1.2392e+00 -2.1002e+00 +5.5915e-01 -7.2990e-01 -1.3133e+00 +2.1282e+00 +1.7786e+00
1655 +3.675428079e+00 +3.675428079e+00 -6.864571921e+00 -6.864571921e+00 -5.6180e-01 +1.0253e+00 -3.0781e+00 +1.9422e+00 -3.0534e+00 -5.2598e-01 -2.0415e-01 +1.7531e-01 +2.5562e+00 +9.0842e-01 +2.3481e+00 +6.0991e-01 -8.3599e-01 -7.6313e-01 -2.2695e+00 +3.4708e-01 -8.2006e-01 -1.4078e+00 +2.3204e+00 +1.8952e+00
4849 +2.463939641e+00 +2.463939641e+00 -8.076060359e+00 -8.076060359e+00 -1.0468e-01 +9.0396e-01 -2.8448e+00 +1.0165e+00 -2.1796e+00 -6.2359e-01 -3.4787e-01 -1.9011e-01 +1.8537e+00 +5.5215e-01 +1.9136e+00 +8.1332e-01 -7.9927e-01 -8.0698e-01 -1.5305e+00 +8.5062e-01 -9.6857e-01 -1.4820e+00 +1.8848e+00 +2.1276e+00
13563 +1.577906966e+00 +1.577906966e+00 -8.962093034e+00 -8.962093034e+00 +3.2440e-01 +8.0288e-01 -2.8242e+00 +1.0848e+00 -2.0368e+00 -5.7128e-01 -2.9564e-01 -1.8806e-01 +1.9396e+00 +5.2541e-01 +1.8914e+00 +7.5638e-01 -7.1911e-01 -8.0211e-01 -2.4423e+00 +2.0301e+00 -7.4905e-01 -1.4662e+00 +1.8954e+00 +2.1649e+00
% function evaluation | noise-free fitness - Fopt (3.860100000000e+02) | best noise-free fitness - Fopt | measured fitness | best measured fitness | x1 | x2...
1 +1.990513770e+05 +1.990513770e+05 +1.994373870e+05 +1.994373870e+05 +3.9758e-01 +4.7574e+00 -3.3278e+00 +7.6636e-01 +1.9900e+00 +2.9078e+00 -1.5056e+00 +2.1575e+00 -3.4450e+00 +5.3643e-01 +2.5369e+00 -4.5450e+00 -4.8294e+00 +3.8969e+00 -1.0341e+00 +3.0821e+00 +4.6206e+00 +3.3258e+00 +8.4459e-01 -1.5451e+00
3 +3.473844363e+04 +3.473844363e+04 +3.512445363e+04 +3.512445363e+04 +1.7991e-01 +4.9587e-01 +1.4241e+00 +3.4414e-01 +4.7884e+00 +3.6106e+00 +2.4938e+00 -7.7634e-01 +2.0887e+00 -2.7039e+00 +1.3536e+00 -2.1905e+00 -4.4479e+00 +1.6091e+00 +5.3147e-03 +9.0637e-01 -4.0366e+00 +1.6641e+00 +8.8338e-01 -3.6467e+00
141 +2.250412066e+04 +2.250412066e+04 +2.289013066e+04 +2.289013066e+04 +3.8828e+00 +1.3652e+00 +7.4534e-01 +1.9532e+00 -1.2715e+00 -6.4584e-02 +4.3142e+00 -3.2700e+00 -1.2077e+00 -2.2039e-01 +2.7502e-01 -5.4757e-01 -2.4314e+00 +2.0058e-01 +6.2046e-01 +0.0000e+00 -1.5015e+00 +1.0716e+00 +6.8416e-01 -1.2961e+00
158 +1.243594335e+04 +1.243594335e+04 +1.282195335e+04 +1.282195335e+04 +0.0000e+00 -5.9207e-01 -1.5794e+00 +1.2306e+00 -2.3067e+00 +5.8236e-01 +4.6732e+00 +1.5091e+00 -8.6626e-02 -1.8323e-01 +4.1472e-01 -3.3150e+00 -3.0604e+00 -6.8954e-01 +0.0000e+00 -3.5657e-01 +1.7061e-01 +1.4980e+00 -1.0422e-01 -2.6255e+00
285 +8.306493534e+03 +8.306493534e+03 +8.692503534e+03 +8.692503534e+03 -2.4838e+00 -2.1334e-01 +6.9723e-01 +8.8262e-01 +1.1274e+00 -1.0518e-01 +4.6194e+00 -3.0513e-01 +4.0862e-01 +2.1905e+00 -1.7548e+00 -3.1113e+00 -1.2536e+00 +2.3185e+00 -8.7019e-01 -2.4642e+00 -8.6560e-01 +1.8054e+00 -1.4162e+00 -2.6046e+00
426 +3.334220765e+03 +3.334220765e+03 +3.720230765e+03 +3.720230765e+03 -2.8957e+00 -3.4046e-01 +4.1662e-01 +1.2107e+00 -3.5003e-02 -7.4522e-01 +4.2798e+00 -8.3510e-03 +4.4496e-01 +1.2108e+00 -1.7125e+00 -2.8829e+00 -4.5879e-01 +4.8193e-01 -2.8010e-01 -1.7632e+00 -2.1503e+00 +2.3026e+00 -3.2269e-01 -2.8561e+00
647 +1.724002411e+03 +1.724002411e+03 +2.110012411e+03 +2.110012411e+03 -2.0860e+00 -1.6269e-01 +8.4676e-01 +1.0241e+00 +4.3982e-01 -1.7051e+00 +4.0686e+00 +9.0874e-01 +7.7702e-01 +7.2953e-01 -1.5606e+00 -2.3572e+00 -4.8698e-01 +2.0143e+00 -2.3313e-01 -2.0478e+00 -2.4440e+00 +2.3935e+00 -2.3530e-01 -2.0999e+00
727 +1.202319674e+03 +1.202319674e+03 +1.588329674e+03 +1.588329674e+03 -2.0882e+00 -1.4013e-01 +9.1883e-01 +9.7850e-01 +6.7934e-01 -1.6036e+00 +3.9914e+00 +1.4936e+00 +6.9949e-01 -4.6263e-03 -1.4716e+00 -2.3217e+00 -4.8826e-01 +2.2886e+00 -2.3665e-01 -1.8451e+00 -2.5052e+00 +2.3827e+00 -2.4231e-01 -2.0977e+00
767 +8.983110124e+02 +8.983110124e+02 +1.284321012e+03 +1.284321012e+03 -2.1726e+00 -1.7442e-01 +7.5784e-01 +9.9937e-01 +5.4973e-01 -1.2696e+00 +4.0139e+00 +1.5572e+00 +5.6477e-01 -2.0414e-01 -1.5277e+00 -2.5259e+00 -5.1695e-01 +2.2302e+00 -2.3127e-01 -1.4884e+00 -2.4859e+00 +2.3920e+00 -3.4249e-01 -2.1512e+00
1035 +3.261822996e+02 +3.261822996e+02 +7.121922996e+02 +7.121922996e+02 +2.0081e+00 -7.6123e-01 -8.9182e-01 +9.6494e-01 +2.7351e+00 -1.2367e+00 +3.8221e+00 +1.0352e+00 +4.6550e-01 +4.8044e-02 -1.6168e+00 -2.3498e+00 -8.2098e-01 +9.8636e-01 -1.3236e+00 -2.1379e+00 -2.0147e+00 +2.3393e+00 -1.3120e+00 -1.8847e+00
1147 +2.355890226e+02 +2.355890226e+02 +6.215990226e+02 +6.215990226e+02 +2.6690e+00 -6.1447e-01 -7.1860e-01 +5.4540e-01 +2.1665e+00 -1.3081e+00 +3.6455e+00 +1.1505e+00 +1.1289e+00 +5.6963e-01 -2.1727e+00 -1.2791e+00 -1.5894e+00 +6.7892e-01 -1.5200e+00 -2.4528e+00 -8.0329e-01 +1.9601e+00 -6.8822e-01 -1.8343e+00
1319 +1.553580798e+02 +1.553580798e+02 +5.413680798e+02 +5.413680798e+02 +2.2864e+00 -4.4605e-02 +3.2332e-01 +4.7669e-02 +1.1778e+00 -1.3238e+00 +3.5388e+00 +1.0827e+00 +4.2147e-01 +2.1191e-01 -3.0067e+00 -1.2704e+00 -1.3499e+00 +7.4721e-01 -1.5784e+00 -2.4427e+00 -1.0633e+00 +1.9407e+00 -1.7650e+00 -1.7094e+00
1475 +5.125433354e+01 +5.125433354e+01 +4.372643335e+02 +4.372643335e+02 -2.3191e+00 +2.9389e-01 -1.3034e+00 -1.0888e+00 +9.0528e-01 -1.1987e+00 +3.2904e+00 +2.1682e-01 +1.9358e+00 +6.1926e-01 -1.2737e+00 -1.0838e+00 -6.2310e-01 +1.2184e+00 -1.2371e+00 -2.1393e+00 -1.7720e+00 +1.9004e+00 -1.9848e+00 -1.5374e+00
1795 +8.953570042e+00 +8.953570042e+00 +3.949635700e+02 +3.949635700e+02 -2.4337e+00 +5.7115e-01 -1.3722e+00 +3.2027e-03 +1.3213e+00 -1.0932e+00 +3.2492e+00 -2.7026e-01 +1.7009e+00 +4.2673e-01 -7.8363e-01 -1.8897e+00 -7.9364e-01 +4.1125e-01 -6.0408e-01 -2.2557e+00 -1.8325e+00 +1.9572e+00 -1.6808e+00 -1.9702e+00
1995 +3.982467633e+00 +3.982467633e+00 +3.899924676e+02 +3.899924676e+02 -2.4540e+00 +2.5648e-01 -1.0182e+00 +2.6855e-01 +1.4984e+00 -1.0494e+00 +3.1482e+00 -1.6600e-01 +1.7267e+00 +4.4084e-01 -8.2627e-01 -1.2815e+00 -7.5144e-01 +1.6313e+00 -1.2487e+00 -2.2914e+00 -1.5467e+00 +2.0627e+00 -1.7023e+00 -2.1350e+00
2195 +3.929676135e+00 +3.929676135e+00 +3.899396761e+02 +3.899396761e+02 -2.4562e+00 +1.4404e-01 -1.0562e+00 +6.0121e-01 +1.5049e+00 -1.0574e+00 +3.0964e+00 -1.1586e-01 +1.7330e+00 +3.9966e-01 -1.0486e+00 -1.1457e+00 -7.4190e-01 +1.6998e+00 -1.4707e+00 -2.3015e+00 -1.5262e+00 +2.1187e+00 -1.6603e+00 -2.2267e+00
7658 +2.469160558e+00 +2.469160558e+00 +3.884791606e+02 +3.884791606e+02 -1.4993e+00 +4.9790e-01 +6.1008e-01 +2.8118e+00 +1.7198e+00 -1.0573e+00 +2.9224e+00 +1.2586e+00 +1.6723e+00 -1.2074e+00 -2.3391e+00 -1.0846e+00 -7.8204e-01 +8.4596e-01 -1.1771e+00 -2.2616e+00 -1.5865e+00 +2.2018e+00 -1.5230e+00 -2.2767e+00
14724 +1.554543188e+00 +1.554543188e+00 +3.875645432e+02 +3.875645432e+02 -1.4971e+00 +3.6554e-01 +4.7122e-01 +1.8594e+00 +1.3629e+00 -1.1081e+00 +2.9485e+00 +1.2092e+00 +1.6904e+00 -1.3205e-01 -6.0223e-01 -1.0650e+00 -6.4190e-01 +8.3736e-01 -8.9691e-01 -2.4073e+00 -1.6189e+00 +2.1928e+00 -1.1963e+00 -2.3049e+00
% function evaluation | noise-free fitness - Fopt (-1.257000000000e+01) | best noise-free fitness - Fopt | measured fitness | best measured fitness | x1 | x2...
1 +2.537364286e+05 +2.537364286e+05 +2.537238586e+05 +2.537238586e+05 +2.3553e+00 +1.0817e+00 -3.8720e+00 +5.0574e-01 -4.0859e-01 +4.4926e+00 -1.3778e+00 +2.6589e+00 +2.5806e-01 +2.2509e+00 +1.4445e-01 -2.7032e-01 +1.7919e+00 -2.7762e+00 +8.8569e-01 -7.1676e-01 +4.1762e+00 +3.6592e+00 +3.1862e+00 -3.8215e+00
2 +1.190859205e+05 +1.190859205e+05 +1.190733505e+05 +1.190733505e+05 +2.5664e+00 +7.2705e-01 +4.8713e+00 -5.4490e-01 -2.3325e+00 +7.0972e-01 -2.5412e+00 -3.9806e-01 -8.5310e-01 +2.0912e+00 +3.4755e+00 -3.3935e+00 -3.4223e+00 -3.0506e+00 +1.3570e+00 +5.0282e-01 +1.8823e+00 -8.9874e-01 -1.0923e+00 +4.4401e+00
5 +5.955382747e+04 +5.955382747e+04 +5.954125747e+04 +5.954125747e+04 +1.2570e+00 -1.9311e-01 +4.1853e+00 +1.1590e+00 +3.9227e+00 -1.6897e-01 +4.1428e+00 -9.9558e-01 -2.7199e-01 +3.9704e+00 -3.2926e+00 +2.0817e+00 +8.6177e-01 -2.7230e+00 -2.2660e+00 -8.9620e-01 +4.9724e-01 +4.5778e+00 -4.1981e+00 +1.2940e+00
62 +2.520783927e+04 +2.520783927e+04 +2.519526927e+04 +2.519526927e+04 -2.0995e+00 +3.3671e-01 -1.6158e+00 +3.1379e+00 +2.8842e+00 -2.1467e+00 +2.4698e+00 +2.0350e-01 -4.5301e-01 +4.7607e+00 -1.5411e+00 +1.8165e+00 -4.4375e-02 -8.9315e-01 -1.9215e+00 -1.2912e+00 -2.9385e+00 +3.0792e+00 -1.7497e+00 -9.0155e-01
79 +2.367408016e+04 +2.367408016e+04 +2.366151016e+04 +2.366151016e+04 +1.0248e+00 +2.5259e+00 +3.7185e-01 +1.3813e+00 +3.0438e-01 -2.6682e-01 +3.5380e+00 +1.1850e+00 +1.1827e+00 +1.8600e+00 -2.5945e+00 +1.6160e+00 +2.4467e+00 +1.2950e-01 -1.5057e-01 -8.8000e-01 -8.2575e-01 +1.8125e+00 -2.8393e+00 +2.5196e+00
226 +1.087331475e+04 +1.087331475e+04 +1.086074475e+04 +1.086074475e+04 -2.4528e+00 -1.6742e-01 -2.5283e+00 +1.6712e+00 -6.3191e-01 +5.1738e-01 +7.4686e-01 +1.5428e+00 +2.0474e+00 -9.3241e-01 -3.2377e+00 +2.4908e+00 +1.7456e+00 -2.7224e+00 -6.3454e-01 -2.3938e+00 -1.8376e+00 -2.9538e-01 -8.1293e-01 +0.0000e+00
245 +9.788943453e+03 +9.788943453e+03 +9.776373453e+03 +9.776373453e+03 -2.5551e+00 -2.0388e-01 -2.5529e+00 +7.1559e-01 +1.9683e-01 -3.3959e-01 +3.3782e-01 +1.5940e+00 +1.3606e+00 -1.5135e+00 -3.6292e+00 +1.2647e+00 -2.3975e+00 -4.2359e+00 -1.6755e-02 -1.8977e+00 -1.9484e+00 +7.5637e-01 -7.2097e-01 +1.5626e+00
308 +6.063833365e+03 +6.063833365e+03 +6.051263365e+03 +6.051263365e+03 -1.8470e-02 -2.0010e+00 -4.1604e+00 +1.3566e-01 +1.5022e-01 +9.9423e-01 -3.8016e+00 +5.0750e-01 -1.9682e-01 +1.9129e+00 -2.2710e+00 +1.4419e+00 +9.6481e-01 -3.3230e+00 -2.9190e+00 -1.4799e+00 +3.0036e-02 +1.0740e+00 -1.2177e+00 +2.5196e+00
503 +3.178523107e+03 +3.178523107e+03 +3.165953107e+03 +3.165953107e+03 +3.9387e+00 -3.8944e+00 -3.9524e+00 +6.6295e-01 +1.6252e+00 +1.8962e+00 -3.3875e+00 +2.4758e+00 -5.7983e-01 +1.9625e+00 -2.9043e+00 +2.0986e+00 +3.1178e-01 -1.5788e+00 -2.7702e+00 -7.5657e-01 -1.3496e+00 +1.2808e+00 -1.8342e+00 +1.5803e+00
609 +1.604593349e+03 +1.604593349e+03 +1.592023349e+03 +1.592023349e+03 +3.6413e+00 -1.4109e+00 -3.4380e+00 +7.5033e-02 +1.5121e+00 +1.2816e+00 -2.7832e+00 +2.1671e+00 +1.6663e+00 +1.9568e+00 -2.0277e+00 +5.0531e-01 +3.9033e-01 -1.8366e+00 -2.6942e+00 -7.6030e-01 -1.2128e+00 +6.6334e-01 -2.1239e+00 +1.7709e+00
739 +1.290273426e+03 +1.290273426e+03 +1.277703426e+03 +1.277703426e+03 +2.8131e+00 -1.5098e+00 -3.5506e+00 +3.4375e-01 +3.7457e+00 +1.0385e+00 -3.4591e+00 +1.8672e+00 +1.2231e+00 +1.2088e+00 -2.3751e+00 +1.5093e-01 +5.5395e-02 -1.7674e+00 -2.3230e+00 -6.7832e-02 -8.8405e-01 +1.8119e+00 -2.2053e+00 +1.8614e+00
981 +5.558359295e+02 +5.558359295e+02 +5.432659295e+02 +5.432659295e+02 +3.6687e+00 -6.3157e-01 -1.0014e+00 -9.6241e-02 +2.9657e+00 +1.6299e+00 -1.5816e+00 +2.2513e+00 +1.6266e+00 +1.5054e+00 -2.2147e+00 +7.6629e-01 -1.6286e-01 -1.1200e+00 -2.2386e+00 -1.2970e+00 -1.7121e+00 +1.1708e+00 -1.8503e+00 +1.4591e+00
1117 +1.547543740e+02 +1.547543740e+02 +1.421843740e+02 +1.421843740e+02 +3.1050e+00 -3.0509e-01 +9.2397e-01 +0.0000e+00 +1.8584e+00 +1.6394e+00 -1.1626e-01 +2.3006e+00 +2.0082e+00 +1.6697e+00 -6.7873e-01 +5.1897e-01 -2.2668e-01 -1.0738e+00 -2.3049e+00 -3.2077e-01 -1.4480e+00 +1.6419e+00 -2.3278e+00 +1.3061e+00
1183 +1.256336637e+01 +1.256336637e+01 -6.633632743e-03 -6.633632743e-03 +2.2155e+00 -7.7189e-01 -7.6904e-01 +4.1965e-01 +3.1387e+00 +1.7106e+00 -1.6805e+00 +2.2420e+00 +7.3958e-01 +1.8089e+00 -1.6115e+00 +1.0422e+00 -2.8863e-01 -9.8205e-01 -2.5918e+00 -2.1469e+00 -2.1924e+00 +8.0011e-01 -1.7636e+00 +1.2942e+00
1479 +4.005549820e+00 +4.005549820e+00 -8.564450180e+00 -8.564450180e+00 +1.6281e+00 -5.8270e-01 -9.8061e-01 +4.9838e-01 +2.5577e+00 +1.7182e+00 -2.0067e+00 +3.2671e-01 +9.0525e-01 +1.7179e+00 -2.1005e+00 +1.0353e+00 -2.8996e-01 -9.5691e-01 -2.5382e+00 -1.6368e+00 -1.5629e+00 +1.6751e+00 -1.8226e+00 +2.0112e+00
1641 +3.638934403e+00 +3.638934403e+00 -8.931065597e+00 -8.931065597e+00 +1.1664e-01 +1.8908e-01 +5.0223e-01 +3.8386e-01 +2.5569e+00 +1.7975e+00 -2.2005e+00 +2.7748e-01 +8.9571e-01 +1.7711e+00 -1.8041e+00 +1.2573e+00 -2.8912e-01 -8.4475e-01 -1.9921e+00 -1.7997e+00 -1.3241e+00 +1.5776e+00 -1.7826e+00 +1.9377e+00
3696 +2.473051525e+00 +2.473051525e+00 -1.009694848e+01 -1.009694848e+01 -1.4325e+00 +2.2272e+00 -1.2125e+00 -3.9636e-01 +2.5602e+00 +1.4142e+00 -2.3680e+00 +6.0585e-01 +7.1589e-01 +2.4783e+00 -2.0274e+00 +2.0390e+00 -7.1738e-01 -8.0973e-01 -2.0642e+00 -6.9377e-01 -1.1168e+00 +2.2956e+00 -1.7503e+00 +1.0922e+00
14932 +1.584451491e+00 +1.584451491e+00 -1.098554851e+01 -1.098554851e+01 -1.5217e+00 +1.9950e+00 -2.0961e+00 +7.6567e-02 +2.6072e+00 +6.7181e-01 -2.4527e+00 +8.5892e-01 +7.6279e-01 +2.4348e+00 -2.0271e+00 +2.1184e+00 -7.6614e-01 -7.8700e-01 -1.9852e+00 -6.7557e-01 -1.0958e+00 +1.9679e+00 -1.7729e+00 +1.0386e+00
% function evaluation | noise-free fitness - Fopt (-1.270400000000e+02) | best noise-free fitness - Fopt | measured fitness | best measured fitness | x1 | x2...
1 +2.090274516e+05 +2.090274516e+05 +2.089004116e+05 +2.089004116e+05 +2.8362e+00 +1.3082e+00 -3.3385e+00 +1.4442e+00 -1.5863e+00 -4.2630e+00 +3.7573e-01 +2.1545e+00 +3.9734e+00 +7.8740e-01 -3.5129e+00 +4.0731e+00 +9.5314e-01 +4.5568e+00 +7.7166e-02 +4.5597e+00 -1.3795e+00 -1.4962e+00 -1.2695e-01 -4.8089e+00
2 +1.226084850e+05 +1.226084850e+05 +1.224814450e+05 +1.224814450e+05 -3.7631e+00 +4.2893e+00 +4.9136e+00 +1.4261e+00 -1.8548e+00 +1.1957e+00 +1.3023e+00 -2.3996e+00 +3.9014e+00 -7.1386e-01 -4.0403e+00 +3.5909e+00 +3.2557e-01 +6.7859e-02 +2.3065e+00 -4.3951e+00 -3.5555e+00 -3.9104e+00 +1.6850e+00 -3.8697e+00
7 +9.519075325e+04 +9.519075325e+04 +9.506371325e+04 +9.506371325e+04 +4.6029e+00 +2.0913e+00 +1.8125e+00 -3.0476e-01 +4.3345e+00 -3.3652e+00 +9.3014e-01 +2.3008e+00 +2.8676e+00 +1.3952e+00 +9.5993e-01 -4.3069e+00 +1.0774e+00 -1.3312e+00 +2.6974e+00 -1.0314e+00 +3.7684e+00 -3.7391e+00 -4.1327e-01 -3.9428e+00
12 +3.315109540e+04 +3.315109540e+04 +3.302405540e+04 +3.302405540e+04 -2.9529e+00 -4.0941e+00 -1.9072e+00 +2.4645e+00 -2.6973e+00 -3.2199e+00 -3.5117e+00 +3.1300e+00 -4.0524e+00 -1.0451e+00 +3.6174e+00 -2.3106e-01 +1.7255e+00 -2.5637e+00 -4.4807e-01 -1.4446e-01 -4.6430e+00 -1.9226e+00 +1.2075e-01 -1.2881e+00
92 +2.352624693e+04 +2.352624693e+04 +2.339920693e+04 +2.339920693e+04 -3.8683e+00 -4.4380e+00 -1.5179e+00 +2.0262e-01 -3.7405e+00 -4.2895e+00 -1.7909e+00 -7.5159e-01 +0.0000e+00 +7.1050e-01 +1.8590e+00 -2.5206e+00 +0.0000e+00 -1.1138e+00 -1.9416e+00 -5.7965e-01 -4.4835e+00 +0.0000e+00 -1.7851e-01 -1.5844e+00
194 +2.677555959e+03 +2.677555959e+03 +2.550515959e+03 +2.550515959e+03 +0.0000e+00 -2.7431e+00 +1.3695e-01 -2.0337e+00 -1.8825e+00 +0.0000e+00 -5.2263e-01 +6.7424e-01 +8.2162e-02 -1.2031e+00 +1.1482e+00 +5.4250e-01 +4.8197e-01 -1.6760e+00 -1.7705e+00 -2.1461e+00 -1.7409e+00 -1.7273e+00 +3.4627e-01 -1.0595e+00
381 +1.811834292e+03 +1.811834292e+03 +1.684794292e+03 +1.684794292e+03 -1.6620e+00 -2.7020e+00 +8.7287e-02 -2.2627e+00 -3.7918e+00 -2.8030e-01 -9.1147e-01 +7.8403e-01 -1.4226e-01 -3.7042e-01 +8.7438e-01 -4.5388e-01 +1.5758e-01 -1.8618e+00 -1.8541e+00 -1.6317e+00 +0.0000e+00 -2.0275e+00 +2.2594e+00 -3.6019e-01
700 +1.047604010e+03 +1.047604010e+03 +9.205640096e+02 +9.205640096e+02 -5.4422e-01 -3.0194e+00 +1.8434e+00 -2.1956e+00 -3.6855e+00 -1.2641e-01 +1.2259e+00 +3.7093e-01 +2.3391e-01 -9.2155e-01 +8.2900e-01 -9.3586e-01 +6.4846e-01 -1.8957e+00 -1.2689e+00 -7.1821e-01 -8.8841e-01 -1.1686e+00 +8.0682e-01 -8.7509e-01
826 +9.681026519e+02 +9.681026519e+02 +8.410626519e+02 +8.410626519e+02 -1.5207e-01 -2.9417e+00 +1.1473e+00 -2.7645e+00 -3.7610e+00 -7.8310e-02 +1.5849e+00 -7.2812e-02 +2.0235e-01 +9.2954e-02 +1.5322e+00 -7.1547e-01 +7.6814e-01 -9.1267e-01 -1.2671e+00 -7.4675e-01 -6.7340e-01 -1.7120e+00 +8.0889e-01 -8.9469e-01
831 +1.909562036e+02 +1.909562036e+02 +6.391620356e+01 +6.391620356e+01 -1.1181e+00 -2.1128e+00 -3.6208e-01 -1.4227e+00 -3.0100e+00 -1.7006e+00 +2.2675e+00 -1.2774e+00 +4.7266e-01 +2.6101e-02 +1.1288e+00 -1.1758e+00 +5.2192e-01 -2.6632e+00 -1.1323e+00 -3.7509e-01 -1.8065e+00 -1.5258e+00 +2.2763e+00 -1.4859e+00
986 +8.160482109e+01 +8.160482109e+01 -4.543517891e+01 -4.543517891e+01 -8.5232e-01 -2.4287e+00 +9.3875e-01 -1.8103e+00 -2.7780e+00 -7.8827e-01 +2.0501e+00 -4.2343e-01 +5.5018e-01 +2.5648e-01 +1.4339e+00 -1.5333e+00 +6.3339e-01 -2.4749e+00 -1.1037e+00 -7.2240e-01 -1.5193e+00 -1.7106e+00 +1.5744e+00 -9.2965e-01
1004 +1.573138661e+01 +1.573138661e+01 -1.113086134e+02 -1.113086134e+02 +1.7992e-01 -2.9222e+00 +6.8946e-01 -1.5227e+00 -2.6890e+00 -7.3388e-01 +1.9984e+00 -8.7931e-01 +3.9211e-01 +2.6033e-01 +1.0125e+00 -1.2988e+00 +1.3338e+00 -1.5009e+00 -9.6407e-01 -5.9708e-01 -1.3494e+00 -1.5309e+00 +2.2524e+00 -1.4655e+00
1240 +4.330732400e+00 +4.330732400e+00 -1.227092676e+02 -1.227092676e+02 +7.5229e-02 -2.8853e+00 +2.0285e+00 -1.1731e+00 +4.0120e-01 -1.2362e-01 +1.5571e+00 -2.8062e-01 +1.6646e+00 +6.1590e-01 +1.1790e+00 -1.0770e+00 +7.5779e-01 -2.1402e+00 -9.3974e-01 -1.0840e+00 -1.3239e+00 -1.1815e+00 +1.7561e+00 -1.2548e+00
1293 +3.847509444e+00 +3.847509444e+00 -1.231924906e+02 -1.231924906e+02 -4.4359e-02 -2.4281e+00 +7.6340e-01 +1.0511e+00 -2.2092e+00 -4.3829e-01 +4.4036e-01 +2.9505e-01 +2.9911e-01 +1.1879e+00 -1.7076e-01 -1.2274e+00 +1.8549e+00 -2.2686e+00 -1.0399e+00 -7.6419e-01 -1.2687e+00 -1.1587e+00 +2.3705e+00 -7.6170e-01
4597 +2.037797855e+00 +2.037797855e+00 -1.250022021e+02 -1.250022021e+02 +2.3097e+00 -2.0478e+00 +2.1470e+00 -9.5923e-01 +5.4892e-02 -2.5761e+00 +1.0925e+00 +2.3685e+00 +2.1643e+00 +2.0752e+00 +1.0893e+00 -1.8111e+00 +2.0531e+00 -1.6476e+00 -6.4846e-01 -2.4814e+00 -7.2940e-01 -1.6549e+00 +2.2204e+00 -9.0335e-01
9871 +1.547455057e+00 +1.547455057e+00 -1.254925449e+02 -1.254925449e+02 +2.3938e+00 -2.2301e+00 +2.1538e+00 -8.8212e-01 -3.6219e-02 -2.6566e+00 +1.2120e+00 +2.3280e+00 +2.1224e+00 +2.0879e+00 +8.8064e-01 -1.8107e+00 +2.1019e+00 -1.5857e+00 -6.8761e-01 -2.4320e+00 -6.2851e-01 -1.6622e+00 +2.2130e+00 -9.2110e-01
21835 +9.708987450e-01 +9.708987450e-01 -1.260691013e+02 -1.260691013e+02 +2.5035e+00 -2.2293e+00 +2.0683e+00 -9.2062e-01 -8.5237e-03 -2.5998e+00 +1.2280e+00 +2.3308e+00 +2.0552e+00 +2.1163e+00 +2.1609e+00 -2.0682e+00 +2.1719e+00 -1.5891e+00 -6.8159e-01 -2.4618e+00 -6.5885e-01 -1.4934e+00 +2.2579e+00 -9.2429e-01
% function evaluation | noise-free fitness - Fopt (-3.752000000000e+01) | best noise-free fitness - Fopt | measured fitness | best measured fitness | x1 | x2...
1 +1.967905912e+05 +1.967905912e+05 +1.967530712e+05 +1.967530712e+05 -1.8956e+00 -2.3996e+00 -3.7847e+00 +2.9987e+00 -2.5132e+00 +2.9593e+00 +1.2537e+00 -3.9811e+00 -4.8837e+00 -2.2130e+00 -2.2208e+00 -1.2231e+00 -4.0975e+00 +3.4949e+00 -3.8883e+00 -2.2890e+00 +1.1494e+00 -4.6050e+00 +4.7656e+00 +2.4356e+00
2 +1.184840523e+05 +1.184840523e+05 +1.184465323e+05 +1.184465323e+05 +4.8807e+00 -5.8396e-01 -2.2183e+00 -2.8314e+00 -3.1843e+00 +3.5792e+00 -1.1333e+00 -1.3498e+00 +1.9657e+00 -2.2378e+00 -2.7739e+00 -3.6440e+00 +4.1724e+00 -3.2872e+00 +6.2238e-01 +9.8622e-01 +3.4851e+00 +7.8891e-01 +4.4934e+00 +3.2145e-02
6 +8.170637709e+04 +8.170637709e+04 +8.166885709e+04 +8.166885709e+04 +9.5270e-01 -7.3711e-01 +2.7233e+00 -1.6915e+00 -3.2409e+00 +5.6864e-01 -9.5121e-01 -2.8525e-01 -3.2257e+00 +1.6296e+00 +1.8305e-01 +9.5333e-01 +1.4987e+00 +1.7739e-01 -3.6717e-01 -3.7213e+00 +4.8384e+00 +3.5741e+00 +3.8626e+00 -1.2436e+00
36 +6.283910140e+04 +6.283910140e+04 +6.280158140e+04 +6.280158140e+04 -2.0617e+00 -3.1491e+00 -9.0629e-01 +2.2958e+00 -3.1935e+00 +3.8787e+00 +3.8376e+00 -8.1356e-01 -6.0029e-01 +3.5556e+00 -2.0643e+00 -1.5169e+00 -2.3868e+00 +2.9759e+00 +4.4491e+00 +2.4982e-01 +3.0404e+00 +9.1447e-01 +4.2831e+00 -4.4642e+00
116 +3.303972944e+04 +3.303972944e+04 +3.300220944e+04 +3.300220944e+04 -9.7052e-01 -3.6060e+00 +1.8536e+00 -1.0239e+00 -2.0125e+00 -1.1635e+00 +1.3268e+00 +1.1311e+00 +3.3298e-01 +1.7527e+00 -1.2937e+00 -3.5458e+00 -1.3655e+00 -1.4120e-01 +0.0000e+00 +7.9056e-01 +1.3404e+00 +1.9937e+00 +3.1491e+00 -4.1779e+00
138 +1.796070304e+04 +1.796070304e+04 +1.792318304e+04 +1.792318304e+04 -1.3163e+00 -4.9959e+00 +2.4019e+00 -1.8319e+00 +7.4537e-01 +2.3161e+00 +5.7419e-01 +8.0022e-01 +1.3256e-01 +1.3268e+00 -1.7376e+00 -3.7874e+00 -1.3164e+00 +2.3452e+00 +2.4047e+00 +1.2156e+00 +9.4157e-01 +1.1957e+00 +1.8015e+00 -3.6502e+00
152 +1.326310706e+04 +1.326310706e+04 +1.322558706e+04 +1.322558706e+04 +0.0000e+00 -3.8277e+00 +3.8680e+00 -8.8231e-01 -1.0331e+00 -3.6285e+00 +9.2026e-01 +1.1536e+00 +1.3217e-01 +2.3572e+00 -9.6680e-01 -4.6459e+00 -1.6433e+00 +1.9910e+00 -6.3425e-02 -9.7788e-01 +8.8832e-01 +2.4674e+00 +8.4820e-01 -1.6195e+00
385 +9.014431581e+03 +9.014431581e+03 +8.976911581e+03 +8.976911581e+03 +5.9515e-01 -4.1591e+00 +1.4007e+00 -1.1344e+00 -1.2825e+00 -2.1777e+00 +2.0444e+00 +2.7424e-03 +1.7936e-01 +1.5885e+00 +2.1450e+00 -3.5641e+00 +2.0702e-02 +2.8761e+00 -4.3465e-01 -1.2961e+00 +4.7748e-01 +2.4788e+00 -6.5705e-02 -3.4841e+00
639 +4.328692676e+03 +4.328692676e+03 +4.291172676e+03 +4.291172676e+03 -1.3232e+00 -3.6879e+00 +2.4181e+00 -2.1887e+00 +1.0062e+00 +1.5970e+00 +1.7406e+00 -5.6347e-01 +3.3483e+00 +2.1642e+00 -1.0848e+00 -4.1453e+00 +8.8536e-01 +3.0739e+00 -2.6489e-01 -1.4803e+00 +1.6564e+00 +1.9762e+00 +6.0514e-01 -2.3034e+00
812 +1.696776412e+03 +1.696776412e+03 +1.659256412e+03 +1.659256412e+03 -1.5179e+00 -2.1606e+00 +1.7930e+00 -1.5021e+00 +1.0420e+00 -1.3501e+00 +1.5282e+00 -8.8004e-01 +2.0998e+00 -5.0553e-01 +1.7031e-02 -1.9612e+00 +5.3391e-01 +3.1843e+00 -1.8844e-01 -1.6287e+00 +0.0000e+00 +1.6628e+00 +2.2313e+00 -4.3373e-01
1048 +1.537149671e+03 +1.537149671e+03 +1.499629671e+03 +1.499629671e+03 -1.8189e+00 -2.2352e+00 +2.9923e+00 -3.9581e-02 +1.0249e+00 +6.0793e-01 +7.4545e-01 -1.1690e+00 +1.7288e+00 -5.7963e-01 +1.0921e-01 -3.0512e+00 +5.7861e-01 +8.3357e-01 +1.9974e-01 -2.6063e+00 +4.4217e-01 +3.1268e+00 +3.2112e-01 -1.6923e+00
1103 +8.957517588e+02 +8.957517588e+02 +8.582317588e+02 +8.582317588e+02 -1.8966e+00 -2.1067e+00 +2.1482e+00 +7.2476e-01 +1.2634e+00 +3.7220e-01 +9.7294e-01 +1.0734e+00 +1.9486e+00 +2.4790e-01 +3.5630e-01 -2.5840e+00 +5.0415e-01 +2.8553e+00 -3.0315e-01 -2.2308e+00 -6.8294e-02 +2.1426e+00 +1.8996e+00 -1.3877e+00
1321 +4.370627277e+02 +4.370627277e+02 +3.995427277e+02 +3.995427277e+02 -1.9888e+00 -1.9834e+00 +2.0760e+00 +2.1965e+00 +1.4986e+00 +1.2183e+00 +4.6658e-01 -2.1375e+00 +1.6126e+00 +1.6592e+00 +7.4922e-01 -1.8546e+00 +4.6042e-01 +2.5105e+00 -2.2714e-01 -2.5999e+00 +2.6387e-01 +2.4195e+00 +6.2502e-01 -2.1802e+00
1430 +6.677039847e+01 +6.677039847e+01 +2.925039847e+01 +2.925039847e+01 -2.4234e+00 -1.6472e+00 +1.0774e+00 +2.7595e+00 +1.2349e+00 +2.2536e+00 +1.5655e+00 -1.3404e+00 -4.3048e-01 +0.0000e+00 +2.0236e+00 -5.0156e-01 -1.6955e-01 +2.4126e+00 -2.3765e-03 -2.1068e+00 +6.5086e-01 +2.5688e+00 +1.7003e+00 -2.4161e+00
1518 +4.797907574e+01 +4.797907574e+01 +1.045907574e+01 +1.045907574e+01 -2.2688e+00 -2.9110e+00 +1.0701e+00 +3.4355e-01 +1.0391e+00 +1.2507e+00 +1.7617e+00 -1.7774e+00 -2.4161e-01 +9.6805e-01 +2.2535e+00 +2.3229e-01 -3.8549e-01 +2.0731e+00 +2.2737e-02 -1.8332e+00 +6.5333e-01 +1.9867e+00 +1.6979e+00 -7.2417e-01
1873 +1.173193314e+01 +1.173193314e+01 -2.578806686e+01 -2.578806686e+01 -2.5141e+00 -2.8174e-01 -9.5118e-01 +5.1214e-01 +7.5362e-01 +2.5480e+00 +1.7163e+00 -1.4699e+00 +1.4001e-01 +7.3119e-01 +2.1984e+00 -1.1223e+00 -2.0993e+00 +2.2526e+00 +8.9352e-01 -1.0574e+00 +7.5632e-01 +1.9484e+00 +5.5074e-01 -1.2624e+00
2019 +3.995148717e+00 +3.995148717e+00 -3.352485128e+01 -3.352485128e+01 -2.3536e+00 -3.4184e+00 +7.7728e-01 +1.5725e-02 +1.2186e+00 +2.3755e-01 +1.4706e+00 -2.6771e-01 +1.3880e+00 +6.5166e-01 +1.9331e+00 -3.3774e-01 -1.7722e+00 +2.2524e+00 +1.0178e+00 -1.9547e+00 +9.3563e-01 +2.1618e+00 +1.1279e+00 -9.3247e-01
2233 +3.937076553e+00 +3.937076553e+00 -3.358292345e+01 -3.358292345e+01 -2.3478e+00 -5.6742e-01 +9.3309e-01 -2.7981e-01 +1.1824e+00 -1.9382e-01 +1.4381e+00 -7.6131e-01 +1.6090e+00 +6.2874e-01 +1.9227e+00 -6.6146e-01 -1.7549e+00 +2.2611e+00 +9.7773e-01 -1.9903e+00 +8.6845e-01 +2.1085e+00 +1.2461e+00 -1.0178e+00
4857 +2.475556014e+00 +2.475556014e+00 -3.504444399e+01 -3.504444399e+01 -2.4186e+00 -1.6803e+00 +3.8793e-02 +2.6689e+00 +1.0641e+00 -1.9494e-01 +1.8205e+00 -2.2032e+00 +1.1552e+00 +7.0467e-01 +4.9261e-01 -6.3936e-01 -1.9777e+00 +2.2084e+00 +6.0122e-01 -1.0734e+00 +9.9290e-01 +2.0140e+00 +2.0357e+00 -1.2502e+00
10741 +1.584470533e+00 +1.584470533e+00 -3.593552947e+01 -3.593552947e+01 -2.4914e+00 -3.2658e+00 +1.7029e-01 +2.6755e+00 +1.0891e+00 -3.1521e-01 +1.9240e+00 -2.1585e+00 +1.3959e+00 +6.7242e-01 +4.8219e-01 -6.5211e-01 -1.9296e+00 +2.2023e+00 +5.3562e-01 -1.0491e+00 +9.8362e-01 +1.9876e+00 +2.1395e+00 -1.2409e+00
% function evaluation | noise-free fitness - Fopt (-3.311600000000e+02) | best noise-free fitness - Fopt | measured fitness | best measured fitness | x1 | x2...
1 +1.066459342e+05 +1.066459342e+05 +1.063147742e+05 +1.063147742e+05 +2.3633e+00 -2.4363e+00 -2.9442e+00 +1.5095e-01 +1.0682e+00 +1.0841e+00 +1.7999e+00 +1.7273e+00 +1.0201e-01 +1.4980e+00 -1.8496e+00 -2.8400e+00 -4.2826e-01 +4.0916e-01 -9.7337e-01 -3.2428e-01 +6.7434e-01 -8.9385e-01 +3.0894e+00 -4.5094e+00
9 +5.662526459e+04 +5.662526459e+04 +5.629410459e+04 +5.629410459e+04 +1.5092e+00 -4.2848e+00 -1.7165e+00 -3.1234e+00 +1.0066e+00 -4.1612e+00 +5.6896e-01 +4.6624e+00 -3.2815e+00 +2.4277e-01 +1.4795e+00 +2.6994e+00 +3.9287e+00 +3.7398e+00 +3.5757e+00 +1.6840e+00 -7.8178e-02 +3.6082e+00 -3.2260e+00 -2.3710e+00
72 +3.476449369e+04 +3.476449369e+04 +3.443333369e+04 +3.443333369e+04 +1.7675e+00 -1.3807e+00 -5.0000e+00 -1.3911e+00 -1.4171e-01 -5.0000e+00 +2.8440e+00 -1.8876e+00 -2.5985e-01 -1.6083e+00 +3.3610e+00 +3.6647e+00 +3.4292e+00 +4.0000e-01 -2.4312e-01 +1.8876e+00 -1.5223e+00 +1.5451e+00 -1.6678e+00 -3.8819e-01
95 +2.267709618e+04 +2.267709618e+04 +2.234593618e+04 +2.234593618e+04 +3.3416e+00 -1.2741e+00 +8.5116e-01 -1.0570e+00 +1.6710e+00 -5.0000e+00 +3.6448e+00 +0.0000e+00 -5.0000e+00 -4.2475e-01 -1.8032e+00 -6.9849e-01 -1.8396e-01 +1.2351e+00 +4.0506e+00 +3.6384e-01 +2.3666e+00 +1.3192e+00 -2.4846e+00 -8.8798e-01
122 +9.243348178e+03 +9.243348178e+03 +8.912188178e+03 +8.912188178e+03 -4.6931e+00 -1.4719e-01 -4.1406e+00 +3.8794e-01 +1.7432e+00 -3.0206e+00 +0.0000e+00 +0.0000e+00 -8.3784e-01 -4.6238e-01 -2.0332e+00 -4.2403e-01 +1.6940e+00 +1.7222e-01 +2.1251e+00 +1.2593e+00 +2.1744e+00 +0.0000e+00 -1.2846e+00 -2.4102e+00
494 +5.617625357e+03 +5.617625357e+03 +5.286465357e+03 +5.286465357e+03 +1.6205e+00 -1.1472e+00 +1.7445e+00 +2.2917e+00 +2.0455e+00 -4.0797e+00 +2.0252e+00 +7.5789e-01 -3.5665e+00 -2.2393e+00 -4.0974e-01 -2.6791e+00 +2.4388e+00 +1.7617e+00 +2.4516e+00 +1.3195e+00 +3.3356e+00 +9.2196e-01 -1.7486e+00 -2.1007e+00
541 +3.951808525e+03 +3.951808525e+03 +3.620648525e+03 +3.620648525e+03 +1.8485e+00 -4.0567e+00 +2.7076e+00 +2.5148e+00 +2.3436e+00 -2.7576e+00 +1.6244e+00 +7.4477e-01 -3.4970e+00 -2.3374e+00 +1.6578e+00 -2.3341e+00 +2.7914e+00 +1.8510e+00 +3.0837e+00 +1.1176e+00 +2.4288e+00 +1.2939e+00 -2.0540e+00 -1.3655e+00
755 +2.384992489e+03 +2.384992489e+03 +2.053832489e+03 +2.053832489e+03 +3.1529e+00 -2.7835e+00 +1.8566e+00 +9.9057e-01 +1.5647e+00 -3.2037e+00 +1.8992e+00 +5.7222e-01 -3.6563e+00 -2.3809e+00 +1.6369e+00 +2.1305e-02 +2.7610e+00 +1.8695e+00 +2.7787e+00 +8.5912e-01 +2.2766e+00 +9.6320e-01 -1.8863e+00 -7.9738e-01
816 +1.337533436e+03 +1.337533436e+03 +1.006373436e+03 +1.006373436e+03 +3.5714e+00 -9.8775e-01 +2.0232e+00 +2.0856e+00 +1.4766e+00 -2.3832e+00 +4.9616e-02 +9.2134e-02 -3.5939e+00 -2.3189e+00 +9.0425e-01 -7.5562e-01 +1.7653e+00 +2.6313e+00 +2.2451e+00 +6.5639e-01 +2.6292e+00 +1.0798e+00 -2.1225e+00 -1.2542e+00
851 +5.750502710e+02 +5.750502710e+02 +2.438902710e+02 +2.438902710e+02 +2.8796e+00 -1.9786e+00 +2.3377e+00 +2.4121e+00 +2.0535e+00 -1.1998e+00 -8.8625e-01 +4.1115e-01 -3.4647e+00 -2.2313e+00 +2.5793e+00 -1.8839e+00 +8.6544e-01 +2.1472e+00 +2.2948e+00 +6.7217e-01 +2.3824e+00 +5.2807e-01 -1.0718e+00 -1.0288e+00
1271 +3.780379467e+02 +3.780379467e+02 +4.687794666e+01 +4.687794666e+01 +3.2554e+00 -1.9166e+00 +1.9823e+00 +2.7880e+00 +1.7721e+00 -2.2012e-01 -1.4660e+00 +3.9965e-01 -3.3443e+00 -1.2045e+00 +2.5529e+00 -7.0570e-01 +1.8869e+00 +2.1673e+00 +1.2965e+00 +7.3641e-01 +1.9277e+00 +1.6455e+00 -1.0224e+00 -1.0674e+00
1489 +1.184021065e+02 +1.184021065e+02 -2.127578935e+02 -2.127578935e+02 +2.7303e+00 +7.0168e-02 +1.2755e+00 +2.6709e+00 +9.1853e-01 -4.4803e-02 -2.2738e+00 +7.6919e-01 -3.3578e+00 +1.5722e-01 +2.5642e+00 -5.8949e-01 +2.5722e+00 +1.9775e+00 +7.0054e-01 +7.3947e-01 +1.5505e+00 +5.6894e-01 -1.0742e+00 -9.3621e-01
1779 +5.889521365e+01 +5.889521365e+01 -2.722647863e+02 -2.722647863e+02 +1.2465e+00 -1.6738e-02 +1.4769e+00 -9.5146e-01 +4.8255e-01 +2.2748e-01 -2.6498e+00 +1.0418e+00 -3.3471e+00 -5.7422e-01 +2.6257e+00 -6.4926e-01 +2.1875e+00 +2.0073e+00 +8.0488e-01 +8.6325e-01 +1.5852e+00 +1.1961e+00 -1.2387e+00 -1.1366e+00
2582 +3.235459614e+01 +3.235459614e+01 -2.988054039e+02 -2.988054039e+02 +1.1211e+00 -4.6447e-02 +1.2451e+00 +1.7659e+00 +2.9868e-01 +2.1446e-01 -2.5916e+00 +8.4151e-01 -3.2090e+00 -5.8585e-01 +2.1747e+00 -5.1954e-01 +1.8951e+00 +1.5158e+00 +2.0852e-01 +8.9491e-01 +1.3892e+00 +9.1946e-01 -1.2334e+00 -1.0255e+00
2616 +2.128148346e+01 +2.128148346e+01 -3.098785165e+02 -3.098785165e+02 -7.0971e-01 -4.7033e-01 +5.8812e-01 -8.8879e-01 +1.6259e+00 -1.4663e-01 -2.5613e+00 +9.8750e-01 -3.2498e+00 -6.8882e-01 +1.8874e+00 -3.8676e-01 +1.1927e+00 +1.5837e+00 +6.4855e-01 +6.0637e-01 +2.0209e+00 +1.9702e+00 -1.0907e+00 -1.1774e+00
2868 +1.528927490e+01 +1.528927490e+01 -3.158707251e+02 -3.158707251e+02 +2.6762e-01 -2.0309e+00 +1.1307e+00 -1.2058e-01 +7.6061e-01 -7.9401e-01 -2.7392e+00 +1.0718e+00 -3.2408e+00 -5.0139e-01 +2.1251e+00 -1.3863e+00 +1.8860e+00 +2.2290e+00 +1.5048e+00 +8.8835e-01 +2.2609e+00 +1.3489e+00 -7.6324e-01 -1.2833e+00
3259 +6.439178249e+00 +6.439178249e+00 -3.247208218e+02 -3.247208218e+02 -2.7502e-01 -1.2201e+00 +9.0678e-01 +7.8415e-01 +1.2788e+00 +1.9933e-02 -2.8781e+00 +1.1504e+00 -3.1760e+00 -6.5497e-01 +2.5944e+00 -7.0629e-01 +2.2289e+00 +1.6513e+00 +2.0141e+00 +7.1384e-01 +1.8723e+00 +1.8304e+00 -9.4566e-01 -1.2439e+00
3305 +5.893066544e+00 +5.893066544e+00 -3.252669335e+02 -3.252669335e+02 +3.9975e-02 -8.2229e-01 +8.4328e-01 +6.5168e-01 +1.1169e+00 -3.1435e-01 -2.7516e+00 +1.1247e+00 -3.1405e+00 -5.8080e-01 +2.5197e+00 -8.7030e-01 +2.2682e+00 +1.5143e+00 +1.8963e+00 +7.2218e-01 +1.3606e+00 +1.6973e+00 -9.9488e-01 -1.2719e+00
3425 +3.593863025e+00 +3.593863025e+00 -3.275661370e+02 -3.275661370e+02 +1.6240e-01 -1.6107e+00 +6.8454e-01 +1.1750e+00 +1.2875e+00 -1.9854e-02 -2.6128e+00 +1.0423e+00 -3.1181e+00 -3.0647e-01 +2.7318e+00 -7.7591e-01 +1.9051e+00 +1.6058e+00 +1.6316e+00 +7.3293e-01 +1.3832e+00 +1.8776e+00 -1.3902e+00 -1.3821e+00
5142 +2.449257088e+00 +2.449257088e+00 -3.287107429e+02 -3.287107429e+02 +3.5448e-01 -2.6110e+00 +1.1266e+00 +2.0908e+00 +1.9967e+00 -1.2991e-02 -2.6720e+00 +8.5720e-01 -2.7221e+00 -2.7273e-01 +2.6060e+00 -6.0902e-01 +2.4992e+00 +1.1524e+00 +2.3139e+00 +6.0106e-01 +1.1518e+00 +1.9219e+00 -1.7101e+00 -1.5320e+00
8636 +1.554279874e+00 +1.554279874e+00 -3.296057201e+02 -3.296057201e+02 +2.4439e-01 -2.6298e+00 +1.3495e+00 +2.0648e+00 +2.0963e+00 +5.2665e-01 -2.7115e+00 +4.1244e-01 -2.7182e+00 -3.3252e-01 +2.5819e+00 -5.9618e-01 +2.4314e+00 +1.0938e+00 +2.3672e+00 +6.0238e-01 +1.1418e+00 +1.9823e+00 -1.7884e+00 -1.0355e+00
% function evaluation | noise-free fitness - Fopt (4.481000000000e+01) | best noise-free fitness - Fopt | measured fitness | best measured fitness | x1 | x2...
1 +1.127777183e+05 +1.127777183e+05 +1.128225283e+05 +1.128225283e+05 +2.9635e+00 -1.6706e+00 +4.6680e+00 -4.7476e+00 -2.4311e+00 +2.5351e-01 +4.5430e-02 +8.9548e-01 +4.3122e+00 +1.2948e-02 -2.7862e-01 -8.4965e-01 -2.2341e+00 -2.5527e+00 +4.1893e+00 +4.3104e-01 -3.3363e+00 +3.4561e+00 +4.8084e+00 +3.3384e+00
4 +8.833820579e+04 +8.833820579e+04 +8.838301579e+04 +8.838301579e+04 +7.0618e-01 +1.4147e+00 -7.2505e-01 +4.6490e-01 +1.9398e+00 +4.4709e+00 -9.1745e-01 +2.1997e+00 +3.1924e+00 +3.9820e+00 +4.2586e-02 -4.1093e+00 -1.6707e+00 -2.1848e-01 +4.3290e+00 -2.8426e+00 -2.8544e+00 -4.5031e-01 +4.4768e+00 +1.0388e+00
47 +7.817235883e+03 +7.817235883e+03 +7.862045883e+03 +7.862045883e+03 +4.4543e+00 +2.4811e+00 +1.7832e+00 -2.0540e+00 -2.7242e-01 +6.6876e-01 +1.4134e+00 -7.4065e-01 -1.2712e-01 +9.7395e-01 +4.4725e-01 -4.0015e+00 -1.7112e+00 -2.5139e-01 -2.4590e+00 +4.7588e-01 -2.4545e-01 +1.2023e+00 +1.2371e+00 +1.9072e+00
241 +5.036033158e+03 +5.036033158e+03 +5.080843158e+03 +5.080843158e+03 +2.2481e+00 +3.1350e+00 +1.4470e+00 -1.1452e+00 -2.1875e+00 +1.1606e+00 +2.4946e+00 -8.0180e-01 +1.8532e-01 -3.0136e-01 +5.7043e-01 -2.1279e+00 +6.7424e-01 -7.1494e-01 -2.2774e+00 -2.4670e+00 +9.1926e-02 +1.4643e+00 +5.2214e-01 +2.6512e-01
496 +3.276695836e+03 +3.276695836e+03 +3.321505836e+03 +3.321505836e+03 +2.8152e+00 +2.0897e+00 +1.3128e+00 +8.5438e-01 -2.0028e+00 +2.3696e+00 +2.7284e+00 -1.1998e+00 -3.2813e-01 -4.1726e-01 +3.4035e-01 -2.5989e+00 -7.6808e-01 -8.1987e-01 -3.3997e-01 -2.9501e+00 +4.5583e-02 +2.1672e+00 -2.7890e-01 +1.4719e+00
513 +2.115784257e+03 +2.115784257e+03 +2.160594257e+03 +2.160594257e+03 +2.3784e+00 +3.2858e+00 +2.1928e+00 -1.3894e+00 -8.4294e-02 +1.7631e+00 +2.2917e+00 -1.3041e+00 +4.2307e-02 -1.6242e+00 +8.1766e-01 -1.7144e+00 -6.9458e-01 -1.4690e+00 -2.1541e+00 -1.9816e+00 +2.6769e-02 +2.2874e+00 +4.5341e-01 +4.2543e-01
521 +6.058272825e+01 +6.058272825e+01 +1.053927283e+02 +1.053927283e+02 +2.3002e+00 +1.9367e+00 +2.1846e+00 -5.4070e-01 +3.1373e-02 +1.3102e+00 +2.6363e+00 -9.5700e-01 +8.2838e-01 -2.1991e+00 +1.6058e+00 -2.6193e+00 +4.9201e-02 -1.2153e+00 -8.3457e-01 -1.1639e+00 -9.7355e-01 +1.8879e+00 +1.4123e+00 +1.2529e+00
568 +6.462442173e+00 +6.462442173e+00 +5.127244217e+01 +5.127244217e+01 +2.1243e+00 +2.6945e+00 +1.8744e+00 -1.1994e+00 +1.2441e-01 +1.2778e+00 +2.5792e+00 -9.9886e-01 -3.6912e-02 -1.5294e+00 +1.6826e+00 -1.9229e+00 -2.3985e-01 -1.2345e+00 -3.1813e-01 -1.1562e+00 -8.8366e-01 +2.0666e+00 +9.0203e-01 +1.7140e+00
900 +3.865062656e+00 +3.865062656e+00 +4.867506266e+01 +4.867506266e+01 +2.1531e+00 +2.8480e+00 +2.1116e+00 -1.2421e+00 +2.3289e-01 +2.5548e-03 +2.5528e+00 -9.2624e-01 -4.1273e-01 -1.0668e+00 +1.3756e+00 -2.4966e+00 -9.3183e-01 -1.2706e+00 -6.7042e-01 -1.0574e+00 -9.4419e-01 +2.2616e+00 +9.1707e-01 +1.8185e+00
3663 +2.493629309e+00 +2.493629309e+00 +4.730362931e+01 +4.730362931e+01 +2.4922e+00 +2.1821e+00 +1.9532e+00 -9.0518e-01 +5.1500e-02 +8.9671e-01 +2.5405e+00 -1.1844e+00 +6.8092e-01 -4.2192e-01 +1.0560e+00 -1.7260e+00 -4.2500e-01 -1.3519e+00 -6.7423e-01 -1.5139e+00 -8.7237e-01 +1.4204e+00 +1.9149e+00 +1.8189e+00
% function evaluation | noise-free fitness - Fopt (-1.764600000000e+02) | best noise-free fitness - Fopt | measured fitness | best measured fitness | x1 | x2...
1 +2.753749587e+05 +2.753749587e+05 +2.751984987e+05 +2.751984987e+05 +1.2243e+00 +1.4407e+00 -3.9366e+00 -4.4519e+00 +4.6786e+00 -1.5210e+00 -4.8664e+00 -4.0754e+00 +4.8895e+00 -3.0928e+00 +1.8762e+00 +1.8548e+00 -3.6974e+00 +1.7809e+00 +4.9973e+00 -4.7046e+00 -4.6338e+00 +3.2348e+00 +1.8279e+00 -4.6045e+00
2 +4.712742618e+04 +4.712742618e+04 +4.695096618e+04 +4.695096618e+04 +4.8667e+00 -2.0664e+00 -4.5346e-01 +1.6547e+00 -2.3944e+00 -1.2753e+00 -3.3226e-01 -1.3049e+00 +2.6530e-01 -7.9293e-01 -2.6484e+00 -3.4653e+00 -2.2017e+00 +1.2341e+00 +4.2434e+00 +2.6120e+00 -4.3173e+00 +7.2289e-01 +1.1774e+00 -2.8688e-01
51 +2.861526516e+04 +2.861526516e+04 +2.843880516e+04 +2.843880516e+04 +4.1972e+00 -2.0151e+00 -4.2524e-01 +5.0000e+00 -4.5325e-01 +2.2385e+00 -2.2704e+00 -3.7466e+00 +3.0759e+00 -3.6942e-02 -2.0002e+00 -3.0075e+00 -1.2749e+00 -2.2261e+00 +8.8927e-01 +1.0452e-01 -5.0000e+00 -3.0703e-01 +3.1441e+00 -5.7280e-01
147 +2.210884212e+04 +2.210884212e+04 +2.193238212e+04 +2.193238212e+04 +5.0000e+00 -1.6055e+00 +1.8563e+00 +4.8931e+00 -2.0769e+00 +4.4482e+00 -3.1137e+00 -3.9571e+00 +1.5981e+00 -2.3297e-01 -8.4886e-01 -2.8026e+00 -2.6235e+00 -1.9638e+00 +6.8483e-02 +2.1751e+00 +0.0000e+00 +1.0561e+00 +0.0000e+00 +1.6148e+00
306 +1.490828628e+04 +1.490828628e+04 +1.473182628e+04 +1.473182628e+04 +4.3175e+00 -2.0857e+00 +2.4962e+00 +4.6852e+00 -2.9103e+00 +3.3736e-01 -2.4258e+00 -2.9614e+00 +2.5682e+00 +6.2449e-01 -4.9704e-01 -1.6523e+00 -1.3243e+00 -9.2543e-02 +1.8729e+00 +2.6659e+00 -2.2735e+00 +1.7241e+00 -5.5480e-01 +1.2734e+00
484 +9.678193871e+03 +9.678193871e+03 +9.501733871e+03 +9.501733871e+03 +4.9078e+00 +1.2578e+00 +2.6480e+00 +4.8356e+00 -2.7757e+00 +4.1934e-01 -7.6890e-01 -2.5985e+00 +3.7301e-01 +5.9886e-01 -1.7043e+00 -3.8928e+00 +5.5144e-01 -2.4547e+00 +2.9408e+00 -3.7315e-01 -2.4829e+00 +9.0396e-01 +3.5986e-01 +1.2264e+00
614 +6.072145605e+03 +6.072145605e+03 +5.895685605e+03 +5.895685605e+03 +4.9098e+00 +1.2997e+00 +2.0806e+00 +3.4698e+00 -4.2355e+00 +8.1257e-01 -2.1311e+00 -2.1456e+00 -1.4647e-01 +5.9499e-01 -8.3447e-01 -1.7390e+00 +1.2143e+00 -1.4916e+00 +2.4471e+00 +8.1153e-01 -1.4058e+00 +1.0264e+00 +1.5248e+00 +2.0748e+00
817 +3.025440351e+03 +3.025440351e+03 +2.848980351e+03 +2.848980351e+03 +4.8529e+00 +2.9309e+00 +1.3220e+00 +2.5007e+00 +1.5715e+00 +7.8448e-01 -1.7562e+00 -2.4592e+00 +4.3579e-01 -7.6115e-02 -6.8675e-01 -7.4894e-01 +6.1165e-01 -2.9240e+00 +1.2051e+00 +1.6681e+00 -6.4811e-01 +3.8681e-01 +1.0400e+00 +2.6242e+00
903 +9.938177107e+02 +9.938177107e+02 +8.173577107e+02 +8.173577107e+02 +1.2112e+00 +4.6533e+00 +7.0976e-01 +2.1538e+00 +2.0665e+00 -4.2500e-01 -2.5545e+00 -2.6750e+00 -2.7968e-01 +1.7144e+00 -7.6343e-01 -1.4623e+00 +8.7694e-01 -2.1099e+00 +1.5633e+00 +1.3225e+00 -5.5159e-01 +1.0107e+00 +1.9823e+00 +2.2828e+00
946 +3.273056234e+01 +3.273056234e+01 -1.437294377e+02 -1.437294377e+02 +4.8450e-01 +2.7815e+00 +2.5976e-01 +2.8587e+00 -2.4556e-01 -8.2596e-01 -1.9027e+00 -2.2627e+00 -5.5354e-01 +6.0801e-01 -6.3412e-01 -9.9298e-01 +5.4731e-01 -5.6047e-01 +4.2580e-01 +1.8793e+00 -2.2663e+00 +9.0618e-01 +1.5746e+00 +2.1042e+00
1142 +1.276595484e+01 +1.276595484e+01 -1.636940452e+02 -1.636940452e+02 -6.2082e-01 +2.2625e+00 +3.3669e-01 +2.5691e+00 +4.6831e-01 -9.7502e-01 +0.0000e+00 -2.0961e+00 -4.2203e-01 +9.0790e-01 -2.8662e-01 -9.9450e-01 +7.1366e-01 -1.0609e+00 +6.4897e-01 +1.9522e+00 -2.3169e+00 +8.9977e-01 +1.5422e+00 +2.3837e+00
1321 +6.896548430e+00 +6.896548430e+00 -1.695634516e+02 -1.695634516e+02 -9.6101e-01 +2.8390e+00 +4.4385e-02 +2.9025e+00 +1.7370e+00 -2.8648e-01 -9.2713e-02 -2.5948e+00 -7.0188e-01 +1.3743e+00 -1.4414e+00 -9.3518e-01 +1.2120e+00 -1.1076e+00 +7.1651e-01 +1.9709e+00 -1.9660e+00 +6.8377e-01 +1.6199e+00 +2.0826e+00
1481 +4.816051889e+00 +4.816051889e+00 -1.716439481e+02 -1.716439481e+02 -1.2716e+00 +2.6047e+00 +3.4490e-02 +2.9698e+00 +1.5653e+00 -1.4381e-01 -1.1558e+00 -1.5004e+00 -2.9498e-01 +1.6136e+00 -1.6167e+00 -1.0749e+00 +2.1664e+00 -1.3385e+00 +6.6045e-01 +1.9954e+00 -1.8100e+00 +6.9122e-01 +1.4277e+00 +1.8032e+00
1521 +3.826423266e+00 +3.826423266e+00 -1.726335767e+02 -1.726335767e+02 -1.2927e+00 +2.6183e+00 +5.2370e-02 +2.8921e+00 +1.5297e+00 -5.6300e-01 -1.8748e+00 -1.4590e+00 -1.2487e-01 +1.6863e+00 -1.7484e+00 -1.1681e+00 +2.5204e+00 -1.4075e+00 +7.9376e-01 +2.0105e+00 -2.1932e+00 +6.8543e-01 +1.5496e+00 +1.9388e+00
3679 +2.475914377e+00 +2.475914377e+00 -1.739840856e+02 -1.739840856e+02 -1.0019e+00 +2.4203e+00 +6.0173e-01 +2.5672e+00 +5.7143e-01 -1.4666e-01 -1.5421e-01 -2.4692e+00 -3.0140e-01 +2.6734e+00 -1.3769e-01 -2.0995e+00 +1.1370e+00 -1.3068e+00 +7.1782e-01 +9.1167e-01 -1.7803e+00 +8.4201e-01 +1.2242e+00 +1.1777e+00
9846 +1.584161254e+00 +1.584161254e+00 -1.748758387e+02 -1.748758387e+02 -9.9577e-01 +2.3926e+00 +5.2317e-01 +2.7563e+00 +5.7311e-01 -1.5049e-01 -1.6574e-01 -2.5197e+00 -2.1728e-01 +2.6832e+00 +1.7086e-02 -7.7518e-01 +1.1259e+00 -1.3310e+00 +7.4006e-01 +9.7327e-01 -1.9784e+00 +8.4286e-01 +1.2161e+00 +1.1831e+00
