% function evaluation | noise-free fitness - Fopt (-4.620900000000e+02) | best noise-free fitness - Fopt | measured fitness | best measured fitness | x1 | x2...
1 +4.305500160e+02 +4.305500160e+02 -3.153998396e+01 -3.153998396e+01 -2.2344e+00 -4.5286e+00
2 +9.679618127e+01 +9.679618127e+01 -3.652938187e+02 -3.652938187e+02 +2.4953e+00 +4.2618e+00
3 +3.654569657e+01 +3.654569657e+01 -4.255443034e+02 -4.255443034e+02 -2.2846e+00 +4.9373e-01
44 +1.314473803e+01 +1.314473803e+01 -4.489452620e+02 -4.489452620e+02 -2.5504e+00 +1.6467e+00
109 +3.170173447e+00 +3.170173447e+00 -4.589198266e+02 -4.589198266e+02 -2.3635e+00 +2.7145e+00
222 +2.219095559e+00 +2.219095559e+00 -4.598709044e+02 -4.598709044e+02 -3.3605e+00 +2.6563e+00
382 +1.349608533e+00 +1.349608533e+00 -4.607403915e+02 -4.607403915e+02 -2.3681e+00 +2.6426e+00
594 +9.972631376e-01 +9.972631376e-01 -4.610927369e+02 -4.610927369e+02 -2.3405e+00 +2.6630e+00
1842 +5.944300069e-01 +5.944300069e-01 -4.614955700e+02 -4.614955700e+02 -2.2974e+00 +2.2893e+00
1910 +1.751006778e-01 +1.751006778e-01 -4.619148993e+02 -4.619148993e+02 -2.3695e+00 +2.3019e+00
1978 +4.425229441e-02 +4.425229441e-02 -4.620457477e+02 -4.620457477e+02 -2.3356e+00 +2.2960e+00
2055 +1.294606911e-02 +1.294606911e-02 -4.620770539e+02 -4.620770539e+02 -2.3378e+00 +2.3025e+00
2071 +9.527364367e-03 +9.527364367e-03 -4.620804726e+02 -4.620804726e+02 -2.3339e+00 +2.2996e+00
2129 +4.728623183e-03 +4.728623183e-03 -4.620852714e+02 -4.620852714e+02 -2.3414e+00 +2.2985e+00
2138 +4.425576890e-06 +4.425576890e-06 -4.620899956e+02 -4.620899956e+02 -2.3407e+00 +2.3000e+00
2274 +3.109467002e-06 +3.109467002e-06 -4.620899969e+02 -4.620899969e+02 -2.3408e+00 +2.3000e+00
2303 +1.239383209e-07 +1.239383209e-07 -4.620899999e+02 -4.620899999e+02 -2.3408e+00 +2.3000e+00
2345 +4.096472139e-08 +4.096472139e-08 -4.620900000e+02 -4.620900000e+02 -2.3408e+00 +2.3000e+00
2389 +8.774975413e-09 +8.774975413e-09 -4.620900000e+02 -4.620900000e+02 -2.3408e+00 +2.3000e+00
% function evaluation | noise-free fitness - Fopt (7.766000000000e+01) | best noise-free fitness - Fopt | measured fitness | best measured fitness | x1 | x2...
1 +1.928572794e+02 +1.928572794e+02 +2.705172794e+02 +2.705172794e+02 -3.7586e-01 +1.9667e+00
2 +1.202553928e+02 +1.202553928e+02 +1.979153928e+02 +1.979153928e+02 -1.7281e+00 +1.4092e+00
3 +7.758124718e+01 +7.758124718e+01 +1.552412472e+02 +1.552412472e+02 +3.5013e+00 -3.3888e+00
5 +2.820789685e+01 +2.820789685e+01 +1.058678968e+02 +1.058678968e+02 +1.1339e+00 +1.2631e-01
11 +1.975777228e+01 +1.975777228e+01 +9.741777228e+01 +9.741777228e+01 +2.6505e+00 +1.2631e-01
16 +1.149809985e+01 +1.149809985e+01 +8.915809985e+01 +8.915809985e+01 +2.5444e+00 -1.5930e+00
52 +3.903588732e+00 +3.903588732e+00 +8.156358873e+01 +8.156358873e+01 +2.3076e+00 -5.3893e-01
106 +2.489041599e+00 +2.489041599e+00 +8.014904160e+01 +8.014904160e+01 +1.3898e+00 -8.2312e-01
182 +1.293335537e+00 +1.293335537e+00 +7.895333554e+01 +7.895333554e+01 +1.3786e+00 -8.6253e-01
425 +9.994549257e-01 +9.994549257e-01 +7.865945493e+01 +7.865945493e+01 +1.3996e+00 -8.5494e-01
3363 +4.336510240e-01 +4.336510240e-01 +7.809365102e+01 +7.809365102e+01 +2.4209e+00 -8.6878e-01
3371 +2.818633491e-01 +2.818633491e-01 +7.794186335e+01 +7.794186335e+01 +2.4117e+00 -8.6741e-01
3372 +1.203994631e-01 +1.203994631e-01 +7.778039946e+01 +7.778039946e+01 +2.4057e+00 -8.6408e-01
3404 +3.698077584e-02 +3.698077584e-02 +7.769698078e+01 +7.769698078e+01 +2.4115e+00 -8.5701e-01
3421 +1.791970958e-02 +1.791970958e-02 +7.767791971e+01 +7.767791971e+01 +2.4076e+00 -8.5647e-01
3473 +5.807841649e-03 +5.807841649e-03 +7.766580784e+01 +7.766580784e+01 +2.3947e+00 -8.5719e-01
3501 +5.514696259e-04 +5.514696259e-04 +7.766055147e+01 +7.766055147e+01 +2.3987e+00 -8.5647e-01
3533 +2.771605988e-04 +2.771605988e-04 +7.766027716e+01 +7.766027716e+01 +2.3974e+00 -8.5622e-01
3544 +1.825733139e-04 +1.825733139e-04 +7.766018257e+01 +7.766018257e+01 +2.3989e+00 -8.5572e-01
3561 +1.479303833e-04 +1.479303833e-04 +7.766014793e+01 +7.766014793e+01 +2.3989e+00 -8.5575e-01
3577 +2.811802007e-05 +2.811802007e-05 +7.766002812e+01 +7.766002812e+01 +2.3980e+00 -8.5601e-01
3632 +2.233652833e-05 +2.233652833e-05 +7.766002234e+01 +7.766002234e+01 +2.3985e+00 -8.5590e-01
3654 +1.121431804e-05 +1.121431804e-05 +7.766001121e+01 +7.766001121e+01 +2.3983e+00 -8.5607e-01
3661 +2.336818056e-06 +2.336818056e-06 +7.766000234e+01 +7.766000234e+01 +2.3983e+00 -8.5598e-01
3681 +1.252253796e-06 +1.252253796e-06 +7.766000125e+01 +7.766000125e+01 +2.3984e+00 -8.5597e-01
3693 +8.253648787e-07 +8.253648787e-07 +7.766000083e+01 +7.766000083e+01 +2.3985e+00 -8.5601e-01
3703 +3.709137104e-07 +3.709137104e-07 +7.766000037e+01 +7.766000037e+01 +2.3984e+00 -8.5601e-01
3773 +1.171376312e-07 +1.171376312e-07 +7.766000012e+01 +7.766000012e+01 +2.3984e+00 -8.5601e-01
3775 +4.139474186e-08 +4.139474186e-08 +7.766000004e+01 +7.766000004e+01 +2.3984e+00 -8.5600e-01
3784 +1.874056466e-08 +1.874056466e-08 +7.766000002e+01 +7.766000002e+01 +2.3984e+00 -8.5600e-01
3810 +2.016662393e-09 +2.016662393e-09 +7.766000000e+01 +7.766000000e+01 +2.3984e+00 -8.5600e-01
% function evaluation | noise-free fitness - Fopt (1.156800000000e+02) | best noise-free fitness - Fopt | measured fitness | best measured fitness | x1 | x2...
1 +1.489787337e+01 +1.489787337e+01 +1.305778734e+02 +1.305778734e+02 -1.4496e+00 -5.8574e-01
42 +9.719928588e+00 +9.719928588e+00 +1.253999286e+02 +1.253999286e+02 -1.2580e+00 -3.8940e-01
99 +4.538900614e+00 +4.538900614e+00 +1.202189006e+02 +1.202189006e+02 -3.2664e+00 -9.7006e-01
257 +2.257207694e+00 +2.257207694e+00 +1.179372077e+02 +1.179372077e+02 -1.1927e+00 -1.3012e+00
505 +1.052191983e+00 +1.052191983e+00 +1.167321920e+02 +1.167321920e+02 -1.1774e+00 -9.7775e-01
659 +1.628519445e-01 +1.628519445e-01 +1.158428519e+02 +1.158428519e+02 -2.1851e+00 -9.7362e-01
683 +1.091558541e-01 +1.091558541e-01 +1.157891559e+02 +1.157891559e+02 -2.1813e+00 -9.7533e-01
705 +6.559510472e-02 +6.559510472e-02 +1.157455951e+02 +1.157455951e+02 -2.1784e+00 -9.7667e-01
737 +4.750256431e-02 +4.750256431e-02 +1.157275026e+02 +1.157275026e+02 -2.1757e+00 -9.7793e-01
781 +1.616479949e-02 +1.616479949e-02 +1.156961648e+02 +1.156961648e+02 -2.1740e+00 -9.8055e-01
783 +1.363405223e-02 +1.363405223e-02 +1.156936341e+02 +1.156936341e+02 -2.1801e+00 -9.8020e-01
792 +4.832201736e-04 +4.832201736e-04 +1.156804832e+02 +1.156804832e+02 -2.1768e+00 -9.8310e-01
865 +2.981011371e-04 +2.981011371e-04 +1.156802981e+02 +1.156802981e+02 -2.1773e+00 -9.8310e-01
871 +2.121632947e-04 +2.121632947e-04 +1.156802122e+02 +1.156802122e+02 -2.1775e+00 -9.8337e-01
908 +3.130747558e-05 +3.130747558e-05 +1.156800313e+02 +1.156800313e+02 -2.1787e+00 -9.8329e-01
937 +1.781824218e-05 +1.781824218e-05 +1.156800178e+02 +1.156800178e+02 -2.1781e+00 -9.8314e-01
951 +7.944579835e-06 +7.944579835e-06 +1.156800079e+02 +1.156800079e+02 -2.1783e+00 -9.8315e-01
955 +3.627050305e-06 +3.627050305e-06 +1.156800036e+02 +1.156800036e+02 -2.1783e+00 -9.8318e-01
1035 +1.113399463e-06 +1.113399463e-06 +1.156800011e+02 +1.156800011e+02 -2.1784e+00 -9.8323e-01
1053 +7.914001543e-07 +7.914001543e-07 +1.156800008e+02 +1.156800008e+02 -2.1785e+00 -9.8321e-01
1054 +3.853554063e-07 +3.853554063e-07 +1.156800004e+02 +1.156800004e+02 -2.1784e+00 -9.8321e-01
1067 +1.516768577e-08 +1.516768577e-08 +1.156800000e+02 +1.156800000e+02 -2.1784e+00 -9.8320e-01
1084 +7.577753536e-09 +7.577753536e-09 +1.156800000e+02 +1.156800000e+02 -2.1784e+00 -9.8320e-01
% function evaluation | noise-free fitness - Fopt (-3.710000000000e+00) | best noise-free fitness - Fopt | measured fitness | best measured fitness | x1 | x2...
1 +1.575639562e+02 +1.575639562e+02 +1.538539562e+02 +1.538539562e+02 -4.3161e+00 +8.3588e-04
2 +5.856092932e+01 +5.856092932e+01 +5.485092932e+01 +5.485092932e+01 +8.5155e-01 -4.2093e+00
11 +2.214356512e+01 +2.214356512e+01 +1.843356512e+01 +1.843356512e+01 -1.0023e+00 -2.2575e+00
61 +1.000804681e+01 +1.000804681e+01 +6.298046813e+00 +6.298046813e+00 +2.1350e+00 -1.3216e+00
74 +7.833709457e+00 +7.833709457e+00 +4.123709457e+00 +4.123709457e+00 +2.9162e+00 -2.2778e+00
92 +6.157823780e+00 +6.157823780e+00 +2.447823780e+00 +2.447823780e+00 +5.1567e+00 -1.9616e+00
292 +3.069372336e+00 +3.069372336e+00 -6.406276640e-01 -6.406276640e-01 +2.0913e+00 -1.9652e+00
335 +2.172122124e+00 +2.172122124e+00 -1.537877876e+00 -1.537877876e+00 +4.1021e+00 -1.9408e+00
374 +1.069398239e+00 +1.069398239e+00 -2.640601761e+00 -2.640601761e+00 +3.1491e+00 -2.2723e+00
389 +9.946436921e-01 +9.946436921e-01 -2.715356308e+00 -2.715356308e+00 +3.1281e+00 -2.2715e+00
414 +6.260121400e-01 +6.260121400e-01 -3.083987860e+00 -3.083987860e+00 +3.0793e+00 -2.3067e+00
454 +3.869663041e-01 +3.869663041e-01 -3.323033696e+00 -3.323033696e+00 +3.1091e+00 -2.2800e+00
495 +1.972537030e-01 +1.972537030e-01 -3.512746297e+00 -3.512746297e+00 +3.1266e+00 -2.3055e+00
506 +1.323743343e-01 +1.323743343e-01 -3.577625666e+00 -3.577625666e+00 +3.0982e+00 -2.2907e+00
520 +6.091258766e-02 +6.091258766e-02 -3.649087412e+00 -3.649087412e+00 +3.1122e+00 -2.2894e+00
529 +2.784557799e-02 +2.784557799e-02 -3.682154422e+00 -3.682154422e+00 +3.1313e+00 -2.2941e+00
560 +1.266708915e-02 +1.266708915e-02 -3.697332911e+00 -3.697332911e+00 +3.1278e+00 -2.2950e+00
571 +3.223499033e-04 +3.223499033e-04 -3.709677650e+00 -3.709677650e+00 +3.1213e+00 -2.2952e+00
671 +3.804102516e-06 +3.804102516e-06 -3.709996196e+00 -3.709996196e+00 +3.1201e+00 -2.2952e+00
711 +7.965264333e-07 +7.965264333e-07 -3.709999203e+00 -3.709999203e+00 +3.1201e+00 -2.2952e+00
789 +4.771624265e-07 +4.771624265e-07 -3.709999523e+00 -3.709999523e+00 +3.1200e+00 -2.2952e+00
791 +3.973307074e-07 +3.973307074e-07 -3.709999603e+00 -3.709999603e+00 +3.1200e+00 -2.2952e+00
805 +7.157571957e-08 +7.157571957e-08 -3.709999928e+00 -3.709999928e+00 +3.1200e+00 -2.2952e+00
847 +8.208095981e-09 +8.208095981e-09 -3.709999992e+00 -3.709999992e+00 +3.1200e+00 -2.2952e+00
% function evaluation | noise-free fitness - Fopt (1.321800000000e+02) | best noise-free fitness - Fopt | measured fitness | best measured fitness | x1 | x2...
1 +3.902722090e+02 +3.902722090e+02 +5.224522090e+02 +5.224522090e+02 +4.1314e+00 -4.5297e+00
3 +9.306458273e+01 +9.306458273e+01 +2.252445827e+02 +2.252445827e+02 -4.3562e+00 -9.2996e-01
5 +3.345151588e+01 +3.345151588e+01 +1.656315159e+02 +1.656315159e+02 -4.0884e+00 +2.7450e-01
6 +2.247219497e+01 +2.247219497e+01 +1.546521950e+02 +1.546521950e+02 -1.6656e+00 +9.0077e-01
93 +9.250199739e+00 +9.250199739e+00 +1.414301997e+02 +1.414301997e+02 -2.8989e+00 +1.8450e+00
205 +6.033030794e+00 +6.033030794e+00 +1.382130308e+02 +1.382130308e+02 -2.6925e+00 +1.8702e+00
238 +3.874419722e+00 +3.874419722e+00 +1.360544197e+02 +1.360544197e+02 -2.8301e+00 +1.4667e+00
345 +1.999642555e-01 +1.999642555e-01 +1.323799643e+02 +1.323799643e+02 -3.7675e+00 +1.4934e+00
371 +7.624640721e-03 +7.624640721e-03 +1.321876246e+02 +1.321876246e+02 -3.7675e+00 +1.4841e+00
513 +7.849482077e-04 +7.849482077e-04 +1.321807849e+02 +1.321807849e+02 -3.7629e+00 +1.4819e+00
622 +8.764550512e-05 +8.764550512e-05 +1.321800876e+02 +1.321800876e+02 -3.7644e+00 +1.4822e+00
662 +5.089665896e-05 +5.089665896e-05 +1.321800509e+02 +1.321800509e+02 -3.7644e+00 +1.4825e+00
668 +2.592245980e-05 +2.592245980e-05 +1.321800259e+02 +1.321800259e+02 -3.7643e+00 +1.4823e+00
675 +1.911369145e-05 +1.911369145e-05 +1.321800191e+02 +1.321800191e+02 -3.7637e+00 +1.4824e+00
681 +1.269044984e-05 +1.269044984e-05 +1.321800127e+02 +1.321800127e+02 -3.7643e+00 +1.4824e+00
687 +3.073370749e-07 +3.073370749e-07 +1.321800003e+02 +1.321800003e+02 -3.7640e+00 +1.4824e+00
736 +5.057762564e-08 +5.057762564e-08 +1.321800001e+02 +1.321800001e+02 -3.7640e+00 +1.4824e+00
822 +3.219264499e-08 +3.219264499e-08 +1.321800000e+02 +1.321800000e+02 -3.7640e+00 +1.4824e+00
834 +7.071349728e-09 +7.071349728e-09 +1.321800000e+02 +1.321800000e+02 -3.7640e+00 +1.4824e+00
% function evaluation | noise-free fitness - Fopt (-5.847300000000e+02) | best noise-free fitness - Fopt | measured fitness | best measured fitness | x1 | x2...
1 +2.105916047e+03 +2.105916047e+03 +1.521186047e+03 +1.521186047e+03 -4.4439e+00 +2.9255e+00
2 +6.931098950e+01 +6.931098950e+01 -5.154190105e+02 -5.154190105e+02 +3.0993e+00 -1.5723e+00
10 +4.002593563e+01 +4.002593563e+01 -5.447040644e+02 -5.447040644e+02 -9.3099e-01 -3.8194e+00
11 +2.880801615e+01 +2.880801615e+01 -5.559219839e+02 -5.559219839e+02 -9.3099e-01 -2.2838e+00
26 +1.048867775e+01 +1.048867775e+01 -5.742413223e+02 -5.742413223e+02 -2.5933e+00 -4.0049e+00
31 +9.337763611e+00 +9.337763611e+00 -5.753922364e+02 -5.753922364e+02 -6.1720e-01 -2.7325e+00
147 +2.565736452e+00 +2.565736452e+00 -5.821642635e+02 -5.821642635e+02 -2.6522e+00 -3.3143e+00
302 +8.402847404e-01 +8.402847404e-01 -5.838897153e+02 -5.838897153e+02 -2.6764e+00 -3.0091e+00
529 +5.288507179e-01 +5.288507179e-01 -5.842011493e+02 -5.842011493e+02 -2.6204e+00 -3.0139e+00
560 +3.422633254e-01 +3.422633254e-01 -5.843877367e+02 -5.843877367e+02 -2.6104e+00 -3.0207e+00
612 +1.925482887e-01 +1.925482887e-01 -5.845374517e+02 -5.845374517e+02 -2.6722e+00 -3.0238e+00
640 +9.348833172e-02 +9.348833172e-02 -5.846365117e+02 -5.846365117e+02 -2.6294e+00 -3.0247e+00
655 +3.264282239e-02 +3.264282239e-02 -5.846973572e+02 -5.846973572e+02 -2.6355e+00 -3.0267e+00
685 +2.323152626e-02 +2.323152626e-02 -5.847067685e+02 -5.847067685e+02 -2.6377e+00 -3.0274e+00
693 +8.029108996e-03 +8.029108996e-03 -5.847219709e+02 -5.847219709e+02 -2.6450e+00 -3.0276e+00
723 +3.111925969e-05 +3.111925969e-05 -5.847299689e+02 -5.847299689e+02 -2.6459e+00 -3.0295e+00
798 +2.305861813e-06 +2.305861813e-06 -5.847299977e+02 -5.847299977e+02 -2.6455e+00 -3.0296e+00
821 +1.176338628e-06 +1.176338628e-06 -5.847299988e+02 -5.847299988e+02 -2.6455e+00 -3.0296e+00
922 +9.154643976e-07 +9.154643976e-07 -5.847299991e+02 -5.847299991e+02 -2.6455e+00 -3.0296e+00
967 +2.560476560e-07 +2.560476560e-07 -5.847299997e+02 -5.847299997e+02 -2.6456e+00 -3.0296e+00
968 +2.483607204e-07 +2.483607204e-07 -5.847299998e+02 -5.847299998e+02 -2.6456e+00 -3.0296e+00
1014 +1.302324790e-07 +1.302324790e-07 -5.847299999e+02 -5.847299999e+02 -2.6456e+00 -3.0296e+00
1030 +5.226229405e-08 +5.226229405e-08 -5.847299999e+02 -5.847299999e+02 -2.6456e+00 -3.0296e+00
1050 +2.868591764e-08 +2.868591764e-08 -5.847300000e+02 -5.847300000e+02 -2.6456e+00 -3.0296e+00
1065 +1.670241545e-08 +1.670241545e-08 -5.847300000e+02 -5.847300000e+02 -2.6456e+00 -3.0296e+00
1107 +2.359001883e-09 +2.359001883e-09 -5.847300000e+02 -5.847300000e+02 -2.6456e+00 -3.0296e+00
1108 +1.190301191e-10 +1.190301191e-10 -5.847300000e+02 -5.847300000e+02 -2.6456e+00 -3.0296e+00
% function evaluation | noise-free fitness - Fopt (-3.654000000000e+01) | best noise-free fitness - Fopt | measured fitness | best measured fitness | x1 | x2...
1 +4.226602935e+03 +4.226602935e+03 +4.190062935e+03 +4.190062935e+03 -1.5820e+00 +4.6201e+00
2 +3.116856329e+02 +3.116856329e+02 +2.751456329e+02 +2.751456329e+02 -8.3138e-01 +1.2089e+00
3 +8.395000919e+01 +8.395000919e+01 +4.741000919e+01 +4.741000919e+01 +3.1351e+00 -4.8229e+00
4 +3.018401334e+01 +3.018401334e+01 -6.355986659e+00 -6.355986659e+00 +2.1033e+00 -1.5770e+00
9 +2.051394599e+01 +2.051394599e+01 -1.602605401e+01 -1.602605401e+01 -3.3495e+00 -3.2045e+00
101 +1.307231900e+01 +1.307231900e+01 -2.346768100e+01 -2.346768100e+01 -4.7981e-01 -2.5348e+00
104 +7.131960589e+00 +7.131960589e+00 -2.940803941e+01 -2.940803941e+01 +8.9559e-01 -2.2383e+00
106 +5.892615956e+00 +5.892615956e+00 -3.064738404e+01 -3.064738404e+01 -1.0603e-01 -1.9293e+00
296 +7.059714863e-01 +7.059714863e-01 -3.583402851e+01 -3.583402851e+01 -1.4710e-01 -2.2370e+00
321 +5.875947002e-01 +5.875947002e-01 -3.595240530e+01 -3.595240530e+01 -2.1701e-01 -2.2498e+00
578 +6.526409281e-02 +6.526409281e-02 -3.647473591e+01 -3.647473591e+01 -2.1954e-01 -2.2334e+00
631 +5.543602266e-02 +5.543602266e-02 -3.648456398e+01 -3.648456398e+01 -2.1792e-01 -2.2331e+00
654 +3.581907073e-03 +3.581907073e-03 -3.653641809e+01 -3.653641809e+01 -2.0314e-01 -2.2322e+00
693 +1.522782105e-03 +1.522782105e-03 -3.653847722e+01 -3.653847722e+01 -2.0275e-01 -2.2344e+00
701 +6.113477923e-04 +6.113477923e-04 -3.653938865e+01 -3.653938865e+01 -2.0065e-01 -2.2340e+00
742 +1.664416137e-04 +1.664416137e-04 -3.653983356e+01 -3.653983356e+01 -2.0225e-01 -2.2334e+00
744 +3.455235051e-05 +3.455235051e-05 -3.653996545e+01 -3.653996545e+01 -2.0132e-01 -2.2337e+00
808 +1.696463679e-05 +1.696463679e-05 -3.653998304e+01 -3.653998304e+01 -2.0170e-01 -2.2337e+00
815 +5.362919488e-06 +5.362919488e-06 -3.653999464e+01 -3.653999464e+01 -2.0151e-01 -2.2336e+00
844 +1.908692084e-06 +1.908692084e-06 -3.653999809e+01 -3.653999809e+01 -2.0169e-01 -2.2336e+00
871 +1.198124394e-06 +1.198124394e-06 -3.653999880e+01 -3.653999880e+01 -2.0166e-01 -2.2336e+00
894 +6.298275608e-07 +6.298275608e-07 -3.653999937e+01 -3.653999937e+01 -2.0154e-01 -2.2336e+00
903 +2.596394637e-07 +2.596394637e-07 -3.653999974e+01 -3.653999974e+01 -2.0157e-01 -2.2336e+00
921 +2.261352563e-07 +2.261352563e-07 -3.653999977e+01 -3.653999977e+01 -2.0162e-01 -2.2336e+00
941 +1.084667502e-07 +1.084667502e-07 -3.653999989e+01 -3.653999989e+01 -2.0162e-01 -2.2336e+00
943 +8.075154057e-08 +8.075154057e-08 -3.653999992e+01 -3.653999992e+01 -2.0159e-01 -2.2336e+00
963 +5.266634417e-08 +5.266634417e-08 -3.653999995e+01 -3.653999995e+01 -2.0161e-01 -2.2336e+00
998 +2.563581347e-08 +2.563581347e-08 -3.653999997e+01 -3.653999997e+01 -2.0160e-01 -2.2336e+00
1001 +2.158455459e-08 +2.158455459e-08 -3.653999998e+01 -3.653999998e+01 -2.0159e-01 -2.2336e+00
1019 +1.027511587e-08 +1.027511587e-08 -3.653999999e+01 -3.653999999e+01 -2.0160e-01 -2.2336e+00
1035 +7.566995919e-09 +7.566995919e-09 -3.653999999e+01 -3.653999999e+01 -2.0160e-01 -2.2336e+00
% function evaluation | noise-free fitness - Fopt (1.000000000000e+03) | best noise-free fitness - Fopt | measured fitness | best measured fitness | x1 | x2...
1 +1.171837894e+03 +1.171837894e+03 +2.171837894e+03 +2.171837894e+03 -1.8424e-01 +4.3648e+00
2 +2.540516426e+02 +2.540516426e+02 +1.254051643e+03 +1.254051643e+03 +4.6863e+00 +2.2489e+00
3 +4.856601547e+01 +4.856601547e+01 +1.048566015e+03 +1.048566015e+03 +3.3056e+00 -1.6175e+00
24 +2.860093325e+01 +2.860093325e+01 +1.028600933e+03 +1.028600933e+03 +2.8305e-01 -2.0096e+00
34 +2.307958584e+01 +2.307958584e+01 +1.023079586e+03 +1.023079586e+03 -5.5235e-01 -1.6248e+00
42 +1.267748346e+01 +1.267748346e+01 +1.012677483e+03 +1.012677483e+03 +1.4109e+00 -1.1613e+00
217 +9.392700097e+00 +9.392700097e+00 +1.009392700e+03 +1.009392700e+03 +4.0052e-01 -7.6001e-01
279 +5.174436584e+00 +5.174436584e+00 +1.005174437e+03 +1.005174437e+03 +4.1561e-01 -1.1240e+00
625 +3.980056951e+00 +3.980056951e+00 +1.003980057e+03 +1.003980057e+03 +4.2753e-01 -8.2095e-01
1766 +2.291240355e+00 +2.291240355e+00 +1.002291240e+03 +1.002291240e+03 -1.4898e+00 -4.5346e-01
1986 +1.418916327e+00 +1.418916327e+00 +1.001418916e+03 +1.001418916e+03 -1.6356e+00 -8.4008e-01
1992 +8.166419762e-01 +8.166419762e-01 +1.000816642e+03 +1.000816642e+03 -1.5109e+00 -8.1323e-01
2023 +1.591517691e-01 +1.591517691e-01 +1.000159152e+03 +1.000159152e+03 -1.5867e+00 -8.1254e-01
2052 +4.019193744e-02 +4.019193744e-02 +1.000040192e+03 +1.000040192e+03 -1.5847e+00 -8.2342e-01
2091 +3.521936158e-02 +3.521936158e-02 +1.000035219e+03 +1.000035219e+03 -1.5848e+00 -8.2281e-01
2207 +1.866417171e-02 +1.866417171e-02 +1.000018664e+03 +1.000018664e+03 -1.5829e+00 -8.2121e-01
2217 +1.274319285e-02 +1.274319285e-02 +1.000012743e+03 +1.000012743e+03 -1.5810e+00 -8.2172e-01
2234 +9.620474685e-03 +9.620474685e-03 +1.000009620e+03 +1.000009620e+03 -1.5800e+00 -8.2128e-01
2251 +3.622457694e-03 +3.622457694e-03 +1.000003622e+03 +1.000003622e+03 -1.5764e+00 -8.2137e-01
2264 +3.022468115e-05 +3.022468115e-05 +1.000000030e+03 +1.000000030e+03 -1.5732e+00 -8.2082e-01
2358 +1.910083370e-05 +1.910083370e-05 +1.000000019e+03 +1.000000019e+03 -1.5731e+00 -8.2084e-01
2392 +1.914873451e-06 +1.914873451e-06 +1.000000002e+03 +1.000000002e+03 -1.5727e+00 -8.2081e-01
2411 +4.431531124e-07 +4.431531124e-07 +1.000000000e+03 +1.000000000e+03 -1.5728e+00 -8.2081e-01
2469 +3.694601673e-07 +3.694601673e-07 +1.000000000e+03 +1.000000000e+03 -1.5728e+00 -8.2079e-01
2503 +8.598294698e-08 +8.598294698e-08 +1.000000000e+03 +1.000000000e+03 -1.5728e+00 -8.2079e-01
2537 +6.189259238e-08 +6.189259238e-08 +1.000000000e+03 +1.000000000e+03 -1.5728e+00 -8.2079e-01
2548 +2.982119440e-09 +2.982119440e-09 +1.000000000e+03 +1.000000000e+03 -1.5728e+00 -8.2080e-01
% function evaluation | noise-free fitness - Fopt (4.661000000000e+01) | best noise-free fitness - Fopt | measured fitness | best measured fitness | x1 | x2...
1 +5.134643719e+02 +5.134643719e+02 +5.600743719e+02 +5.600743719e+02 +4.4583e+00 -3.3849e+00
2 +2.731503665e+01 +2.731503665e+01 +7.392503665e+01 +7.392503665e+01 +3.3412e+00 +3.6464e+00
19 +1.612850197e+01 +1.612850197e+01 +6.273850197e+01 +6.273850197e+01 -2.2597e+00 +3.8535e+00
23 +1.003291539e+01 +1.003291539e+01 +5.664291539e+01 +5.664291539e+01 -3.6837e-02 +3.6464e+00
33 +5.887650072e+00 +5.887650072e+00 +5.249765007e+01 +5.249765007e+01 +1.8036e+00 +3.2498e+00
97 +3.528605300e+00 +3.528605300e+00 +5.013860530e+01 +5.013860530e+01 -2.3312e-01 +3.9054e+00
187 +1.482884686e+00 +1.482884686e+00 +4.809288469e+01 +4.809288469e+01 +8.6249e-01 +3.5998e+00
294 +6.379560995e-01 +6.379560995e-01 +4.724795610e+01 +4.724795610e+01 +8.0698e-01 +3.9056e+00
425 +1.964563802e-01 +1.964563802e-01 +4.680645638e+01 +4.680645638e+01 +8.6934e-01 +3.9199e+00
454 +1.319639739e-01 +1.319639739e-01 +4.674196397e+01 +4.674196397e+01 +8.2050e-01 +3.9138e+00
473 +4.403411014e-02 +4.403411014e-02 +4.665403411e+01 +4.665403411e+01 +8.2066e-01 +3.9212e+00
495 +1.353026612e-02 +1.353026612e-02 +4.662353027e+01 +4.662353027e+01 +8.3405e-01 +3.9238e+00
524 +4.480606304e-04 +4.480606304e-04 +4.661044806e+01 +4.661044806e+01 +8.3371e-01 +3.9207e+00
604 +2.901482042e-04 +2.901482042e-04 +4.661029015e+01 +4.661029015e+01 +8.3416e-01 +3.9210e+00
640 +7.682384090e-05 +7.682384090e-05 +4.661007682e+01 +4.661007682e+01 +8.3471e-01 +3.9209e+00
642 +7.499573378e-06 +7.499573378e-06 +4.661000750e+01 +4.661000750e+01 +8.3502e-01 +3.9208e+00
661 +2.668372964e-06 +2.668372964e-06 +4.661000267e+01 +4.661000267e+01 +8.3528e-01 +3.9208e+00
727 +5.748415788e-08 +5.748415788e-08 +4.661000006e+01 +4.661000006e+01 +8.3522e-01 +3.9208e+00
849 +9.501547993e-09 +9.501547993e-09 +4.661000001e+01 +4.661000001e+01 +8.3520e-01 +3.9208e+00
% function evaluation | noise-free fitness - Fopt (-2.643100000000e+02) | best noise-free fitness - Fopt | measured fitness | best measured fitness | x1 | x2...
1 +4.508216345e+01 +4.508216345e+01 -2.192278365e+02 -2.192278365e+02 +2.6572e+00 -1.0075e+00
3 +2.020682704e+01 +2.020682704e+01 -2.441031730e+02 -2.441031730e+02 +6.6558e-02 -1.0668e+00
12 +1.499636544e+01 +1.499636544e+01 -2.493136346e+02 -2.493136346e+02 -3.5527e+00 -1.0668e+00
131 +8.386775158e+00 +8.386775158e+00 -2.559232248e+02 -2.559232248e+02 -1.2225e+00 -2.1421e+00
212 +2.226614956e-01 +2.226614956e-01 -2.640873385e+02 -2.640873385e+02 -3.2198e+00 -1.4618e+00
673 +1.543957880e-01 +1.543957880e-01 -2.641556042e+02 -2.641556042e+02 -3.2373e+00 -1.4659e+00
701 +3.864307319e-02 +3.864307319e-02 -2.642713569e+02 -2.642713569e+02 -3.2383e+00 -1.4591e+00
750 +1.700218400e-02 +1.700218400e-02 -2.642929978e+02 -2.642929978e+02 -3.2435e+00 -1.4592e+00
792 +4.690548719e-04 +4.690548719e-04 -2.643095309e+02 -2.643095309e+02 -3.2516e+00 -1.4580e+00
963 +5.597741392e-05 +5.597741392e-05 -2.643099440e+02 -2.643099440e+02 -3.2516e+00 -1.4577e+00
1051 +3.006262023e-05 +3.006262023e-05 -2.643099699e+02 -2.643099699e+02 -3.2515e+00 -1.4577e+00
1078 +2.193158741e-05 +2.193158741e-05 -2.643099781e+02 -2.643099781e+02 -3.2515e+00 -1.4575e+00
1111 +1.550005288e-05 +1.550005288e-05 -2.643099845e+02 -2.643099845e+02 -3.2515e+00 -1.4576e+00
1126 +2.425196328e-06 +2.425196328e-06 -2.643099976e+02 -2.643099976e+02 -3.2513e+00 -1.4576e+00
1131 +4.161757943e-07 +4.161757943e-07 -2.643099996e+02 -2.643099996e+02 -3.2512e+00 -1.4576e+00
1142 +3.171415983e-07 +3.171415983e-07 -2.643099997e+02 -2.643099997e+02 -3.2512e+00 -1.4576e+00
1161 +5.663542879e-08 +5.663542879e-08 -2.643099999e+02 -2.643099999e+02 -3.2512e+00 -1.4576e+00
1258 +1.067382982e-08 +1.067382982e-08 -2.643100000e+02 -2.643100000e+02 -3.2512e+00 -1.4576e+00
1285 +5.954404969e-09 +5.954404969e-09 -2.643100000e+02 -2.643100000e+02 -3.2512e+00 -1.4576e+00
% function evaluation | noise-free fitness - Fopt (7.273000000000e+01) | best noise-free fitness - Fopt | measured fitness | best measured fitness | x1 | x2...
1 +2.626299048e+01 +2.626299048e+01 +9.899299048e+01 +9.899299048e+01 -1.6771e+00 -1.2632e+00
21 +1.487779357e+01 +1.487779357e+01 +8.760779357e+01 +8.760779357e+01 +5.0919e-01 -1.5947e+00
45 +5.463117606e+00 +5.463117606e+00 +7.819311761e+01 +7.819311761e+01 -3.6051e+00 -1.6660e+00
95 +2.851412430e+00 +2.851412430e+00 +7.558141243e+01 +7.558141243e+01 -2.5702e+00 -2.2327e+00
261 +8.976620635e-02 +8.976620635e-02 +7.281976621e+01 +7.281976621e+01 -2.5640e+00 -2.2721e+00
504 +1.649616792e-02 +1.649616792e-02 +7.274649617e+01 +7.274649617e+01 -2.5921e+00 -2.2756e+00
549 +2.355403143e-03 +2.355403143e-03 +7.273235540e+01 +7.273235540e+01 -2.5819e+00 -2.2771e+00
663 +1.367910532e-03 +1.367910532e-03 +7.273136791e+01 +7.273136791e+01 -2.5840e+00 -2.2767e+00
664 +6.183660495e-04 +6.183660495e-04 +7.273061837e+01 +7.273061837e+01 -2.5812e+00 -2.2764e+00
685 +2.788751867e-05 +2.788751867e-05 +7.273002789e+01 +7.273002789e+01 -2.5821e+00 -2.2760e+00
736 +1.415456519e-05 +1.415456519e-05 +7.273001415e+01 +7.273001415e+01 -2.5827e+00 -2.2760e+00
795 +6.839039287e-06 +6.839039287e-06 +7.273000684e+01 +7.273000684e+01 -2.5826e+00 -2.2760e+00
799 +5.860931410e-06 +5.860931410e-06 +7.273000586e+01 +7.273000586e+01 -2.5823e+00 -2.2760e+00
804 +1.641436526e-06 +1.641436526e-06 +7.273000164e+01 +7.273000164e+01 -2.5824e+00 -2.2760e+00
811 +1.403183802e-06 +1.403183802e-06 +7.273000140e+01 +7.273000140e+01 -2.5824e+00 -2.2760e+00
828 +6.212858494e-07 +6.212858494e-07 +7.273000062e+01 +7.273000062e+01 -2.5823e+00 -2.2760e+00
843 +3.129347732e-07 +3.129347732e-07 +7.273000031e+01 +7.273000031e+01 -2.5824e+00 -2.2760e+00
851 +1.797234148e-07 +1.797234148e-07 +7.273000018e+01 +7.273000018e+01 -2.5824e+00 -2.2760e+00
861 +5.491851596e-08 +5.491851596e-08 +7.273000005e+01 +7.273000005e+01 -2.5824e+00 -2.2760e+00
875 +3.775100765e-08 +3.775100765e-08 +7.273000004e+01 +7.273000004e+01 -2.5824e+00 -2.2760e+00
892 +1.956871643e-08 +1.956871643e-08 +7.273000002e+01 +7.273000002e+01 -2.5824e+00 -2.2760e+00
923 +1.112738346e-08 +1.112738346e-08 +7.273000001e+01 +7.273000001e+01 -2.5824e+00 -2.2760e+00
931 +6.230607141e-10 +6.230607141e-10 +7.273000000e+01 +7.273000000e+01 -2.5824e+00 -2.2760e+00
940 +1.010391770e-10 +1.010391770e-10 +7.273000000e+01 +7.273000000e+01 -2.5824e+00 -2.2760e+00
% function evaluation | noise-free fitness - Fopt (1.368700000000e+02) | best noise-free fitness - Fopt | measured fitness | best measured fitness | x1 | x2...
1 +6.852577862e+02 +6.852577862e+02 +8.221277862e+02 +8.221277862e+02 -4.2706e+00 -4.3794e+00
3 +2.451657499e+02 +2.451657499e+02 +3.820357499e+02 +3.820357499e+02 +1.0228e+00 -9.4796e-01
4 +7.162112775e+01 +7.162112775e+01 +2.084911277e+02 +2.084911277e+02 -1.6426e+00 +2.0379e+00
5 +1.906859886e+01 +1.906859886e+01 +1.559385989e+02 +1.559385989e+02 +3.4155e+00 +3.4949e+00
62 +1.581058356e+01 +1.581058356e+01 +1.526805836e+02 +1.526805836e+02 +6.4537e+00 +2.8904e+00
154 +3.695967449e+00 +3.695967449e+00 +1.405659674e+02 +1.405659674e+02 +2.4643e+00 +4.0018e+00
215 +2.351320474e+00 +2.351320474e+00 +1.392213205e+02 +1.392213205e+02 +2.4961e+00 +3.9890e+00
410 +1.368600434e+00 +1.368600434e+00 +1.382386004e+02 +1.382386004e+02 +2.5504e+00 +3.6135e+00
571 +9.975647107e-01 +9.975647107e-01 +1.378675647e+02 +1.378675647e+02 +2.5178e+00 +3.6129e+00
5899 +5.492356173e-01 +5.492356173e-01 +1.374192356e+02 +1.374192356e+02 +3.5108e+00 +3.5957e+00
5994 +2.087996845e-01 +2.087996845e-01 +1.370787997e+02 +1.370787997e+02 +3.4874e+00 +3.6165e+00
6026 +1.501800109e-01 +1.501800109e-01 +1.370201800e+02 +1.370201800e+02 +3.5078e+00 +3.6210e+00
6044 +1.691411504e-03 +1.691411504e-03 +1.368716914e+02 +1.368716914e+02 +3.5187e+00 +3.6125e+00
6089 +1.018646274e-03 +1.018646274e-03 +1.368710186e+02 +1.368710186e+02 +3.5160e+00 +3.6128e+00
6111 +2.340928360e-04 +2.340928360e-04 +1.368702341e+02 +1.368702341e+02 +3.5160e+00 +3.6123e+00
6182 +4.282781146e-05 +4.282781146e-05 +1.368700428e+02 +1.368700428e+02 +3.5159e+00 +3.6119e+00
6222 +3.898162791e-05 +3.898162791e-05 +1.368700390e+02 +1.368700390e+02 +3.5163e+00 +3.6119e+00
6230 +1.345591016e-06 +1.345591016e-06 +1.368700013e+02 +1.368700013e+02 +3.5160e+00 +3.6120e+00
6258 +2.900734160e-07 +2.900734160e-07 +1.368700003e+02 +1.368700003e+02 +3.5160e+00 +3.6120e+00
6291 +2.390683278e-07 +2.390683278e-07 +1.368700002e+02 +1.368700002e+02 +3.5160e+00 +3.6120e+00
6314 +1.160553609e-07 +1.160553609e-07 +1.368700001e+02 +1.368700001e+02 +3.5160e+00 +3.6120e+00
6316 +5.543594739e-08 +5.543594739e-08 +1.368700001e+02 +1.368700001e+02 +3.5160e+00 +3.6120e+00
6383 +2.051015713e-08 +2.051015713e-08 +1.368700000e+02 +1.368700000e+02 +3.5160e+00 +3.6120e+00
6406 +8.577671906e-10 +8.577671906e-10 +1.368700000e+02 +1.368700000e+02 +3.5160e+00 +3.6120e+00
% function evaluation | noise-free fitness - Fopt (2.196000000000e+01) | best noise-free fitness - Fopt | measured fitness | best measured fitness | x1 | x2...
1 +3.954266006e+01 +3.954266006e+01 +6.150266006e+01 +6.150266006e+01 -2.0070e+00 -1.6109e+00
19 +1.741300798e+01 +1.741300798e+01 +3.937300798e+01 +3.937300798e+01 +1.0921e+00 -1.2681e+00
31 +6.977703766e+00 +6.977703766e+00 +2.893770377e+01 +2.893770377e+01 +1.1966e+00 -2.7483e-01
63 +5.581739566e+00 +5.581739566e+00 +2.754173957e+01 +2.754173957e+01 +5.3168e+00 -6.0711e-01
172 +6.963793702e-02 +6.963793702e-02 +2.202963794e+01 +2.202963794e+01 +3.2750e+00 -6.3554e-01
432 +4.190829686e-02 +4.190829686e-02 +2.200190830e+01 +2.200190830e+01 +3.2794e+00 -6.3580e-01
453 +3.499882062e-02 +3.499882062e-02 +2.199499882e+01 +2.199499882e+01 +3.2820e+00 -6.3827e-01
462 +2.068915586e-02 +2.068915586e-02 +2.198068916e+01 +2.198068916e+01 +3.2839e+00 -6.3745e-01
473 +9.799901269e-03 +9.799901269e-03 +2.196979990e+01 +2.196979990e+01 +3.2860e+00 -6.3600e-01
489 +4.570981848e-03 +4.570981848e-03 +2.196457098e+01 +2.196457098e+01 +3.2909e+00 -6.3459e-01
517 +2.166396279e-03 +2.166396279e-03 +2.196216640e+01 +2.196216640e+01 +3.2925e+00 -6.3501e-01
535 +1.577297315e-03 +1.577297315e-03 +2.196157730e+01 +2.196157730e+01 +3.2908e+00 -6.3576e-01
563 +6.149721250e-04 +6.149721250e-04 +2.196061497e+01 +2.196061497e+01 +3.2943e+00 -6.3647e-01
586 +3.462449032e-04 +3.462449032e-04 +2.196034624e+01 +2.196034624e+01 +3.2923e+00 -6.3594e-01
594 +8.638638860e-05 +8.638638860e-05 +2.196008639e+01 +2.196008639e+01 +3.2942e+00 -6.3593e-01
627 +6.217158397e-05 +6.217158397e-05 +2.196006217e+01 +2.196006217e+01 +3.2942e+00 -6.3600e-01
628 +1.220966832e-05 +1.220966832e-05 +2.196001221e+01 +2.196001221e+01 +3.2935e+00 -6.3607e-01
633 +3.642660882e-06 +3.642660882e-06 +2.196000364e+01 +2.196000364e+01 +3.2937e+00 -6.3597e-01
707 +1.711474649e-06 +1.711474649e-06 +2.196000171e+01 +2.196000171e+01 +3.2935e+00 -6.3603e-01
717 +1.296598885e-06 +1.296598885e-06 +2.196000130e+01 +2.196000130e+01 +3.2936e+00 -6.3598e-01
731 +5.907167875e-07 +5.907167875e-07 +2.196000059e+01 +2.196000059e+01 +3.2936e+00 -6.3601e-01
734 +1.198161677e-07 +1.198161677e-07 +2.196000012e+01 +2.196000012e+01 +3.2936e+00 -6.3600e-01
792 +7.243757238e-08 +7.243757238e-08 +2.196000007e+01 +2.196000007e+01 +3.2936e+00 -6.3600e-01
813 +1.477783229e-09 +1.477783229e-09 +2.196000000e+01 +2.196000000e+01 +3.2936e+00 -6.3600e-01
% function evaluation | noise-free fitness - Fopt (-2.139000000000e+01) | best noise-free fitness - Fopt | measured fitness | best measured fitness | x1 | x2...
1 +4.512338691e+01 +4.512338691e+01 +2.373338691e+01 +2.373338691e+01 +3.7504e+00 +1.9468e+00
9 +2.023954934e+01 +2.023954934e+01 -1.150450657e+00 -1.150450657e+00 -1.9918e-03 +3.3924e+00
25 +1.066676235e+01 +1.066676235e+01 -1.072323765e+01 -1.072323765e+01 +1.2752e+00 +2.7360e+00
155 +7.361980328e+00 +7.361980328e+00 -1.402801967e+01 -1.402801967e+01 +5.2656e+00 +3.1913e+00
198 +4.064486458e+00 +4.064486458e+00 -1.732551354e+01 -1.732551354e+01 +2.2285e+00 +3.1155e+00
203 +2.821486150e+00 +2.821486150e+00 -1.856851385e+01 -1.856851385e+01 +2.2158e+00 +3.1995e+00
371 +2.490055498e+00 +2.490055498e+00 -1.889994450e+01 -1.889994450e+01 +2.2152e+00 +3.1920e+00
2063 +1.056817936e+00 +1.056817936e+00 -2.033318206e+01 -2.033318206e+01 +3.1341e+00 +2.7908e+00
2090 +8.213757274e-02 +8.213757274e-02 -2.130786243e+01 -2.130786243e+01 +3.1840e+00 +2.8038e+00
2184 +5.777158527e-02 +5.777158527e-02 -2.133222841e+01 -2.133222841e+01 +3.1884e+00 +2.8043e+00
2194 +2.737032998e-02 +2.737032998e-02 -2.136262967e+01 -2.136262967e+01 +3.2030e+00 +2.7989e+00
2274 +1.691259485e-02 +1.691259485e-02 -2.137308741e+01 -2.137308741e+01 +3.1976e+00 +2.8045e+00
2301 +1.019766427e-02 +1.019766427e-02 -2.137980234e+01 -2.137980234e+01 +3.1977e+00 +2.8012e+00
2313 +9.679954343e-03 +9.679954343e-03 -2.138032005e+01 -2.138032005e+01 +3.2000e+00 +2.8006e+00
2316 +3.630353622e-03 +3.630353622e-03 -2.138636965e+01 -2.138636965e+01 +3.2024e+00 +2.8011e+00
2331 +8.319558897e-04 +8.319558897e-04 -2.138916804e+01 -2.138916804e+01 +3.2024e+00 +2.8020e+00
2349 +3.658588402e-04 +3.658588402e-04 -2.138963414e+01 -2.138963414e+01 +3.2028e+00 +2.8022e+00
2354 +1.974390024e-04 +1.974390024e-04 -2.138980256e+01 -2.138980256e+01 +3.2044e+00 +2.8027e+00
2362 +1.484426897e-04 +1.484426897e-04 -2.138985156e+01 -2.138985156e+01 +3.2046e+00 +2.8022e+00
2374 +3.395646798e-05 +3.395646798e-05 -2.138996604e+01 -2.138996604e+01 +3.2044e+00 +2.8024e+00
2476 +8.995812912e-06 +8.995812912e-06 -2.138999100e+01 -2.138999100e+01 +3.2038e+00 +2.8024e+00
2481 +4.034436980e-06 +4.034436980e-06 -2.138999597e+01 -2.138999597e+01 +3.2041e+00 +2.8024e+00
2503 +3.492309819e-06 +3.492309819e-06 -2.138999651e+01 -2.138999651e+01 +3.2040e+00 +2.8024e+00
2541 +2.170997433e-06 +2.170997433e-06 -2.138999783e+01 -2.138999783e+01 +3.2041e+00 +2.8024e+00
2565 +1.480724503e-06 +1.480724503e-06 -2.138999852e+01 -2.138999852e+01 +3.2041e+00 +2.8024e+00
2593 +6.437501447e-07 +6.437501447e-07 -2.138999936e+01 -2.138999936e+01 +3.2041e+00 +2.8024e+00
2598 +4.165902823e-07 +4.165902823e-07 -2.138999958e+01 -2.138999958e+01 +3.2040e+00 +2.8024e+00
2601 +2.018497511e-07 +2.018497511e-07 -2.138999980e+01 -2.138999980e+01 +3.2040e+00 +2.8024e+00
2630 +1.143905628e-07 +1.143905628e-07 -2.138999989e+01 -2.138999989e+01 +3.2040e+00 +2.8024e+00
2653 +4.309679369e-08 +4.309679369e-08 -2.138999996e+01 -2.138999996e+01 +3.2040e+00 +2.8024e+00
2671 +3.559127748e-08 +3.559127748e-08 -2.138999996e+01 -2.138999996e+01 +3.2040e+00 +2.8024e+00
2681 +1.619247314e-08 +1.619247314e-08 -2.138999998e+01 -2.138999998e+01 +3.2040e+00 +2.8024e+00
2685 +1.130040062e-09 +1.130040062e-09 -2.139000000e+01 -2.139000000e+01 +3.2040e+00 +2.8024e+00
% function evaluation | noise-free fitness - Fopt (5.176600000000e+02) | best noise-free fitness - Fopt | measured fitness | best measured fitness | x1 | x2...
1 +3.827518579e+01 +3.827518579e+01 +5.559351858e+02 +5.559351858e+02 +1.2469e-01 +4.0958e+00
45 +7.545983440e+00 +7.545983440e+00 +5.252059834e+02 +5.252059834e+02 -5.9177e+00 +3.1354e+00
63 +6.294504958e+00 +6.294504958e+00 +5.239545050e+02 +5.239545050e+02 -4.9143e+00 +3.4700e+00
96 +1.861838861e+00 +1.861838861e+00 +5.195218389e+02 +5.195218389e+02 -4.9183e+00 +3.1892e+00
161 +1.476033033e+00 +1.476033033e+00 +5.191360330e+02 +5.191360330e+02 -4.8493e+00 +3.1738e+00
272 +9.991127406e-01 +9.991127406e-01 +5.186591127e+02 +5.186591127e+02 -4.8829e+00 +3.1715e+00
1531 +3.245789910e-02 +3.245789910e-02 +5.176924579e+02 +5.176924579e+02 -3.8822e+00 +3.1766e+00
1741 +7.454527170e-03 +7.454527170e-03 +5.176674545e+02 +5.176674545e+02 -3.8916e+00 +3.1713e+00
1853 +3.273895192e-03 +3.273895192e-03 +5.176632739e+02 +5.176632739e+02 -3.8890e+00 +3.1715e+00
1927 +9.647746277e-04 +9.647746277e-04 +5.176609648e+02 +5.176609648e+02 -3.8875e+00 +3.1721e+00
1945 +2.636546679e-04 +2.636546679e-04 +5.176602637e+02 +5.176602637e+02 -3.8871e+00 +3.1730e+00
1957 +7.222892896e-05 +7.222892896e-05 +5.176600722e+02 +5.176600722e+02 -3.8885e+00 +3.1729e+00
1992 +9.332049785e-06 +9.332049785e-06 +5.176600093e+02 +5.176600093e+02 -3.8882e+00 +3.1728e+00
2013 +1.536781724e-06 +1.536781724e-06 +5.176600015e+02 +5.176600015e+02 -3.8881e+00 +3.1728e+00
2043 +2.587678409e-07 +2.587678409e-07 +5.176600003e+02 +5.176600003e+02 -3.8880e+00 +3.1728e+00
2061 +2.096664957e-07 +2.096664957e-07 +5.176600002e+02 +5.176600002e+02 -3.8880e+00 +3.1728e+00
2083 +1.167562687e-07 +1.167562687e-07 +5.176600001e+02 +5.176600001e+02 -3.8880e+00 +3.1728e+00
2087 +8.802396678e-08 +8.802396678e-08 +5.176600001e+02 +5.176600001e+02 -3.8880e+00 +3.1728e+00
2105 +4.406729204e-08 +4.406729204e-08 +5.176600000e+02 +5.176600000e+02 -3.8880e+00 +3.1728e+00
2126 +2.631827556e-08 +2.631827556e-08 +5.176600000e+02 +5.176600000e+02 -3.8880e+00 +3.1728e+00
2143 +2.477713679e-08 +2.477713679e-08 +5.176600000e+02 +5.176600000e+02 -3.8880e+00 +3.1728e+00
2159 +1.341720690e-08 +1.341720690e-08 +5.176600000e+02 +5.176600000e+02 -3.8880e+00 +3.1728e+00
2165 +8.983988664e-09 +8.983988664e-09 +5.176600000e+02 +5.176600000e+02 -3.8880e+00 +3.1728e+00
