% function evaluation | noise-free fitness - Fopt (9.294000000000e+01) | best noise-free fitness - Fopt | measured fitness | best measured fitness | x1 | x2...
1 +4.301318298e+02 +4.301318298e+02 +5.230718298e+02 +5.230718298e+02 -1.0596e+00 -2.9379e+00 +3.5025e+00 +3.0233e-01 -2.5142e+00
4 +1.453926054e+02 +1.453926054e+02 +2.383326054e+02 +2.383326054e+02 -1.5251e+00 -1.5281e+00 +1.3597e+00 -2.1946e+00 +2.3997e-01
5 +9.916740467e+01 +9.916740467e+01 +1.921074047e+02 +1.921074047e+02 +1.3450e+00 +1.3912e+00 -1.0448e+00 +1.2173e+00 -2.8806e+00
28 +6.011209770e+01 +6.011209770e+01 +1.530520977e+02 +1.530520977e+02 -1.5251e+00 -1.9244e+00 +3.2196e-01 -2.1946e+00 +2.3997e-01
55 +3.849734535e+01 +3.849734535e+01 +1.314373453e+02 +1.314373453e+02 -6.6798e-03 -6.6717e-03 +5.4126e-01 +3.6980e-03 +8.6180e-01
76 +2.195086606e+01 +2.195086606e+01 +1.148908661e+02 +1.148908661e+02 -6.6798e-03 -6.6717e-03 +5.4126e-01 -6.4511e-01 -1.0025e+00
103 +1.455106595e+01 +1.455106595e+01 +1.074910660e+02 +1.074910660e+02 +6.5859e-01 +4.9028e-01 -1.4567e+00 -1.2134e+00 -1.6453e+00
303 +6.599926501e+00 +6.599926501e+00 +9.953992650e+01 +9.953992650e+01 -5.8927e-01 +7.0001e-01 -1.0808e+00 -6.6856e-01 -3.6636e-01
307 +4.552942854e+00 +4.552942854e+00 +9.749294285e+01 +9.749294285e+01 +1.0464e-01 +1.3776e+00 -7.2615e-01 +3.6506e-01 -1.1750e-03
615 +3.331186330e+00 +3.331186330e+00 +9.627118633e+01 +9.627118633e+01 -5.7898e-01 +8.3188e-01 +1.8815e-01 +1.0291e+00 +3.8897e-01
708 +1.575321519e+00 +1.575321519e+00 +9.451532152e+01 +9.451532152e+01 +2.2520e-01 +7.4399e-01 +5.4292e-01 +2.6576e+00 +1.2439e+00
815 +3.863408248e-01 +3.863408248e-01 +9.332634082e+01 +9.332634082e+01 -2.0982e-01 +8.6186e-01 +2.3574e-01 +2.7877e+00 +2.1615e+00
1159 +2.160961297e-01 +2.160961297e-01 +9.315609613e+01 +9.315609613e+01 -1.3842e-01 +6.5258e-01 +2.8625e-01 +3.1689e+00 +2.5359e+00
1227 +1.290078219e-01 +1.290078219e-01 +9.306900782e+01 +9.306900782e+01 -3.1749e-01 +5.3022e-01 +2.5102e-01 +2.9763e+00 +2.4790e+00
1403 +6.501632274e-02 +6.501632274e-02 +9.300501632e+01 +9.300501632e+01 -1.7645e-01 +6.3766e-01 +3.7930e-01 +3.1963e+00 +2.4903e+00
1581 +5.730005287e-02 +5.730005287e-02 +9.299730005e+01 +9.299730005e+01 -1.7545e-01 +6.7110e-01 +2.9177e-01 +3.0499e+00 +2.3742e+00
1605 +1.169007162e-02 +1.169007162e-02 +9.295169007e+01 +9.295169007e+01 -1.9672e-01 +6.8813e-01 +3.0053e-01 +3.1495e+00 +2.4370e+00
1907 +4.909665137e-07 +4.909665137e-07 +9.294000049e+01 +9.294000049e+01 -2.3010e-01 +6.9753e-01 +2.6777e-01 +3.0791e+00 +2.3907e+00
2155 +2.067045273e-07 +2.067045273e-07 +9.294000021e+01 +9.294000021e+01 -2.6517e-01 +7.3377e-01 +2.7339e-01 +3.1027e+00 +2.4091e+00
2276 +1.490046486e-07 +1.490046486e-07 +9.294000015e+01 +9.294000015e+01 -2.4898e-01 +7.3377e-01 +2.7473e-01 +3.1027e+00 +2.4091e+00
2381 +2.062091653e-08 +2.062091653e-08 +9.294000002e+01 +9.294000002e+01 -2.3859e-01 +7.4571e-01 +2.8006e-01 +3.1083e+00 +2.4201e+00
2570 +1.930601456e-09 +1.930601456e-09 +9.294000000e+01 +9.294000000e+01 -2.1618e-01 +7.1538e-01 +2.8357e-01 +3.1172e+00 +2.4099e+00
2628 +4.293383427e-10 +4.293383427e-10 +9.294000000e+01 +9.294000000e+01 -2.2542e-01 +7.3669e-01 +2.7025e-01 +3.1108e+00 +2.4111e+00
3157 +6.812683750e-11 +6.812683750e-11 +9.294000000e+01 +9.294000000e+01 -2.4047e-01 +7.2703e-01 +2.8216e-01 +3.1211e+00 +2.4085e+00
3209 +1.286082352e-11 +1.286082352e-11 +9.294000000e+01 +9.294000000e+01 -2.2758e-01 +7.2449e-01 +2.6923e-01 +3.1183e+00 +2.4167e+00
3651 +1.335820343e-12 +1.335820343e-12 +9.294000000e+01 +9.294000000e+01 -2.2133e-01 +7.2000e-01 +2.7473e-01 +3.1195e+00 +2.4073e+00
3792 +5.826450433e-13 +5.826450433e-13 +9.294000000e+01 +9.294000000e+01 -2.3321e-01 +7.2125e-01 +2.7198e-01 +3.1253e+00 +2.4057e+00
4215 +1.421085472e-14 +1.421085472e-14 +9.294000000e+01 +9.294000000e+01 -2.2023e-01 +7.2179e-01 +2.8175e-01 +3.1163e+00 +2.4055e+00
4455 +0.000000000e+00 +0.000000000e+00 +9.294000000e+01 +9.294000000e+01 -2.1683e-01 +7.2502e-01 +2.8819e-01 +3.1121e+00 +2.4012e+00
% function evaluation | noise-free fitness - Fopt (3.535000000000e+01) | best noise-free fitness - Fopt | measured fitness | best measured fitness | x1 | x2...
1 +1.889666877e+03 +1.889666877e+03 +1.925016877e+03 +1.925016877e+03 +9.1393e-01 +2.7067e-01 -4.5226e+00 -4.6438e+00 +2.5164e+00
2 +1.200127893e+03 +1.200127893e+03 +1.235477893e+03 +1.235477893e+03 -1.4761e+00 -4.4096e+00 -2.0671e+00 -7.7870e-01 -3.3163e+00
5 +2.849068372e+01 +2.849068372e+01 +6.384068372e+01 +6.384068372e+01 +4.7505e+00 -2.4199e+00 +4.7772e+00 -1.8268e+00 -1.8672e+00
28 +2.435703249e+01 +2.435703249e+01 +5.970703249e+01 +5.970703249e+01 -5.8045e-01 +3.4634e+00 +2.5464e+00 +1.0750e+00 -4.0537e+00
129 +5.763015688e+00 +5.763015688e+00 +4.111301569e+01 +4.111301569e+01 +3.2110e+00 -2.2592e+00 +5.2249e+00 -4.5456e-02 -1.0689e+00
302 +3.606100796e+00 +3.606100796e+00 +3.895610080e+01 +3.895610080e+01 +1.4111e+00 +2.8347e+00 +3.0145e+00 +1.2041e+00 -2.2702e+00
553 +1.548256067e+00 +1.548256067e+00 +3.689825607e+01 +3.689825607e+01 +1.9572e+00 +2.7438e-01 +4.5807e+00 +1.2452e+00 -1.7000e+00
602 +5.920000983e-01 +5.920000983e-01 +3.594200010e+01 +3.594200010e+01 +2.2523e+00 +2.7438e-01 +4.5807e+00 +1.2452e+00 -1.7000e+00
1207 +2.406673947e-01 +2.406673947e-01 +3.559066739e+01 +3.559066739e+01 +2.2523e+00 +5.4127e-01 +4.3606e+00 +1.3104e+00 -1.5048e+00
1558 +1.007515782e-01 +1.007515782e-01 +3.545075158e+01 +3.545075158e+01 +1.6094e+00 +1.7551e+00 +3.9022e+00 +1.6798e+00 -1.8263e+00
1767 +3.828209302e-02 +3.828209302e-02 +3.538828209e+01 +3.538828209e+01 +1.9211e+00 +1.3572e+00 +4.0431e+00 +1.4514e+00 -1.7703e+00
2154 +9.570523254e-03 +9.570523254e-03 +3.535957052e+01 +3.535957052e+01 +1.8069e+00 +1.4546e+00 +3.9877e+00 +1.4830e+00 -1.8180e+00
2706 +4.946781230e-03 +4.946781230e-03 +3.535494678e+01 +3.535494678e+01 +1.7093e+00 +1.4914e+00 +3.9925e+00 +1.4919e+00 -1.8711e+00
3059 +1.668188148e-07 +1.668188148e-07 +3.535000017e+01 +3.535000017e+01 +1.7625e+00 +1.4822e+00 +3.9825e+00 +1.4844e+00 -1.8307e+00
3355 +2.158048318e-08 +2.158048318e-08 +3.535000002e+01 +3.535000002e+01 +1.7606e+00 +1.4818e+00 +3.9825e+00 +1.4776e+00 -1.8697e+00
3552 +1.355225265e-09 +1.355225265e-09 +3.535000000e+01 +3.535000000e+01 +1.7525e+00 +1.4711e+00 +3.9653e+00 +1.4723e+00 -1.8704e+00
3792 +5.481410881e-10 +5.481410881e-10 +3.535000000e+01 +3.535000000e+01 +1.7506e+00 +1.4883e+00 +3.9843e+00 +1.4820e+00 -1.8519e+00
4157 +3.620925781e-11 +3.620925781e-11 +3.535000000e+01 +3.535000000e+01 +1.7486e+00 +1.4821e+00 +3.9711e+00 +1.4693e+00 -1.8524e+00
4502 +1.384137249e-11 +1.384137249e-11 +3.535000000e+01 +3.535000000e+01 +1.7505e+00 +1.4917e+00 +3.9815e+00 +1.4753e+00 -1.8454e+00
4954 +1.421085472e-12 +1.421085472e-12 +3.535000000e+01 +3.535000000e+01 +1.7525e+00 +1.4930e+00 +3.9822e+00 +1.4765e+00 -1.8456e+00
% function evaluation | noise-free fitness - Fopt (3.820000000000e+00) | best noise-free fitness - Fopt | measured fitness | best measured fitness | x1 | x2...
1 +1.666809311e+03 +1.666809311e+03 +1.670629311e+03 +1.670629311e+03 +1.2204e+00 -2.5365e+00 -1.9491e+00 -4.3788e-01 +7.2458e-01
2 +2.739518286e+02 +2.739518286e+02 +2.777718286e+02 +2.777718286e+02 +2.6944e+00 +4.4719e-01 +8.7626e-02 -3.1460e-01 +1.6777e+00
5 +9.806918328e+01 +9.806918328e+01 +1.018891833e+02 +1.018891833e+02 +3.0481e+00 +3.0060e+00 +2.9956e+00 +1.3864e+00 +2.6819e+00
56 +1.712571363e+01 +1.712571363e+01 +2.094571363e+01 +2.094571363e+01 +3.2627e+00 +6.1247e-01 +2.1222e+00 -1.4060e+00 +9.1182e-01
131 +1.564780824e+01 +1.564780824e+01 +1.946780824e+01 +1.946780824e+01 +4.1942e+00 -2.7604e+00 +5.3483e+00 -3.3856e+00 +2.8363e+00
230 +9.285514055e+00 +9.285514055e+00 +1.310551405e+01 +1.310551405e+01 +4.3694e+00 -2.0995e-01 +2.7583e+00 -1.3151e+00 +2.2370e+00
279 +5.697313120e+00 +5.697313120e+00 +9.517313120e+00 +9.517313120e+00 +4.6085e+00 -2.0995e-01 +3.0761e+00 -1.3151e+00 +1.8969e+00
304 +2.699765180e+00 +2.699765180e+00 +6.519765180e+00 +6.519765180e+00 +4.1454e+00 +5.3257e-01 +2.7200e+00 -2.4723e+00 +1.9392e+00
316 +2.107278694e+00 +2.107278694e+00 +5.927278694e+00 +5.927278694e+00 +3.8835e+00 +1.9554e-01 +3.1043e+00 -3.2343e+00 +1.5845e+00
453 +1.382032831e+00 +1.382032831e+00 +5.202032831e+00 +5.202032831e+00 +4.1287e+00 +5.3257e-01 +2.7200e+00 -2.4723e+00 +1.5714e+00
584 +4.041587382e-01 +4.041587382e-01 +4.224158738e+00 +4.224158738e+00 +3.9393e+00 +1.4942e+00 +1.6804e+00 -2.1743e+00 +6.2828e-01
802 +2.686014514e-01 +2.686014514e-01 +4.088601451e+00 +4.088601451e+00 +3.8286e+00 +1.2938e+00 +1.9001e+00 -2.3131e+00 +7.1486e-01
927 +2.473068091e-01 +2.473068091e-01 +4.067306809e+00 +4.067306809e+00 +3.8835e+00 +1.1327e+00 +1.9164e+00 -2.1743e+00 +6.2828e-01
1178 +8.037897085e-02 +8.037897085e-02 +3.900378971e+00 +3.900378971e+00 +3.8807e+00 +1.1864e+00 +1.9141e+00 -2.3131e+00 +7.9545e-01
1278 +5.184505971e-02 +5.184505971e-02 +3.871845060e+00 +3.871845060e+00 +3.9396e+00 +1.1410e+00 +2.0002e+00 -2.5567e+00 +8.7875e-01
1455 +2.134189839e-02 +2.134189839e-02 +3.841341898e+00 +3.841341898e+00 +3.9943e+00 +1.2414e+00 +1.8645e+00 -2.6410e+00 +9.2478e-01
1929 +2.095660916e-07 +2.095660916e-07 +3.820000210e+00 +3.820000210e+00 +3.9948e+00 +1.1794e+00 +1.8603e+00 -2.5745e+00 +8.9279e-01
2001 +9.164936721e-08 +9.164936721e-08 +3.820000092e+00 +3.820000092e+00 +3.9997e+00 +1.1851e+00 +1.8573e+00 -2.5745e+00 +8.5000e-01
2378 +2.835309321e-09 +2.835309321e-09 +3.820000003e+00 +3.820000003e+00 +3.9932e+00 +1.1950e+00 +1.8758e+00 -2.5537e+00 +8.5794e-01
2973 +6.125779883e-10 +6.125779883e-10 +3.820000001e+00 +3.820000001e+00 +3.9939e+00 +1.1828e+00 +1.8684e+00 -2.5632e+00 +8.5706e-01
3414 +3.661537740e-10 +3.661537740e-10 +3.820000000e+00 +3.820000000e+00 +3.9803e+00 +1.1652e+00 +1.8872e+00 -2.5820e+00 +8.6834e-01
3464 +1.427853391e-10 +1.427853391e-10 +3.820000000e+00 +3.820000000e+00 +3.9853e+00 +1.1801e+00 +1.8799e+00 -2.5547e+00 +8.8423e-01
3504 +9.794121070e-11 +9.794121070e-11 +3.820000000e+00 +3.820000000e+00 +3.9805e+00 +1.1669e+00 +1.8879e+00 -2.5748e+00 +8.7810e-01
3611 +4.645395180e-11 +4.645395180e-11 +3.820000000e+00 +3.820000000e+00 +3.9813e+00 +1.1631e+00 +1.8735e+00 -2.5795e+00 +8.6565e-01
3801 +1.569944175e-11 +1.569944175e-11 +3.820000000e+00 +3.820000000e+00 +3.9891e+00 +1.1776e+00 +1.8751e+00 -2.5626e+00 +8.7157e-01
3890 +9.813483359e-12 +9.813483359e-12 +3.820000000e+00 +3.820000000e+00 +3.9832e+00 +1.1583e+00 +1.8622e+00 -2.5772e+00 +8.6870e-01
4018 +3.787636871e-12 +3.787636871e-12 +3.820000000e+00 +3.820000000e+00 +3.9884e+00 +1.1848e+00 +1.8924e+00 -2.5604e+00 +8.7666e-01
4057 +6.625811011e-13 +6.625811011e-13 +3.820000000e+00 +3.820000000e+00 +3.9883e+00 +1.1747e+00 +1.8959e+00 -2.5668e+00 +8.8498e-01
4122 +6.212808046e-13 +6.212808046e-13 +3.820000000e+00 +3.820000000e+00 +3.9897e+00 +1.1698e+00 +1.8745e+00 -2.5725e+00 +8.6718e-01
4302 +1.199040867e-14 +1.199040867e-14 +3.820000000e+00 +3.820000000e+00 +3.9853e+00 +1.1637e+00 +1.8765e+00 -2.5749e+00 +8.7475e-01
4519 +7.993605777e-15 +7.993605777e-15 +3.820000000e+00 +3.820000000e+00 +3.9960e+00 +1.1767e+00 +1.9053e+00 -2.5719e+00 +8.8023e-01
% function evaluation | noise-free fitness - Fopt (2.175000000000e+01) | best noise-free fitness - Fopt | measured fitness | best measured fitness | x1 | x2...
1 +1.022146829e+02 +1.022146829e+02 +1.239646829e+02 +1.239646829e+02 +3.5781e+00 +1.7312e+00 -2.6745e+00 +1.6613e+00 -6.5071e-01
31 +2.316779440e+01 +2.316779440e+01 +4.491779440e+01 +4.491779440e+01 -3.5038e-01 +2.2898e+00 +8.9922e-01 +4.7168e+00 -3.0216e+00
126 +1.566898533e+01 +1.566898533e+01 +3.741898533e+01 +3.741898533e+01 +3.2524e+00 +1.7391e+00 -7.3625e-01 +5.1989e-01 -2.1749e+00
212 +7.327922772e+00 +7.327922772e+00 +2.907792277e+01 +2.907792277e+01 +1.6894e+00 +8.0006e-02 -5.0833e-02 +4.0961e+00 -2.0407e+00
253 +4.448984154e+00 +4.448984154e+00 +2.619898415e+01 +2.619898415e+01 +1.6530e+00 +3.6217e-01 -2.1944e-01 +4.2527e+00 -2.4682e+00
332 +3.926481414e+00 +3.926481414e+00 +2.567648141e+01 +2.567648141e+01 +1.5269e+00 +9.9147e-01 +1.5488e-01 +4.0983e+00 -2.6026e+00
509 +2.354285275e+00 +2.354285275e+00 +2.410428527e+01 +2.410428527e+01 +1.9186e+00 +5.8267e-01 -1.0081e-01 +4.4615e+00 -2.2839e+00
605 +1.320281063e+00 +1.320281063e+00 +2.307028106e+01 +2.307028106e+01 +3.1545e+00 +1.9698e+00 -6.2756e-01 +3.1207e+00 -2.3880e+00
993 +7.803872170e-01 +7.803872170e-01 +2.253038722e+01 +2.253038722e+01 +3.1013e+00 +5.7419e-01 -8.4916e-01 +3.8063e+00 -1.8534e+00
1057 +2.602785428e-01 +2.602785428e-01 +2.201027854e+01 +2.201027854e+01 +3.1607e+00 +9.6927e-01 -6.4731e-01 +3.5380e+00 -1.9232e+00
1102 +1.073800638e-01 +1.073800638e-01 +2.185738006e+01 +2.185738006e+01 +3.9010e+00 +9.3965e-01 -1.2569e+00 +2.9727e+00 -1.6585e+00
1637 +7.504579700e-02 +7.504579700e-02 +2.182504580e+01 +2.182504580e+01 +3.6999e+00 +9.3119e-01 -1.0716e+00 +3.1258e+00 -1.6080e+00
1909 +6.268240180e-02 +6.268240180e-02 +2.181268240e+01 +2.181268240e+01 +3.8536e+00 +9.2956e-01 -1.1464e+00 +3.0517e+00 -1.7593e+00
1976 +3.806830007e-02 +3.806830007e-02 +2.178806830e+01 +2.178806830e+01 +3.8493e+00 +1.0128e+00 -1.1464e+00 +3.0517e+00 -1.7567e+00
2004 +1.207404017e-02 +1.207404017e-02 +2.176207404e+01 +2.176207404e+01 +3.7330e+00 +9.4296e-01 -1.0553e+00 +3.0424e+00 -1.7228e+00
2108 +3.287162904e-03 +3.287162904e-03 +2.175328716e+01 +2.175328716e+01 +3.6879e+00 +9.0867e-01 -1.0624e+00 +3.1238e+00 -1.6983e+00
2258 +1.730713635e-07 +1.730713635e-07 +2.175000017e+01 +2.175000017e+01 +3.7788e+00 +9.0818e-01 -1.1017e+00 +3.0787e+00 -1.6776e+00
2394 +2.727947290e-08 +2.727947290e-08 +2.175000003e+01 +2.175000003e+01 +3.7592e+00 +8.8752e-01 -1.0981e+00 +3.0581e+00 -1.6763e+00
2651 +1.608832179e-08 +1.608832179e-08 +2.175000002e+01 +2.175000002e+01 +3.7703e+00 +8.8752e-01 -1.0981e+00 +3.0518e+00 -1.6766e+00
2826 +2.482085648e-09 +2.482085648e-09 +2.175000000e+01 +2.175000000e+01 +3.7703e+00 +8.8686e-01 -1.0981e+00 +3.0518e+00 -1.6725e+00
3436 +1.170270991e-09 +1.170270991e-09 +2.175000000e+01 +2.175000000e+01 +3.7611e+00 +8.8539e-01 -1.1099e+00 +3.0738e+00 -1.6815e+00
3484 +4.306421886e-10 +4.306421886e-10 +2.175000000e+01 +2.175000000e+01 +3.7891e+00 +8.8948e-01 -1.1083e+00 +3.0638e+00 -1.6803e+00
3758 +2.608402383e-10 +2.608402383e-10 +2.175000000e+01 +2.175000000e+01 +3.7681e+00 +8.8832e-01 -1.1061e+00 +3.0857e+00 -1.6788e+00
3759 +2.133262456e-10 +2.133262456e-10 +2.175000000e+01 +2.175000000e+01 +3.7569e+00 +8.9060e-01 -1.1008e+00 +3.0847e+00 -1.6648e+00
3798 +2.839684043e-11 +2.839684043e-11 +2.175000000e+01 +2.175000000e+01 +3.7392e+00 +8.8210e-01 -1.1034e+00 +3.0899e+00 -1.6834e+00
3834 +1.180566755e-11 +1.180566755e-11 +2.175000000e+01 +2.175000000e+01 +3.7686e+00 +8.8381e-01 -1.0998e+00 +3.0543e+00 -1.6827e+00
4101 +5.030642569e-12 +5.030642569e-12 +2.175000000e+01 +2.175000000e+01 +3.7636e+00 +8.8392e-01 -1.0989e+00 +3.0589e+00 -1.6810e+00
4323 +1.119104809e-12 +1.119104809e-12 +2.175000000e+01 +2.175000000e+01 +3.7728e+00 +8.8713e-01 -1.1165e+00 +3.0894e+00 -1.6875e+00
4340 +3.588240816e-13 +3.588240816e-13 +2.175000000e+01 +2.175000000e+01 +3.7450e+00 +8.8132e-01 -1.0958e+00 +3.0781e+00 -1.6842e+00
4479 +3.552713679e-15 +3.552713679e-15 +2.175000000e+01 +2.175000000e+01 +3.7644e+00 +8.8516e-01 -1.1040e+00 +3.0742e+00 -1.6828e+00
% function evaluation | noise-free fitness - Fopt (6.479000000000e+01) | best noise-free fitness - Fopt | measured fitness | best measured fitness | x1 | x2...
1 +1.750483673e+02 +1.750483673e+02 +2.398383673e+02 +2.398383673e+02 -3.1201e+00 -2.9555e+00 +2.4455e+00 -1.4184e+00 +4.1906e+00
2 +1.357547458e+02 +1.357547458e+02 +2.005447458e+02 +2.005447458e+02 -4.0162e+00 -4.8422e+00 +2.0855e+00 -1.6669e+00 +1.8579e-01
8 +6.912894464e+01 +6.912894464e+01 +1.339189446e+02 +1.339189446e+02 -1.2319e+00 -3.0062e+00 -3.8524e+00 +1.4580e+00 -5.0702e-01
40 +5.828573048e+01 +5.828573048e+01 +1.230757305e+02 +1.230757305e+02 -2.7362e-02 -2.2834e+00 -1.6356e-01 +1.8447e+00 -1.5813e+00
51 +3.750703285e+01 +3.750703285e+01 +1.022970328e+02 +1.022970328e+02 -2.7362e-02 -2.2834e+00 -1.2049e+00 +1.8447e+00 -1.0091e+00
79 +2.438522630e+01 +2.438522630e+01 +8.917522630e+01 +8.917522630e+01 +2.7179e+00 -4.7749e-01 -1.8261e+00 +1.7961e+00 +2.9215e+00
91 +1.548426188e+01 +1.548426188e+01 +8.027426188e+01 +8.027426188e+01 +2.5323e+00 +2.2034e-01 -8.4669e-01 +8.9087e-01 +6.4688e-01
252 +7.962073696e+00 +7.962073696e+00 +7.275207370e+01 +7.275207370e+01 +3.1482e+00 +9.3544e-01 -1.5713e+00 +1.2082e+00 +9.5276e-01
326 +3.877217460e+00 +3.877217460e+00 +6.866721746e+01 +6.866721746e+01 +2.2110e+00 +3.4131e-01 -7.6264e-01 +1.5127e+00 +8.3448e-01
532 +1.663215129e+00 +1.663215129e+00 +6.645321513e+01 +6.645321513e+01 -2.9239e+00 -3.1562e+00 -1.1423e-01 +1.4725e+00 -2.5146e-01
594 +9.144866670e-01 +9.144866670e-01 +6.570448667e+01 +6.570448667e+01 -2.7582e+00 -2.5239e+00 -1.3102e-01 +1.5754e+00 -7.0308e-01
719 +4.360201405e-01 +4.360201405e-01 +6.522602014e+01 +6.522602014e+01 -1.0489e+00 -1.8442e+00 -5.8475e-01 +1.1927e+00 +3.6264e-01
902 +3.750190293e-01 +3.750190293e-01 +6.516501903e+01 +6.516501903e+01 -1.3738e+00 -1.9104e+00 -4.3475e-01 +1.2030e+00 +9.7795e-02
1281 +8.951980123e-02 +8.951980123e-02 +6.487951980e+01 +6.487951980e+01 -1.9000e+00 -2.2356e+00 -2.3345e-01 +1.2968e+00 -1.1637e-01
1519 +3.366723306e-02 +3.366723306e-02 +6.482366723e+01 +6.482366723e+01 -1.9487e+00 -2.1413e+00 -1.2870e-01 +1.4078e+00 -2.4334e-01
1581 +1.030212216e-02 +1.030212216e-02 +6.480030212e+01 +6.480030212e+01 -1.8263e+00 -2.1311e+00 -1.2221e-01 +1.3706e+00 -2.1249e-01
1980 +4.091537278e-07 +4.091537278e-07 +6.479000041e+01 +6.479000041e+01 -1.8383e+00 -2.1067e+00 -1.3937e-01 +1.4162e+00 -2.4249e-01
2107 +2.420333942e-07 +2.420333942e-07 +6.479000024e+01 +6.479000024e+01 -1.8433e+00 -2.0781e+00 -1.1957e-01 +1.3914e+00 -2.7420e-01
2297 +4.580738278e-08 +4.580738278e-08 +6.479000005e+01 +6.479000005e+01 -1.8578e+00 -2.0895e+00 -1.2541e-01 +1.3712e+00 -2.6711e-01
2351 +5.738911568e-10 +5.738911568e-10 +6.479000000e+01 +6.479000000e+01 -1.8623e+00 -2.0913e+00 -1.2339e-01 +1.3720e+00 -2.6711e-01
3181 +2.676330269e-10 +2.676330269e-10 +6.479000000e+01 +6.479000000e+01 -1.8618e+00 -2.0974e+00 -1.2012e-01 +1.3773e+00 -2.6610e-01
3283 +1.165005870e-10 +1.165005870e-10 +6.479000000e+01 +6.479000000e+01 -1.8553e+00 -2.0895e+00 -1.0371e-01 +1.3779e+00 -2.8284e-01
3759 +3.308286978e-11 +3.308286978e-11 +6.479000000e+01 +6.479000000e+01 -1.8490e+00 -2.0810e+00 -8.1584e-02 +1.3797e+00 -2.8949e-01
3898 +1.226396762e-11 +1.226396762e-11 +6.479000000e+01 +6.479000000e+01 -1.8636e+00 -2.1166e+00 -1.1273e-01 +1.4028e+00 -2.7259e-01
3901 +8.057554624e-12 +8.057554624e-12 +6.479000000e+01 +6.479000000e+01 -1.8624e+00 -2.1070e+00 -1.1111e-01 +1.3958e+00 -2.7464e-01
4109 +4.931166586e-12 +4.931166586e-12 +6.479000000e+01 +6.479000000e+01 -1.8517e+00 -2.0967e+00 -9.1306e-02 +1.3886e+00 -2.9137e-01
4303 +2.131628207e-13 +2.131628207e-13 +6.479000000e+01 +6.479000000e+01 -1.8516e+00 -2.0911e+00 -8.3600e-02 +1.3885e+00 -2.8354e-01
4472 +5.684341886e-14 +5.684341886e-14 +6.479000000e+01 +6.479000000e+01 -1.8539e+00 -2.0926e+00 -8.9066e-02 +1.3905e+00 -2.8592e-01
4535 +1.421085472e-14 +1.421085472e-14 +6.479000000e+01 +6.479000000e+01 -1.8524e+00 -2.0932e+00 -8.6417e-02 +1.3894e+00 -2.8405e-01
4867 +0.000000000e+00 +0.000000000e+00 +6.479000000e+01 +6.479000000e+01 -1.8563e+00 -2.0967e+00 -9.9589e-02 +1.3890e+00 -2.8462e-01
% function evaluation | noise-free fitness - Fopt (5.407000000000e+01) | best noise-free fitness - Fopt | measured fitness | best measured fitness | x1 | x2...
1 +1.113263566e+03 +1.113263566e+03 +1.167333566e+03 +1.167333566e+03 -3.9672e+00 +4.6548e-02 +1.7414e-01 +3.4018e+00 +3.2012e+00
2 +8.384005717e+02 +8.384005717e+02 +8.924705717e+02 +8.924705717e+02 +1.2082e+00 -1.6829e+00 +3.2405e+00 -3.8405e+00 -2.0750e+00
6 +1.525994306e+02 +1.525994306e+02 +2.066694306e+02 +2.066694306e+02 -5.9084e-01 -2.4156e+00 -4.0184e+00 +3.6460e+00 +2.5402e+00
52 +7.252278466e+01 +7.252278466e+01 +1.265927847e+02 +1.265927847e+02 -1.0876e+00 +5.0497e-01 -5.7378e-01 +4.6858e+00 -3.0463e+00
59 +4.808544016e+01 +4.808544016e+01 +1.021554402e+02 +1.021554402e+02 -1.5689e+00 -4.7115e+00 -1.6251e-01 +6.0600e+00 -1.9986e+00
103 +3.717195852e+01 +3.717195852e+01 +9.124195852e+01 +9.124195852e+01 -1.0353e+00 -1.7172e+00 +2.3887e+00 +3.3410e+00 -3.7113e+00
196 +2.297542938e+01 +2.297542938e+01 +7.704542938e+01 +7.704542938e+01 +1.7061e-01 +5.2927e-01 +2.9263e+00 +3.0752e+00 -6.6407e+00
227 +1.519635514e+01 +1.519635514e+01 +6.926635514e+01 +6.926635514e+01 +2.8062e-01 +2.0131e+00 +1.3023e+00 +2.0933e+00 -5.7643e+00
258 +8.809133674e+00 +8.809133674e+00 +6.287913367e+01 +6.287913367e+01 +1.3977e-01 -3.5065e+00 +1.7506e+00 +2.9993e+00 -2.6466e+00
310 +5.141446929e+00 +5.141446929e+00 +5.921144693e+01 +5.921144693e+01 +1.7061e-01 -1.9160e+00 +2.9263e+00 +3.0752e+00 -3.7279e+00
353 +3.067763570e+00 +3.067763570e+00 +5.713776357e+01 +5.713776357e+01 +9.4899e-01 -1.3049e+00 +3.2394e+00 +2.1097e+00 -4.5381e+00
527 +1.981211995e+00 +1.981211995e+00 +5.605121199e+01 +5.605121199e+01 +9.9560e-01 -2.7407e+00 +3.5440e+00 +2.3304e+00 -3.6857e+00
601 +1.273417410e+00 +1.273417410e+00 +5.534341741e+01 +5.534341741e+01 +5.5903e-01 -2.7480e+00 +2.9478e+00 +2.9035e+00 -3.7279e+00
753 +4.976143883e-01 +4.976143883e-01 +5.456761439e+01 +5.456761439e+01 +8.8284e-01 -3.6339e+00 +3.6461e+00 +2.5455e+00 -3.5422e+00
816 +3.336813440e-01 +3.336813440e-01 +5.440368134e+01 +5.440368134e+01 +1.0315e+00 -3.0671e+00 +2.9437e+00 +2.2125e+00 -3.3442e+00
951 +1.369194452e-01 +1.369194452e-01 +5.420691945e+01 +5.420691945e+01 +9.8844e-01 -3.5665e+00 +3.7248e+00 +2.4933e+00 -3.3805e+00
1506 +8.720768237e-02 +8.720768237e-02 +5.415720768e+01 +5.415720768e+01 +1.0524e+00 -3.7422e+00 +3.6461e+00 +2.4089e+00 -3.2357e+00
1587 +3.078163752e-02 +3.078163752e-02 +5.410078164e+01 +5.410078164e+01 +9.2180e-01 -3.3805e+00 +3.4517e+00 +2.4830e+00 -3.4958e+00
2034 +1.191170629e-02 +1.191170629e-02 +5.408191171e+01 +5.408191171e+01 +1.0017e+00 -3.4035e+00 +3.3612e+00 +2.4356e+00 -3.3673e+00
2053 +7.235575543e-03 +7.235575543e-03 +5.407723558e+01 +5.407723558e+01 +9.4891e-01 -3.3135e+00 +3.3997e+00 +2.4885e+00 -3.4047e+00
2326 +8.409351437e-09 +8.409351437e-09 +5.407000001e+01 +5.407000001e+01 +9.4891e-01 -3.3457e+00 +3.3997e+00 +2.4885e+00 -3.4047e+00
2801 +1.382190362e-09 +1.382190362e-09 +5.407000000e+01 +5.407000000e+01 +9.4891e-01 -3.3514e+00 +3.3997e+00 +2.4885e+00 -3.4219e+00
2956 +9.990586136e-10 +9.990586136e-10 +5.407000000e+01 +5.407000000e+01 +9.4324e-01 -3.3626e+00 +3.3901e+00 +2.4708e+00 -3.4243e+00
3006 +3.618723099e-10 +3.618723099e-10 +5.407000000e+01 +5.407000000e+01 +9.5127e-01 -3.3540e+00 +3.3924e+00 +2.4778e+00 -3.4302e+00
3026 +3.090860901e-12 +3.090860901e-12 +5.407000000e+01 +5.407000000e+01 +9.5127e-01 -3.3540e+00 +3.3924e+00 +2.4778e+00 -3.4338e+00
3790 +1.975308805e-12 +1.975308805e-12 +5.407000000e+01 +5.407000000e+01 +9.4487e-01 -3.3580e+00 +3.3950e+00 +2.4786e+00 -3.4379e+00
4032 +2.131628207e-13 +2.131628207e-13 +5.407000000e+01 +5.407000000e+01 +9.5254e-01 -3.3580e+00 +3.3898e+00 +2.4757e+00 -3.4269e+00
4095 +8.526512829e-14 +8.526512829e-14 +5.407000000e+01 +5.407000000e+01 +9.5708e-01 -3.3600e+00 +3.3898e+00 +2.4800e+00 -3.4209e+00
4232 +1.421085472e-14 +1.421085472e-14 +5.407000000e+01 +5.407000000e+01 +9.5752e-01 -3.3534e+00 +3.3934e+00 +2.4847e+00 -3.4167e+00
4369 +7.105427358e-15 +7.105427358e-15 +5.407000000e+01 +5.407000000e+01 +9.5832e-01 -3.3539e+00 +3.3941e+00 +2.4867e+00 -3.4142e+00
4393 +0.000000000e+00 +0.000000000e+00 +5.407000000e+01 +5.407000000e+01 +9.5881e-01 -3.3572e+00 +3.3910e+00 +2.4826e+00 -3.4159e+00
% function evaluation | noise-free fitness - Fopt (-9.152000000000e+01) | best noise-free fitness - Fopt | measured fitness | best measured fitness | x1 | x2...
1 +3.155242384e+02 +3.155242384e+02 +2.240042384e+02 +2.240042384e+02 -3.0682e+00 -3.8243e-01 +2.0988e+00 +3.7673e+00 +2.9287e+00
14 +9.320212872e+01 +9.320212872e+01 +1.682128717e+00 +1.682128717e+00 -4.4928e+00 +4.6466e+00 -7.2008e-01 +2.5861e+00 +3.2224e+00
64 +4.694362778e+01 +4.694362778e+01 -4.457637222e+01 -4.457637222e+01 -1.8317e+00 +5.3674e+00 -4.4091e-01 -1.1276e+00 +2.0570e+00
69 +2.978287572e+01 +2.978287572e+01 -6.173712428e+01 -6.173712428e+01 -7.2563e-01 +4.5294e+00 -2.3997e+00 -1.7502e-01 +3.2429e+00
81 +7.537138295e+00 +7.537138295e+00 -8.398286170e+01 -8.398286170e+01 -1.5317e+00 +3.1646e+00 +8.8574e-02 +2.8155e+00 +2.0375e+00
182 +3.424362175e+00 +3.424362175e+00 -8.809563782e+01 -8.809563782e+01 -1.8317e+00 +2.2712e+00 -4.4091e-01 +3.0076e+00 +2.0570e+00
293 +2.414000488e+00 +2.414000488e+00 -8.910599951e+01 -8.910599951e+01 -3.3473e+00 +2.6251e+00 +4.8279e-01 +2.9703e+00 +1.1321e+00
413 +6.968342867e-01 +6.968342867e-01 -9.082316571e+01 -9.082316571e+01 -1.6016e+00 +2.8266e+00 -1.6596e+00 +4.0217e+00 +3.2373e+00
546 +2.588869731e-01 +2.588869731e-01 -9.126111303e+01 -9.126111303e+01 -2.5264e+00 +2.7891e+00 -1.0413e+00 +3.1930e+00 +2.1831e+00
755 +1.577117392e-01 +1.577117392e-01 -9.136228826e+01 -9.136228826e+01 -2.5593e+00 +2.8692e+00 -7.3531e-01 +3.0248e+00 +2.1190e+00
913 +8.482542140e-02 +8.482542140e-02 -9.143517458e+01 -9.143517458e+01 -2.2391e+00 +2.8254e+00 -1.0122e+00 +3.3630e+00 +2.4857e+00
1051 +5.234622806e-02 +5.234622806e-02 -9.146765377e+01 -9.146765377e+01 -2.2391e+00 +2.8254e+00 -1.0122e+00 +3.3630e+00 +2.4864e+00
1576 +3.249709991e-02 +3.249709991e-02 -9.148750290e+01 -9.148750290e+01 -2.2783e+00 +2.7905e+00 -9.3076e-01 +3.2676e+00 +2.3708e+00
1611 +2.411031491e-02 +2.411031491e-02 -9.149588969e+01 -9.149588969e+01 -2.2578e+00 +2.8240e+00 -9.3719e-01 +3.2595e+00 +2.3519e+00
1677 +1.226492720e-02 +1.226492720e-02 -9.150773507e+01 -9.150773507e+01 -2.3561e+00 +2.8535e+00 -9.4832e-01 +3.1417e+00 +2.2938e+00
1955 +8.476313771e-03 +8.476313771e-03 -9.151152369e+01 -9.151152369e+01 -2.4323e+00 +2.7892e+00 -8.6955e-01 +3.1747e+00 +2.2212e+00
2076 +8.631884896e-08 +8.631884896e-08 -9.151999991e+01 -9.151999991e+01 -2.4122e+00 +2.7892e+00 -8.6955e-01 +3.2308e+00 +2.2212e+00
2557 +3.930487935e-08 +3.930487935e-08 -9.151999996e+01 -9.151999996e+01 -2.3999e+00 +2.7798e+00 -8.7425e-01 +3.2433e+00 +2.2385e+00
2628 +4.231296202e-09 +4.231296202e-09 -9.152000000e+01 -9.152000000e+01 -2.4486e+00 +2.7974e+00 -8.7134e-01 +3.2239e+00 +2.2404e+00
2776 +3.906663437e-09 +3.906663437e-09 -9.152000000e+01 -9.152000000e+01 -2.4468e+00 +2.7971e+00 -8.7163e-01 +3.2241e+00 +2.2391e+00
2851 +1.095941116e-09 +1.095941116e-09 -9.152000000e+01 -9.152000000e+01 -2.4518e+00 +2.7997e+00 -8.7163e-01 +3.2241e+00 +2.2329e+00
2966 +8.349019254e-10 +8.349019254e-10 -9.152000000e+01 -9.152000000e+01 -2.4254e+00 +2.7904e+00 -8.7096e-01 +3.2363e+00 +2.2330e+00
3137 +3.567777185e-10 +3.567777185e-10 -9.152000000e+01 -9.152000000e+01 -2.4207e+00 +2.7901e+00 -8.6913e-01 +3.2332e+00 +2.2518e+00
3206 +1.431885721e-10 +1.431885721e-10 -9.152000000e+01 -9.152000000e+01 -2.4120e+00 +2.7866e+00 -8.6627e-01 +3.2378e+00 +2.2353e+00
3590 +7.781864042e-11 +7.781864042e-11 -9.152000000e+01 -9.152000000e+01 -2.4304e+00 +2.7959e+00 -8.7022e-01 +3.2337e+00 +2.2407e+00
3710 +4.291678124e-12 +4.291678124e-12 -9.152000000e+01 -9.152000000e+01 -2.4459e+00 +2.8029e+00 -8.7839e-01 +3.2366e+00 +2.2392e+00
3938 +1.321609489e-12 +1.321609489e-12 -9.152000000e+01 -9.152000000e+01 -2.4285e+00 +2.7923e+00 -8.7076e-01 +3.2309e+00 +2.2517e+00
4055 +9.094947018e-13 +9.094947018e-13 -9.152000000e+01 -9.152000000e+01 -2.4169e+00 +2.7818e+00 -8.6791e-01 +3.2281e+00 +2.2572e+00
4103 +9.947598301e-14 +9.947598301e-14 -9.152000000e+01 -9.152000000e+01 -2.4165e+00 +2.7856e+00 -8.6317e-01 +3.2258e+00 +2.2558e+00
4147 +1.421085472e-14 +1.421085472e-14 -9.152000000e+01 -9.152000000e+01 -2.4238e+00 +2.7878e+00 -8.6847e-01 +3.2279e+00 +2.2560e+00
4485 +0.000000000e+00 +0.000000000e+00 -9.152000000e+01 -9.152000000e+01 -2.4203e+00 +2.7877e+00 -8.6536e-01 +3.2270e+00 +2.2554e+00
% function evaluation | noise-free fitness - Fopt (2.263000000000e+01) | best noise-free fitness - Fopt | measured fitness | best measured fitness | x1 | x2...
1 +1.392124075e+03 +1.392124075e+03 +1.414754075e+03 +1.414754075e+03 -4.6332e+00 -2.0750e+00 +7.4111e-01 +3.9675e+00 +3.5512e+00
2 +9.788359935e+02 +9.788359935e+02 +1.001465994e+03 +1.001465994e+03 -4.9427e+00 +9.6549e-01 +2.9468e+00 -4.6173e+00 +3.8528e+00
4 +4.526035629e+02 +4.526035629e+02 +4.752335629e+02 +4.752335629e+02 -1.9072e-01 -1.8818e+00 +3.3983e+00 +4.7509e+00 +3.2888e+00
7 +2.195953364e+02 +2.195953364e+02 +2.422253364e+02 +2.422253364e+02 +3.1532e+00 -1.8533e-01 -1.2849e+00 +4.5240e+00 +4.6510e+00
9 +1.347264043e+02 +1.347264043e+02 +1.573564043e+02 +1.573564043e+02 +2.4955e+00 -3.0538e+00 +1.0287e+00 -6.4745e-01 -1.9998e+00
26 +9.083569159e+01 +9.083569159e+01 +1.134656916e+02 +1.134656916e+02 +3.3347e-01 -6.1635e+00 +2.7778e+00 -3.2404e+00 -1.9998e+00
27 +4.645727722e+01 +4.645727722e+01 +6.908727722e+01 +6.908727722e+01 +6.3369e+00 -1.8533e-01 -1.1564e+00 +4.5240e+00 +4.6510e+00
31 +3.154599014e+01 +3.154599014e+01 +5.417599014e+01 +5.417599014e+01 +3.0204e+00 -3.6756e+00 +2.4223e+00 +4.7509e+00 +3.2888e+00
151 +2.345526013e+01 +2.345526013e+01 +4.608526013e+01 +4.608526013e+01 +5.1203e+00 -3.0040e+00 -6.4059e-01 +3.5435e+00 +9.1458e-01
177 +1.291177645e+01 +1.291177645e+01 +3.554177645e+01 +3.554177645e+01 +3.4311e+00 -1.9329e+00 +2.5935e+00 +3.0921e+00 +5.4577e+00
338 +5.932517889e+00 +5.932517889e+00 +2.856251789e+01 +2.856251789e+01 +3.5933e+00 -3.0417e+00 +2.4740e+00 +3.8549e+00 +4.0063e+00
351 +3.521012405e+00 +3.521012405e+00 +2.615101240e+01 +2.615101240e+01 +3.5933e+00 -2.4720e+00 +2.5403e+00 +3.2710e+00 +4.1329e+00
677 +2.050297177e+00 +2.050297177e+00 +2.468029718e+01 +2.468029718e+01 +4.1317e+00 -3.0880e+00 +2.1868e+00 +3.3690e+00 +2.4546e+00
703 +9.122145920e-01 +9.122145920e-01 +2.354221459e+01 +2.354221459e+01 +3.9049e+00 -3.2330e+00 +2.8601e+00 +3.7842e+00 +2.9984e+00
951 +5.984311942e-01 +5.984311942e-01 +2.322843119e+01 +2.322843119e+01 +3.3292e+00 -3.4889e+00 +2.8792e+00 +3.3940e+00 +2.9501e+00
1083 +3.916694255e-01 +3.916694255e-01 +2.302166943e+01 +2.302166943e+01 +3.0558e+00 -3.6088e+00 +3.2827e+00 +3.1133e+00 +3.3171e+00
1140 +2.215007052e-01 +2.215007052e-01 +2.285150071e+01 +2.285150071e+01 +3.1644e+00 -3.4266e+00 +3.2131e+00 +3.2047e+00 +3.2995e+00
1178 +1.299625898e-01 +1.299625898e-01 +2.275996259e+01 +2.275996259e+01 +3.0558e+00 -3.4908e+00 +3.1767e+00 +3.0077e+00 +3.3171e+00
1354 +8.023863818e-02 +8.023863818e-02 +2.271023864e+01 +2.271023864e+01 +2.8495e+00 -3.5970e+00 +3.4686e+00 +2.8875e+00 +3.1870e+00
1426 +1.995567175e-02 +1.995567175e-02 +2.264995567e+01 +2.264995567e+01 +2.8495e+00 -3.5970e+00 +3.3435e+00 +2.8203e+00 +3.1870e+00
2047 +9.122145920e-03 +9.122145920e-03 +2.263912215e+01 +2.263912215e+01 +2.6994e+00 -3.6861e+00 +3.4963e+00 +2.7216e+00 +3.2034e+00
2189 +6.523345419e-08 +6.523345419e-08 +2.263000007e+01 +2.263000007e+01 +2.7809e+00 -3.6635e+00 +3.4233e+00 +2.7939e+00 +3.1814e+00
2394 +5.168850237e-09 +5.168850237e-09 +2.263000001e+01 +2.263000001e+01 +2.7641e+00 -3.6539e+00 +3.4454e+00 +2.7938e+00 +3.1766e+00
2759 +1.844000508e-10 +1.844000508e-10 +2.263000000e+01 +2.263000000e+01 +2.7681e+00 -3.6596e+00 +3.4305e+00 +2.8173e+00 +3.2067e+00
3166 +9.771383702e-11 +9.771383702e-11 +2.263000000e+01 +2.263000000e+01 +2.7875e+00 -3.6669e+00 +3.4193e+00 +2.8032e+00 +3.2162e+00
3650 +3.351985356e-11 +3.351985356e-11 +2.263000000e+01 +2.263000000e+01 +2.7861e+00 -3.6617e+00 +3.4223e+00 +2.8047e+00 +3.2175e+00
3853 +6.370015626e-12 +6.370015626e-12 +2.263000000e+01 +2.263000000e+01 +2.7723e+00 -3.6581e+00 +3.4344e+00 +2.8102e+00 +3.2056e+00
3947 +3.868905196e-12 +3.868905196e-12 +2.263000000e+01 +2.263000000e+01 +2.7760e+00 -3.6663e+00 +3.4288e+00 +2.8134e+00 +3.2121e+00
4227 +6.856737400e-13 +6.856737400e-13 +2.263000000e+01 +2.263000000e+01 +2.7748e+00 -3.6695e+00 +3.4288e+00 +2.8178e+00 +3.2147e+00
4295 +1.065814104e-13 +1.065814104e-13 +2.263000000e+01 +2.263000000e+01 +2.7804e+00 -3.6542e+00 +3.4205e+00 +2.8068e+00 +3.2132e+00
4401 +7.815970093e-14 +7.815970093e-14 +2.263000000e+01 +2.263000000e+01 +2.7770e+00 -3.6516e+00 +3.4288e+00 +2.7995e+00 +3.2008e+00
4452 +4.973799150e-14 +4.973799150e-14 +2.263000000e+01 +2.263000000e+01 +2.7747e+00 -3.6545e+00 +3.4322e+00 +2.8017e+00 +3.1996e+00
4579 +2.486899575e-14 +2.486899575e-14 +2.263000000e+01 +2.263000000e+01 +2.7777e+00 -3.6571e+00 +3.4298e+00 +2.7997e+00 +3.2008e+00
4655 +1.421085472e-14 +1.421085472e-14 +2.263000000e+01 +2.263000000e+01 +2.7789e+00 -3.6536e+00 +3.4255e+00 +2.7977e+00 +3.2005e+00
4688 +3.552713679e-15 +3.552713679e-15 +2.263000000e+01 +2.263000000e+01 +2.7791e+00 -3.6575e+00 +3.4272e+00 +2.7991e+00 +3.2018e+00
4691 +0.000000000e+00 +0.000000000e+00 +2.263000000e+01 +2.263000000e+01 +2.7867e+00 -3.6608e+00 +3.4125e+00 +2.8028e+00 +3.2153e+00
% function evaluation | noise-free fitness - Fopt (1.554000000000e+01) | best noise-free fitness - Fopt | measured fitness | best measured fitness | x1 | x2...
1 +9.549537573e+02 +9.549537573e+02 +9.704937573e+02 +9.704937573e+02 +3.0187e+00 -6.9349e-01 -1.3640e+00 -2.5409e+00 -8.5939e-02
3 +4.593930978e+02 +4.593930978e+02 +4.749330978e+02 +4.749330978e+02 -4.2066e+00 -1.8900e+00 +2.6628e+00 +1.0163e+00 -4.6095e+00
4 +1.787484679e+02 +1.787484679e+02 +1.942884679e+02 +1.942884679e+02 -2.5494e+00 -9.1133e-01 +4.5386e+00 +5.6466e-01 +9.9528e-01
9 +1.021060970e+02 +1.021060970e+02 +1.176460970e+02 +1.176460970e+02 -2.0465e+00 +2.1424e+00 +3.8011e+00 +2.9603e+00 -9.9551e-01
13 +7.532778784e+01 +7.532778784e+01 +9.086778784e+01 +9.086778784e+01 +1.4767e+00 -3.4208e+00 +2.8603e+00 -4.9531e+00 +4.8712e+00
23 +6.044546381e+01 +6.044546381e+01 +7.598546381e+01 +7.598546381e+01 -3.6755e-01 -1.7402e+00 +3.6521e+00 +2.7618e+00 -1.5300e-01
88 +3.553960353e+01 +3.553960353e+01 +5.107960353e+01 +5.107960353e+01 -6.7521e-01 -1.0278e+00 +1.2850e+00 -6.3219e-01 -2.6412e-01
126 +1.780163441e+01 +1.780163441e+01 +3.334163441e+01 +3.334163441e+01 -1.6479e+00 -1.6253e+00 +1.1068e+00 -8.8806e-01 +7.3634e-01
130 +6.154417635e+00 +6.154417635e+00 +2.169441763e+01 +2.169441763e+01 -1.4665e+00 -1.7402e+00 +1.7424e+00 +2.7618e+00 -4.0905e+00
301 +3.368851441e+00 +3.368851441e+00 +1.890885144e+01 +1.890885144e+01 -1.2351e+00 -1.5215e+00 +1.4291e+00 +2.9701e-01 -2.0059e+00
497 +1.880183459e+00 +1.880183459e+00 +1.742018346e+01 +1.742018346e+01 -1.1307e+00 -2.9768e+00 +4.5100e-01 +6.3165e-01 -2.5402e+00
553 +1.315014730e+00 +1.315014730e+00 +1.685501473e+01 +1.685501473e+01 -2.3845e+00 -1.5937e+00 +3.2892e-01 +1.5739e+00 -4.2600e+00
608 +9.420226605e-01 +9.420226605e-01 +1.648202266e+01 +1.648202266e+01 -6.8805e-01 -3.1823e+00 +1.0010e+00 +4.0197e-01 -2.2743e+00
767 +4.359797037e-01 +4.359797037e-01 +1.597597970e+01 +1.597597970e+01 -1.8169e+00 -1.8371e+00 +6.8735e-01 +1.3469e+00 -3.7716e+00
934 +3.175979329e-01 +3.175979329e-01 +1.585759793e+01 +1.585759793e+01 -1.1398e+00 -2.3162e+00 +1.1966e+00 +1.1801e+00 -2.7535e+00
977 +2.340691863e-01 +2.340691863e-01 +1.577406919e+01 +1.577406919e+01 -1.5322e+00 -1.8858e+00 +8.4937e-01 +1.3509e+00 -3.5249e+00
1277 +1.535407491e-01 +1.535407491e-01 +1.569354075e+01 +1.569354075e+01 -1.6913e+00 -1.8858e+00 +7.9589e-01 +1.4735e+00 -3.5320e+00
1455 +8.352557387e-02 +8.352557387e-02 +1.562352557e+01 +1.562352557e+01 -1.6462e+00 -2.0334e+00 +7.5843e-01 +1.1884e+00 -3.1207e+00
1463 +5.613339768e-02 +5.613339768e-02 +1.559613340e+01 +1.559613340e+01 -1.4065e+00 -2.1634e+00 +9.1704e-01 +1.2292e+00 -3.0948e+00
1580 +3.319170143e-02 +3.319170143e-02 +1.557319170e+01 +1.557319170e+01 -1.5308e+00 -2.0505e+00 +9.2784e-01 +1.3052e+00 -3.1970e+00
1584 +1.771575476e-02 +1.771575476e-02 +1.555771575e+01 +1.555771575e+01 -1.6913e+00 -1.8858e+00 +8.1537e-01 +1.3200e+00 -3.3578e+00
2088 +1.240700027e-02 +1.240700027e-02 +1.555240700e+01 +1.555240700e+01 -1.6494e+00 -1.9462e+00 +8.1439e-01 +1.3505e+00 -3.3237e+00
2235 +4.852060801e-03 +4.852060801e-03 +1.554485206e+01 +1.554485206e+01 -1.6130e+00 -2.0334e+00 +7.8365e-01 +1.2609e+00 -3.3014e+00
2258 +3.048250381e-07 +3.048250381e-07 +1.554000030e+01 +1.554000030e+01 -1.5590e+00 -2.0364e+00 +8.3655e-01 +1.2599e+00 -3.2539e+00
2276 +1.971837644e-07 +1.971837644e-07 +1.554000020e+01 +1.554000020e+01 -1.5701e+00 -2.0364e+00 +8.3655e-01 +1.2599e+00 -3.2829e+00
2563 +5.373982148e-08 +5.373982148e-08 +1.554000005e+01 +1.554000005e+01 -1.5835e+00 -2.0357e+00 +8.6045e-01 +1.2825e+00 -3.2480e+00
2576 +5.555659044e-09 +5.555659044e-09 +1.554000001e+01 +1.554000001e+01 -1.5835e+00 -2.0357e+00 +8.6094e-01 +1.2825e+00 -3.2631e+00
2705 +2.757353457e-09 +2.757353457e-09 +1.554000000e+01 +1.554000000e+01 -1.5562e+00 -2.0360e+00 +8.6947e-01 +1.2728e+00 -3.2727e+00
3281 +1.094294433e-09 +1.094294433e-09 +1.554000000e+01 +1.554000000e+01 -1.5605e+00 -2.0312e+00 +8.6123e-01 +1.2774e+00 -3.2750e+00
3332 +9.870309015e-10 +9.870309015e-10 +1.554000000e+01 +1.554000000e+01 -1.5553e+00 -2.0404e+00 +8.7078e-01 +1.2835e+00 -3.2700e+00
3418 +4.482885174e-10 +4.482885174e-10 +1.554000000e+01 +1.554000000e+01 -1.5642e+00 -2.0360e+00 +8.6521e-01 +1.2702e+00 -3.2802e+00
3426 +3.005347082e-10 +3.005347082e-10 +1.554000000e+01 +1.554000000e+01 -1.5588e+00 -2.0370e+00 +8.6521e-01 +1.2793e+00 -3.2773e+00
3662 +1.275388684e-10 +1.275388684e-10 +1.554000000e+01 +1.554000000e+01 -1.5603e+00 -2.0300e+00 +8.5846e-01 +1.2785e+00 -3.2773e+00
3772 +1.665334537e-11 +1.665334537e-11 +1.554000000e+01 +1.554000000e+01 -1.5832e+00 -2.0334e+00 +8.4678e-01 +1.2855e+00 -3.2882e+00
3942 +4.119371511e-12 +4.119371511e-12 +1.554000000e+01 +1.554000000e+01 -1.5693e+00 -2.0342e+00 +8.5813e-01 +1.2843e+00 -3.2753e+00
4178 +3.771205570e-12 +3.771205570e-12 +1.554000000e+01 +1.554000000e+01 -1.5642e+00 -2.0358e+00 +8.6471e-01 +1.2847e+00 -3.2672e+00
4205 +4.494182804e-13 +4.494182804e-13 +1.554000000e+01 +1.554000000e+01 -1.5552e+00 -2.0248e+00 +8.5959e-01 +1.2808e+00 -3.2652e+00
4485 +2.824407375e-13 +2.824407375e-13 +1.554000000e+01 +1.554000000e+01 -1.5686e+00 -2.0314e+00 +8.5745e-01 +1.2875e+00 -3.2684e+00
4582 +2.131628207e-14 +2.131628207e-14 +1.554000000e+01 +1.554000000e+01 -1.5620e+00 -2.0309e+00 +8.6161e-01 +1.2822e+00 -3.2675e+00
4922 +5.329070518e-15 +5.329070518e-15 +1.554000000e+01 +1.554000000e+01 -1.5541e+00 -2.0254e+00 +8.6198e-01 +1.2832e+00 -3.2597e+00
4936 +3.552713679e-15 +3.552713679e-15 +1.554000000e+01 +1.554000000e+01 -1.5437e+00 -2.0217e+00 +8.6576e-01 +1.2805e+00 -3.2530e+00
% function evaluation | noise-free fitness - Fopt (-3.765100000000e+02) | best noise-free fitness - Fopt | measured fitness | best measured fitness | x1 | x2...
1 +1.391210692e+03 +1.391210692e+03 +1.014700692e+03 +1.014700692e+03 +3.0202e+00 -4.7894e+00 +9.1556e-01 -4.8094e+00 +2.8428e+00
3 +6.430606985e+01 +6.430606985e+01 -3.122039301e+02 -3.122039301e+02 -3.7130e-01 +3.8848e+00 +1.0552e+00 +7.0209e-02 -1.0531e+00
6 +6.172523666e+01 +6.172523666e+01 -3.147847633e+02 -3.147847633e+02 -3.1956e-01 -2.9188e+00 +2.1602e+00 +2.2476e+00 +1.0574e+00
15 +3.890636353e+01 +3.890636353e+01 -3.376036365e+02 -3.376036365e+02 -3.2205e+00 +3.4609e+00 -1.7135e-01 +1.3361e-01 +1.1753e+00
28 +2.036595657e+01 +2.036595657e+01 -3.561440434e+02 -3.561440434e+02 -1.8946e+00 +2.5357e-01 +2.1602e+00 +2.3501e+00 +9.9742e-01
111 +1.218631008e+01 +1.218631008e+01 -3.643236899e+02 -3.643236899e+02 -2.6752e+00 +1.0251e+00 +1.8561e+00 +2.0485e+00 +8.6611e-01
207 +8.166269476e+00 +8.166269476e+00 -3.683437305e+02 -3.683437305e+02 -2.3912e+00 +1.4580e+00 +1.9450e+00 +1.9071e+00 +2.3081e+00
226 +5.839936444e+00 +5.839936444e+00 -3.706700636e+02 -3.706700636e+02 -2.9298e+00 +1.8835e+00 +1.9450e+00 +1.8660e+00 +2.2063e+00
421 +3.353506008e+00 +3.353506008e+00 -3.731564940e+02 -3.731564940e+02 -2.8818e+00 +2.6043e+00 +1.8668e+00 +1.7743e+00 +2.6086e+00
478 +1.765788795e+00 +1.765788795e+00 -3.747442112e+02 -3.747442112e+02 -3.1153e+00 +2.6486e+00 +1.5227e+00 +1.5011e+00 +1.8871e+00
516 +9.751667389e-01 +9.751667389e-01 -3.755348333e+02 -3.755348333e+02 -2.8026e+00 +2.0448e+00 +1.0558e+00 +7.8152e-01 +2.3160e+00
605 +5.232639292e-01 +5.232639292e-01 -3.759867361e+02 -3.759867361e+02 -2.7351e+00 +1.7686e+00 +1.5227e+00 +1.5011e+00 +1.8871e+00
753 +3.199605013e-01 +3.199605013e-01 -3.761900395e+02 -3.761900395e+02 -3.0416e+00 +1.6099e+00 +1.1867e+00 +1.5780e+00 +2.8988e+00
904 +2.429822648e-01 +2.429822648e-01 -3.762670177e+02 -3.762670177e+02 -2.7351e+00 +1.9862e+00 +1.3703e+00 +1.2209e+00 +1.9099e+00
964 +1.471271102e-01 +1.471271102e-01 -3.763628729e+02 -3.763628729e+02 -2.9415e+00 +1.5953e+00 +9.0282e-01 +1.5931e+00 +3.2900e+00
988 +6.993352498e-02 +6.993352498e-02 -3.764400665e+02 -3.764400665e+02 -3.0094e+00 +1.8271e+00 +9.9726e-01 +1.4334e+00 +2.9724e+00
1160 +5.553196963e-02 +5.553196963e-02 -3.764544680e+02 -3.764544680e+02 -2.9993e+00 +1.6868e+00 +1.0213e+00 +1.4699e+00 +3.1189e+00
1321 +2.955456373e-02 +2.955456373e-02 -3.764804454e+02 -3.764804454e+02 -2.8957e+00 +1.8101e+00 +1.0962e+00 +1.5132e+00 +2.8662e+00
1357 +2.176116639e-02 +2.176116639e-02 -3.764882388e+02 -3.764882388e+02 -2.9577e+00 +1.7458e+00 +1.1153e+00 +1.5759e+00 +2.9469e+00
1531 +7.019948354e-03 +7.019948354e-03 -3.765029801e+02 -3.765029801e+02 -2.8970e+00 +1.7731e+00 +1.0821e+00 +1.5054e+00 +2.9680e+00
1605 +2.381650006e-07 +2.381650006e-07 -3.765099998e+02 -3.765099998e+02 -2.9620e+00 +1.7626e+00 +1.0808e+00 +1.5136e+00 +2.9802e+00
1634 +1.510884999e-07 +1.510884999e-07 -3.765099998e+02 -3.765099998e+02 -2.9173e+00 +1.7582e+00 +1.1017e+00 +1.5397e+00 +2.9543e+00
2152 +7.591012263e-08 +7.591012263e-08 -3.765099999e+02 -3.765099999e+02 -2.9479e+00 +1.7626e+00 +1.0804e+00 +1.5522e+00 +2.9722e+00
2317 +5.653686230e-08 +5.653686230e-08 -3.765099999e+02 -3.765099999e+02 -2.9250e+00 +1.7715e+00 +1.1000e+00 +1.5304e+00 +2.9790e+00
2509 +2.861725079e-09 +2.861725079e-09 -3.765100000e+02 -3.765100000e+02 -2.9372e+00 +1.7634e+00 +1.0824e+00 +1.5181e+00 +2.9909e+00
2633 +1.023522600e-09 +1.023522600e-09 -3.765100000e+02 -3.765100000e+02 -2.9437e+00 +1.7559e+00 +1.0910e+00 +1.5209e+00 +3.0048e+00
2741 +8.475922186e-10 +8.475922186e-10 -3.765100000e+02 -3.765100000e+02 -2.9438e+00 +1.7477e+00 +1.0827e+00 +1.5109e+00 +2.9909e+00
2778 +1.979287845e-10 +1.979287845e-10 -3.765100000e+02 -3.765100000e+02 -2.9404e+00 +1.7552e+00 +1.0832e+00 +1.5206e+00 +2.9855e+00
2954 +3.643663149e-11 +3.643663149e-11 -3.765100000e+02 -3.765100000e+02 -2.9437e+00 +1.7559e+00 +1.0843e+00 +1.5209e+00 +3.0039e+00
3187 +6.366462912e-12 +6.366462912e-12 -3.765100000e+02 -3.765100000e+02 -2.9493e+00 +1.7509e+00 +1.0854e+00 +1.5302e+00 +3.0112e+00
4235 +3.069544618e-12 +3.069544618e-12 -3.765100000e+02 -3.765100000e+02 -2.9448e+00 +1.7545e+00 +1.0841e+00 +1.5235e+00 +3.0036e+00
4372 +1.136868377e-12 +1.136868377e-12 -3.765100000e+02 -3.765100000e+02 -2.9482e+00 +1.7535e+00 +1.0863e+00 +1.5315e+00 +3.0118e+00
4436 +5.684341886e-13 +5.684341886e-13 -3.765100000e+02 -3.765100000e+02 -2.9463e+00 +1.7565e+00 +1.0831e+00 +1.5387e+00 +3.0033e+00
4735 +3.410605132e-13 +3.410605132e-13 -3.765100000e+02 -3.765100000e+02 -2.9480e+00 +1.7507e+00 +1.0872e+00 +1.5243e+00 +3.0096e+00
4826 +1.136868377e-13 +1.136868377e-13 -3.765100000e+02 -3.765100000e+02 -2.9482e+00 +1.7501e+00 +1.0877e+00 +1.5235e+00 +3.0101e+00
4845 +5.684341886e-14 +5.684341886e-14 -3.765100000e+02 -3.765100000e+02 -2.9435e+00 +1.7603e+00 +1.0832e+00 +1.5324e+00 +3.0040e+00
4893 +0.000000000e+00 +0.000000000e+00 -3.765100000e+02 -3.765100000e+02 -2.9431e+00 +1.7631e+00 +1.0791e+00 +1.5450e+00 +2.9983e+00
% function evaluation | noise-free fitness - Fopt (3.960400000000e+02) | best noise-free fitness - Fopt | measured fitness | best measured fitness | x1 | x2...
1 +9.191336232e+01 +9.191336232e+01 +4.879533623e+02 +4.879533623e+02 -2.6123e+00 -1.5267e+00 +2.5083e+00 +2.4964e+00 +2.7368e-01
26 +4.224996274e+01 +4.224996274e+01 +4.382899627e+02 +4.382899627e+02 -5.0389e+00 +1.7942e+00 +1.3671e+00 -7.3922e-01 -4.1538e+00
78 +3.214103826e+01 +3.214103826e+01 +4.281810383e+02 +4.281810383e+02 -2.4318e+00 +2.9829e-01 +3.2218e+00 +2.7772e+00 -1.9433e+00
130 +2.190945724e+01 +2.190945724e+01 +4.179494572e+02 +4.179494572e+02 -3.7131e+00 +7.7371e-01 +2.4035e+00 +1.4441e+00 -3.0511e+00
153 +1.557761866e+01 +1.557761866e+01 +4.116176187e+02 +4.116176187e+02 -1.7697e+00 -1.4411e+00 +1.3674e+00 +1.9572e+00 -1.5466e+00
234 +7.865661294e+00 +7.865661294e+00 +4.039056613e+02 +4.039056613e+02 -4.2899e+00 -1.8372e+00 -2.8752e-01 +1.0844e+00 -5.4851e+00
359 +6.143988096e+00 +6.143988096e+00 +4.021839881e+02 +4.021839881e+02 -2.8640e+00 -2.8326e+00 -5.9222e-02 +2.6101e+00 -2.9882e+00
453 +3.524584381e+00 +3.524584381e+00 +3.995645844e+02 +3.995645844e+02 -2.5847e+00 -2.6171e+00 +1.7374e-01 +3.0233e+00 -2.3095e+00
501 +1.012384021e+00 +1.012384021e+00 +3.970523840e+02 +3.970523840e+02 -2.5847e+00 -2.9350e+00 +1.7374e-01 +3.0233e+00 -3.2909e+00
701 +8.216784235e-01 +8.216784235e-01 +3.968616784e+02 +3.968616784e+02 -2.5721e+00 -2.9350e+00 +1.7374e-01 +2.9712e+00 -3.2536e+00
851 +4.459634153e-01 +4.459634153e-01 +3.964859634e+02 +3.964859634e+02 -3.0322e+00 -3.2136e+00 -3.5429e-01 +2.6659e+00 -4.1066e+00
959 +3.933882600e-01 +3.933882600e-01 +3.964333883e+02 +3.964333883e+02 -3.6789e+00 -3.3304e+00 -4.5545e-01 +2.4043e+00 -5.1420e+00
1103 +1.088387028e-01 +1.088387028e-01 +3.961488387e+02 +3.961488387e+02 -2.8538e+00 -3.1999e+00 -2.8196e-01 +2.6701e+00 -3.8797e+00
1203 +4.378157793e-02 +4.378157793e-02 +3.960837816e+02 +3.960837816e+02 -2.7484e+00 -3.3112e+00 -3.2557e-01 +2.8284e+00 -3.8061e+00
1470 +3.738361357e-02 +3.738361357e-02 +3.960773836e+02 +3.960773836e+02 -2.9099e+00 -3.4164e+00 -4.3147e-01 +2.6659e+00 -4.1066e+00
1815 +2.497602351e-02 +2.497602351e-02 +3.960649760e+02 +3.960649760e+02 -2.7843e+00 -3.4644e+00 -3.6011e-01 +2.7744e+00 -3.9864e+00
1882 +7.520164421e-03 +7.520164421e-03 +3.960475202e+02 +3.960475202e+02 -2.8241e+00 -3.4445e+00 -3.8507e-01 +2.8127e+00 -3.9730e+00
2068 +1.845138513e-07 +1.845138513e-07 +3.960400002e+02 +3.960400002e+02 -2.7769e+00 -3.5009e+00 -4.0647e-01 +2.8587e+00 -3.9777e+00
2193 +5.595421726e-08 +5.595421726e-08 +3.960400001e+02 +3.960400001e+02 -2.7829e+00 -3.4915e+00 -3.9307e-01 +2.8331e+00 -3.9498e+00
2359 +1.728017196e-08 +1.728017196e-08 +3.960400000e+02 +3.960400000e+02 -2.7564e+00 -3.5245e+00 -4.2436e-01 +2.8531e+00 -3.9526e+00
2376 +1.506117542e-08 +1.506117542e-08 +3.960400000e+02 +3.960400000e+02 -2.7595e+00 -3.5128e+00 -3.9538e-01 +2.8531e+00 -3.9529e+00
2626 +7.499920684e-10 +7.499920684e-10 +3.960400000e+02 +3.960400000e+02 -2.7912e+00 -3.4822e+00 -3.9368e-01 +2.8402e+00 -3.9582e+00
3563 +6.231175576e-10 +6.231175576e-10 +3.960400000e+02 +3.960400000e+02 -2.7870e+00 -3.4702e+00 -3.9162e-01 +2.8330e+00 -3.9693e+00
3584 +7.162270776e-12 +7.162270776e-12 +3.960400000e+02 +3.960400000e+02 -2.7727e+00 -3.4862e+00 -4.2314e-01 +2.8405e+00 -3.9679e+00
4250 +6.082245818e-12 +6.082245818e-12 +3.960400000e+02 +3.960400000e+02 -2.7802e+00 -3.4970e+00 -4.0141e-01 +2.8333e+00 -3.9557e+00
4309 +3.012701200e-12 +3.012701200e-12 +3.960400000e+02 +3.960400000e+02 -2.7767e+00 -3.5042e+00 -4.1006e-01 +2.8388e+00 -3.9527e+00
4379 +6.821210263e-13 +6.821210263e-13 +3.960400000e+02 +3.960400000e+02 -2.7829e+00 -3.4956e+00 -4.0962e-01 +2.8426e+00 -3.9545e+00
4407 +1.136868377e-13 +1.136868377e-13 +3.960400000e+02 +3.960400000e+02 -2.7705e+00 -3.4984e+00 -4.1745e-01 +2.8356e+00 -3.9611e+00
4788 +0.000000000e+00 +0.000000000e+00 +3.960400000e+02 +3.960400000e+02 -2.7819e+00 -3.4964e+00 -4.1145e-01 +2.8444e+00 -3.9545e+00
% function evaluation | noise-free fitness - Fopt (1.281100000000e+02) | best noise-free fitness - Fopt | measured fitness | best measured fitness | x1 | x2...
1 +9.645067429e+02 +9.645067429e+02 +1.092616743e+03 +1.092616743e+03 -2.7903e-01 +3.1209e+00 +3.0543e+00 -3.8340e+00 -4.0642e+00
2 +3.077616042e+02 +3.077616042e+02 +4.358716042e+02 +4.358716042e+02 +4.0618e+00 +4.6010e+00 -2.1405e+00 +2.4270e+00 -2.9681e+00
3 +1.515954160e+02 +1.515954160e+02 +2.797054160e+02 +2.797054160e+02 +5.7665e-01 +4.0953e-01 +1.5195e+00 +3.2319e+00 +4.6858e-01
10 +7.168745936e+01 +7.168745936e+01 +1.997974594e+02 +1.997974594e+02 -1.3265e+00 +3.3505e-01 +1.9982e-01 +2.6355e+00 -1.2502e+00
20 +4.491955110e+01 +4.491955110e+01 +1.730295511e+02 +1.730295511e+02 +3.6449e+00 +1.1423e+00 -1.5380e-01 -3.5349e-01 +9.1877e-01
38 +3.944699786e+01 +3.944699786e+01 +1.675569979e+02 +1.675569979e+02 -3.7957e-01 +8.5332e-01 -1.5344e+00 +7.0788e-01 +7.0970e-01
41 +1.311980590e+01 +1.311980590e+01 +1.412298059e+02 +1.412298059e+02 -4.9640e+00 +7.2779e-01 -1.8575e+00 +2.8943e+00 +8.6489e-01
51 +7.104183401e+00 +7.104183401e+00 +1.352141834e+02 +1.352141834e+02 -4.9640e+00 +1.5090e+00 -1.8575e+00 +2.8943e+00 +1.5863e+00
178 +3.855739911e+00 +3.855739911e+00 +1.319657399e+02 +1.319657399e+02 -1.3265e+00 +1.8602e+00 -1.1329e+00 +2.7397e-01 +1.1973e+00
445 +2.396177939e+00 +2.396177939e+00 +1.305061779e+02 +1.305061779e+02 -2.5050e+00 +1.2894e+00 -1.0468e+00 +1.3566e+00 +1.2287e+00
556 +1.415779817e+00 +1.415779817e+00 +1.295257798e+02 +1.295257798e+02 -4.0056e+00 +7.7601e-01 -1.8577e+00 +2.3728e+00 +1.8423e+00
708 +6.567196673e-01 +6.567196673e-01 +1.287667197e+02 +1.287667197e+02 -2.6713e+00 +7.5546e-01 -1.3712e+00 +1.5819e+00 +1.6702e+00
751 +5.069540857e-01 +5.069540857e-01 +1.286169541e+02 +1.286169541e+02 -2.6713e+00 +7.5546e-01 -1.3121e+00 +1.5819e+00 +1.6702e+00
807 +3.141990317e-01 +3.141990317e-01 +1.284241990e+02 +1.284241990e+02 -2.5765e+00 +1.0524e+00 -1.3271e+00 +1.4646e+00 +1.4384e+00
835 +1.688067290e-01 +1.688067290e-01 +1.282788067e+02 +1.282788067e+02 -3.1926e+00 +4.9154e-01 -1.4503e+00 +2.2472e+00 +1.7157e+00
1152 +3.949928293e-02 +3.949928293e-02 +1.281494993e+02 +1.281494993e+02 -3.0523e+00 +4.2430e-01 -1.2980e+00 +2.0035e+00 +1.8459e+00
1503 +1.967976250e-02 +1.967976250e-02 +1.281296798e+02 +1.281296798e+02 -3.3759e+00 +4.4949e-01 -1.4509e+00 +2.2031e+00 +1.8413e+00
1681 +8.940126219e-03 +8.940126219e-03 +1.281189401e+02 +1.281189401e+02 -3.2203e+00 +4.1811e-01 -1.3963e+00 +2.1402e+00 +1.8302e+00
1760 +6.135649542e-03 +6.135649542e-03 +1.281161356e+02 +1.281161356e+02 -3.4987e+00 +4.8394e-01 -1.4978e+00 +2.2525e+00 +1.8428e+00
1904 +1.778472551e-07 +1.778472551e-07 +1.281100002e+02 +1.281100002e+02 -3.3759e+00 +4.4901e-01 -1.4509e+00 +2.2431e+00 +1.8413e+00
2004 +4.212265026e-08 +4.212265026e-08 +1.281100000e+02 +1.281100000e+02 -3.4054e+00 +4.2812e-01 -1.4401e+00 +2.2333e+00 +1.8209e+00
2328 +3.376791824e-08 +3.376791824e-08 +1.281100000e+02 +1.281100000e+02 -3.4055e+00 +4.1555e-01 -1.4473e+00 +2.2355e+00 +1.8728e+00
2532 +7.436966598e-09 +7.436966598e-09 +1.281100000e+02 +1.281100000e+02 -3.4118e+00 +4.1790e-01 -1.4308e+00 +2.2465e+00 +1.8766e+00
2681 +1.248821491e-09 +1.248821491e-09 +1.281100000e+02 +1.281100000e+02 -3.4076e+00 +4.1047e-01 -1.4293e+00 +2.2727e+00 +1.8580e+00
2910 +4.666560471e-10 +4.666560471e-10 +1.281100000e+02 +1.281100000e+02 -3.4103e+00 +4.2432e-01 -1.4333e+00 +2.2451e+00 +1.8624e+00
3001 +8.765255188e-11 +8.765255188e-11 +1.281100000e+02 +1.281100000e+02 -3.4103e+00 +4.2432e-01 -1.4333e+00 +2.2451e+00 +1.8662e+00
3104 +1.921307557e-11 +1.921307557e-11 +1.281100000e+02 +1.281100000e+02 -3.4135e+00 +4.2268e-01 -1.4358e+00 +2.2323e+00 +1.8729e+00
3508 +3.012701200e-12 +3.012701200e-12 +1.281100000e+02 +1.281100000e+02 -3.4165e+00 +4.1423e-01 -1.4296e+00 +2.2389e+00 +1.8716e+00
3616 +1.506350600e-12 +1.506350600e-12 +1.281100000e+02 +1.281100000e+02 -3.4023e+00 +4.3224e-01 -1.4399e+00 +2.2557e+00 +1.8456e+00
3705 +6.536993169e-13 +6.536993169e-13 +1.281100000e+02 +1.281100000e+02 -3.4061e+00 +4.2835e-01 -1.4394e+00 +2.2469e+00 +1.8550e+00
3980 +2.842170943e-13 +2.842170943e-13 +1.281100000e+02 +1.281100000e+02 -3.4015e+00 +4.3393e-01 -1.4414e+00 +2.2547e+00 +1.8416e+00
4060 +1.989519660e-13 +1.989519660e-13 +1.281100000e+02 +1.281100000e+02 -3.4037e+00 +4.3126e-01 -1.4407e+00 +2.2508e+00 +1.8474e+00
4081 +8.526512829e-14 +8.526512829e-14 +1.281100000e+02 +1.281100000e+02 -3.4109e+00 +4.2105e-01 -1.4383e+00 +2.2390e+00 +1.8672e+00
4161 +0.000000000e+00 +0.000000000e+00 +1.281100000e+02 +1.281100000e+02 -3.4122e+00 +4.2151e-01 -1.4383e+00 +2.2341e+00 +1.8666e+00
% function evaluation | noise-free fitness - Fopt (-2.923500000000e+02) | best noise-free fitness - Fopt | measured fitness | best measured fitness | x1 | x2...
1 +6.502326442e+02 +6.502326442e+02 +3.578826442e+02 +3.578826442e+02 -2.7058e+00 +3.2707e+00 -4.6214e-01 -3.8086e+00 -1.1657e+00
2 +5.983684348e+02 +5.983684348e+02 +3.060184348e+02 +3.060184348e+02 +1.9660e+00 -4.7257e+00 -1.5280e+00 -1.5750e+00 -2.1852e+00
3 +1.396911732e+02 +1.396911732e+02 -1.526588268e+02 -1.526588268e+02 +8.4524e-01 +5.5291e-01 +2.6702e+00 +8.2295e-01 -9.2017e-01
61 +9.367912678e+01 +9.367912678e+01 -1.986708732e+02 -1.986708732e+02 -4.7496e+00 -2.3910e-01 +1.4828e+00 +4.3671e-01 +2.0085e+00
62 +4.027738682e+01 +4.027738682e+01 -2.520726132e+02 -2.520726132e+02 -3.2812e+00 -1.2942e+00 +4.0648e+00 +1.8999e+00 +3.1813e+00
106 +2.031061853e+01 +2.031061853e+01 -2.720393815e+02 -2.720393815e+02 -2.2742e+00 -2.0319e-02 +1.4828e+00 +4.3671e-01 +2.8744e+00
178 +9.351298927e+00 +9.351298927e+00 -2.829987011e+02 -2.829987011e+02 -1.3373e+00 -2.3379e+00 +5.4024e-01 +5.7322e-01 +2.9911e+00
226 +5.543993611e+00 +5.543993611e+00 -2.868060064e+02 -2.868060064e+02 -2.0874e-01 -2.3379e+00 +5.4024e-01 +5.7322e-01 +1.7513e+00
330 +3.246467981e+00 +3.246467981e+00 -2.891035320e+02 -2.891035320e+02 -1.7424e+00 -2.4225e+00 +1.5566e+00 +1.1611e+00 +2.1734e+00
379 +1.598316315e+00 +1.598316315e+00 -2.907516837e+02 -2.907516837e+02 -2.0586e+00 -2.3379e+00 +1.7771e+00 +1.3605e+00 +2.5274e+00
431 +1.187932049e+00 +1.187932049e+00 -2.911620680e+02 -2.911620680e+02 -1.3016e+00 -3.1173e+00 +9.5383e-01 +1.4742e+00 +1.9168e+00
799 +9.637670355e-01 +9.637670355e-01 -2.913862330e+02 -2.913862330e+02 -2.1919e+00 -3.1813e+00 +1.6247e+00 +1.6072e+00 +2.7433e+00
902 +5.655105088e-02 +5.655105088e-02 -2.922934489e+02 -2.922934489e+02 -2.1919e+00 -3.1813e+00 +1.4179e+00 +1.7211e+00 +2.7433e+00
1405 +3.489294358e-02 +3.489294358e-02 -2.923151071e+02 -2.923151071e+02 -2.0692e+00 -3.2549e+00 +1.2627e+00 +1.7093e+00 +2.6238e+00
1609 +2.350779103e-02 +2.350779103e-02 -2.923264922e+02 -2.923264922e+02 -1.9235e+00 -3.3359e+00 +1.2491e+00 +1.7368e+00 +2.5759e+00
1908 +1.434368510e-02 +1.434368510e-02 -2.923356563e+02 -2.923356563e+02 -1.8831e+00 -3.3151e+00 +1.2701e+00 +1.6958e+00 +2.5607e+00
2080 +4.189303127e-09 +4.189303127e-09 -2.923500000e+02 -2.923500000e+02 -1.9235e+00 -3.3359e+00 +1.2491e+00 +1.7352e+00 +2.5422e+00
3226 +3.956245109e-09 +3.956245109e-09 -2.923500000e+02 -2.923500000e+02 -1.9235e+00 -3.3359e+00 +1.2491e+00 +1.7350e+00 +2.5422e+00
3537 +1.857415555e-09 +1.857415555e-09 -2.923500000e+02 -2.923500000e+02 -1.9135e+00 -3.3405e+00 +1.2623e+00 +1.7429e+00 +2.5503e+00
3618 +1.329624411e-09 +1.329624411e-09 -2.923500000e+02 -2.923500000e+02 -1.9090e+00 -3.3499e+00 +1.2703e+00 +1.7454e+00 +2.5553e+00
3641 +5.812808013e-10 +5.812808013e-10 -2.923500000e+02 -2.923500000e+02 -1.9222e+00 -3.3314e+00 +1.2602e+00 +1.7402e+00 +2.5305e+00
3760 +1.762145985e-12 +1.762145985e-12 -2.923500000e+02 -2.923500000e+02 -1.9239e+00 -3.3428e+00 +1.2564e+00 +1.7469e+00 +2.5389e+00
4284 +1.080024958e-12 +1.080024958e-12 -2.923500000e+02 -2.923500000e+02 -1.9216e+00 -3.3375e+00 +1.2575e+00 +1.7592e+00 +2.5423e+00
4338 +2.273736754e-13 +2.273736754e-13 -2.923500000e+02 -2.923500000e+02 -1.9211e+00 -3.3385e+00 +1.2578e+00 +1.7601e+00 +2.5437e+00
4804 +1.136868377e-13 +1.136868377e-13 -2.923500000e+02 -2.923500000e+02 -1.9288e+00 -3.3411e+00 +1.2527e+00 +1.7517e+00 +2.5340e+00
4908 +5.684341886e-14 +5.684341886e-14 -2.923500000e+02 -2.923500000e+02 -1.9311e+00 -3.3602e+00 +1.2504e+00 +1.7590e+00 +2.5430e+00
4913 +0.000000000e+00 +0.000000000e+00 -2.923500000e+02 -2.923500000e+02 -1.9344e+00 -3.3650e+00 +1.2473e+00 +1.7607e+00 +2.5428e+00
% function evaluation | noise-free fitness - Fopt (3.110100000000e+02) | best noise-free fitness - Fopt | measured fitness | best measured fitness | x1 | x2...
1 +1.442006037e+03 +1.442006037e+03 +1.753016037e+03 +1.753016037e+03 -1.7482e+00 +2.9851e+00 +2.6444e+00 +1.0668e+00 +2.5689e+00
3 +3.574347222e+02 +3.574347222e+02 +6.684447222e+02 +6.684447222e+02 +3.8803e+00 +3.3084e+00 -1.1677e+00 +3.4994e+00 +2.8689e+00
5 +2.393327150e+02 +2.393327150e+02 +5.503427150e+02 +5.503427150e+02 +4.9153e+00 -1.1344e+00 +4.0153e+00 -1.9861e+00 -1.8952e+00
30 +1.459019253e+02 +1.459019253e+02 +4.569119253e+02 +4.569119253e+02 +3.3460e-01 -1.4360e+00 -2.0384e-01 -2.2807e+00 -8.2065e-01
89 +4.263760881e+01 +4.263760881e+01 +3.536476088e+02 +3.536476088e+02 +5.8506e-01 -3.0766e+00 +1.5386e+00 -3.9221e-02 -4.8916e-02
199 +2.439055855e+01 +2.439055855e+01 +3.354005586e+02 +3.354005586e+02 +5.6948e-01 -2.9941e+00 -4.0990e+00 +1.0782e+00 +4.5181e-01
201 +1.194232105e+01 +1.194232105e+01 +3.229523210e+02 +3.229523210e+02 -5.5173e-01 -2.9941e+00 -4.0990e+00 +1.1545e+00 +4.5181e-01
358 +9.238564155e+00 +9.238564155e+00 +3.202485642e+02 +3.202485642e+02 -6.5334e-01 -4.0555e+00 -2.8908e+00 +1.7514e-01 -1.4498e+00
432 +4.081231986e+00 +4.081231986e+00 +3.150912320e+02 +3.150912320e+02 -7.8647e-01 -3.6333e+00 -2.1309e+00 +1.3233e+00 +1.3923e+00
456 +3.975552548e+00 +3.975552548e+00 +3.149855525e+02 +3.149855525e+02 -9.7827e-01 -3.8743e+00 -1.4292e+00 +9.9223e-01 +1.4750e+00
752 +2.402845594e+00 +2.402845594e+00 +3.134128456e+02 +3.134128456e+02 -1.3570e+00 -3.2688e+00 -2.3476e+00 +1.2018e+00 +3.5071e+00
862 +1.473259174e+00 +1.473259174e+00 +3.124832592e+02 +3.124832592e+02 -1.0271e+00 -3.1991e+00 -2.7484e+00 +1.0084e+00 +2.9229e+00
1287 +4.000796067e-01 +4.000796067e-01 +3.114100796e+02 +3.114100796e+02 -1.4867e+00 -3.4002e+00 -2.2076e+00 +7.7735e-01 +2.9271e+00
1351 +3.973735230e-01 +3.973735230e-01 +3.114073735e+02 +3.114073735e+02 -1.5954e+00 -3.6830e+00 -2.2076e+00 +6.0219e-01 +2.9271e+00
1705 +6.356283689e-02 +6.356283689e-02 +3.110735628e+02 +3.110735628e+02 -2.1323e+00 -3.5775e+00 -2.5602e+00 +8.7014e-01 +3.7324e+00
1729 +2.771540504e-02 +2.771540504e-02 +3.110377154e+02 +3.110377154e+02 -2.0253e+00 -3.5574e+00 -2.7832e+00 +9.4914e-01 +3.6072e+00
2293 +2.200326732e-02 +2.200326732e-02 +3.110320033e+02 +3.110320033e+02 -1.9634e+00 -3.5403e+00 -2.5997e+00 +8.9372e-01 +3.5248e+00
2353 +5.215701352e-03 +5.215701352e-03 +3.110152157e+02 +3.110152157e+02 -1.9634e+00 -3.5403e+00 -2.6466e+00 +8.9372e-01 +3.5054e+00
2533 +2.174578526e-07 +2.174578526e-07 +3.110100002e+02 +3.110100002e+02 -1.9843e+00 -3.5330e+00 -2.6660e+00 +9.4671e-01 +3.6721e+00
2751 +1.317652618e-07 +1.317652618e-07 +3.110100001e+02 +3.110100001e+02 -1.9843e+00 -3.5130e+00 -2.6607e+00 +9.4671e-01 +3.6721e+00
2905 +2.263061560e-08 +2.263061560e-08 +3.110100000e+02 +3.110100000e+02 -2.0156e+00 -3.5124e+00 -2.6114e+00 +9.1820e-01 +3.6613e+00
3009 +1.323689958e-08 +1.323689958e-08 +3.110100000e+02 +3.110100000e+02 -1.9803e+00 -3.5014e+00 -2.6241e+00 +9.1696e-01 +3.6609e+00
3026 +3.303739504e-09 +3.303739504e-09 +3.110100000e+02 +3.110100000e+02 -2.0147e+00 -3.5014e+00 -2.6153e+00 +9.3005e-01 +3.6609e+00
3135 +1.459397936e-09 +1.459397936e-09 +3.110100000e+02 +3.110100000e+02 -2.0085e+00 -3.5163e+00 -2.6114e+00 +9.2946e-01 +3.6630e+00
3153 +2.518731890e-10 +2.518731890e-10 +3.110100000e+02 +3.110100000e+02 -1.9889e+00 -3.5041e+00 -2.6205e+00 +9.0042e-01 +3.6645e+00
3635 +3.143441063e-11 +3.143441063e-11 +3.110100000e+02 +3.110100000e+02 -2.0028e+00 -3.5014e+00 -2.6167e+00 +9.2339e-01 +3.6609e+00
3778 +1.551825335e-11 +1.551825335e-11 +3.110100000e+02 +3.110100000e+02 -1.9959e+00 -3.5098e+00 -2.6133e+00 +9.2432e-01 +3.6604e+00
4225 +3.637978807e-12 +3.637978807e-12 +3.110100000e+02 +3.110100000e+02 -1.9975e+00 -3.5013e+00 -2.6241e+00 +9.1311e-01 +3.6659e+00
4328 +2.273736754e-12 +2.273736754e-12 +3.110100000e+02 +3.110100000e+02 -1.9967e+00 -3.5046e+00 -2.6205e+00 +9.1681e-01 +3.6643e+00
4519 +9.663381206e-13 +9.663381206e-13 +3.110100000e+02 +3.110100000e+02 -1.9963e+00 -3.5053e+00 -2.6096e+00 +9.0935e-01 +3.6579e+00
4645 +6.252776075e-13 +6.252776075e-13 +3.110100000e+02 +3.110100000e+02 -2.0002e+00 -3.5133e+00 -2.6082e+00 +9.3102e-01 +3.6583e+00
4802 +3.979039320e-13 +3.979039320e-13 +3.110100000e+02 +3.110100000e+02 -1.9985e+00 -3.5048e+00 -2.6028e+00 +9.1413e-01 +3.6530e+00
4829 +1.705302566e-13 +1.705302566e-13 +3.110100000e+02 +3.110100000e+02 -1.9948e+00 -3.5055e+00 -2.6105e+00 +9.0918e-01 +3.6583e+00
4954 +5.684341886e-14 +5.684341886e-14 +3.110100000e+02 +3.110100000e+02 -2.0026e+00 -3.5023e+00 -2.5999e+00 +9.0820e-01 +3.6515e+00
% function evaluation | noise-free fitness - Fopt (-8.051800000000e+02) | best noise-free fitness - Fopt | measured fitness | best measured fitness | x1 | x2...
1 +7.659988878e+02 +7.659988878e+02 -3.918111221e+01 -3.918111221e+01 -1.8415e+00 +1.6971e-01 -1.0386e+00 -2.4517e+00 +3.0768e+00
2 +2.153773944e+02 +2.153773944e+02 -5.898026056e+02 -5.898026056e+02 -2.5315e+00 -9.5268e-01 +3.3437e+00 +2.7444e+00 +5.5154e-01
4 +1.344435434e+02 +1.344435434e+02 -6.707364566e+02 -6.707364566e+02 +2.7318e+00 -3.5210e+00 +2.4274e+00 +2.4801e+00 +9.1021e-02
8 +8.297711485e+01 +8.297711485e+01 -7.222028852e+02 -7.222028852e+02 -1.5995e-01 -4.4567e+00 -3.6334e+00 +2.2655e+00 +3.0900e+00
55 +2.692329568e+01 +2.692329568e+01 -7.782567043e+02 -7.782567043e+02 +2.8068e+00 -3.7702e+00 +1.5499e+00 -6.2901e-01 +1.4707e+00
83 +4.364263501e+00 +4.364263501e+00 -8.008157365e+02 -8.008157365e+02 +8.8209e-01 -2.5105e+00 -7.0114e-01 +2.3532e+00 +1.5202e+00
347 +3.556957222e+00 +3.556957222e+00 -8.016230428e+02 -8.016230428e+02 +2.5872e+00 -3.7098e+00 +1.5100e+00 -1.4871e-01 +2.6729e+00
365 +2.236551428e+00 +2.236551428e+00 -8.029434486e+02 -8.029434486e+02 +2.9349e+00 -4.1456e+00 +7.4865e-01 -6.1751e-02 +2.9494e+00
461 +1.508062059e+00 +1.508062059e+00 -8.036719379e+02 -8.036719379e+02 +2.1389e+00 -2.4770e+00 -6.9673e-01 +2.6126e+00 +1.6437e+00
677 +7.700488455e-01 +7.700488455e-01 -8.044099512e+02 -8.044099512e+02 +2.5881e+00 -3.8040e+00 +1.1021e+00 +4.0113e-01 +2.6593e+00
953 +2.376716742e-01 +2.376716742e-01 -8.049423283e+02 -8.049423283e+02 +2.3997e+00 -3.3949e+00 +3.0515e-01 +1.0999e+00 +2.5739e+00
1152 +1.546063381e-01 +1.546063381e-01 -8.050253937e+02 -8.050253937e+02 +2.2470e+00 -3.5859e+00 +4.5424e-01 +7.8282e-01 +2.5988e+00
1227 +5.943511138e-02 +5.943511138e-02 -8.051205649e+02 -8.051205649e+02 +2.3925e+00 -3.4575e+00 +3.4847e-01 +1.0450e+00 +2.4955e+00
1706 +3.496075733e-02 +3.496075733e-02 -8.051450392e+02 -8.051450392e+02 +2.4603e+00 -3.4575e+00 +3.4847e-01 +1.0450e+00 +2.4955e+00
1982 +2.023940567e-02 +2.023940567e-02 -8.051597606e+02 -8.051597606e+02 +2.5356e+00 -3.6247e+00 +5.5082e-01 +7.5514e-01 +2.6819e+00
2037 +1.168270916e-02 +1.168270916e-02 -8.051683173e+02 -8.051683173e+02 +2.6262e+00 -3.6245e+00 +4.7151e-01 +8.1754e-01 +2.5902e+00
2340 +9.621430763e-09 +9.621430763e-09 -8.051800000e+02 -8.051800000e+02 +2.5349e+00 -3.5175e+00 +3.7701e-01 +9.6172e-01 +2.5641e+00
3532 +5.353854249e-09 +5.353854249e-09 -8.051800000e+02 -8.051800000e+02 +2.5337e+00 -3.5377e+00 +3.7037e-01 +9.6523e-01 +2.5535e+00
3579 +1.479634193e-09 +1.479634193e-09 -8.051800000e+02 -8.051800000e+02 +2.5381e+00 -3.5384e+00 +3.7053e-01 +9.6635e-01 +2.5531e+00
3766 +5.588844942e-10 +5.588844942e-10 -8.051800000e+02 -8.051800000e+02 +2.5365e+00 -3.5208e+00 +3.7218e-01 +9.5564e-01 +2.5535e+00
3784 +3.702780305e-10 +3.702780305e-10 -8.051800000e+02 -8.051800000e+02 +2.5146e+00 -3.5317e+00 +3.5688e-01 +9.5248e-01 +2.5514e+00
3860 +6.241407391e-11 +6.241407391e-11 -8.051800000e+02 -8.051800000e+02 +2.5142e+00 -3.5335e+00 +3.5215e-01 +9.5286e-01 +2.5558e+00
4073 +1.762145985e-11 +1.762145985e-11 -8.051800000e+02 -8.051800000e+02 +2.4947e+00 -3.5339e+00 +3.6386e-01 +9.5766e-01 +2.5531e+00
4563 +9.890754882e-12 +9.890754882e-12 -8.051800000e+02 -8.051800000e+02 +2.5164e+00 -3.5377e+00 +3.5858e-01 +9.6032e-01 +2.5581e+00
4658 +5.229594535e-12 +5.229594535e-12 -8.051800000e+02 -8.051800000e+02 +2.5059e+00 -3.5285e+00 +3.6408e-01 +9.5424e-01 +2.5519e+00
4731 +1.477928890e-12 +1.477928890e-12 -8.051800000e+02 -8.051800000e+02 +2.5051e+00 -3.5358e+00 +3.4956e-01 +9.5107e-01 +2.5523e+00
4737 +2.273736754e-13 +2.273736754e-13 -8.051800000e+02 -8.051800000e+02 +2.5222e+00 -3.5405e+00 +3.5095e-01 +9.5425e-01 +2.5483e+00
4956 +1.136868377e-13 +1.136868377e-13 -8.051800000e+02 -8.051800000e+02 +2.5172e+00 -3.5403e+00 +3.5174e-01 +9.5332e-01 +2.5458e+00
