% function evaluation | noise-free fitness - Fopt (3.590000000000e+01) | best noise-free fitness - Fopt | measured fitness | best measured fitness | x1 | x2...
1 +7.685914732e+05 +7.685914732e+05 +7.686273732e+05 +7.686273732e+05 -1.2658e+00 +3.9218e+00 +4.3225e+00 +1.8801e+00 -2.7993e+00 -4.9801e+00 -4.9742e+00 -4.9473e+00 -4.6268e+00 +2.0212e+00 -2.0707e+00 +1.6058e+00 -4.0101e+00 +1.9661e+00 +2.4722e+00 +3.4876e+00 +1.8035e+00 -3.0585e-01 +8.9702e-01 -3.9645e+00
18 +6.067909525e+05 +6.067909525e+05 +6.068268525e+05 +6.068268525e+05 -2.9422e+00 +3.1185e+00 +3.0710e+00 +6.5579e-01 -3.1944e+00 -2.7927e+00 -3.1475e+00 -3.8933e+00 +1.4905e+00 -2.7107e+00 +1.5765e-01 +3.5443e-01 -2.7452e+00 +1.2447e+00 -4.8662e+00 -3.1044e-01 +3.1211e+00 -1.4590e+00 +7.5484e-01 -2.0952e+00
47 +3.482347364e+05 +3.482347364e+05 +3.482706364e+05 +3.482706364e+05 -5.0000e+00 +3.4171e+00 +4.6774e+00 +3.7473e+00 -4.2327e+00 -2.7545e+00 -8.6316e-01 -4.2058e+00 +2.5887e-01 -1.9528e+00 +1.9882e+00 +2.3348e+00 -1.5093e+00 -1.4212e+00 -5.6497e-01 -9.5255e-02 +3.6057e+00 +1.6063e+00 -2.6975e-01 -5.0000e+00
129 +1.876496670e+05 +1.876496670e+05 +1.876855670e+05 +1.876855670e+05 -5.0000e+00 +2.0393e+00 +5.0000e+00 +5.0000e+00 -5.0000e+00 -3.3857e+00 +3.0075e+00 -5.0000e+00 -1.4554e+00 -5.0000e+00 +5.4605e-01 -2.4616e+00 -5.2188e-01 -1.1179e+00 +3.2396e+00 -1.4858e+00 +3.7459e+00 +3.3364e+00 -1.6281e+00 -5.0000e+00
135 +1.097525775e+05 +1.097525775e+05 +1.097884775e+05 +1.097884775e+05 -5.0000e+00 +5.0000e+00 +4.2045e+00 +3.1775e+00 -4.8429e+00 -2.8640e+00 -8.8124e-01 -4.4562e+00 -1.6114e+00 -2.5907e+00 +6.2885e-01 -8.0828e-01 +1.5239e+00 -4.9371e+00 -5.6236e-01 -3.5086e+00 +4.2664e+00 +5.0000e+00 -5.0000e+00 -5.0000e+00
205 +7.243402723e+04 +7.243402723e+04 +7.246992723e+04 +7.246992723e+04 -5.4021e-01 +5.0000e+00 +4.3157e+00 +5.0000e+00 -5.0000e+00 -1.4658e+00 +1.1475e+00 -5.0000e+00 -1.0737e+00 -2.8089e+00 -5.0000e+00 -3.7257e-01 +3.0198e+00 -5.0000e+00 +2.5756e+00 -4.4863e+00 +3.9946e+00 +5.0000e+00 +7.9505e-01 -5.5046e-01
249 +6.133122995e+04 +6.133122995e+04 +6.136712995e+04 +6.136712995e+04 +0.0000e+00 +4.8264e+00 +4.8506e+00 +4.2770e+00 -4.9796e+00 -2.3195e+00 +9.7174e-01 -5.0000e+00 -8.5424e-01 -3.1511e+00 -4.1222e+00 -8.0096e-01 +3.3161e+00 -4.9633e+00 +2.2279e+00 -3.2869e+00 +4.6458e+00 +5.0000e+00 +0.0000e+00 -1.1563e+00
425 +3.457760442e+04 +3.457760442e+04 +3.461350442e+04 +3.461350442e+04 +6.4029e-02 +3.4227e+00 +4.4905e+00 +4.1047e+00 -4.9552e+00 -4.0426e+00 -1.8904e-01 -4.5154e+00 +8.3216e-01 -1.4999e+00 -2.6626e+00 -3.9252e+00 -3.0594e+00 -4.9653e+00 -4.7490e-01 -4.6570e+00 +5.0000e+00 +5.0000e+00 -2.4866e+00 -2.9377e+00
505 +2.390181263e+04 +2.390181263e+04 +2.393771263e+04 +2.393771263e+04 -7.6117e-01 +3.3339e+00 +3.3830e+00 +5.0000e+00 -4.9693e+00 -3.0007e+00 -1.8597e-01 -4.6529e+00 +9.2915e-01 -1.4923e+00 -2.6344e+00 -3.8019e+00 -9.4626e-01 -5.0000e+00 +2.3703e+00 -3.7634e+00 +5.0000e+00 +5.0000e+00 -2.5452e+00 -1.9229e+00
658 +9.376148910e+03 +9.376148910e+03 +9.412048910e+03 +9.412048910e+03 -1.7169e+00 +5.0000e+00 +4.5712e+00 +3.9408e+00 -4.9725e+00 -3.6273e+00 +3.7904e-01 -4.7394e+00 +3.3983e-01 -4.9919e+00 -2.6383e+00 +1.5452e-01 -2.4592e+00 -3.9861e+00 +3.6912e+00 -5.0000e+00 +9.3586e-01 +5.0000e+00 +4.2543e-01 -1.0485e+00
932 +5.473221648e+03 +5.473221648e+03 +5.509121648e+03 +5.509121648e+03 -1.6447e+00 +4.6446e+00 +4.5355e+00 +3.4728e+00 -5.0000e+00 -3.5370e+00 +3.3669e-01 -4.7299e+00 -1.4207e-01 -5.0000e+00 -2.8152e+00 -1.0745e+00 -1.9887e+00 -5.0000e+00 +3.0884e+00 -4.9355e+00 +1.7016e+00 +5.0000e+00 -8.0045e-02 -2.6764e+00
970 +1.969052867e+03 +1.969052867e+03 +2.004952867e+03 +2.004952867e+03 -1.7778e+00 +4.8433e+00 +4.2500e+00 +3.1841e+00 -4.9495e+00 -3.0238e+00 +5.5405e-01 -4.7282e+00 -5.0658e-01 -4.3622e+00 -2.5572e+00 -1.0894e+00 -2.2272e+00 -4.2576e+00 +2.9094e+00 -4.8075e+00 +1.1464e+00 +5.0000e+00 -7.6172e-02 -2.2755e+00
1001 +1.450820377e+02 +1.450820377e+02 +1.809820377e+02 +1.809820377e+02 +5.2511e-01 +4.5710e+00 +4.9496e+00 +4.0703e+00 -4.8765e+00 -5.0000e+00 +1.3035e-01 -4.4616e+00 -7.7230e-01 -4.7535e+00 -2.7590e+00 -3.6413e+00 -2.9192e+00 -4.5466e+00 +3.6103e-01 -4.0308e+00 +3.1881e+00 +5.0000e+00 -2.0699e+00 -1.9516e+00
2270 +9.627023855e+01 +9.627023855e+01 +1.321702386e+02 +1.321702386e+02 +1.2978e+00 +3.5635e+00 +5.0000e+00 +5.0000e+00 -4.9722e+00 -4.1653e+00 -2.6725e+00 -4.9850e+00 -1.5046e+00 -2.9286e+00 -2.5933e+00 -1.1470e+00 -7.2102e-01 -3.3495e+00 +2.2871e+00 -5.0000e+00 +4.8683e-01 +5.0000e+00 -1.4563e+00 -2.4362e+00
3476 +6.308449056e+01 +6.308449056e+01 +9.898449056e+01 +9.898449056e+01 +2.8461e+00 +2.7866e+00 +4.9950e+00 +4.9998e+00 -4.5163e+00 -4.5590e+00 -2.9289e+00 -4.8767e+00 -2.1733e+00 -3.0845e+00 -2.4442e+00 -3.5739e-01 -7.0856e-01 -2.5000e+00 +1.2674e+00 -4.8142e+00 +7.1731e-01 +5.0000e+00 -1.1962e+00 -2.6778e+00
% function evaluation | noise-free fitness - Fopt (3.137000000000e+01) | best noise-free fitness - Fopt | measured fitness | best measured fitness | x1 | x2...
1 +1.445186078e+06 +1.445186078e+06 +1.445217448e+06 +1.445217448e+06 -2.8806e+00 -3.4684e+00 +4.8452e+00 -2.1282e+00 -4.9597e-01 +3.0257e+00 -2.0489e+00 +3.9296e+00 -4.9878e+00 -3.2194e+00 -1.8992e+00 -2.6849e+00 +3.3836e+00 +1.1808e+00 -2.6108e+00 +3.5990e-01 +3.8949e+00 +4.2713e+00 -3.6453e+00 -1.8409e+00
7 +5.715830299e+05 +5.715830299e+05 +5.716143999e+05 +5.716143999e+05 +4.3706e+00 +4.8680e+00 -7.3356e-01 -3.1246e-01 +1.8186e+00 -7.9048e-01 -2.1029e+00 +2.8325e+00 -5.9090e-01 -4.7056e+00 -2.5682e+00 -2.8798e+00 +4.7202e+00 +2.2382e+00 -3.0311e+00 -8.8030e-01 +1.3581e+00 -1.4847e-01 +3.3612e+00 +6.8330e-01
26 +3.974704849e+05 +3.974704849e+05 +3.975018549e+05 +3.975018549e+05 +4.2608e+00 +2.5192e+00 -4.6806e+00 +4.0237e+00 +5.0134e-01 -3.9817e+00 +2.5647e+00 +4.2920e+00 -5.0652e-01 +2.1538e+00 -3.5443e+00 -2.0859e-01 +2.3897e+00 -2.5000e+00 +1.9023e+00 +1.2849e+00 +2.7365e+00 -1.7057e-01 +4.2361e+00 -7.4459e-01
45 +1.230635626e+05 +1.230635626e+05 +1.230949326e+05 +1.230949326e+05 +5.0000e+00 -2.4955e+00 -5.0000e+00 +4.1386e+00 +1.7741e+00 -4.3919e+00 -1.7444e-01 +1.8558e+00 -1.1289e+00 +1.2021e+00 -3.3168e-01 -2.2882e+00 +1.0564e+00 -4.2074e+00 +8.8063e-02 +5.8946e-01 +5.9160e-01 -1.0973e+00 +1.8163e+00 -1.1656e+00
89 +6.559975099e+04 +6.559975099e+04 +6.563112099e+04 +6.563112099e+04 +3.3555e+00 -2.7693e+00 -1.6779e+00 +5.0000e+00 -2.3082e+00 -5.0000e+00 +1.9272e+00 +4.3514e+00 -1.2738e+00 -5.0000e+00 -1.0167e+00 -5.0000e+00 +2.1074e+00 -1.7512e+00 +4.4739e+00 +1.3361e+00 -1.8894e+00 +1.0026e+00 +5.6645e-01 +0.0000e+00
124 +3.447295001e+04 +3.447295001e+04 +3.450432001e+04 +3.450432001e+04 +5.0000e+00 +0.0000e+00 -4.9362e+00 +5.0000e+00 -5.0000e+00 -5.0000e+00 +2.9684e+00 +4.7204e+00 -2.2328e+00 -5.0000e+00 -3.1520e+00 +0.0000e+00 +7.0281e-01 +3.5133e+00 +5.0000e+00 +1.5898e+00 -5.0000e+00 +0.0000e+00 +5.0000e+00 -2.2661e+00
192 +1.758160941e+04 +1.758160941e+04 +1.761297941e+04 +1.761297941e+04 +5.0000e+00 +0.0000e+00 -5.0000e+00 +5.0000e+00 -5.0000e+00 -5.0000e+00 +1.2186e+00 +5.0000e+00 -7.7392e-01 -5.0000e+00 -2.2616e+00 -1.7637e-01 +0.0000e+00 +3.0895e+00 +3.3939e+00 +3.3693e+00 -5.0000e+00 -1.4616e+00 +5.0000e+00 -9.3940e-01
271 +4.610043403e+03 +4.610043403e+03 +4.641413403e+03 +4.641413403e+03 +5.0000e+00 -2.2681e+00 -5.0000e+00 +5.0000e+00 -5.0000e+00 -5.0000e+00 +3.9140e+00 +9.9882e-01 -1.8966e+00 -5.0000e+00 -5.0000e+00 +4.6574e-03 +4.9461e+00 -1.3713e+00 +4.8331e+00 +2.5475e-01 -5.0000e+00 -3.4191e+00 +5.0000e+00 -2.4049e+00
399 +3.944820933e+03 +3.944820933e+03 +3.976190933e+03 +3.976190933e+03 +5.0000e+00 -1.5164e+00 -5.0000e+00 +4.5125e+00 -5.0000e+00 -5.0000e+00 +2.5924e+00 +2.1357e+00 +0.0000e+00 -5.0000e+00 -1.8860e+00 -6.5058e-01 +4.2612e+00 +0.0000e+00 +4.6141e+00 +1.0376e+00 -6.6514e-01 -3.0546e+00 +0.0000e+00 -2.0743e+00
513 +1.900191080e+03 +1.900191080e+03 +1.931561080e+03 +1.931561080e+03 +5.0000e+00 -5.0000e+00 -4.9990e+00 +3.9235e+00 -5.0000e+00 -5.0000e+00 +6.0651e-01 +1.9624e+00 -6.1605e-01 -4.9867e+00 -3.8486e+00 -1.9355e+00 +1.8406e+00 +0.0000e+00 +2.7669e+00 +1.2857e+00 -3.2371e-01 -1.7601e+00 +1.3218e+00 -3.4309e+00
532 +3.736213857e+02 +3.736213857e+02 +4.049913857e+02 +4.049913857e+02 +5.0000e+00 -1.5471e+00 -5.0000e+00 +4.8853e+00 -4.5178e+00 -5.0000e+00 -1.4136e+00 +1.7785e+00 -1.4939e+00 -4.9793e+00 -1.1927e+00 -3.8151e-01 +2.2311e+00 -7.5124e-01 +4.2530e+00 +3.0373e+00 -1.2154e+00 -1.8292e+00 +3.0177e-01 -1.8882e+00
789 +2.230299865e+02 +2.230299865e+02 +2.543999865e+02 +2.543999865e+02 +5.0000e+00 -7.5357e-01 -4.9999e+00 +3.0582e+00 -5.0000e+00 -5.0000e+00 -3.5270e+00 +5.0000e+00 -1.2242e+00 -4.1113e+00 +6.8612e-01 +1.2015e+00 +3.4167e+00 +2.9056e-01 +1.0412e+00 +2.7934e+00 +0.0000e+00 -2.0566e+00 +1.3693e+00 -1.9105e+00
3034 +1.574154701e+02 +1.574154701e+02 +1.887854701e+02 +1.887854701e+02 +5.0000e+00 +2.3832e+00 -5.0000e+00 +2.5457e+00 -4.6884e+00 -5.0000e+00 -2.1632e+00 +3.2263e+00 +1.1278e-02 -3.5729e+00 +1.0477e+00 +1.6567e+00 +1.8342e+00 +2.0660e+00 +7.6920e-01 +2.6742e+00 +7.3143e-01 -2.7187e+00 +6.0620e-01 +6.8671e-01
% function evaluation | noise-free fitness - Fopt (-1.000000000000e+03) | best noise-free fitness - Fopt | measured fitness | best measured fitness | x1 | x2...
1 +1.084463679e+06 +1.084463679e+06 +1.083463679e+06 +1.083463679e+06 -3.8199e+00 +3.8173e+00 -3.0738e+00 -2.1954e+00 +4.7666e-01 +1.6904e+00 +5.6594e-01 +4.4370e+00 +8.1421e-01 +4.2681e-02 +4.8343e+00 +3.3853e+00 -1.2642e+00 +4.2770e+00 +2.8597e+00 -4.7113e-01 +4.8277e+00 -8.9526e-01 -2.2783e+00 +1.4667e-01
2 +5.920287992e+05 +5.920287992e+05 +5.910287992e+05 +5.910287992e+05 -2.2369e+00 -1.3305e+00 -4.6171e+00 +4.4691e+00 -2.1401e+00 -3.5095e+00 -4.5498e+00 +8.1423e-02 -2.0437e+00 +4.0986e+00 +3.5677e-01 +2.8762e+00 +1.3457e+00 -2.9677e-01 +1.2050e-01 +1.9689e+00 +2.0463e+00 -4.0221e+00 -1.3048e+00 +4.0495e+00
30 +3.315299170e+05 +3.315299170e+05 +3.305299170e+05 +3.305299170e+05 +3.2053e-01 +2.4960e+00 -1.1487e+00 -4.2611e-01 +8.1022e-01 +2.0040e+00 +4.0905e+00 -3.1585e+00 +2.1148e+00 +4.0852e-01 -5.1793e-01 -6.7391e-01 +2.4578e+00 +2.1594e+00 +1.5536e+00 +1.8422e+00 -6.5124e-01 +3.3052e+00 -2.5727e+00 -1.3461e+00
90 +1.843062728e+05 +1.843062728e+05 +1.833062728e+05 +1.833062728e+05 +5.0000e+00 +3.8064e+00 -5.0000e+00 -2.9595e+00 +1.5593e+00 -9.7538e-01 +5.0000e+00 +3.5193e+00 +4.5932e+00 +4.8215e+00 +2.3525e+00 -4.1604e-01 +5.0000e+00 +2.4623e+00 -5.0000e+00 +4.6171e+00 -3.9546e+00 +5.0000e+00 -5.0000e+00 -5.3461e-02
129 +1.375837378e+05 +1.375837378e+05 +1.365837378e+05 +1.365837378e+05 +5.0000e+00 +2.0163e+00 -5.0000e+00 -1.3646e+00 -2.2376e+00 -2.7380e+00 +5.0000e+00 +5.0000e+00 +5.0000e+00 +5.0000e+00 +1.8552e+00 -4.1646e+00 +5.0000e+00 +5.0000e+00 -5.0000e+00 +5.0000e+00 -3.2265e+00 +5.0000e+00 -4.0593e+00 +1.8384e+00
132 +6.581484958e+04 +6.581484958e+04 +6.481484958e+04 +6.481484958e+04 +2.5145e+00 +2.0796e+00 -3.7397e-02 -4.2866e+00 +1.7941e+00 -2.6012e+00 +0.0000e+00 +4.4916e-01 +4.3240e+00 +5.0000e+00 +6.1677e-01 -9.9088e-01 +0.0000e+00 +5.3286e-02 -2.7872e+00 +4.2081e+00 -5.0000e+00 +3.2379e+00 -5.0000e+00 +2.7526e+00
157 +3.900314080e+04 +3.900314080e+04 +3.800314080e+04 +3.800314080e+04 +5.0000e+00 +4.1366e+00 -2.8580e+00 -4.4871e+00 +8.4789e-01 +1.5235e-01 +4.0278e+00 +0.0000e+00 +1.7736e+00 +2.5677e+00 +2.1844e+00 +0.0000e+00 +9.7295e-01 +2.1541e-01 -1.8994e+00 +3.0896e+00 -3.0729e+00 +5.0000e+00 -4.7322e+00 +1.5673e+00
206 +2.185716364e+04 +2.185716364e+04 +2.085716364e+04 +2.085716364e+04 +3.7737e+00 +4.2011e+00 -5.0000e+00 -2.7545e+00 +1.2313e+00 -4.3813e-01 -8.7274e-02 +1.0966e+00 +2.7932e+00 +4.8674e+00 +0.0000e+00 -5.9756e-01 +2.2181e+00 +1.1606e+00 -5.0000e+00 +1.8773e+00 -2.0807e+00 +4.9825e+00 -5.0000e+00 +3.6760e+00
210 +1.395767596e+04 +1.395767596e+04 +1.295767596e+04 +1.295767596e+04 +5.0000e+00 +3.3674e+00 -4.7581e+00 -4.6662e+00 +8.3836e-01 -7.9476e-01 +2.0621e+00 +4.2510e+00 +4.3331e+00 +5.0000e+00 +1.0749e-01 -3.0386e+00 +1.4266e+00 -3.0306e+00 -3.1769e+00 +4.0408e+00 -7.7684e-01 +5.0000e+00 -4.3706e+00 +3.9245e+00
322 +5.986339931e+03 +5.986339931e+03 +4.986339931e+03 +4.986339931e+03 +5.0000e+00 +3.8851e+00 -4.2321e+00 -4.8434e+00 -1.1914e-04 -1.3468e+00 +5.0000e+00 +5.0000e+00 +4.2736e+00 +3.2187e+00 +2.0783e+00 -3.1655e+00 +1.2996e-01 -4.4463e-01 +2.3788e-01 +0.0000e+00 -5.0000e+00 +5.0000e+00 -5.0000e+00 +3.7896e+00
362 +3.591427424e+03 +3.591427424e+03 +2.591427424e+03 +2.591427424e+03 +5.0000e+00 +3.2332e+00 -4.3447e+00 -4.5978e+00 +4.9999e+00 -1.3348e-01 +5.0000e+00 +3.1191e+00 +3.7704e+00 +2.4131e+00 -2.3958e+00 -5.0000e+00 -9.8250e-01 -4.0234e+00 -2.3627e+00 -2.0145e+00 +0.0000e+00 +5.0000e+00 -4.5411e+00 +5.0000e+00
374 +6.822941919e+02 +6.822941919e+02 -3.177058081e+02 -3.177058081e+02 +5.0000e+00 +3.2515e+00 -5.0000e+00 -4.6173e+00 +5.0000e+00 +1.8758e+00 +4.9049e+00 +4.5999e+00 +3.5970e+00 +2.1291e+00 -1.4723e+00 -1.2139e+00 -1.5799e+00 -4.4030e-01 +4.2684e-03 -2.3990e+00 -8.2613e-01 +5.0000e+00 -4.8686e+00 +4.6289e+00
619 +6.167183833e+02 +6.167183833e+02 -3.832816167e+02 -3.832816167e+02 +5.0000e+00 +3.3815e+00 -4.9608e+00 -4.3887e+00 +5.0000e+00 -1.5879e+00 +4.8397e+00 +4.1407e+00 +3.2095e+00 +2.4547e+00 -1.6842e+00 -1.8937e+00 -2.4277e+00 -1.1127e+00 +0.0000e+00 -2.3140e+00 -4.1336e+00 +5.0000e+00 -4.7933e+00 +4.6719e+00
1170 +3.847306625e+02 +3.847306625e+02 -6.152693375e+02 -6.152693375e+02 +5.0000e+00 +7.3009e-01 -4.6777e+00 +0.0000e+00 +3.5659e+00 +1.4283e+00 +4.8255e+00 +2.7853e+00 +0.0000e+00 +1.6262e+00 -7.5050e-01 -9.5121e-01 -4.0304e+00 -3.1150e-01 -2.3949e+00 -4.5578e+00 -4.0601e+00 +5.0000e+00 -4.6792e+00 +5.0000e+00
1497 +2.499916499e+02 +2.499916499e+02 -7.500083501e+02 -7.500083501e+02 +5.0000e+00 +6.4092e-02 -3.5150e+00 -2.7484e-01 +4.2364e+00 +1.0398e+00 +2.4697e+00 +1.0347e-01 +3.9520e-01 +2.0309e+00 -1.1224e+00 -1.6139e+00 -4.6992e+00 +6.1775e-01 -2.5826e+00 -5.0000e+00 -3.7068e+00 +5.0000e+00 -4.7222e+00 +4.9004e+00
% function evaluation | noise-free fitness - Fopt (1.319200000000e+02) | best noise-free fitness - Fopt | measured fitness | best measured fitness | x1 | x2...
1 +2.137069271e+06 +2.137069271e+06 +2.137201191e+06 +2.137201191e+06 +3.9247e+00 +3.3851e+00 +9.8437e-01 +7.8349e-02 +2.5716e+00 -2.8131e+00 +4.6139e+00 -8.6152e-01 -1.7370e+00 -5.7845e-01 -3.0879e-01 -3.2386e+00 +2.9522e+00 -2.1104e+00 +2.4401e+00 +4.2400e-01 -4.5164e+00 -2.3661e+00 -4.8060e+00 +3.1743e+00
3 +8.452574796e+05 +8.452574796e+05 +8.453893996e+05 +8.453893996e+05 -2.6457e+00 +2.4469e+00 -2.2214e+00 +1.7049e-02 -2.0497e+00 +4.4192e-01 -2.9825e+00 -5.5111e-01 -1.7362e+00 -2.9693e+00 -2.9566e+00 -3.2279e+00 +9.8777e-01 +5.8790e-01 -1.7110e+00 +4.5282e+00 +4.3483e+00 -1.1695e+00 +6.6780e-01 +3.6721e+00
51 +5.772283802e+05 +5.772283802e+05 +5.773603002e+05 +5.773603002e+05 +5.1523e-02 +1.3270e+00 -4.2108e+00 +3.2306e-01 -3.7204e-01 -1.4392e+00 +1.9204e+00 +2.7900e-01 -9.7443e-01 -9.5537e-01 -1.7599e+00 -4.5640e-01 -3.3696e+00 +5.6944e-01 -1.5576e+00 +1.2249e+00 +5.0000e+00 -5.1057e-01 +1.7177e+00 +1.9031e+00
110 +3.790992001e+05 +3.790992001e+05 +3.792311201e+05 +3.792311201e+05 -5.0000e+00 +5.0000e+00 -5.0000e+00 +3.0925e+00 -2.4032e+00 -3.3896e+00 -4.0022e-01 +3.0488e+00 -4.9493e+00 -5.0000e+00 -4.8624e+00 +2.5740e-01 -1.6233e+00 +3.8267e-01 -1.8556e-01 +5.0000e+00 +5.0000e+00 -2.9705e+00 +4.5657e+00 -5.3205e-01
167 +6.239869996e+04 +6.239869996e+04 +6.253061996e+04 +6.253061996e+04 -3.3886e+00 +5.0000e+00 -5.0000e+00 +8.1746e-02 -3.1832e+00 -5.0000e+00 -3.5304e+00 +5.0000e+00 -5.0000e+00 -5.0000e+00 -4.2561e+00 +3.5997e+00 -5.0000e+00 +5.0000e+00 +9.9171e-01 +3.2342e+00 +5.0000e+00 -5.0000e+00 +5.0000e+00 +3.2964e+00
208 +2.196288252e+04 +2.196288252e+04 +2.209480252e+04 +2.209480252e+04 -5.0000e+00 +5.0000e+00 -5.0000e+00 +0.0000e+00 -4.9163e+00 -5.0000e+00 -4.9630e+00 +5.0000e+00 -5.0000e+00 -3.8232e+00 -5.0000e+00 +1.0573e+00 -5.0000e+00 +5.0000e+00 +9.1394e-01 -2.6175e+00 +5.0000e+00 -5.0000e+00 +5.0000e+00 +1.4199e+00
312 +8.454258856e+03 +8.454258856e+03 +8.586178856e+03 +8.586178856e+03 -3.9998e+00 +5.0000e+00 -5.0000e+00 +3.1446e-01 -4.9084e+00 -5.0000e+00 -4.9783e+00 +4.9791e+00 -4.9760e+00 -5.0000e+00 -5.0000e+00 +4.2424e+00 -5.0000e+00 +5.0000e+00 +7.9469e-01 +1.8544e+00 +4.6018e+00 +0.0000e+00 +3.8814e+00 +4.1759e+00
323 +3.678541924e+03 +3.678541924e+03 +3.810461924e+03 +3.810461924e+03 -4.5725e+00 +5.0000e+00 -5.0000e+00 +1.8853e+00 -4.9739e+00 -5.0000e+00 -4.9814e+00 +4.9724e+00 -4.9962e+00 -5.0000e+00 -5.0000e+00 +3.9269e+00 -5.0000e+00 +5.0000e+00 +5.0000e+00 -2.0746e+00 +4.8407e+00 +0.0000e+00 +3.7313e+00 +6.4534e-01
346 +1.112946143e+03 +1.112946143e+03 +1.244866143e+03 +1.244866143e+03 -4.9186e+00 +5.0000e+00 -5.0000e+00 +1.2726e+00 -4.8301e+00 -5.0000e+00 -4.9445e+00 +4.9667e+00 -4.9629e+00 -4.5653e+00 -5.0000e+00 +3.1212e+00 -5.0000e+00 +5.0000e+00 +3.7396e-01 -7.7519e-01 +4.7003e+00 +0.0000e+00 +4.3239e+00 +2.3745e+00
507 +5.131205426e+02 +5.131205426e+02 +6.450405426e+02 +6.450405426e+02 -5.0000e+00 +5.0000e+00 -5.0000e+00 +5.0326e-01 -4.7595e+00 -5.0000e+00 -4.9459e+00 +4.9502e+00 -4.9660e+00 -4.6698e+00 -4.9896e+00 +3.4300e+00 -5.0000e+00 +5.0000e+00 +4.9857e-01 +6.2728e-01 +4.4692e+00 -7.8343e-01 +3.8596e+00 +3.3053e+00
1149 +3.926853651e+02 +3.926853651e+02 +5.246053651e+02 +5.246053651e+02 -4.9444e+00 +5.0000e+00 -5.0000e+00 +9.9491e-01 -4.5532e+00 -5.0000e+00 -4.9957e+00 +4.9083e+00 -4.9849e+00 -1.6174e+00 -4.9998e+00 +2.8595e+00 -5.0000e+00 +5.0000e+00 +3.3058e+00 +6.1362e-01 +4.5300e+00 -1.7559e-01 +2.7342e+00 +1.1261e+00
3728 +2.507455865e+02 +2.507455865e+02 +3.826655865e+02 +3.826655865e+02 -4.9501e+00 +5.0000e+00 -5.0000e+00 +4.0577e-01 -2.5808e+00 -3.8373e+00 -4.9608e+00 +4.7139e+00 -4.5884e+00 -3.1929e-01 -4.8753e+00 +3.7500e+00 -5.0000e+00 +5.0000e+00 +1.2514e+00 +3.8788e-01 +5.0000e+00 +1.7087e-01 +2.2906e-01 +1.1778e+00
% function evaluation | noise-free fitness - Fopt (5.908400000000e+02) | best noise-free fitness - Fopt | measured fitness | best measured fitness | x1 | x2...
1 +5.715100799e+05 +5.715100799e+05 +5.721009199e+05 +5.721009199e+05 -1.5545e+00 -1.1284e+00 +4.0777e+00 -2.4833e+00 -1.3706e-01 -3.4556e+00 -3.8404e+00 -6.6603e-01 +2.0699e+00 +1.6823e+00 +1.2627e+00 -5.4274e-02 +2.7075e+00 -3.4586e+00 -3.2463e-01 -1.6392e+00 +1.6382e-01 -1.7694e+00 +1.6632e+00 +9.4985e-01
2 +3.357833606e+05 +3.357833606e+05 +3.363742006e+05 +3.363742006e+05 -2.6222e+00 +3.3291e+00 +4.3961e+00 +4.0401e+00 -3.5058e+00 +4.1574e+00 -3.4093e-01 +2.4538e+00 +3.5567e+00 +3.2665e-01 -1.2581e-01 +1.9561e+00 +2.3894e+00 -3.3759e-01 +4.2681e+00 -4.3068e+00 -2.4242e-01 +6.7661e-01 -1.3175e+00 -4.5176e-02
13 +1.476079898e+05 +1.476079898e+05 +1.481988298e+05 +1.481988298e+05 -2.7390e+00 -2.0735e+00 +5.0537e-01 +2.2381e+00 +8.1799e-01 +2.8226e+00 -1.5992e+00 +1.3201e+00 +4.1227e+00 -4.3887e+00 +5.8758e-01 +2.3101e+00 +1.1417e+00 +1.3663e+00 +3.0470e+00 -2.2984e+00 -3.0352e+00 -4.0944e+00 +2.3404e+00 +4.1187e+00
46 +6.481557337e+04 +6.481557337e+04 +6.540641337e+04 +6.540641337e+04 -5.0000e+00 -3.5833e+00 +3.4539e+00 +3.0347e+00 +2.7691e+00 +8.0351e-01 +2.2586e+00 +3.4192e+00 +2.8835e+00 -3.2378e+00 -1.4410e+00 +2.1149e+00 -2.2564e+00 +1.6266e+00 +5.0000e+00 -2.1647e-01 -3.5866e+00 -9.5443e-01 -5.9463e-01 +9.6137e-01
136 +3.268994013e+04 +3.268994013e+04 +3.328078013e+04 +3.328078013e+04 -5.0000e+00 -4.8671e+00 +3.5926e+00 +3.2889e+00 +0.0000e+00 +2.5311e-02 +0.0000e+00 +3.4185e+00 +8.2097e-01 -2.2051e+00 -2.6036e+00 +0.0000e+00 -1.6204e+00 +4.9636e-02 +5.0000e+00 +9.7942e-01 -3.6320e+00 -2.3187e+00 -1.4545e+00 +1.9891e+00
149 +1.814268027e+04 +1.814268027e+04 +1.873352027e+04 +1.873352027e+04 +0.0000e+00 +1.5397e+00 +1.0303e+00 +2.7022e+00 +5.0000e+00 +0.0000e+00 +2.4654e+00 +2.4057e-01 +3.3744e+00 +0.0000e+00 -1.1653e+00 +1.9628e+00 -6.4977e-03 +4.7668e+00 +4.6434e+00 -1.7448e+00 -6.3028e-01 -1.1315e+00 +1.5374e+00 +0.0000e+00
401 +3.823826383e+02 +3.823826383e+02 +9.732226383e+02 +9.732226383e+02 -3.1492e+00 +1.8503e+00 +3.4028e+00 +4.0823e+00 +5.0000e+00 -2.2693e-01 -2.9119e+00 +1.8201e+00 +3.4981e+00 -1.9431e+00 -4.5936e-01 +3.0565e+00 -1.5256e+00 +2.1802e+00 +5.4229e-01 +1.6106e+00 -4.1564e+00 -2.5427e+00 +2.2331e+00 +6.1816e-01
1172 +2.331032739e+02 +2.331032739e+02 +8.239432739e+02 +8.239432739e+02 -1.4750e+00 +1.9151e+00 -1.4169e+00 +1.6783e+00 +4.6684e+00 -8.6021e-01 -1.5159e+00 -3.5279e-01 +2.2086e+00 +4.4871e+00 +7.7875e-01 +2.8860e+00 -2.1174e-01 -9.7601e-01 +3.4413e+00 +9.2198e-01 -4.3852e+00 -1.8460e+00 +2.3723e+00 +1.7555e+00
2128 +1.506607499e+02 +1.506607499e+02 +7.415007499e+02 +7.415007499e+02 -6.3071e-01 +4.2794e-01 +4.2861e-01 +9.1523e-01 +2.5000e+00 -3.6282e-02 -1.1353e+00 -1.3796e+00 +4.1749e+00 +1.9692e+00 -6.4233e-01 +2.0520e+00 +1.7187e-01 +3.8343e-01 +3.5587e+00 -8.5661e-01 -3.2017e+00 -2.1197e+00 +4.5666e+00 +2.4428e+00
2826 +9.803724604e+01 +9.803724604e+01 +6.888772460e+02 +6.888772460e+02 -4.7424e-01 -1.2293e+00 -1.3596e+00 +9.2397e-02 +2.5000e+00 +6.0824e-01 -1.4397e-01 +1.6571e-02 +3.7363e+00 +3.0776e-01 +3.9874e-01 +1.6401e+00 +1.3613e+00 +1.5641e+00 +2.4283e+00 +2.5980e-01 -2.5391e+00 -1.0725e+00 +4.6846e+00 +1.9488e+00
3842 +6.261703033e+01 +6.261703033e+01 +6.534570303e+02 +6.534570303e+02 +0.0000e+00 -1.7630e+00 -3.1707e+00 +0.0000e+00 +2.5000e+00 +5.2082e-01 -3.3012e-02 -1.5141e+00 +4.2690e+00 +7.7170e-01 -1.8656e-01 +8.4178e-01 +8.4042e-01 +1.1817e+00 +1.3743e+00 -1.2242e+00 -2.6633e+00 -1.2393e+00 +4.4088e+00 +1.8660e+00
% function evaluation | noise-free fitness - Fopt (3.098000000000e+01) | best noise-free fitness - Fopt | measured fitness | best measured fitness | x1 | x2...
1 +1.617846976e+06 +1.617846976e+06 +1.617877956e+06 +1.617877956e+06 -4.2889e+00 +3.7445e+00 +3.4860e+00 +3.4950e+00 +4.6303e+00 -4.9811e+00 -8.6484e-02 +2.4149e-01 +4.5516e+00 -4.0938e+00 +2.9611e+00 +1.6678e+00 -3.2601e+00 -1.8594e+00 +4.7916e+00 +2.3322e+00 -4.2447e-01 -6.3006e-01 -2.8956e+00 -2.2193e+00
2 +7.376849881e+05 +7.376849881e+05 +7.377159681e+05 +7.377159681e+05 +3.4431e+00 +1.2551e+00 -4.3715e+00 -1.1910e+00 +2.6530e+00 -2.6137e+00 +4.6206e+00 -4.9619e+00 +1.0947e+00 +2.2914e+00 -4.8286e+00 +3.1728e-01 +4.8725e+00 -2.2283e+00 +2.9126e+00 -1.0843e+00 +4.2500e+00 +2.2390e+00 -1.1525e+00 +2.2516e+00
5 +5.806620684e+05 +5.806620684e+05 +5.806930484e+05 +5.806930484e+05 -2.5205e+00 +6.5480e-01 +2.0161e+00 -1.7959e+00 +4.6267e+00 +2.1345e+00 -7.1746e-01 -8.3663e-01 -2.9547e+00 -2.7845e+00 -7.4316e-01 -1.0765e+00 -1.0981e+00 -1.9361e+00 -1.2783e+00 -1.4723e+00 +3.5333e+00 +4.8166e+00 -2.9489e+00 +2.4619e-01
60 +3.864244519e+05 +3.864244519e+05 +3.864554319e+05 +3.864554319e+05 +3.3459e+00 +3.3233e+00 -1.9324e-01 +6.3824e-01 +1.0786e+00 -2.8493e+00 -5.0000e+00 -3.3651e+00 +2.4353e+00 -6.9711e-02 -1.1837e+00 -2.7272e+00 -1.5032e+00 -2.6127e+00 +1.5851e+00 -5.0000e+00 +1.9186e+00 -4.0202e-01 +1.0668e+00 +5.0000e+00
96 +2.401536740e+05 +2.401536740e+05 +2.401846540e+05 +2.401846540e+05 +1.1555e+00 -2.1511e+00 -5.0000e+00 -6.2028e-01 -2.8705e+00 +5.0000e+00 -5.0000e+00 +0.0000e+00 +1.6665e+00 +2.0731e+00 -2.1015e+00 -3.5155e+00 +5.0000e+00 -4.6388e+00 +1.4782e+00 -4.7964e+00 +5.0000e+00 +5.0000e+00 -5.0000e+00 +9.8304e-01
121 +1.506881742e+05 +1.506881742e+05 +1.507191542e+05 +1.507191542e+05 +1.9320e+00 -5.0000e+00 -5.0000e+00 -5.0000e+00 -4.4234e+00 +3.7262e+00 -4.9728e+00 -2.1666e+00 +3.4864e-02 +5.0000e+00 +1.0028e+00 -5.0000e+00 +5.0000e+00 -4.8922e+00 -8.5193e-01 -5.0000e+00 +5.0000e+00 +3.8347e+00 -1.0100e+00 -1.9601e-01
123 +6.289754865e+04 +6.289754865e+04 +6.292852865e+04 +6.292852865e+04 +5.0000e+00 -3.4075e+00 -5.0000e+00 -2.1242e+00 -4.2890e+00 +7.9756e-01 -5.0000e+00 -5.6226e-01 +5.0000e+00 +5.0000e+00 +4.6789e+00 -3.7978e+00 +5.0000e+00 -5.0000e+00 +5.0000e+00 -3.4259e+00 +5.0000e+00 +5.0000e+00 -3.2366e+00 -1.5278e+00
175 +3.311161773e+04 +3.311161773e+04 +3.314259773e+04 +3.314259773e+04 +5.0000e+00 -3.1390e+00 -5.0000e+00 -1.5150e+00 -2.5177e+00 +7.5690e-02 -5.0000e+00 -1.4188e+00 +5.0000e+00 +5.0000e+00 +2.1214e+00 -2.7416e+00 +5.0000e+00 -5.0000e+00 +5.0000e+00 -3.0332e+00 +5.0000e+00 +4.6609e+00 -1.5641e+00 -5.0000e+00
180 +1.516799587e+04 +1.516799587e+04 +1.519897587e+04 +1.519897587e+04 +9.4662e-01 -5.0000e+00 -5.0000e+00 -5.0000e+00 -5.0000e+00 +2.3024e+00 -5.0000e+00 -5.0000e+00 +3.4926e+00 +5.0000e+00 +4.2812e+00 -2.3876e+00 +5.0000e+00 -5.0000e+00 +1.4046e+00 -2.2376e+00 +1.7689e+00 +5.0000e+00 +2.6200e-01 -2.6499e+00
308 +4.887231923e+03 +4.887231923e+03 +4.918211923e+03 +4.918211923e+03 +9.6553e-01 -5.0000e+00 -2.8866e+00 -5.0000e+00 -5.0000e+00 +2.2276e+00 -5.0000e+00 -4.6868e+00 +8.9645e-01 +5.0000e+00 +3.7817e+00 -2.3512e+00 +5.0000e+00 -5.0000e+00 +2.0355e+00 -2.5601e+00 +1.2312e+00 +5.0000e+00 +3.5098e+00 -2.6731e+00
321 +3.711028570e+03 +3.711028570e+03 +3.742008570e+03 +3.742008570e+03 +1.6441e+00 -5.0000e+00 -3.9704e+00 -4.9995e+00 -5.0000e+00 +1.2537e+00 -5.0000e+00 -1.5040e-01 -3.6802e-01 +5.0000e+00 +3.1029e+00 -1.5133e+00 +5.0000e+00 -5.0000e+00 +2.4030e+00 -2.0998e+00 +2.8434e+00 +5.0000e+00 +1.5297e+00 -4.2692e+00
386 +1.951765928e+03 +1.951765928e+03 +1.982745928e+03 +1.982745928e+03 +2.9816e+00 -4.7952e+00 -3.4826e+00 -4.9996e+00 -5.0000e+00 +1.5992e+00 -5.0000e+00 +0.0000e+00 -7.7471e-01 +5.0000e+00 +2.1441e+00 -1.2233e+00 +5.0000e+00 -4.9926e+00 +3.1839e+00 -1.0015e+00 +2.1521e+00 +5.0000e+00 +3.4180e+00 -5.0000e+00
466 +1.280935942e+03 +1.280935942e+03 +1.311915942e+03 +1.311915942e+03 +1.5261e+00 -4.8339e+00 -3.4483e+00 -4.9998e+00 -5.0000e+00 +9.7040e-01 -5.0000e+00 +1.9616e+00 -9.7890e-01 +5.0000e+00 +2.1824e+00 -1.6299e+00 +5.0000e+00 -5.0000e+00 +3.8530e+00 -1.9077e+00 +1.8998e+00 +5.0000e+00 +3.2944e+00 -5.0000e+00
541 +4.099471333e+02 +4.099471333e+02 +4.409271333e+02 +4.409271333e+02 +4.8923e-01 -4.9526e+00 -2.0789e+00 -4.9997e+00 -5.0000e+00 +2.1728e+00 -5.0000e+00 +1.2519e+00 +2.4023e+00 +5.0000e+00 +0.0000e+00 -4.6851e+00 +5.0000e+00 -5.0000e+00 +1.9322e+00 -1.4270e+00 +3.2722e+00 +5.0000e+00 +5.7985e-01 -4.7630e+00
621 +3.972398651e+02 +3.972398651e+02 +4.282198651e+02 +4.282198651e+02 +6.7553e-01 -4.9066e+00 -1.7553e+00 -4.9997e+00 -5.0000e+00 +2.5767e+00 -5.0000e+00 +1.2561e+00 +2.1423e+00 +5.0000e+00 +9.2276e-01 -4.2431e+00 +5.0000e+00 -5.0000e+00 +1.9324e+00 +0.0000e+00 +2.7967e+00 +5.0000e+00 +5.6546e-01 -4.6888e+00
982 +2.409730935e+02 +2.409730935e+02 +2.719530935e+02 +2.719530935e+02 +1.1273e+00 -4.9465e+00 -2.4568e+00 -4.9999e+00 -5.0000e+00 +9.2162e-01 -5.0000e+00 -2.0231e+00 +1.5192e+00 +5.0000e+00 -1.7499e-01 -5.0000e+00 +5.0000e+00 -5.0000e+00 +2.7133e-02 -3.0463e+00 +2.3508e+00 +5.0000e+00 -7.2800e-01 -3.6205e+00
% function evaluation | noise-free fitness - Fopt (-1.445400000000e+02) | best noise-free fitness - Fopt | measured fitness | best measured fitness | x1 | x2...
1 +1.189154604e+06 +1.189154604e+06 +1.189010064e+06 +1.189010064e+06 -3.0236e+00 +2.0466e-01 -5.0520e-02 +2.6952e+00 +1.5104e+00 -4.0471e+00 -3.8296e+00 -3.0651e+00 -3.0061e+00 -4.7841e+00 -1.9754e-01 +2.8319e+00 -4.7585e+00 -2.4289e+00 -3.8458e+00 +6.3214e-01 -3.0257e+00 +1.8894e+00 -4.8098e+00 -3.6944e+00
2 +3.380801951e+05 +3.380801951e+05 +3.379356551e+05 +3.379356551e+05 +1.7565e+00 +2.2394e-01 -3.5148e+00 -4.0059e+00 +9.3072e-01 -3.9579e+00 -3.9888e+00 +2.4136e+00 +1.8978e+00 +4.8737e-01 -7.2023e-01 +1.9909e-01 +3.2830e+00 -4.0624e-02 +1.8948e+00 -2.5954e+00 -2.2871e+00 -1.8582e+00 +2.0918e+00 -2.1708e+00
14 +2.448089152e+05 +2.448089152e+05 +2.446643752e+05 +2.446643752e+05 -4.6190e+00 -4.8812e+00 +3.4335e+00 +3.3059e-01 -1.5004e+00 +1.3798e+00 +4.1886e+00 +1.1895e+00 +2.0735e+00 -2.4528e+00 -1.9498e-01 -1.9823e+00 -1.1220e+00 +2.4191e+00 +1.8220e+00 -4.8907e+00 +2.9357e+00 +4.6307e+00 +2.4578e+00 +3.7731e+00
40 +1.444040378e+05 +1.444040378e+05 +1.442594978e+05 +1.442594978e+05 +1.1708e+00 +3.6817e+00 -1.1276e+00 +2.9768e+00 +5.0754e-01 +6.8948e-01 +4.1163e+00 +6.7032e-02 +2.9445e+00 +2.3413e+00 +1.4100e-01 -2.3926e-01 +8.5605e-01 -3.6207e+00 +2.2599e+00 -1.3723e+00 -1.3346e+00 +4.1870e-01 -9.4259e-01 +1.2473e+00
115 +8.094968491e+04 +8.094968491e+04 +8.080514491e+04 +8.080514491e+04 -6.7092e-01 +5.0055e-01 -1.1980e+00 +5.0000e+00 -1.8417e+00 +9.3067e-01 +5.0000e+00 +1.0647e+00 +3.9256e+00 +1.0860e+00 +3.0112e+00 +1.8606e+00 +5.0000e+00 -1.5058e+00 +5.0000e+00 -5.0000e+00 +2.1643e+00 +3.1742e+00 +0.0000e+00 +5.0000e+00
144 +5.597001415e+04 +5.597001415e+04 +5.582547415e+04 +5.582547415e+04 -3.0669e+00 +1.9737e+00 +2.8829e-01 +4.8859e+00 -4.0197e+00 +9.6760e-01 +1.6429e+00 +8.8675e-01 +5.0000e+00 +1.7911e+00 +3.7801e+00 +2.2064e+00 +4.0718e+00 -1.0061e+00 +4.4505e+00 -1.3363e+00 -1.1872e+00 +4.1831e-01 +0.0000e+00 +3.6931e+00
147 +3.535670601e+04 +3.535670601e+04 +3.521216601e+04 +3.521216601e+04 -4.2185e+00 +8.8271e-01 -1.9439e+00 +5.0000e+00 -2.6047e+00 -5.0000e+00 +3.6096e+00 +5.0000e+00 +3.5842e+00 +1.9113e+00 +3.2147e+00 +2.1103e-01 +4.3145e+00 -3.0460e+00 +5.0000e+00 -1.9415e+00 -3.6050e+00 +2.2683e+00 +2.7993e+00 +5.0000e+00
161 +1.360420248e+04 +1.360420248e+04 +1.345966248e+04 +1.345966248e+04 -2.5143e+00 -2.0014e+00 -4.8895e+00 +5.0000e+00 -5.0000e+00 +4.4072e+00 +4.9460e+00 +5.0000e+00 +2.7694e+00 +0.0000e+00 +3.2155e+00 -8.9417e-01 +5.0000e+00 -1.6722e+00 +5.0000e+00 +0.0000e+00 -1.5849e-01 +4.4127e+00 +4.6425e+00 +5.0000e+00
185 +7.037900277e+03 +7.037900277e+03 +6.893360277e+03 +6.893360277e+03 -3.9420e+00 -1.7972e+00 -2.5440e+00 +2.7388e+00 -4.2784e+00 -2.2261e-01 +1.7419e+00 +5.0000e+00 +4.5895e+00 -1.8873e-01 +4.0939e+00 -1.8308e-01 +4.6878e+00 -5.0000e+00 +5.0000e+00 -8.9514e-01 -5.0000e+00 +0.0000e+00 +1.9873e+00 +5.0000e+00
198 +5.346892251e+03 +5.346892251e+03 +5.202352251e+03 +5.202352251e+03 -5.0000e+00 +1.8002e+00 -4.2869e+00 +4.2775e+00 +1.2339e+00 -1.8944e+00 +4.4129e+00 +5.0000e+00 +3.9362e+00 +2.6432e-01 +3.8718e+00 +2.6220e+00 +5.0000e+00 -3.1480e+00 +5.0000e+00 -9.1717e-01 -3.0700e+00 +2.1774e+00 +4.7856e+00 +5.0000e+00
220 +3.963558167e+03 +3.963558167e+03 +3.819018167e+03 +3.819018167e+03 -5.0000e+00 +3.7539e-01 -1.9503e-01 +5.0000e+00 +6.9702e-01 -2.8072e+00 +2.9198e+00 +3.2560e+00 +2.7839e+00 -1.9973e+00 +3.4761e+00 +2.3915e+00 +3.7499e+00 -3.5843e+00 +5.0000e+00 +0.0000e+00 -3.3658e+00 +1.4813e+00 +4.1340e+00 +2.6762e+00
265 +4.521322406e+02 +4.521322406e+02 +3.075922406e+02 +3.075922406e+02 -4.0775e+00 -1.7972e+00 -3.1124e+00 +4.7439e+00 +0.0000e+00 +6.1317e-01 +4.3075e+00 +5.0000e+00 +1.9483e+00 +1.2256e+00 +3.7666e+00 +1.4730e+00 +4.7735e+00 -3.4031e+00 +5.0000e+00 -8.8423e-01 -4.0603e+00 +1.4984e+00 +5.0000e+00 +5.0000e+00
954 +3.949796586e+02 +3.949796586e+02 +2.504396586e+02 +2.504396586e+02 -5.0000e+00 +5.1968e-02 -3.9527e+00 +5.0000e+00 +1.0464e+00 -1.3062e+00 +4.6570e+00 +4.6691e+00 +4.1966e+00 +1.7048e+00 +2.1881e+00 -5.2701e-01 +5.0000e+00 -3.1021e+00 +5.0000e+00 -2.7913e+00 -3.0342e+00 -5.6518e-01 +5.0000e+00 +4.9900e+00
1665 +2.389244652e+02 +2.389244652e+02 +9.438446525e+01 +9.438446525e+01 -4.8928e+00 -2.4498e+00 -4.8058e+00 +2.2469e+00 +1.6159e+00 -1.2404e+00 +4.2781e+00 +3.7226e+00 +1.1185e+00 +1.7507e-02 +1.0714e+00 -3.1548e-01 +4.9374e+00 -2.7217e+00 +4.1031e+00 -3.3338e+00 -3.6153e+00 -5.8783e-02 +4.7668e+00 +4.9997e+00
2652 +1.433683169e+02 +1.433683169e+02 -1.171683123e+00 -1.171683123e+00 -4.9993e+00 +1.1256e+00 -4.3006e+00 +1.6034e+00 +2.3962e+00 -1.7531e+00 +3.3324e+00 +2.5000e+00 +1.1988e+00 -2.0505e-01 +1.2246e+00 -1.2003e+00 +3.2480e+00 -2.9423e+00 +4.2988e+00 -3.2835e+00 -2.3651e+00 -1.2525e+00 +4.8022e+00 +5.0000e+00
4194 +9.997117675e+01 +9.997117675e+01 -4.456882325e+01 -4.456882325e+01 -4.9998e+00 +3.6940e-01 -4.3250e+00 +1.5646e+00 +3.1531e+00 -2.4937e+00 +2.5081e+00 +2.5668e+00 +6.3456e-01 -3.2022e-01 +2.7894e-01 -1.4758e+00 +2.5000e+00 -2.5771e+00 +2.6749e+00 -2.7030e+00 -1.0543e+00 -2.2626e+00 +5.0000e+00 +5.0000e+00
% function evaluation | noise-free fitness - Fopt (-9.649000000000e+01) | best noise-free fitness - Fopt | measured fitness | best measured fitness | x1 | x2...
1 +5.642724955e+05 +5.642724955e+05 +5.641760055e+05 +5.641760055e+05 -4.9356e-01 +4.6880e+00 +4.9043e+00 -4.8758e+00 -2.6627e+00 +4.5825e+00 +4.5486e+00 -2.7320e+00 -4.2668e+00 +1.8461e+00 +2.2461e+00 +3.3637e-01 +2.4115e+00 -2.5183e+00 +2.5445e+00 +2.4600e+00 +9.5158e-01 -1.1412e-01 -7.5806e-01 +2.8282e+00
11 +2.710192544e+05 +2.710192544e+05 +2.709227644e+05 +2.709227644e+05 -2.6918e+00 +4.3782e+00 +3.2672e+00 -3.9582e+00 -3.0966e+00 +2.4518e+00 +4.5050e+00 +5.4726e-01 -2.8955e+00 -4.5063e+00 +4.4499e+00 -4.3092e+00 -2.0310e+00 -4.3638e+00 +1.8003e+00 -3.2718e+00 +1.1604e+00 -3.3058e+00 +4.1346e-01 -1.9132e-01
42 +1.490719004e+05 +1.490719004e+05 +1.489754104e+05 +1.489754104e+05 +3.5886e+00 +4.8299e+00 +2.1921e+00 -2.5975e+00 -3.2173e+00 +4.2807e+00 +6.0595e-01 +3.5968e-01 -6.3028e-01 -4.4437e+00 +5.0000e+00 -1.5412e+00 -4.1785e-01 -1.7628e+00 +2.0920e+00 -1.8143e+00 -3.5284e+00 -1.4794e+00 +1.6074e+00 +4.5409e-01
107 +5.848556782e+04 +5.848556782e+04 +5.838907782e+04 +5.838907782e+04 -5.0000e+00 +5.0000e+00 +1.9437e+00 -5.0000e+00 -5.0000e+00 +4.5974e+00 +1.0010e+00 +1.0092e+00 -3.6212e+00 -4.2069e+00 +5.0000e+00 -5.0000e+00 +2.6956e+00 -1.4583e+00 +5.0000e+00 -5.0000e+00 -3.0900e+00 -5.0000e+00 +7.7755e-01 +2.7274e+00
241 +3.758510266e+04 +3.758510266e+04 +3.748861266e+04 +3.748861266e+04 -4.9905e+00 +5.0000e+00 +3.9510e+00 -1.8102e+00 -5.0000e+00 +5.0000e+00 +5.0000e+00 +8.4864e-01 -5.0000e+00 -3.9673e+00 +4.8105e+00 -3.7709e+00 -7.1642e-01 -9.7076e-01 +5.0000e+00 -5.0000e+00 -5.0000e+00 -5.0000e+00 +1.6224e+00 +5.0000e+00
327 +2.081237133e+04 +2.081237133e+04 +2.071588133e+04 +2.071588133e+04 -5.0000e+00 +4.9298e+00 +2.2186e+00 -5.2607e-01 -4.9846e+00 +5.0000e+00 +4.0355e+00 -3.7773e-01 -2.9958e+00 -3.7402e-01 +1.8731e+00 -3.9513e+00 +1.5618e+00 +0.0000e+00 +3.6465e+00 -2.6538e+00 -4.4552e+00 -5.0000e+00 +3.1609e+00 +3.3277e+00
396 +1.153471194e+03 +1.153471194e+03 +1.056981194e+03 +1.056981194e+03 -5.0000e+00 +4.8144e+00 +1.4246e+00 -4.2556e-01 -5.0000e+00 +5.0000e+00 +5.0000e+00 +7.6441e-02 -3.8300e+00 -1.6771e+00 +4.5240e+00 -2.7190e+00 +6.8486e-02 -4.1507e-01 +5.0000e+00 -5.0000e+00 -4.2465e+00 -5.0000e+00 +1.9462e+00 +5.0000e+00
481 +8.564438223e+02 +8.564438223e+02 +7.599538223e+02 +7.599538223e+02 -4.9821e+00 +4.8190e+00 +1.6987e+00 -1.8795e-02 -5.0000e+00 +5.0000e+00 +5.0000e+00 -3.4307e-02 -4.4515e+00 -2.0197e+00 +4.4038e+00 -2.2073e+00 -3.6998e-01 -6.0441e-01 +5.0000e+00 -4.9880e+00 -4.4038e+00 -5.0000e+00 +1.7259e+00 +5.0000e+00
516 +3.985371027e+02 +3.985371027e+02 +3.020471027e+02 +3.020471027e+02 -5.0000e+00 +4.6820e+00 +2.5046e+00 -6.2210e-01 -5.0000e+00 +5.0000e+00 +5.0000e+00 -2.0817e-01 -4.4271e+00 -1.0809e+00 +4.0245e+00 -1.8684e+00 +4.4418e-01 -9.4436e-01 +5.0000e+00 -5.0000e+00 -5.0000e+00 -5.0000e+00 +4.5379e-01 +5.0000e+00
803 +3.900081187e+02 +3.900081187e+02 +2.935181187e+02 +2.935181187e+02 -4.4198e+00 +4.9274e+00 +2.7689e+00 +1.4372e-01 -5.0000e+00 +5.0000e+00 +3.8296e+00 +2.5449e-01 -4.6687e+00 -2.9520e-01 +4.1298e+00 -2.5031e+00 +6.2504e-01 -3.1251e-01 +5.0000e+00 -5.0000e+00 -4.4826e+00 -5.0000e+00 +1.1730e+00 +5.0000e+00
2467 +2.401773496e+02 +2.401773496e+02 +1.436873496e+02 +1.436873496e+02 -4.6461e+00 +3.0262e+00 +3.3748e+00 -6.7459e-01 -5.0000e+00 +5.0000e+00 +4.1777e+00 -4.6117e-02 -3.4895e+00 +1.7027e-01 +3.2161e+00 -4.7860e-01 +2.8237e+00 -3.7419e+00 +5.0000e+00 -4.9554e+00 -3.7500e+00 -2.5000e+00 +2.1687e-01 +5.0000e+00
% function evaluation | noise-free fitness - Fopt (1.000000000000e+03) | best noise-free fitness - Fopt | measured fitness | best measured fitness | x1 | x2...
1 +9.668662877e+05 +9.668662877e+05 +9.678662877e+05 +9.678662877e+05 +4.9695e+00 -4.3218e+00 +3.7835e+00 -4.4471e-01 +9.2956e-01 -1.5407e+00 -2.2405e+00 -2.8657e-01 +2.3622e+00 -4.7570e+00 +2.0486e+00 +3.4602e+00 +2.9097e+00 -9.5295e-01 -2.1007e+00 -4.2738e+00 -1.8964e+00 +4.5311e+00 +2.4251e+00 -1.8186e+00
8 +3.976919210e+05 +3.976919210e+05 +3.986919210e+05 +3.986919210e+05 +7.9792e-01 +1.8397e+00 +2.3511e+00 +6.1636e-01 -1.7325e+00 -2.2755e+00 +1.0064e-01 -2.2869e+00 -1.9843e+00 +2.4645e+00 -3.1853e+00 -4.2208e+00 -3.6007e+00 +3.6137e+00 -1.3498e+00 -1.7279e+00 -4.9000e+00 -3.4059e+00 -3.4584e+00 -2.5439e+00
47 +2.217290950e+05 +2.217290950e+05 +2.227290950e+05 +2.227290950e+05 -3.9476e+00 -5.4714e-01 +2.4064e+00 -5.0000e+00 +8.6475e-01 -5.0000e+00 +9.0113e-01 -2.5604e+00 +7.2778e-01 -9.7991e-01 -2.3573e+00 +3.4532e+00 -1.5072e+00 +1.7029e+00 -2.5059e-01 -1.8238e+00 +3.9675e+00 +4.2263e-01 -8.5045e-01 -4.5787e-01
48 +1.176109343e+05 +1.176109343e+05 +1.186109343e+05 +1.186109343e+05 -4.1865e+00 -3.1603e+00 +1.8208e+00 -9.5991e-01 +3.2675e+00 -5.0000e+00 +1.5918e+00 +8.0855e-01 -5.0000e+00 -6.6268e-01 -3.7557e+00 +7.7922e-01 -5.0000e+00 +5.0000e+00 +1.1908e+00 -5.0000e+00 -3.6555e+00 +6.2454e-01 -4.5231e+00 +2.4527e+00
126 +8.900976991e+04 +8.900976991e+04 +9.000976991e+04 +9.000976991e+04 -4.3552e+00 +7.4284e-02 +5.0000e+00 -1.1128e+00 +5.0000e+00 -5.0000e+00 +5.0000e+00 +3.4798e+00 -1.9535e+00 +6.8621e-01 -2.5222e+00 +0.0000e+00 -1.7010e+00 +3.5994e+00 +5.0000e+00 -5.0000e+00 -8.7278e-02 +1.6080e+00 +0.0000e+00 +4.5763e+00
127 +6.303332832e+04 +6.303332832e+04 +6.403332832e+04 +6.403332832e+04 -2.2018e+00 +0.0000e+00 +3.4967e+00 +1.5563e-01 +5.0000e+00 -5.0000e+00 +4.1550e+00 +1.3669e+00 -5.0000e+00 +0.0000e+00 -3.8007e+00 +1.8314e+00 +0.0000e+00 +4.3087e+00 +5.0000e+00 -5.0000e+00 -2.6912e+00 +5.0000e+00 +7.6706e-01 +5.0000e+00
128 +3.417255163e+04 +3.417255163e+04 +3.517255163e+04 +3.517255163e+04 -2.7632e+00 -9.9164e-01 +4.8010e+00 -1.0901e+00 +3.6162e+00 -5.0000e+00 +3.5889e+00 -6.0574e-01 -1.8345e+00 -2.3806e+00 -4.3897e+00 +0.0000e+00 -2.7521e+00 +3.4064e+00 +3.4351e+00 -5.0000e+00 -2.2385e+00 +9.8400e-01 +0.0000e+00 +2.5067e-01
151 +1.998735847e+04 +1.998735847e+04 +2.098735847e+04 +2.098735847e+04 -4.5207e+00 +4.3711e-01 +1.9384e+00 -2.2671e+00 +5.0000e+00 -5.0000e+00 +1.9229e+00 +3.1432e+00 -5.0000e+00 -4.3503e-01 -5.0000e+00 +4.2461e+00 -2.4798e+00 +5.0000e+00 +4.3875e+00 -5.0000e+00 -3.7981e+00 +5.0000e+00 -4.0865e+00 +3.7951e+00
170 +9.254579487e+03 +9.254579487e+03 +1.025457949e+04 +1.025457949e+04 -4.1171e+00 +1.1235e+00 +2.6500e+00 -2.5971e+00 +5.0000e+00 -5.0000e+00 +1.1442e+00 +0.0000e+00 -5.0000e+00 +3.8796e+00 -5.0000e+00 +3.0064e+00 +3.8209e+00 +5.0000e+00 +5.0000e+00 -5.0000e+00 -4.1723e+00 +5.0000e+00 -5.0204e-01 +4.0766e+00
220 +4.025776025e+03 +4.025776025e+03 +5.025776025e+03 +5.025776025e+03 -5.0000e+00 +0.0000e+00 +2.1791e+00 -2.7417e+00 +5.0000e+00 -5.0000e+00 +1.0652e+00 -6.1565e-01 -5.0000e+00 +5.0000e+00 -3.3469e+00 +4.9873e+00 +4.7280e+00 +4.9803e+00 +5.0000e+00 -5.0000e+00 -4.3101e+00 +5.0000e+00 -8.6144e-01 +1.7467e+00
265 +6.854342642e+02 +6.854342642e+02 +1.685434264e+03 +1.685434264e+03 -4.8318e+00 +2.3564e+00 +3.9922e+00 -2.3873e+00 +5.0000e+00 -5.0000e+00 +1.5985e+00 -2.8309e+00 -5.0000e+00 +5.0000e+00 -4.3550e+00 +4.9802e+00 +5.0000e+00 +4.9773e+00 +5.0000e+00 -5.0000e+00 -5.0000e+00 +5.0000e+00 -6.9467e-01 +3.8251e+00
269 +6.169835139e+02 +6.169835139e+02 +1.616983514e+03 +1.616983514e+03 -3.7168e+00 +0.0000e+00 +2.6988e+00 -1.4866e+00 +5.0000e+00 -5.0000e+00 +2.2587e+00 -1.6108e+00 -4.0351e+00 +2.0131e+00 -3.1866e+00 +3.7050e+00 +3.1827e+00 +4.1926e+00 +4.5518e+00 -5.0000e+00 -4.5307e+00 +5.0000e+00 -3.2945e+00 +6.9810e-01
1423 +3.946559704e+02 +3.946559704e+02 +1.394655970e+03 +1.394655970e+03 -2.2173e+00 +2.0681e+00 +3.5623e+00 +9.4690e-01 +5.0000e+00 -2.4430e+00 +3.3925e+00 -4.5852e+00 -3.4556e+00 +2.3818e-01 -4.6577e+00 +5.0000e+00 +2.7064e+00 +2.3167e+00 +5.0000e+00 -2.8312e+00 -3.5709e+00 +3.0511e+00 -2.5000e+00 +2.4789e-01
1970 +2.331291655e+02 +2.331291655e+02 +1.233129165e+03 +1.233129165e+03 +0.0000e+00 +2.1051e+00 +1.5711e+00 +3.2433e-01 +5.0000e+00 -2.0268e+00 +2.0888e+00 -1.4084e+00 -3.6531e+00 -7.5615e-01 -4.2978e+00 +2.8647e+00 +3.7890e+00 +1.1969e+00 +5.0000e+00 -2.5000e+00 -2.9611e+00 +1.9580e+00 -1.1291e+00 +6.4193e-01
4548 +1.580680598e+02 +1.580680598e+02 +1.158068060e+03 +1.158068060e+03 -3.0807e-03 +4.2341e+00 +1.6373e+00 +9.5865e-01 +5.0000e+00 +0.0000e+00 +7.8450e-04 -3.4677e+00 -2.5068e+00 -2.0532e+00 -3.7500e+00 +2.5000e+00 +2.6314e+00 +4.7008e-05 +5.0000e+00 -2.5000e+00 -3.6700e+00 +1.8642e+00 -2.6442e-02 +2.3151e+00
% function evaluation | noise-free fitness - Fopt (-1.547600000000e+02) | best noise-free fitness - Fopt | measured fitness | best measured fitness | x1 | x2...
1 +9.574020526e+05 +9.574020526e+05 +9.572472926e+05 +9.572472926e+05 -1.5015e-02 -4.7559e+00 +2.5110e+00 +1.8544e+00 -2.0917e+00 -4.6247e+00 +4.9774e+00 +1.9173e-01 -3.4718e+00 +8.2106e-01 +9.4819e-01 -4.7550e+00 +3.2944e-01 +1.7412e+00 +2.2883e+00 +2.7364e+00 -3.0836e+00 -2.2009e+00 +4.0092e+00 +4.8374e+00
7 +5.821941557e+05 +5.821941557e+05 +5.820393957e+05 +5.820393957e+05 +1.0393e+00 +1.6194e+00 -1.4176e+00 -1.4729e+00 -2.6479e+00 +4.3619e-01 +1.0050e+00 +2.0776e+00 -4.3027e+00 +3.2024e+00 -2.9004e+00 -8.3191e-01 +2.1872e+00 -1.6067e+00 -2.8712e+00 -1.7620e+00 -7.4997e-01 +2.0033e+00 +1.9378e+00 -4.3734e+00
93 +3.259486157e+05 +3.259486157e+05 +3.257938557e+05 +3.257938557e+05 +5.0000e+00 +0.0000e+00 +3.4011e+00 +6.1850e-01 -1.8055e+00 -2.7927e+00 +5.0000e+00 -1.1969e-01 -1.8310e-01 -2.5495e+00 +5.0000e+00 -2.9142e+00 +4.4466e+00 -1.7452e+00 -5.7938e-01 +2.4909e+00 -5.0000e+00 -5.0000e+00 +8.5912e-01 +4.8485e+00
131 +2.300920693e+05 +2.300920693e+05 +2.299373093e+05 +2.299373093e+05 +2.9796e+00 +9.5411e-01 +4.8817e-02 -4.1939e+00 -1.7084e+00 -5.0000e+00 +5.0000e+00 -1.4346e+00 +5.0000e+00 -4.9176e+00 +4.2871e+00 -1.5213e+00 +5.0000e+00 -3.0892e+00 -9.7551e-01 +1.5740e+00 -5.0000e+00 -3.7452e+00 +1.2971e+00 -3.7269e+00
167 +1.394002793e+05 +1.394002793e+05 +1.392455193e+05 +1.392455193e+05 +5.0000e+00 +1.5623e+00 +3.4591e+00 -4.3072e+00 +0.0000e+00 -5.0000e+00 +5.0000e+00 +2.7273e+00 -7.4690e-01 +5.0000e+00 +5.0000e+00 -5.0000e+00 +5.0000e+00 -2.1451e-01 +2.4600e+00 +3.7781e+00 -5.0000e+00 -5.0000e+00 -1.6571e+00 +3.3551e+00
205 +4.273150712e+04 +4.273150712e+04 +4.257674712e+04 +4.257674712e+04 +5.0000e+00 -2.3436e+00 +5.0000e+00 +1.7634e+00 +5.0000e+00 -4.0158e+00 +5.0000e+00 +1.2889e+00 +0.0000e+00 +1.0619e+00 +5.0000e+00 +1.8786e+00 +1.7903e+00 -1.3241e+00 +0.0000e+00 +5.0000e+00 -5.0000e+00 -5.0000e+00 +2.9757e+00 +5.2586e-01
289 +1.645170516e+04 +1.645170516e+04 +1.629694516e+04 +1.629694516e+04 +5.0000e+00 +0.0000e+00 +2.4773e+00 -7.7406e-01 +4.4130e+00 -2.8669e+00 +5.0000e+00 +7.3143e-01 -2.0154e+00 -1.0679e+00 +5.0000e+00 +1.0917e+00 +9.4830e-01 -1.8484e+00 -4.2865e-01 +5.0000e+00 -5.0000e+00 -5.0000e+00 +2.3733e+00 -6.6301e-01
313 +1.229557090e+04 +1.229557090e+04 +1.214081090e+04 +1.214081090e+04 +5.0000e+00 +5.5918e-01 +4.5933e-01 +0.0000e+00 +5.0000e+00 -4.2798e+00 +5.0000e+00 +4.3080e+00 +2.4720e+00 +2.7833e+00 +5.0000e+00 +0.0000e+00 +1.7295e+00 -2.9719e+00 +1.1143e-01 +4.1775e+00 -5.0000e+00 -5.0000e+00 +2.5318e-01 -2.0526e+00
330 +2.086297126e+03 +2.086297126e+03 +1.931537126e+03 +1.931537126e+03 +5.0000e+00 +1.8420e+00 +4.1276e+00 -2.8331e+00 +5.0000e+00 -3.4789e+00 +5.0000e+00 +3.1203e+00 +6.9512e-01 +5.4100e-01 +5.0000e+00 +1.7663e-01 +3.3371e+00 -2.1818e+00 +1.8036e+00 +3.3796e+00 -5.0000e+00 -5.0000e+00 -1.9070e-01 -3.2966e+00
374 +7.720500977e+02 +7.720500977e+02 +6.172900977e+02 +6.172900977e+02 +4.7080e+00 +1.5067e+00 +4.6428e+00 -3.4571e+00 +5.0000e+00 +0.0000e+00 +4.5556e+00 +3.4196e+00 +1.7754e-01 +1.6184e+00 +5.0000e+00 -1.0218e+00 +4.0077e+00 -2.5426e+00 -2.8260e-01 +2.6955e+00 -5.0000e+00 -5.0000e+00 +4.2489e-01 -2.4395e+00
457 +3.732904740e+02 +3.732904740e+02 +2.185304740e+02 +2.185304740e+02 +4.5540e+00 +2.5472e+00 +4.3621e+00 -3.9789e+00 +5.0000e+00 -1.1352e+00 +4.3712e+00 +3.4939e+00 +1.8341e+00 +1.3215e+00 +4.9725e+00 +2.5258e+00 +5.0000e+00 +2.7745e-01 +1.5076e+00 +9.6440e-01 -5.0000e+00 -5.0000e+00 +2.7000e+00 -5.0000e+00
944 +2.504505620e+02 +2.504505620e+02 +9.569056198e+01 +9.569056198e+01 +4.8776e+00 +1.3185e+00 +3.2392e+00 -2.6198e+00 +5.0000e+00 +7.0029e-01 +4.9963e+00 +2.0229e+00 -2.9549e-01 -2.2240e-01 +4.9762e+00 +1.0985e+00 +4.6116e+00 +6.2408e-01 +2.8691e+00 +3.3583e+00 -5.0000e+00 -5.0000e+00 +1.9961e+00 -5.0000e+00
3418 +1.483683174e+02 +1.483683174e+02 -6.391682623e+00 -6.391682623e+00 +3.7500e+00 +3.3620e+00 +1.0154e+00 -2.5634e+00 +5.0000e+00 -1.2945e+00 +3.0047e+00 +1.1777e+00 -1.5349e+00 -1.4796e+00 +4.5385e+00 +1.7652e+00 +4.9672e+00 -2.0561e-01 +2.8968e+00 +3.9180e+00 -5.0000e+00 -5.0000e+00 +9.7595e-02 -4.3955e+00
% function evaluation | noise-free fitness - Fopt (3.914000000000e+01) | best noise-free fitness - Fopt | measured fitness | best measured fitness | x1 | x2...
1 +1.638548575e+06 +1.638548575e+06 +1.638587715e+06 +1.638587715e+06 -2.9000e-01 -6.3427e-01 +1.8550e+00 -4.0609e+00 +2.2994e+00 -3.8248e+00 -1.6396e+00 -5.6887e-01 -6.5030e-01 -2.6957e+00 +2.7236e+00 -5.7694e-01 -1.6338e+00 -3.9817e+00 -2.3897e+00 +3.6722e+00 -1.5000e+00 -7.7036e-01 -1.5893e+00 -3.0973e-01
5 +1.266542216e+06 +1.266542216e+06 +1.266581356e+06 +1.266581356e+06 -3.5959e-01 -3.5317e+00 +6.0022e-01 -1.1473e+00 -2.7945e-01 -4.9792e+00 +4.2088e+00 +1.1342e+00 +4.8808e+00 -2.8757e+00 -2.5266e+00 -3.2668e+00 +4.9606e+00 -1.7953e+00 -3.1650e+00 +1.3030e+00 -2.2127e+00 -4.3955e-01 +4.7613e-01 +4.6365e+00
8 +8.036009447e+05 +8.036009447e+05 +8.036400847e+05 +8.036400847e+05 +5.8315e-01 -7.0059e-01 -4.9741e+00 -3.9822e+00 -2.1395e+00 +1.9123e+00 +2.7303e-01 +3.0566e+00 +4.0687e-02 -7.1373e-01 +8.6451e-01 +2.9833e+00 +6.7023e-01 +6.1757e-01 +3.8297e+00 +1.2644e+00 +7.2438e-01 -3.2767e+00 +2.8426e+00 -1.2613e-01
29 +5.746158711e+05 +5.746158711e+05 +5.746550111e+05 +5.746550111e+05 -1.7584e+00 -2.0367e+00 -4.3794e+00 +4.0322e+00 -1.0528e+00 +2.5515e+00 +3.1921e+00 -4.5903e+00 -1.1340e-01 -3.4859e+00 +3.8725e+00 -3.4743e-01 -1.6566e+00 -1.7511e+00 +3.6505e+00 +3.3694e+00 +8.8239e-01 +7.8930e-01 +2.5313e+00 -1.4081e+00
126 +2.158766443e+05 +2.158766443e+05 +2.159157843e+05 +2.159157843e+05 -4.6804e+00 +1.3156e+00 -7.9457e-01 +5.0000e+00 +5.0000e+00 -4.2880e+00 +3.9633e+00 -5.0000e+00 +0.0000e+00 +3.4442e-01 +5.0000e+00 -8.5491e-01 -1.4242e+00 -4.9604e+00 +3.6155e+00 +5.0000e+00 +3.9763e+00 +1.4716e+00 +4.3226e+00 +5.0000e+00
181 +1.302095701e+05 +1.302095701e+05 +1.302487101e+05 +1.302487101e+05 -4.8512e+00 +4.1831e+00 -1.1335e+00 +2.4895e+00 +4.3808e+00 -2.4980e+00 -7.6439e-01 +3.4606e+00 +1.3188e+00 +1.0906e+00 +5.0000e+00 +5.5594e-01 -1.2242e+00 -5.0000e+00 +1.8232e+00 +5.0000e+00 +5.0000e+00 +1.9187e+00 +4.5261e+00 +5.0000e+00
245 +6.737892331e+04 +6.737892331e+04 +6.741806331e+04 +6.741806331e+04 -4.8857e+00 +5.0000e+00 -2.0000e+00 +3.1146e-01 +4.0154e+00 -5.0000e+00 +7.9270e-01 +5.0000e+00 +4.3513e+00 -1.3761e+00 +5.0000e+00 +1.3705e+00 -3.8430e+00 -5.0000e+00 +2.9419e+00 +5.0000e+00 +5.0000e+00 +6.5014e-01 +3.8470e+00 +5.0000e+00
299 +6.023984861e+04 +6.023984861e+04 +6.027898861e+04 +6.027898861e+04 -4.6246e+00 +4.4644e+00 -2.3689e+00 -1.5162e+00 +3.2474e+00 -3.1622e+00 +0.0000e+00 +5.0000e+00 -3.1180e+00 -4.3394e+00 +5.0000e+00 +3.3674e+00 -3.0256e+00 -5.0000e+00 +5.0000e+00 +5.0000e+00 +5.0000e+00 +2.0993e+00 +3.0711e+00 +5.0000e+00
325 +3.505000399e+04 +3.505000399e+04 +3.508914399e+04 +3.508914399e+04 -4.6740e+00 +4.5584e+00 -4.3998e+00 -2.7061e+00 +3.6503e+00 -1.3665e+00 +1.7203e+00 +5.0000e+00 +0.0000e+00 -4.3593e+00 +5.0000e+00 +2.1221e+00 -2.9576e+00 -5.0000e+00 +4.8997e+00 +5.0000e+00 +5.0000e+00 +1.7949e+00 +3.3624e+00 +5.0000e+00
405 +2.311526626e+04 +2.311526626e+04 +2.315440626e+04 +2.315440626e+04 -4.5761e+00 +4.2855e+00 -3.7190e+00 -7.6182e-01 +2.9065e+00 -3.7577e+00 +2.0422e+00 +5.0000e+00 -5.2717e-01 -3.0835e+00 +5.0000e+00 +3.6275e+00 -3.6551e+00 -5.0000e+00 +4.9344e+00 +5.0000e+00 +5.0000e+00 +1.5584e+00 +3.0205e+00 +4.6711e+00
503 +7.777430763e+03 +7.777430763e+03 +7.816570763e+03 +7.816570763e+03 -5.0000e+00 +3.4491e+00 -5.0000e+00 -1.4980e+00 +3.0377e+00 -3.6806e+00 +1.5366e+00 +3.8029e+00 +4.7590e-02 -3.6992e+00 +5.0000e+00 +2.3154e+00 -2.7103e+00 -2.5492e+00 +4.2890e+00 +5.0000e+00 +4.4472e+00 +2.2547e-01 +2.9835e+00 +5.0000e+00
535 +5.796789918e+03 +5.796789918e+03 +5.835929918e+03 +5.835929918e+03 -5.0000e+00 +2.7741e+00 -3.8324e+00 -2.9477e-02 +3.4699e+00 -3.1763e+00 +2.5108e+00 +5.0000e+00 -2.3439e-01 -1.6767e+00 +5.0000e+00 +1.6632e+00 -5.0816e-01 -2.9443e+00 +4.8500e+00 +5.0000e+00 +4.9071e+00 +1.1340e+00 +4.1322e+00 +5.0000e+00
545 +1.594511790e+03 +1.594511790e+03 +1.633651790e+03 +1.633651790e+03 -4.9482e+00 +3.6626e+00 -3.6852e+00 +8.0669e-02 +3.5484e+00 -3.6006e+00 +1.9891e+00 +4.9634e+00 -2.2030e-01 -3.1665e+00 +5.0000e+00 +2.0892e+00 -1.3488e+00 -3.9355e+00 +4.4107e+00 +5.0000e+00 +5.0000e+00 +0.0000e+00 +2.5258e+00 +4.8809e+00
648 +1.510313022e+03 +1.510313022e+03 +1.549453022e+03 +1.549453022e+03 -4.8560e+00 +3.9568e+00 -4.6936e+00 +9.4863e-01 +1.7763e+00 -3.7738e+00 +4.9302e+00 +2.9117e+00 -5.1208e-02 -4.0191e+00 +5.0000e+00 +2.5308e+00 -5.0000e+00 -2.6120e+00 +4.6261e+00 +5.0000e+00 +5.0000e+00 -8.9788e-01 +2.6052e+00 +4.9429e+00
1026 +5.623166036e+02 +5.623166036e+02 +6.014566036e+02 +6.014566036e+02 -4.8105e+00 +2.8679e+00 -4.9431e+00 +3.9668e-01 +3.3201e+00 -4.8553e+00 +4.5287e+00 +2.5427e+00 +9.0722e-01 -1.6764e+00 +4.9858e+00 -1.1554e+00 -1.0769e+00 -2.7438e+00 +5.0000e+00 +4.9840e+00 +5.0000e+00 -9.2481e-01 +2.1645e+00 +5.0000e+00
1070 +1.967943731e+02 +1.967943731e+02 +2.359343731e+02 +2.359343731e+02 -4.8525e+00 +2.4295e+00 -5.0000e+00 +8.2102e-01 +3.6581e+00 -5.0000e+00 +4.5988e+00 +4.0952e+00 -1.0126e+00 -1.7402e+00 +4.9924e+00 -7.3820e-01 -1.9403e+00 -2.6599e+00 +4.5334e+00 +4.9776e+00 +5.0000e+00 -7.6074e-01 +2.1949e+00 +4.9752e+00
1215 +1.563426318e+02 +1.563426318e+02 +1.954826318e+02 +1.954826318e+02 -5.0000e+00 +1.5363e+00 -3.0927e+00 +5.6846e-01 +3.7554e+00 -1.6319e+00 +4.4090e+00 +4.9076e+00 -2.7358e+00 -5.4786e-01 +4.9863e+00 -3.0495e-01 -4.1540e-01 -1.7303e+00 +5.0000e+00 +4.9602e+00 +4.9216e+00 -1.5932e+00 +2.8641e+00 +4.9859e+00
1806 +8.479642549e+01 +8.479642549e+01 +1.239364255e+02 +1.239364255e+02 -4.8969e+00 +0.0000e+00 -2.7583e+00 +2.1132e+00 +3.2218e+00 -2.5481e+00 +4.7583e+00 +2.2852e+00 -2.6477e+00 -1.2082e+00 +4.9999e+00 +4.6928e-02 -1.8828e+00 -3.1478e+00 +3.9494e+00 +5.0000e+00 +4.7088e+00 -2.0696e+00 +6.4461e-01 +5.0000e+00
2748 +6.098803081e+01 +6.098803081e+01 +1.001280308e+02 +1.001280308e+02 -4.1285e+00 +0.0000e+00 -1.6883e+00 +2.0228e+00 +3.8080e+00 -2.6809e+00 +5.0000e+00 +6.7518e-01 -2.5535e+00 -1.0613e+00 +4.9998e+00 -1.1248e+00 -1.6748e+00 -3.2185e+00 +3.2959e+00 +4.9975e+00 +4.6116e+00 -1.5567e+00 +7.0604e-01 +4.9978e+00
% function evaluation | noise-free fitness - Fopt (-1.186000000000e+01) | best noise-free fitness - Fopt | measured fitness | best measured fitness | x1 | x2...
1 +1.939680192e+06 +1.939680192e+06 +1.939668332e+06 +1.939668332e+06 +1.8749e+00 +4.6315e+00 -4.2540e+00 +2.9882e+00 +4.5794e+00 -1.0681e-01 -3.1053e+00 +3.9400e+00 -4.4489e+00 +2.4195e+00 +2.5722e+00 +2.5340e+00 -3.8232e+00 -2.2974e+00 +4.1136e+00 -4.9529e+00 +2.4663e+00 -7.7108e-01 +8.6338e-01 +2.9064e+00
2 +1.116063515e+06 +1.116063515e+06 +1.116051655e+06 +1.116051655e+06 -3.3916e+00 -2.8392e+00 +4.0693e+00 -3.7753e+00 -1.8043e+00 +4.5918e+00 +1.4823e+00 +1.8444e+00 -1.2157e+00 +3.8126e+00 +2.4759e-01 +2.1655e+00 +3.8176e+00 -3.7573e-01 -6.7520e-01 +5.8530e-01 -4.0462e+00 -7.8742e-01 -2.3034e+00 +3.1687e+00
16 +9.143111123e+05 +9.143111123e+05 +9.142992523e+05 +9.142992523e+05 -3.0017e+00 +4.2914e+00 -2.1041e+00 -1.4996e+00 +7.1074e-01 +3.5820e+00 -1.9187e+00 -4.6457e-01 +4.8963e+00 +3.3769e+00 +1.4959e+00 +4.7702e-01 +9.1462e-01 +1.6871e+00 +2.2639e+00 +5.8513e-01 +3.1497e+00 +3.0090e+00 -1.7114e+00 -3.6564e+00
31 +6.280548548e+05 +6.280548548e+05 +6.280429948e+05 +6.280429948e+05 +2.7390e+00 -6.0709e-01 +3.6174e+00 -3.3977e+00 -2.1970e+00 +4.0186e+00 +4.9048e-01 -2.8570e+00 -3.9952e+00 +1.9110e+00 +4.7168e+00 +2.5809e+00 +4.2772e+00 -3.5061e-01 +2.6321e-01 -9.7931e-02 +1.4917e+00 +3.0421e+00 +4.2967e+00 -7.5975e-01
93 +3.637803644e+05 +3.637803644e+05 +3.637685044e+05 +3.637685044e+05 -5.8622e-02 +1.1741e+00 +5.0000e+00 -5.0000e+00 +2.8996e+00 +5.0000e+00 +2.2194e-01 +2.4859e-01 -5.0000e+00 +1.5488e+00 +5.0000e+00 +6.0041e-01 +5.0000e+00 +3.5348e+00 -5.0000e+00 -2.4047e+00 -4.7768e-01 -1.0640e+00 -3.3031e-01 -1.8920e+00
138 +2.326741074e+05 +2.326741074e+05 +2.326622474e+05 +2.326622474e+05 -1.4135e+00 +0.0000e+00 +4.9959e+00 -5.0000e+00 +0.0000e+00 +5.0000e+00 +3.2047e+00 +3.9987e+00 -2.2150e+00 +1.5407e+00 +4.2930e+00 +0.0000e+00 +5.0000e+00 +3.9947e+00 -2.5473e+00 -4.6744e+00 -5.9836e-01 -3.6112e+00 +0.0000e+00 -3.5473e+00
168 +1.406721805e+05 +1.406721805e+05 +1.406603205e+05 +1.406603205e+05 -4.7846e-01 +0.0000e+00 +5.0000e+00 -5.0000e+00 -2.3429e+00 +5.0000e+00 +5.0000e+00 +3.1636e+00 -2.2593e+00 -5.9900e-01 +4.7117e+00 -1.3840e+00 +5.0000e+00 +4.5981e+00 -4.8227e+00 -5.0000e+00 +1.5700e+00 -1.4147e-01 -2.0538e+00 -3.4823e+00
283 +8.017385635e+04 +8.017385635e+04 +8.016199635e+04 +8.016199635e+04 -1.0075e+00 +1.2670e+00 +2.2926e+00 -5.0000e+00 +1.4762e+00 +4.9988e+00 +5.0000e+00 +3.5355e+00 -2.5799e-01 +8.6705e-02 +3.3552e+00 +9.1473e-02 +5.0000e+00 +3.9725e+00 -5.0000e+00 -5.0000e+00 +2.1848e+00 +1.7035e+00 -2.6297e+00 +0.0000e+00
326 +6.291278453e+04 +6.291278453e+04 +6.290092453e+04 +6.290092453e+04 +3.1116e+00 +3.2028e+00 +2.4180e+00 -5.0000e+00 -3.7927e-01 +4.9746e+00 +5.0000e+00 +5.0000e+00 +3.1868e-01 +2.6769e+00 +3.5265e+00 -1.2116e+00 +5.0000e+00 +4.2600e+00 -5.0000e+00 -4.7253e+00 +2.1647e+00 +0.0000e+00 -1.2570e+00 +1.3388e+00
331 +1.918440853e+04 +1.918440853e+04 +1.917254853e+04 +1.917254853e+04 +3.4671e+00 +1.5864e+00 +8.5615e-01 -5.0000e+00 +0.0000e+00 +4.9977e+00 +5.0000e+00 +1.9263e+00 +5.8400e-02 +1.5783e+00 +3.3470e+00 -8.5999e-01 +5.0000e+00 +4.1994e+00 -5.0000e+00 -5.0000e+00 +1.7101e+00 +0.0000e+00 -2.1560e+00 +1.9151e-01
509 +1.196532732e+04 +1.196532732e+04 +1.195346732e+04 +1.195346732e+04 +4.4588e+00 +1.7189e+00 +9.5577e-01 -5.0000e+00 -5.2845e-02 +4.9974e+00 +5.0000e+00 +1.9355e+00 +5.9274e-01 +1.8944e+00 +4.6162e+00 -1.6592e+00 +5.0000e+00 +4.5185e+00 -5.0000e+00 -5.0000e+00 +1.6326e+00 +4.4505e-01 -2.0006e+00 +8.3441e-01
538 +1.984832438e+03 +1.984832438e+03 +1.972972438e+03 +1.972972438e+03 +4.8933e+00 +1.9268e+00 -1.1616e+00 -5.0000e+00 +1.0124e+00 +4.9987e+00 +5.0000e+00 +1.4444e+00 -4.0770e-01 +2.6226e+00 +3.9280e+00 +1.2574e+00 +5.0000e+00 +3.3201e+00 -5.0000e+00 -5.0000e+00 +1.3633e+00 -6.2666e-01 -3.9711e+00 +7.4532e-01
761 +6.295504235e+02 +6.295504235e+02 +6.176904235e+02 +6.176904235e+02 +4.9378e+00 +2.3089e+00 -9.7967e-01 -5.0000e+00 +2.4424e+00 +4.9964e+00 +5.0000e+00 +1.6086e+00 +5.4141e-01 +2.9341e+00 +4.0430e+00 +2.0224e+00 +5.0000e+00 +3.1205e+00 -5.0000e+00 -5.0000e+00 +1.3612e+00 -6.6009e-01 -3.6100e+00 +7.2079e-01
961 +2.148208874e+02 +2.148208874e+02 +2.029608874e+02 +2.029608874e+02 +4.9322e+00 +2.4514e+00 -6.1210e-01 -5.0000e+00 +6.8449e-01 +4.9951e+00 +5.0000e+00 +1.8353e+00 +4.1254e-01 +2.9934e+00 +4.0993e+00 +1.9146e+00 +5.0000e+00 +3.0035e+00 -5.0000e+00 -5.0000e+00 +1.2359e+00 -6.7085e-01 -4.4404e+00 +8.2235e-01
1038 +1.569554369e+02 +1.569554369e+02 +1.450954369e+02 +1.450954369e+02 +4.8916e+00 +2.3039e+00 -1.1570e+00 -5.0000e+00 +7.0147e-01 +4.9933e+00 +5.0000e+00 +1.6708e+00 +2.2298e+00 +3.1095e+00 +4.5049e+00 +1.8917e+00 +5.0000e+00 +1.8786e+00 -5.0000e+00 -5.0000e+00 +1.3312e+00 -1.4053e+00 -3.0751e+00 +1.3113e+00
2168 +9.901622883e+01 +9.901622883e+01 +8.715622883e+01 +8.715622883e+01 +4.8822e+00 +2.4734e+00 -1.5801e+00 -5.0000e+00 +2.7316e+00 +4.9864e+00 +4.9452e+00 +1.2308e+00 +2.8426e+00 +2.6438e+00 +3.3284e+00 +2.5107e+00 +5.0000e+00 +2.7459e+00 -4.9962e+00 -5.0000e+00 +8.5835e-01 -2.3390e+00 -2.6200e+00 +2.7086e+00
% function evaluation | noise-free fitness - Fopt (7.068000000000e+01) | best noise-free fitness - Fopt | measured fitness | best measured fitness | x1 | x2...
1 +1.050718314e+06 +1.050718314e+06 +1.050788994e+06 +1.050788994e+06 +8.4690e-01 +4.5391e+00 -3.8504e+00 -4.8056e+00 -4.8671e+00 +9.2460e-01 +3.6091e+00 -4.7441e+00 +6.6909e-01 -3.9757e+00 +3.8317e+00 -2.0998e+00 -7.9386e-01 +7.1158e-02 +3.2614e+00 -4.8317e+00 +1.1831e+00 +2.2587e+00 +3.0482e-01 +3.7328e+00
2 +2.847334929e+05 +2.847334929e+05 +2.848041729e+05 +2.848041729e+05 -4.7879e+00 +3.8997e+00 -4.8052e+00 -1.9339e+00 +3.7545e+00 +3.9235e+00 -2.0380e+00 -5.0043e-02 -4.0806e+00 -5.7025e-01 +4.0308e+00 -2.1409e+00 +9.8336e-01 -2.2478e+00 -3.3475e+00 -1.7409e+00 +1.0493e+00 +4.4074e+00 +1.1772e+00 -3.2303e-01
73 +1.429758696e+05 +1.429758696e+05 +1.430465496e+05 +1.430465496e+05 -6.4500e-01 +5.0000e+00 -5.0000e+00 -2.0552e+00 +3.1151e+00 +2.8549e+00 -5.0000e+00 -3.0619e+00 -2.6881e+00 -9.5079e-01 -1.3079e+00 +4.9333e-01 +2.2557e+00 -3.6507e+00 -4.5533e+00 -4.6317e+00 -1.0915e+00 -8.4112e-01 -1.7305e+00 +1.5227e-01
152 +9.399054559e+04 +9.399054559e+04 +9.406122559e+04 +9.406122559e+04 -1.6367e+00 +5.0000e+00 -4.5775e+00 -3.8604e+00 +1.0858e+00 +2.7646e+00 +4.1911e+00 -2.5799e+00 -4.5911e+00 +7.0547e-01 -9.3837e-01 +2.7861e+00 +1.3519e+00 -5.0000e+00 -4.3663e+00 -1.0185e+00 -3.3504e-01 +3.3224e+00 -8.6198e-01 -5.0000e+00
174 +6.117737611e+04 +6.117737611e+04 +6.124805611e+04 +6.124805611e+04 +1.2421e+00 +5.0000e+00 -2.9263e+00 -4.2852e+00 +3.4034e+00 +2.6214e+00 +6.8640e-01 +1.9466e+00 -2.5155e+00 +5.0000e+00 -5.0000e+00 +2.4387e+00 +5.0000e+00 -5.0000e+00 -5.0000e+00 -2.5054e+00 +0.0000e+00 +4.4033e+00 -3.7594e+00 -5.0000e+00
214 +2.291586374e+04 +2.291586374e+04 +2.298654374e+04 +2.298654374e+04 +9.1658e-01 +5.0000e+00 -2.2395e+00 -3.6604e+00 +5.0000e+00 +2.1840e+00 -3.0836e+00 -7.2208e-01 -1.5697e+00 +5.0000e+00 -5.0000e+00 +5.0000e+00 +5.0000e+00 -5.0000e+00 -5.0000e+00 -2.0516e+00 -4.3699e+00 +5.0000e+00 -5.0000e+00 -5.0000e+00
264 +2.033327072e+03 +2.033327072e+03 +2.104007072e+03 +2.104007072e+03 +1.3753e+00 +5.0000e+00 -5.0000e+00 -3.0592e+00 +5.0000e+00 +3.8843e+00 -3.0736e+00 +0.0000e+00 -2.2794e+00 +5.0000e+00 -5.0000e+00 +4.7811e+00 +4.6136e+00 -5.0000e+00 -5.0000e+00 -2.0487e+00 -5.0000e+00 +4.4616e+00 -5.0000e+00 -5.0000e+00
319 +3.911234548e+02 +3.911234548e+02 +4.618034548e+02 +4.618034548e+02 +0.0000e+00 +5.0000e+00 -3.0919e+00 -3.6518e+00 +3.7763e+00 +3.6883e+00 -3.3050e+00 +1.5014e+00 -3.9755e+00 +5.0000e+00 -6.5685e-01 +4.6060e+00 +4.3563e+00 -5.0000e+00 -5.0000e+00 -3.1151e+00 -5.0000e+00 +1.6578e+00 -1.8079e+00 -4.7060e+00
1042 +2.480673483e+02 +2.480673483e+02 +3.187473483e+02 +3.187473483e+02 -7.9743e-02 +4.8464e+00 -3.6298e+00 -1.6234e+00 +1.6613e+00 +3.4936e+00 -4.9203e+00 +1.1842e+00 -2.0694e+00 +5.0000e+00 -2.4736e+00 +3.8985e+00 +4.7420e+00 -5.0000e+00 -5.0000e+00 -2.3185e+00 -3.3783e+00 +1.6159e+00 -1.1735e+00 -4.6400e+00
3611 +1.554017147e+02 +1.554017147e+02 +2.260817147e+02 +2.260817147e+02 -6.6140e-01 +5.0000e+00 -2.0653e+00 -1.2888e+00 +1.6752e-02 +3.3426e+00 -4.3157e+00 +1.9564e+00 -1.4469e+00 +5.0000e+00 -1.6204e+00 +4.8875e+00 +4.5039e+00 -5.0000e+00 -5.0000e+00 -8.2752e-02 -2.4621e-02 +2.5000e+00 -9.4027e-01 -5.0000e+00
% function evaluation | noise-free fitness - Fopt (-6.260000000000e+00) | best noise-free fitness - Fopt | measured fitness | best measured fitness | x1 | x2...
1 +8.300094917e+05 +8.300094917e+05 +8.300032317e+05 +8.300032317e+05 +1.1074e+00 +4.0344e+00 -2.4061e+00 -4.3845e+00 -2.3909e+00 -2.9622e+00 +3.0616e-02 -4.4150e+00 -4.9300e+00 -4.2501e+00 -2.5214e+00 -1.3867e+00 -1.0458e+00 -6.4285e-01 -4.8989e+00 +2.0539e+00 +2.8764e+00 -4.8837e+00 -4.6195e+00 +4.7555e+00
2 +6.226335178e+05 +6.226335178e+05 +6.226272578e+05 +6.226272578e+05 -6.3828e-01 -4.5119e+00 +1.7005e+00 -1.9078e+00 -2.4957e+00 -5.1460e-02 -3.8972e+00 -2.7144e+00 -3.3501e+00 -1.1631e+00 -4.7538e+00 -3.2951e+00 -4.6644e-01 -6.7202e-01 -3.8507e+00 -5.0683e-01 -2.0962e+00 -1.5834e+00 +4.0684e-02 -4.0866e+00
24 +3.403436385e+05 +3.403436385e+05 +3.403373785e+05 +3.403373785e+05 +3.6641e+00 -4.3493e-01 -2.7740e+00 -1.9751e+00 +2.9098e+00 +2.2235e+00 -3.5678e+00 -6.4087e-01 -1.2881e+00 +6.2060e-01 -1.9927e+00 +3.4933e+00 +2.2638e+00 +4.1968e+00 -2.2167e+00 +2.6385e-02 -1.8309e+00 -2.0962e+00 -3.8635e+00 -3.7471e+00
31 +1.781618203e+05 +1.781618203e+05 +1.781555603e+05 +1.781555603e+05 +4.7904e+00 +2.5099e+00 +2.1502e+00 -4.1399e+00 -4.2781e+00 -4.3910e+00 +3.6216e+00 -4.1122e-01 +2.5815e+00 +4.2133e+00 -8.7893e-01 +9.2943e-02 -5.3450e-01 +2.3771e+00 +1.5927e+00 -4.6077e+00 -1.7168e+00 +2.3886e+00 +2.0149e+00 -3.5892e+00
44 +6.567293466e+04 +6.567293466e+04 +6.566667466e+04 +6.566667466e+04 -3.4623e-02 +2.0262e+00 +2.7101e+00 -3.1205e+00 +1.7943e-01 -5.0000e+00 -6.7879e-01 +1.6762e+00 +3.3177e-01 -7.0222e-01 -1.6981e+00 +3.1182e-02 -2.2644e+00 -8.2874e-02 -4.0367e+00 -5.3071e-01 -1.5936e-01 -1.4422e+00 +1.3621e+00 -5.0000e+00
85 +3.844301516e+04 +3.844301516e+04 +3.843675516e+04 +3.843675516e+04 +2.9846e+00 +1.1208e+00 +5.0000e+00 -5.0000e+00 +3.4356e-01 -5.0000e+00 +1.2242e+00 -6.8824e-01 +1.5981e+00 -1.5986e+00 -1.6998e+00 -1.9673e-02 -1.0803e+00 +1.8998e+00 -2.9622e+00 -5.0000e+00 +3.4193e-01 -1.4701e+00 +5.0000e+00 -5.0000e+00
134 +1.120090297e+03 +1.120090297e+03 +1.113830297e+03 +1.113830297e+03 +5.0000e+00 +5.0000e+00 +5.0000e+00 -5.0000e+00 +1.2278e+00 -5.0000e+00 +4.1995e+00 +4.1414e+00 +4.0289e+00 +2.6718e+00 +2.5780e+00 -4.1055e-01 +0.0000e+00 +6.7353e-01 -1.8551e+00 +2.4672e-01 -1.1579e+00 -1.0265e+00 +1.2753e+00 -4.5479e+00
156 +6.011175953e+02 +6.011175953e+02 +5.948575953e+02 +5.948575953e+02 +4.2236e+00 +5.0000e+00 +5.0000e+00 -3.1941e+00 +2.5017e+00 -4.8513e+00 +2.0596e-02 +5.0000e+00 +2.3968e+00 +2.5134e+00 -2.7849e+00 +5.7274e-01 -2.0693e+00 -4.6793e+00 -3.4830e+00 -1.8622e-01 -5.0000e+00 +6.8675e-01 +4.2719e+00 +0.0000e+00
467 +3.877810546e+02 +3.877810546e+02 +3.815210546e+02 +3.815210546e+02 +3.6513e+00 +4.9476e+00 +2.7010e+00 -1.9037e+00 +3.2181e+00 -4.9819e+00 +2.8030e+00 +3.0297e+00 +9.5620e-01 +4.2939e+00 -2.7995e+00 -9.0355e-01 +2.9256e+00 -1.8427e+00 -4.8549e+00 +1.7840e+00 -5.0000e+00 +0.0000e+00 -5.6676e-01 -3.0962e+00
826 +2.422518972e+02 +2.422518972e+02 +2.359918972e+02 +2.359918972e+02 +1.5729e+00 +5.0000e+00 +3.9391e-01 -4.1935e+00 +9.2912e-01 -4.9852e+00 -1.5516e+00 +1.7319e+00 +1.8804e+00 +7.6856e-01 -3.0070e+00 -3.9567e-01 +1.7978e+00 -1.0428e+00 -5.0000e+00 -1.2396e+00 -5.0000e+00 -3.0335e-01 -1.0009e+00 -1.7325e+00
% function evaluation | noise-free fitness - Fopt (1.838600000000e+02) | best noise-free fitness - Fopt | measured fitness | best measured fitness | x1 | x2...
1 +2.001689501e+06 +2.001689501e+06 +2.001873361e+06 +2.001873361e+06 -1.2323e+00 -1.0697e+00 -4.4821e+00 -2.0814e-01 -1.7592e-01 +1.4801e+00 +4.6881e+00 +3.6885e+00 -3.1459e+00 +3.2393e+00 +4.3363e+00 -4.9853e+00 -2.3189e+00 -2.3078e-02 +2.8733e+00 -2.6273e+00 +1.3643e+00 +1.7723e+00 +5.0853e-01 +3.0836e+00
2 +1.374693965e+06 +1.374693965e+06 +1.374877825e+06 +1.374877825e+06 +9.7306e-01 -3.1720e-01 -3.0271e+00 +9.2518e-01 +4.8822e-01 +2.6880e+00 -2.7149e+00 +1.7467e+00 -3.6048e-01 +4.1783e+00 +1.6051e+00 +2.1490e+00 +5.6613e-01 -5.9224e-01 +2.2458e+00 +4.6653e-01 +1.2308e+00 -2.2038e+00 -2.4331e+00 +1.4083e+00
12 +5.815933865e+05 +5.815933865e+05 +5.817772465e+05 +5.817772465e+05 +4.7211e+00 -1.1801e+00 -1.8684e-01 -1.5243e+00 -1.7412e+00 -2.7939e+00 +1.0945e+00 -3.2416e+00 +2.6227e+00 -6.2540e-01 -2.9834e-01 -8.6500e-02 -1.2606e+00 +4.4145e+00 +5.5058e-01 +9.6563e-01 +2.7862e+00 +2.7979e+00 +1.5010e+00 -1.3946e+00
68 +3.252054674e+05 +3.252054674e+05 +3.253893274e+05 +3.253893274e+05 +1.4686e+00 -4.5140e+00 -2.0756e+00 -4.2511e+00 -5.5391e-01 -1.1587e+00 -6.7959e-01 -3.2561e-02 +4.0105e+00 -1.7762e+00 +2.2592e+00 -1.2624e+00 -3.6494e-01 +8.1767e-01 -2.1953e+00 +3.2167e+00 +3.9485e+00 +6.6959e-01 +1.0455e+00 +1.1447e+00
96 +2.332326604e+05 +2.332326604e+05 +2.334165204e+05 +2.334165204e+05 -2.1627e+00 -4.4428e+00 +2.9003e+00 -5.0000e+00 +1.6616e+00 +5.3143e-01 -2.7499e+00 -1.7733e-01 +3.8587e+00 -1.1051e+00 +1.8328e+00 -2.1914e+00 +4.9662e-01 -1.0579e+00 +3.1775e+00 +3.2566e+00 +5.0000e+00 -9.0898e-01 +1.6132e+00 +2.8970e-01
194 +1.434410343e+05 +1.434410343e+05 +1.436248943e+05 +1.436248943e+05 -4.8914e+00 -3.8338e+00 +5.0000e+00 -5.0000e+00 +4.1357e+00 +1.3724e+00 -1.6106e+00 +3.2831e+00 +3.7302e+00 +1.1234e+00 +4.1883e+00 +2.4498e+00 -3.4663e+00 -5.0000e+00 +0.0000e+00 +5.0000e+00 +5.0000e+00 -5.0000e+00 +2.5010e+00 +1.5132e+00
254 +9.338232935e+04 +9.338232935e+04 +9.356618935e+04 +9.356618935e+04 -2.4827e+00 -4.0318e+00 +3.7099e+00 -4.9461e+00 +0.0000e+00 +0.0000e+00 -1.0089e+00 +2.0081e+00 +2.4629e+00 +5.0000e+00 +5.0000e+00 +3.4017e+00 +6.4500e-01 -3.4807e+00 -4.3374e+00 +5.0000e+00 +5.0000e+00 +0.0000e+00 +5.0000e+00 -2.7485e-01
317 +5.653914948e+04 +5.653914948e+04 +5.672300948e+04 +5.672300948e+04 -4.0909e+00 -3.9203e+00 +3.0838e+00 -4.9067e+00 -4.4534e-01 +2.0009e+00 -2.8055e+00 +9.6594e-01 +2.2656e+00 +4.0118e-01 +5.0000e+00 +3.7549e+00 +0.0000e+00 -1.9893e+00 -2.4275e+00 +5.0000e+00 +5.0000e+00 +0.0000e+00 +4.0282e+00 +4.8111e-01
333 +3.556442528e+04 +3.556442528e+04 +3.574828528e+04 +3.574828528e+04 -3.6382e+00 -4.0000e+00 +4.2453e+00 -4.8844e+00 +7.7059e-01 +2.3407e+00 -3.6768e+00 +0.0000e+00 +2.9735e+00 +0.0000e+00 +4.3032e+00 +3.5780e+00 +1.2679e+00 -1.3361e+00 +0.0000e+00 +5.0000e+00 +5.0000e+00 -6.2929e-01 +5.0000e+00 +2.2836e+00
434 +1.549272222e+04 +1.549272222e+04 +1.567658222e+04 +1.567658222e+04 -2.5740e+00 -4.2080e+00 +4.1213e+00 -4.9267e+00 -8.5592e-01 +4.3405e-01 -2.0514e+00 -9.1567e-02 +2.1063e+00 +1.2060e-01 +4.7539e+00 +3.4513e+00 +3.5923e+00 -7.2280e-01 -3.0686e-01 +5.0000e+00 +5.0000e+00 -5.1071e-02 +3.2173e+00 +2.5275e+00
585 +1.125196664e+03 +1.125196664e+03 +1.309056664e+03 +1.309056664e+03 -2.4134e+00 -4.8925e+00 +4.5055e+00 -4.8793e+00 +2.0703e+00 +4.0727e-01 -1.2531e+00 -2.6761e-01 +2.5363e+00 +0.0000e+00 +4.7091e+00 +3.2112e+00 +3.1869e+00 +1.2177e+00 -1.6041e+00 +5.0000e+00 +5.0000e+00 -7.1132e-02 +4.4519e+00 +1.9355e+00
1393 +9.982839679e+02 +9.982839679e+02 +1.182143968e+03 +1.182143968e+03 -2.4155e+00 -4.6186e+00 +4.4545e+00 -4.8497e+00 +3.6028e+00 +1.2409e+00 -4.8891e-01 -3.9231e-01 +2.7853e+00 +1.5305e+00 +4.3668e+00 +4.5640e+00 +2.5033e+00 -1.5433e+00 -1.5725e+00 +4.9627e+00 +5.0000e+00 -1.8570e+00 +4.2647e+00 +1.5350e+00
1577 +6.204125240e+02 +6.204125240e+02 +8.042725240e+02 +8.042725240e+02 -2.3568e+00 -4.5985e+00 +4.4739e+00 -4.8495e+00 +3.3779e+00 +6.5568e-01 -1.9917e-01 -3.7621e-01 +2.2509e+00 +1.7433e+00 +4.5574e+00 +4.4677e+00 +1.6597e+00 -1.0676e+00 -1.1657e+00 +4.9785e+00 +5.0000e+00 -1.7237e+00 +5.0000e+00 +1.6384e+00
2207 +3.949153974e+02 +3.949153974e+02 +5.787753974e+02 +5.787753974e+02 -2.4888e+00 -4.4749e+00 +4.6121e+00 -4.8029e+00 +3.2016e+00 +5.6108e-01 -1.2253e+00 -3.9550e-01 +2.9899e+00 +5.4128e-01 +4.7946e+00 +4.8162e+00 +1.8111e+00 +5.7769e-03 -1.4880e+00 +4.9827e+00 +5.0000e+00 -1.0483e+00 +4.5256e+00 +2.0515e+00
2441 +2.205655931e+02 +2.205655931e+02 +4.044255931e+02 +4.044255931e+02 -2.4709e+00 -5.0000e+00 +4.5407e+00 -4.6183e+00 +2.8260e+00 +5.7294e-01 -1.3688e+00 +4.4070e-01 +3.3618e+00 +1.4524e+00 +4.6784e+00 +4.7787e+00 +2.0153e+00 +1.8015e-01 -1.4640e+00 +4.9705e+00 +5.0000e+00 -1.1636e-01 +4.2550e+00 +2.9599e+00
4842 +1.576872134e+02 +1.576872134e+02 +3.415472134e+02 +3.415472134e+02 -1.2969e+00 -5.0000e+00 +4.7207e+00 -4.4024e+00 +3.2785e+00 +1.1671e+00 -2.5000e+00 -3.0761e-01 +1.3519e+00 +1.6768e+00 +3.0803e+00 +3.7500e+00 +1.2844e+00 -3.2946e-01 -1.4286e+00 +4.9877e+00 +5.0000e+00 +0.0000e+00 +3.7500e+00 +1.3060e+00
