% function evaluation | noise-free fitness - Fopt (3.590000000000e+01) | best noise-free fitness - Fopt | measured fitness | best measured fitness | x1 | x2...
1 +2.648918494e+05 +2.648918494e+05 +2.649277494e+05 +2.649277494e+05 -1.2852e+00 +1.6278e+00 +3.1998e+00 -2.2748e+00 -1.4705e+00 +4.7384e+00 -4.4445e+00 -4.6966e+00 -2.9615e+00 +4.5737e+00
4 +1.002346041e+05 +1.002346041e+05 +1.002705041e+05 +1.002705041e+05 +4.8437e+00 +3.0118e+00 +1.2398e-01 +3.7972e+00 -4.1579e+00 -4.4351e+00 +4.6589e-01 +3.0822e+00 -2.9445e+00 +4.7751e+00
8 +6.416310124e+04 +6.416310124e+04 +6.419900124e+04 +6.419900124e+04 -6.2482e-01 -3.0674e+00 +3.0216e+00 -1.1598e+00 -2.2320e+00 -1.1650e+00 -4.0879e+00 +9.1556e-01 -3.7766e-01 +4.7221e+00
34 +3.687012235e+04 +3.687012235e+04 +3.690602235e+04 +3.690602235e+04 +3.1048e+00 +4.6710e+00 +2.9533e+00 -2.8343e-01 -4.6140e+00 -2.2366e+00 -1.8129e+00 +3.5495e+00 +2.2387e-01 +4.4778e+00
44 +1.745105878e+04 +1.745105878e+04 +1.748695878e+04 +1.748695878e+04 -1.5635e-01 +5.0000e+00 +1.0210e-01 -1.2028e+00 -5.5585e-01 -1.8073e+00 -4.5341e+00 -1.9178e+00 -4.0538e-01 +1.8368e+00
45 +8.879095016e+02 +8.879095016e+02 +9.238095016e+02 +9.238095016e+02 +1.9956e+00 +2.7341e+00 +3.7228e+00 -2.5728e-01 -1.0917e+00 -5.5391e-01 -1.5703e+00 -4.3608e-01 -2.3837e+00 +5.0000e+00
85 +3.278390848e+02 +3.278390848e+02 +3.637390848e+02 +3.637390848e+02 +5.0000e+00 +5.0000e+00 +5.0000e+00 -1.4106e-01 -5.0000e+00 -2.0355e+00 +8.1171e-01 +2.5606e+00 -5.0000e+00 +5.0000e+00
122 +2.228581257e+02 +2.228581257e+02 +2.587581257e+02 +2.587581257e+02 +9.7175e-01 +5.0000e+00 +5.0000e+00 -3.7027e+00 +3.0409e-01 -2.0290e+00 -5.0000e+00 -3.3716e+00 -1.5294e+00 +5.0000e+00
225 +1.219029330e+02 +1.219029330e+02 +1.578029330e+02 +1.578029330e+02 +0.0000e+00 +5.0000e+00 +3.9119e+00 -1.6501e+00 -2.1002e+00 +3.2436e-01 -3.9981e+00 +5.9756e-01 -1.1832e+00 -2.4067e-04
403 +6.933792832e+01 +6.933792832e+01 +1.052379283e+02 +1.052379283e+02 +1.7466e+00 +4.8512e+00 +4.1071e+00 -7.4347e-01 -3.1916e+00 -1.6817e+00 -3.7676e+00 -3.1868e+00 -2.3744e+00 -1.5963e+00
567 +5.562721744e+01 +5.562721744e+01 +9.152721744e+01 +9.152721744e+01 +3.4167e+00 +4.9250e+00 +3.8630e+00 -4.9984e-01 -1.7320e+00 -2.3164e+00 -2.2000e+00 -2.9544e+00 -3.5319e+00 -1.8625e+00
1524 +3.966079820e+01 +3.966079820e+01 +7.556079820e+01 +7.556079820e+01 +2.6465e+00 +4.8457e+00 +3.1842e+00 +2.2343e+00 -1.0787e+00 -2.4874e+00 -3.8685e+00 -1.8978e+00 -3.6272e+00 -1.1500e+00
2021 +2.338212953e+01 +2.338212953e+01 +5.928212953e+01 +5.928212953e+01 +2.1332e+00 +3.3255e+00 +3.0865e+00 +2.2203e+00 -2.7697e-01 -3.1386e+00 -2.7540e+00 -1.2181e+00 -3.5204e+00 -1.7241e+00
2141 +1.253868356e+01 +1.253868356e+01 +4.843868356e+01 +4.843868356e+01 +2.1401e+00 +2.5177e+00 +3.1774e+00 +2.9769e+00 -2.3009e-01 -2.9036e+00 -2.6710e+00 -1.5274e+00 -3.5750e+00 -1.7039e+00
2782 +9.735736821e+00 +9.735736821e+00 +4.563573682e+01 +4.563573682e+01 +2.1767e+00 +2.5000e+00 +2.6571e+00 +3.2333e+00 -4.5414e-01 -3.3298e+00 -2.7018e+00 -1.8505e+00 -3.6059e+00 -1.5422e+00
3186 +6.238612192e+00 +6.238612192e+00 +4.213861219e+01 +4.213861219e+01 +2.4265e+00 +2.5000e+00 +2.5412e+00 +2.8681e+00 -2.3863e-01 -2.8879e+00 -2.7144e+00 -2.4975e+00 -3.3841e+00 -1.8201e+00
% function evaluation | noise-free fitness - Fopt (3.137000000000e+01) | best noise-free fitness - Fopt | measured fitness | best measured fitness | x1 | x2...
1 +9.262527542e+05 +9.262527542e+05 +9.262841242e+05 +9.262841242e+05 -2.6088e+00 +1.4641e+00 +1.7071e+00 +3.0669e+00 +2.7551e+00 -2.3959e+00 -4.1417e+00 -9.0517e-01 -3.0277e-01 +4.1450e+00
2 +6.154560325e+05 +6.154560325e+05 +6.154874025e+05 +6.154874025e+05 +3.6361e+00 +4.0209e+00 -4.9498e+00 +4.5523e+00 -4.1072e+00 -4.2166e+00 -4.8484e+00 -4.4090e+00 -9.6539e-01 -3.3334e+00
7 +3.167961615e+05 +3.167961615e+05 +3.168275315e+05 +3.168275315e+05 +3.2716e+00 +2.5375e+00 +2.9710e-01 -1.7318e+00 -3.0522e+00 -4.7474e+00 -4.8555e+00 -1.0148e+00 +2.8268e+00 -7.2179e-01
8 +2.450575406e+05 +2.450575406e+05 +2.450889106e+05 +2.450889106e+05 -8.0807e-01 +4.0103e+00 -4.9813e+00 +2.0522e+00 -4.0377e-01 +3.0359e+00 -2.0396e+00 +2.1471e-01 -9.5771e-01 +3.5021e+00
12 +1.305526209e+05 +1.305526209e+05 +1.305839909e+05 +1.305839909e+05 -2.4589e+00 +4.7028e+00 -1.6566e+00 -4.9671e+00 -5.3822e-01 -9.2774e-01 +8.0091e-01 +1.5897e+00 +4.3515e+00 +4.8259e+00
17 +7.086791008e+04 +7.086791008e+04 +7.089928008e+04 +7.089928008e+04 +4.5637e+00 +1.9963e+00 -1.8605e+00 +3.6858e+00 -4.9972e+00 -2.9263e+00 -1.0602e+00 -3.2531e-01 +1.8514e+00 +3.8199e+00
26 +1.054403967e+04 +1.054403967e+04 +1.057540967e+04 +1.057540967e+04 +3.3384e+00 +3.9084e+00 -3.4563e+00 +7.6631e-01 -2.6691e+00 -4.9483e+00 +2.8521e+00 +1.3923e+00 +2.4097e+00 +1.5171e+00
44 +1.284303894e+02 +1.284303894e+02 +1.598003894e+02 +1.598003894e+02 +5.0000e+00 +2.6709e+00 -2.7651e+00 -3.3357e-01 -2.8057e+00 -3.0896e+00 -2.8438e+00 +2.7395e+00 +2.1077e+00 +4.6482e+00
629 +9.947523331e+01 +9.947523331e+01 +1.308452333e+02 +1.308452333e+02 +5.0000e+00 +5.0000e+00 -2.0769e+00 +3.8858e+00 -4.1561e+00 -3.0572e+00 -3.1209e+00 +4.6641e+00 +4.7377e-01 +3.0908e+00
682 +6.294851765e+01 +6.294851765e+01 +9.431851765e+01 +9.431851765e+01 +3.5401e+00 +4.1766e+00 -2.5300e+00 +3.1618e+00 -3.5693e+00 -1.0864e+00 -4.2209e+00 +5.0000e+00 +2.0801e+00 +0.0000e+00
1457 +3.199375967e+01 +3.199375967e+01 +6.336375967e+01 +6.336375967e+01 +2.2596e+00 +4.2876e+00 -3.4731e+00 +2.8620e+00 -2.5929e+00 -5.4431e-01 -5.0000e+00 +4.4790e+00 +3.5249e-01 +1.5252e+00
1963 +2.462665116e+01 +2.462665116e+01 +5.599665116e+01 +5.599665116e+01 +1.4526e+00 +3.9939e+00 -3.3634e+00 +2.2925e+00 -2.3659e+00 -6.4078e-01 -5.0000e+00 +3.8977e+00 -4.3416e-01 +8.1025e-01
2275 +1.505350301e+01 +1.505350301e+01 +4.642350301e+01 +4.642350301e+01 +1.3101e+00 +3.5625e+00 -3.5648e+00 +2.9848e+00 -2.8459e+00 -3.0659e-02 -4.5329e+00 +3.1500e+00 +4.5749e-01 +9.1496e-01
2660 +9.421647554e+00 +9.421647554e+00 +4.079164755e+01 +4.079164755e+01 +5.7415e-01 +3.1715e+00 -3.6924e+00 +3.6006e+00 -3.1538e+00 -1.6597e-01 -4.4186e+00 +2.5909e+00 +5.5473e-01 +6.0221e-01
3331 +6.166008069e+00 +6.166008069e+00 +3.753600807e+01 +3.753600807e+01 +0.0000e+00 +2.6589e+00 -3.7504e+00 +3.8608e+00 -3.0526e+00 -1.4721e-01 -4.0110e+00 +2.5000e+00 +5.8626e-01 +5.7414e-01
3598 +3.948657144e+00 +3.948657144e+00 +3.531865714e+01 +3.531865714e+01 +5.2208e-01 +2.5335e+00 -3.7363e+00 +3.7253e+00 -2.5247e+00 -1.3828e-01 -4.0449e+00 +2.5019e+00 +4.8844e-01 +1.6017e-01
% function evaluation | noise-free fitness - Fopt (-1.000000000000e+03) | best noise-free fitness - Fopt | measured fitness | best measured fitness | x1 | x2...
1 +7.876951414e+05 +7.876951414e+05 +7.866951414e+05 +7.866951414e+05 +4.5100e+00 +2.5092e+00 +1.5240e+00 +4.6205e+00 +5.8712e-01 -1.8835e+00 -4.0917e+00 +1.0778e+00 +3.4904e+00 +3.6420e+00
7 +5.988199902e+05 +5.988199902e+05 +5.978199902e+05 +5.978199902e+05 +3.3668e-01 +3.6719e+00 +1.3329e+00 +2.5752e+00 +4.6390e+00 -2.7821e+00 +4.6426e+00 -1.0659e+00 +3.8650e-01 -5.4168e-01
15 +2.746844269e+05 +2.746844269e+05 +2.736844269e+05 +2.736844269e+05 -1.4914e+00 +1.2392e+00 +2.6520e+00 -1.5217e+00 +2.6723e+00 +1.8225e+00 +4.2094e+00 -6.4081e-01 -2.1376e+00 +2.6664e+00
22 +1.940881999e+05 +1.940881999e+05 +1.930881999e+05 +1.930881999e+05 -2.2616e+00 -1.3440e+00 +3.7221e+00 +3.3058e+00 -4.2332e-01 +4.1409e+00 +4.5867e+00 +1.6631e+00 -5.8299e-01 +4.9355e+00
41 +1.152311425e+05 +1.152311425e+05 +1.142311425e+05 +1.142311425e+05 +1.8647e+00 -2.4908e+00 +1.5171e+00 -3.7946e-01 -5.3980e-01 -1.9233e+00 +9.0832e-01 +5.6948e-01 -1.2581e+00 +4.0776e+00
56 +8.951156529e+04 +8.951156529e+04 +8.851156529e+04 +8.851156529e+04 -1.2305e+00 -1.1021e+00 +5.0000e+00 +5.6142e-01 -1.3282e+00 +4.9306e+00 +3.3706e+00 -1.8222e-01 -8.0329e-01 +5.0000e+00
122 +3.287384918e+04 +3.287384918e+04 +3.187384918e+04 +3.187384918e+04 -4.4545e+00 -2.7779e+00 +5.0000e+00 -7.5548e-01 -5.0000e+00 +0.0000e+00 +1.6292e+00 -1.8281e+00 +5.0000e+00 +5.0000e+00
130 +2.193324682e+04 +2.193324682e+04 +2.093324682e+04 +2.093324682e+04 -4.0302e+00 -1.4245e+00 +4.7935e+00 +2.8306e+00 -4.4530e+00 -2.6577e-01 +2.0060e+00 -2.7086e+00 +2.2637e+00 +4.9001e+00
133 +1.318885151e+04 +1.318885151e+04 +1.218885151e+04 +1.218885151e+04 -5.0000e+00 -2.9880e+00 +5.0000e+00 +5.0000e+00 -5.0000e+00 +0.0000e+00 +9.4586e-01 +0.0000e+00 -2.5103e+00 +5.0000e+00
158 +7.633774578e+03 +7.633774578e+03 +6.633774578e+03 +6.633774578e+03 -4.8231e+00 -9.7770e-01 +5.0000e+00 +1.2021e+00 -5.0000e+00 +0.0000e+00 +5.0000e+00 -5.0000e+00 -2.7251e+00 +5.0000e+00
169 +4.730556668e+03 +4.730556668e+03 +3.730556668e+03 +3.730556668e+03 -5.0000e+00 -5.0000e+00 +5.0000e+00 +6.9598e-01 -3.7351e+00 -4.3397e+00 -8.7420e-01 -5.0000e+00 +4.8299e+00 +5.0000e+00
171 +3.611701789e+03 +3.611701789e+03 +2.611701789e+03 +2.611701789e+03 -3.7640e+00 -2.6505e+00 +5.0000e+00 +5.6896e-01 -3.4459e+00 +1.0362e+00 +5.0000e+00 -5.0000e+00 -1.6681e+00 +5.0000e+00
183 +2.972173140e+02 +2.972173140e+02 -7.027826860e+02 -7.027826860e+02 -4.8548e+00 -5.0000e+00 +5.0000e+00 +3.9095e+00 -5.0000e+00 +2.4769e+00 +5.0000e+00 -5.0000e+00 +1.9123e+00 +5.0000e+00
213 +2.310811110e+02 +2.310811110e+02 -7.689188890e+02 -7.689188890e+02 -4.9544e+00 -4.3446e+00 +5.0000e+00 +4.7721e+00 -5.0000e+00 +5.9756e-01 +3.1877e+00 -5.0000e+00 +1.3634e+00 +5.0000e+00
328 +1.385365103e+02 +1.385365103e+02 -8.614634897e+02 -8.614634897e+02 -2.2142e+00 -3.8719e+00 +5.0000e+00 +4.1426e+00 -3.9514e+00 -7.7794e-02 +2.5729e+00 -5.0000e+00 +6.4149e-01 +5.0000e+00
567 +7.292114853e+01 +7.292114853e+01 -9.270788515e+02 -9.270788515e+02 -8.8163e-02 -2.1172e+00 +5.0000e+00 +5.0000e+00 -1.5535e+00 -7.4699e-01 +3.2414e+00 -4.7092e+00 -1.5388e+00 +5.0000e+00
771 +5.335548274e+01 +5.335548274e+01 -9.466445173e+02 -9.466445173e+02 -8.2720e-01 -2.2611e+00 +5.0000e+00 +5.0000e+00 +0.0000e+00 -2.8804e+00 +4.7496e-01 -4.2037e+00 -2.0549e+00 +5.0000e+00
1125 +3.975459048e+01 +3.975459048e+01 -9.602454095e+02 -9.602454095e+02 +0.0000e+00 -2.5864e+00 +5.0000e+00 +5.0000e+00 -7.1033e-01 +1.7800e-01 +1.4226e+00 -5.0000e+00 -8.8578e-01 +4.7581e+00
1602 +2.425452785e+01 +2.425452785e+01 -9.757454721e+02 -9.757454721e+02 +0.0000e+00 -3.1488e+00 +5.0000e+00 +4.2278e+00 -1.3089e+00 -1.2571e-01 +9.4909e-01 -5.0000e+00 -7.2755e-01 +3.5433e+00
3412 +1.562379720e+01 +1.562379720e+01 -9.843762028e+02 -9.843762028e+02 -1.5978e-03 -2.9040e+00 +5.0000e+00 +3.6867e+00 -4.9701e-01 +1.6887e-01 +7.7576e-01 -4.0288e+00 -9.0919e-01 +2.8547e+00
% function evaluation | noise-free fitness - Fopt (1.319200000000e+02) | best noise-free fitness - Fopt | measured fitness | best measured fitness | x1 | x2...
1 +3.473359239e+05 +3.473359239e+05 +3.474678439e+05 +3.474678439e+05 +1.8920e-01 +9.6810e-03 -3.1608e+00 -1.8963e+00 -3.8892e+00 -1.1867e+00 -9.6212e-01 -2.4575e+00 -2.0416e+00 -1.9415e+00
6 +1.148664629e+05 +1.148664629e+05 +1.149983829e+05 +1.149983829e+05 -3.9877e+00 +3.0960e+00 -3.6322e+00 -3.0024e+00 -4.8586e+00 +1.0932e+00 -3.3859e+00 -1.7217e+00 -3.1194e+00 +1.6524e+00
46 +4.013852861e+04 +4.013852861e+04 +4.027044861e+04 +4.027044861e+04 -3.6709e+00 +5.0000e+00 -5.0000e+00 -5.0000e+00 -5.0000e+00 -6.8598e-01 -3.2135e+00 +2.6168e+00 -5.0120e-01 -8.2886e-01
91 +2.295193697e+04 +2.295193697e+04 +2.308385697e+04 +2.308385697e+04 -5.0000e+00 +5.0000e+00 -5.0000e+00 -5.0000e+00 -4.3316e+00 -1.0860e+00 -5.0000e+00 +3.3406e+00 -3.3268e+00 +8.5822e-01
101 +1.225858652e+04 +1.225858652e+04 +1.239050652e+04 +1.239050652e+04 -5.0000e+00 +5.0000e+00 -5.0000e+00 -5.0000e+00 -4.7380e+00 -2.9756e+00 -5.0000e+00 +4.9310e+00 -2.4841e+00 -3.9791e+00
108 +1.096953524e+02 +1.096953524e+02 +2.416153524e+02 +2.416153524e+02 -5.0000e+00 +5.0000e+00 -5.0000e+00 -1.4796e+00 -5.0000e+00 -2.7387e+00 -2.1699e+00 +1.8834e+00 +1.3714e-01 -1.5705e+00
305 +9.028408209e+01 +9.028408209e+01 +2.222040821e+02 +2.222040821e+02 -5.0000e+00 +5.0000e+00 -5.0000e+00 +8.3810e-01 -5.0000e+00 -4.6826e-01 -5.0000e+00 +4.0140e+00 -2.7402e+00 -5.2885e-01
1714 +6.229055670e+01 +6.229055670e+01 +1.942105567e+02 +1.942105567e+02 -5.0000e+00 +4.8976e+00 -4.8421e+00 -6.6953e-02 -5.0000e+00 +1.9110e+00 -5.0000e+00 +3.0226e+00 -1.0731e+00 +8.6788e-01
% function evaluation | noise-free fitness - Fopt (5.908400000000e+02) | best noise-free fitness - Fopt | measured fitness | best measured fitness | x1 | x2...
1 +3.931209074e+05 +3.931209074e+05 +3.937117474e+05 +3.937117474e+05 +3.0367e+00 -1.8774e-01 -4.6841e+00 -4.8698e+00 +1.7804e+00 +2.3666e+00 +3.6038e+00 -4.4444e+00 +4.8506e+00 +3.5172e+00
2 +9.895164530e+04 +9.895164530e+04 +9.954248530e+04 +9.954248530e+04 -3.2896e+00 -3.4289e+00 +4.5060e+00 -1.2136e+00 +4.3198e+00 +3.7133e-01 +2.3127e+00 +3.4861e+00 +2.9638e+00 +2.2931e+00
3 +3.114468850e+04 +3.114468850e+04 +3.173552850e+04 +3.173552850e+04 +2.7012e+00 -7.5039e-01 +3.1350e-02 +3.7222e-01 -4.4778e+00 -2.1555e+00 +3.8461e+00 +4.0984e+00 +1.9339e+00 +9.1422e-01
12 +8.612650124e+03 +8.612650124e+03 +9.203490124e+03 +9.203490124e+03 -2.6264e+00 +5.9456e-01 +1.9638e+00 -1.3362e+00 -1.6533e+00 +5.0076e-01 +4.4755e+00 +1.4538e+00 -6.8641e-01 -3.4084e+00
24 +1.276130403e+02 +1.276130403e+02 +7.184530403e+02 +7.184530403e+02 -4.1214e+00 -3.9188e+00 -2.6112e+00 -2.6828e+00 +1.3993e+00 +5.2309e-01 +3.9934e+00 +1.4122e+00 +3.4786e+00 -2.0645e-01
425 +7.759707203e+01 +7.759707203e+01 +6.684370720e+02 +6.684370720e+02 -9.9530e-02 -1.6471e+00 -4.7730e+00 -5.0924e-02 +9.8589e-01 -2.1036e+00 +3.5210e+00 -3.3883e-01 +4.8570e+00 -1.8950e+00
549 +4.187864873e+01 +4.187864873e+01 +6.327186487e+02 +6.327186487e+02 +1.4796e-01 -1.7018e+00 -4.6366e+00 -7.2260e-02 -5.7677e-01 -4.9818e-01 +4.1688e+00 +3.6695e-01 +3.0289e+00 -1.8070e+00
913 +2.852948808e+01 +2.852948808e+01 +6.193694881e+02 +6.193694881e+02 +1.6897e-02 -2.5111e+00 -3.5901e+00 +0.0000e+00 -6.0223e-01 +6.9210e-01 +4.0160e+00 +1.1229e+00 +3.9888e+00 -1.9379e+00
1145 +2.384878369e+01 +2.384878369e+01 +6.146887837e+02 +6.146887837e+02 +0.0000e+00 -1.7428e+00 -3.5213e+00 -4.4762e-01 -1.2166e+00 +7.3663e-01 +4.1623e+00 +6.8757e-01 +3.5052e+00 -3.8133e+00
1935 +1.156071842e+01 +1.156071842e+01 +6.024007184e+02 +6.024007184e+02 +0.0000e+00 -2.5367e+00 -2.5000e+00 -8.8716e-01 -5.2865e-01 +1.2452e+00 +2.8735e+00 +0.0000e+00 +2.7907e+00 -2.3511e+00
2243 +7.283194901e+00 +7.283194901e+00 +5.981231949e+02 +5.981231949e+02 -7.6477e-02 -3.8373e+00 -3.8691e+00 -9.9587e-01 -2.3691e-01 +1.1208e+00 +2.8632e+00 +0.0000e+00 +2.9769e+00 -1.6596e+00
2983 +6.278926405e+00 +6.278926405e+00 +5.971189264e+02 +5.971189264e+02 -4.0439e-02 -3.2093e+00 -3.4874e+00 -9.4484e-01 -6.2169e-01 +1.3921e+00 +2.9438e+00 +0.0000e+00 +3.2974e+00 -2.3145e+00
% function evaluation | noise-free fitness - Fopt (3.098000000000e+01) | best noise-free fitness - Fopt | measured fitness | best measured fitness | x1 | x2...
1 +3.303723552e+04 +3.303723552e+04 +3.306821552e+04 +3.306821552e+04 -6.3997e-01 +4.3716e+00 -5.5795e-01 -2.8282e+00 +3.3074e+00 +3.6741e+00 +3.0592e+00 +9.5138e-01 -1.5598e+00 -4.4284e+00
42 +1.819114732e+04 +1.819114732e+04 +1.822212732e+04 +1.822212732e+04 +1.9658e-01 +4.6067e+00 -1.1995e-01 -3.6899e+00 +5.0000e+00 +5.0000e+00 +1.1869e-01 -9.4915e-01 -4.8912e-01 -7.2873e-01
60 +1.408429308e+04 +1.408429308e+04 +1.411527308e+04 +1.411527308e+04 -2.1666e-01 +4.4153e+00 -5.6189e-01 -2.4231e+00 +6.9411e-01 +2.7483e+00 +4.9680e-01 +3.8360e+00 -3.8433e+00 -3.8976e+00
95 +6.072122057e+03 +6.072122057e+03 +6.103102057e+03 +6.103102057e+03 +2.2116e+00 +5.0000e+00 -5.0000e+00 -5.0000e+00 -2.1800e+00 +5.0000e+00 +3.9390e+00 +5.0000e+00 -3.7965e+00 -4.9861e+00
96 +2.074158099e+03 +2.074158099e+03 +2.105138099e+03 +2.105138099e+03 +1.2199e+00 +5.0000e+00 -3.0254e+00 -5.0000e+00 +4.8425e+00 +5.0000e+00 +4.1866e+00 -3.3081e-02 -4.2830e-01 -5.0000e+00
127 +1.314270487e+03 +1.314270487e+03 +1.345250487e+03 +1.345250487e+03 +0.0000e+00 +4.4085e+00 -4.0013e+00 -5.0000e+00 +4.3456e+00 +5.0000e+00 +5.0000e+00 -1.5733e-02 -2.3678e+00 -1.6486e+00
144 +6.999075490e+02 +6.999075490e+02 +7.308875490e+02 +7.308875490e+02 +2.6325e+00 +5.0000e+00 -3.9422e+00 -2.5974e+00 +5.0000e+00 +5.0000e+00 +2.6438e+00 +5.0000e+00 +3.4005e-01 -4.0697e+00
150 +3.525166485e+02 +3.525166485e+02 +3.834966485e+02 +3.834966485e+02 +2.7595e+00 +4.5951e+00 -5.0000e+00 -5.0000e+00 +4.2811e+00 +5.0000e+00 +2.8743e+00 +4.4897e+00 -7.5317e-01 -4.7427e+00
159 +2.159530870e+02 +2.159530870e+02 +2.469330870e+02 +2.469330870e+02 -1.2452e+00 +3.6584e+00 -2.6962e+00 -4.9882e+00 +0.0000e+00 +3.8252e+00 +5.0000e+00 -1.0825e-02 +9.1616e-01 +0.0000e+00
204 +1.177516841e+02 +1.177516841e+02 +1.487316841e+02 +1.487316841e+02 -1.4460e-01 +3.8423e+00 -5.0000e+00 -4.9891e+00 +2.3966e+00 +3.5325e+00 +2.6052e-01 +8.3479e-01 +2.9910e+00 +1.5959e+00
245 +7.789947054e+01 +7.789947054e+01 +1.088794705e+02 +1.088794705e+02 +2.7213e+00 +2.3494e+00 -5.0000e+00 -4.9935e+00 +1.7826e+00 +1.6018e+00 +8.2216e-03 -7.8281e-01 +0.0000e+00 +2.7002e+00
688 +4.317247110e+01 +4.317247110e+01 +7.415247110e+01 +7.415247110e+01 +2.0636e+00 -4.6140e-01 -5.0000e+00 -4.9932e+00 -2.1466e+00 +2.0504e+00 -2.3278e-01 -1.3373e+00 +8.2414e-01 +2.2981e+00
880 +3.643470780e+01 +3.643470780e+01 +6.741470780e+01 +6.741470780e+01 +2.1161e+00 +0.0000e+00 -5.0000e+00 -4.9928e+00 +1.6171e+00 +3.3115e+00 -4.3878e-01 -1.0596e+00 +3.2658e+00 +2.2398e+00
2068 +2.483088720e+01 +2.483088720e+01 +5.581088720e+01 +5.581088720e+01 +2.6950e+00 +3.7516e-02 -5.0000e+00 -5.0000e+00 +7.5737e-02 +1.7465e+00 -1.7499e-01 -2.4973e+00 +2.6554e+00 +3.2227e+00
% function evaluation | noise-free fitness - Fopt (-1.445400000000e+02) | best noise-free fitness - Fopt | measured fitness | best measured fitness | x1 | x2...
1 +6.257726887e+05 +6.257726887e+05 +6.256281487e+05 +6.256281487e+05 +1.8188e-01 -1.8330e+00 -3.2113e+00 +8.6239e-01 -1.9665e+00 +1.2188e+00 -9.3599e-01 +4.3832e+00 -3.2801e+00 +2.1337e-01
2 +2.013363209e+05 +2.013363209e+05 +2.011917809e+05 +2.011917809e+05 +8.9945e-01 -2.7492e+00 -4.6561e+00 +2.4159e+00 +6.3127e-01 -7.0471e-01 +1.2541e+00 -4.9296e+00 -2.7909e+00 +1.9020e+00
4 +8.226371899e+04 +8.226371899e+04 +8.211917899e+04 +8.211917899e+04 +1.3572e-01 -1.1618e+00 +5.1382e-01 -4.2949e+00 +3.2122e-01 +6.4468e-01 +3.0580e+00 -4.9365e+00 +2.1690e+00 -7.7530e-01
53 +1.987164481e+04 +1.987164481e+04 +1.972710481e+04 +1.972710481e+04 +2.9357e+00 +2.6129e+00 -3.4798e+00 -9.5347e-01 +2.5129e+00 -4.6979e+00 +1.8236e-01 -2.4835e+00 -5.8521e-01 -5.0000e+00
88 +5.367158976e+03 +5.367158976e+03 +5.222618976e+03 +5.222618976e+03 +1.0370e+00 -4.1322e+00 -1.6469e+00 -1.2555e-01 +3.6522e+00 -5.0000e+00 +2.1912e+00 -4.0926e+00 +1.8232e+00 -3.4035e+00
111 +1.064816226e+03 +1.064816226e+03 +9.202762261e+02 +9.202762261e+02 +1.8240e+00 -5.4171e-01 -5.0000e+00 +4.8910e-01 +3.2556e+00 -3.8764e+00 -3.5472e+00 -4.4289e+00 +2.0173e+00 -2.7493e+00
140 +2.186074628e+02 +2.186074628e+02 +7.406746281e+01 +7.406746281e+01 +5.0000e+00 -4.7085e-01 -1.0447e+00 -1.7441e+00 +4.2273e+00 -5.0000e+00 -1.5771e+00 -1.9373e+00 +2.0066e-01 -4.1573e+00
255 +1.393694297e+02 +1.393694297e+02 -5.170570302e+00 -5.170570302e+00 +5.0000e+00 -2.3607e+00 -3.5817e+00 +1.2185e-01 +4.7284e+00 -5.0000e+00 -1.3985e-01 -1.2225e+00 +1.1479e+00 -2.9452e+00
568 +9.622820875e+01 +9.622820875e+01 -4.831179125e+01 -4.831179125e+01 +3.5846e+00 -3.0678e+00 -5.0000e+00 +1.7533e+00 +3.3477e+00 -4.1164e+00 +2.9957e+00 -3.9648e-01 +3.8301e+00 -2.5540e+00
1152 +5.997098632e+01 +5.997098632e+01 -8.456901368e+01 -8.456901368e+01 +1.9935e+00 -3.1013e+00 -3.2431e+00 -2.1029e-01 +2.0542e+00 -4.6186e+00 +8.9649e-01 +5.1028e-02 +3.0241e+00 -1.8706e+00
1607 +3.902594600e+01 +3.902594600e+01 -1.055140540e+02 -1.055140540e+02 +8.1620e-01 -2.2016e+00 -3.4461e+00 +7.3939e-01 +1.9951e+00 -3.8020e+00 +1.7986e+00 -1.0141e+00 +0.0000e+00 -8.8749e-01
1864 +2.394814901e+01 +2.394814901e+01 -1.205918510e+02 -1.205918510e+02 +2.8050e-01 -1.6978e+00 -3.8412e+00 +1.4086e+00 +2.2672e+00 -4.3045e+00 +1.8323e+00 +1.2010e-01 +1.0863e+00 -7.3716e-01
2528 +1.342088599e+01 +1.342088599e+01 -1.311191140e+02 -1.311191140e+02 +5.3332e-02 -1.4234e+00 -3.3201e+00 +4.6866e-01 +1.4452e+00 -3.0233e+00 +1.8406e+00 +6.2118e-01 +6.7194e-01 -1.5867e+00
3488 +9.786934949e+00 +9.786934949e+00 -1.347530651e+02 -1.347530651e+02 +2.3604e-02 -1.1892e+00 -3.0918e+00 -2.3688e-01 +1.8147e+00 -2.7008e+00 +1.9824e+00 +8.2028e-01 +2.4935e-01 -9.0561e-01
% function evaluation | noise-free fitness - Fopt (-9.649000000000e+01) | best noise-free fitness - Fopt | measured fitness | best measured fitness | x1 | x2...
1 +2.136147542e+05 +2.136147542e+05 +2.135182642e+05 +2.135182642e+05 -3.7196e+00 -2.6457e+00 +4.8217e+00 -3.1697e+00 +2.6572e+00 +2.1837e+00 +5.2776e-01 -2.8401e+00 -7.7698e-01 +5.0985e-02
12 +6.065278491e+04 +6.065278491e+04 +6.055629491e+04 +6.055629491e+04 +4.0334e+00 +2.2540e+00 +3.8026e+00 +3.9241e+00 -2.6261e+00 -1.4444e+00 -2.5925e+00 +2.2535e+00 -2.2910e+00 +3.4792e+00
45 +2.015001521e+04 +2.015001521e+04 +2.005352521e+04 +2.005352521e+04 +2.7480e+00 +2.3528e+00 +5.0000e+00 +2.1237e+00 -1.7585e+00 -8.8771e-01 -1.9411e+00 -8.3157e-01 -3.8838e+00 +1.3799e+00
72 +8.812580347e+03 +8.812580347e+03 +8.716090347e+03 +8.716090347e+03 +4.9839e+00 +3.3940e+00 +3.4200e+00 +1.4213e+00 -1.3603e+00 -5.1009e-01 -2.7369e+00 -8.0186e-01 -2.3467e+00 +3.6254e-01
91 +3.466406173e+03 +3.466406173e+03 +3.369916173e+03 +3.369916173e+03 +3.4340e+00 +2.2848e+00 +3.2856e+00 +1.1222e+00 +0.0000e+00 +1.1270e+00 +2.7195e-01 +1.9972e+00 -3.8567e+00 +5.7422e-01
102 +2.184357206e+03 +2.184357206e+03 +2.087867206e+03 +2.087867206e+03 +4.9681e+00 -1.7386e+00 +3.2133e+00 -4.9716e-02 -5.0000e+00 -1.3757e-01 +5.1679e-01 -1.4906e+00 -5.0000e+00 +4.6878e+00
123 +4.643386298e+02 +4.643386298e+02 +3.678486298e+02 +3.678486298e+02 +5.0000e+00 +0.0000e+00 +3.0133e+00 +4.6166e+00 -5.0000e+00 +0.0000e+00 +1.1356e+00 +0.0000e+00 -1.8882e+00 +5.0000e+00
127 +2.944597212e+02 +2.944597212e+02 +1.979697212e+02 +1.979697212e+02 +5.0000e+00 +0.0000e+00 +1.1873e+00 +4.6114e-02 -1.5064e-01 -1.4065e+00 +1.7126e+00 -3.3677e-01 -1.5648e+00 +5.0000e+00
131 +2.168005139e+02 +2.168005139e+02 +1.203105139e+02 +1.203105139e+02 +5.0000e+00 -2.1898e+00 +5.0000e+00 -1.8840e+00 -1.4845e+00 +4.6213e+00 +4.8120e+00 -3.0028e+00 -5.0000e+00 +4.3092e+00
424 +1.343842142e+02 +1.343842142e+02 +3.789421425e+01 +3.789421425e+01 +2.7878e+00 +5.0001e-01 +4.9401e+00 -1.4396e+00 +9.6638e-01 +4.5442e+00 +1.7488e+00 -2.2375e+00 -4.0365e+00 +3.4790e+00
640 +9.040480137e+01 +9.040480137e+01 -6.085198628e+00 -6.085198628e+00 +1.1465e+00 +1.7451e-01 +4.9832e+00 -1.7489e+00 +1.0659e+00 +2.6696e+00 +2.2832e+00 -3.6287e+00 -4.1794e+00 +2.2977e+00
1268 +5.668990550e+01 +5.668990550e+01 -3.980009450e+01 -3.980009450e+01 +0.0000e+00 +5.3476e-01 +4.8925e+00 +1.5906e-01 +1.5665e+00 +2.3863e+00 +2.5000e+00 -1.5864e+00 -3.2611e+00 +2.0531e+00
1961 +3.712305139e+01 +3.712305139e+01 -5.936694861e+01 -5.936694861e+01 +1.2072e-01 +9.6387e-01 +4.9256e+00 -5.6430e-01 +3.7664e-01 +3.0992e+00 +2.9380e+00 -1.8628e+00 -1.7883e+00 +4.5338e-01
2948 +2.482816266e+01 +2.482816266e+01 -7.166183734e+01 -7.166183734e+01 +2.4052e-03 +1.5373e+00 +3.8701e+00 -6.6937e-01 +1.0982e+00 +2.5491e+00 +3.3231e+00 -1.9748e+00 -1.2533e+00 +0.0000e+00
% function evaluation | noise-free fitness - Fopt (1.000000000000e+03) | best noise-free fitness - Fopt | measured fitness | best measured fitness | x1 | x2...
1 +5.573336745e+05 +5.573336745e+05 +5.583336745e+05 +5.583336745e+05 +2.6073e+00 -4.9306e+00 +2.9836e+00 +3.5042e+00 -3.0850e+00 +4.3267e+00 -3.9976e+00 -4.0061e-01 +1.1920e-01 +2.6591e+00
3 +2.918039383e+05 +2.918039383e+05 +2.928039383e+05 +2.928039383e+05 -3.3538e+00 -7.9802e-01 -3.7949e+00 -2.6843e+00 +3.9429e+00 -4.6395e+00 -1.4499e+00 +3.0540e+00 +2.0433e+00 -1.7506e+00
17 +7.530572862e+04 +7.530572862e+04 +7.630572862e+04 +7.630572862e+04 +1.7275e+00 +3.1872e-01 +2.1076e+00 -1.6394e+00 +4.9027e+00 -1.2174e+00 -2.8641e+00 +2.1272e+00 +3.6890e-02 +2.1963e+00
18 +3.985345671e+04 +3.985345671e+04 +4.085345671e+04 +4.085345671e+04 +2.6359e+00 -6.3621e-01 +3.1982e+00 -3.9080e+00 +4.6481e+00 +4.3368e-01 +2.1970e+00 -1.9990e+00 -4.8609e-01 -3.0109e+00
49 +3.426759915e+04 +3.426759915e+04 +3.526759915e+04 +3.526759915e+04 +3.6290e+00 +4.2576e-01 +3.8479e+00 -8.6378e-01 +5.8808e-01 +1.4201e+00 -4.8932e-01 -6.4952e-01 -2.9770e-01 -1.5405e+00
74 +4.621189408e+03 +4.621189408e+03 +5.621189408e+03 +5.621189408e+03 +5.0000e+00 -5.0000e+00 +1.3279e+00 -1.5038e+00 +5.0000e+00 -2.0468e+00 -4.5146e-01 -5.5271e-01 +1.6302e+00 +1.6699e+00
84 +3.209794764e+03 +3.209794764e+03 +4.209794764e+03 +4.209794764e+03 +2.5958e+00 -9.4259e-01 +3.5986e+00 -1.8000e+00 +5.0000e+00 -1.9361e+00 +0.0000e+00 +2.6689e-01 +0.0000e+00 +2.1209e+00
138 +1.077369448e+03 +1.077369448e+03 +2.077369448e+03 +2.077369448e+03 +1.2041e+00 -4.3865e+00 +5.0000e+00 -5.0000e+00 +4.4347e+00 -4.3616e+00 -6.0701e-01 -3.5991e+00 +2.0250e+00 -2.6411e-01
149 +6.292720728e+02 +6.292720728e+02 +1.629272073e+03 +1.629272073e+03 +2.5159e+00 -1.8309e+00 +3.6407e+00 +9.1190e-02 +5.0000e+00 -4.2093e+00 +4.1351e+00 +4.7149e+00 +2.5073e+00 +9.3102e-02
163 +2.067014218e+02 +2.067014218e+02 +1.206701422e+03 +1.206701422e+03 +2.3492e+00 -2.6322e+00 +4.2717e+00 -1.5309e+00 +5.0000e+00 -5.0000e+00 +1.2368e+00 +8.2633e-01 +2.5078e+00 +2.2768e-01
508 +1.157849279e+02 +1.157849279e+02 +1.115784928e+03 +1.115784928e+03 +2.5865e+00 -5.8451e-01 +4.1733e+00 -1.6469e+00 +4.9470e+00 -3.1325e+00 +5.1837e-01 -2.9258e+00 +1.5853e+00 -1.3413e+00
998 +7.106944901e+01 +7.106944901e+01 +1.071069449e+03 +1.071069449e+03 +3.2018e+00 +4.5470e-01 +5.0000e+00 -8.4946e-01 +4.9558e+00 +3.8534e-01 -9.2108e-01 -2.8131e+00 -2.3509e-01 +7.5301e-01
1121 +5.596096120e+01 +5.596096120e+01 +1.055960961e+03 +1.055960961e+03 +1.9619e+00 +4.1788e-01 +5.0000e+00 -9.1748e-01 +4.9964e+00 -1.3809e+00 -1.7055e+00 -3.1298e+00 -5.7203e-01 -2.0820e+00
1200 +3.967187986e+01 +3.967187986e+01 +1.039671880e+03 +1.039671880e+03 +1.9063e+00 +8.5812e-01 +5.0000e+00 +2.0373e-01 +5.0000e+00 +0.0000e+00 -1.0012e+00 -2.6975e+00 -1.0776e+00 -1.6122e+00
3723 +2.506462777e+01 +2.506462777e+01 +1.025064628e+03 +1.025064628e+03 +1.6616e+00 +1.6402e+00 +4.6250e+00 -1.2392e-03 +3.4942e+00 -4.3040e-04 -1.4994e+00 -3.1572e+00 -9.6104e-01 -3.0705e+00
% function evaluation | noise-free fitness - Fopt (-1.547600000000e+02) | best noise-free fitness - Fopt | measured fitness | best measured fitness | x1 | x2...
1 +2.839731086e+05 +2.839731086e+05 +2.838183486e+05 +2.838183486e+05 -8.1535e-02 -5.6731e-01 +2.7819e+00 +2.3092e+00 +7.9194e-01 -8.1212e-01 -1.8273e+00 +8.7419e-01 +3.4908e+00 -2.0502e+00
7 +2.303390895e+05 +2.303390895e+05 +2.301843295e+05 +2.301843295e+05 +7.5231e-01 +7.8010e-01 +4.3928e+00 -3.5083e-01 +6.9634e-01 -3.7981e+00 -4.6948e+00 -4.3011e+00 +1.7227e+00 -1.6277e-01
13 +1.256434235e+05 +1.256434235e+05 +1.254886635e+05 +1.254886635e+05 +1.8399e+00 +1.9935e+00 +3.9279e+00 -1.8182e+00 -7.0006e-01 +2.2496e+00 -3.8689e+00 +1.7617e+00 -3.7735e+00 -4.6428e+00
19 +3.795294258e+04 +3.795294258e+04 +3.779818258e+04 +3.779818258e+04 +1.5627e-01 +2.5776e-01 +4.8547e+00 -1.1829e+00 -3.1588e+00 -2.8085e+00 +1.0285e-01 +1.9759e+00 -1.3946e+00 -2.9524e+00
41 +1.148402143e+04 +1.148402143e+04 +1.132926143e+04 +1.132926143e+04 +4.6658e+00 -2.2252e+00 +5.0000e+00 -2.6908e+00 -2.0280e+00 -1.3220e+00 -1.7982e-01 +2.9963e+00 -1.5092e+00 -4.7460e+00
89 +5.407502140e+03 +5.407502140e+03 +5.252742140e+03 +5.252742140e+03 -1.2491e+00 -4.8660e+00 +5.0000e+00 -5.0000e+00 -3.0410e-01 -2.2264e+00 +7.3194e-01 +2.9087e+00 -4.7323e+00 -5.0000e+00
96 +2.180405799e+02 +2.180405799e+02 +6.328057992e+01 +6.328057992e+01 +1.2741e+00 -8.8765e-01 +5.0000e+00 +0.0000e+00 +2.4635e+00 -2.5247e+00 -1.4700e+00 +5.0000e+00 -3.2478e+00 -4.9488e+00
366 +1.492817393e+02 +1.492817393e+02 -5.478260658e+00 -5.478260658e+00 +1.6286e+00 +5.8063e-01 +5.0000e+00 -3.2598e+00 +4.0887e+00 -6.9917e-01 -6.7313e-01 +3.1009e+00 -1.9086e+00 -5.0000e+00
1261 +9.593319543e+01 +9.593319543e+01 -5.882680457e+01 -5.882680457e+01 +1.0803e+00 +2.2304e+00 +5.0000e+00 -4.1574e+00 +1.1556e+00 -1.1863e+00 -1.5993e-01 +1.8445e+00 -1.1825e+00 -4.9901e+00
3092 +6.255873494e+01 +6.255873494e+01 -9.220126506e+01 -9.220126506e+01 +1.1172e+00 +2.8877e+00 +4.6325e+00 -5.0000e+00 +1.6734e+00 -1.5138e+00 +8.1466e-01 +4.3614e-01 -1.3255e+00 -3.7988e+00
% function evaluation | noise-free fitness - Fopt (3.914000000000e+01) | best noise-free fitness - Fopt | measured fitness | best measured fitness | x1 | x2...
1 +3.189990676e+05 +3.189990676e+05 +3.190382076e+05 +3.190382076e+05 -8.1910e-01 -4.3471e+00 +3.2690e+00 -3.5741e+00 -1.3558e+00 +1.1002e+00 +2.6290e+00 +2.8235e+00 +2.9061e+00 -4.2322e+00
12 +1.671202092e+05 +1.671202092e+05 +1.671593492e+05 +1.671593492e+05 -6.7968e-01 -3.1592e+00 +7.9454e-01 -1.1864e+00 +2.1723e+00 +6.5396e-01 +4.3510e+00 +8.0311e-01 +3.8508e+00 +2.5541e+00
43 +1.496965260e+05 +1.496965260e+05 +1.497356660e+05 +1.497356660e+05 +2.6107e-01 -2.7373e+00 +1.8731e-02 -2.6988e+00 -9.0643e-01 -2.3052e+00 +4.4733e+00 +1.2322e-01 +5.0000e+00 +5.0000e+00
58 +3.315329281e+04 +3.315329281e+04 +3.319243281e+04 +3.319243281e+04 -2.1102e+00 -5.1945e-01 -1.5080e+00 -4.6103e+00 +3.0132e+00 -1.4898e+00 +5.0000e+00 +3.2301e+00 +5.0000e+00 +7.4949e-01
83 +1.618320741e+04 +1.618320741e+04 +1.622234741e+04 +1.622234741e+04 +3.8901e+00 -2.3836e+00 -3.3142e+00 -5.0000e+00 +4.0936e+00 -5.0000e+00 +5.0000e+00 +2.3034e+00 +5.0000e+00 +0.0000e+00
108 +1.158218733e+04 +1.158218733e+04 +1.162132733e+04 +1.162132733e+04 -3.1949e-01 +7.0895e-01 -4.7083e-01 -5.0000e+00 +0.0000e+00 -5.0000e+00 +3.7134e+00 +4.9354e+00 +5.0000e+00 -3.8990e-01
115 +3.662101968e+02 +3.662101968e+02 +4.053501968e+02 +4.053501968e+02 -2.0839e-01 +1.6918e+00 -3.8065e+00 -4.9552e+00 +5.0000e+00 -5.0000e+00 +5.0000e+00 +4.3206e+00 +5.0000e+00 +3.9697e+00
416 +2.503392323e+02 +2.503392323e+02 +2.894792323e+02 +2.894792323e+02 -1.7466e+00 +4.2751e-01 -2.0813e+00 -3.1355e+00 +4.8039e+00 -4.7219e+00 +4.8475e+00 +4.9407e+00 +5.0000e+00 +7.8614e-02
854 +1.209539014e+02 +1.209539014e+02 +1.600939014e+02 +1.600939014e+02 -2.6508e+00 -1.2016e+00 +1.3869e-02 -1.0941e+00 +4.9752e+00 -4.9355e+00 +4.3235e+00 +4.8757e+00 +2.5000e+00 -4.4526e-01
1090 +9.970065243e+01 +9.970065243e+01 +1.388406524e+02 +1.388406524e+02 -1.7931e+00 -1.0488e+00 -1.1832e+00 -1.5690e+00 +5.0000e+00 -4.6376e+00 +4.0568e+00 +4.4499e+00 +1.8564e-01 -5.3102e-01
2338 +6.223291281e+01 +6.223291281e+01 +1.013729128e+02 +1.013729128e+02 -1.8012e+00 -1.6439e+00 +5.8784e-01 -1.3740e-02 +4.9907e+00 -4.8437e+00 +3.3480e+00 +2.9613e+00 +0.0000e+00 -3.9228e-01
% function evaluation | noise-free fitness - Fopt (-1.186000000000e+01) | best noise-free fitness - Fopt | measured fitness | best measured fitness | x1 | x2...
1 +6.087615689e+05 +6.087615689e+05 +6.087497089e+05 +6.087497089e+05 -1.5999e+00 -6.6535e-01 +1.8985e+00 +3.2213e+00 -3.2640e+00 +4.5948e+00 -2.9352e+00 +2.2866e+00 -2.5472e+00 +1.3504e+00
6 +2.631562784e+04 +2.631562784e+04 +2.630376784e+04 +2.630376784e+04 +7.6587e-01 +4.1182e+00 -2.1960e-01 -3.7578e+00 +4.8918e+00 +3.7204e+00 +4.1197e+00 +4.2363e+00 -1.1653e+00 +3.9472e+00
56 +4.368314278e+03 +4.368314278e+03 +4.356454278e+03 +4.356454278e+03 +6.9562e-02 +1.4369e+00 -3.3869e+00 -1.8088e+00 +5.0000e+00 +1.2644e+00 +3.9645e+00 +5.0000e+00 +1.6236e+00 +1.1903e+00
91 +3.687094547e+03 +3.687094547e+03 +3.675234547e+03 +3.675234547e+03 +9.3552e-02 +3.6246e+00 -2.6914e-01 -5.0000e+00 +5.0000e+00 +5.0000e+00 +3.4487e+00 +5.0000e+00 -1.5340e+00 +0.0000e+00
119 +2.053746815e+03 +2.053746815e+03 +2.041886815e+03 +2.041886815e+03 +0.0000e+00 +4.5885e+00 -2.4412e+00 -4.5759e+00 +5.0000e+00 +0.0000e+00 +3.6000e+00 +5.0000e+00 +2.0746e+00 +4.9206e+00
167 +1.002470311e+03 +1.002470311e+03 +9.906103109e+02 +9.906103109e+02 +1.7025e+00 +4.4275e+00 -4.1153e+00 -3.8024e+00 +5.0000e+00 +2.0347e+00 +3.7906e+00 +5.0000e+00 +0.0000e+00 +4.8918e+00
172 +4.572417359e+02 +4.572417359e+02 +4.453817359e+02 +4.453817359e+02 -8.0888e-01 +4.9467e+00 -1.8635e+00 -3.9659e+00 +5.0000e+00 +2.4319e+00 +3.9393e+00 +5.0000e+00 +1.3603e+00 +1.1096e+00
178 +1.848541658e+02 +1.848541658e+02 +1.729941658e+02 +1.729941658e+02 -6.4320e-01 +3.8955e+00 -8.6774e-01 -4.3968e+00 +5.0000e+00 +2.0805e-01 +3.4026e+00 +5.0000e+00 +3.6340e+00 +4.9821e+00
207 +8.608684380e+01 +8.608684380e+01 +7.422684380e+01 +7.422684380e+01 +1.9259e+00 +3.4760e+00 -2.6824e+00 -3.4710e+00 +5.0000e+00 +5.0000e+00 +3.7634e+00 +5.0000e+00 -1.9984e+00 +4.9432e+00
372 +5.769010982e+01 +5.769010982e+01 +4.583010982e+01 +4.583010982e+01 +7.7878e-01 +3.8719e+00 -2.1067e+00 -3.9365e+00 +5.0000e+00 +2.7677e+00 +3.6713e+00 +5.0000e+00 +3.5609e-01 +3.5519e+00
1282 +3.977501480e+01 +3.977501480e+01 +2.791501480e+01 +2.791501480e+01 +2.5433e+00 +3.5457e+00 -3.5948e+00 -4.7456e+00 +5.0000e+00 +1.6630e+00 +2.8686e+00 +5.0000e+00 +1.1992e+00 +3.0595e+00
% function evaluation | noise-free fitness - Fopt (7.068000000000e+01) | best noise-free fitness - Fopt | measured fitness | best measured fitness | x1 | x2...
1 +8.685037884e+05 +8.685037884e+05 +8.685744684e+05 +8.685744684e+05 +1.8674e+00 +6.0706e-01 +6.0236e-01 -1.2953e+00 -1.5236e+00 +3.1822e+00 +4.6956e+00 -1.7312e+00 +5.6476e-02 -3.3522e+00
2 +6.100261802e+05 +6.100261802e+05 +6.100968602e+05 +6.100968602e+05 +6.4335e-01 -1.0136e-02 +2.1292e+00 +1.3139e+00 +4.7121e+00 +1.6631e+00 -3.2786e+00 +1.7222e+00 +9.8906e-01 -2.3919e+00
4 +3.772176024e+05 +3.772176024e+05 +3.772882824e+05 +3.772882824e+05 -1.8399e+00 +1.4422e+00 +1.6903e+00 +2.9801e+00 +2.1556e+00 +1.0206e+00 -7.1066e-01 -9.5789e-01 +3.7053e-01 -1.9179e+00
6 +3.556868953e+04 +3.556868953e+04 +3.563936953e+04 +3.563936953e+04 +3.9166e-01 +2.0152e+00 -4.4736e+00 +1.4701e+00 +3.4953e+00 +3.4509e+00 +4.0108e-01 +1.0423e+00 +2.9782e+00 +2.4728e+00
87 +1.971885801e+04 +1.971885801e+04 +1.978953801e+04 +1.978953801e+04 +3.9701e+00 +5.0000e+00 -5.0000e+00 +1.3173e+00 +5.0000e+00 +5.0000e+00 +4.9079e+00 +5.0000e+00 +3.4021e+00 +2.4550e-01
102 +1.098565997e+04 +1.098565997e+04 +1.105633997e+04 +1.105633997e+04 +5.8992e-01 +2.0650e+00 -4.4059e+00 +1.7531e+00 +2.3729e+00 -1.1071e+00 +4.3362e+00 +4.7104e+00 +5.0000e+00 +4.2458e+00
127 +2.183768038e+02 +2.183768038e+02 +2.890568038e+02 +2.890568038e+02 +9.5707e-02 +3.9568e+00 -4.7446e+00 +1.1851e+00 +6.7991e-01 +2.2292e+00 +5.0000e+00 +4.7879e+00 +3.6913e+00 -2.0063e+00
214 +7.399108905e+01 +7.399108905e+01 +1.446710890e+02 +1.446710890e+02 +0.0000e+00 +5.0000e+00 -2.9472e+00 -8.2899e-01 -5.8117e-01 +4.1468e+00 +0.0000e+00 +4.0938e+00 +1.4916e+00 -7.4680e-01
371 +6.292361226e+01 +6.292361226e+01 +1.336036123e+02 +1.336036123e+02 +7.3577e-01 +4.8172e+00 -2.8035e+00 -7.4918e-01 -3.0590e+00 +4.0520e+00 -5.1229e-01 +4.9785e+00 +7.5205e-01 +6.0833e-01
962 +2.821185026e+01 +2.821185026e+01 +9.889185026e+01 +9.889185026e+01 +1.1572e+00 +3.2649e+00 -3.7417e+00 -1.4944e-01 -6.9130e-01 +2.4042e+00 -8.7855e-01 +2.5000e+00 +1.5124e+00 +2.9474e+00
1202 +2.297889617e+01 +2.297889617e+01 +9.365889617e+01 +9.365889617e+01 +1.1450e+00 +3.9801e+00 -3.8486e+00 -3.7022e-01 -6.8865e-01 +2.2124e+00 -8.8452e-01 +1.7459e+00 +2.4453e-01 +2.8183e+00
2045 +1.277000470e+01 +1.277000470e+01 +8.345000470e+01 +8.345000470e+01 +6.1965e-01 +3.0322e+00 -3.0180e+00 -4.0205e-03 -5.3631e-01 +2.4894e+00 -1.2722e+00 +2.1246e+00 +5.7968e-01 +3.3688e+00
2427 +8.922232017e+00 +8.922232017e+00 +7.960223202e+01 +7.960223202e+01 +2.3752e-01 +3.0720e+00 -2.7029e+00 +3.2780e-01 -5.0658e-01 +2.5780e+00 -1.8323e+00 +2.3764e+00 +1.7626e-01 +2.6566e+00
2808 +5.979521389e+00 +5.979521389e+00 +7.665952139e+01 +7.665952139e+01 +8.6074e-02 +3.5077e+00 -2.5385e+00 +4.1691e-01 -5.4814e-02 +2.5923e+00 -2.0520e+00 +1.8078e+00 +0.0000e+00 +3.1654e+00
% function evaluation | noise-free fitness - Fopt (-6.260000000000e+00) | best noise-free fitness - Fopt | measured fitness | best measured fitness | x1 | x2...
1 +3.350143020e+05 +3.350143020e+05 +3.350080420e+05 +3.350080420e+05 +3.3115e+00 -3.9287e+00 +4.5669e+00 -4.5112e+00 -2.1759e+00 -2.2500e+00 -2.7241e+00 +6.6807e-01 +2.2011e+00 +1.6988e+00
5 +1.808877405e+05 +1.808877405e+05 +1.808814805e+05 +1.808814805e+05 +3.3871e+00 -4.4224e+00 +1.7209e+00 -2.6627e+00 +1.7827e+00 -2.0208e-01 -1.7959e+00 +4.8432e+00 -4.1079e+00 -5.2669e-01
10 +1.554927659e+05 +1.554927659e+05 +1.554865059e+05 +1.554865059e+05 +4.5721e+00 -1.0165e+00 +1.6373e+00 -2.7878e+00 -3.2890e-01 +8.1538e-01 -4.0682e+00 +4.1080e+00 -3.5617e-01 +1.8253e+00
13 +6.831700319e+04 +6.831700319e+04 +6.831074319e+04 +6.831074319e+04 +4.1996e+00 -2.6684e+00 +5.9606e-01 -2.9886e+00 -3.8818e+00 -4.3966e+00 +8.8383e-01 +8.7121e-01 -1.0039e+00 -4.9563e-01
65 +3.351031825e+04 +3.351031825e+04 +3.350405825e+04 +3.350405825e+04 +3.0109e+00 -3.8197e+00 -7.6291e-01 -1.8653e+00 -1.9624e+00 -5.0000e+00 -2.4191e+00 +4.1881e+00 -1.0903e+00 -6.9451e-01
83 +1.959396937e+04 +1.959396937e+04 +1.958770937e+04 +1.958770937e+04 +5.0000e+00 -5.0000e+00 +2.5964e+00 -3.0493e+00 -3.6304e-01 -4.3285e+00 -9.0107e-01 +3.8233e+00 -3.2678e+00 +2.5141e+00
139 +1.382909103e+04 +1.382909103e+04 +1.382283103e+04 +1.382283103e+04 +5.0000e+00 -5.0000e+00 -2.6559e+00 -3.0646e+00 +0.0000e+00 -4.4000e+00 -9.8649e-01 +3.9164e+00 -2.0925e+00 +0.0000e+00
165 +1.535940118e+03 +1.535940118e+03 +1.529680118e+03 +1.529680118e+03 +4.4170e+00 -4.9414e+00 -4.5222e+00 -1.8438e+00 +3.7621e-01 -4.6687e+00 -1.8254e+00 +1.5510e+00 -3.9540e+00 -1.3809e+00
176 +1.109850643e+02 +1.109850643e+02 +1.047250643e+02 +1.047250643e+02 +5.0000e+00 -5.0000e+00 -2.9129e+00 -2.7731e+00 +9.3783e-01 -3.7492e+00 +1.0887e+00 +3.0489e+00 -4.7477e+00 +2.0757e+00
711 +9.498291679e+01 +9.498291679e+01 +8.872291679e+01 +8.872291679e+01 +2.7815e+00 -5.0000e+00 -3.2579e+00 -3.1547e+00 -6.3488e-01 -3.8502e+00 +1.5868e-01 +1.5595e+00 -4.1430e+00 +9.6681e-01
764 +4.568080414e+01 +4.568080414e+01 +3.942080414e+01 +3.942080414e+01 +8.8756e-02 -3.9300e+00 -3.0704e+00 -2.3003e+00 +2.1328e-01 -3.1882e+00 +4.9440e-01 +2.4914e+00 -3.7942e+00 +3.5823e+00
1222 +3.569502463e+01 +3.569502463e+01 +2.943502463e+01 +2.943502463e+01 +2.2302e+00 -2.3247e+00 -3.8292e+00 -1.1075e+00 +6.5760e-01 -3.7012e+00 +1.0296e-01 +2.9116e+00 -3.2960e+00 +1.2131e+00
1506 +2.336649832e+01 +2.336649832e+01 +1.710649832e+01 +1.710649832e+01 +4.6952e-01 -2.3264e+00 -2.9686e+00 -1.6261e+00 +3.4981e-01 -3.2814e+00 -5.6371e-02 +2.3366e+00 -3.2897e+00 +2.5527e+00
1819 +1.346017026e+01 +1.346017026e+01 +7.200170263e+00 +7.200170263e+00 +9.8125e-01 -2.4083e+00 -2.0628e+00 -1.7071e+00 +6.1201e-01 -2.6291e+00 -1.2990e-01 +2.7485e+00 -2.5000e+00 +2.4920e+00
3242 +9.953518999e+00 +9.953518999e+00 +3.693518999e+00 +3.693518999e+00 +5.7595e-01 -1.9105e+00 -2.5051e+00 -9.1305e-01 +7.5365e-01 -2.5000e+00 -3.0767e-01 +2.7931e+00 -2.5000e+00 +1.7754e+00
% function evaluation | noise-free fitness - Fopt (1.838600000000e+02) | best noise-free fitness - Fopt | measured fitness | best measured fitness | x1 | x2...
1 +5.775297071e+05 +5.775297071e+05 +5.777135671e+05 +5.777135671e+05 +4.1628e+00 -3.6050e+00 +3.1328e+00 +2.0975e+00 +1.2464e+00 +2.8767e+00 -3.9040e+00 +2.7358e+00 +2.9543e-01 +1.1168e+00
7 +2.767569602e+05 +2.767569602e+05 +2.769408202e+05 +2.769408202e+05 -1.2764e+00 -2.3919e+00 +4.1745e+00 -3.5862e+00 +8.5337e-01 +1.4644e-01 +1.8523e+00 +8.1908e-01 +4.4949e+00 +6.7930e-01
12 +1.915562003e+05 +1.915562003e+05 +1.917400603e+05 +1.917400603e+05 -1.1889e-01 -2.6511e+00 -1.2789e+00 -3.7224e+00 +6.3553e-01 +4.5972e+00 -4.6895e+00 -2.3685e+00 -3.8351e+00 -4.2153e+00
20 +9.463223321e+04 +9.463223321e+04 +9.481609321e+04 +9.481609321e+04 -1.6261e+00 -5.7645e-01 +1.6128e+00 -9.7269e-02 -8.6846e-01 +3.5068e-01 -2.9431e+00 -2.5351e+00 -7.8931e-01 -4.8235e+00
72 +6.159465990e+04 +6.159465990e+04 +6.177851990e+04 +6.177851990e+04 -1.9016e+00 +6.5839e-01 +5.7216e-01 -1.5401e+00 +7.2256e-01 +3.5905e-01 -1.7809e-01 -4.1299e+00 +2.3900e+00 -3.6392e+00
119 +3.953177936e+04 +3.953177936e+04 +3.971563936e+04 +3.971563936e+04 -2.3243e+00 -3.7214e+00 +9.5147e-02 -2.3545e+00 +4.4284e+00 +3.0516e+00 +4.8118e+00 -4.7694e+00 +5.0000e+00 -5.0000e+00
157 +1.132024231e+04 +1.132024231e+04 +1.150410231e+04 +1.150410231e+04 -3.5289e+00 -3.2531e+00 +5.0000e+00 -5.0000e+00 +4.8995e+00 +5.0000e+00 +5.0000e+00 -3.7057e+00 +5.0000e+00 -5.0000e+00
160 +9.508046645e+03 +9.508046645e+03 +9.691906645e+03 +9.691906645e+03 -4.2460e+00 -2.5636e+00 +4.6336e+00 -3.3645e+00 +2.8340e+00 +4.8092e+00 -4.3955e-01 -4.4177e+00 +5.0000e+00 -5.0000e+00
167 +1.027504927e+02 +1.027504927e+02 +2.866104927e+02 +2.866104927e+02 -5.0000e+00 -2.6661e+00 +4.9182e+00 -2.0397e+00 +1.8392e+00 +4.8117e+00 +2.8339e+00 -2.2529e+00 -5.7445e-02 -4.2161e+00
308 +9.499893337e+01 +9.499893337e+01 +2.788589334e+02 +2.788589334e+02 -3.4704e+00 -5.0000e+00 +5.0000e+00 -3.3130e+00 -9.8087e-01 +4.9309e+00 +0.0000e+00 -3.4344e+00 +1.1153e+00 -4.0178e+00
664 +6.107582129e+01 +6.107582129e+01 +2.449358213e+02 +2.449358213e+02 -4.8948e+00 -5.0000e+00 +3.9667e+00 -2.1633e+00 +2.5665e+00 +4.4501e+00 +3.7774e-01 +0.0000e+00 +6.8609e-01 -4.5434e+00
1482 +3.923900114e+01 +3.923900114e+01 +2.230990011e+02 +2.230990011e+02 -3.4609e+00 -4.9251e+00 +4.3442e+00 -2.1419e+00 +2.7114e+00 +1.0745e+00 +3.0257e-01 -1.1444e+00 +1.2679e+00 -4.2791e+00
1719 +2.317189591e+01 +2.317189591e+01 +2.070318959e+02 +2.070318959e+02 -2.5000e+00 -4.5632e+00 +3.6786e+00 -2.2948e+00 +2.5496e+00 +2.5000e+00 -1.1594e+00 -7.9678e-01 +1.5278e+00 -3.3622e+00
