% function evaluation | noise-free fitness - Fopt (1.491500000000e+02) | best noise-free fitness - Fopt | measured fitness | best measured fitness | x1 | x2...
1 +7.230624245e+04 +7.230624245e+04 +7.245539245e+04 +7.245539245e+04 +4.0480e+00 -1.8450e+00 +3.6862e+00
3 +1.024753757e+02 +1.024753757e+02 +2.516253757e+02 +2.516253757e+02 -2.2877e+00 +9.5446e-01 +4.9803e+00
10 +9.809216532e+01 +9.809216532e+01 +2.472421653e+02 +2.472421653e+02 +2.0520e-01 -6.5457e-01 -5.1769e-04
51 +1.643219229e+01 +1.643219229e+01 +1.655821923e+02 +1.655821923e+02 -2.1181e+00 +2.2839e-02 +7.3664e-01
151 +1.042221433e+01 +1.042221433e+01 +1.595722143e+02 +1.595722143e+02 -2.1189e+00 -1.6360e-02 +7.5031e-01
271 +7.504724316e+00 +7.504724316e+00 +1.566547243e+02 +1.566547243e+02 -2.1210e+00 -6.0023e-02 +7.6680e-01
332 +5.076079491e+00 +5.076079491e+00 +1.542260795e+02 +1.542260795e+02 -2.1010e+00 -3.1079e-01 +5.4849e-02
362 +1.795322272e+00 +1.795322272e+00 +1.509453223e+02 +1.509453223e+02 -5.0541e-03 -1.4123e-01 +5.6754e-01
436 +6.580081801e-01 +6.580081801e-01 +1.498080082e+02 +1.498080082e+02 +5.1498e-02 -2.1113e-01 +3.1962e-01
518 +1.766134991e-01 +1.766134991e-01 +1.493266135e+02 +1.493266135e+02 -1.1844e-01 -4.8853e-01 -1.6284e-01
557 +1.503095694e-01 +1.503095694e-01 +1.493003096e+02 +1.493003096e+02 -2.1622e-01 -6.7873e-01 -5.1433e-01
603 +3.123751848e-02 +3.123751848e-02 +1.491812375e+02 +1.491812375e+02 +8.9362e-03 -2.3010e-01 +3.1834e-01
808 +1.477592575e-02 +1.477592575e-02 +1.491647759e+02 +1.491647759e+02 -9.6810e-03 -2.7878e-01 +2.1813e-01
865 +1.128078688e-03 +1.128078688e-03 +1.491511281e+02 +1.491511281e+02 -5.7506e-02 -3.7226e-01 +1.5156e-02
871 +5.190873481e-04 +5.190873481e-04 +1.491505191e+02 +1.491505191e+02 -5.7378e-02 -3.7302e-01 +1.5513e-02
1069 +1.375039649e-04 +1.375039649e-04 +1.491501375e+02 +1.491501375e+02 -5.3604e-02 -3.6686e-01 +2.6303e-02
1136 +7.371822844e-05 +7.371822844e-05 +1.491500737e+02 +1.491500737e+02 -5.3297e-02 -3.6632e-01 +2.7952e-02
1143 +2.528967414e-05 +2.528967414e-05 +1.491500253e+02 +1.491500253e+02 -5.3359e-02 -3.6730e-01 +2.6461e-02
1148 +1.846428793e-05 +1.846428793e-05 +1.491500185e+02 +1.491500185e+02 -5.4773e-02 -3.7016e-01 +2.0854e-02
1174 +1.506445787e-05 +1.506445787e-05 +1.491500151e+02 +1.491500151e+02 -5.4850e-02 -3.6986e-01 +2.1373e-02
1181 +1.337844054e-06 +1.337844054e-06 +1.491500013e+02 +1.491500013e+02 -5.5614e-02 -3.7169e-01 +1.7419e-02
1331 +9.224362998e-07 +9.224362998e-07 +1.491500009e+02 +1.491500009e+02 -5.5599e-02 -3.7160e-01 +1.7569e-02
1374 +2.403890562e-07 +2.403890562e-07 +1.491500002e+02 +1.491500002e+02 -5.5276e-02 -3.7090e-01 +1.8982e-02
1458 +1.311153426e-07 +1.311153426e-07 +1.491500001e+02 +1.491500001e+02 -5.5235e-02 -3.7085e-01 +1.9078e-02
1484 +6.860736335e-08 +6.860736335e-08 +1.491500001e+02 +1.491500001e+02 -5.5152e-02 -3.7069e-01 +1.9408e-02
1488 +1.434358410e-09 +1.434358410e-09 +1.491500000e+02 +1.491500000e+02 -5.5206e-02 -3.7082e-01 +1.9167e-02
1638 +4.990852176e-10 +4.990852176e-10 +1.491500000e+02 +1.491500000e+02 -5.5194e-02 -3.7079e-01 +1.9219e-02
1704 +3.187494713e-10 +3.187494713e-10 +1.491500000e+02 +1.491500000e+02 -5.5193e-02 -3.7079e-01 +1.9227e-02
1710 +1.389537374e-10 +1.389537374e-10 +1.491500000e+02 +1.491500000e+02 -5.5195e-02 -3.7079e-01 +1.9221e-02
1768 +7.506173461e-11 +7.506173461e-11 +1.491500000e+02 +1.491500000e+02 -5.5201e-02 -3.7080e-01 +1.9198e-02
1772 +6.127720553e-11 +6.127720553e-11 +1.491500000e+02 +1.491500000e+02 -5.5197e-02 -3.7079e-01 +1.9212e-02
1776 +7.702283256e-12 +7.702283256e-12 +1.491500000e+02 +1.491500000e+02 -5.5199e-02 -3.7080e-01 +1.9203e-02
1803 +6.281197784e-12 +6.281197784e-12 +1.491500000e+02 +1.491500000e+02 -5.5200e-02 -3.7080e-01 +1.9200e-02
1876 +2.842170943e-12 +2.842170943e-12 +1.491500000e+02 +1.491500000e+02 -5.5200e-02 -3.7080e-01 +1.9198e-02
1885 +1.307398634e-12 +1.307398634e-12 +1.491500000e+02 +1.491500000e+02 -5.5200e-02 -3.7080e-01 +1.9199e-02
1893 +6.536993169e-13 +6.536993169e-13 +1.491500000e+02 +1.491500000e+02 -5.5200e-02 -3.7080e-01 +1.9200e-02
1949 +5.115907697e-13 +5.115907697e-13 +1.491500000e+02 +1.491500000e+02 -5.5200e-02 -3.7080e-01 +1.9200e-02
1958 +2.273736754e-13 +2.273736754e-13 +1.491500000e+02 +1.491500000e+02 -5.5200e-02 -3.7080e-01 +1.9201e-02
1975 +8.526512829e-14 +8.526512829e-14 +1.491500000e+02 +1.491500000e+02 -5.5200e-02 -3.7080e-01 +1.9200e-02
1996 +5.684341886e-14 +5.684341886e-14 +1.491500000e+02 +1.491500000e+02 -5.5200e-02 -3.7080e-01 +1.9200e-02
2095 +2.842170943e-14 +2.842170943e-14 +1.491500000e+02 +1.491500000e+02 -5.5200e-02 -3.7080e-01 +1.9200e-02
2124 +0.000000000e+00 +0.000000000e+00 +1.491500000e+02 +1.491500000e+02 -5.5200e-02 -3.7080e-01 +1.9200e-02
% function evaluation | noise-free fitness - Fopt (-1.000000000000e+03) | best noise-free fitness - Fopt | measured fitness | best measured fitness | x1 | x2...
1 +4.094100724e+05 +4.094100724e+05 +4.084100724e+05 +4.084100724e+05 +4.0379e+00 -1.6013e+00 +2.4469e+00
2 +8.114791267e+02 +8.114791267e+02 -1.885208733e+02 -1.885208733e+02 -4.0278e+00 +9.8592e-01 -1.5590e+00
34 +5.759737852e+02 +5.759737852e+02 -4.240262148e+02 -4.240262148e+02 -3.5887e+00 -1.3513e+00 +1.0850e+00
40 +2.106382717e+01 +2.106382717e+01 -9.789361728e+02 -9.789361728e+02 -3.0086e+00 +9.2760e-01 +1.5437e+00
106 +5.257335760e+00 +5.257335760e+00 -9.947426642e+02 -9.947426642e+02 -2.6045e+00 +1.5602e+00 +2.2839e+00
162 +3.384304668e+00 +3.384304668e+00 -9.966156953e+02 -9.966156953e+02 -3.4672e+00 +2.8473e-01 +3.9187e-01
244 +2.411488063e+00 +2.411488063e+00 -9.975885119e+02 -9.975885119e+02 -3.7895e+00 +1.5845e-01 +4.5783e-01
288 +1.152997893e+00 +1.152997893e+00 -9.988470021e+02 -9.988470021e+02 -2.9854e+00 +8.2101e-01 +9.4716e-01
317 +6.005349967e-01 +6.005349967e-01 -9.993994650e+02 -9.993994650e+02 -3.1714e+00 +6.3421e-01 +6.8848e-01
367 +1.504559007e-01 +1.504559007e-01 -9.998495441e+02 -9.998495441e+02 -2.9824e+00 +9.0674e-01 +1.0718e+00
527 +8.072850973e-02 +8.072850973e-02 -9.999192715e+02 -9.999192715e+02 -2.9380e+00 +1.0264e+00 +1.2526e+00
621 +4.070023687e-02 +4.070023687e-02 -9.999592998e+02 -9.999592998e+02 -2.8980e+00 +1.0843e+00 +1.3645e+00
645 +3.459600551e-02 +3.459600551e-02 -9.999654040e+02 -9.999654040e+02 -2.9020e+00 +1.0826e+00 +1.3555e+00
677 +1.493964906e-02 +1.493964906e-02 -9.999850604e+02 -9.999850604e+02 -2.8888e+00 +1.0897e+00 +1.3562e+00
841 +9.694622290e-03 +9.694622290e-03 -9.999903054e+02 -9.999903054e+02 -2.8895e+00 +1.0996e+00 +1.3736e+00
859 +5.110007992e-03 +5.110007992e-03 -9.999948900e+02 -9.999948900e+02 -2.8649e+00 +1.1494e+00 +1.4726e+00
872 +2.610341039e-03 +2.610341039e-03 -9.999973897e+02 -9.999973897e+02 -2.8626e+00 +1.1451e+00 +1.4595e+00
901 +2.251748185e-03 +2.251748185e-03 -9.999977483e+02 -9.999977483e+02 -2.8693e+00 +1.1348e+00 +1.4413e+00
936 +3.943088152e-04 +3.943088152e-04 -9.999996057e+02 -9.999996057e+02 -2.8498e+00 +1.1726e+00 +1.5143e+00
964 +7.101929032e-05 +7.101929032e-05 -9.999999290e+02 -9.999999290e+02 -2.8480e+00 +1.1774e+00 +1.5263e+00
1066 +5.930931559e-05 +5.930931559e-05 -9.999999407e+02 -9.999999407e+02 -2.8461e+00 +1.1810e+00 +1.5334e+00
1150 +1.271497524e-05 +1.271497524e-05 -9.999999873e+02 -9.999999873e+02 -2.8497e+00 +1.1736e+00 +1.5181e+00
1201 +5.833859063e-06 +5.833859063e-06 -9.999999942e+02 -9.999999942e+02 -2.8481e+00 +1.1769e+00 +1.5248e+00
1234 +2.910021067e-06 +2.910021067e-06 -9.999999971e+02 -9.999999971e+02 -2.8489e+00 +1.1752e+00 +1.5211e+00
1295 +1.751710101e-06 +1.751710101e-06 -9.999999982e+02 -9.999999982e+02 -2.8483e+00 +1.1765e+00 +1.5238e+00
1325 +1.337503022e-06 +1.337503022e-06 -9.999999987e+02 -9.999999987e+02 -2.8481e+00 +1.1770e+00 +1.5247e+00
1329 +7.436511851e-07 +7.436511851e-07 -9.999999993e+02 -9.999999993e+02 -2.8483e+00 +1.1766e+00 +1.5239e+00
1336 +4.576721722e-07 +4.576721722e-07 -9.999999995e+02 -9.999999995e+02 -2.8483e+00 +1.1766e+00 +1.5239e+00
1341 +2.584940830e-07 +2.584940830e-07 -9.999999997e+02 -9.999999997e+02 -2.8480e+00 +1.1770e+00 +1.5248e+00
1343 +2.130201437e-07 +2.130201437e-07 -9.999999998e+02 -9.999999998e+02 -2.8483e+00 +1.1765e+00 +1.5239e+00
1418 +1.372219458e-07 +1.372219458e-07 -9.999999999e+02 -9.999999999e+02 -2.8482e+00 +1.1767e+00 +1.5241e+00
1438 +2.880278771e-08 +2.880278771e-08 -1.000000000e+03 -1.000000000e+03 -2.8482e+00 +1.1766e+00 +1.5240e+00
1458 +5.740275810e-09 +5.740275810e-09 -1.000000000e+03 -1.000000000e+03 -2.8482e+00 +1.1766e+00 +1.5241e+00
1533 +4.812363841e-10 +4.812363841e-10 -1.000000000e+03 -1.000000000e+03 -2.8482e+00 +1.1766e+00 +1.5240e+00
1617 +3.217337508e-10 +3.217337508e-10 -1.000000000e+03 -1.000000000e+03 -2.8482e+00 +1.1766e+00 +1.5240e+00
1621 +1.474518285e-10 +1.474518285e-10 -1.000000000e+03 -1.000000000e+03 -2.8482e+00 +1.1766e+00 +1.5240e+00
1696 +7.969447324e-11 +7.969447324e-11 -1.000000000e+03 -1.000000000e+03 -2.8482e+00 +1.1766e+00 +1.5240e+00
1754 +7.958078641e-12 +7.958078641e-12 -1.000000000e+03 -1.000000000e+03 -2.8482e+00 +1.1766e+00 +1.5240e+00
1763 +4.774847184e-12 +4.774847184e-12 -1.000000000e+03 -1.000000000e+03 -2.8482e+00 +1.1766e+00 +1.5240e+00
1853 +2.955857781e-12 +2.955857781e-12 -1.000000000e+03 -1.000000000e+03 -2.8482e+00 +1.1766e+00 +1.5240e+00
1878 +1.136868377e-13 +1.136868377e-13 -1.000000000e+03 -1.000000000e+03 -2.8482e+00 +1.1766e+00 +1.5240e+00
2068 +0.000000000e+00 +0.000000000e+00 -1.000000000e+03 -1.000000000e+03 -2.8482e+00 +1.1766e+00 +1.5240e+00
% function evaluation | noise-free fitness - Fopt (9.862000000000e+01) | best noise-free fitness - Fopt | measured fitness | best measured fitness | x1 | x2...
1 +8.916759777e+03 +8.916759777e+03 +9.015379777e+03 +9.015379777e+03 +1.4480e+00 +6.2202e-02 +1.9708e+00
3 +2.497175638e+03 +2.497175638e+03 +2.595795638e+03 +2.595795638e+03 +5.6092e-01 -1.4822e+00 +2.6739e+00
20 +1.187045921e+03 +1.187045921e+03 +1.285665921e+03 +1.285665921e+03 -2.6108e+00 +6.2202e-02 +3.2648e+00
46 +6.018710413e+02 +6.018710413e+02 +7.004910413e+02 +7.004910413e+02 -1.2361e+00 -2.7926e+00 -3.8738e-01
82 +1.336905173e+02 +1.336905173e+02 +2.323105173e+02 +2.323105173e+02 -2.2382e+00 -3.0124e+00 +1.7738e+00
92 +1.164942742e+01 +1.164942742e+01 +1.102694274e+02 +1.102694274e+02 -1.9814e+00 -1.8562e+00 +1.7019e+00
199 +9.375450195e+00 +9.375450195e+00 +1.079954502e+02 +1.079954502e+02 -1.7945e+00 -2.0099e+00 +1.2235e+00
230 +5.240290550e+00 +5.240290550e+00 +1.038602906e+02 +1.038602906e+02 -1.7005e+00 -1.9833e+00 +1.3538e+00
245 +3.542994001e+00 +3.542994001e+00 +1.021629940e+02 +1.021629940e+02 -1.7670e+00 -2.1429e+00 +1.3169e+00
314 +1.862907845e+00 +1.862907845e+00 +1.004829078e+02 +1.004829078e+02 -1.6141e+00 -2.1548e+00 +1.4374e+00
368 +1.303964904e+00 +1.303964904e+00 +9.992396490e+01 +9.992396490e+01 -1.3984e+00 -2.0016e+00 +1.5088e+00
498 +9.901500490e-01 +9.901500490e-01 +9.961015005e+01 +9.961015005e+01 -1.3719e+00 -1.9452e+00 +1.4749e+00
601 +6.228977916e-01 +6.228977916e-01 +9.924289779e+01 +9.924289779e+01 -1.2187e+00 -1.8103e+00 +1.5489e+00
718 +3.379004428e-01 +3.379004428e-01 +9.895790044e+01 +9.895790044e+01 -1.0640e+00 -1.6063e+00 +1.7143e+00
808 +2.374150928e-01 +2.374150928e-01 +9.885741509e+01 +9.885741509e+01 -1.0097e+00 -1.5332e+00 +1.8103e+00
844 +1.560121724e-01 +1.560121724e-01 +9.877601217e+01 +9.877601217e+01 -9.9102e-01 -1.4910e+00 +1.8766e+00
935 +9.624057650e-02 +9.624057650e-02 +9.871624058e+01 +9.871624058e+01 -9.2460e-01 -1.3725e+00 +2.0277e+00
1004 +5.350492746e-02 +5.350492746e-02 +9.867350493e+01 +9.867350493e+01 -9.1131e-01 -1.3438e+00 +2.0872e+00
1021 +3.924083733e-02 +3.924083733e-02 +9.865924084e+01 +9.865924084e+01 -8.8893e-01 -1.3004e+00 +2.1572e+00
1076 +2.489162277e-02 +2.489162277e-02 +9.864489162e+01 +9.864489162e+01 -8.7103e-01 -1.2707e+00 +2.2078e+00
1141 +1.412084559e-02 +1.412084559e-02 +9.863412085e+01 +9.863412085e+01 -8.5151e-01 -1.2409e+00 +2.2618e+00
1202 +9.460128239e-03 +9.460128239e-03 +9.862946013e+01 +9.862946013e+01 -8.4405e-01 -1.2242e+00 +2.2928e+00
1262 +5.358250749e-03 +5.358250749e-03 +9.862535825e+01 +9.862535825e+01 -8.3221e-01 -1.2017e+00 +2.3354e+00
1299 +3.801767978e-03 +3.801767978e-03 +9.862380177e+01 +9.862380177e+01 -8.2903e-01 -1.1970e+00 +2.3465e+00
1361 +2.309914454e-03 +2.309914454e-03 +9.862230991e+01 +9.862230991e+01 -8.2476e-01 -1.1873e+00 +2.3652e+00
1400 +1.333342429e-03 +1.333342429e-03 +9.862133334e+01 +9.862133334e+01 -8.2123e-01 -1.1794e+00 +2.3814e+00
1427 +7.659218403e-04 +7.659218403e-04 +9.862076592e+01 +9.862076592e+01 -8.1409e-01 -1.1657e+00 +2.4071e+00
1472 +5.647954597e-04 +5.647954597e-04 +9.862056480e+01 +9.862056480e+01 -8.1452e-01 -1.1673e+00 +2.4055e+00
1509 +3.591420503e-04 +3.591420503e-04 +9.862035914e+01 +9.862035914e+01 -8.1242e-01 -1.1612e+00 +2.4172e+00
1532 +2.396890737e-04 +2.396890737e-04 +9.862023969e+01 +9.862023969e+01 -8.1208e-01 -1.1615e+00 +2.4173e+00
1546 +1.373130810e-04 +1.373130810e-04 +9.862013731e+01 +9.862013731e+01 -8.1014e-01 -1.1576e+00 +2.4246e+00
1561 +9.357049936e-05 +9.357049936e-05 +9.862009357e+01 +9.862009357e+01 -8.0853e-01 -1.1544e+00 +2.4307e+00
1577 +3.351976787e-05 +3.351976787e-05 +9.862003352e+01 +9.862003352e+01 -8.0696e-01 -1.1510e+00 +2.4377e+00
1598 +2.293695047e-05 +2.293695047e-05 +9.862002294e+01 +9.862002294e+01 -8.0688e-01 -1.1513e+00 +2.4377e+00
1612 +6.691691638e-06 +6.691691638e-06 +9.862000669e+01 +9.862000669e+01 -8.0554e-01 -1.1487e+00 +2.4426e+00
1631 +7.994913602e-07 +7.994913602e-07 +9.862000080e+01 +9.862000080e+01 -8.0521e-01 -1.1478e+00 +2.4444e+00
1705 +3.796758250e-07 +3.796758250e-07 +9.862000038e+01 +9.862000038e+01 -8.0520e-01 -1.1479e+00 +2.4443e+00
1773 +2.475588161e-07 +2.475588161e-07 +9.862000025e+01 +9.862000025e+01 -8.0514e-01 -1.1477e+00 +2.4446e+00
1778 +5.028708472e-08 +5.028708472e-08 +9.862000005e+01 +9.862000005e+01 -8.0519e-01 -1.1478e+00 +2.4444e+00
1826 +3.562418271e-08 +3.562418271e-08 +9.862000004e+01 +9.862000004e+01 -8.0524e-01 -1.1479e+00 +2.4442e+00
1919 +1.217505030e-08 +1.217505030e-08 +9.862000001e+01 +9.862000001e+01 -8.0522e-01 -1.1478e+00 +2.4443e+00
1951 +9.674138823e-09 +9.674138823e-09 +9.862000001e+01 +9.862000001e+01 -8.0519e-01 -1.1478e+00 +2.4444e+00
1994 +2.684217293e-09 +2.684217293e-09 +9.862000000e+01 +9.862000000e+01 -8.0522e-01 -1.1478e+00 +2.4443e+00
2016 +1.948379236e-09 +1.948379236e-09 +9.862000000e+01 +9.862000000e+01 -8.0521e-01 -1.1478e+00 +2.4444e+00
2039 +1.554184337e-09 +1.554184337e-09 +9.862000000e+01 +9.862000000e+01 -8.0522e-01 -1.1478e+00 +2.4443e+00
2041 +4.932161346e-10 +4.932161346e-10 +9.862000000e+01 +9.862000000e+01 -8.0520e-01 -1.1478e+00 +2.4444e+00
2105 +1.329993893e-10 +1.329993893e-10 +9.862000000e+01 +9.862000000e+01 -8.0520e-01 -1.1478e+00 +2.4444e+00
2116 +5.817923920e-11 +5.817923920e-11 +9.862000000e+01 +9.862000000e+01 -8.0520e-01 -1.1478e+00 +2.4444e+00
2185 +2.636113550e-11 +2.636113550e-11 +9.862000000e+01 +9.862000000e+01 -8.0520e-01 -1.1478e+00 +2.4444e+00
2201 +1.944044925e-11 +1.944044925e-11 +9.862000000e+01 +9.862000000e+01 -8.0520e-01 -1.1478e+00 +2.4444e+00
2266 +5.513811629e-12 +5.513811629e-12 +9.862000000e+01 +9.862000000e+01 -8.0520e-01 -1.1478e+00 +2.4444e+00
2356 +2.415845302e-12 +2.415845302e-12 +9.862000000e+01 +9.862000000e+01 -8.0520e-01 -1.1478e+00 +2.4444e+00
2401 +6.821210263e-13 +6.821210263e-13 +9.862000000e+01 +9.862000000e+01 -8.0520e-01 -1.1478e+00 +2.4444e+00
2417 +1.563194019e-13 +1.563194019e-13 +9.862000000e+01 +9.862000000e+01 -8.0520e-01 -1.1478e+00 +2.4444e+00
2521 +1.421085472e-14 +1.421085472e-14 +9.862000000e+01 +9.862000000e+01 -8.0520e-01 -1.1478e+00 +2.4444e+00
2583 +0.000000000e+00 +0.000000000e+00 +9.862000000e+01 +9.862000000e+01 -8.0520e-01 -1.1478e+00 +2.4444e+00
% function evaluation | noise-free fitness - Fopt (-4.715000000000e+01) | best noise-free fitness - Fopt | measured fitness | best measured fitness | x1 | x2...
1 +3.011747278e+03 +3.011747278e+03 +2.964597278e+03 +2.964597278e+03 +4.1273e-01 -4.2195e+00 +4.1191e+00
2 +6.121199016e+02 +6.121199016e+02 +5.649699016e+02 +5.649699016e+02 +7.0395e-02 +6.4363e-01 +1.3673e+00
37 +2.549681094e+02 +2.549681094e+02 +2.078181094e+02 +2.078181094e+02 -3.0509e+00 +1.0114e+00 +4.1666e+00
106 +1.211396208e+02 +1.211396208e+02 +7.398962080e+01 +7.398962080e+01 -2.9933e+00 +9.2715e-01 +4.2028e+00
196 +9.465139592e+01 +9.465139592e+01 +4.750139592e+01 +4.750139592e+01 -1.7109e+00 -1.2433e+00 -2.7446e+00
197 +4.046929829e+01 +4.046929829e+01 -6.680701707e+00 -6.680701707e+00 -2.1198e+00 -1.6577e+00 -2.5343e+00
211 +2.382267524e+01 +2.382267524e+01 -2.332732476e+01 -2.332732476e+01 -1.2539e+00 -2.1705e+00 -2.3150e+00
222 +1.415135046e+01 +1.415135046e+01 -3.299864954e+01 -3.299864954e+01 -2.4387e+00 -4.6992e-01 -1.2288e-01
260 +5.169299622e+00 +5.169299622e+00 -4.198070038e+01 -4.198070038e+01 -2.1348e+00 -1.1271e+00 -1.8644e+00
444 +3.573056545e+00 +3.573056545e+00 -4.357694345e+01 -4.357694345e+01 -2.1835e+00 -1.0782e+00 -1.6396e+00
736 +2.488428607e+00 +2.488428607e+00 -4.466157139e+01 -4.466157139e+01 -1.5955e+00 -1.7079e+00 -2.1665e+00
946 +1.582807879e+00 +1.582807879e+00 -4.556719212e+01 -4.556719212e+01 -1.1352e+00 -1.7593e+00 -2.1977e+00
1188 +9.931395211e-01 +9.931395211e-01 -4.615686048e+01 -4.615686048e+01 -8.6809e-01 -1.5921e+00 -2.1707e+00
1413 +6.154192670e-01 +6.154192670e-01 -4.653458073e+01 -4.653458073e+01 -7.4289e-01 -1.4554e+00 -2.0805e+00
1489 +3.949096509e-01 +3.949096509e-01 -4.675509035e+01 -4.675509035e+01 -6.3112e-01 -1.3189e+00 -1.9720e+00
1602 +2.299243868e-01 +2.299243868e-01 -4.692007561e+01 -4.692007561e+01 -5.3753e-01 -1.1650e+00 -1.8046e+00
1651 +1.516260674e-01 +1.516260674e-01 -4.699837393e+01 -4.699837393e+01 -4.9989e-01 -1.1243e+00 -1.7310e+00
1817 +9.153576998e-02 +9.153576998e-02 -4.705846423e+01 -4.705846423e+01 -4.6865e-01 -1.0614e+00 -1.6457e+00
1886 +5.942872221e-02 +5.942872221e-02 -4.709057128e+01 -4.709057128e+01 -4.0859e-01 -9.6208e-01 -1.4952e+00
1951 +3.578394791e-02 +3.578394791e-02 -4.711421605e+01 -4.711421605e+01 -4.1562e-01 -9.6567e-01 -1.4923e+00
1987 +2.429186982e-02 +2.429186982e-02 -4.712570813e+01 -4.712570813e+01 -3.9820e-01 -9.3428e-01 -1.4321e+00
2026 +1.322380579e-02 +1.322380579e-02 -4.713677619e+01 -4.713677619e+01 -3.8110e-01 -9.0136e-01 -1.3759e+00
2044 +8.381374477e-03 +8.381374477e-03 -4.714161863e+01 -4.714161863e+01 -3.5719e-01 -8.5952e-01 -1.3028e+00
2056 +5.524284019e-03 +5.524284019e-03 -4.714447572e+01 -4.714447572e+01 -3.6088e-01 -8.5679e-01 -1.2955e+00
2094 +3.932547255e-03 +3.932547255e-03 -4.714606745e+01 -4.714606745e+01 -3.5301e-01 -8.4624e-01 -1.2788e+00
2112 +2.346161090e-03 +2.346161090e-03 -4.714765384e+01 -4.714765384e+01 -3.3239e-01 -8.0290e-01 -1.1951e+00
2123 +1.029243271e-03 +1.029243271e-03 -4.714897076e+01 -4.714897076e+01 -3.4381e-01 -8.2713e-01 -1.2397e+00
2146 +7.921576159e-04 +7.921576159e-04 -4.714920784e+01 -4.714920784e+01 -3.3599e-01 -8.1182e-01 -1.2109e+00
2151 +8.538234262e-06 +8.538234262e-06 -4.714999146e+01 -4.714999146e+01 -3.3010e-01 -7.9982e-01 -1.1842e+00
2401 +3.391983000e-06 +3.391983000e-06 -4.714999661e+01 -4.714999661e+01 -3.3045e-01 -8.0053e-01 -1.1858e+00
2414 +2.030804403e-06 +2.030804403e-06 -4.714999797e+01 -4.714999797e+01 -3.3045e-01 -8.0059e-01 -1.1859e+00
2433 +2.867463422e-08 +2.867463422e-08 -4.714999997e+01 -4.714999997e+01 -3.3066e-01 -8.0111e-01 -1.1870e+00
2656 +1.232579905e-08 +1.232579905e-08 -4.714999999e+01 -4.714999999e+01 -3.3063e-01 -8.0106e-01 -1.1869e+00
2704 +3.341419585e-09 +3.341419585e-09 -4.715000000e+01 -4.715000000e+01 -3.3060e-01 -8.0100e-01 -1.1868e+00
2716 +2.692885914e-10 +2.692885914e-10 -4.715000000e+01 -4.715000000e+01 -3.3060e-01 -8.0099e-01 -1.1868e+00
2866 +2.427640311e-10 +2.427640311e-10 -4.715000000e+01 -4.715000000e+01 -3.3060e-01 -8.0099e-01 -1.1868e+00
2910 +1.114770498e-10 +1.114770498e-10 -4.715000000e+01 -4.715000000e+01 -3.3060e-01 -8.0100e-01 -1.1868e+00
2913 +3.226574563e-11 +3.226574563e-11 -4.715000000e+01 -4.715000000e+01 -3.3060e-01 -8.0099e-01 -1.1868e+00
2956 +7.233325050e-12 +7.233325050e-12 -4.715000000e+01 -4.715000000e+01 -3.3060e-01 -8.0100e-01 -1.1868e+00
% function evaluation | noise-free fitness - Fopt (3.752000000000e+01) | best noise-free fitness - Fopt | measured fitness | best measured fitness | x1 | x2...
1 +4.203500327e+04 +4.203500327e+04 +4.207252327e+04 +4.207252327e+04 -3.0984e+00 -2.1745e+00 -5.7515e-01
3 +1.634517800e+03 +1.634517800e+03 +1.672037800e+03 +1.672037800e+03 +3.1099e+00 -4.0206e+00 +1.3316e+00
16 +1.582829789e+03 +1.582829789e+03 +1.620349789e+03 +1.620349789e+03 +3.1099e+00 -3.9839e+00 +1.3316e+00
17 +2.824703628e+02 +2.824703628e+02 +3.199903628e+02 +3.199903628e+02 +2.0405e+00 -1.6277e+00 +2.3761e+00
47 +8.522251726e+01 +8.522251726e+01 +1.227425173e+02 +1.227425173e+02 +2.7469e+00 -2.0241e+00 +3.4598e+00
103 +6.162614960e+01 +6.162614960e+01 +9.914614960e+01 +9.914614960e+01 +1.2851e+00 -3.6834e+00 +2.3850e+00
114 +3.632817240e+01 +3.632817240e+01 +7.384817240e+01 +7.384817240e+01 +2.6503e-02 -1.2999e+00 +4.9567e+00
123 +1.828859920e+01 +1.828859920e+01 +5.580859920e+01 +5.580859920e+01 +1.8123e+00 -2.4743e+00 +1.9905e+00
130 +9.806965143e+00 +9.806965143e+00 +4.732696514e+01 +4.732696514e+01 -1.3447e-01 -3.5144e-01 +8.6987e+00
159 +1.184200432e-01 +1.184200432e-01 +3.763842004e+01 +3.763842004e+01 +2.3997e+00 -2.1288e+00 +2.6292e+00
321 +4.982476191e-02 +4.982476191e-02 +3.756982476e+01 +3.756982476e+01 +2.4051e+00 -2.1309e+00 +2.5868e+00
474 +2.837113514e-02 +2.837113514e-02 +3.754837114e+01 +3.754837114e+01 +2.4723e+00 -2.0162e+00 +2.8160e+00
572 +7.890751896e-03 +7.890751896e-03 +3.752789075e+01 +3.752789075e+01 +2.4606e+00 -2.0323e+00 +2.7769e+00
601 +5.987804558e-03 +5.987804558e-03 +3.752598780e+01 +3.752598780e+01 +2.4582e+00 -2.0323e+00 +2.7777e+00
609 +2.619217724e-03 +2.619217724e-03 +3.752261922e+01 +3.752261922e+01 +2.4755e+00 -1.9997e+00 +2.8402e+00
678 +2.029423613e-03 +2.029423613e-03 +3.752202942e+01 +3.752202942e+01 +2.4787e+00 -1.9947e+00 +2.8481e+00
708 +1.119475079e-03 +1.119475079e-03 +3.752111948e+01 +3.752111948e+01 +2.4778e+00 -1.9921e+00 +2.8531e+00
755 +7.106073318e-04 +7.106073318e-04 +3.752071061e+01 +3.752071061e+01 +2.4817e+00 -1.9872e+00 +2.8621e+00
766 +5.842715422e-04 +5.842715422e-04 +3.752058427e+01 +3.752058427e+01 +2.4805e+00 -1.9869e+00 +2.8612e+00
784 +3.890956718e-04 +3.890956718e-04 +3.752038910e+01 +3.752038910e+01 +2.4837e+00 -1.9813e+00 +2.8740e+00
786 +2.336850081e-04 +2.336850081e-04 +3.752023369e+01 +3.752023369e+01 +2.4833e+00 -1.9827e+00 +2.8698e+00
857 +1.232921322e-04 +1.232921322e-04 +3.752012329e+01 +3.752012329e+01 +2.4868e+00 -1.9748e+00 +2.8862e+00
864 +6.113136525e-05 +6.113136525e-05 +3.752006113e+01 +3.752006113e+01 +2.4889e+00 -1.9708e+00 +2.8932e+00
912 +2.385513903e-05 +2.385513903e-05 +3.752002386e+01 +3.752002386e+01 +2.4894e+00 -1.9706e+00 +2.8942e+00
932 +1.256227098e-05 +1.256227098e-05 +3.752001256e+01 +3.752001256e+01 +2.4886e+00 -1.9721e+00 +2.8910e+00
1003 +9.780987035e-06 +9.780987035e-06 +3.752000978e+01 +3.752000978e+01 +2.4906e+00 -1.9680e+00 +2.8989e+00
1021 +3.557264577e-06 +3.557264577e-06 +3.752000356e+01 +3.752000356e+01 +2.4896e+00 -1.9699e+00 +2.8953e+00
1055 +1.189366941e-06 +1.189366941e-06 +3.752000119e+01 +3.752000119e+01 +2.4897e+00 -1.9698e+00 +2.8955e+00
1096 +7.030927378e-07 +7.030927378e-07 +3.752000070e+01 +3.752000070e+01 +2.4897e+00 -1.9698e+00 +2.8955e+00
1111 +3.321564890e-07 +3.321564890e-07 +3.752000033e+01 +3.752000033e+01 +2.4899e+00 -1.9694e+00 +2.8964e+00
1144 +1.333478750e-07 +1.333478750e-07 +3.752000013e+01 +3.752000013e+01 +2.4899e+00 -1.9695e+00 +2.8962e+00
1174 +8.243529948e-08 +8.243529948e-08 +3.752000008e+01 +3.752000008e+01 +2.4899e+00 -1.9694e+00 +2.8964e+00
1188 +3.590749742e-08 +3.590749742e-08 +3.752000004e+01 +3.752000004e+01 +2.4900e+00 -1.9693e+00 +2.8966e+00
1291 +5.741696896e-09 +5.741696896e-09 +3.752000001e+01 +3.752000001e+01 +2.4900e+00 -1.9692e+00 +2.8969e+00
1374 +2.780836894e-09 +2.780836894e-09 +3.752000000e+01 +3.752000000e+01 +2.4900e+00 -1.9692e+00 +2.8967e+00
1387 +5.980211881e-10 +5.980211881e-10 +3.752000000e+01 +3.752000000e+01 +2.4900e+00 -1.9692e+00 +2.8968e+00
1449 +2.103774932e-10 +2.103774932e-10 +3.752000000e+01 +3.752000000e+01 +2.4900e+00 -1.9692e+00 +2.8968e+00
1491 +1.164295327e-10 +1.164295327e-10 +3.752000000e+01 +3.752000000e+01 +2.4900e+00 -1.9692e+00 +2.8968e+00
1548 +9.717382454e-11 +9.717382454e-11 +3.752000000e+01 +3.752000000e+01 +2.4900e+00 -1.9692e+00 +2.8968e+00
1549 +4.792610753e-11 +4.792610753e-11 +3.752000000e+01 +3.752000000e+01 +2.4900e+00 -1.9692e+00 +2.8968e+00
1569 +1.675459771e-11 +1.675459771e-11 +3.752000000e+01 +3.752000000e+01 +2.4900e+00 -1.9692e+00 +2.8968e+00
1650 +8.846257060e-12 +8.846257060e-12 +3.752000000e+01 +3.752000000e+01 +2.4900e+00 -1.9692e+00 +2.8968e+00
1653 +5.798028724e-12 +5.798028724e-12 +3.752000000e+01 +3.752000000e+01 +2.4900e+00 -1.9692e+00 +2.8968e+00
1655 +3.552713679e-13 +3.552713679e-13 +3.752000000e+01 +3.752000000e+01 +2.4900e+00 -1.9692e+00 +2.8968e+00
1732 +1.705302566e-13 +1.705302566e-13 +3.752000000e+01 +3.752000000e+01 +2.4900e+00 -1.9692e+00 +2.8968e+00
1747 +3.552713679e-14 +3.552713679e-14 +3.752000000e+01 +3.752000000e+01 +2.4900e+00 -1.9692e+00 +2.8968e+00
1834 +2.131628207e-14 +2.131628207e-14 +3.752000000e+01 +3.752000000e+01 +2.4900e+00 -1.9692e+00 +2.8968e+00
1869 +1.421085472e-14 +1.421085472e-14 +3.752000000e+01 +3.752000000e+01 +2.4900e+00 -1.9692e+00 +2.8968e+00
1882 +7.105427358e-15 +7.105427358e-15 +3.752000000e+01 +3.752000000e+01 +2.4900e+00 -1.9692e+00 +2.8968e+00
1992 +0.000000000e+00 +0.000000000e+00 +3.752000000e+01 +3.752000000e+01 +2.4900e+00 -1.9692e+00 +2.8968e+00
% function evaluation | noise-free fitness - Fopt (-4.257500000000e+02) | best noise-free fitness - Fopt | measured fitness | best measured fitness | x1 | x2...
1 +9.309726721e+04 +9.309726721e+04 +9.267151721e+04 +9.267151721e+04 -1.5538e+00 -3.4538e+00 -4.1688e+00
2 +5.764396838e+02 +5.764396838e+02 +1.506896838e+02 +1.506896838e+02 -1.3424e+00 +2.3557e+00 -4.8110e+00
13 +3.004396548e+02 +3.004396548e+02 -1.253103452e+02 -1.253103452e+02 -1.7978e+00 +2.5754e+00 -5.2221e-01
18 +2.295365181e+02 +2.295365181e+02 -1.962134819e+02 -1.962134819e+02 -3.2697e+00 +1.5688e+00 -1.7013e+00
27 +1.232421305e+02 +1.232421305e+02 -3.025078695e+02 -3.025078695e+02 -1.5538e+00 +3.2123e+00 -8.3263e-02
67 +7.733115655e+01 +7.733115655e+01 -3.484188434e+02 -3.484188434e+02 -3.2147e+00 +2.1984e+00 -3.2997e+00
71 +4.448905186e+01 +4.448905186e+01 -3.812609481e+02 -3.812609481e+02 -1.2242e+00 +2.4839e+00 -2.5961e+00
76 +2.103607889e+01 +2.103607889e+01 -4.047139211e+02 -4.047139211e+02 -1.7656e+00 +1.8925e+00 -2.3575e+00
95 +1.357203186e+01 +1.357203186e+01 -4.121779681e+02 -4.121779681e+02 -3.0653e+00 +2.1734e+00 -2.4123e+00
136 +7.106290295e+00 +7.106290295e+00 -4.186437097e+02 -4.186437097e+02 -2.9665e+00 +2.1536e+00 -2.4715e+00
139 +1.841430118e+00 +1.841430118e+00 -4.239085699e+02 -4.239085699e+02 -1.6517e+00 +2.3764e+00 -2.3273e+00
274 +1.041484734e+00 +1.041484734e+00 -4.247085153e+02 -4.247085153e+02 -1.3150e+00 +2.8585e+00 -1.6357e+00
434 +9.818000231e-02 +9.818000231e-02 -4.256518200e+02 -4.256518200e+02 -1.2468e+00 +3.0145e+00 -1.3963e+00
650 +4.346959917e-02 +4.346959917e-02 -4.257065304e+02 -4.257065304e+02 -1.2916e+00 +2.9354e+00 -1.5565e+00
720 +3.966520233e-02 +3.966520233e-02 -4.257103348e+02 -4.257103348e+02 -1.2939e+00 +2.9442e+00 -1.5725e+00
741 +2.010863077e-02 +2.010863077e-02 -4.257298914e+02 -4.257298914e+02 -1.3484e+00 +2.8392e+00 -1.7783e+00
783 +3.709611390e-03 +3.709611390e-03 -4.257462904e+02 -4.257462904e+02 -1.3184e+00 +2.8901e+00 -1.6608e+00
1021 +2.391948981e-03 +2.391948981e-03 -4.257476081e+02 -4.257476081e+02 -1.3147e+00 +2.8952e+00 -1.6550e+00
1046 +1.010919342e-03 +1.010919342e-03 -4.257489891e+02 -4.257489891e+02 -1.3391e+00 +2.8515e+00 -1.7426e+00
1081 +5.214284537e-04 +5.214284537e-04 -4.257494786e+02 -4.257494786e+02 -1.3238e+00 +2.8820e+00 -1.6804e+00
1096 +1.389182263e-04 +1.389182263e-04 -4.257498611e+02 -4.257498611e+02 -1.3229e+00 +2.8824e+00 -1.6809e+00
1172 +5.119831826e-05 +5.119831826e-05 -4.257499488e+02 -4.257499488e+02 -1.3226e+00 +2.8837e+00 -1.6786e+00
1202 +2.028279391e-05 +2.028279391e-05 -4.257499797e+02 -4.257499797e+02 -1.3236e+00 +2.8816e+00 -1.6836e+00
1284 +1.446372761e-05 +1.446372761e-05 -4.257499855e+02 -4.257499855e+02 -1.3263e+00 +2.8763e+00 -1.6941e+00
1306 +8.574828257e-06 +8.574828257e-06 -4.257499914e+02 -4.257499914e+02 -1.3258e+00 +2.8773e+00 -1.6922e+00
1322 +2.587104859e-07 +2.587104859e-07 -4.257499997e+02 -4.257499997e+02 -1.3247e+00 +2.8797e+00 -1.6872e+00
1428 +1.385270707e-07 +1.385270707e-07 -4.257499999e+02 -4.257499999e+02 -1.3248e+00 +2.8795e+00 -1.6877e+00
1482 +8.000438356e-08 +8.000438356e-08 -4.257499999e+02 -4.257499999e+02 -1.3249e+00 +2.8792e+00 -1.6883e+00
1520 +4.960821798e-08 +4.960821798e-08 -4.257500000e+02 -4.257500000e+02 -1.3248e+00 +2.8794e+00 -1.6877e+00
1549 +3.951936378e-08 +3.951936378e-08 -4.257500000e+02 -4.257500000e+02 -1.3247e+00 +2.8796e+00 -1.6875e+00
1576 +8.879624147e-09 +8.879624147e-09 -4.257500000e+02 -4.257500000e+02 -1.3248e+00 +2.8793e+00 -1.6879e+00
1578 +4.130924935e-09 +4.130924935e-09 -4.257500000e+02 -4.257500000e+02 -1.3248e+00 +2.8794e+00 -1.6877e+00
1636 +3.890590961e-09 +3.890590961e-09 -4.257500000e+02 -4.257500000e+02 -1.3248e+00 +2.8794e+00 -1.6877e+00
1652 +1.939781669e-09 +1.939781669e-09 -4.257500000e+02 -4.257500000e+02 -1.3248e+00 +2.8794e+00 -1.6879e+00
1659 +9.629843589e-10 +9.629843589e-10 -4.257500000e+02 -4.257500000e+02 -1.3248e+00 +2.8794e+00 -1.6878e+00
1690 +3.190052666e-10 +3.190052666e-10 -4.257500000e+02 -4.257500000e+02 -1.3248e+00 +2.8794e+00 -1.6878e+00
1727 +1.378452907e-10 +1.378452907e-10 -4.257500000e+02 -4.257500000e+02 -1.3248e+00 +2.8794e+00 -1.6878e+00
1771 +4.098410500e-11 +4.098410500e-11 -4.257500000e+02 -4.257500000e+02 -1.3248e+00 +2.8794e+00 -1.6878e+00
1788 +3.922195901e-11 +3.922195901e-11 -4.257500000e+02 -4.257500000e+02 -1.3248e+00 +2.8794e+00 -1.6878e+00
1848 +2.205524652e-11 +2.205524652e-11 -4.257500000e+02 -4.257500000e+02 -1.3248e+00 +2.8794e+00 -1.6878e+00
1881 +5.911715562e-12 +5.911715562e-12 -4.257500000e+02 -4.257500000e+02 -1.3248e+00 +2.8794e+00 -1.6878e+00
1906 +2.899014362e-12 +2.899014362e-12 -4.257500000e+02 -4.257500000e+02 -1.3248e+00 +2.8794e+00 -1.6878e+00
1943 +1.932676241e-12 +1.932676241e-12 -4.257500000e+02 -4.257500000e+02 -1.3248e+00 +2.8794e+00 -1.6878e+00
1952 +1.250555215e-12 +1.250555215e-12 -4.257500000e+02 -4.257500000e+02 -1.3248e+00 +2.8794e+00 -1.6878e+00
1981 +9.663381206e-13 +9.663381206e-13 -4.257500000e+02 -4.257500000e+02 -1.3248e+00 +2.8794e+00 -1.6878e+00
2043 +3.410605132e-13 +3.410605132e-13 -4.257500000e+02 -4.257500000e+02 -1.3248e+00 +2.8794e+00 -1.6878e+00
2086 +1.705302566e-13 +1.705302566e-13 -4.257500000e+02 -4.257500000e+02 -1.3248e+00 +2.8794e+00 -1.6878e+00
2143 +1.136868377e-13 +1.136868377e-13 -4.257500000e+02 -4.257500000e+02 -1.3248e+00 +2.8794e+00 -1.6878e+00
2171 +0.000000000e+00 +0.000000000e+00 -4.257500000e+02 -4.257500000e+02 -1.3248e+00 +2.8794e+00 -1.6878e+00
% function evaluation | noise-free fitness - Fopt (-2.209000000000e+02) | best noise-free fitness - Fopt | measured fitness | best measured fitness | x1 | x2...
1 +7.258549241e+03 +7.258549241e+03 +7.037649241e+03 +7.037649241e+03 -3.1563e+00 -4.0826e+00 +6.7846e-01
6 +8.543554737e+02 +8.543554737e+02 +6.334554737e+02 +6.334554737e+02 -9.2494e-01 +1.1250e+00 +4.8743e+00
15 +5.722773510e+02 +5.722773510e+02 +3.513773510e+02 +3.513773510e+02 -8.1147e-02 +1.1705e-01 -2.9866e+00
76 +9.493404090e+01 +9.493404090e+01 -1.259659591e+02 -1.259659591e+02 -2.4484e+00 -9.0235e-02 -1.7556e+00
106 +5.367557348e+00 +5.367557348e+00 -2.155324427e+02 -2.155324427e+02 -2.0570e+00 -2.5726e-01 -1.6675e+00
356 +3.487420738e+00 +3.487420738e+00 -2.174125793e+02 -2.174125793e+02 -1.6567e+00 -8.9118e-01 -2.3957e+00
391 +2.450044521e+00 +2.450044521e+00 -2.184499555e+02 -2.184499555e+02 -1.1598e+00 -1.3192e+00 -2.6168e+00
791 +1.512750781e+00 +1.512750781e+00 -2.193872492e+02 -2.193872492e+02 -7.9349e-01 -1.2338e+00 -2.5930e+00
845 +9.384363659e-01 +9.384363659e-01 -2.199615636e+02 -2.199615636e+02 -5.4063e-01 -1.0314e+00 -2.5154e+00
916 +6.001239500e-01 +6.001239500e-01 -2.202998761e+02 -2.202998761e+02 -4.6422e-01 -9.3447e-01 -2.5017e+00
1075 +3.638331563e-01 +3.638331563e-01 -2.205361668e+02 -2.205361668e+02 -3.5172e-01 -8.0700e-01 -2.3919e+00
1186 +2.335058171e-01 +2.335058171e-01 -2.206664942e+02 -2.206664942e+02 -2.7255e-01 -6.8149e-01 -2.2683e+00
1283 +1.483380981e-01 +1.483380981e-01 -2.207516619e+02 -2.207516619e+02 -2.1529e-01 -5.9214e-01 -2.1510e+00
1329 +7.956896735e-02 +7.956896735e-02 -2.208204310e+02 -2.208204310e+02 -1.7851e-01 -5.2611e-01 -2.0460e+00
1402 +6.233628019e-02 +6.233628019e-02 -2.208376637e+02 -2.208376637e+02 -1.6904e-01 -5.1005e-01 -2.0143e+00
1474 +3.956222962e-02 +3.956222962e-02 -2.208604378e+02 -2.208604378e+02 -1.4393e-01 -4.6507e-01 -1.9425e+00
1505 +1.665554154e-02 +1.665554154e-02 -2.208833445e+02 -2.208833445e+02 -1.0715e-01 -3.9624e-01 -1.8265e+00
1518 +1.565786224e-02 +1.565786224e-02 -2.208843421e+02 -2.208843421e+02 -1.0495e-01 -3.9686e-01 -1.8216e+00
1550 +9.597681278e-03 +9.597681278e-03 -2.208904023e+02 -2.208904023e+02 -9.1172e-02 -3.6808e-01 -1.7749e+00
1583 +4.309935144e-03 +4.309935144e-03 -2.208956901e+02 -2.208956901e+02 -7.8203e-02 -3.4436e-01 -1.7257e+00
1592 +3.632422471e-03 +3.632422471e-03 -2.208963676e+02 -2.208963676e+02 -7.2452e-02 -3.3383e-01 -1.7047e+00
1641 +1.703306082e-03 +1.703306082e-03 -2.208982967e+02 -2.208982967e+02 -5.8287e-02 -3.0377e-01 -1.6514e+00
1650 +1.341169673e-03 +1.341169673e-03 -2.208986588e+02 -2.208986588e+02 -5.6454e-02 -3.0229e-01 -1.6443e+00
1672 +9.274557082e-04 +9.274557082e-04 -2.208990725e+02 -2.208990725e+02 -6.2378e-02 -3.1022e-01 -1.6625e+00
1673 +4.618230995e-04 +4.618230995e-04 -2.208995382e+02 -2.208995382e+02 -6.0876e-02 -3.0844e-01 -1.6568e+00
1684 +2.876289724e-04 +2.876289724e-04 -2.208997124e+02 -2.208997124e+02 -5.6964e-02 -3.0087e-01 -1.6428e+00
1700 +2.304190780e-04 +2.304190780e-04 -2.208997696e+02 -2.208997696e+02 -5.4163e-02 -2.9375e-01 -1.6265e+00
1709 +1.193053409e-04 +1.193053409e-04 -2.208998807e+02 -2.208998807e+02 -5.3138e-02 -2.9332e-01 -1.6270e+00
1714 +1.641263847e-05 +1.641263847e-05 -2.208999836e+02 -2.208999836e+02 -5.3514e-02 -2.9316e-01 -1.6269e+00
1745 +1.248151503e-05 +1.248151503e-05 -2.208999875e+02 -2.208999875e+02 -5.3693e-02 -2.9324e-01 -1.6269e+00
1789 +8.875113622e-06 +8.875113622e-06 -2.208999911e+02 -2.208999911e+02 -5.1946e-02 -2.8991e-01 -1.6205e+00
1837 +4.156102818e-06 +4.156102818e-06 -2.208999958e+02 -2.208999958e+02 -5.1689e-02 -2.8935e-01 -1.6189e+00
1847 +1.229007694e-06 +1.229007694e-06 -2.208999988e+02 -2.208999988e+02 -5.1748e-02 -2.8952e-01 -1.6194e+00
1877 +7.014516541e-07 +7.014516541e-07 -2.208999993e+02 -2.208999993e+02 -5.2538e-02 -2.9109e-01 -1.6226e+00
1893 +5.881686036e-07 +5.881686036e-07 -2.208999994e+02 -2.208999994e+02 -5.2074e-02 -2.9016e-01 -1.6207e+00
1906 +3.391075154e-07 +3.391075154e-07 -2.208999997e+02 -2.208999997e+02 -5.2082e-02 -2.9015e-01 -1.6207e+00
1916 +2.075792338e-07 +2.075792338e-07 -2.208999998e+02 -2.208999998e+02 -5.2071e-02 -2.9017e-01 -1.6207e+00
1980 +7.506659472e-08 +7.506659472e-08 -2.208999999e+02 -2.208999999e+02 -5.2095e-02 -2.9019e-01 -1.6208e+00
1981 +6.222339266e-08 +6.222339266e-08 -2.208999999e+02 -2.208999999e+02 -5.2101e-02 -2.9019e-01 -1.6208e+00
1996 +4.254474106e-09 +4.254474106e-09 -2.209000000e+02 -2.209000000e+02 -5.2178e-02 -2.9035e-01 -1.6211e+00
2131 +3.905512358e-09 +3.905512358e-09 -2.209000000e+02 -2.209000000e+02 -5.2178e-02 -2.9035e-01 -1.6211e+00
2153 +2.458534709e-09 +2.458534709e-09 -2.209000000e+02 -2.209000000e+02 -5.2195e-02 -2.9039e-01 -1.6212e+00
2168 +5.202878128e-10 +5.202878128e-10 -2.209000000e+02 -2.209000000e+02 -5.2197e-02 -2.9039e-01 -1.6212e+00
2221 +1.758451162e-10 +1.758451162e-10 -2.209000000e+02 -2.209000000e+02 -5.2195e-02 -2.9039e-01 -1.6212e+00
2241 +5.960032468e-11 +5.960032468e-11 -2.209000000e+02 -2.209000000e+02 -5.2198e-02 -2.9039e-01 -1.6212e+00
2333 +3.953459782e-11 +3.953459782e-11 -2.209000000e+02 -2.209000000e+02 -5.2198e-02 -2.9040e-01 -1.6212e+00
2335 +1.639932634e-11 +1.639932634e-11 -2.209000000e+02 -2.209000000e+02 -5.2201e-02 -2.9040e-01 -1.6212e+00
2372 +1.188027454e-11 +1.188027454e-11 -2.209000000e+02 -2.209000000e+02 -5.2200e-02 -2.9040e-01 -1.6212e+00
2404 +9.407585821e-12 +9.407585821e-12 -2.209000000e+02 -2.209000000e+02 -5.2201e-02 -2.9040e-01 -1.6212e+00
2417 +1.932676241e-12 +1.932676241e-12 -2.209000000e+02 -2.209000000e+02 -5.2200e-02 -2.9040e-01 -1.6212e+00
2491 +1.449507181e-12 +1.449507181e-12 -2.209000000e+02 -2.209000000e+02 -5.2200e-02 -2.9040e-01 -1.6212e+00
2538 +5.400124792e-13 +5.400124792e-13 -2.209000000e+02 -2.209000000e+02 -5.2200e-02 -2.9040e-01 -1.6212e+00
2539 +1.421085472e-13 +1.421085472e-13 -2.209000000e+02 -2.209000000e+02 -5.2200e-02 -2.9040e-01 -1.6212e+00
2613 +2.842170943e-14 +2.842170943e-14 -2.209000000e+02 -2.209000000e+02 -5.2200e-02 -2.9040e-01 -1.6212e+00
2731 +0.000000000e+00 +0.000000000e+00 -2.209000000e+02 -2.209000000e+02 -5.2200e-02 -2.9040e-01 -1.6212e+00
% function evaluation | noise-free fitness - Fopt (-3.594800000000e+02) | best noise-free fitness - Fopt | measured fitness | best measured fitness | x1 | x2...
1 +2.446858419e+03 +2.446858419e+03 +2.087378419e+03 +2.087378419e+03 -3.6127e+00 -2.2749e+00 -2.0312e+00
33 +1.743872994e+02 +1.743872994e+02 -1.850927006e+02 -1.850927006e+02 -3.4642e+00 -2.6366e+00 +8.9897e-01
46 +4.527216179e+01 +4.527216179e+01 -3.142078382e+02 -3.142078382e+02 -3.5080e+00 -3.0464e+00 +9.1819e-01
61 +2.221253932e+01 +2.221253932e+01 -3.372674607e+02 -3.372674607e+02 -3.5383e+00 -3.4110e+00 +8.9224e-01
232 +6.924140970e+00 +6.924140970e+00 -3.525558590e+02 -3.525558590e+02 -3.5824e+00 -3.5633e+00 +1.2160e+00
257 +4.208217077e+00 +4.208217077e+00 -3.552717829e+02 -3.552717829e+02 -3.5839e+00 -3.4288e+00 +1.1830e+00
264 +3.591329029e+00 +3.591329029e+00 -3.558886710e+02 -3.558886710e+02 -3.3536e+00 -3.2591e+00 +1.2436e+00
281 +2.242956034e+00 +2.242956034e+00 -3.572370440e+02 -3.572370440e+02 -3.3106e+00 -3.0856e+00 +1.6178e+00
286 +7.228006353e-01 +7.228006353e-01 -3.587571994e+02 -3.587571994e+02 -3.2862e+00 -3.0498e+00 +1.5359e+00
361 +5.801553233e-01 +5.801553233e-01 -3.588998447e+02 -3.588998447e+02 -3.2246e+00 -2.9703e+00 +1.6029e+00
385 +3.885495002e-01 +3.885495002e-01 -3.590914505e+02 -3.590914505e+02 -3.1198e+00 -2.8246e+00 +1.7435e+00
465 +1.596322667e-01 +1.596322667e-01 -3.593203677e+02 -3.593203677e+02 -2.9755e+00 -2.6519e+00 +2.0105e+00
466 +1.010079084e-01 +1.010079084e-01 -3.593789921e+02 -3.593789921e+02 -2.9807e+00 -2.6534e+00 +2.0178e+00
542 +9.928784029e-02 +9.928784029e-02 -3.593807122e+02 -3.593807122e+02 -2.9485e+00 -2.5808e+00 +2.1182e+00
633 +2.769448304e-02 +2.769448304e-02 -3.594523055e+02 -3.594523055e+02 -2.9270e+00 -2.5404e+00 +2.2248e+00
711 +9.481664712e-04 +9.481664712e-04 -3.594790518e+02 -3.594790518e+02 -2.8968e+00 -2.4678e+00 +2.3573e+00
931 +3.370279865e-04 +3.370279865e-04 -3.594796630e+02 -3.594796630e+02 -2.8952e+00 -2.4626e+00 +2.3708e+00
1089 +1.021229282e-04 +1.021229282e-04 -3.594798979e+02 -3.594798979e+02 -2.9036e+00 -2.4801e+00 +2.3361e+00
1106 +9.573928600e-05 +9.573928600e-05 -3.594799043e+02 -3.594799043e+02 -2.9006e+00 -2.4734e+00 +2.3482e+00
1120 +1.656290078e-05 +1.656290078e-05 -3.594799834e+02 -3.594799834e+02 -2.9005e+00 -2.4740e+00 +2.3473e+00
1208 +1.455197111e-05 +1.455197111e-05 -3.594799854e+02 -3.594799854e+02 -2.9028e+00 -2.4784e+00 +2.3383e+00
1212 +6.067702884e-06 +6.067702884e-06 -3.594799939e+02 -3.594799939e+02 -2.9026e+00 -2.4785e+00 +2.3385e+00
1278 +3.015233005e-06 +3.015233005e-06 -3.594799970e+02 -3.594799970e+02 -2.9024e+00 -2.4775e+00 +2.3403e+00
1298 +1.513560619e-06 +1.513560619e-06 -3.594799985e+02 -3.594799985e+02 -2.9018e+00 -2.4765e+00 +2.3425e+00
1351 +3.865079634e-07 +3.865079634e-07 -3.594799996e+02 -3.594799996e+02 -2.9022e+00 -2.4774e+00 +2.3406e+00
1366 +1.403080319e-07 +1.403080319e-07 -3.594799999e+02 -3.594799999e+02 -2.9022e+00 -2.4774e+00 +2.3406e+00
1421 +4.929165698e-08 +4.929165698e-08 -3.594800000e+02 -3.594800000e+02 -2.9022e+00 -2.4774e+00 +2.3406e+00
1426 +2.400508947e-08 +2.400508947e-08 -3.594800000e+02 -3.594800000e+02 -2.9022e+00 -2.4774e+00 +2.3406e+00
1516 +1.120014304e-08 +1.120014304e-08 -3.594800000e+02 -3.594800000e+02 -2.9022e+00 -2.4774e+00 +2.3406e+00
1563 +8.751385394e-09 +8.751385394e-09 -3.594800000e+02 -3.594800000e+02 -2.9022e+00 -2.4774e+00 +2.3407e+00
1590 +4.692878974e-09 +4.692878974e-09 -3.594800000e+02 -3.594800000e+02 -2.9022e+00 -2.4774e+00 +2.3405e+00
1600 +1.627881829e-09 +1.627881829e-09 -3.594800000e+02 -3.594800000e+02 -2.9022e+00 -2.4774e+00 +2.3406e+00
1611 +2.828528523e-10 +2.828528523e-10 -3.594800000e+02 -3.594800000e+02 -2.9022e+00 -2.4774e+00 +2.3406e+00
1699 +6.161826605e-11 +6.161826605e-11 -3.594800000e+02 -3.594800000e+02 -2.9022e+00 -2.4774e+00 +2.3406e+00
1734 +2.677325028e-11 +2.677325028e-11 -3.594800000e+02 -3.594800000e+02 -2.9022e+00 -2.4774e+00 +2.3406e+00
1774 +2.671640686e-12 +2.671640686e-12 -3.594800000e+02 -3.594800000e+02 -2.9022e+00 -2.4774e+00 +2.3406e+00
1832 +6.252776075e-13 +6.252776075e-13 -3.594800000e+02 -3.594800000e+02 -2.9022e+00 -2.4774e+00 +2.3406e+00
1876 +2.842170943e-13 +2.842170943e-13 -3.594800000e+02 -3.594800000e+02 -2.9022e+00 -2.4774e+00 +2.3406e+00
1906 +1.705302566e-13 +1.705302566e-13 -3.594800000e+02 -3.594800000e+02 -2.9022e+00 -2.4774e+00 +2.3406e+00
1959 +0.000000000e+00 +0.000000000e+00 -3.594800000e+02 -3.594800000e+02 -2.9022e+00 -2.4774e+00 +2.3406e+00
% function evaluation | noise-free fitness - Fopt (2.748000000000e+01) | best noise-free fitness - Fopt | measured fitness | best measured fitness | x1 | x2...
1 +5.525970581e+04 +5.525970581e+04 +5.528718581e+04 +5.528718581e+04 +2.8687e+00 -4.0697e+00 +4.0498e+00
3 +4.603305969e+03 +4.603305969e+03 +4.630785969e+03 +4.630785969e+03 +2.1267e+00 -1.3222e+00 -1.3252e-01
9 +2.739658332e+03 +2.739658332e+03 +2.767138332e+03 +2.767138332e+03 -6.9772e-01 +1.6812e+00 -1.1404e+00
16 +1.230759904e+03 +1.230759904e+03 +1.258239904e+03 +1.258239904e+03 +3.3640e+00 +1.0006e+00 -1.1404e+00
34 +2.297396629e+02 +2.297396629e+02 +2.572196629e+02 +2.572196629e+02 +2.1106e+00 +2.9539e-01 +2.2899e+00
63 +9.086212387e+01 +9.086212387e+01 +1.183421239e+02 +1.183421239e+02 +3.2336e-01 +2.5994e+00 +3.9806e+00
121 +4.066912024e+01 +4.066912024e+01 +6.814912024e+01 +6.814912024e+01 +1.6380e+00 +6.7265e-01 +2.2396e-01
123 +9.299963221e+00 +9.299963221e+00 +3.677996322e+01 +3.677996322e+01 +2.3078e+00 +1.6139e+00 +1.2159e+00
287 +2.210078563e-01 +2.210078563e-01 +2.770100786e+01 +2.770100786e+01 +2.7773e+00 +2.3391e+00 +2.3460e+00
636 +3.755412162e-02 +3.755412162e-02 +2.751755412e+01 +2.751755412e+01 +2.5952e+00 +1.9672e+00 +1.4980e+00
939 +1.039150466e-03 +1.039150466e-03 +2.748103915e+01 +2.748103915e+01 +2.6399e+00 +2.0536e+00 +1.6481e+00
1051 +2.094467384e-04 +2.094467384e-04 +2.748020945e+01 +2.748020945e+01 +2.6250e+00 +2.0246e+00 +1.5921e+00
1253 +1.239200389e-04 +1.239200389e-04 +2.748012392e+01 +2.748012392e+01 +2.6266e+00 +2.0274e+00 +1.5977e+00
1263 +8.619142909e-05 +8.619142909e-05 +2.748008619e+01 +2.748008619e+01 +2.6245e+00 +2.0226e+00 +1.5864e+00
1293 +5.644769177e-05 +5.644769177e-05 +2.748005645e+01 +2.748005645e+01 +2.6256e+00 +2.0252e+00 +1.5917e+00
1306 +3.063633815e-05 +3.063633815e-05 +2.748003064e+01 +2.748003064e+01 +2.6284e+00 +2.0308e+00 +1.6028e+00
1353 +1.023012835e-06 +1.023012835e-06 +2.748000102e+01 +2.748000102e+01 +2.6276e+00 +2.0288e+00 +1.5995e+00
1507 +5.586446754e-07 +5.586446754e-07 +2.748000056e+01 +2.748000056e+01 +2.6272e+00 +2.0283e+00 +1.5984e+00
1550 +3.821863075e-07 +3.821863075e-07 +2.748000038e+01 +2.748000038e+01 +2.6272e+00 +2.0283e+00 +1.5983e+00
1615 +5.441489037e-08 +5.441489037e-08 +2.748000005e+01 +2.748000005e+01 +2.6273e+00 +2.0285e+00 +1.5988e+00
1659 +3.753445199e-08 +3.753445199e-08 +2.748000004e+01 +2.748000004e+01 +2.6274e+00 +2.0287e+00 +1.5991e+00
1669 +2.424372170e-08 +2.424372170e-08 +2.748000002e+01 +2.748000002e+01 +2.6274e+00 +2.0286e+00 +1.5990e+00
1711 +5.125201596e-09 +5.125201596e-09 +2.748000001e+01 +2.748000001e+01 +2.6274e+00 +2.0286e+00 +1.5991e+00
1714 +3.191814812e-09 +3.191814812e-09 +2.748000000e+01 +2.748000000e+01 +2.6274e+00 +2.0286e+00 +1.5989e+00
1786 +8.743867852e-10 +8.743867852e-10 +2.748000000e+01 +2.748000000e+01 +2.6274e+00 +2.0286e+00 +1.5990e+00
1798 +5.929940983e-10 +5.929940983e-10 +2.748000000e+01 +2.748000000e+01 +2.6274e+00 +2.0286e+00 +1.5990e+00
1816 +3.789146774e-10 +3.789146774e-10 +2.748000000e+01 +2.748000000e+01 +2.6274e+00 +2.0286e+00 +1.5990e+00
1907 +2.043627489e-10 +2.043627489e-10 +2.748000000e+01 +2.748000000e+01 +2.6274e+00 +2.0286e+00 +1.5990e+00
1925 +1.071747135e-10 +1.071747135e-10 +2.748000000e+01 +2.748000000e+01 +2.6274e+00 +2.0286e+00 +1.5990e+00
1996 +8.807177210e-11 +8.807177210e-11 +2.748000000e+01 +2.748000000e+01 +2.6274e+00 +2.0286e+00 +1.5990e+00
2011 +6.111378070e-11 +6.111378070e-11 +2.748000000e+01 +2.748000000e+01 +2.6274e+00 +2.0286e+00 +1.5990e+00
2056 +3.760902700e-11 +3.760902700e-11 +2.748000000e+01 +2.748000000e+01 +2.6274e+00 +2.0286e+00 +1.5990e+00
2074 +2.054179049e-11 +2.054179049e-11 +2.748000000e+01 +2.748000000e+01 +2.6274e+00 +2.0286e+00 +1.5990e+00
2077 +1.485389589e-11 +1.485389589e-11 +2.748000000e+01 +2.748000000e+01 +2.6274e+00 +2.0286e+00 +1.5990e+00
2115 +4.405364962e-12 +4.405364962e-12 +2.748000000e+01 +2.748000000e+01 +2.6274e+00 +2.0286e+00 +1.5990e+00
2117 +3.261391157e-12 +3.261391157e-12 +2.748000000e+01 +2.748000000e+01 +2.6274e+00 +2.0286e+00 +1.5990e+00
2120 +1.836752972e-12 +1.836752972e-12 +2.748000000e+01 +2.748000000e+01 +2.6274e+00 +2.0286e+00 +1.5990e+00
2164 +6.075140391e-13 +6.075140391e-13 +2.748000000e+01 +2.748000000e+01 +2.6274e+00 +2.0286e+00 +1.5990e+00
2165 +3.232969448e-13 +3.232969448e-13 +2.748000000e+01 +2.748000000e+01 +2.6274e+00 +2.0286e+00 +1.5990e+00
2181 +4.973799150e-14 +4.973799150e-14 +2.748000000e+01 +2.748000000e+01 +2.6274e+00 +2.0286e+00 +1.5990e+00
2219 +2.842170943e-14 +2.842170943e-14 +2.748000000e+01 +2.748000000e+01 +2.6274e+00 +2.0286e+00 +1.5990e+00
2238 +1.421085472e-14 +1.421085472e-14 +2.748000000e+01 +2.748000000e+01 +2.6274e+00 +2.0286e+00 +1.5990e+00
2292 +3.552713679e-15 +3.552713679e-15 +2.748000000e+01 +2.748000000e+01 +2.6274e+00 +2.0286e+00 +1.5990e+00
2478 +0.000000000e+00 +0.000000000e+00 +2.748000000e+01 +2.748000000e+01 +2.6274e+00 +2.0286e+00 +1.5990e+00
% function evaluation | noise-free fitness - Fopt (3.609000000000e+01) | best noise-free fitness - Fopt | measured fitness | best measured fitness | x1 | x2...
1 +5.007224764e+03 +5.007224764e+03 +5.043314764e+03 +5.043314764e+03 -1.0831e+00 +3.4987e+00 -6.2342e-01
13 +2.363877922e+02 +2.363877922e+02 +2.724777922e+02 +2.724777922e+02 -8.2360e-01 -1.2428e-01 -3.2046e+00
48 +7.467237125e+01 +7.467237125e+01 +1.107623713e+02 +1.107623713e+02 +7.9915e-01 +1.8024e+00 -1.7799e+00
92 +5.832120412e+01 +5.832120412e+01 +9.441120412e+01 +9.441120412e+01 +8.9827e-01 +1.9981e+00 -1.1172e+00
116 +1.837073451e+01 +1.837073451e+01 +5.446073451e+01 +5.446073451e+01 -4.3065e-01 +3.6007e-01 -2.7283e+00
166 +4.040363412e+00 +4.040363412e+00 +4.013036341e+01 +4.013036341e+01 -4.2779e-01 +5.3970e-01 -2.3255e+00
227 +1.020163504e+00 +1.020163504e+00 +3.711016350e+01 +3.711016350e+01 +2.6227e-01 +1.1787e+00 -2.0681e+00
297 +8.998388964e-01 +8.998388964e-01 +3.698983890e+01 +3.698983890e+01 +2.0056e-01 +1.0533e+00 -2.3078e+00
382 +1.991066397e-01 +1.991066397e-01 +3.628910664e+01 +3.628910664e+01 +3.6350e-01 +1.2740e+00 -1.9731e+00
391 +1.584028980e-01 +1.584028980e-01 +3.624840290e+01 +3.624840290e+01 +3.7951e-01 +1.2711e+00 -1.9912e+00
618 +9.415686166e-02 +9.415686166e-02 +3.618415686e+01 +3.618415686e+01 +4.0369e-01 +1.3285e+00 -1.9106e+00
693 +5.170159803e-02 +5.170159803e-02 +3.614170160e+01 +3.614170160e+01 +4.4826e-01 +1.4146e+00 -1.7869e+00
733 +2.996014421e-02 +2.996014421e-02 +3.611996014e+01 +3.611996014e+01 +4.7044e-01 +1.4460e+00 -1.7352e+00
768 +1.956434436e-02 +1.956434436e-02 +3.610956434e+01 +3.610956434e+01 +4.8480e-01 +1.4722e+00 -1.6809e+00
788 +1.449456524e-02 +1.449456524e-02 +3.610449457e+01 +3.610449457e+01 +5.0177e-01 +1.4998e+00 -1.6390e+00
817 +5.747252319e-03 +5.747252319e-03 +3.609574725e+01 +3.609574725e+01 +5.1637e-01 +1.5317e+00 -1.5795e+00
827 +3.004522953e-03 +3.004522953e-03 +3.609300452e+01 +3.609300452e+01 +5.3216e-01 +1.5684e+00 -1.5056e+00
831 +1.409401917e-03 +1.409401917e-03 +3.609140940e+01 +3.609140940e+01 +5.4054e-01 +1.5815e+00 -1.4835e+00
892 +5.596179781e-04 +5.596179781e-04 +3.609055962e+01 +3.609055962e+01 +5.3623e-01 +1.5720e+00 -1.4996e+00
959 +1.663541041e-04 +1.663541041e-04 +3.609016635e+01 +3.609016635e+01 +5.4339e-01 +1.5871e+00 -1.4689e+00
983 +1.360236285e-04 +1.360236285e-04 +3.609013602e+01 +3.609013602e+01 +5.5101e-01 +1.6018e+00 -1.4399e+00
1024 +8.950062436e-05 +8.950062436e-05 +3.609008950e+01 +3.609008950e+01 +5.4286e-01 +1.5854e+00 -1.4726e+00
1100 +3.024887725e-05 +3.024887725e-05 +3.609003025e+01 +3.609003025e+01 +5.4423e-01 +1.5878e+00 -1.4678e+00
1144 +2.074465794e-05 +2.074465794e-05 +3.609002074e+01 +3.609002074e+01 +5.4542e-01 +1.5904e+00 -1.4626e+00
1153 +8.622572082e-06 +8.622572082e-06 +3.609000862e+01 +3.609000862e+01 +5.4685e-01 +1.5926e+00 -1.4582e+00
1171 +5.756639830e-06 +5.756639830e-06 +3.609000576e+01 +3.609000576e+01 +5.4628e-01 +1.5917e+00 -1.4603e+00
1217 +2.815643178e-06 +2.815643178e-06 +3.609000282e+01 +3.609000282e+01 +5.4732e-01 +1.5938e+00 -1.4557e+00
1246 +2.337279923e-06 +2.337279923e-06 +3.609000234e+01 +3.609000234e+01 +5.4625e-01 +1.5916e+00 -1.4603e+00
1249 +1.139476787e-06 +1.139476787e-06 +3.609000114e+01 +3.609000114e+01 +5.4617e-01 +1.5915e+00 -1.4603e+00
1264 +5.885037808e-07 +5.885037808e-07 +3.609000059e+01 +3.609000059e+01 +5.4639e-01 +1.5920e+00 -1.4593e+00
1292 +3.593770046e-07 +3.593770046e-07 +3.609000036e+01 +3.609000036e+01 +5.4641e-01 +1.5920e+00 -1.4593e+00
1325 +1.034992820e-07 +1.034992820e-07 +3.609000010e+01 +3.609000010e+01 +5.4667e-01 +1.5925e+00 -1.4583e+00
1351 +9.362637599e-08 +9.362637599e-08 +3.609000009e+01 +3.609000009e+01 +5.4665e-01 +1.5925e+00 -1.4584e+00
1399 +5.656049495e-08 +5.656049495e-08 +3.609000006e+01 +3.609000006e+01 +5.4664e-01 +1.5925e+00 -1.4584e+00
1443 +3.974093943e-08 +3.974093943e-08 +3.609000004e+01 +3.609000004e+01 +5.4656e-01 +1.5923e+00 -1.4588e+00
1456 +6.859039559e-09 +6.859039559e-09 +3.609000001e+01 +3.609000001e+01 +5.4663e-01 +1.5925e+00 -1.4585e+00
1461 +4.675129617e-09 +4.675129617e-09 +3.609000000e+01 +3.609000000e+01 +5.4661e-01 +1.5924e+00 -1.4586e+00
1484 +3.968338547e-09 +3.968338547e-09 +3.609000000e+01 +3.609000000e+01 +5.4661e-01 +1.5924e+00 -1.4585e+00
1593 +2.351740136e-09 +2.351740136e-09 +3.609000000e+01 +3.609000000e+01 +5.4659e-01 +1.5924e+00 -1.4586e+00
1615 +1.271253325e-09 +1.271253325e-09 +3.609000000e+01 +3.609000000e+01 +5.4659e-01 +1.5924e+00 -1.4586e+00
1640 +6.122817808e-10 +6.122817808e-10 +3.609000000e+01 +3.609000000e+01 +5.4659e-01 +1.5924e+00 -1.4586e+00
1645 +3.339408750e-10 +3.339408750e-10 +3.609000000e+01 +3.609000000e+01 +5.4660e-01 +1.5924e+00 -1.4586e+00
1683 +6.104272643e-11 +6.104272643e-11 +3.609000000e+01 +3.609000000e+01 +5.4660e-01 +1.5924e+00 -1.4586e+00
1792 +1.592326271e-11 +1.592326271e-11 +3.609000000e+01 +3.609000000e+01 +5.4660e-01 +1.5924e+00 -1.4586e+00
1831 +8.512301974e-12 +8.512301974e-12 +3.609000000e+01 +3.609000000e+01 +5.4660e-01 +1.5924e+00 -1.4586e+00
1861 +4.291678124e-12 +4.291678124e-12 +3.609000000e+01 +3.609000000e+01 +5.4660e-01 +1.5924e+00 -1.4586e+00
1893 +2.472688720e-12 +2.472688720e-12 +3.609000000e+01 +3.609000000e+01 +5.4660e-01 +1.5924e+00 -1.4586e+00
1924 +8.100187188e-13 +8.100187188e-13 +3.609000000e+01 +3.609000000e+01 +5.4660e-01 +1.5924e+00 -1.4586e+00
1980 +5.258016245e-13 +5.258016245e-13 +3.609000000e+01 +3.609000000e+01 +5.4660e-01 +1.5924e+00 -1.4586e+00
2011 +2.202682481e-13 +2.202682481e-13 +3.609000000e+01 +3.609000000e+01 +5.4660e-01 +1.5924e+00 -1.4586e+00
2018 +6.394884622e-14 +6.394884622e-14 +3.609000000e+01 +3.609000000e+01 +5.4660e-01 +1.5924e+00 -1.4586e+00
2041 +4.973799150e-14 +4.973799150e-14 +3.609000000e+01 +3.609000000e+01 +5.4660e-01 +1.5924e+00 -1.4586e+00
2065 +2.842170943e-14 +2.842170943e-14 +3.609000000e+01 +3.609000000e+01 +5.4660e-01 +1.5924e+00 -1.4586e+00
2102 +2.131628207e-14 +2.131628207e-14 +3.609000000e+01 +3.609000000e+01 +5.4660e-01 +1.5924e+00 -1.4586e+00
2104 +7.105427358e-15 +7.105427358e-15 +3.609000000e+01 +3.609000000e+01 +5.4660e-01 +1.5924e+00 -1.4586e+00
2146 +0.000000000e+00 +0.000000000e+00 +3.609000000e+01 +3.609000000e+01 +5.4660e-01 +1.5924e+00 -1.4586e+00
% function evaluation | noise-free fitness - Fopt (-5.791000000000e+01) | best noise-free fitness - Fopt | measured fitness | best measured fitness | x1 | x2...
1 +1.256855063e+05 +1.256855063e+05 +1.256275963e+05 +1.256275963e+05 -4.3526e+00 -5.5699e-01 +5.3969e-01
2 +2.316731647e+03 +2.316731647e+03 +2.258821647e+03 +2.258821647e+03 +1.9761e+00 +1.7887e+00 -4.6235e+00
3 +6.567632307e+02 +6.567632307e+02 +5.988532307e+02 +5.988532307e+02 +3.1952e+00 +3.2599e+00 +6.6222e-01
15 +2.975071870e+02 +2.975071870e+02 +2.395971870e+02 +2.395971870e+02 +2.0657e-01 +1.7136e+00 +1.1696e+00
38 +2.016697010e+02 +2.016697010e+02 +1.437597010e+02 +1.437597010e+02 +5.2803e-01 +1.0927e+00 +9.0604e-01
71 +1.309189968e+02 +1.309189968e+02 +7.300899677e+01 +7.300899677e+01 +7.9544e-01 +2.0923e+00 +1.4334e+00
102 +8.766814626e+01 +8.766814626e+01 +2.975814626e+01 +2.975814626e+01 +9.5777e-01 +2.6341e+00 +1.5588e+00
120 +4.909756934e+01 +4.909756934e+01 -8.812430662e+00 -8.812430662e+00 +5.4424e-01 +2.4936e+00 +1.4209e+00
152 +3.687000322e+01 +3.687000322e+01 -2.103999678e+01 -2.103999678e+01 +2.5797e+00 +2.7505e+00 +7.8175e-01
159 +8.144647746e+00 +8.144647746e+00 -4.976535225e+01 -4.976535225e+01 +6.3498e-01 +2.3458e+00 +7.6086e-01
199 +3.114623136e+00 +3.114623136e+00 -5.479537686e+01 -5.479537686e+01 +7.5675e-01 +2.1031e+00 +2.8455e-01
312 +2.256941541e+00 +2.256941541e+00 -5.565305846e+01 -5.565305846e+01 +1.6878e+00 +1.8529e+00 +2.8785e-01
467 +1.579463034e+00 +1.579463034e+00 -5.633053697e+01 -5.633053697e+01 +1.5792e+00 +1.7878e+00 +1.5959e-01
749 +9.578503743e-01 +9.578503743e-01 -5.695214963e+01 -5.695214963e+01 +1.8215e+00 +1.9545e+00 +2.1617e-01
904 +6.059482049e-01 +6.059482049e-01 -5.730405180e+01 -5.730405180e+01 +2.0087e+00 +2.1308e+00 +2.9959e-01
1070 +3.875119314e-01 +3.875119314e-01 -5.752248807e+01 -5.752248807e+01 +2.0638e+00 +2.2122e+00 +3.8952e-01
1156 +2.245171964e-01 +2.245171964e-01 -5.768548280e+01 -5.768548280e+01 +2.1632e+00 +2.3482e+00 +5.3557e-01
1246 +1.475558233e-01 +1.475558233e-01 -5.776244418e+01 -5.776244418e+01 +2.1938e+00 +2.4044e+00 +6.1553e-01
1292 +9.141297043e-02 +9.141297043e-02 -5.781858703e+01 -5.781858703e+01 +2.2453e+00 +2.4885e+00 +7.3064e-01
1351 +5.907288634e-02 +5.907288634e-02 -5.785092711e+01 -5.785092711e+01 +2.2716e+00 +2.5390e+00 +8.0953e-01
1473 +3.808353093e-02 +3.808353093e-02 -5.787191647e+01 -5.787191647e+01 +2.2926e+00 +2.5805e+00 +8.7919e-01
1514 +2.451599590e-02 +2.451599590e-02 -5.788548400e+01 -5.788548400e+01 +2.3181e+00 +2.6288e+00 +9.6171e-01
1546 +1.423936078e-02 +1.423936078e-02 -5.789576064e+01 -5.789576064e+01 +2.3256e+00 +2.6411e+00 +9.8817e-01
1586 +9.817575396e-03 +9.817575396e-03 -5.790018242e+01 -5.790018242e+01 +2.3307e+00 +2.6517e+00 +1.0135e+00
1607 +4.631395921e-03 +4.631395921e-03 -5.790536860e+01 -5.790536860e+01 +2.3446e+00 +2.6770e+00 +1.0586e+00
1608 +3.770959402e-03 +3.770959402e-03 -5.790622904e+01 -5.790622904e+01 +2.3498e+00 +2.6881e+00 +1.0780e+00
1645 +2.453460697e-03 +2.453460697e-03 -5.790754654e+01 -5.790754654e+01 +2.3568e+00 +2.6988e+00 +1.0987e+00
1675 +1.540152689e-03 +1.540152689e-03 -5.790845985e+01 -5.790845985e+01 +2.3581e+00 +2.7029e+00 +1.1077e+00
1697 +3.963557830e-04 +3.963557830e-04 -5.790960364e+01 -5.790960364e+01 +2.3695e+00 +2.7244e+00 +1.1495e+00
1727 +1.262004545e-04 +1.262004545e-04 -5.790987380e+01 -5.790987380e+01 +2.3709e+00 +2.7279e+00 +1.1577e+00
1770 +7.414339554e-05 +7.414339554e-05 -5.790992586e+01 -5.790992586e+01 +2.3746e+00 +2.7354e+00 +1.1717e+00
1844 +4.620217826e-05 +4.620217826e-05 -5.790995380e+01 -5.790995380e+01 +2.3743e+00 +2.7344e+00 +1.1707e+00
1847 +4.852913072e-06 +4.852913072e-06 -5.790999515e+01 -5.790999515e+01 +2.3756e+00 +2.7373e+00 +1.1762e+00
1956 +3.110483753e-06 +3.110483753e-06 -5.790999689e+01 -5.790999689e+01 +2.3757e+00 +2.7376e+00 +1.1769e+00
1985 +2.280040604e-06 +2.280040604e-06 -5.790999772e+01 -5.790999772e+01 +2.3755e+00 +2.7373e+00 +1.1762e+00
1991 +7.872521408e-07 +7.872521408e-07 -5.790999921e+01 -5.790999921e+01 +2.3751e+00 +2.7367e+00 +1.1749e+00
2000 +1.719951612e-07 +1.719951612e-07 -5.790999983e+01 -5.790999983e+01 +2.3754e+00 +2.7371e+00 +1.1759e+00
2086 +3.825362427e-08 +3.825362427e-08 -5.790999996e+01 -5.790999996e+01 +2.3754e+00 +2.7372e+00 +1.1760e+00
2148 +2.099318408e-08 +2.099318408e-08 -5.790999998e+01 -5.790999998e+01 +2.3754e+00 +2.7372e+00 +1.1760e+00
2157 +1.179932951e-08 +1.179932951e-08 -5.790999999e+01 -5.790999999e+01 +2.3754e+00 +2.7372e+00 +1.1760e+00
2193 +5.837605954e-10 +5.837605954e-10 -5.791000000e+01 -5.791000000e+01 +2.3754e+00 +2.7372e+00 +1.1760e+00
2298 +1.650022341e-10 +1.650022341e-10 -5.791000000e+01 -5.791000000e+01 +2.3754e+00 +2.7372e+00 +1.1760e+00
2353 +1.256168503e-10 +1.256168503e-10 -5.791000000e+01 -5.791000000e+01 +2.3754e+00 +2.7372e+00 +1.1760e+00
2357 +9.371348142e-11 +9.371348142e-11 -5.791000000e+01 -5.791000000e+01 +2.3754e+00 +2.7372e+00 +1.1760e+00
2376 +4.828137889e-11 +4.828137889e-11 -5.791000000e+01 -5.791000000e+01 +2.3754e+00 +2.7372e+00 +1.1760e+00
2381 +3.146283234e-11 +3.146283234e-11 -5.791000000e+01 -5.791000000e+01 +2.3754e+00 +2.7372e+00 +1.1760e+00
2409 +8.462563983e-12 +8.462563983e-12 -5.791000000e+01 -5.791000000e+01 +2.3754e+00 +2.7372e+00 +1.1760e+00
2467 +3.446132268e-12 +3.446132268e-12 -5.791000000e+01 -5.791000000e+01 +2.3754e+00 +2.7372e+00 +1.1760e+00
2478 +1.172395514e-12 +1.172395514e-12 -5.791000000e+01 -5.791000000e+01 +2.3754e+00 +2.7372e+00 +1.1760e+00
2584 +1.136868377e-13 +1.136868377e-13 -5.791000000e+01 -5.791000000e+01 +2.3754e+00 +2.7372e+00 +1.1760e+00
2628 +7.815970093e-14 +7.815970093e-14 -5.791000000e+01 -5.791000000e+01 +2.3754e+00 +2.7372e+00 +1.1760e+00
2641 +5.684341886e-14 +5.684341886e-14 -5.791000000e+01 -5.791000000e+01 +2.3754e+00 +2.7372e+00 +1.1760e+00
2716 +1.421085472e-14 +1.421085472e-14 -5.791000000e+01 -5.791000000e+01 +2.3754e+00 +2.7372e+00 +1.1760e+00
2772 +0.000000000e+00 +0.000000000e+00 -5.791000000e+01 -5.791000000e+01 +2.3754e+00 +2.7372e+00 +1.1760e+00
% function evaluation | noise-free fitness - Fopt (-3.349100000000e+02) | best noise-free fitness - Fopt | measured fitness | best measured fitness | x1 | x2...
1 +9.615955606e+03 +9.615955606e+03 +9.281045606e+03 +9.281045606e+03 -8.7951e-01 -4.6397e+00 +4.3221e+00
2 +1.509644752e+03 +1.509644752e+03 +1.174734752e+03 +1.174734752e+03 -2.5169e+00 +1.5314e+00 +4.9964e+00
18 +6.650338010e+02 +6.650338010e+02 +3.301238010e+02 +3.301238010e+02 -8.7951e-01 -1.1173e-01 +2.7748e+00
28 +4.994100273e+02 +4.994100273e+02 +1.645000273e+02 +1.645000273e+02 -3.5417e+00 +1.6362e+00 +8.8947e+00
29 +1.063938122e+01 +1.063938122e+01 -3.242706188e+02 -3.242706188e+02 -1.7287e+00 -7.7201e-02 +1.5768e+00
166 +8.550228873e+00 +8.550228873e+00 -3.263597711e+02 -3.263597711e+02 -1.7169e+00 -4.0004e-02 +1.5667e+00
242 +2.891647784e-01 +2.891647784e-01 -3.346208352e+02 -3.346208352e+02 -1.5275e+00 +5.5175e-02 +1.7358e+00
347 +3.694983832e-02 +3.694983832e-02 -3.348730502e+02 -3.348730502e+02 -1.6803e+00 -2.3058e-01 +1.0312e+00
451 +4.363991288e-04 +4.363991288e-04 -3.349095636e+02 -3.349095636e+02 -1.6764e+00 -2.3685e-01 +1.0334e+00
638 +3.241184896e-04 +3.241184896e-04 -3.349096759e+02 -3.349096759e+02 -1.6833e+00 -2.5073e-01 +1.0052e+00
721 +1.636617407e-04 +1.636617407e-04 -3.349098363e+02 -3.349098363e+02 -1.6850e+00 -2.5351e-01 +9.9994e-01
738 +1.305814504e-04 +1.305814504e-04 -3.349098694e+02 -3.349098694e+02 -1.6864e+00 -2.5500e-01 +9.9594e-01
746 +9.026838183e-05 +9.026838183e-05 -3.349099097e+02 -3.349099097e+02 -1.6793e+00 -2.4152e-01 +1.0240e+00
781 +1.861427842e-05 +1.861427842e-05 -3.349099814e+02 -3.349099814e+02 -1.6841e+00 -2.5078e-01 +1.0052e+00
865 +2.392946726e-06 +2.392946726e-06 -3.349099976e+02 -3.349099976e+02 -1.6830e+00 -2.4844e-01 +1.0097e+00
877 +1.057893144e-06 +1.057893144e-06 -3.349099989e+02 -3.349099989e+02 -1.6823e+00 -2.4705e-01 +1.0126e+00
966 +9.849484854e-07 +9.849484854e-07 -3.349099990e+02 -3.349099990e+02 -1.6820e+00 -2.4638e-01 +1.0138e+00
995 +2.163563977e-07 +2.163563977e-07 -3.349099998e+02 -3.349099998e+02 -1.6822e+00 -2.4683e-01 +1.0129e+00
1042 +5.550703008e-08 +5.550703008e-08 -3.349099999e+02 -3.349099999e+02 -1.6824e+00 -2.4721e-01 +1.0122e+00
1068 +3.094146450e-08 +3.094146450e-08 -3.349100000e+02 -3.349100000e+02 -1.6824e+00 -2.4724e-01 +1.0121e+00
1084 +7.754863418e-09 +7.754863418e-09 -3.349100000e+02 -3.349100000e+02 -1.6824e+00 -2.4724e-01 +1.0121e+00
1159 +3.792649750e-09 +3.792649750e-09 -3.349100000e+02 -3.349100000e+02 -1.6824e+00 -2.4716e-01 +1.0123e+00
1198 +9.945324564e-10 +9.945324564e-10 -3.349100000e+02 -3.349100000e+02 -1.6824e+00 -2.4723e-01 +1.0121e+00
1216 +5.921378943e-10 +5.921378943e-10 -3.349100000e+02 -3.349100000e+02 -1.6824e+00 -2.4718e-01 +1.0122e+00
1246 +1.588773557e-10 +1.588773557e-10 -3.349100000e+02 -3.349100000e+02 -1.6824e+00 -2.4720e-01 +1.0122e+00
1263 +8.657252693e-11 +8.657252693e-11 -3.349100000e+02 -3.349100000e+02 -1.6824e+00 -2.4719e-01 +1.0122e+00
1326 +2.819433575e-11 +2.819433575e-11 -3.349100000e+02 -3.349100000e+02 -1.6824e+00 -2.4720e-01 +1.0122e+00
1336 +1.909938874e-11 +1.909938874e-11 -3.349100000e+02 -3.349100000e+02 -1.6824e+00 -2.4720e-01 +1.0122e+00
1381 +1.563194019e-11 +1.563194019e-11 -3.349100000e+02 -3.349100000e+02 -1.6824e+00 -2.4720e-01 +1.0122e+00
1429 +4.433786671e-12 +4.433786671e-12 -3.349100000e+02 -3.349100000e+02 -1.6824e+00 -2.4720e-01 +1.0122e+00
1516 +1.705302566e-13 +1.705302566e-13 -3.349100000e+02 -3.349100000e+02 -1.6824e+00 -2.4720e-01 +1.0122e+00
1638 +1.136868377e-13 +1.136868377e-13 -3.349100000e+02 -3.349100000e+02 -1.6824e+00 -2.4720e-01 +1.0122e+00
1670 +5.684341886e-14 +5.684341886e-14 -3.349100000e+02 -3.349100000e+02 -1.6824e+00 -2.4720e-01 +1.0122e+00
1693 +0.000000000e+00 +0.000000000e+00 -3.349100000e+02 -3.349100000e+02 -1.6824e+00 -2.4720e-01 +1.0122e+00
% function evaluation | noise-free fitness - Fopt (-4.670000000000e+01) | best noise-free fitness - Fopt | measured fitness | best measured fitness | x1 | x2...
1 +5.223407396e+04 +5.223407396e+04 +5.218737396e+04 +5.218737396e+04 +4.1416e+00 +4.1146e-01 -3.5737e+00
2 +2.245873010e+04 +2.245873010e+04 +2.241203010e+04 +2.241203010e+04 +3.3386e+00 +1.2940e+00 -3.6445e+00
3 +1.146645468e+03 +1.146645468e+03 +1.099945468e+03 +1.099945468e+03 +1.1943e-01 +1.5290e+00 -4.4853e+00
14 +1.148508207e+02 +1.148508207e+02 +6.815082071e+01 +6.815082071e+01 +5.5720e-01 +1.8541e+00 -1.1711e+00
38 +6.864173755e+01 +6.864173755e+01 +2.194173755e+01 +2.194173755e+01 -2.1346e+00 +2.4731e+00 +1.7536e+00
79 +4.600449501e+01 +4.600449501e+01 -6.955049903e-01 -6.955049903e-01 +2.3904e-01 +1.5631e+00 -1.1596e+00
144 +1.537979730e+01 +1.537979730e+01 -3.132020270e+01 -3.132020270e+01 -1.3922e+00 +8.6590e-01 -2.5433e+00
197 +4.756965859e+00 +4.756965859e+00 -4.194303414e+01 -4.194303414e+01 -1.4905e+00 +8.3051e-01 -2.8114e+00
279 +3.596225536e+00 +3.596225536e+00 -4.310377446e+01 -4.310377446e+01 -4.4942e-02 +5.4648e-01 -3.2947e+00
286 +6.079646881e-01 +6.079646881e-01 -4.609203531e+01 -4.609203531e+01 -3.3644e-02 +4.3786e-01 -3.2576e+00
424 +3.976833008e-01 +3.976833008e-01 -4.630231670e+01 -4.630231670e+01 +3.7994e-02 +5.8102e-01 -3.0848e+00
571 +2.093122810e-01 +2.093122810e-01 -4.649068772e+01 -4.649068772e+01 +1.6461e-01 +7.6865e-01 -2.8442e+00
601 +1.555135361e-01 +1.555135361e-01 -4.654448646e+01 -4.654448646e+01 +1.6461e-01 +7.7667e-01 -2.8486e+00
678 +9.877234848e-03 +9.877234848e-03 -4.669012277e+01 -4.669012277e+01 +2.9373e-01 +9.9065e-01 -2.5142e+00
959 +2.330362283e-03 +2.330362283e-03 -4.669766964e+01 -4.669766964e+01 +3.2587e-01 +1.0532e+00 -2.3815e+00
994 +9.080975306e-04 +9.080975306e-04 -4.669909190e+01 -4.669909190e+01 +3.1563e-01 +1.0377e+00 -2.4168e+00
1083 +4.827210239e-04 +4.827210239e-04 -4.669951728e+01 -4.669951728e+01 +3.3008e-01 +1.0635e+00 -2.3668e+00
1132 +2.916701599e-04 +2.916701599e-04 -4.669970833e+01 -4.669970833e+01 +3.2149e-01 +1.0462e+00 -2.3983e+00
1194 +1.166847417e-04 +1.166847417e-04 -4.669988332e+01 -4.669988332e+01 +3.1954e-01 +1.0428e+00 -2.4069e+00
1231 +7.801942748e-05 +7.801942748e-05 -4.669992198e+01 -4.669992198e+01 +3.2067e-01 +1.0449e+00 -2.4027e+00
1234 +2.790928544e-05 +2.790928544e-05 -4.669997209e+01 -4.669997209e+01 +3.2172e-01 +1.0472e+00 -2.3979e+00
1309 +1.985691065e-05 +1.985691065e-05 -4.669998014e+01 -4.669998014e+01 +3.2567e-01 +1.0550e+00 -2.3820e+00
1311 +9.661742702e-06 +9.661742702e-06 -4.669999034e+01 -4.669999034e+01 +3.2327e-01 +1.0503e+00 -2.3919e+00
1344 +4.559340752e-06 +4.559340752e-06 -4.669999544e+01 -4.669999544e+01 +3.2413e-01 +1.0519e+00 -2.3884e+00
1358 +2.024150675e-06 +2.024150675e-06 -4.669999798e+01 -4.669999798e+01 +3.2412e-01 +1.0519e+00 -2.3883e+00
1397 +4.123894612e-07 +4.123894612e-07 -4.669999959e+01 -4.669999959e+01 +3.2423e-01 +1.0522e+00 -2.3878e+00
1426 +2.699497870e-07 +2.699497870e-07 -4.669999973e+01 -4.669999973e+01 +3.2385e-01 +1.0515e+00 -2.3892e+00
1500 +8.218154335e-08 +8.218154335e-08 -4.669999992e+01 -4.669999992e+01 +3.2397e-01 +1.0518e+00 -2.3887e+00
1531 +4.759617411e-08 +4.759617411e-08 -4.669999995e+01 -4.669999995e+01 +3.2400e-01 +1.0518e+00 -2.3886e+00
1557 +4.237406870e-09 +4.237406870e-09 -4.670000000e+01 -4.670000000e+01 +3.2398e-01 +1.0518e+00 -2.3887e+00
1622 +2.575490043e-09 +2.575490043e-09 -4.670000000e+01 -4.670000000e+01 +3.2399e-01 +1.0518e+00 -2.3887e+00
1655 +1.781387482e-09 +1.781387482e-09 -4.670000000e+01 -4.670000000e+01 +3.2401e-01 +1.0518e+00 -2.3886e+00
1665 +1.384790949e-09 +1.384790949e-09 -4.670000000e+01 -4.670000000e+01 +3.2401e-01 +1.0518e+00 -2.3886e+00
1698 +7.730207585e-10 +7.730207585e-10 -4.670000000e+01 -4.670000000e+01 +3.2399e-01 +1.0518e+00 -2.3886e+00
1709 +2.545874622e-10 +2.545874622e-10 -4.670000000e+01 -4.670000000e+01 +3.2401e-01 +1.0518e+00 -2.3886e+00
1728 +2.120685849e-10 +2.120685849e-10 -4.670000000e+01 -4.670000000e+01 +3.2400e-01 +1.0518e+00 -2.3886e+00
1761 +5.266542757e-11 +5.266542757e-11 -4.670000000e+01 -4.670000000e+01 +3.2400e-01 +1.0518e+00 -2.3886e+00
1762 +2.621902695e-11 +2.621902695e-11 -4.670000000e+01 -4.670000000e+01 +3.2400e-01 +1.0518e+00 -2.3886e+00
1848 +2.075495331e-11 +2.075495331e-11 -4.670000000e+01 -4.670000000e+01 +3.2400e-01 +1.0518e+00 -2.3886e+00
1886 +1.485034318e-11 +1.485034318e-11 -4.670000000e+01 -4.670000000e+01 +3.2400e-01 +1.0518e+00 -2.3886e+00
1912 +9.222844710e-12 +9.222844710e-12 -4.670000000e+01 -4.670000000e+01 +3.2400e-01 +1.0518e+00 -2.3886e+00
1966 +1.030286967e-12 +1.030286967e-12 -4.670000000e+01 -4.670000000e+01 +3.2400e-01 +1.0518e+00 -2.3886e+00
1996 +8.526512829e-13 +8.526512829e-13 -4.670000000e+01 -4.670000000e+01 +3.2400e-01 +1.0518e+00 -2.3886e+00
2008 +3.765876500e-13 +3.765876500e-13 -4.670000000e+01 -4.670000000e+01 +3.2400e-01 +1.0518e+00 -2.3886e+00
2058 +1.278976924e-13 +1.278976924e-13 -4.670000000e+01 -4.670000000e+01 +3.2400e-01 +1.0518e+00 -2.3886e+00
2179 +9.947598301e-14 +9.947598301e-14 -4.670000000e+01 -4.670000000e+01 +3.2400e-01 +1.0518e+00 -2.3886e+00
2187 +5.684341886e-14 +5.684341886e-14 -4.670000000e+01 -4.670000000e+01 +3.2400e-01 +1.0518e+00 -2.3886e+00
2211 +2.131628207e-14 +2.131628207e-14 -4.670000000e+01 -4.670000000e+01 +3.2400e-01 +1.0518e+00 -2.3886e+00
2218 +1.421085472e-14 +1.421085472e-14 -4.670000000e+01 -4.670000000e+01 +3.2400e-01 +1.0518e+00 -2.3886e+00
2223 +7.105427358e-15 +7.105427358e-15 -4.670000000e+01 -4.670000000e+01 +3.2400e-01 +1.0518e+00 -2.3886e+00
2255 +0.000000000e+00 +0.000000000e+00 -4.670000000e+01 -4.670000000e+01 +3.2400e-01 +1.0518e+00 -2.3886e+00
% function evaluation | noise-free fitness - Fopt (-9.308000000000e+01) | best noise-free fitness - Fopt | measured fitness | best measured fitness | x1 | x2...
1 +4.268414511e+04 +4.268414511e+04 +4.259106511e+04 +4.259106511e+04 +1.7688e+00 +1.1359e+00 -2.6807e+00
5 +2.437467353e+03 +2.437467353e+03 +2.344387353e+03 +2.344387353e+03 +1.9244e-02 -1.6149e+00 +2.8778e+00
10 +4.981773633e+02 +4.981773633e+02 +4.050973633e+02 +4.050973633e+02 -1.6386e+00 -4.5001e-01 +3.0270e+00
48 +2.114170261e+02 +2.114170261e+02 +1.183370261e+02 +1.183370261e+02 -3.4760e+00 -2.2835e-01 +6.0765e+00
126 +1.237105863e+02 +1.237105863e+02 +3.063058632e+01 +3.063058632e+01 -9.1999e-01 -4.7468e-01 +2.9712e+00
146 +1.094676781e+01 +1.094676781e+01 -8.213323219e+01 -8.213323219e+01 -3.6982e+00 -6.7100e-01 +3.2224e+00
403 +9.363742392e+00 +9.363742392e+00 -8.371625761e+01 -8.371625761e+01 -3.7770e+00 -4.0511e-01 +4.1551e+00
511 +6.209297402e+00 +6.209297402e+00 -8.687070260e+01 -8.687070260e+01 -3.2740e+00 -1.6221e+00 -5.3895e-02
580 +1.579297641e+00 +1.579297641e+00 -9.150070236e+01 -9.150070236e+01 -9.0535e-01 -1.0286e+00 +1.5411e+00
692 +8.229200687e-01 +8.229200687e-01 -9.225707993e+01 -9.225707993e+01 -9.4645e-01 -1.1237e+00 +1.3554e+00
769 +3.742089618e-01 +3.742089618e-01 -9.270579104e+01 -9.270579104e+01 -1.0816e+00 -1.4963e+00 +1.5748e-01
843 +4.142134596e-02 +4.142134596e-02 -9.303857865e+01 -9.303857865e+01 -1.1727e+00 -1.6663e+00 -2.3996e-01
1010 +2.950218913e-02 +2.950218913e-02 -9.305049781e+01 -9.305049781e+01 -1.2235e+00 -1.7660e+00 -4.6290e-01
1039 +1.612456975e-02 +1.612456975e-02 -9.306387543e+01 -9.306387543e+01 -1.2349e+00 -1.7886e+00 -5.0532e-01
1066 +4.754110030e-03 +4.754110030e-03 -9.307524589e+01 -9.307524589e+01 -1.2300e+00 -1.7766e+00 -4.7354e-01
1162 +3.751222197e-03 +3.751222197e-03 -9.307624878e+01 -9.307624878e+01 -1.2440e+00 -1.8118e+00 -5.4399e-01
1187 +1.532544075e-03 +1.532544075e-03 -9.307846746e+01 -9.307846746e+01 -1.2393e+00 -1.8016e+00 -5.2081e-01
1204 +9.474931934e-04 +9.474931934e-04 -9.307905251e+01 -9.307905251e+01 -1.2430e+00 -1.8079e+00 -5.3383e-01
1236 +5.197595145e-04 +5.197595145e-04 -9.307948024e+01 -9.307948024e+01 -1.2488e+00 -1.8153e+00 -5.4724e-01
1280 +3.233774490e-04 +3.233774490e-04 -9.307967662e+01 -9.307967662e+01 -1.2410e+00 -1.8027e+00 -5.2260e-01
1307 +1.379859660e-04 +1.379859660e-04 -9.307986201e+01 -9.307986201e+01 -1.2431e+00 -1.8066e+00 -5.3013e-01
1383 +3.232432259e-05 +3.232432259e-05 -9.307996768e+01 -9.307996768e+01 -1.2463e+00 -1.8123e+00 -5.4044e-01
1426 +9.492164438e-06 +9.492164438e-06 -9.307999051e+01 -9.307999051e+01 -1.2436e+00 -1.8067e+00 -5.2910e-01
1556 +2.896218973e-06 +2.896218973e-06 -9.307999710e+01 -9.307999710e+01 -1.2442e+00 -1.8081e+00 -5.3220e-01
1595 +1.520554534e-06 +1.520554534e-06 -9.307999848e+01 -9.307999848e+01 -1.2437e+00 -1.8072e+00 -5.3031e-01
1603 +8.350498746e-07 +8.350498746e-07 -9.307999916e+01 -9.307999916e+01 -1.2440e+00 -1.8076e+00 -5.3122e-01
1657 +6.100344194e-07 +6.100344194e-07 -9.307999939e+01 -9.307999939e+01 -1.2438e+00 -1.8073e+00 -5.3063e-01
1675 +2.553673397e-07 +2.553673397e-07 -9.307999974e+01 -9.307999974e+01 -1.2439e+00 -1.8074e+00 -5.3084e-01
1701 +2.197961493e-07 +2.197961493e-07 -9.307999978e+01 -9.307999978e+01 -1.2437e+00 -1.8069e+00 -5.2988e-01
1724 +6.701721134e-08 +6.701721134e-08 -9.307999993e+01 -9.307999993e+01 -1.2437e+00 -1.8070e+00 -5.3005e-01
1746 +1.235358127e-08 +1.235358127e-08 -9.307999999e+01 -9.307999999e+01 -1.2438e+00 -1.8072e+00 -5.3039e-01
1786 +8.051983968e-09 +8.051983968e-09 -9.307999999e+01 -9.307999999e+01 -1.2438e+00 -1.8072e+00 -5.3034e-01
1856 +3.737596899e-09 +3.737596899e-09 -9.308000000e+01 -9.308000000e+01 -1.2438e+00 -1.8072e+00 -5.3044e-01
1898 +2.318557790e-09 +2.318557790e-09 -9.308000000e+01 -9.308000000e+01 -1.2438e+00 -1.8072e+00 -5.3045e-01
1908 +1.084018209e-09 +1.084018209e-09 -9.308000000e+01 -9.308000000e+01 -1.2438e+00 -1.8072e+00 -5.3035e-01
1913 +3.340545618e-10 +3.340545618e-10 -9.308000000e+01 -9.308000000e+01 -1.2438e+00 -1.8072e+00 -5.3039e-01
1986 +2.166586910e-10 +2.166586910e-10 -9.308000000e+01 -9.308000000e+01 -1.2438e+00 -1.8072e+00 -5.3039e-01
2029 +1.439275366e-10 +1.439275366e-10 -9.308000000e+01 -9.308000000e+01 -1.2438e+00 -1.8072e+00 -5.3039e-01
2043 +4.749267646e-11 +4.749267646e-11 -9.308000000e+01 -9.308000000e+01 -1.2438e+00 -1.8072e+00 -5.3039e-01
2072 +3.387867764e-11 +3.387867764e-11 -9.308000000e+01 -9.308000000e+01 -1.2438e+00 -1.8072e+00 -5.3039e-01
2137 +1.045918907e-11 +1.045918907e-11 -9.308000000e+01 -9.308000000e+01 -1.2438e+00 -1.8072e+00 -5.3040e-01
2164 +9.919176591e-12 +9.919176591e-12 -9.308000000e+01 -9.308000000e+01 -1.2438e+00 -1.8072e+00 -5.3040e-01
2177 +8.384404282e-13 +8.384404282e-13 -9.308000000e+01 -9.308000000e+01 -1.2438e+00 -1.8072e+00 -5.3040e-01
2325 +6.252776075e-13 +6.252776075e-13 -9.308000000e+01 -9.308000000e+01 -1.2438e+00 -1.8072e+00 -5.3040e-01
2363 +2.842170943e-13 +2.842170943e-13 -9.308000000e+01 -9.308000000e+01 -1.2438e+00 -1.8072e+00 -5.3040e-01
2377 +1.563194019e-13 +1.563194019e-13 -9.308000000e+01 -9.308000000e+01 -1.2438e+00 -1.8072e+00 -5.3040e-01
2422 +9.947598301e-14 +9.947598301e-14 -9.308000000e+01 -9.308000000e+01 -1.2438e+00 -1.8072e+00 -5.3040e-01
2456 +1.421085472e-14 +1.421085472e-14 -9.308000000e+01 -9.308000000e+01 -1.2438e+00 -1.8072e+00 -5.3040e-01
2474 +0.000000000e+00 +0.000000000e+00 -9.308000000e+01 -9.308000000e+01 -1.2438e+00 -1.8072e+00 -5.3040e-01
% function evaluation | noise-free fitness - Fopt (4.168000000000e+01) | best noise-free fitness - Fopt | measured fitness | best measured fitness | x1 | x2...
1 +1.814666266e+05 +1.814666266e+05 +1.815083066e+05 +1.815083066e+05 -1.3819e+00 +4.4027e+00 +4.5902e+00
2 +2.860672002e+04 +2.860672002e+04 +2.864840002e+04 +2.864840002e+04 +4.8944e+00 -1.3290e+00 +5.5961e-01
3 +1.978660184e+04 +1.978660184e+04 +1.982828184e+04 +1.982828184e+04 +4.2973e+00 -1.0688e+00 -4.9135e+00
11 +2.211135675e+03 +2.211135675e+03 +2.252815675e+03 +2.252815675e+03 +1.2007e+00 -1.5608e-01 +1.5824e+00
24 +4.759959669e+01 +4.759959669e+01 +8.927959669e+01 +8.927959669e+01 +3.4772e-01 -2.4248e+00 +1.4798e+00
161 +3.241203549e+01 +3.241203549e+01 +7.409203549e+01 +7.409203549e+01 +1.0923e+00 -2.0433e+00 +4.1230e-01
204 +1.303833579e+01 +1.303833579e+01 +5.471833579e+01 +5.471833579e+01 +8.5490e-01 -2.0287e+00 +8.6761e-01
227 +6.902617635e+00 +6.902617635e+00 +4.858261763e+01 +4.858261763e+01 +3.8176e-01 -2.1970e+00 +6.8757e-01
287 +5.400154823e+00 +5.400154823e+00 +4.708015482e+01 +4.708015482e+01 +8.2132e-01 -2.1776e+00 +8.2512e-01
293 +3.109283596e+00 +3.109283596e+00 +4.478928360e+01 +4.478928360e+01 +2.2309e-01 -2.1852e+00 +9.2820e-01
364 +2.468795873e+00 +2.468795873e+00 +4.414879587e+01 +4.414879587e+01 +7.5221e-01 -2.3076e+00 +8.6241e-01
415 +1.317145992e+00 +1.317145992e+00 +4.299714599e+01 +4.299714599e+01 +9.8109e-01 -2.2843e+00 +8.1091e-01
575 +8.674173122e-01 +8.674173122e-01 +4.254741731e+01 +4.254741731e+01 +1.1385e+00 -2.1585e+00 +8.8283e-01
666 +6.148742897e-01 +6.148742897e-01 +4.229487429e+01 +4.229487429e+01 +1.2450e+00 -2.0537e+00 +9.3014e-01
754 +3.914822380e-01 +3.914822380e-01 +4.207148224e+01 +4.207148224e+01 +1.3445e+00 -1.9329e+00 +1.0307e+00
848 +2.504228079e-01 +2.504228079e-01 +4.193042281e+01 +4.193042281e+01 +1.4163e+00 -1.8344e+00 +1.1411e+00
907 +1.314054930e-01 +1.314054930e-01 +4.181140549e+01 +4.181140549e+01 +1.5000e+00 -1.6979e+00 +1.3016e+00
982 +9.668189562e-02 +9.668189562e-02 +4.177668190e+01 +4.177668190e+01 +1.5199e+00 -1.6656e+00 +1.3536e+00
1036 +6.289606682e-02 +6.289606682e-02 +4.174289607e+01 +4.174289607e+01 +1.5519e+00 -1.5960e+00 +1.4636e+00
1105 +2.910415543e-02 +2.910415543e-02 +4.170910416e+01 +4.170910416e+01 +1.5826e+00 -1.5483e+00 +1.5448e+00
1114 +2.377220893e-02 +2.377220893e-02 +4.170377221e+01 +4.170377221e+01 +1.5958e+00 -1.5300e+00 +1.5751e+00
1186 +1.522885977e-02 +1.522885977e-02 +4.169522886e+01 +4.169522886e+01 +1.6081e+00 -1.5061e+00 +1.6228e+00
1211 +9.392511760e-03 +9.392511760e-03 +4.168939251e+01 +4.168939251e+01 +1.6341e+00 -1.4546e+00 +1.7081e+00
1232 +4.900406580e-03 +4.900406580e-03 +4.168490041e+01 +4.168490041e+01 +1.6329e+00 -1.4516e+00 +1.7221e+00
1276 +2.496910093e-03 +2.496910093e-03 +4.168249691e+01 +4.168249691e+01 +1.6517e+00 -1.4161e+00 +1.7859e+00
1291 +8.660156117e-04 +8.660156117e-04 +4.168086602e+01 +4.168086602e+01 +1.6531e+00 -1.4179e+00 +1.7865e+00
1309 +1.351413364e-04 +1.351413364e-04 +4.168013514e+01 +4.168013514e+01 +1.6560e+00 -1.4099e+00 +1.8016e+00
1448 +5.642145241e-05 +5.642145241e-05 +4.168005642e+01 +4.168005642e+01 +1.6622e+00 -1.3971e+00 +1.8275e+00
1482 +1.582325260e-05 +1.582325260e-05 +4.168001582e+01 +4.168001582e+01 +1.6610e+00 -1.3998e+00 +1.8220e+00
1501 +7.415025109e-07 +7.415025109e-07 +4.168000074e+01 +4.168000074e+01 +1.6611e+00 -1.3999e+00 +1.8220e+00
1651 +4.381962242e-07 +4.381962242e-07 +4.168000044e+01 +4.168000044e+01 +1.6610e+00 -1.3999e+00 +1.8220e+00
1717 +3.362465364e-07 +3.362465364e-07 +4.168000034e+01 +4.168000034e+01 +1.6610e+00 -1.4000e+00 +1.8217e+00
1729 +2.311062346e-07 +2.311062346e-07 +4.168000023e+01 +4.168000023e+01 +1.6609e+00 -1.4002e+00 +1.8214e+00
1756 +9.555553504e-08 +9.555553504e-08 +4.168000010e+01 +4.168000010e+01 +1.6608e+00 -1.4004e+00 +1.8211e+00
1783 +3.436331042e-08 +3.436331042e-08 +4.168000003e+01 +4.168000003e+01 +1.6607e+00 -1.4005e+00 +1.8207e+00
1819 +3.502776735e-09 +3.502776735e-09 +4.168000000e+01 +4.168000000e+01 +1.6608e+00 -1.4004e+00 +1.8210e+00
1926 +2.139699973e-09 +2.139699973e-09 +4.168000000e+01 +4.168000000e+01 +1.6608e+00 -1.4004e+00 +1.8210e+00
1951 +1.116859494e-09 +1.116859494e-09 +4.168000000e+01 +4.168000000e+01 +1.6608e+00 -1.4004e+00 +1.8210e+00
1956 +9.355574093e-10 +9.355574093e-10 +4.168000000e+01 +4.168000000e+01 +1.6608e+00 -1.4004e+00 +1.8210e+00
1967 +4.435207757e-10 +4.435207757e-10 +4.168000000e+01 +4.168000000e+01 +1.6608e+00 -1.4004e+00 +1.8210e+00
2016 +2.280700073e-10 +2.280700073e-10 +4.168000000e+01 +4.168000000e+01 +1.6608e+00 -1.4004e+00 +1.8210e+00
2028 +1.321041054e-10 +1.321041054e-10 +4.168000000e+01 +4.168000000e+01 +1.6608e+00 -1.4004e+00 +1.8210e+00
2057 +3.783640068e-11 +3.783640068e-11 +4.168000000e+01 +4.168000000e+01 +1.6608e+00 -1.4004e+00 +1.8210e+00
2090 +2.111733011e-11 +2.111733011e-11 +4.168000000e+01 +4.168000000e+01 +1.6608e+00 -1.4004e+00 +1.8210e+00
2108 +1.571720532e-11 +1.571720532e-11 +4.168000000e+01 +4.168000000e+01 +1.6608e+00 -1.4004e+00 +1.8210e+00
2132 +8.093081760e-12 +8.093081760e-12 +4.168000000e+01 +4.168000000e+01 +1.6608e+00 -1.4004e+00 +1.8210e+00
2158 +1.058708676e-12 +1.058708676e-12 +4.168000000e+01 +4.168000000e+01 +1.6608e+00 -1.4004e+00 +1.8210e+00
2269 +9.166001291e-13 +9.166001291e-13 +4.168000000e+01 +4.168000000e+01 +1.6608e+00 -1.4004e+00 +1.8210e+00
2281 +4.902744877e-13 +4.902744877e-13 +4.168000000e+01 +4.168000000e+01 +1.6608e+00 -1.4004e+00 +1.8210e+00
2312 +1.207922651e-13 +1.207922651e-13 +4.168000000e+01 +4.168000000e+01 +1.6608e+00 -1.4004e+00 +1.8210e+00
2314 +7.105427358e-14 +7.105427358e-14 +4.168000000e+01 +4.168000000e+01 +1.6608e+00 -1.4004e+00 +1.8210e+00
2401 +4.263256415e-14 +4.263256415e-14 +4.168000000e+01 +4.168000000e+01 +1.6608e+00 -1.4004e+00 +1.8210e+00
2416 +3.552713679e-14 +3.552713679e-14 +4.168000000e+01 +4.168000000e+01 +1.6608e+00 -1.4004e+00 +1.8210e+00
2431 +7.105427358e-15 +7.105427358e-15 +4.168000000e+01 +4.168000000e+01 +1.6608e+00 -1.4004e+00 +1.8210e+00
2497 +0.000000000e+00 +0.000000000e+00 +4.168000000e+01 +4.168000000e+01 +1.6608e+00 -1.4004e+00 +1.8210e+00
