% function evaluation | noise-free fitness - Fopt (2.997000000000e+01) | best noise-free fitness - Fopt | measured fitness | best measured fitness | x1 | x2...
1 +4.147356760e+02 +4.147356760e+02 +4.447056760e+02 +4.447056760e+02 +1.4525e+00 -3.2787e+00 -9.9669e-02
13 +2.684941568e+02 +2.684941568e+02 +2.984641568e+02 +2.984641568e+02 +1.9642e-01 -3.1846e+00 -4.2393e+00
21 +2.057988614e+02 +2.057988614e+02 +2.357688614e+02 +2.357688614e+02 +2.7451e+00 -3.5326e+00 -2.8961e+00
103 +1.082754274e+02 +1.082754274e+02 +1.382454274e+02 +1.382454274e+02 +2.3326e+00 -4.2068e+00 -1.2966e+00
183 +6.794120643e+01 +6.794120643e+01 +9.791120643e+01 +9.791120643e+01 +2.3140e+00 -3.5879e+00 -1.8219e+00
287 +6.205378768e+01 +6.205378768e+01 +9.202378768e+01 +9.202378768e+01 +1.8209e+00 -2.6450e+00 -2.5432e+00
414 +3.702292548e+01 +3.702292548e+01 +6.699292548e+01 +6.699292548e+01 +1.7441e+00 -3.1766e+00 -2.5265e+00
498 +2.364334282e+01 +2.364334282e+01 +5.361334282e+01 +5.361334282e+01 +1.2483e+00 -2.2806e+00 -3.3231e+00
833 +9.785947370e+00 +9.785947370e+00 +3.975594737e+01 +3.975594737e+01 +1.3095e+00 -2.3694e+00 -3.1235e+00
1342 +4.777458197e+00 +4.777458197e+00 +3.474745820e+01 +3.474745820e+01 +1.1719e+00 -2.1753e+00 -3.2536e+00
2191 +3.117407915e+00 +3.117407915e+00 +3.308740792e+01 +3.308740792e+01 +1.2115e+00 -2.1972e+00 -3.2254e+00
3691 +2.423087737e+00 +2.423087737e+00 +3.239308774e+01 +3.239308774e+01 +1.1864e+00 -2.1702e+00 -3.2494e+00
10808 +1.448766239e+00 +1.448766239e+00 +3.141876624e+01 +3.141876624e+01 +1.1293e+00 -2.0810e+00 -3.3266e+00
47738 +9.755953334e-01 +9.755953334e-01 +3.094559533e+01 +3.094559533e+01 +1.0777e+00 -2.0057e+00 -3.3931e+00
% function evaluation | noise-free fitness - Fopt (-5.171000000000e+01) | best noise-free fitness - Fopt | measured fitness | best measured fitness | x1 | x2...
1 +1.355323496e+03 +1.355323496e+03 +1.303613496e+03 +1.303613496e+03 +4.6974e+00 -4.0638e+00 +2.4486e-01
5 +3.582271706e+02 +3.582271706e+02 +3.065171706e+02 +3.065171706e+02 +4.4824e+00 +9.5340e-01 -3.2533e+00
9 +2.370327375e+02 +2.370327375e+02 +1.853227375e+02 +1.853227375e+02 -1.7830e+00 +4.1670e+00 -3.0297e+00
18 +1.052129797e+02 +1.052129797e+02 +5.350297966e+01 +5.350297966e+01 -6.3244e-01 +4.3979e+00 -3.2348e+00
130 +3.255415744e+01 +3.255415744e+01 -1.915584256e+01 -1.915584256e+01 +3.0460e+00 +2.8204e+00 -3.3439e+00
447 +1.356268918e+01 +1.356268918e+01 -3.814731082e+01 -3.814731082e+01 +2.6723e+00 +3.0688e+00 -3.2760e+00
825 +7.468715009e+00 +7.468715009e+00 -4.424128499e+01 -4.424128499e+01 +2.2097e+00 +3.3357e+00 -3.3969e+00
967 +3.633073812e+00 +3.633073812e+00 -4.807692619e+01 -4.807692619e+01 +2.5948e+00 +3.1227e+00 -3.3435e+00
1012 +1.367148285e+00 +1.367148285e+00 -5.034285172e+01 -5.034285172e+01 +2.7776e+00 +3.0483e+00 -3.3408e+00
2090 +7.400355089e-01 +7.400355089e-01 -5.096996449e+01 -5.096996449e+01 +2.9221e+00 +2.9900e+00 -3.3290e+00
2463 +4.230508544e-01 +4.230508544e-01 -5.128694915e+01 -5.128694915e+01 +2.9275e+00 +2.9868e+00 -3.3250e+00
2724 +3.357958892e-01 +3.357958892e-01 -5.137420411e+01 -5.137420411e+01 +2.9050e+00 +2.9969e+00 -3.3286e+00
4324 +2.182389486e-01 +2.182389486e-01 -5.149176105e+01 -5.149176105e+01 +2.9285e+00 +2.9856e+00 -3.3251e+00
% function evaluation | noise-free fitness - Fopt (-2.799500000000e+02) | best noise-free fitness - Fopt | measured fitness | best measured fitness | x1 | x2...
1 +1.782186600e+03 +1.782186600e+03 +1.502236600e+03 +1.502236600e+03 -3.8981e+00 +1.9325e+00 +1.7919e+00
2 +1.236092815e+03 +1.236092815e+03 +9.561428153e+02 +9.561428153e+02 -4.8140e+00 +1.8818e-01 +2.1459e+00
11 +3.721857288e+02 +3.721857288e+02 +9.223572882e+01 +9.223572882e+01 -4.1041e+00 -1.9074e+00 +4.0889e+00
51 +2.486655542e+02 +2.486655542e+02 -3.128444577e+01 -3.128444577e+01 -1.8494e+00 -3.2074e+00 +3.7488e+00
83 +6.356587633e+01 +6.356587633e+01 -2.163841237e+02 -2.163841237e+02 -2.9665e+00 -5.0000e+00 +1.8903e+00
208 +5.594492866e+01 +5.594492866e+01 -2.240050713e+02 -2.240050713e+02 -2.0892e+00 -5.0000e+00 +2.1917e+00
304 +2.666179629e+01 +2.666179629e+01 -2.532882037e+02 -2.532882037e+02 -2.3710e+00 -4.9084e+00 +2.1363e+00
352 +1.602378332e+01 +1.602378332e+01 -2.639262167e+02 -2.639262167e+02 -2.5338e+00 -4.9664e+00 +2.0819e+00
1275 +1.159912573e+01 +1.159912573e+01 -2.683508743e+02 -2.683508743e+02 -2.4840e+00 -4.9629e+00 +2.0745e+00
3485 +8.078836950e+00 +8.078836950e+00 -2.718711631e+02 -2.718711631e+02 -2.7422e+00 -4.7487e+00 +2.3322e+00
18960 +6.258571131e+00 +6.258571131e+00 -2.736914289e+02 -2.736914289e+02 -2.7785e+00 -4.7046e+00 +2.3838e+00
25924 +3.969497320e+00 +3.969497320e+00 -2.759805027e+02 -2.759805027e+02 -2.9626e+00 -4.5430e+00 +2.5782e+00
35719 +2.402043135e+00 +2.402043135e+00 -2.775479569e+02 -2.775479569e+02 -3.1818e+00 -4.3391e+00 +2.8220e+00
41201 +1.576346450e+00 +1.576346450e+00 -2.783736536e+02 -2.783736536e+02 -3.2054e+00 -4.3251e+00 +2.8386e+00
% function evaluation | noise-free fitness - Fopt (9.319900000000e+02) | best noise-free fitness - Fopt | measured fitness | best measured fitness | x1 | x2...
1 +5.273742624e+02 +5.273742624e+02 +1.459364262e+03 +1.459364262e+03 -4.4610e-01 +2.1462e+00 +4.6202e+00
5 +3.075013274e+02 +3.075013274e+02 +1.239491327e+03 +1.239491327e+03 +5.2427e-01 -2.7814e+00 +2.0904e+00
49 +1.762489837e+02 +1.762489837e+02 +1.108238984e+03 +1.108238984e+03 +1.0081e+00 -5.8173e-01 +1.6712e+00
56 +7.690058249e+01 +7.690058249e+01 +1.008890582e+03 +1.008890582e+03 +1.1651e+00 -1.8132e-02 +3.6672e+00
95 +6.104668950e+01 +6.104668950e+01 +9.930366895e+02 +9.930366895e+02 +8.9040e-01 +0.0000e+00 +3.7274e+00
583 +3.312424203e+01 +3.312424203e+01 +9.651142420e+02 +9.651142420e+02 +1.1584e+00 +2.1104e-01 +3.2826e+00
801 +2.380411705e+01 +2.380411705e+01 +9.557941170e+02 +9.557941170e+02 +8.1566e-01 -3.5090e-01 +3.4077e+00
921 +1.310061474e+01 +1.310061474e+01 +9.450906147e+02 +9.450906147e+02 +8.9686e-01 -1.3780e-01 +3.2781e+00
1227 +6.518889370e+00 +6.518889370e+00 +9.385088894e+02 +9.385088894e+02 +1.3480e+00 +8.4049e-01 +2.9612e+00
1666 +6.240238747e+00 +6.240238747e+00 +9.382302387e+02 +9.382302387e+02 +1.3852e+00 +1.0084e+00 +2.9568e+00
1968 +3.726537823e+00 +3.726537823e+00 +9.357165378e+02 +9.357165378e+02 +1.2902e+00 +7.7595e-01 +2.9237e+00
2048 +1.924125033e+00 +1.924125033e+00 +9.339141250e+02 +9.339141250e+02 +1.2830e+00 +7.3556e-01 +2.9764e+00
2248 +6.662079091e-01 +6.662079091e-01 +9.326562079e+02 +9.326562079e+02 +1.2791e+00 +7.4452e-01 +2.9749e+00
2608 +6.093460461e-01 +6.093460461e-01 +9.325993460e+02 +9.325993460e+02 +1.2795e+00 +7.4261e-01 +2.9738e+00
2819 +3.743490784e-01 +3.743490784e-01 +9.323643491e+02 +9.323643491e+02 +1.2788e+00 +7.4128e-01 +2.9708e+00
3661 +2.092800499e-01 +2.092800499e-01 +9.321992800e+02 +9.321992800e+02 +1.2779e+00 +7.4097e-01 +2.9705e+00
4541 +1.548493716e-01 +1.548493716e-01 +9.321448494e+02 +9.321448494e+02 +1.2779e+00 +7.4153e-01 +2.9704e+00
15773 +9.362337421e-02 +9.362337421e-02 +9.320836234e+02 +9.320836234e+02 +1.3383e+00 +8.8391e-01 +2.9295e+00
16053 +5.017812027e-02 +5.017812027e-02 +9.320401781e+02 +9.320401781e+02 +1.3383e+00 +8.8344e-01 +2.9296e+00
16253 +3.394404107e-02 +3.394404107e-02 +9.320239440e+02 +9.320239440e+02 +1.3383e+00 +8.8309e-01 +2.9294e+00
16333 +1.059977294e-02 +1.059977294e-02 +9.320005998e+02 +9.320005998e+02 +1.3383e+00 +8.8287e-01 +2.9296e+00
17053 +7.439640914e-03 +7.439640914e-03 +9.319974396e+02 +9.319974396e+02 +1.3383e+00 +8.8286e-01 +2.9296e+00
17653 +4.709257097e-03 +4.709257097e-03 +9.319947093e+02 +9.319947093e+02 +1.3383e+00 +8.8289e-01 +2.9296e+00
28567 +1.861160854e-03 +1.861160854e-03 +9.319918612e+02 +9.319918612e+02 +1.3383e+00 +8.8290e-01 +2.9297e+00
29293 +1.371562316e-03 +1.371562316e-03 +9.319913716e+02 +9.319913716e+02 +1.3383e+00 +8.8290e-01 +2.9297e+00
29373 +6.322854696e-04 +6.322854696e-04 +9.319906323e+02 +9.319906323e+02 +1.3383e+00 +8.8290e-01 +2.9297e+00
29453 +4.961345744e-04 +4.961345744e-04 +9.319904961e+02 +9.319904961e+02 +1.3383e+00 +8.8290e-01 +2.9297e+00
29493 +2.718475110e-04 +2.718475110e-04 +9.319902718e+02 +9.319902718e+02 +1.3383e+00 +8.8290e-01 +2.9297e+00
30213 +2.493737733e-04 +2.493737733e-04 +9.319902494e+02 +9.319902494e+02 +1.3383e+00 +8.8290e-01 +2.9297e+00
30487 +1.377293930e-04 +1.377293930e-04 +9.319901377e+02 +9.319901377e+02 +1.3383e+00 +8.8291e-01 +2.9297e+00
30573 +4.965471919e-05 +4.965471919e-05 +9.319900497e+02 +9.319900497e+02 +1.3383e+00 +8.8291e-01 +2.9297e+00
30653 +2.382335936e-05 +2.382335936e-05 +9.319900238e+02 +9.319900238e+02 +1.3383e+00 +8.8291e-01 +2.9297e+00
30933 +1.581431195e-05 +1.581431195e-05 +9.319900158e+02 +9.319900158e+02 +1.3383e+00 +8.8291e-01 +2.9297e+00
31533 +9.986630857e-06 +9.986630857e-06 +9.319900100e+02 +9.319900100e+02 +1.3383e+00 +8.8291e-01 +2.9297e+00
32773 +4.769343718e-06 +4.769343718e-06 +9.319900048e+02 +9.319900048e+02 +1.3383e+00 +8.8291e-01 +2.9297e+00
33053 +3.107106636e-06 +3.107106636e-06 +9.319900031e+02 +9.319900031e+02 +1.3383e+00 +8.8291e-01 +2.9297e+00
35087 +2.158994107e-06 +2.158994107e-06 +9.319900022e+02 +9.319900022e+02 +1.3383e+00 +8.8291e-01 +2.9297e+00
36487 +1.146410114e-06 +1.146410114e-06 +9.319900011e+02 +9.319900011e+02 +1.3383e+00 +8.8291e-01 +2.9297e+00
36567 +7.306781526e-07 +7.306781526e-07 +9.319900007e+02 +9.319900007e+02 +1.3383e+00 +8.8291e-01 +2.9297e+00
% function evaluation | noise-free fitness - Fopt (1.133100000000e+02) | best noise-free fitness - Fopt | measured fitness | best measured fitness | x1 | x2...
1 +3.823880226e+02 +3.823880226e+02 +4.956980226e+02 +4.956980226e+02 +1.6821e+00 +3.7614e+00 -2.4246e+00
8 +1.346750947e+02 +1.346750947e+02 +2.479850947e+02 +2.479850947e+02 +2.7037e+00 +2.8608e+00 -6.8456e-01
91 +9.267170433e+01 +9.267170433e+01 +2.059817043e+02 +2.059817043e+02 +2.7184e+00 +3.0950e+00 +3.7515e-01
125 +4.757323027e+01 +4.757323027e+01 +1.608832303e+02 +1.608832303e+02 +2.3896e+00 +3.8500e+00 -1.1665e-01
284 +1.966706382e+01 +1.966706382e+01 +1.329770638e+02 +1.329770638e+02 +2.1615e+00 +3.4294e+00 +4.4967e-01
616 +1.553493165e+01 +1.553493165e+01 +1.288449317e+02 +1.288449317e+02 +2.2443e+00 +3.4798e+00 +1.8991e-01
847 +7.842306654e+00 +7.842306654e+00 +1.211523067e+02 +1.211523067e+02 +2.1782e+00 +3.0485e+00 +6.6688e-01
884 +3.201998642e+00 +3.201998642e+00 +1.165119986e+02 +1.165119986e+02 +2.1150e+00 +2.8834e+00 +8.9123e-01
1610 +1.835105703e+00 +1.835105703e+00 +1.151451057e+02 +1.151451057e+02 +2.1271e+00 +2.9301e+00 +8.0508e-01
1913 +1.546239035e+00 +1.546239035e+00 +1.148562390e+02 +1.148562390e+02 +2.1285e+00 +2.9470e+00 +7.8989e-01
1993 +8.816876569e-01 +8.816876569e-01 +1.141916877e+02 +1.141916877e+02 +2.1255e+00 +2.9594e+00 +7.8361e-01
3062 +3.595746867e-01 +3.595746867e-01 +1.136695747e+02 +1.136695747e+02 +2.1407e+00 +3.2798e+00 +4.4867e-01
4062 +1.789316638e-01 +1.789316638e-01 +1.134889317e+02 +1.134889317e+02 +2.1408e+00 +3.2667e+00 +4.6081e-01
5822 +1.582461023e-01 +1.582461023e-01 +1.134682461e+02 +1.134682461e+02 +2.1408e+00 +3.2670e+00 +4.5991e-01
% function evaluation | noise-free fitness - Fopt (-3.000200000000e+02) | best noise-free fitness - Fopt | measured fitness | best measured fitness | x1 | x2...
1 +9.560291308e+02 +9.560291308e+02 +6.560091308e+02 +6.560091308e+02 +9.6944e-01 -3.4275e+00 -2.6289e+00
3 +4.881140787e+02 +4.881140787e+02 +1.880940787e+02 +1.880940787e+02 -2.7921e+00 -6.7288e-01 +3.9838e+00
37 +3.555989626e+02 +3.555989626e+02 +5.557896257e+01 +5.557896257e+01 -1.6981e+00 +5.4609e-01 +1.3917e+00
53 +1.126799165e+02 +1.126799165e+02 -1.873400835e+02 -1.873400835e+02 -5.8611e-01 +1.1844e+00 -1.8818e+00
77 +5.266490425e+01 +5.266490425e+01 -2.473550957e+02 -2.473550957e+02 -1.2407e+00 -1.0557e-01 -5.6747e-02
134 +3.070273088e+01 +3.070273088e+01 -2.693172691e+02 -2.693172691e+02 -1.1286e+00 +1.3149e-01 -3.6708e-01
487 +1.843901293e+01 +1.843901293e+01 -2.815809871e+02 -2.815809871e+02 -5.3242e-01 +4.8185e-01 -1.4450e+00
582 +1.552146337e+01 +1.552146337e+01 -2.844985366e+02 -2.844985366e+02 -3.9852e-01 +5.3812e-01 -1.5993e+00
1007 +3.527169203e+00 +3.527169203e+00 -2.964928308e+02 -2.964928308e+02 -4.4506e-01 +5.4856e-01 -1.4685e+00
1437 +1.489497796e+00 +1.489497796e+00 -2.985305022e+02 -2.985305022e+02 -4.3142e-01 +5.5679e-01 -1.5088e+00
2440 +6.251299652e-01 +6.251299652e-01 -2.993948700e+02 -2.993948700e+02 -4.2478e-01 +5.5236e-01 -1.5109e+00
2949 +3.533145019e-01 +3.533145019e-01 -2.996666855e+02 -2.996666855e+02 -4.3210e-01 +5.5012e-01 -1.4992e+00
3080 +2.289560336e-01 +2.289560336e-01 -2.997910440e+02 -2.997910440e+02 -4.2638e-01 +5.5211e-01 -1.5065e+00
4069 +1.202231029e-01 +1.202231029e-01 -2.998997769e+02 -2.998997769e+02 -4.2409e-01 +5.5233e-01 -1.5088e+00
4400 +6.708131953e-02 +6.708131953e-02 -2.999529187e+02 -2.999529187e+02 -4.2449e-01 +5.5213e-01 -1.5079e+00
5920 +5.858147311e-02 +5.858147311e-02 -2.999614185e+02 -2.999614185e+02 -4.2449e-01 +5.5205e-01 -1.5078e+00
% function evaluation | noise-free fitness - Fopt (4.471000000000e+01) | best noise-free fitness - Fopt | measured fitness | best measured fitness | x1 | x2...
1 +4.908314556e+02 +4.908314556e+02 +5.355414556e+02 +5.355414556e+02 -1.7323e+00 -4.1739e-01 +2.3209e+00
5 +3.535704202e+02 +3.535704202e+02 +3.982804202e+02 +3.982804202e+02 +1.0125e+00 -2.1495e+00 +1.9409e+00
26 +1.037022585e+02 +1.037022585e+02 +1.484122585e+02 +1.484122585e+02 +1.2168e-01 -2.6210e+00 +4.0060e+00
112 +6.155585418e+01 +6.155585418e+01 +1.062658542e+02 +1.062658542e+02 +1.6085e+00 -2.0416e+00 +3.2209e+00
126 +3.745735656e+01 +3.745735656e+01 +8.216735656e+01 +8.216735656e+01 +1.1325e+00 -2.0459e+00 +3.4000e+00
190 +1.878073135e+01 +1.878073135e+01 +6.349073135e+01 +6.349073135e+01 +2.7406e+00 -1.1698e+00 +2.7930e+00
316 +1.196593001e+01 +1.196593001e+01 +5.667593001e+01 +5.667593001e+01 +2.2709e+00 -1.2506e+00 +2.7878e+00
966 +6.040250020e+00 +6.040250020e+00 +5.075025002e+01 +5.075025002e+01 +1.9513e+00 -1.4873e+00 +2.9721e+00
1046 +2.392398158e+00 +2.392398158e+00 +4.710239816e+01 +4.710239816e+01 +2.0704e+00 -1.4257e+00 +2.9171e+00
13654 +1.577654258e+00 +1.577654258e+00 +4.628765426e+01 +4.628765426e+01 +2.1399e+00 -1.3861e+00 +2.8910e+00
% function evaluation | noise-free fitness - Fopt (-1.000000000000e+03) | best noise-free fitness - Fopt | measured fitness | best measured fitness | x1 | x2...
1 +1.171324891e+03 +1.171324891e+03 +1.713248913e+02 +1.713248913e+02 -4.9991e+00 -2.2445e+00 -4.6068e-01
3 +6.608457225e+02 +6.608457225e+02 -3.391542775e+02 -3.391542775e+02 -1.8886e+00 -7.0721e-02 +9.0973e-01
5 +5.250271603e+02 +5.250271603e+02 -4.749728397e+02 -4.749728397e+02 +2.4093e+00 +2.9546e+00 +3.7729e+00
14 +3.863524447e+02 +3.863524447e+02 -6.136475553e+02 -6.136475553e+02 -9.4803e-01 +1.5000e+00 +2.8836e-01
26 +2.387530046e+02 +2.387530046e+02 -7.612469954e+02 -7.612469954e+02 -4.2781e+00 +2.4249e+00 -1.0897e+00
124 +7.950399562e+01 +7.950399562e+01 -9.204960044e+02 -9.204960044e+02 -3.0252e+00 +2.2106e+00 +1.8953e+00
172 +2.886624985e+01 +2.886624985e+01 -9.711337502e+02 -9.711337502e+02 -2.0602e+00 +2.1235e+00 +4.8122e+00
410 +2.227432870e+01 +2.227432870e+01 -9.777256713e+02 -9.777256713e+02 -2.0045e+00 +2.0225e+00 +4.9054e+00
482 +1.516901540e+01 +1.516901540e+01 -9.848309846e+02 -9.848309846e+02 -2.3523e+00 +2.1596e+00 +3.3743e+00
855 +6.794744719e+00 +6.794744719e+00 -9.932052553e+02 -9.932052553e+02 -2.3617e+00 +2.2953e+00 +2.5754e+00
1085 +4.265506100e+00 +4.265506100e+00 -9.957344939e+02 -9.957344939e+02 -2.2342e+00 +2.1957e+00 +3.3329e+00
1352 +3.097548198e+00 +3.097548198e+00 -9.969024518e+02 -9.969024518e+02 -2.2343e+00 +2.2017e+00 +3.3244e+00
1610 +2.266066541e+00 +2.266066541e+00 -9.977339335e+02 -9.977339335e+02 -2.2152e+00 +2.1796e+00 +3.6529e+00
1632 +1.296247446e+00 +1.296247446e+00 -9.987037526e+02 -9.987037526e+02 -2.2349e+00 +2.2160e+00 +3.3272e+00
1712 +6.658649172e-01 +6.658649172e-01 -9.993341351e+02 -9.993341351e+02 -2.2358e+00 +2.2098e+00 +3.3591e+00
1810 +3.684465508e-01 +3.684465508e-01 -9.996315534e+02 -9.996315534e+02 -2.2453e+00 +2.2148e+00 +3.2906e+00
2929 +1.344836646e-01 +1.344836646e-01 -9.998655163e+02 -9.998655163e+02 -2.2472e+00 +2.2155e+00 +3.2946e+00
3377 +6.810909477e-02 +6.810909477e-02 -9.999318909e+02 -9.999318909e+02 -2.2456e+00 +2.2148e+00 +3.2998e+00
3897 +5.290137005e-02 +5.290137005e-02 -9.999470986e+02 -9.999470986e+02 -2.2456e+00 +2.2145e+00 +3.3014e+00
5130 +3.944888231e-02 +3.944888231e-02 -9.999605511e+02 -9.999605511e+02 -2.2458e+00 +2.2147e+00 +3.3002e+00
% function evaluation | noise-free fitness - Fopt (3.042000000000e+02) | best noise-free fitness - Fopt | measured fitness | best measured fitness | x1 | x2...
1 +1.397070051e+03 +1.397070051e+03 +1.701270051e+03 +1.701270051e+03 +9.5572e-01 +1.1240e+00 +3.7591e+00
2 +6.867898087e+02 +6.867898087e+02 +9.909898087e+02 +9.909898087e+02 -4.5410e+00 +2.9466e+00 -2.2697e+00
15 +5.602723185e+02 +5.602723185e+02 +8.644723185e+02 +8.644723185e+02 +5.5023e-01 +4.6457e+00 +1.7067e+00
31 +3.462157527e+02 +3.462157527e+02 +6.504157527e+02 +6.504157527e+02 -2.7907e-01 +2.8683e+00 -1.1511e+00
62 +1.552901393e+02 +1.552901393e+02 +4.594901393e+02 +4.594901393e+02 -1.9927e+00 +2.4526e+00 -1.8898e-01
84 +9.542356085e+01 +9.542356085e+01 +3.996235608e+02 +3.996235608e+02 -5.0000e+00 +1.2684e+00 +3.1006e-01
132 +2.559762397e+01 +2.559762397e+01 +3.297976240e+02 +3.297976240e+02 -3.2398e+00 +2.6415e+00 +0.0000e+00
238 +1.889606696e+01 +1.889606696e+01 +3.230960670e+02 +3.230960670e+02 -2.8258e+00 +2.9671e+00 +6.9720e-02
293 +1.359971851e+01 +1.359971851e+01 +3.177997185e+02 +3.177997185e+02 -2.3731e+00 +3.6415e+00 +1.2490e-01
629 +8.008445253e+00 +8.008445253e+00 +3.122084453e+02 +3.122084453e+02 -2.7016e+00 +3.2516e+00 +6.2595e-02
798 +5.611237414e+00 +5.611237414e+00 +3.098112374e+02 +3.098112374e+02 -2.4510e+00 +3.6914e+00 +1.0783e-01
1363 +3.867956173e+00 +3.867956173e+00 +3.080679562e+02 +3.080679562e+02 -2.3534e+00 +3.7137e+00 +7.9701e-02
1483 +1.712596153e+00 +1.712596153e+00 +3.059125962e+02 +3.059125962e+02 -2.3751e+00 +3.7387e+00 +9.7969e-02
1603 +4.053011992e-01 +4.053011992e-01 +3.046053012e+02 +3.046053012e+02 -2.3640e+00 +3.7354e+00 +9.2314e-02
2753 +3.483714641e-01 +3.483714641e-01 +3.045483715e+02 +3.045483715e+02 -2.3789e+00 +3.7172e+00 +9.2374e-02
3873 +2.293975504e-01 +2.293975504e-01 +3.044293976e+02 +3.044293976e+02 -2.3770e+00 +3.7215e+00 +9.2903e-02
8081 +1.409144374e-01 +1.409144374e-01 +3.043409144e+02 +3.043409144e+02 -2.4221e+00 +3.6659e+00 +9.2677e-02
12870 +9.652741077e-02 +9.652741077e-02 +3.042965274e+02 +3.042965274e+02 -2.4316e+00 +3.6541e+00 +9.2785e-02
18593 +6.235342122e-02 +6.235342122e-02 +3.042623534e+02 +3.042623534e+02 -2.4610e+00 +3.6180e+00 +9.2829e-02
29376 +3.979477829e-02 +3.979477829e-02 +3.042397948e+02 +3.042397948e+02 -2.4786e+00 +3.5962e+00 +9.2786e-02
30806 +2.319614166e-02 +2.319614166e-02 +3.042231961e+02 +3.042231961e+02 -2.4940e+00 +3.5772e+00 +9.2782e-02
35952 +1.176426407e-02 +1.176426407e-02 +3.042117643e+02 +3.042117643e+02 -2.5127e+00 +3.5542e+00 +9.2788e-02
43210 +9.900780246e-03 +9.900780246e-03 +3.042099008e+02 +3.042099008e+02 -2.5125e+00 +3.5544e+00 +9.2792e-02
% function evaluation | noise-free fitness - Fopt (-1.046700000000e+02) | best noise-free fitness - Fopt | measured fitness | best measured fitness | x1 | x2...
1 +1.411495139e+03 +1.411495139e+03 +1.306825139e+03 +1.306825139e+03 +1.8605e+00 -4.2312e+00 -8.6031e-01
3 +9.734416767e+02 +9.734416767e+02 +8.687716767e+02 +8.687716767e+02 -5.0590e-01 -2.2541e+00 +4.2939e+00
14 +5.252897834e+02 +5.252897834e+02 +4.206197834e+02 +4.206197834e+02 -1.1846e+00 -8.2501e-01 -3.4643e+00
19 +1.935611786e+02 +1.935611786e+02 +8.889117862e+01 +8.889117862e+01 -2.6326e+00 +5.3321e-01 -1.8179e+00
103 +6.046928794e+01 +6.046928794e+01 -4.420071206e+01 -4.420071206e+01 -2.8091e+00 +1.2418e+00 -5.0000e+00
318 +3.259048206e+01 +3.259048206e+01 -7.207951794e+01 -7.207951794e+01 -2.4342e+00 +1.1926e+00 -5.0000e+00
781 +1.834105047e+01 +1.834105047e+01 -8.632894953e+01 -8.632894953e+01 -2.2445e+00 +1.1849e+00 -5.0000e+00
1652 +1.416875395e+01 +1.416875395e+01 -9.050124605e+01 -9.050124605e+01 -2.4594e+00 +1.1447e+00 -4.7504e+00
3729 +9.806632322e+00 +9.806632322e+00 -9.486336768e+01 -9.486336768e+01 -2.6389e+00 +1.1177e+00 -4.5356e+00
8769 +5.284175186e+00 +5.284175186e+00 -9.938582481e+01 -9.938582481e+01 -3.0214e+00 +1.0544e+00 -4.1001e+00
8889 +3.229334349e+00 +3.229334349e+00 -1.014406657e+02 -1.014406657e+02 -3.2102e+00 +1.0252e+00 -3.8837e+00
9375 +1.224731655e+00 +1.224731655e+00 -1.034452683e+02 -1.034452683e+02 -3.4578e+00 +9.8776e-01 -3.5983e+00
9430 +9.697591706e-01 +9.697591706e-01 -1.037002408e+02 -1.037002408e+02 -3.5801e+00 +9.6892e-01 -3.4551e+00
11384 +5.789765024e-01 +5.789765024e-01 -1.040910235e+02 -1.040910235e+02 -3.7621e+00 +9.3636e-01 -3.2484e+00
12864 +2.435948932e-01 +2.435948932e-01 -1.044264051e+02 -1.044264051e+02 -3.7619e+00 +9.3746e-01 -3.2482e+00
13504 +1.071983364e-01 +1.071983364e-01 -1.045628017e+02 -1.045628017e+02 -3.7609e+00 +9.3782e-01 -3.2464e+00
14257 +9.835662450e-02 +9.835662450e-02 -1.045716434e+02 -1.045716434e+02 -3.7611e+00 +9.3793e-01 -3.2466e+00
14417 +3.165232406e-02 +3.165232406e-02 -1.046383477e+02 -1.046383477e+02 -3.7615e+00 +9.3778e-01 -3.2467e+00
14544 +2.105752144e-02 +2.105752144e-02 -1.046489425e+02 -1.046489425e+02 -3.7608e+00 +9.3780e-01 -3.2474e+00
15817 +1.348829475e-02 +1.348829475e-02 -1.046565117e+02 -1.046565117e+02 -3.7607e+00 +9.3783e-01 -3.2476e+00
% function evaluation | noise-free fitness - Fopt (4.869500000000e+02) | best noise-free fitness - Fopt | measured fitness | best measured fitness | x1 | x2...
1 +9.168496050e+02 +9.168496050e+02 +1.403799605e+03 +1.403799605e+03 +3.3004e+00 -1.2542e+00 +1.6602e+00
2 +6.273726945e+02 +6.273726945e+02 +1.114322694e+03 +1.114322694e+03 +1.2127e+00 +2.4319e+00 -4.3084e-01
3 +1.307483882e+02 +1.307483882e+02 +6.176983882e+02 +6.176983882e+02 -2.7168e+00 +3.2214e+00 -1.3707e+00
98 +7.427759261e+01 +7.427759261e+01 +5.612275926e+02 +5.612275926e+02 -4.3428e+00 -1.2010e-01 -9.7136e-01
216 +5.647920517e+01 +5.647920517e+01 +5.434292052e+02 +5.434292052e+02 -3.7147e+00 +1.0503e+00 -1.6377e+00
221 +3.957392339e+01 +3.957392339e+01 +5.265239234e+02 +5.265239234e+02 -3.8820e+00 -4.2959e-01 -8.0787e-01
406 +6.954230114e+00 +6.954230114e+00 +4.939042301e+02 +4.939042301e+02 -3.8900e+00 +3.1854e-01 -1.2577e+00
805 +2.537559427e+00 +2.537559427e+00 +4.894875594e+02 +4.894875594e+02 -3.9432e+00 -4.9219e-02 -1.1362e+00
1161 +1.130969883e+00 +1.130969883e+00 +4.880809699e+02 +4.880809699e+02 -3.9744e+00 -6.1692e-02 -1.1483e+00
1645 +7.990117452e-01 +7.990117452e-01 +4.877490117e+02 +4.877490117e+02 -3.9682e+00 -6.3501e-02 -1.1448e+00
1651 +4.306487141e-01 +4.306487141e-01 +4.873806487e+02 +4.873806487e+02 -3.9747e+00 -8.1286e-02 -1.1354e+00
1725 +2.085011063e-01 +2.085011063e-01 +4.871585011e+02 +4.871585011e+02 -3.9719e+00 -8.0907e-02 -1.1354e+00
2131 +1.451296919e-01 +1.451296919e-01 +4.870951297e+02 +4.870951297e+02 -3.9740e+00 -8.7914e-02 -1.1355e+00
2411 +9.732468895e-02 +9.732468895e-02 +4.870473247e+02 +4.870473247e+02 -3.9735e+00 -8.5518e-02 -1.1356e+00
2851 +5.782683492e-02 +5.782683492e-02 +4.870078268e+02 +4.870078268e+02 -3.9738e+00 -8.4967e-02 -1.1356e+00
3807 +4.217236934e-03 +4.217236934e-03 +4.869542172e+02 +4.869542172e+02 -3.9737e+00 -8.3437e-02 -1.1363e+00
4447 +6.054422389e-04 +6.054422389e-04 +4.869506054e+02 +4.869506054e+02 -3.9738e+00 -8.3627e-02 -1.1363e+00
7205 +3.513889052e-04 +3.513889052e-04 +4.869503514e+02 +4.869503514e+02 -3.9738e+00 -8.3634e-02 -1.1363e+00
7285 +1.944045659e-04 +1.944045659e-04 +4.869501944e+02 +4.869501944e+02 -3.9738e+00 -8.3634e-02 -1.1363e+00
% function evaluation | noise-free fitness - Fopt (9.655000000000e+01) | best noise-free fitness - Fopt | measured fitness | best measured fitness | x1 | x2...
1 +8.165376446e+02 +8.165376446e+02 +9.130876446e+02 +9.130876446e+02 +8.6269e-01 -1.6402e+00 +1.9630e-02
11 +5.852327497e+02 +5.852327497e+02 +6.817827497e+02 +6.817827497e+02 +3.7141e+00 +4.8262e+00 +2.5159e+00
14 +3.809892348e+02 +3.809892348e+02 +4.775392348e+02 +4.775392348e+02 +2.0938e+00 +1.0660e+00 -1.0190e+00
50 +1.569599812e+02 +1.569599812e+02 +2.535099812e+02 +2.535099812e+02 +2.8617e+00 +2.7738e+00 -1.9861e+00
71 +1.765982286e+01 +1.765982286e+01 +1.142098229e+02 +1.142098229e+02 +1.4750e+00 +3.1610e+00 -1.0676e+00
484 +1.143352959e+01 +1.143352959e+01 +1.079835296e+02 +1.079835296e+02 +1.5919e+00 +3.1730e+00 -1.1588e+00
1493 +6.764162136e+00 +6.764162136e+00 +1.033141621e+02 +1.033141621e+02 +1.7004e+00 +3.1601e+00 -1.3792e+00
1651 +4.401481334e+00 +4.401481334e+00 +1.009514813e+02 +1.009514813e+02 +1.7949e+00 +3.1933e+00 -1.4828e+00
1848 +3.677142845e+00 +3.677142845e+00 +1.002271428e+02 +1.002271428e+02 +1.8273e+00 +3.1990e+00 -1.5535e+00
1962 +2.439193148e+00 +2.439193148e+00 +9.898919315e+01 +9.898919315e+01 +1.8965e+00 +3.2050e+00 -1.6481e+00
3354 +1.017925729e+00 +1.017925729e+00 +9.756792573e+01 +9.756792573e+01 +1.9941e+00 +3.2305e+00 -1.7956e+00
3802 +9.740459913e-01 +9.740459913e-01 +9.752404599e+01 +9.752404599e+01 +1.9939e+00 +3.2298e+00 -1.7965e+00
10813 +6.228034953e-01 +6.228034953e-01 +9.717280350e+01 +9.717280350e+01 +2.0335e+00 +3.2374e+00 -1.8555e+00
% function evaluation | noise-free fitness - Fopt (6.320000000000e+00) | best noise-free fitness - Fopt | measured fitness | best measured fitness | x1 | x2...
1 +4.749753179e+02 +4.749753179e+02 +4.812953179e+02 +4.812953179e+02 +6.1328e-01 -3.3879e+00 +2.2528e+00
9 +3.326347704e+02 +3.326347704e+02 +3.389547704e+02 +3.389547704e+02 +1.1863e+00 +5.7955e-01 +1.9782e+00
17 +1.550408119e+02 +1.550408119e+02 +1.613608119e+02 +1.613608119e+02 +3.3544e+00 -1.5676e+00 +2.3102e+00
77 +5.930914100e+01 +5.930914100e+01 +6.562914100e+01 +6.562914100e+01 +3.7549e+00 -2.6700e+00 +8.3721e-01
266 +1.898252891e+01 +1.898252891e+01 +2.530252891e+01 +2.530252891e+01 +2.5795e+00 -1.5387e+00 +2.2362e+00
357 +9.083651044e+00 +9.083651044e+00 +1.540365104e+01 +1.540365104e+01 +3.6951e+00 -2.2236e+00 +6.5695e-01
1280 +5.282734248e+00 +5.282734248e+00 +1.160273425e+01 +1.160273425e+01 +3.2540e+00 -1.9813e+00 +1.3051e+00
2334 +2.535996781e+00 +2.535996781e+00 +8.855996781e+00 +8.855996781e+00 +3.3501e+00 -1.9930e+00 +1.1592e+00
2420 +2.035054526e+00 +2.035054526e+00 +8.355054526e+00 +8.355054526e+00 +3.4425e+00 -2.0525e+00 +9.8653e-01
3420 +1.358490222e+00 +1.358490222e+00 +7.678490222e+00 +7.678490222e+00 +3.4517e+00 -2.0592e+00 +9.8260e-01
4268 +9.059703421e-01 +9.059703421e-01 +7.225970342e+00 +7.225970342e+00 +3.4502e+00 -2.0487e+00 +9.8714e-01
5913 +6.103023756e-01 +6.103023756e-01 +6.930302376e+00 +6.930302376e+00 +3.4465e+00 -2.0488e+00 +9.9142e-01
25147 +3.799091279e-01 +3.799091279e-01 +6.699909128e+00 +6.699909128e+00 +3.4099e+00 -2.0272e+00 +1.0467e+00
32170 +2.463109822e-01 +2.463109822e-01 +6.566310982e+00 +6.566310982e+00 +3.3829e+00 -2.0107e+00 +1.0878e+00
% function evaluation | noise-free fitness - Fopt (-1.275100000000e+02) | best noise-free fitness - Fopt | measured fitness | best measured fitness | x1 | x2...
1 +8.561767872e+02 +8.561767872e+02 +7.286667872e+02 +7.286667872e+02 +1.8950e+00 -4.9018e+00 +1.5045e+00
7 +1.005162892e+02 +1.005162892e+02 -2.699371082e+01 -2.699371082e+01 -4.8333e+00 -3.3750e+00 -4.8303e-01
98 +8.002718930e+01 +8.002718930e+01 -4.748281070e+01 -4.748281070e+01 -4.8700e+00 -4.1085e+00 +9.0329e-02
115 +5.130210874e+01 +5.130210874e+01 -7.620789126e+01 -7.620789126e+01 -4.2068e+00 -3.5290e+00 +7.9822e-01
214 +3.727876822e+01 +3.727876822e+01 -9.023123178e+01 -9.023123178e+01 -4.4100e+00 -3.9059e+00 +2.6016e-01
291 +1.030917696e+01 +1.030917696e+01 -1.172008230e+02 -1.172008230e+02 -4.1110e+00 -3.3632e+00 +5.8571e-01
456 +7.889670580e+00 +7.889670580e+00 -1.196203294e+02 -1.196203294e+02 -4.0695e+00 -3.3796e+00 +5.4773e-01
1802 +2.780239885e+00 +2.780239885e+00 -1.247297601e+02 -1.247297601e+02 -4.0637e+00 -3.3880e+00 +5.9280e-01
3051 +2.511631792e+00 +2.511631792e+00 -1.249983682e+02 -1.249983682e+02 -4.0575e+00 -3.3870e+00 +5.9795e-01
13623 +1.548666791e+00 +1.548666791e+00 -1.259613332e+02 -1.259613332e+02 -3.9953e+00 -3.3220e+00 +6.7420e-01
% function evaluation | noise-free fitness - Fopt (8.328000000000e+02) | best noise-free fitness - Fopt | measured fitness | best measured fitness | x1 | x2...
1 +1.388644177e+03 +1.388644177e+03 +2.221444177e+03 +2.221444177e+03 +2.6186e+00 +1.4769e+00 -1.3628e+00
2 +8.791138629e+02 +8.791138629e+02 +1.711913863e+03 +1.711913863e+03 -2.3509e+00 +1.1358e+00 +1.5836e+00
5 +9.628350158e+01 +9.628350158e+01 +9.290835016e+02 +9.290835016e+02 -2.7052e+00 -6.0608e-01 -9.0526e-01
334 +2.239763697e+01 +2.239763697e+01 +8.551976370e+02 +8.551976370e+02 -1.4915e+00 -2.1780e+00 -6.2022e-01
647 +1.493242748e+01 +1.493242748e+01 +8.477324275e+02 +8.477324275e+02 -1.6211e+00 -1.9236e+00 -7.4344e-01
727 +9.455752228e+00 +9.455752228e+00 +8.422557522e+02 +8.422557522e+02 -1.6828e+00 -1.8675e+00 -8.0116e-01
1321 +6.005272904e+00 +6.005272904e+00 +8.388052729e+02 +8.388052729e+02 -1.8394e+00 -1.7607e+00 -8.5246e-01
2109 +3.783817071e+00 +3.783817071e+00 +8.365838171e+02 +8.365838171e+02 -2.0908e+00 -1.4911e+00 -9.4554e-01
2970 +2.345623278e+00 +2.345623278e+00 +8.351456233e+02 +8.351456233e+02 -1.9838e+00 -1.5937e+00 -9.1542e-01
