% function evaluation | noise-free fitness - Fopt (-6.211100000000e+02) | best noise-free fitness - Fopt | measured fitness | best measured fitness | x1 | x2...
1 +5.820638123e+09 +5.820638123e+09 +5.820637502e+09 +5.820637502e+09 +4.7452e+00 -2.6390e+00
3 +2.112431606e+05 +2.112431606e+05 +2.106220506e+05 +2.106220506e+05 -3.9899e+00 +3.4074e+00
24 +5.646769408e+04 +5.646769408e+04 +5.584658408e+04 +5.584658408e+04 +3.3982e+00 +4.2501e+00
26 +1.077828732e+03 +1.077828732e+03 +4.567187324e+02 +4.567187324e+02 -9.3294e-01 +3.9453e+00
103 +1.170592817e+02 +1.170592817e+02 -5.040507183e+02 -5.040507183e+02 -5.0000e+00 +3.9538e+00
468 +2.524059577e+01 +2.524059577e+01 -5.958694042e+02 -5.958694042e+02 -4.5504e+00 +3.9752e+00
838 +1.128632151e+01 +1.128632151e+01 -6.098236785e+02 -6.098236785e+02 -4.2135e+00 +3.9732e+00
1616 +9.574780810e+00 +9.574780810e+00 -6.115352192e+02 -6.115352192e+02 -3.4828e+00 +3.9790e+00
2198 +2.276152417e+00 +2.276152417e+00 -6.188338476e+02 -6.188338476e+02 -2.4007e+00 +3.9830e+00
2744 +9.546758728e-01 +9.546758728e-01 -6.201553241e+02 -6.201553241e+02 -9.9819e-01 +3.9895e+00
2864 +2.585518725e-02 +2.585518725e-02 -6.210841448e+02 -6.210841448e+02 -8.3576e-01 +3.9913e+00
3624 +2.246588831e-02 +2.246588831e-02 -6.210875341e+02 -6.210875341e+02 -1.0389e+00 +3.9905e+00
4592 +1.394648047e-02 +1.394648047e-02 -6.210960535e+02 -6.210960535e+02 -9.3783e-01 +3.9911e+00
5508 +5.759185712e-03 +5.759185712e-03 -6.211042408e+02 -6.211042408e+02 -8.3250e-01 +3.9915e+00
6621 +3.007582620e-04 +3.007582620e-04 -6.211096992e+02 -6.211096992e+02 -8.7789e-01 +3.9913e+00
7592 +1.100666268e-04 +1.100666268e-04 -6.211098899e+02 -6.211098899e+02 -8.8158e-01 +3.9913e+00
8046 +7.537742363e-05 +7.537742363e-05 -6.211099246e+02 -6.211099246e+02 -8.9300e-01 +3.9912e+00
8126 +5.968359653e-05 +5.968359653e-05 -6.211099403e+02 -6.211099403e+02 -8.9552e-01 +3.9912e+00
9086 +3.773712660e-05 +3.773712660e-05 -6.211099623e+02 -6.211099623e+02 -8.8919e-01 +3.9912e+00
9105 +6.379877846e-06 +6.379877846e-06 -6.211099936e+02 -6.211099936e+02 -8.9449e-01 +3.9912e+00
9345 +5.748951480e-06 +5.748951480e-06 -6.211099943e+02 -6.211099943e+02 -8.9297e-01 +3.9912e+00
9545 +2.183525112e-07 +2.183525112e-07 -6.211099998e+02 -6.211099998e+02 -8.9233e-01 +3.9912e+00
10025 +4.449020707e-08 +4.449020707e-08 -6.211100000e+02 -6.211100000e+02 -8.9212e-01 +3.9912e+00
10201 +4.950948096e-09 +4.950948096e-09 -6.211100000e+02 -6.211100000e+02 -8.9193e-01 +3.9912e+00
% function evaluation | noise-free fitness - Fopt (-2.548200000000e+02) | best noise-free fitness - Fopt | measured fitness | best measured fitness | x1 | x2...
1 +3.095873067e+10 +3.095873067e+10 +3.095873041e+10 +3.095873041e+10 -3.0270e+00 -4.2672e+00
2 +1.611534320e+10 +1.611534320e+10 +1.611534295e+10 +1.611534295e+10 -2.0589e+00 -4.4613e+00
3 +3.592527843e+09 +3.592527843e+09 +3.592527588e+09 +3.592527588e+09 -8.0251e-01 -3.3723e+00
4 +1.786722242e+06 +1.786722242e+06 +1.786467422e+06 +1.786467422e+06 -1.8049e-01 +4.6824e+00
8 +8.943613013e+05 +8.943613013e+05 +8.941064813e+05 +8.941064813e+05 +9.9840e-01 +3.8650e+00
30 +7.300516559e+04 +7.300516559e+04 +7.275034559e+04 +7.275034559e+04 +4.2879e+00 +3.4906e+00
61 +1.686541981e+04 +1.686541981e+04 +1.661059981e+04 +1.661059981e+04 +1.6929e+00 +3.9645e+00
70 +8.424151938e+02 +8.424151938e+02 +5.875951938e+02 +5.875951938e+02 +6.9998e-01 +4.6607e+00
144 +4.619729434e+02 +4.619729434e+02 +2.071529434e+02 +2.071529434e+02 +4.3036e+00 +3.7393e+00
246 +4.937331265e+00 +4.937331265e+00 -2.498826687e+02 -2.498826687e+02 +5.0000e+00 +3.7626e+00
1103 +1.859308257e+00 +1.859308257e+00 -2.529606917e+02 -2.529606917e+02 +5.0000e+00 +3.7613e+00
2819 +8.388506922e-01 +8.388506922e-01 -2.539811493e+02 -2.539811493e+02 +3.6685e+00 +3.7500e+00
3353 +1.410161014e-01 +1.410161014e-01 -2.546789839e+02 -2.546789839e+02 +3.7500e+00 +3.7604e+00
4243 +8.841929857e-02 +8.841929857e-02 -2.547315807e+02 -2.547315807e+02 +3.7500e+00 +3.7605e+00
4686 +2.318010012e-02 +2.318010012e-02 -2.547968199e+02 -2.547968199e+02 +3.7500e+00 +3.7606e+00
4726 +1.506047053e-04 +1.506047053e-04 -2.548198494e+02 -2.548198494e+02 +3.7500e+00 +3.7608e+00
5523 +8.501650342e-05 +8.501650342e-05 -2.548199150e+02 -2.548199150e+02 +3.7500e+00 +3.7608e+00
15692 +5.797822379e-05 +5.797822379e-05 -2.548199420e+02 -2.548199420e+02 +3.7477e+00 +3.7608e+00
17000 +2.733486645e-05 +2.733486645e-05 -2.548199727e+02 -2.548199727e+02 +3.7454e+00 +3.7608e+00
17021 +1.508472258e-05 +1.508472258e-05 -2.548199849e+02 -2.548199849e+02 +3.7447e+00 +3.7608e+00
17040 +3.239813765e-06 +3.239813765e-06 -2.548199968e+02 -2.548199968e+02 +3.7426e+00 +3.7608e+00
17080 +3.176975270e-07 +3.176975270e-07 -2.548199997e+02 -2.548199997e+02 +3.7408e+00 +3.7608e+00
17280 +1.063637001e-07 +1.063637001e-07 -2.548199999e+02 -2.548199999e+02 +3.7408e+00 +3.7608e+00
17400 +1.031395414e-08 +1.031395414e-08 -2.548200000e+02 -2.548200000e+02 +3.7408e+00 +3.7608e+00
18000 +9.403692047e-09 +9.403692047e-09 -2.548200000e+02 -2.548200000e+02 +3.7407e+00 +3.7608e+00
% function evaluation | noise-free fitness - Fopt (5.661000000000e+01) | best noise-free fitness - Fopt | measured fitness | best measured fitness | x1 | x2...
1 +3.442712328e+07 +3.442712328e+07 +3.442717989e+07 +3.442717989e+07 +3.6489e+00 -2.5354e+00
2 +3.500949392e+05 +3.500949392e+05 +3.501515492e+05 +3.501515492e+05 -5.3901e-01 -4.0520e+00
26 +5.425632849e+01 +5.425632849e+01 +1.108663285e+02 +1.108663285e+02 -2.9921e+00 -2.9420e+00
210 +6.851246482e-01 +6.851246482e-01 +5.729512465e+01 +5.729512465e+01 -4.4700e+00 -1.6990e+00
1598 +2.423435431e-01 +2.423435431e-01 +5.685234354e+01 +5.685234354e+01 -3.7850e+00 -2.3316e+00
3184 +7.383784523e-02 +7.383784523e-02 +5.668383785e+01 +5.668383785e+01 -3.7853e+00 -2.3305e+00
4151 +5.483974273e-02 +5.483974273e-02 +5.666483974e+01 +5.666483974e+01 -4.0272e+00 -2.1080e+00
5768 +2.897102174e-02 +2.897102174e-02 +5.663897102e+01 +5.663897102e+01 -3.8359e+00 -2.2922e+00
8764 +1.044303857e-02 +1.044303857e-02 +5.662044304e+01 +5.662044304e+01 -3.7972e+00 -2.3217e+00
12798 +8.146186950e-03 +8.146186950e-03 +5.661814619e+01 +5.661814619e+01 -3.7969e+00 -2.3219e+00
13412 +5.538207691e-03 +5.538207691e-03 +5.661553821e+01 +5.661553821e+01 -3.8043e+00 -2.3163e+00
16384 +3.695258993e-03 +3.695258993e-03 +5.661369526e+01 +5.661369526e+01 -3.8028e+00 -2.3175e+00
24950 +2.140804554e-04 +2.140804554e-04 +5.661021408e+01 +5.661021408e+01 -3.8459e+00 -2.2848e+00
26874 +4.521661993e-05 +4.521661993e-05 +5.661004522e+01 +5.661004522e+01 -3.8460e+00 -2.2848e+00
28098 +3.239304825e-05 +3.239304825e-05 +5.661003239e+01 +5.661003239e+01 -3.8467e+00 -2.2842e+00
49789 +2.422329653e-05 +2.422329653e-05 +5.661002422e+01 +5.661002422e+01 -3.8473e+00 -2.2837e+00
% function evaluation | noise-free fitness - Fopt (-1.810000000000e+01) | best noise-free fitness - Fopt | measured fitness | best measured fitness | x1 | x2...
1 +1.497815393e+07 +1.497815393e+07 +1.497813583e+07 +1.497813583e+07 +2.4783e+00 +4.0047e+00
2 +7.353464354e+06 +7.353464354e+06 +7.353446254e+06 +7.353446254e+06 -4.5906e+00 +4.0607e-03
4 +1.274505997e+06 +1.274505997e+06 +1.274487897e+06 +1.274487897e+06 +3.8068e+00 +9.0827e-01
18 +6.241935068e+05 +6.241935068e+05 +6.241754068e+05 +6.241754068e+05 +4.7091e+00 +3.6413e-01
24 +2.618657938e+05 +2.618657938e+05 +2.618476938e+05 +2.618476938e+05 -8.6403e-01 +1.2881e+00
29 +3.772129616e+04 +3.772129616e+04 +3.770319616e+04 +3.770319616e+04 +4.0644e+00 -5.0237e-01
34 +5.065396052e+02 +5.065396052e+02 +4.884396052e+02 +4.884396052e+02 +8.6122e-01 +4.1960e-01
338 +4.166035122e+00 +4.166035122e+00 -1.393396488e+01 -1.393396488e+01 +1.3667e+00 +2.8587e-01
1797 +2.804800185e+00 +2.804800185e+00 -1.529519982e+01 -1.529519982e+01 +1.0032e+00 +3.6532e-01
3996 +3.713635823e-01 +3.713635823e-01 -1.772863642e+01 -1.772863642e+01 -7.8147e-01 +7.4941e-01
7582 +2.202627462e-02 +2.202627462e-02 -1.807797373e+01 -1.807797373e+01 -7.7813e-01 +7.4931e-01
12156 +1.345865984e-02 +1.345865984e-02 -1.808654134e+01 -1.808654134e+01 -7.7764e-01 +7.4932e-01
18278 +4.888941200e-03 +4.888941200e-03 -1.809511106e+01 -1.809511106e+01 -7.0428e-01 +7.3578e-01
23647 +2.815581465e-03 +2.815581465e-03 -1.809718442e+01 -1.809718442e+01 -6.8117e-01 +7.3157e-01
25127 +2.306841041e-03 +2.306841041e-03 -1.809769316e+01 -1.809769316e+01 -6.8117e-01 +7.3159e-01
30945 +1.270434443e-03 +1.270434443e-03 -1.809872957e+01 -1.809872957e+01 -6.6036e-01 +7.2779e-01
33306 +6.730858499e-04 +6.730858499e-04 -1.809932691e+01 -1.809932691e+01 -6.4626e-01 +7.2521e-01
33746 +6.240594448e-04 +6.240594448e-04 -1.809937594e+01 -1.809937594e+01 -6.4620e-01 +7.2522e-01
37253 +3.205944198e-04 +3.205944198e-04 -1.809967941e+01 -1.809967941e+01 -6.2908e-01 +7.2202e-01
37783 +1.879129134e-04 +1.879129134e-04 -1.809981209e+01 -1.809981209e+01 -6.3193e-01 +7.2257e-01
43817 +1.020798165e-04 +1.020798165e-04 -1.809989792e+01 -1.809989792e+01 -6.2649e-01 +7.2155e-01
44337 +9.861194555e-05 +9.861194555e-05 -1.809990139e+01 -1.809990139e+01 -6.2650e-01 +7.2155e-01
% function evaluation | noise-free fitness - Fopt (3.777000000000e+01) | best noise-free fitness - Fopt | measured fitness | best measured fitness | x1 | x2...
1 +1.553382845e+06 +1.553382845e+06 +1.553420615e+06 +1.553420615e+06 +4.8453e+00 -6.5887e-01
3 +5.216613907e+04 +5.216613907e+04 +5.220390907e+04 +5.220390907e+04 -4.2919e+00 +2.2876e+00
17 +1.276576757e+04 +1.276576757e+04 +1.280353757e+04 +1.280353757e+04 -7.0748e-01 +1.9757e+00
208 +5.977862889e+03 +5.977862889e+03 +6.015632889e+03 +6.015632889e+03 -4.3235e+00 +2.1364e+00
221 +3.518851661e+02 +3.518851661e+02 +3.896551661e+02 +3.896551661e+02 +0.0000e+00 +2.1368e+00
738 +4.460384811e+01 +4.460384811e+01 +8.237384811e+01 +8.237384811e+01 -2.3152e+00 +2.0527e+00
767 +1.183568534e+01 +1.183568534e+01 +4.960568534e+01 +4.960568534e+01 -3.0303e+00 +2.0620e+00
1018 +8.255057688e+00 +8.255057688e+00 +4.602505769e+01 +4.602505769e+01 -2.5176e+00 +2.0568e+00
1058 +1.484216084e+00 +1.484216084e+00 +3.925421608e+01 +3.925421608e+01 -1.5610e+00 +2.0603e+00
1458 +2.682456153e-01 +2.682456153e-01 +3.803824562e+01 +3.803824562e+01 -1.2363e+00 +2.0596e+00
1658 +1.026011356e-01 +1.026011356e-01 +3.787260114e+01 +3.787260114e+01 -1.2594e+00 +2.0590e+00
2938 +2.678453906e-02 +2.678453906e-02 +3.779678454e+01 +3.779678454e+01 -1.0949e+00 +2.0593e+00
4466 +1.721300627e-02 +1.721300627e-02 +3.778721301e+01 +3.778721301e+01 -1.1073e+00 +2.0592e+00
5032 +1.398125799e-02 +1.398125799e-02 +3.778398126e+01 +3.778398126e+01 -1.0973e+00 +2.0592e+00
5232 +1.254959376e-03 +1.254959376e-03 +3.777125496e+01 +3.777125496e+01 -1.0137e+00 +2.0592e+00
5592 +2.802466895e-04 +2.802466895e-04 +3.777028025e+01 +3.777028025e+01 -9.9184e-01 +2.0592e+00
6647 +2.417081139e-04 +2.417081139e-04 +3.777024171e+01 +3.777024171e+01 -9.9473e-01 +2.0592e+00
7287 +3.856988282e-05 +3.856988282e-05 +3.777003857e+01 +3.777003857e+01 -9.8400e-01 +2.0592e+00
8447 +2.810796786e-07 +2.810796786e-07 +3.777000028e+01 +3.777000028e+01 -9.7970e-01 +2.0592e+00
11244 +7.159924564e-08 +7.159924564e-08 +3.777000007e+01 +3.777000007e+01 -9.7911e-01 +2.0592e+00
11524 +3.469509124e-08 +3.469509124e-08 +3.777000003e+01 +3.777000003e+01 -9.7927e-01 +2.0592e+00
11764 +2.197574389e-08 +2.197574389e-08 +3.777000002e+01 +3.777000002e+01 -9.7917e-01 +2.0592e+00
11924 +1.335464361e-08 +1.335464361e-08 +3.777000001e+01 +3.777000001e+01 -9.7921e-01 +2.0592e+00
12044 +1.896793833e-10 +1.896793833e-10 +3.777000000e+01 +3.777000000e+01 -9.7921e-01 +2.0592e+00
% function evaluation | noise-free fitness - Fopt (-1.523000000000e+01) | best noise-free fitness - Fopt | measured fitness | best measured fitness | x1 | x2...
1 +4.151423687e+06 +4.151423687e+06 +4.151408457e+06 +4.151408457e+06 +4.7924e+00 -1.8813e+00
5 +3.777284666e+06 +3.777284666e+06 +3.777269436e+06 +3.777269436e+06 +3.7646e+00 -1.0332e+00
6 +6.183732349e+05 +6.183732349e+05 +6.183580049e+05 +6.183580049e+05 +3.6051e+00 +5.0159e-01
10 +2.377726729e+05 +2.377726729e+05 +2.377574429e+05 +2.377574429e+05 +1.3499e+00 +4.1136e+00
50 +1.201366992e+05 +1.201366992e+05 +1.201214692e+05 +1.201214692e+05 +5.0000e+00 +8.9858e-01
69 +7.280314380e+04 +7.280314380e+04 +7.278791380e+04 +7.278791380e+04 +1.5689e+00 +5.0000e+00
84 +3.501433662e+04 +3.501433662e+04 +3.499910662e+04 +3.499910662e+04 +5.0000e+00 +2.4314e-01
130 +4.697657676e+03 +4.697657676e+03 +4.682427676e+03 +4.682427676e+03 +5.0000e+00 +3.8878e-01
140 +7.525235890e+01 +7.525235890e+01 +6.002235890e+01 +6.002235890e+01 +4.7831e+00 +6.1707e-01
336 +7.212140611e+00 +7.212140611e+00 -8.017859389e+00 -8.017859389e+00 +4.8165e+00 +6.0101e-01
581 +2.399031496e+00 +2.399031496e+00 -1.283096850e+01 -1.283096850e+01 +4.7809e+00 +6.2854e-01
4062 +1.062778513e+00 +1.062778513e+00 -1.416722149e+01 -1.416722149e+01 +4.3831e+00 +9.1234e-01
4959 +9.833649967e-01 +9.833649967e-01 -1.424663500e+01 -1.424663500e+01 +4.3834e+00 +9.1246e-01
% function evaluation | noise-free fitness - Fopt (-1.614300000000e+02) | best noise-free fitness - Fopt | measured fitness | best measured fitness | x1 | x2...
1 +2.308571142e+07 +2.308571142e+07 +2.308554999e+07 +2.308554999e+07 -1.6487e+00 +1.2710e+00
3 +9.819816605e+05 +9.819816605e+05 +9.818202305e+05 +9.818202305e+05 +1.2277e+00 -1.2349e+00
5 +1.052727300e+05 +1.052727300e+05 +1.051113000e+05 +1.051113000e+05 +4.1355e+00 +2.0435e-01
17 +2.906916212e+02 +2.906916212e+02 +1.292616212e+02 +1.292616212e+02 +3.2618e+00 -3.6466e-01
127 +6.956036768e+01 +6.956036768e+01 -9.186963232e+01 -9.186963232e+01 +3.5525e+00 +0.0000e+00
465 +1.766162991e+01 +1.766162991e+01 -1.437683701e+02 -1.437683701e+02 +2.8836e+00 -7.9055e-01
908 +4.578620977e+00 +4.578620977e+00 -1.568513790e+02 -1.568513790e+02 +1.7992e+00 -2.0985e+00
2133 +3.914252541e+00 +3.914252541e+00 -1.575157475e+02 -1.575157475e+02 +1.5524e+00 -2.3959e+00
7690 +2.264643095e+00 +2.264643095e+00 -1.591653569e+02 -1.591653569e+02 +1.4677e+00 -2.4959e+00
8449 +7.865064053e-01 +7.865064053e-01 -1.606434936e+02 -1.606434936e+02 +7.8752e-01 -3.3150e+00
9449 +2.820038570e-03 +2.820038570e-03 -1.614271800e+02 -1.614271800e+02 +5.1979e-01 -3.6357e+00
14929 +6.661208395e-04 +6.661208395e-04 -1.614293339e+02 -1.614293339e+02 +5.1987e-01 -3.6357e+00
15129 +5.172894907e-04 +5.172894907e-04 -1.614294827e+02 -1.614294827e+02 +5.1985e-01 -3.6357e+00
% function evaluation | noise-free fitness - Fopt (3.280300000000e+02) | best noise-free fitness - Fopt | measured fitness | best measured fitness | x1 | x2...
1 +7.607031623e+05 +7.607031623e+05 +7.610311923e+05 +7.610311923e+05 +3.8537e+00 +2.7115e+00
15 +2.716991444e+05 +2.716991444e+05 +2.720271744e+05 +2.720271744e+05 -2.0871e+00 -3.8853e+00
31 +1.766243023e+04 +1.766243023e+04 +1.799046023e+04 +1.799046023e+04 -2.0295e-01 -1.0114e+00
133 +5.729395472e+03 +5.729395472e+03 +6.057425472e+03 +6.057425472e+03 -1.4807e-01 -8.5580e-01
136 +1.434965886e+02 +1.434965886e+02 +4.715265886e+02 +4.715265886e+02 +4.5069e-01 +0.0000e+00
2165 +5.302620122e+01 +5.302620122e+01 +3.810562012e+02 +3.810562012e+02 +1.9724e-01 -3.3099e-01
2186 +3.078860698e+01 +3.078860698e+01 +3.588186070e+02 +3.588186070e+02 +4.6069e-01 +0.0000e+00
3293 +1.588814838e+01 +1.588814838e+01 +3.439181484e+02 +3.439181484e+02 +8.3124e-01 +4.3813e-01
4602 +1.172412754e+01 +1.172412754e+01 +3.397541275e+02 +3.397541275e+02 +3.1123e+00 +3.1893e+00
6552 +4.527951468e+00 +4.527951468e+00 +3.325579515e+02 +3.325579515e+02 +1.9540e+00 +1.7896e+00
8129 +2.867336820e+00 +2.867336820e+00 +3.308973368e+02 +3.308973368e+02 +2.1615e+00 +2.0408e+00
8420 +1.752374805e+00 +1.752374805e+00 +3.297823748e+02 +3.297823748e+02 +2.5546e+00 +2.5120e+00
9230 +1.210056562e+00 +1.210056562e+00 +3.292400566e+02 +3.292400566e+02 +3.3152e+00 +3.4740e+00
11334 +4.561812158e-01 +4.561812158e-01 +3.284861812e+02 +3.284861812e+02 +3.2641e+00 +3.3846e+00
11494 +2.463539044e-01 +2.463539044e-01 +3.282763539e+02 +3.282763539e+02 +3.2660e+00 +3.3848e+00
11774 +1.208344255e-02 +1.208344255e-02 +3.280420834e+02 +3.280420834e+02 +3.2654e+00 +3.3849e+00
12854 +6.732256883e-03 +6.732256883e-03 +3.280367323e+02 +3.280367323e+02 +3.2652e+00 +3.3849e+00
12894 +5.504247872e-03 +5.504247872e-03 +3.280355042e+02 +3.280355042e+02 +3.2653e+00 +3.3848e+00
16630 +3.817869095e-03 +3.817869095e-03 +3.280338179e+02 +3.280338179e+02 +3.2592e+00 +3.3744e+00
29977 +2.308312734e-03 +2.308312734e-03 +3.280323083e+02 +3.280323083e+02 +3.2503e+00 +3.3594e+00
36710 +1.566301529e-03 +1.566301529e-03 +3.280315663e+02 +3.280315663e+02 +3.2462e+00 +3.3526e+00
% function evaluation | noise-free fitness - Fopt (-3.213000000000e+01) | best noise-free fitness - Fopt | measured fitness | best measured fitness | x1 | x2...
1 +9.488439062e+05 +9.488439062e+05 +9.488117762e+05 +9.488117762e+05 +9.7564e-01 +2.7916e+00
19 +2.261208196e+04 +2.261208196e+04 +2.257995196e+04 +2.257995196e+04 -4.8175e+00 +1.6249e+00
87 +1.777588438e+03 +1.777588438e+03 +1.745458438e+03 +1.745458438e+03 +1.1362e+00 +1.7723e+00
621 +3.629108285e+01 +3.629108285e+01 +4.161082853e+00 +4.161082853e+00 -7.5303e-01 +1.7810e+00
741 +1.494201015e+01 +1.494201015e+01 -1.718798985e+01 -1.718798985e+01 +4.1528e+00 +1.3100e+00
1329 +8.863526122e+00 +8.863526122e+00 -2.326647388e+01 -2.326647388e+01 +1.3485e+00 +1.8529e+00
1445 +5.238774883e+00 +5.238774883e+00 -2.689122512e+01 -2.689122512e+01 -1.2936e+00 +1.7744e+00
2307 +2.973281818e+00 +2.973281818e+00 -2.915671818e+01 -2.915671818e+01 -6.9093e-01 +1.7759e+00
2356 +1.350451347e+00 +1.350451347e+00 -3.077954865e+01 -3.077954865e+01 -2.9125e-01 +1.7753e+00
2525 +3.683201030e-04 +3.683201030e-04 -3.212963168e+01 -3.212963168e+01 +8.5978e-01 +1.7752e+00
7432 +2.289874626e-04 +2.289874626e-04 -3.212977101e+01 -3.212977101e+01 +8.5634e-01 +1.7752e+00
8659 +1.369449400e-04 +1.369449400e-04 -3.212986306e+01 -3.212986306e+01 +8.6846e-01 +1.7752e+00
8731 +2.287189600e-05 +2.287189600e-05 -3.212997713e+01 -3.212997713e+01 +8.7109e-01 +1.7755e+00
11171 +1.079780353e-05 +1.079780353e-05 -3.212998920e+01 -3.212998920e+01 +8.7068e-01 +1.7754e+00
12298 +8.280900111e-06 +8.280900111e-06 -3.212999172e+01 -3.212999172e+01 +8.6728e-01 +1.7752e+00
12980 +1.824670797e-06 +1.824670797e-06 -3.212999818e+01 -3.212999818e+01 +8.6588e-01 +1.7752e+00
13100 +3.993311992e-07 +3.993311992e-07 -3.212999960e+01 -3.212999960e+01 +8.6657e-01 +1.7752e+00
13552 +8.676749985e-09 +8.676749985e-09 -3.212999999e+01 -3.212999999e+01 +8.6724e-01 +1.7752e+00
% function evaluation | noise-free fitness - Fopt (1.576000000000e+01) | best noise-free fitness - Fopt | measured fitness | best measured fitness | x1 | x2...
1 +4.052052323e+06 +4.052052323e+06 +4.052068083e+06 +4.052068083e+06 -6.6000e-02 -3.4710e+00
4 +7.745284907e+05 +7.745284907e+05 +7.745442507e+05 +7.745442507e+05 +2.9464e+00 -2.9491e+00
12 +1.261648332e+05 +1.261648332e+05 +1.261805932e+05 +1.261805932e+05 +1.4672e+00 -2.3579e+00
45 +6.202202532e+04 +6.202202532e+04 +6.203778532e+04 +6.203778532e+04 -1.1766e+00 -1.0183e+00
53 +3.585848529e+03 +3.585848529e+03 +3.601608529e+03 +3.601608529e+03 +4.7122e+00 -2.1223e+00
63 +2.660744433e+01 +2.660744433e+01 +4.236744433e+01 +4.236744433e+01 +9.9583e-01 -1.9287e+00
610 +1.570253007e+01 +1.570253007e+01 +3.146253007e+01 +3.146253007e+01 +2.0595e+00 -2.0570e+00
941 +6.149257033e+00 +6.149257033e+00 +2.190925703e+01 +2.190925703e+01 +5.0000e+00 -2.0640e+00
1436 +3.787095814e+00 +3.787095814e+00 +1.954709581e+01 +1.954709581e+01 +5.0000e+00 -2.0620e+00
3743 +4.999642458e-01 +4.999642458e-01 +1.625996425e+01 +1.625996425e+01 +2.5000e+00 -2.0722e+00
4064 +3.310364406e-01 +3.310364406e-01 +1.609103644e+01 +1.609103644e+01 +2.4226e+00 -2.0720e+00
4109 +7.476747482e-02 +7.476747482e-02 +1.583476747e+01 +1.583476747e+01 +3.3509e+00 -2.0625e+00
4422 +5.813051246e-02 +5.813051246e-02 +1.581813051e+01 +1.581813051e+01 +3.2983e+00 -2.0625e+00
4985 +1.781887572e-02 +1.781887572e-02 +1.577781888e+01 +1.577781888e+01 +3.0240e+00 -2.0644e+00
5265 +8.985149405e-03 +8.985149405e-03 +1.576898515e+01 +1.576898515e+01 +3.0049e+00 -2.0650e+00
7430 +2.219175338e-03 +2.219175338e-03 +1.576221918e+01 +1.576221918e+01 +3.1329e+00 -2.0624e+00
8028 +6.885742344e-05 +6.885742344e-05 +1.576006886e+01 +1.576006886e+01 +3.0888e+00 -2.0626e+00
10320 +3.726755737e-05 +3.726755737e-05 +1.576003727e+01 +1.576003727e+01 +3.1028e+00 -2.0624e+00
10520 +1.006369228e-05 +1.006369228e-05 +1.576001006e+01 +1.576001006e+01 +3.0996e+00 -2.0624e+00
10960 +6.965356926e-06 +6.965356926e-06 +1.576000697e+01 +1.576000697e+01 +3.0999e+00 -2.0624e+00
11149 +2.123112756e-06 +2.123112756e-06 +1.576000212e+01 +1.576000212e+01 +3.0964e+00 -2.0624e+00
11829 +1.487505999e-06 +1.487505999e-06 +1.576000149e+01 +1.576000149e+01 +3.0964e+00 -2.0624e+00
13499 +3.279761440e-07 +3.279761440e-07 +1.576000033e+01 +1.576000033e+01 +3.0971e+00 -2.0624e+00
13570 +1.998346910e-08 +1.998346910e-08 +1.576000002e+01 +1.576000002e+01 +3.0975e+00 -2.0624e+00
13909 +7.033099436e-09 +7.033099436e-09 +1.576000001e+01 +1.576000001e+01 +3.0977e+00 -2.0624e+00
% function evaluation | noise-free fitness - Fopt (3.735000000000e+01) | best noise-free fitness - Fopt | measured fitness | best measured fitness | x1 | x2...
1 +1.030258813e+08 +1.030258813e+08 +1.030259187e+08 +1.030259187e+08 -9.0062e-01 +3.5363e+00
2 +8.078211304e+05 +8.078211304e+05 +8.078584804e+05 +8.078584804e+05 -1.4804e+00 -1.9690e+00
6 +2.292316158e+05 +2.292316158e+05 +2.292689658e+05 +2.292689658e+05 -2.1681e+00 -5.5365e-01
19 +3.353256685e+03 +3.353256685e+03 +3.390606685e+03 +3.390606685e+03 -3.7140e+00 -8.1969e-01
86 +7.611447827e+02 +7.611447827e+02 +7.984947827e+02 +7.984947827e+02 -4.3687e+00 -8.5002e-01
92 +3.917426420e+02 +3.917426420e+02 +4.290926420e+02 +4.290926420e+02 -4.9529e+00 -8.9735e-01
388 +3.996082776e+01 +3.996082776e+01 +7.731082776e+01 +7.731082776e+01 -4.9868e+00 -8.8378e-01
772 +2.323692537e+01 +2.323692537e+01 +6.058692537e+01 +6.058692537e+01 -4.9846e+00 -8.7297e-01
1149 +1.905179625e+00 +1.905179625e+00 +3.925517963e+01 +3.925517963e+01 -5.0000e+00 -8.7781e-01
2539 +1.427778625e-02 +1.427778625e-02 +3.736427779e+01 +3.736427779e+01 -3.6355e+00 -8.7748e-01
13223 +6.032847842e-04 +6.032847842e-04 +3.735060328e+01 +3.735060328e+01 -3.6578e+00 -8.7761e-01
14307 +2.193008187e-04 +2.193008187e-04 +3.735021930e+01 +3.735021930e+01 -3.6417e+00 -8.7761e-01
14463 +1.160172566e-04 +1.160172566e-04 +3.735011602e+01 +3.735011602e+01 -3.6397e+00 -8.7761e-01
14587 +5.703155828e-05 +5.703155828e-05 +3.735005703e+01 +3.735005703e+01 -3.6423e+00 -8.7760e-01
14816 +3.447373382e-05 +3.447373382e-05 +3.735003447e+01 +3.735003447e+01 -3.6410e+00 -8.7760e-01
14896 +6.470289932e-06 +6.470289932e-06 +3.735000647e+01 +3.735000647e+01 -3.6367e+00 -8.7760e-01
15096 +2.821271039e-06 +2.821271039e-06 +3.735000282e+01 +3.735000282e+01 -3.6367e+00 -8.7760e-01
15176 +2.355568320e-06 +2.355568320e-06 +3.735000236e+01 +3.735000236e+01 -3.6366e+00 -8.7760e-01
15389 +1.268716616e-06 +1.268716616e-06 +3.735000127e+01 +3.735000127e+01 -3.6350e+00 -8.7760e-01
15536 +3.577854102e-08 +3.577854102e-08 +3.735000004e+01 +3.735000004e+01 -3.6354e+00 -8.7760e-01
16023 +3.484565525e-09 +3.484565525e-09 +3.735000000e+01 +3.735000000e+01 -3.6352e+00 -8.7760e-01
% function evaluation | noise-free fitness - Fopt (-3.096300000000e+02) | best noise-free fitness - Fopt | measured fitness | best measured fitness | x1 | x2...
1 +1.064030132e+06 +1.064030132e+06 +1.063720502e+06 +1.063720502e+06 +2.4276e+00 +1.8200e+00
3 +2.508537930e+05 +2.508537930e+05 +2.505441630e+05 +2.505441630e+05 -9.9867e-01 +1.9245e+00
36 +2.714290629e+04 +2.714290629e+04 +2.683327629e+04 +2.683327629e+04 +1.4255e+00 +3.0088e+00
111 +2.339981556e+02 +2.339981556e+02 -7.563184435e+01 -7.563184435e+01 +1.5334e+00 +2.8345e+00
370 +1.359397968e+02 +1.359397968e+02 -1.736902032e+02 -1.736902032e+02 +7.0241e-02 +2.6368e+00
495 +6.214220099e+01 +6.214220099e+01 -2.474877990e+02 -2.474877990e+02 -1.3671e+00 +2.4527e+00
536 +7.392772374e+00 +7.392772374e+00 -3.022372276e+02 -3.022372276e+02 -1.4983e+00 +2.4251e+00
766 +5.818653438e+00 +5.818653438e+00 -3.038113466e+02 -3.038113466e+02 -1.6087e+00 +2.4038e+00
3213 +1.837901660e+00 +1.837901660e+00 -3.077920983e+02 -3.077920983e+02 -2.2111e+00 +2.3142e+00
4195 +1.205043126e+00 +1.205043126e+00 -3.084249569e+02 -3.084249569e+02 -2.4482e+00 +2.2772e+00
4638 +2.465671669e-01 +2.465671669e-01 -3.093834328e+02 -3.093834328e+02 -3.8629e+00 +2.0700e+00
9932 +7.189150006e-02 +7.189150006e-02 -3.095581085e+02 -3.095581085e+02 -3.2659e+00 +2.1498e+00
10038 +5.974068757e-02 +5.974068757e-02 -3.095702593e+02 -3.095702593e+02 -3.3048e+00 +2.1439e+00
11144 +2.500817754e-02 +2.500817754e-02 -3.096049918e+02 -3.096049918e+02 -3.3562e+00 +2.1360e+00
13954 +2.319085409e-03 +2.319085409e-03 -3.096276809e+02 -3.096276809e+02 -3.5466e+00 +2.1094e+00
14194 +1.205776107e-03 +1.205776107e-03 -3.096287942e+02 -3.096287942e+02 -3.5463e+00 +2.1094e+00
16834 +5.337549832e-04 +5.337549832e-04 -3.096294662e+02 -3.096294662e+02 -3.5228e+00 +2.1123e+00
16922 +1.852527856e-04 +1.852527856e-04 -3.096298147e+02 -3.096298147e+02 -3.5232e+00 +2.1123e+00
17922 +1.220263025e-04 +1.220263025e-04 -3.096298780e+02 -3.096298780e+02 -3.5231e+00 +2.1123e+00
21440 +3.773452403e-05 +3.773452403e-05 -3.096299623e+02 -3.096299623e+02 -3.5180e+00 +2.1129e+00
22918 +2.152416647e-05 +2.152416647e-05 -3.096299785e+02 -3.096299785e+02 -3.5167e+00 +2.1131e+00
23045 +6.150781076e-06 +6.150781076e-06 -3.096299938e+02 -3.096299938e+02 -3.5148e+00 +2.1133e+00
23810 +2.392905401e-06 +2.392905401e-06 -3.096299976e+02 -3.096299976e+02 -3.5141e+00 +2.1134e+00
25961 +1.577707053e-06 +1.577707053e-06 -3.096299984e+02 -3.096299984e+02 -3.5140e+00 +2.1134e+00
29279 +1.881675189e-07 +1.881675189e-07 -3.096299998e+02 -3.096299998e+02 -3.5131e+00 +2.1136e+00
29315 +1.372228553e-07 +1.372228553e-07 -3.096299999e+02 -3.096299999e+02 -3.5126e+00 +2.1136e+00
29955 +6.766646266e-08 +6.766646266e-08 -3.096299999e+02 -3.096299999e+02 -3.5126e+00 +2.1136e+00
30385 +6.164026445e-08 +6.164026445e-08 -3.096299999e+02 -3.096299999e+02 -3.5126e+00 +2.1136e+00
35378 +3.444245067e-08 +3.444245067e-08 -3.096300000e+02 -3.096300000e+02 -3.5127e+00 +2.1136e+00
35458 +2.393358045e-08 +2.393358045e-08 -3.096300000e+02 -3.096300000e+02 -3.5127e+00 +2.1136e+00
36119 +1.301333441e-08 +1.301333441e-08 -3.096300000e+02 -3.096300000e+02 -3.5127e+00 +2.1136e+00
39696 +6.195364222e-09 +6.195364222e-09 -3.096300000e+02 -3.096300000e+02 -3.5127e+00 +2.1136e+00
% function evaluation | noise-free fitness - Fopt (-1.000000000000e+03) | best noise-free fitness - Fopt | measured fitness | best measured fitness | x1 | x2...
1 +4.946875445e+07 +4.946875445e+07 +4.946775445e+07 +4.946775445e+07 +2.5226e+00 -3.4374e+00
2 +2.372409333e+07 +2.372409333e+07 +2.372309333e+07 +2.372309333e+07 +4.3370e+00 -1.2637e+00
3 +7.451203707e+06 +7.451203707e+06 +7.450203707e+06 +7.450203707e+06 +2.5610e+00 +8.6631e-01
4 +1.172178588e+05 +1.172178588e+05 +1.162178588e+05 +1.162178588e+05 +2.1315e+00 +3.2536e+00
12 +2.370392928e+03 +2.370392928e+03 +1.370392928e+03 +1.370392928e+03 -1.9299e+00 +3.6444e+00
90 +1.795581724e+02 +1.795581724e+02 -8.204418276e+02 -8.204418276e+02 -1.1825e+00 +3.5834e+00
92 +2.112674147e+01 +2.112674147e+01 -9.788732585e+02 -9.788732585e+02 -2.3165e-01 +3.5932e+00
560 +3.517286681e+00 +3.517286681e+00 -9.964827133e+02 -9.964827133e+02 +2.4167e+00 +3.5944e+00
1521 +8.861070568e-01 +8.861070568e-01 -9.991138929e+02 -9.991138929e+02 +3.0093e+00 +3.5951e+00
2081 +2.981322166e-02 +2.981322166e-02 -9.999701868e+02 -9.999701868e+02 +3.6399e+00 +3.6040e+00
4025 +4.607218335e-04 +4.607218335e-04 -9.999995393e+02 -9.999995393e+02 +3.3895e+00 +3.5960e+00
6363 +1.219769783e-04 +1.219769783e-04 -9.999998780e+02 -9.999998780e+02 +3.4010e+00 +3.5960e+00
6433 +2.744398023e-05 +2.744398023e-05 -9.999999726e+02 -9.999999726e+02 +3.4052e+00 +3.5960e+00
7825 +2.796926765e-06 +2.796926765e-06 -9.999999972e+02 -9.999999972e+02 +3.4095e+00 +3.5960e+00
9908 +4.714055422e-07 +4.714055422e-07 -9.999999995e+02 -9.999999995e+02 +3.4076e+00 +3.5960e+00
10737 +1.392099875e-07 +1.392099875e-07 -9.999999999e+02 -9.999999999e+02 +3.4077e+00 +3.5960e+00
11628 +6.296954780e-08 +6.296954780e-08 -9.999999999e+02 -9.999999999e+02 +3.4080e+00 +3.5960e+00
12217 +1.585181053e-08 +1.585181053e-08 -1.000000000e+03 -1.000000000e+03 +3.4081e+00 +3.5960e+00
12769 +1.098385383e-08 +1.098385383e-08 -1.000000000e+03 -1.000000000e+03 +3.4080e+00 +3.5960e+00
12804 +6.823938747e-09 +6.823938747e-09 -1.000000000e+03 -1.000000000e+03 +3.4080e+00 +3.5960e+00
% function evaluation | noise-free fitness - Fopt (5.800000000000e+01) | best noise-free fitness - Fopt | measured fitness | best measured fitness | x1 | x2...
1 +3.071856043e+06 +3.071856043e+06 +3.071914043e+06 +3.071914043e+06 +2.9430e+00 +1.8552e+00
3 +4.303089292e+05 +4.303089292e+05 +4.303669292e+05 +4.303669292e+05 +1.7216e-01 +2.6616e+00
4 +1.296126560e+05 +1.296126560e+05 +1.296706560e+05 +1.296706560e+05 +2.4602e+00 +3.5433e+00
9 +5.375392687e+03 +5.375392687e+03 +5.433392687e+03 +5.433392687e+03 -1.9417e+00 +3.6370e+00
98 +1.641947180e+03 +1.641947180e+03 +1.699947180e+03 +1.699947180e+03 +3.0195e+00 +3.0883e+00
161 +6.300678053e+02 +6.300678053e+02 +6.880678053e+02 +6.880678053e+02 -1.2364e+00 +3.5063e+00
168 +3.321460610e+02 +3.321460610e+02 +3.901460610e+02 +3.901460610e+02 -3.4968e-04 +3.3139e+00
236 +1.261088402e+01 +1.261088402e+01 +7.061088402e+01 +7.061088402e+01 +0.0000e+00 +3.3414e+00
716 +4.228861650e+00 +4.228861650e+00 +6.222886165e+01 +6.222886165e+01 -9.5507e-01 +3.4385e+00
957 +8.379944799e-01 +8.379944799e-01 +5.883799448e+01 +5.883799448e+01 -2.7887e+00 +3.6336e+00
1118 +4.321519225e-01 +4.321519225e-01 +5.843215192e+01 +5.843215192e+01 -2.7381e+00 +3.6305e+00
3252 +2.013998753e-01 +2.013998753e-01 +5.820139988e+01 +5.820139988e+01 -2.6850e+00 +3.6247e+00
3659 +4.863203720e-02 +4.863203720e-02 +5.804863204e+01 +5.804863204e+01 -2.8456e+00 +3.6408e+00
3896 +1.754932600e-02 +1.754932600e-02 +5.801754933e+01 +5.801754933e+01 -3.0604e+00 +3.6603e+00
6319 +1.321599315e-02 +1.321599315e-02 +5.801321599e+01 +5.801321599e+01 -2.8580e+00 +3.6418e+00
9200 +9.803226631e-03 +9.803226631e-03 +5.800980323e+01 +5.800980323e+01 -2.8732e+00 +3.6433e+00
10986 +5.206639446e-03 +5.206639446e-03 +5.800520664e+01 +5.800520664e+01 -3.0197e+00 +3.6568e+00
12218 +3.123932482e-03 +3.123932482e-03 +5.800312393e+01 +5.800312393e+01 -3.0186e+00 +3.6567e+00
13505 +9.618411283e-04 +9.618411283e-04 +5.800096184e+01 +5.800096184e+01 -2.9683e+00 +3.6523e+00
13866 +9.723146337e-05 +9.723146337e-05 +5.800009723e+01 +5.800009723e+01 -2.9551e+00 +3.6512e+00
14492 +2.907132433e-06 +2.907132433e-06 +5.800000291e+01 +5.800000291e+01 -2.9634e+00 +3.6519e+00
16263 +6.377847512e-07 +6.377847512e-07 +5.800000064e+01 +5.800000064e+01 -2.9634e+00 +3.6519e+00
16503 +3.781032234e-07 +3.781032234e-07 +5.800000038e+01 +5.800000038e+01 -2.9634e+00 +3.6519e+00
21326 +8.768198967e-08 +8.768198967e-08 +5.800000009e+01 +5.800000009e+01 -2.9638e+00 +3.6520e+00
22383 +5.614733567e-08 +5.614733567e-08 +5.800000006e+01 +5.800000006e+01 -2.9638e+00 +3.6520e+00
22413 +2.756818418e-08 +2.756818418e-08 +5.800000003e+01 +5.800000003e+01 -2.9639e+00 +3.6520e+00
23893 +9.182677729e-09 +9.182677729e-09 +5.800000001e+01 +5.800000001e+01 -2.9639e+00 +3.6520e+00
% function evaluation | noise-free fitness - Fopt (9.438000000000e+01) | best noise-free fitness - Fopt | measured fitness | best measured fitness | x1 | x2...
1 +1.107160690e+07 +1.107160690e+07 +1.107170128e+07 +1.107170128e+07 -1.2947e+00 +2.3214e-01
2 +8.644401116e+06 +8.644401116e+06 +8.644495496e+06 +8.644495496e+06 -2.7165e+00 +6.1783e-01
7 +7.289491496e+04 +7.289491496e+04 +7.298929496e+04 +7.298929496e+04 +3.7430e+00 +3.2952e+00
30 +3.059245238e+04 +3.059245238e+04 +3.068683238e+04 +3.068683238e+04 +3.0801e+00 +3.3896e+00
58 +2.145420310e+04 +2.145420310e+04 +2.154858310e+04 +2.154858310e+04 +5.0000e+00 +3.4203e+00
68 +1.704592679e+01 +1.704592679e+01 +1.114259268e+02 +1.114259268e+02 +8.7586e-01 +3.5639e+00
89 +9.108544030e+00 +9.108544030e+00 +1.034885440e+02 +1.034885440e+02 -3.0983e-01 +3.5624e+00
368 +3.059940286e+00 +3.059940286e+00 +9.743994029e+01 +9.743994029e+01 -4.1914e+00 +3.5550e+00
448 +1.227576823e-01 +1.227576823e-01 +9.450275768e+01 +9.450275768e+01 -3.3476e+00 +3.5571e+00
1878 +9.524627161e-03 +9.524627161e-03 +9.438952463e+01 +9.438952463e+01 -2.9490e+00 +3.5577e+00
3201 +6.151531146e-03 +6.151531146e-03 +9.438615153e+01 +9.438615153e+01 -3.1211e+00 +3.5575e+00
5768 +2.916155441e-03 +2.916155441e-03 +9.438291616e+01 +9.438291616e+01 -3.0971e+00 +3.5575e+00
6475 +3.064864966e-04 +3.064864966e-04 +9.438030649e+01 +9.438030649e+01 -3.0558e+00 +3.5576e+00
7302 +1.476352402e-04 +1.476352402e-04 +9.438014764e+01 +9.438014764e+01 -3.0552e+00 +3.5576e+00
7502 +4.884330627e-05 +4.884330627e-05 +9.438004884e+01 +9.438004884e+01 -3.0374e+00 +3.5576e+00
7742 +5.159223164e-06 +5.159223164e-06 +9.438000516e+01 +9.438000516e+01 -3.0409e+00 +3.5576e+00
8062 +3.897753658e-06 +3.897753658e-06 +9.438000390e+01 +9.438000390e+01 -3.0415e+00 +3.5576e+00
8862 +2.428191706e-06 +2.428191706e-06 +9.438000243e+01 +9.438000243e+01 -3.0420e+00 +3.5576e+00
9022 +1.296074586e-06 +1.296074586e-06 +9.438000130e+01 +9.438000130e+01 -3.0430e+00 +3.5576e+00
9302 +7.917246450e-07 +7.917246450e-07 +9.438000079e+01 +9.438000079e+01 -3.0438e+00 +3.5576e+00
9562 +2.348572679e-07 +2.348572679e-07 +9.438000023e+01 +9.438000023e+01 -3.0435e+00 +3.5576e+00
10122 +1.555447682e-07 +1.555447682e-07 +9.438000016e+01 +9.438000016e+01 -3.0435e+00 +3.5576e+00
12943 +5.277870230e-08 +5.277870230e-08 +9.438000005e+01 +9.438000005e+01 -3.0430e+00 +3.5576e+00
13342 +7.082491038e-09 +7.082491038e-09 +9.438000001e+01 +9.438000001e+01 -3.0432e+00 +3.5576e+00
