% function evaluation | noise-free fitness - Fopt (-5.465000000000e+02) | best noise-free fitness - Fopt | measured fitness | best measured fitness | x1 | x2...
1 +2.379300524e+05 +2.379300524e+05 +2.373835524e+05 +2.373835524e+05
70 +1.368657902e+05 +1.368657902e+05 +1.363192902e+05 +1.363192902e+05
241 +9.722621855e+04 +9.722621855e+04 +9.667971855e+04 +9.667971855e+04
807 +5.138891540e+04 +5.138891540e+04 +5.084241540e+04 +5.084241540e+04
1564 +3.726157794e+04 +3.726157794e+04 +3.671507794e+04 +3.671507794e+04
2001 +1.724880340e+04 +1.724880340e+04 +1.670230340e+04 +1.670230340e+04
2201 +9.736428933e+03 +9.736428933e+03 +9.189928933e+03 +9.189928933e+03
3802 +6.146174852e+03 +6.146174852e+03 +5.599674852e+03 +5.599674852e+03
3859 +3.699290748e+03 +3.699290748e+03 +3.152790748e+03 +3.152790748e+03
4223 +1.111573674e+03 +1.111573674e+03 +5.650736739e+02 +5.650736739e+02
4811 +7.462646605e+02 +7.462646605e+02 +1.997646605e+02 +1.997646605e+02
5009 +5.299824141e+02 +5.299824141e+02 -1.651758593e+01 -1.651758593e+01
5203 +3.774218605e+02 +3.774218605e+02 -1.690781395e+02 -1.690781395e+02
5401 +1.326084471e+02 +1.326084471e+02 -4.138915529e+02 -4.138915529e+02
5508 +9.179929285e+01 +9.179929285e+01 -4.547007072e+02 -4.547007072e+02
5621 +1.861944270e+01 +1.861944270e+01 -5.278805573e+02 -5.278805573e+02
5625 +1.315069975e+01 +1.315069975e+01 -5.333493002e+02 -5.333493002e+02
6204 +4.544166365e+00 +4.544166365e+00 -5.419558336e+02 -5.419558336e+02
6745 +3.937654426e+00 +3.937654426e+00 -5.425623456e+02 -5.425623456e+02
44402 +2.490589219e+00 +2.490589219e+00 -5.440094108e+02 -5.440094108e+02
% function evaluation | noise-free fitness - Fopt (1.000000000000e+03) | best noise-free fitness - Fopt | measured fitness | best measured fitness | x1 | x2...
1 +2.732379977e+05 +2.732379977e+05 +2.742379977e+05 +2.742379977e+05
8 +2.455174897e+05 +2.455174897e+05 +2.465174897e+05 +2.465174897e+05
195 +1.280614436e+05 +1.280614436e+05 +1.290614436e+05 +1.290614436e+05
604 +7.267985350e+04 +7.267985350e+04 +7.367985350e+04 +7.367985350e+04
1211 +5.134622505e+04 +5.134622505e+04 +5.234622505e+04 +5.234622505e+04
1672 +3.955064088e+04 +3.955064088e+04 +4.055064088e+04 +4.055064088e+04
2212 +2.043409484e+04 +2.043409484e+04 +2.143409484e+04 +2.143409484e+04
2401 +7.863961534e+03 +7.863961534e+03 +8.863961534e+03 +8.863961534e+03
3209 +1.366726133e+03 +1.366726133e+03 +2.366726133e+03 +2.366726133e+03
3401 +5.958949494e+02 +5.958949494e+02 +1.595894949e+03 +1.595894949e+03
3409 +2.509345956e+02 +2.509345956e+02 +1.250934596e+03 +1.250934596e+03
5619 +1.365440408e+02 +1.365440408e+02 +1.136544041e+03 +1.136544041e+03
5801 +2.218931983e+01 +2.218931983e+01 +1.022189320e+03 +1.022189320e+03
6804 +4.430700009e+00 +4.430700009e+00 +1.004430700e+03 +1.004430700e+03
7229 +3.800729211e+00 +3.800729211e+00 +1.003800729e+03 +1.003800729e+03
40002 +2.508395743e+00 +2.508395743e+00 +1.002508396e+03 +1.002508396e+03
% function evaluation | noise-free fitness - Fopt (2.083800000000e+02) | best noise-free fitness - Fopt | measured fitness | best measured fitness | x1 | x2...
1 +3.854668985e+05 +3.854668985e+05 +3.856752785e+05 +3.856752785e+05
15 +1.773279910e+05 +1.773279910e+05 +1.775363710e+05 +1.775363710e+05
22 +1.430367138e+05 +1.430367138e+05 +1.432450938e+05 +1.432450938e+05
203 +9.317935431e+04 +9.317935431e+04 +9.338773431e+04 +9.338773431e+04
801 +5.826735804e+04 +5.826735804e+04 +5.847573804e+04 +5.847573804e+04
1236 +3.830011218e+04 +3.830011218e+04 +3.850849218e+04 +3.850849218e+04
1803 +2.314033379e+04 +2.314033379e+04 +2.334871379e+04 +2.334871379e+04
2485 +1.461198300e+04 +1.461198300e+04 +1.482036300e+04 +1.482036300e+04
2805 +8.301952455e+03 +8.301952455e+03 +8.510332455e+03 +8.510332455e+03
3258 +5.530567069e+03 +5.530567069e+03 +5.738947069e+03 +5.738947069e+03
3409 +3.863524928e+03 +3.863524928e+03 +4.071904928e+03 +4.071904928e+03
4024 +2.403459848e+03 +2.403459848e+03 +2.611839848e+03 +2.611839848e+03
4403 +5.595063470e+02 +5.595063470e+02 +7.678863470e+02 +7.678863470e+02
5067 +2.878988846e+02 +2.878988846e+02 +4.962788846e+02 +4.962788846e+02
5603 +1.369686137e+02 +1.369686137e+02 +3.453486137e+02 +3.453486137e+02
5921 +5.858467806e+01 +5.858467806e+01 +2.669646781e+02 +2.669646781e+02
6420 +3.953652664e+00 +3.953652664e+00 +2.123336527e+02 +2.123336527e+02
40202 +2.430146596e+00 +2.430146596e+00 +2.108101466e+02 +2.108101466e+02
% function evaluation | noise-free fitness - Fopt (-1.449600000000e+02) | best noise-free fitness - Fopt | measured fitness | best measured fitness | x1 | x2...
1 +5.609481137e+05 +5.609481137e+05 +5.608031537e+05 +5.608031537e+05
3 +3.870448539e+05 +3.870448539e+05 +3.868998939e+05 +3.868998939e+05
4 +2.271079816e+05 +2.271079816e+05 +2.269630216e+05 +2.269630216e+05
56 +1.431430333e+05 +1.431430333e+05 +1.429980733e+05 +1.429980733e+05
203 +7.812219848e+04 +7.812219848e+04 +7.797723848e+04 +7.797723848e+04
802 +5.646871430e+04 +5.646871430e+04 +5.632375430e+04 +5.632375430e+04
1601 +2.516292757e+04 +2.516292757e+04 +2.501796757e+04 +2.501796757e+04
2201 +1.276271900e+04 +1.276271900e+04 +1.261775900e+04 +1.261775900e+04
3452 +7.587888844e+03 +7.587888844e+03 +7.442928844e+03 +7.442928844e+03
3886 +4.532220346e+03 +4.532220346e+03 +4.387260346e+03 +4.387260346e+03
4005 +3.909824905e+03 +3.909824905e+03 +3.764864905e+03 +3.764864905e+03
4008 +2.258850598e+03 +2.258850598e+03 +2.113890598e+03 +2.113890598e+03
4601 +7.696467848e+02 +7.696467848e+02 +6.246867848e+02 +6.246867848e+02
5001 +3.271457426e+02 +3.271457426e+02 +1.821857426e+02 +1.821857426e+02
5602 +1.195957515e+02 +1.195957515e+02 -2.536424852e+01 -2.536424852e+01
6204 +2.804062395e+01 +2.804062395e+01 -1.169193760e+02 -1.169193760e+02
6401 +3.881286123e+00 +3.881286123e+00 -1.410787139e+02 -1.410787139e+02
45424 +2.422158297e+00 +2.422158297e+00 -1.425378417e+02 -1.425378417e+02
% function evaluation | noise-free fitness - Fopt (-6.300000000000e+00) | best noise-free fitness - Fopt | measured fitness | best measured fitness | x1 | x2...
1 +2.803782412e+05 +2.803782412e+05 +2.803719412e+05 +2.803719412e+05
2 +2.041879514e+05 +2.041879514e+05 +2.041816514e+05 +2.041816514e+05
205 +1.406993273e+05 +1.406993273e+05 +1.406930273e+05 +1.406930273e+05
403 +6.950585108e+04 +6.950585108e+04 +6.949955108e+04 +6.949955108e+04
1002 +6.272172866e+04 +6.272172866e+04 +6.271542866e+04 +6.271542866e+04
1250 +3.657605548e+04 +3.657605548e+04 +3.656975548e+04 +3.656975548e+04
2201 +2.352906890e+04 +2.352906890e+04 +2.352276890e+04 +2.352276890e+04
2845 +1.359205504e+04 +1.359205504e+04 +1.358575504e+04 +1.358575504e+04
2855 +8.042833885e+03 +8.042833885e+03 +8.036533885e+03 +8.036533885e+03
3420 +6.079598492e+03 +6.079598492e+03 +6.073298492e+03 +6.073298492e+03
3505 +3.503548320e+03 +3.503548320e+03 +3.497248320e+03 +3.497248320e+03
4201 +2.018949441e+03 +2.018949441e+03 +2.012649441e+03 +2.012649441e+03
4402 +3.119138918e+02 +3.119138918e+02 +3.056138918e+02 +3.056138918e+02
5456 +1.291957194e+02 +1.291957194e+02 +1.228957194e+02 +1.228957194e+02
6208 +2.101653590e+01 +2.101653590e+01 +1.471653590e+01 +1.471653590e+01
6814 +1.160677355e+01 +1.160677355e+01 +5.306773553e+00 +5.306773553e+00
6883 +4.621442151e+00 +4.621442151e+00 -1.678557849e+00 -1.678557849e+00
6940 +3.832213450e+00 +3.832213450e+00 -2.467786550e+00 -2.467786550e+00
39802 +2.511379612e+00 +2.511379612e+00 -3.788620388e+00 -3.788620388e+00
% function evaluation | noise-free fitness - Fopt (-2.206000000000e+01) | best noise-free fitness - Fopt | measured fitness | best measured fitness | x1 | x2...
1 +6.468062173e+05 +6.468062173e+05 +6.467841573e+05 +6.467841573e+05
2 +1.498743422e+05 +1.498743422e+05 +1.498522822e+05 +1.498522822e+05
602 +9.060757148e+04 +9.060757148e+04 +9.058551148e+04 +9.058551148e+04
613 +5.943597665e+04 +5.943597665e+04 +5.941391665e+04 +5.941391665e+04
1406 +2.949439884e+04 +2.949439884e+04 +2.947233884e+04 +2.947233884e+04
2202 +2.457094230e+04 +2.457094230e+04 +2.454888230e+04 +2.454888230e+04
2805 +1.280007488e+04 +1.280007488e+04 +1.277801488e+04 +1.277801488e+04
3401 +7.621402231e+03 +7.621402231e+03 +7.599342231e+03 +7.599342231e+03
3807 +4.956433875e+03 +4.956433875e+03 +4.934373875e+03 +4.934373875e+03
4401 +2.349139702e+03 +2.349139702e+03 +2.327079702e+03 +2.327079702e+03
4601 +1.479612470e+03 +1.479612470e+03 +1.457552470e+03 +1.457552470e+03
4838 +9.255444242e+02 +9.255444242e+02 +9.034844242e+02 +9.034844242e+02
5602 +5.418958918e+02 +5.418958918e+02 +5.198358918e+02 +5.198358918e+02
5603 +3.418123308e+02 +3.418123308e+02 +3.197523308e+02 +3.197523308e+02
5846 +1.485214433e+02 +1.485214433e+02 +1.264614433e+02 +1.264614433e+02
6227 +7.636318973e+01 +7.636318973e+01 +5.430318973e+01 +5.430318973e+01
6272 +3.986576673e+00 +3.986576673e+00 -1.807342333e+01 -1.807342333e+01
6892 +3.841879589e+00 +3.841879589e+00 -1.821812041e+01 -1.821812041e+01
40802 +2.487695024e+00 +2.487695024e+00 -1.957230498e+01 -1.957230498e+01
% function evaluation | noise-free fitness - Fopt (7.129000000000e+01) | best noise-free fitness - Fopt | measured fitness | best measured fitness | x1 | x2...
1 +1.867982068e+05 +1.867982068e+05 +1.868694968e+05 +1.868694968e+05
17 +1.486497053e+05 +1.486497053e+05 +1.487209953e+05 +1.487209953e+05
218 +9.878659325e+04 +9.878659325e+04 +9.885788325e+04 +9.885788325e+04
801 +6.183332016e+04 +6.183332016e+04 +6.190461016e+04 +6.190461016e+04
1822 +3.560900507e+04 +3.560900507e+04 +3.568029507e+04 +3.568029507e+04
2001 +1.837870744e+04 +1.837870744e+04 +1.844999744e+04 +1.844999744e+04
2676 +1.233167179e+04 +1.233167179e+04 +1.240296179e+04 +1.240296179e+04
3202 +7.960522533e+03 +7.960522533e+03 +8.031812533e+03 +8.031812533e+03
3412 +5.754335567e+03 +5.754335567e+03 +5.825625567e+03 +5.825625567e+03
3606 +3.964212210e+03 +3.964212210e+03 +4.035502210e+03 +4.035502210e+03
4216 +1.896868061e+03 +1.896868061e+03 +1.968158061e+03 +1.968158061e+03
4813 +1.571665345e+03 +1.571665345e+03 +1.642955345e+03 +1.642955345e+03
5012 +7.482400903e+02 +7.482400903e+02 +8.195300903e+02 +8.195300903e+02
5213 +1.963888650e+02 +1.963888650e+02 +2.676788650e+02 +2.676788650e+02
5404 +7.641942737e+01 +7.641942737e+01 +1.477094274e+02 +1.477094274e+02
5808 +5.624536190e+01 +5.624536190e+01 +1.275353619e+02 +1.275353619e+02
6001 +4.003568010e+00 +4.003568010e+00 +7.529356801e+01 +7.529356801e+01
6601 +3.961244040e+00 +3.961244040e+00 +7.525124404e+01 +7.525124404e+01
43801 +2.483429119e+00 +2.483429119e+00 +7.377342912e+01 +7.377342912e+01
% function evaluation | noise-free fitness - Fopt (-1.054000000000e+01) | best noise-free fitness - Fopt | measured fitness | best measured fitness | x1 | x2...
1 +2.150168657e+05 +2.150168657e+05 +2.150063257e+05 +2.150063257e+05
29 +9.041428264e+04 +9.041428264e+04 +9.040374264e+04 +9.040374264e+04
801 +5.510284838e+04 +5.510284838e+04 +5.509230838e+04 +5.509230838e+04
1218 +3.890355781e+04 +3.890355781e+04 +3.889301781e+04 +3.889301781e+04
2001 +1.762859135e+04 +1.762859135e+04 +1.761805135e+04 +1.761805135e+04
2210 +1.231663641e+04 +1.231663641e+04 +1.230609641e+04 +1.230609641e+04
2401 +8.326577432e+03 +8.326577432e+03 +8.316037432e+03 +8.316037432e+03
3001 +4.909718909e+03 +4.909718909e+03 +4.899178909e+03 +4.899178909e+03
3807 +3.747186309e+03 +3.747186309e+03 +3.736646309e+03 +3.736646309e+03
4258 +1.670800498e+03 +1.670800498e+03 +1.660260498e+03 +1.660260498e+03
4467 +1.302924159e+03 +1.302924159e+03 +1.292384159e+03 +1.292384159e+03
4602 +4.803653458e+02 +4.803653458e+02 +4.698253458e+02 +4.698253458e+02
5604 +3.003558993e+02 +3.003558993e+02 +2.898158993e+02 +2.898158993e+02
6005 +2.462020047e+02 +2.462020047e+02 +2.356620047e+02 +2.356620047e+02
6224 +1.545656531e+02 +1.545656531e+02 +1.440256531e+02 +1.440256531e+02
6366 +1.736889626e+01 +1.736889626e+01 +6.828896258e+00 +6.828896258e+00
6490 +1.038977602e+01 +1.038977602e+01 -1.502239838e-01 -1.502239838e-01
6620 +4.066850174e+00 +4.066850174e+00 -6.473149826e+00 -6.473149826e+00
7466 +3.949874473e+00 +3.949874473e+00 -6.590125527e+00 -6.590125527e+00
40601 +2.504664898e+00 +2.504664898e+00 -8.035335102e+00 -8.035335102e+00
% function evaluation | noise-free fitness - Fopt (3.860100000000e+02) | best noise-free fitness - Fopt | measured fitness | best measured fitness | x1 | x2...
1 +2.746266986e+05 +2.746266986e+05 +2.750127086e+05 +2.750127086e+05
2 +1.577535749e+05 +1.577535749e+05 +1.581395849e+05 +1.581395849e+05
404 +9.616046131e+04 +9.616046131e+04 +9.654647131e+04 +9.654647131e+04
1087 +5.858951978e+04 +5.858951978e+04 +5.897552978e+04 +5.897552978e+04
1602 +2.749791562e+04 +2.749791562e+04 +2.788392562e+04 +2.788392562e+04
2017 +1.821822662e+04 +1.821822662e+04 +1.860423662e+04 +1.860423662e+04
2401 +7.312511561e+03 +7.312511561e+03 +7.698521561e+03 +7.698521561e+03
3627 +5.770842719e+03 +5.770842719e+03 +6.156852719e+03 +6.156852719e+03
3827 +2.831205933e+03 +2.831205933e+03 +3.217215933e+03 +3.217215933e+03
4603 +1.926902644e+03 +1.926902644e+03 +2.312912644e+03 +2.312912644e+03
4629 +1.294839348e+03 +1.294839348e+03 +1.680849348e+03 +1.680849348e+03
4802 +7.781035106e+02 +7.781035106e+02 +1.164113511e+03 +1.164113511e+03
5202 +3.734351540e+02 +3.734351540e+02 +7.594451540e+02 +7.594451540e+02
5837 +1.908637480e+02 +1.908637480e+02 +5.768737480e+02 +5.768737480e+02
6243 +5.265624561e+01 +5.265624561e+01 +4.386662456e+02 +4.386662456e+02
6407 +2.407105478e+01 +2.407105478e+01 +4.100810548e+02 +4.100810548e+02
6448 +4.334587650e+00 +4.334587650e+00 +3.903445877e+02 +3.903445877e+02
7208 +3.962797363e+00 +3.962797363e+00 +3.899727974e+02 +3.899727974e+02
40802 +2.502556870e+00 +2.502556870e+00 +3.885125569e+02 +3.885125569e+02
% function evaluation | noise-free fitness - Fopt (-1.257000000000e+01) | best noise-free fitness - Fopt | measured fitness | best measured fitness | x1 | x2...
1 +2.778839823e+05 +2.778839823e+05 +2.778714123e+05 +2.778714123e+05
5 +2.178925739e+05 +2.178925739e+05 +2.178800039e+05 +2.178800039e+05
111 +1.013047851e+05 +1.013047851e+05 +1.012922151e+05 +1.012922151e+05
403 +8.460121661e+04 +8.460121661e+04 +8.458864661e+04 +8.458864661e+04
606 +5.710148777e+04 +5.710148777e+04 +5.708891777e+04 +5.708891777e+04
1403 +2.963963766e+04 +2.963963766e+04 +2.962706766e+04 +2.962706766e+04
1603 +1.661066988e+04 +1.661066988e+04 +1.659809988e+04 +1.659809988e+04
2610 +1.545684383e+04 +1.545684383e+04 +1.544427383e+04 +1.544427383e+04
3026 +9.548958211e+03 +9.548958211e+03 +9.536388211e+03 +9.536388211e+03
3403 +4.638804292e+03 +4.638804292e+03 +4.626234292e+03 +4.626234292e+03
3801 +3.427398959e+03 +3.427398959e+03 +3.414828959e+03 +3.414828959e+03
4065 +1.744614792e+03 +1.744614792e+03 +1.732044792e+03 +1.732044792e+03
4601 +1.175374463e+03 +1.175374463e+03 +1.162804463e+03 +1.162804463e+03
5421 +7.745914358e+02 +7.745914358e+02 +7.620214358e+02 +7.620214358e+02
5608 +6.292763781e+02 +6.292763781e+02 +6.167063781e+02 +6.167063781e+02
5870 +3.797962917e+02 +3.797962917e+02 +3.672262917e+02 +3.672262917e+02
5902 +1.360976085e+02 +1.360976085e+02 +1.235276085e+02 +1.235276085e+02
6001 +3.879492069e+01 +3.879492069e+01 +2.622492069e+01 +2.622492069e+01
6201 +1.082568265e+01 +1.082568265e+01 -1.744317354e+00 -1.744317354e+00
6403 +4.620674773e+00 +4.620674773e+00 -7.949325227e+00 -7.949325227e+00
7811 +3.829666371e+00 +3.829666371e+00 -8.740333629e+00 -8.740333629e+00
35801 +2.432281268e+00 +2.432281268e+00 -1.013771873e+01 -1.013771873e+01
% function evaluation | noise-free fitness - Fopt (-1.270400000000e+02) | best noise-free fitness - Fopt | measured fitness | best measured fitness | x1 | x2...
1 +5.630903413e+05 +5.630903413e+05 +5.629633013e+05 +5.629633013e+05
2 +3.724243266e+05 +3.724243266e+05 +3.722972866e+05 +3.722972866e+05
3 +2.477668002e+05 +2.477668002e+05 +2.476397602e+05 +2.476397602e+05
68 +1.546707507e+05 +1.546707507e+05 +1.545437107e+05 +1.545437107e+05
216 +9.298467766e+04 +9.298467766e+04 +9.285763766e+04 +9.285763766e+04
1001 +6.001460847e+04 +6.001460847e+04 +5.988756847e+04 +5.988756847e+04
1007 +3.503265942e+04 +3.503265942e+04 +3.490561942e+04 +3.490561942e+04
2027 +2.429765416e+04 +2.429765416e+04 +2.417061416e+04 +2.417061416e+04
2401 +1.392579893e+04 +1.392579893e+04 +1.379875893e+04 +1.379875893e+04
2819 +6.201866337e+03 +6.201866337e+03 +6.074826337e+03 +6.074826337e+03
3813 +3.743400671e+03 +3.743400671e+03 +3.616360671e+03 +3.616360671e+03
4208 +2.349826455e+03 +2.349826455e+03 +2.222786455e+03 +2.222786455e+03
4401 +1.491070281e+03 +1.491070281e+03 +1.364030281e+03 +1.364030281e+03
5002 +5.837336147e+02 +5.837336147e+02 +4.566936147e+02 +4.566936147e+02
5404 +9.381683034e+01 +9.381683034e+01 -3.322316966e+01 -3.322316966e+01
5601 +4.442108272e+00 +4.442108272e+00 -1.225978917e+02 -1.225978917e+02
7238 +3.947132638e+00 +3.947132638e+00 -1.230928674e+02 -1.230928674e+02
37601 +2.482251949e+00 +2.482251949e+00 -1.245577481e+02 -1.245577481e+02
% function evaluation | noise-free fitness - Fopt (-3.752000000000e+01) | best noise-free fitness - Fopt | measured fitness | best measured fitness | x1 | x2...
1 +4.555482475e+05 +4.555482475e+05 +4.555107275e+05 +4.555107275e+05
3 +2.715636742e+05 +2.715636742e+05 +2.715261542e+05 +2.715261542e+05
6 +2.053886679e+05 +2.053886679e+05 +2.053511479e+05 +2.053511479e+05
108 +1.100204324e+05 +1.100204324e+05 +1.099829124e+05 +1.099829124e+05
146 +7.499829839e+04 +7.499829839e+04 +7.496077839e+04 +7.496077839e+04
657 +6.259602007e+04 +6.259602007e+04 +6.255850007e+04 +6.255850007e+04
1601 +3.969210931e+04 +3.969210931e+04 +3.965458931e+04 +3.965458931e+04
1892 +1.525971889e+04 +1.525971889e+04 +1.522219889e+04 +1.522219889e+04
2601 +9.384287888e+03 +9.384287888e+03 +9.346767888e+03 +9.346767888e+03
3202 +1.301568635e+03 +1.301568635e+03 +1.264048635e+03 +1.264048635e+03
4604 +9.449802422e+02 +9.449802422e+02 +9.074602422e+02 +9.074602422e+02
4628 +3.215624084e+02 +3.215624084e+02 +2.840424084e+02 +2.840424084e+02
5202 +9.379694555e+01 +9.379694555e+01 +5.627694555e+01 +5.627694555e+01
5460 +3.871050429e+01 +3.871050429e+01 +1.190504290e+00 +1.190504290e+00
6256 +1.237304645e+01 +1.237304645e+01 -2.514695355e+01 -2.514695355e+01
6422 +4.126718334e+00 +4.126718334e+00 -3.339328167e+01 -3.339328167e+01
6436 +3.657591433e+00 +3.657591433e+00 -3.386240857e+01 -3.386240857e+01
40001 +2.498407818e+00 +2.498407818e+00 -3.502159218e+01 -3.502159218e+01
% function evaluation | noise-free fitness - Fopt (-3.311600000000e+02) | best noise-free fitness - Fopt | measured fitness | best measured fitness | x1 | x2...
1 +5.250540489e+05 +5.250540489e+05 +5.247228889e+05 +5.247228889e+05
2 +3.477703182e+05 +3.477703182e+05 +3.474391582e+05 +3.474391582e+05
3 +2.146069747e+05 +2.146069747e+05 +2.142758147e+05 +2.142758147e+05
8 +1.417590825e+05 +1.417590825e+05 +1.414279225e+05 +1.414279225e+05
210 +6.966209353e+04 +6.966209353e+04 +6.933093353e+04 +6.933093353e+04
805 +5.470968086e+04 +5.470968086e+04 +5.437852086e+04 +5.437852086e+04
1202 +3.713084070e+04 +3.713084070e+04 +3.679968070e+04 +3.679968070e+04
2201 +2.153110134e+04 +2.153110134e+04 +2.119994134e+04 +2.119994134e+04
2601 +1.293054972e+04 +1.293054972e+04 +1.259938972e+04 +1.259938972e+04
3201 +5.592207453e+03 +5.592207453e+03 +5.261047453e+03 +5.261047453e+03
3269 +3.873578496e+03 +3.873578496e+03 +3.542418496e+03 +3.542418496e+03
4045 +2.459863445e+03 +2.459863445e+03 +2.128703445e+03 +2.128703445e+03
4429 +9.723973883e+02 +9.723973883e+02 +6.412373883e+02 +6.412373883e+02
5001 +5.139919066e+02 +5.139919066e+02 +1.828319066e+02 +1.828319066e+02
5405 +3.693825030e+02 +3.693825030e+02 +3.822250305e+01 +3.822250305e+01
5601 +1.716897186e+02 +1.716897186e+02 -1.594702814e+02 -1.594702814e+02
5607 +1.183468178e+02 +1.183468178e+02 -2.128131822e+02 -2.128131822e+02
5650 +9.472876079e+01 +9.472876079e+01 -2.364312392e+02 -2.364312392e+02
6003 +3.954213981e+00 +3.954213981e+00 -3.272057860e+02 -3.272057860e+02
40003 +2.469343336e+00 +2.469343336e+00 -3.286906567e+02 -3.286906567e+02
% function evaluation | noise-free fitness - Fopt (4.481000000000e+01) | best noise-free fitness - Fopt | measured fitness | best measured fitness | x1 | x2...
1 +8.168984546e+05 +8.168984546e+05 +8.169432646e+05 +8.169432646e+05
2 +2.407380496e+05 +2.407380496e+05 +2.407828596e+05 +2.407828596e+05
139 +1.428001342e+05 +1.428001342e+05 +1.428449442e+05 +1.428449442e+05
603 +9.270036567e+04 +9.270036567e+04 +9.274517567e+04 +9.274517567e+04
1002 +5.673032526e+04 +5.673032526e+04 +5.677513526e+04 +5.677513526e+04
1806 +3.718619554e+04 +3.718619554e+04 +3.723100554e+04 +3.723100554e+04
2204 +2.475437085e+04 +2.475437085e+04 +2.479918085e+04 +2.479918085e+04
2804 +1.230376264e+04 +1.230376264e+04 +1.234857264e+04 +1.234857264e+04
3001 +3.629558591e+03 +3.629558591e+03 +3.674368591e+03 +3.674368591e+03
4605 +1.588807888e+03 +1.588807888e+03 +1.633617888e+03 +1.633617888e+03
4807 +1.388484080e+03 +1.388484080e+03 +1.433294080e+03 +1.433294080e+03
4819 +7.030337673e+02 +7.030337673e+02 +7.478437673e+02 +7.478437673e+02
5016 +5.625547223e+02 +5.625547223e+02 +6.073647223e+02 +6.073647223e+02
5606 +1.961089653e+02 +1.961089653e+02 +2.409189653e+02 +2.409189653e+02
6414 +1.277421478e+02 +1.277421478e+02 +1.725521478e+02 +1.725521478e+02
6424 +4.292992620e+00 +4.292992620e+00 +4.910299262e+01 +4.910299262e+01
7821 +3.968632165e+00 +3.968632165e+00 +4.877863216e+01 +4.877863216e+01
45001 +2.481096778e+00 +2.481096778e+00 +4.729109678e+01 +4.729109678e+01
% function evaluation | noise-free fitness - Fopt (-1.764600000000e+02) | best noise-free fitness - Fopt | measured fitness | best measured fitness | x1 | x2...
1 +4.115401961e+05 +4.115401961e+05 +4.113637361e+05 +4.113637361e+05
2 +3.705664348e+05 +3.705664348e+05 +3.703899748e+05 +3.703899748e+05
3 +1.180483343e+05 +1.180483343e+05 +1.178718743e+05 +1.178718743e+05
9 +8.631945928e+04 +8.631945928e+04 +8.614299928e+04 +8.614299928e+04
1072 +3.677583568e+04 +3.677583568e+04 +3.659937568e+04 +3.659937568e+04
1806 +2.423306305e+04 +2.423306305e+04 +2.405660305e+04 +2.405660305e+04
2003 +1.459813756e+04 +1.459813756e+04 +1.442167756e+04 +1.442167756e+04
2803 +1.674290136e+03 +1.674290136e+03 +1.497830136e+03 +1.497830136e+03
4829 +1.223892599e+03 +1.223892599e+03 +1.047432599e+03 +1.047432599e+03
4839 +7.504220228e+02 +7.504220228e+02 +5.739620228e+02 +5.739620228e+02
5011 +5.835058644e+02 +5.835058644e+02 +4.070458644e+02 +4.070458644e+02
5252 +3.235099505e+02 +3.235099505e+02 +1.470499505e+02 +1.470499505e+02
5278 +2.031092391e+02 +2.031092391e+02 +2.664923909e+01 +2.664923909e+01
5605 +8.752843033e+01 +8.752843033e+01 -8.893156967e+01 -8.893156967e+01
5888 +1.745862481e+01 +1.745862481e+01 -1.590013752e+02 -1.590013752e+02
6001 +4.600751951e+00 +4.600751951e+00 -1.718592480e+02 -1.718592480e+02
6811 +3.970021160e+00 +3.970021160e+00 -1.724899788e+02 -1.724899788e+02
45201 +2.439714142e+00 +2.439714142e+00 -1.740202859e+02 -1.740202859e+02
