% function evaluation | noise-free fitness - Fopt (3.590000000000e+01) | best noise-free fitness - Fopt | measured fitness | best measured fitness | x1 | x2...
1 +2.631488408e+06 +2.631488408e+06 +2.631524308e+06 +2.631524308e+06
2 +2.117299504e+06 +2.117299504e+06 +2.117335404e+06 +2.117335404e+06
14 +1.457097071e+06 +1.457097071e+06 +1.457132971e+06 +1.457132971e+06
216 +9.778394467e+05 +9.778394467e+05 +9.778753467e+05 +9.778753467e+05
238 +5.793728658e+05 +5.793728658e+05 +5.794087658e+05 +5.794087658e+05
802 +3.744653632e+05 +3.744653632e+05 +3.745012632e+05 +3.745012632e+05
1817 +1.379269677e+05 +1.379269677e+05 +1.379628677e+05 +1.379628677e+05
2001 +6.680757927e+04 +6.680757927e+04 +6.684347927e+04 +6.684347927e+04
3422 +3.401141551e+04 +3.401141551e+04 +3.404731551e+04 +3.404731551e+04
4202 +1.857859473e+04 +1.857859473e+04 +1.861449473e+04 +1.861449473e+04
4250 +4.869682252e+03 +4.869682252e+03 +4.905582252e+03 +4.905582252e+03
4626 +3.910006055e+03 +3.910006055e+03 +3.945906055e+03 +3.945906055e+03
% function evaluation | noise-free fitness - Fopt (3.137000000000e+01) | best noise-free fitness - Fopt | measured fitness | best measured fitness | x1 | x2...
1 +1.956648221e+06 +1.956648221e+06 +1.956679591e+06 +1.956679591e+06
5 +1.213428999e+06 +1.213428999e+06 +1.213460369e+06 +1.213460369e+06
25 +8.209508103e+05 +8.209508103e+05 +8.209821803e+05 +8.209821803e+05
26 +6.159044209e+05 +6.159044209e+05 +6.159357909e+05 +6.159357909e+05
1001 +3.115347995e+05 +3.115347995e+05 +3.115661695e+05 +3.115661695e+05
1601 +2.370702881e+05 +2.370702881e+05 +2.371016581e+05 +2.371016581e+05
2205 +1.485774061e+05 +1.485774061e+05 +1.486087761e+05 +1.486087761e+05
2420 +6.322637747e+04 +6.322637747e+04 +6.325774747e+04 +6.325774747e+04
3201 +5.969268246e+04 +5.969268246e+04 +5.972405246e+04 +5.972405246e+04
3407 +3.386999112e+04 +3.386999112e+04 +3.390136112e+04 +3.390136112e+04
3415 +1.607519615e+04 +1.607519615e+04 +1.610656615e+04 +1.610656615e+04
3801 +1.489396374e+04 +1.489396374e+04 +1.492533374e+04 +1.492533374e+04
4623 +6.939033639e+03 +6.939033639e+03 +6.970403639e+03 +6.970403639e+03
4645 +4.274617390e+03 +4.274617390e+03 +4.305987390e+03 +4.305987390e+03
4806 +3.543264936e+03 +3.543264936e+03 +3.574634936e+03 +3.574634936e+03
4829 +2.279030086e+03 +2.279030086e+03 +2.310400086e+03 +2.310400086e+03
% function evaluation | noise-free fitness - Fopt (-1.000000000000e+03) | best noise-free fitness - Fopt | measured fitness | best measured fitness | x1 | x2...
1 +1.838202905e+06 +1.838202905e+06 +1.837202905e+06 +1.837202905e+06
16 +1.080174236e+06 +1.080174236e+06 +1.079174236e+06 +1.079174236e+06
17 +2.955096811e+05 +2.955096811e+05 +2.945096811e+05 +2.945096811e+05
615 +1.679032876e+05 +1.679032876e+05 +1.669032876e+05 +1.669032876e+05
801 +1.096199324e+05 +1.096199324e+05 +1.086199324e+05 +1.086199324e+05
1808 +6.629411985e+04 +6.629411985e+04 +6.529411985e+04 +6.529411985e+04
2231 +4.810604583e+04 +4.810604583e+04 +4.710604583e+04 +4.710604583e+04
2410 +1.784426127e+04 +1.784426127e+04 +1.684426127e+04 +1.684426127e+04
2819 +1.202071768e+04 +1.202071768e+04 +1.102071768e+04 +1.102071768e+04
3401 +6.648143408e+03 +6.648143408e+03 +5.648143408e+03 +5.648143408e+03
4032 +2.639316003e+03 +2.639316003e+03 +1.639316003e+03 +1.639316003e+03
4100 +2.185125273e+03 +2.185125273e+03 +1.185125273e+03 +1.185125273e+03
4415 +1.109794406e+03 +1.109794406e+03 +1.097944058e+02 +1.097944058e+02
4801 +7.656228649e+02 +7.656228649e+02 -2.343771351e+02 -2.343771351e+02
% function evaluation | noise-free fitness - Fopt (1.319200000000e+02) | best noise-free fitness - Fopt | measured fitness | best measured fitness | x1 | x2...
1 +1.136422998e+06 +1.136422998e+06 +1.136554918e+06 +1.136554918e+06
202 +9.793838324e+05 +9.793838324e+05 +9.795157524e+05 +9.795157524e+05
403 +6.160284492e+05 +6.160284492e+05 +6.161603692e+05 +6.161603692e+05
1229 +3.564200846e+05 +3.564200846e+05 +3.565520046e+05 +3.565520046e+05
1431 +2.236067202e+05 +2.236067202e+05 +2.237386402e+05 +2.237386402e+05
2413 +1.319191786e+05 +1.319191786e+05 +1.320510986e+05 +1.320510986e+05
3005 +8.045072310e+04 +8.045072310e+04 +8.058264310e+04 +8.058264310e+04
3601 +6.260685383e+04 +6.260685383e+04 +6.273877383e+04 +6.273877383e+04
4037 +3.473942908e+04 +3.473942908e+04 +3.487134908e+04 +3.487134908e+04
4639 +2.016742017e+04 +2.016742017e+04 +2.029934017e+04 +2.029934017e+04
% function evaluation | noise-free fitness - Fopt (5.908400000000e+02) | best noise-free fitness - Fopt | measured fitness | best measured fitness | x1 | x2...
1 +2.451959607e+06 +2.451959607e+06 +2.452550447e+06 +2.452550447e+06
17 +1.303424900e+06 +1.303424900e+06 +1.304015740e+06 +1.304015740e+06
404 +5.992575333e+05 +5.992575333e+05 +5.998483733e+05 +5.998483733e+05
1207 +3.129151302e+05 +3.129151302e+05 +3.135059702e+05 +3.135059702e+05
1860 +1.987873955e+05 +1.987873955e+05 +1.993782355e+05 +1.993782355e+05
2601 +1.549252332e+05 +1.549252332e+05 +1.555160732e+05 +1.555160732e+05
3228 +7.543605660e+04 +7.543605660e+04 +7.602689660e+04 +7.602689660e+04
3402 +4.103876840e+04 +4.103876840e+04 +4.162960840e+04 +4.162960840e+04
3416 +3.163228846e+04 +3.163228846e+04 +3.222312846e+04 +3.222312846e+04
4003 +8.267718242e+03 +8.267718242e+03 +8.858558242e+03 +8.858558242e+03
4656 +4.945944400e+03 +4.945944400e+03 +5.536784400e+03 +5.536784400e+03
4709 +9.250201839e+02 +9.250201839e+02 +1.515860184e+03 +1.515860184e+03
% function evaluation | noise-free fitness - Fopt (3.098000000000e+01) | best noise-free fitness - Fopt | measured fitness | best measured fitness | x1 | x2...
1 +2.664982437e+06 +2.664982437e+06 +2.665013417e+06 +2.665013417e+06
2 +1.759968972e+06 +1.759968972e+06 +1.759999952e+06 +1.759999952e+06
6 +1.475282656e+06 +1.475282656e+06 +1.475313636e+06 +1.475313636e+06
28 +8.182783335e+05 +8.182783335e+05 +8.183093135e+05 +8.183093135e+05
202 +5.846714219e+05 +5.846714219e+05 +5.847024019e+05 +5.847024019e+05
401 +3.788132708e+05 +3.788132708e+05 +3.788442508e+05 +3.788442508e+05
1201 +2.134375420e+05 +2.134375420e+05 +2.134685220e+05 +2.134685220e+05
1802 +1.204995705e+05 +1.204995705e+05 +1.205305505e+05 +1.205305505e+05
2249 +9.468748510e+04 +9.468748510e+04 +9.471846510e+04 +9.471846510e+04
2295 +3.319644166e+04 +3.319644166e+04 +3.322742166e+04 +3.322742166e+04
2412 +1.831332975e+04 +1.831332975e+04 +1.834430975e+04 +1.834430975e+04
2804 +4.661567934e+03 +4.661567934e+03 +4.692547934e+03 +4.692547934e+03
3616 +1.496374040e+03 +1.496374040e+03 +1.527354040e+03 +1.527354040e+03
% function evaluation | noise-free fitness - Fopt (-1.445400000000e+02) | best noise-free fitness - Fopt | measured fitness | best measured fitness | x1 | x2...
1 +1.870564990e+06 +1.870564990e+06 +1.870420450e+06 +1.870420450e+06
6 +1.248640021e+06 +1.248640021e+06 +1.248495481e+06 +1.248495481e+06
22 +6.049424246e+05 +6.049424246e+05 +6.047978846e+05 +6.047978846e+05
203 +3.182079755e+05 +3.182079755e+05 +3.180634355e+05 +3.180634355e+05
832 +2.487322032e+05 +2.487322032e+05 +2.485876632e+05 +2.485876632e+05
1829 +1.433993736e+05 +1.433993736e+05 +1.432548336e+05 +1.432548336e+05
2212 +9.493493127e+04 +9.493493127e+04 +9.479039127e+04 +9.479039127e+04
2425 +5.085356614e+04 +5.085356614e+04 +5.070902614e+04 +5.070902614e+04
2823 +3.643080332e+04 +3.643080332e+04 +3.628626332e+04 +3.628626332e+04
3601 +9.773020396e+03 +9.773020396e+03 +9.628480396e+03 +9.628480396e+03
3609 +4.996290781e+03 +4.996290781e+03 +4.851750781e+03 +4.851750781e+03
4009 +3.311013946e+03 +3.311013946e+03 +3.166473946e+03 +3.166473946e+03
4614 +8.318742262e+02 +8.318742262e+02 +6.873342262e+02 +6.873342262e+02
% function evaluation | noise-free fitness - Fopt (-9.649000000000e+01) | best noise-free fitness - Fopt | measured fitness | best measured fitness | x1 | x2...
1 +1.915625070e+06 +1.915625070e+06 +1.915528580e+06 +1.915528580e+06
49 +1.434410887e+06 +1.434410887e+06 +1.434314397e+06 +1.434314397e+06
204 +8.478837796e+05 +8.478837796e+05 +8.477872896e+05 +8.477872896e+05
635 +6.297444565e+05 +6.297444565e+05 +6.296479665e+05 +6.296479665e+05
1203 +3.451442910e+05 +3.451442910e+05 +3.450478010e+05 +3.450478010e+05
2203 +2.358944671e+05 +2.358944671e+05 +2.357979771e+05 +2.357979771e+05
2403 +1.384085781e+05 +1.384085781e+05 +1.383120881e+05 +1.383120881e+05
3005 +6.307049654e+04 +6.307049654e+04 +6.297400654e+04 +6.297400654e+04
3403 +3.493905046e+04 +3.493905046e+04 +3.484256046e+04 +3.484256046e+04
3801 +1.995399880e+04 +1.995399880e+04 +1.985750880e+04 +1.985750880e+04
4828 +1.091094816e+04 +1.091094816e+04 +1.081445816e+04 +1.081445816e+04
% function evaluation | noise-free fitness - Fopt (1.000000000000e+03) | best noise-free fitness - Fopt | measured fitness | best measured fitness | x1 | x2...
1 +2.964097671e+06 +2.964097671e+06 +2.965097671e+06 +2.965097671e+06
2 +2.074459375e+06 +2.074459375e+06 +2.075459375e+06 +2.075459375e+06
16 +1.133779025e+06 +1.133779025e+06 +1.134779025e+06 +1.134779025e+06
204 +7.055431779e+05 +7.055431779e+05 +7.065431779e+05 +7.065431779e+05
401 +4.507290195e+05 +4.507290195e+05 +4.517290195e+05 +4.517290195e+05
1408 +3.717539426e+05 +3.717539426e+05 +3.727539426e+05 +3.727539426e+05
1823 +2.337912166e+05 +2.337912166e+05 +2.347912166e+05 +2.347912166e+05
2867 +1.578232466e+05 +1.578232466e+05 +1.588232466e+05 +1.588232466e+05
3006 +9.689448452e+04 +9.689448452e+04 +9.789448452e+04 +9.789448452e+04
4205 +5.361845263e+04 +5.361845263e+04 +5.461845263e+04 +5.461845263e+04
4242 +3.891597814e+04 +3.891597814e+04 +3.991597814e+04 +3.991597814e+04
4401 +2.474720402e+04 +2.474720402e+04 +2.574720402e+04 +2.574720402e+04
% function evaluation | noise-free fitness - Fopt (-1.547600000000e+02) | best noise-free fitness - Fopt | measured fitness | best measured fitness | x1 | x2...
1 +1.838589066e+06 +1.838589066e+06 +1.838434306e+06 +1.838434306e+06
2 +1.156399810e+06 +1.156399810e+06 +1.156245050e+06 +1.156245050e+06
201 +8.195329894e+05 +8.195329894e+05 +8.193782294e+05 +8.193782294e+05
432 +5.762075102e+05 +5.762075102e+05 +5.760527502e+05 +5.760527502e+05
801 +3.363923351e+05 +3.363923351e+05 +3.362375751e+05 +3.362375751e+05
1804 +2.280271841e+05 +2.280271841e+05 +2.278724241e+05 +2.278724241e+05
1814 +1.163408853e+05 +1.163408853e+05 +1.161861253e+05 +1.161861253e+05
2001 +6.347379319e+04 +6.347379319e+04 +6.331903319e+04 +6.331903319e+04
2022 +3.364753295e+04 +3.364753295e+04 +3.349277295e+04 +3.349277295e+04
2601 +1.787347221e+04 +1.787347221e+04 +1.771871221e+04 +1.771871221e+04
3001 +1.539630464e+03 +1.539630464e+03 +1.384870464e+03 +1.384870464e+03
4804 +9.989807980e+02 +9.989807980e+02 +8.442207980e+02 +8.442207980e+02
% function evaluation | noise-free fitness - Fopt (3.914000000000e+01) | best noise-free fitness - Fopt | measured fitness | best measured fitness | x1 | x2...
1 +3.067024993e+06 +3.067024993e+06 +3.067064133e+06 +3.067064133e+06
2 +2.504804566e+06 +2.504804566e+06 +2.504843706e+06 +2.504843706e+06
7 +1.513546308e+06 +1.513546308e+06 +1.513585448e+06 +1.513585448e+06
401 +7.435448699e+05 +7.435448699e+05 +7.435840099e+05 +7.435840099e+05
433 +5.870608631e+05 +5.870608631e+05 +5.871000031e+05 +5.871000031e+05
603 +3.835232509e+05 +3.835232509e+05 +3.835623909e+05 +3.835623909e+05
1424 +2.468897364e+05 +2.468897364e+05 +2.469288764e+05 +2.469288764e+05
1615 +1.550856290e+05 +1.550856290e+05 +1.551247690e+05 +1.551247690e+05
1802 +8.382885068e+04 +8.382885068e+04 +8.386799068e+04 +8.386799068e+04
2161 +5.028173286e+04 +5.028173286e+04 +5.032087286e+04 +5.032087286e+04
2201 +3.809883514e+04 +3.809883514e+04 +3.813797514e+04 +3.813797514e+04
3002 +1.023860720e+04 +1.023860720e+04 +1.027774720e+04 +1.027774720e+04
3601 +9.368452729e+02 +9.368452729e+02 +9.759852729e+02 +9.759852729e+02
% function evaluation | noise-free fitness - Fopt (-1.186000000000e+01) | best noise-free fitness - Fopt | measured fitness | best measured fitness | x1 | x2...
1 +2.733865001e+06 +2.733865001e+06 +2.733853141e+06 +2.733853141e+06
2 +2.295226410e+06 +2.295226410e+06 +2.295214550e+06 +2.295214550e+06
45 +1.092354491e+06 +1.092354491e+06 +1.092342631e+06 +1.092342631e+06
401 +9.674124520e+05 +9.674124520e+05 +9.674005920e+05 +9.674005920e+05
1014 +5.801142547e+05 +5.801142547e+05 +5.801023947e+05 +5.801023947e+05
1612 +3.924717020e+05 +3.924717020e+05 +3.924598420e+05 +3.924598420e+05
2014 +2.294532045e+05 +2.294532045e+05 +2.294413445e+05 +2.294413445e+05
2401 +1.515870775e+05 +1.515870775e+05 +1.515752175e+05 +1.515752175e+05
3223 +7.905499968e+04 +7.905499968e+04 +7.904313968e+04 +7.904313968e+04
3809 +3.386022958e+04 +3.386022958e+04 +3.384836958e+04 +3.384836958e+04
4025 +2.300814379e+04 +2.300814379e+04 +2.299628379e+04 +2.299628379e+04
4824 +1.025178995e+04 +1.025178995e+04 +1.023992995e+04 +1.023992995e+04
4852 +8.048954532e+03 +8.048954532e+03 +8.037094532e+03 +8.037094532e+03
% function evaluation | noise-free fitness - Fopt (7.068000000000e+01) | best noise-free fitness - Fopt | measured fitness | best measured fitness | x1 | x2...
1 +1.835059702e+06 +1.835059702e+06 +1.835130382e+06 +1.835130382e+06
2 +1.246938573e+06 +1.246938573e+06 +1.247009253e+06 +1.247009253e+06
5 +7.943325330e+05 +7.943325330e+05 +7.944032130e+05 +7.944032130e+05
24 +5.987656510e+05 +5.987656510e+05 +5.988363310e+05 +5.988363310e+05
221 +3.237787882e+05 +3.237787882e+05 +3.238494682e+05 +3.238494682e+05
801 +2.364453797e+05 +2.364453797e+05 +2.365160597e+05 +2.365160597e+05
1201 +1.359508117e+05 +1.359508117e+05 +1.360214917e+05 +1.360214917e+05
1602 +5.784894618e+04 +5.784894618e+04 +5.791962618e+04 +5.791962618e+04
2005 +2.397774336e+04 +2.397774336e+04 +2.404842336e+04 +2.404842336e+04
2207 +7.743619111e+03 +7.743619111e+03 +7.814299111e+03 +7.814299111e+03
2614 +5.286741714e+03 +5.286741714e+03 +5.357421714e+03 +5.357421714e+03
3610 +2.481307531e+03 +2.481307531e+03 +2.551987531e+03 +2.551987531e+03
3627 +9.201538976e+02 +9.201538976e+02 +9.908338976e+02 +9.908338976e+02
% function evaluation | noise-free fitness - Fopt (-6.260000000000e+00) | best noise-free fitness - Fopt | measured fitness | best measured fitness | x1 | x2...
1 +1.966217810e+06 +1.966217810e+06 +1.966211550e+06 +1.966211550e+06
5 +1.512549983e+06 +1.512549983e+06 +1.512543723e+06 +1.512543723e+06
38 +5.767778026e+05 +5.767778026e+05 +5.767715426e+05 +5.767715426e+05
1208 +3.340360019e+05 +3.340360019e+05 +3.340297419e+05 +3.340297419e+05
2405 +2.314849208e+05 +2.314849208e+05 +2.314786608e+05 +2.314786608e+05
2624 +1.564196656e+05 +1.564196656e+05 +1.564134056e+05 +1.564134056e+05
3409 +9.564073091e+04 +9.564073091e+04 +9.563447091e+04 +9.563447091e+04
3690 +5.764279428e+04 +5.764279428e+04 +5.763653428e+04 +5.763653428e+04
3824 +3.410285203e+04 +3.410285203e+04 +3.409659203e+04 +3.409659203e+04
4405 +2.085132027e+04 +2.085132027e+04 +2.084506027e+04 +2.084506027e+04
% function evaluation | noise-free fitness - Fopt (1.838600000000e+02) | best noise-free fitness - Fopt | measured fitness | best measured fitness | x1 | x2...
1 +3.247316657e+06 +3.247316657e+06 +3.247500517e+06 +3.247500517e+06
2 +2.182046451e+06 +2.182046451e+06 +2.182230311e+06 +2.182230311e+06
27 +1.088961524e+06 +1.088961524e+06 +1.089145384e+06 +1.089145384e+06
209 +9.502683576e+05 +9.502683576e+05 +9.504522176e+05 +9.504522176e+05
483 +5.806433667e+05 +5.806433667e+05 +5.808272267e+05 +5.808272267e+05
1208 +3.083904621e+05 +3.083904621e+05 +3.085743221e+05 +3.085743221e+05
2003 +2.436222784e+05 +2.436222784e+05 +2.438061384e+05 +2.438061384e+05
2402 +1.421425916e+05 +1.421425916e+05 +1.423264516e+05 +1.423264516e+05
2687 +8.208089548e+04 +8.208089548e+04 +8.226475548e+04 +8.226475548e+04
3911 +6.295257405e+04 +6.295257405e+04 +6.313643405e+04 +6.313643405e+04
4097 +3.652155987e+04 +3.652155987e+04 +3.670541987e+04 +3.670541987e+04
4440 +1.639712382e+04 +1.639712382e+04 +1.658098382e+04 +1.658098382e+04
4611 +1.098387142e+04 +1.098387142e+04 +1.116773142e+04 +1.116773142e+04
4803 +9.622469933e+03 +9.622469933e+03 +9.806329933e+03 +9.806329933e+03
