% function evaluation | noise-free fitness - Fopt (-1.025500000000e+02) | best noise-free fitness - Fopt | measured fitness | best measured fitness | x1 | x2...
1 +1.013535693e+02 +1.013535693e+02 -1.196430736e+00 -1.196430736e+00 +4.7288e+00 -1.8425e+00
3 +5.030285321e+00 +5.030285321e+00 -9.751971468e+01 -9.751971468e+01 -2.1212e+00 -1.1404e+00
13 +1.674974162e+00 +1.674974162e+00 -1.008750258e+02 -1.008750258e+02 -1.3515e+00 -3.7725e-01
26 +1.576956297e+00 +1.576956297e+00 -1.009730437e+02 -1.009730437e+02 +2.9249e-01 +7.4723e-01
31 +2.883244492e-01 +2.883244492e-01 -1.022616756e+02 -1.022616756e+02 -1.0619e-01 +7.4723e-01
67 +1.072328059e-01 +1.072328059e-01 -1.024427672e+02 -1.024427672e+02 +1.5144e-01 +1.5113e+00
307 +3.700389527e-02 +3.700389527e-02 -1.025129961e+02 -1.025129961e+02 -1.6055e-01 +2.6737e-01
811 +1.477202838e-02 +1.477202838e-02 -1.025352280e+02 -1.025352280e+02 -1.6055e-01 +3.3729e-01
1262 +3.392621661e-04 +3.392621661e-04 -1.025496607e+02 -1.025496607e+02 -1.2055e-01 +8.1911e-01
1476 +5.102647243e-05 +5.102647243e-05 -1.025499490e+02 -1.025499490e+02 -1.4177e-01 +6.2510e-01
1718 +3.682869192e-06 +3.682869192e-06 -1.025499963e+02 -1.025499963e+02 -1.3490e-01 +6.8791e-01
1754 +1.788758041e-06 +1.788758041e-06 -1.025499982e+02 -1.025499982e+02 -1.2939e-01 +7.3829e-01
1757 +8.882223739e-07 +8.882223739e-07 -1.025499991e+02 -1.025499991e+02 -1.3061e-01 +7.2708e-01
1904 +6.271295945e-07 +6.271295945e-07 -1.025499994e+02 -1.025499994e+02 -1.3157e-01 +7.1910e-01
1921 +3.955826458e-07 +3.955826458e-07 -1.025499996e+02 -1.025499996e+02 -1.3190e-01 +7.1910e-01
1939 +1.861510412e-07 +1.861510412e-07 -1.025499998e+02 -1.025499998e+02 -1.3283e-01 +7.1210e-01
1950 +1.217205750e-07 +1.217205750e-07 -1.025499999e+02 -1.025499999e+02 -1.3453e-01 +6.9716e-01
1974 +9.992459127e-08 +9.992459127e-08 -1.025499999e+02 -1.025499999e+02 -1.3522e-01 +6.9213e-01
1995 +5.688825411e-08 +5.688825411e-08 -1.025499999e+02 -1.025499999e+02 -1.3390e-01 +7.0438e-01
2010 +1.968913921e-08 +1.968913921e-08 -1.025500000e+02 -1.025500000e+02 -1.3443e-01 +7.0023e-01
2027 +8.679307939e-09 +8.679307939e-09 -1.025500000e+02 -1.025500000e+02 -1.3470e-01 +6.9817e-01
2057 +4.825650990e-09 +4.825650990e-09 -1.025500000e+02 -1.025500000e+02 -1.3544e-01 +6.9296e-01
2140 +8.736691370e-10 +8.736691370e-10 -1.025500000e+02 -1.025500000e+02 -1.3532e-01 +6.9323e-01
2207 +3.108624469e-10 +3.108624469e-10 -1.025500000e+02 -1.025500000e+02 -1.3515e-01 +6.9462e-01
2242 +1.318340992e-10 +1.318340992e-10 -1.025500000e+02 -1.025500000e+02 -1.3521e-01 +6.9414e-01
2256 +7.021583315e-11 +7.021583315e-11 -1.025500000e+02 -1.025500000e+02 -1.3519e-01 +6.9442e-01
2257 +4.786215868e-11 +4.786215868e-11 -1.025500000e+02 -1.025500000e+02 -1.3520e-01 +6.9432e-01
2303 +3.646505320e-11 +3.646505320e-11 -1.025500000e+02 -1.025500000e+02 -1.3520e-01 +6.9432e-01
2336 +7.716494110e-12 +7.716494110e-12 -1.025500000e+02 -1.025500000e+02 -1.3522e-01 +6.9417e-01
2348 +1.548983164e-12 +1.548983164e-12 -1.025500000e+02 -1.025500000e+02 -1.3524e-01 +6.9401e-01
2516 +4.973799150e-13 +4.973799150e-13 -1.025500000e+02 -1.025500000e+02 -1.3523e-01 +6.9408e-01
2553 +0.000000000e+00 +0.000000000e+00 -1.025500000e+02 -1.025500000e+02 -1.3524e-01 +6.9405e-01
% function evaluation | noise-free fitness - Fopt (7.169000000000e+01) | best noise-free fitness - Fopt | measured fitness | best measured fitness | x1 | x2...
1 +8.210571054e+01 +8.210571054e+01 +1.537957105e+02 +1.537957105e+02 +4.0988e+00 +3.2485e+00
2 +3.157734604e+01 +3.157734604e+01 +1.032673460e+02 +1.032673460e+02 +3.2609e+00 -4.2525e-01
5 +1.460790190e+01 +1.460790190e+01 +8.629790190e+01 +8.629790190e+01 +2.1356e+00 -2.0913e+00
13 +6.423118841e+00 +6.423118841e+00 +7.811311884e+01 +7.811311884e+01 +2.8433e+00 -2.1170e+00
33 +1.885079198e+00 +1.885079198e+00 +7.357507920e+01 +7.357507920e+01 +2.1356e+00 +2.3451e-01
66 +6.111531691e-01 +6.111531691e-01 +7.230115317e+01 +7.230115317e+01 +1.6105e+00 +2.6803e+00
74 +3.899456465e-01 +3.899456465e-01 +7.207994565e+01 +7.207994565e+01 +1.2791e+00 +2.1697e+00
84 +2.380905666e-01 +2.380905666e-01 +7.192809057e+01 +7.192809057e+01 +1.5764e+00 +2.3451e-01
94 +1.265548732e-01 +1.265548732e-01 +7.181655487e+01 +7.181655487e+01 +8.0245e-01 +5.7038e+00
571 +7.163137536e-02 +7.163137536e-02 +7.176163138e+01 +7.176163138e+01 +9.6224e-01 +5.7038e+00
639 +1.930309243e-02 +1.930309243e-02 +7.170930309e+01 +7.170930309e+01 +1.3111e+00 +1.7028e+00
4620 +1.577835310e-02 +1.577835310e-02 +7.170577835e+01 +7.170577835e+01 +7.8276e-01 +5.5313e-02
% function evaluation | noise-free fitness - Fopt (2.140100000000e+02) | best noise-free fitness - Fopt | measured fitness | best measured fitness | x1 | x2...
1 +1.419472199e+02 +1.419472199e+02 +3.559572199e+02 +3.559572199e+02 +1.8103e+00 +3.9574e+00
2 +3.145961278e+01 +3.145961278e+01 +2.454696128e+02 +2.454696128e+02 -2.3526e+00 -3.5951e+00
3 +1.318338753e+01 +1.318338753e+01 +2.271933875e+02 +2.271933875e+02 -3.1197e+00 -3.0918e+00
5 +4.143236213e+00 +4.143236213e+00 +2.181532362e+02 +2.181532362e+02 -8.4106e-01 +1.9748e+00
20 +1.146786733e+00 +1.146786733e+00 +2.151567867e+02 +2.151567867e+02 -5.2048e+00 +2.7511e+00
42 +1.777391421e-02 +1.777391421e-02 +2.140277739e+02 +2.140277739e+02 -8.4106e-01 +8.6371e-01
1124 +2.055896468e-03 +2.055896468e-03 +2.140120559e+02 +2.140120559e+02 -6.5501e-01 +7.4599e-01
1225 +2.444097549e-04 +2.444097549e-04 +2.140102444e+02 +2.140102444e+02 -5.4863e-01 +6.7869e-01
1581 +9.986149652e-05 +9.986149652e-05 +2.140100999e+02 +2.140100999e+02 -5.2988e-01 +6.6395e-01
1595 +2.493532025e-05 +2.493532025e-05 +2.140100249e+02 +2.140100249e+02 -4.8680e-01 +6.3444e-01
1606 +1.787111785e-06 +1.787111785e-06 +2.140100018e+02 +2.140100018e+02 -4.4479e-01 +6.0370e-01
1611 +2.525993068e-07 +2.525993068e-07 +2.140100003e+02 +2.140100003e+02 -4.0319e-01 +5.7295e-01
1720 +1.669376104e-07 +1.669376104e-07 +2.140100002e+02 +2.140100002e+02 -3.9709e-01 +5.6871e-01
1732 +1.355473955e-07 +1.355473955e-07 +2.140100001e+02 +2.140100001e+02 -4.2108e-01 +5.8650e-01
1773 +2.939000865e-08 +2.939000865e-08 +2.140100000e+02 +2.140100000e+02 -4.0233e-01 +5.7279e-01
1791 +2.040056302e-08 +2.040056302e-08 +2.140100000e+02 +2.140100000e+02 -4.0385e-01 +5.7400e-01
1836 +9.749754781e-09 +9.749754781e-09 +2.140100000e+02 +2.140100000e+02 -4.0532e-01 +5.7495e-01
1841 +4.383025498e-09 +4.383025498e-09 +2.140100000e+02 +2.140100000e+02 -4.0626e-01 +5.7573e-01
1888 +3.065110832e-09 +3.065110832e-09 +2.140100000e+02 +2.140100000e+02 -4.0777e-01 +5.7686e-01
1901 +4.824016742e-10 +4.824016742e-10 +2.140100000e+02 +2.140100000e+02 -4.0777e-01 +5.7682e-01
1978 +1.622311174e-10 +1.622311174e-10 +2.140100000e+02 +2.140100000e+02 -4.0801e-01 +5.7697e-01
2043 +6.201616998e-11 +6.201616998e-11 +2.140100000e+02 +2.140100000e+02 -4.0860e-01 +5.7741e-01
2066 +1.196553967e-11 +1.196553967e-11 +2.140100000e+02 +2.140100000e+02 -4.0838e-01 +5.7724e-01
2187 +4.149569577e-12 +4.149569577e-12 +2.140100000e+02 +2.140100000e+02 -4.0845e-01 +5.7730e-01
2282 +3.069544618e-12 +3.069544618e-12 +2.140100000e+02 +2.140100000e+02 -4.0839e-01 +5.7726e-01
2285 +2.273736754e-12 +2.273736754e-12 +2.140100000e+02 +2.140100000e+02 -4.0839e-01 +5.7726e-01
2312 +1.421085472e-13 +1.421085472e-13 +2.140100000e+02 +2.140100000e+02 -4.0839e-01 +5.7726e-01
2392 +2.842170943e-14 +2.842170943e-14 +2.140100000e+02 +2.140100000e+02 -4.0838e-01 +5.7725e-01
2543 +0.000000000e+00 +0.000000000e+00 +2.140100000e+02 +2.140100000e+02 -4.0838e-01 +5.7725e-01
% function evaluation | noise-free fitness - Fopt (-5.848000000000e+01) | best noise-free fitness - Fopt | measured fitness | best measured fitness | x1 | x2...
1 +7.904908467e+00 +7.904908467e+00 -5.057509153e+01 -5.057509153e+01 -2.3099e+00 +9.6425e-01
2 +2.012847435e+00 +2.012847435e+00 -5.646715256e+01 -5.646715256e+01 -2.5801e+00 +1.1636e+00
57 +1.191815952e+00 +1.191815952e+00 -5.728818405e+01 -5.728818405e+01 -2.6196e+00 +2.6942e-01
73 +1.782901145e-02 +1.782901145e-02 -5.846217099e+01 -5.846217099e+01 +6.9624e-01 +1.6544e+00
824 +1.577927755e-02 +1.577927755e-02 -5.846422072e+01 -5.846422072e+01 +9.7893e-01 +1.6666e+00
3913 +6.415195685e-03 +6.415195685e-03 -5.847358480e+01 -5.847358480e+01 +6.3011e-01 -5.5257e-01
3988 +3.652201152e-03 +3.652201152e-03 -5.847634780e+01 -5.847634780e+01 +6.3011e-01 -5.5383e-01
4022 +1.063883357e-04 +1.063883357e-04 -5.847989361e+01 -5.847989361e+01 +5.7407e-01 -5.3713e-01
4034 +3.023468304e-05 +3.023468304e-05 -5.847996977e+01 -5.847996977e+01 +5.8222e-01 -5.3713e-01
4085 +1.515881038e-05 +1.515881038e-05 -5.847998484e+01 -5.847998484e+01 +5.7889e-01 -5.3713e-01
% function evaluation | noise-free fitness - Fopt (-6.130800000000e+02) | best noise-free fitness - Fopt | measured fitness | best measured fitness | x1 | x2...
1 +6.704272908e+00 +6.704272908e+00 -6.063757271e+02 -6.063757271e+02 -2.3513e+00 +6.0352e-01
16 +5.943535074e+00 +5.943535074e+00 -6.071364649e+02 -6.071364649e+02 +1.5257e+00 -4.2807e-02
38 +3.936337254e+00 +3.936337254e+00 -6.091436627e+02 -6.091436627e+02 -8.3563e-01 -2.8897e+00
84 +9.071742854e-02 +9.071742854e-02 -6.129892826e+02 -6.129892826e+02 +4.7753e-01 +5.5785e-01
315 +3.648438089e-02 +3.648438089e-02 -6.130435156e+02 -6.130435156e+02 -2.9455e-01 -1.1348e-01
332 +1.934409152e-02 +1.934409152e-02 -6.130606559e+02 -6.130606559e+02 +8.3266e-01 +5.5785e-01
760 +7.522907094e-05 +7.522907094e-05 -6.130799248e+02 -6.130799248e+02 +5.7430e-01 +2.6656e-01
1091 +2.565198770e-06 +2.565198770e-06 -6.130799974e+02 -6.130799974e+02 +6.1513e-01 +3.1231e-01
1534 +1.961835778e-06 +1.961835778e-06 -6.130799980e+02 -6.130799980e+02 +6.0027e-01 +2.9651e-01
1564 +8.164248584e-07 +8.164248584e-07 -6.130799992e+02 -6.130799992e+02 +6.0536e-01 +3.0083e-01
1663 +4.824503321e-07 +4.824503321e-07 -6.130799995e+02 -6.130799995e+02 +6.1472e-01 +3.1000e-01
1666 +1.157288807e-07 +1.157288807e-07 -6.130799999e+02 -6.130799999e+02 +6.1819e-01 +3.1403e-01
1721 +3.758088951e-08 +3.758088951e-08 -6.130800000e+02 -6.130800000e+02 +6.2263e-01 +3.1871e-01
1775 +1.720934506e-08 +1.720934506e-08 -6.130800000e+02 -6.130800000e+02 +6.2674e-01 +3.2300e-01
1808 +3.513036972e-09 +3.513036972e-09 -6.130800000e+02 -6.130800000e+02 +6.2739e-01 +3.2345e-01
1910 +3.432205631e-10 +3.432205631e-10 -6.130800000e+02 -6.130800000e+02 +6.2836e-01 +3.2453e-01
1929 +7.514699973e-11 +7.514699973e-11 -6.130800000e+02 -6.130800000e+02 +6.2802e-01 +3.2416e-01
2013 +3.024069883e-11 +3.024069883e-11 -6.130800000e+02 -6.130800000e+02 +6.2818e-01 +3.2432e-01
2101 +1.534772309e-11 +1.534772309e-11 -6.130800000e+02 -6.130800000e+02 +6.2818e-01 +3.2432e-01
2136 +8.412825991e-12 +8.412825991e-12 -6.130800000e+02 -6.130800000e+02 +6.2836e-01 +3.2450e-01
2214 +2.501110430e-12 +2.501110430e-12 -6.130800000e+02 -6.130800000e+02 +6.2828e-01 +3.2443e-01
2290 +7.958078641e-13 +7.958078641e-13 -6.130800000e+02 -6.130800000e+02 +6.2830e-01 +3.2444e-01
2317 +4.547473509e-13 +4.547473509e-13 -6.130800000e+02 -6.130800000e+02 +6.2831e-01 +3.2445e-01
2433 +3.410605132e-13 +3.410605132e-13 -6.130800000e+02 -6.130800000e+02 +6.2831e-01 +3.2445e-01
2490 +2.273736754e-13 +2.273736754e-13 -6.130800000e+02 -6.130800000e+02 +6.2830e-01 +3.2444e-01
2491 +1.136868377e-13 +1.136868377e-13 -6.130800000e+02 -6.130800000e+02 +6.2830e-01 +3.2444e-01
2531 +0.000000000e+00 +0.000000000e+00 -6.130800000e+02 -6.130800000e+02 +6.2829e-01 +3.2443e-01
% function evaluation | noise-free fitness - Fopt (-1.852700000000e+02) | best noise-free fitness - Fopt | measured fitness | best measured fitness | x1 | x2...
1 +2.035292921e+01 +2.035292921e+01 -1.649170708e+02 -1.649170708e+02 -1.4459e+00 -1.2085e+00
10 +7.994812961e+00 +7.994812961e+00 -1.772751870e+02 -1.772751870e+02 +1.7922e+00 +1.3989e+00
21 +5.849089220e+00 +5.849089220e+00 -1.794209108e+02 -1.794209108e+02 +1.7922e+00 +3.4133e-01
23 +6.221538218e-01 +6.221538218e-01 -1.846478462e+02 -1.846478462e+02 +1.3259e+00 +1.4638e+00
25 +3.336021217e-01 +3.336021217e-01 -1.849363979e+02 -1.849363979e+02 -4.6414e-01 +2.4462e-02
75 +9.363284868e-02 +9.363284868e-02 -1.851763672e+02 -1.851763672e+02 +2.1837e-01 -4.6877e-02
366 +3.179088204e-02 +3.179088204e-02 -1.852382091e+02 -1.852382091e+02 +2.0849e-01 -6.8176e-02
551 +1.673798036e-02 +1.673798036e-02 -1.852532620e+02 -1.852532620e+02 -1.9926e-01 -6.8176e-02
2163 +1.572063782e-02 +1.572063782e-02 -1.852542794e+02 -1.852542794e+02 -1.9470e-01 -6.7416e-02
% function evaluation | noise-free fitness - Fopt (3.747000000000e+01) | best noise-free fitness - Fopt | measured fitness | best measured fitness | x1 | x2...
1 +2.513042232e+01 +2.513042232e+01 +6.260042232e+01 +6.260042232e+01 -2.5302e+00 -8.6516e-01
2 +5.210885667e+00 +5.210885667e+00 +4.268088567e+01 +4.268088567e+01 +1.4881e+00 -2.8794e+00
6 +1.727155237e+00 +1.727155237e+00 +3.919715524e+01 +3.919715524e+01 +2.3261e+00 +1.1620e+00
56 +3.834219236e-01 +3.834219236e-01 +3.785342192e+01 +3.785342192e+01 +2.2023e+00 +9.7564e+00
82 +2.355889479e-01 +2.355889479e-01 +3.770558895e+01 +3.770558895e+01 +1.8317e+00 +1.1475e+00
213 +1.027186101e-01 +1.027186101e-01 +3.757271861e+01 +3.757271861e+01 +1.7400e+00 +1.0727e+00
409 +5.464388159e-02 +5.464388159e-02 +3.752464388e+01 +3.752464388e+01 +2.0660e+00 +4.2449e+00
899 +1.752571584e-02 +1.752571584e-02 +3.748752572e+01 +3.748752572e+01 +1.7281e+00 +1.9112e+00
1171 +1.579710223e-02 +1.579710223e-02 +3.748579710e+01 +3.748579710e+01 +1.7281e+00 +2.0157e+00
% function evaluation | noise-free fitness - Fopt (-3.944700000000e+02) | best noise-free fitness - Fopt | measured fitness | best measured fitness | x1 | x2...
1 +4.734001860e+00 +4.734001860e+00 -3.897359981e+02 -3.897359981e+02 -1.1494e+00 -4.5614e-01
11 +3.528752098e+00 +3.528752098e+00 -3.909412479e+02 -3.909412479e+02 +2.3856e-01 +2.1236e+00
40 +1.808123760e+00 +1.808123760e+00 -3.926618762e+02 -3.926618762e+02 +1.5910e-01 +6.1470e-01
43 +1.184772618e+00 +1.184772618e+00 -3.932852274e+02 -3.932852274e+02 -1.1494e+00 +7.4248e-01
57 +5.448310141e-01 +5.448310141e-01 -3.939251690e+02 -3.939251690e+02 -7.1694e-01 +2.7396e-01
104 +3.770718822e-01 +3.770718822e-01 -3.940929281e+02 -3.940929281e+02 -1.1060e+00 +3.1149e+00
174 +5.424269587e-02 +5.424269587e-02 -3.944157573e+02 -3.944157573e+02 -8.3330e-01 +2.1658e+00
961 +1.692829889e-02 +1.692829889e-02 -3.944530717e+02 -3.944530717e+02 -9.3571e-01 +2.1658e+00
1210 +1.571059309e-02 +1.571059309e-02 -3.944542894e+02 -3.944542894e+02 -9.3651e-01 +2.1622e+00
% function evaluation | noise-free fitness - Fopt (-1.026200000000e+02) | best noise-free fitness - Fopt | measured fitness | best measured fitness | x1 | x2...
1 +2.541443212e+01 +2.541443212e+01 -7.720556788e+01 -7.720556788e+01 +3.1500e+00 -2.2410e+00
3 +4.446366649e+00 +4.446366649e+00 -9.817363335e+01 -9.817363335e+01 +1.2600e-02 -6.8670e-01
9 +7.382893185e-01 +7.382893185e-01 -1.018817107e+02 -1.018817107e+02 -1.8782e+00 -2.4376e-01
31 +5.864179011e-01 +5.864179011e-01 -1.020335821e+02 -1.020335821e+02 -2.3808e+00 -2.4376e-01
36 +1.958587721e-01 +1.958587721e-01 -1.024241412e+02 -1.024241412e+02 -6.4027e-01 -1.3466e+00
101 +6.285824319e-02 +6.285824319e-02 -1.025571418e+02 -1.025571418e+02 -3.6808e-01 +1.4086e+00
861 +1.902496878e-02 +1.902496878e-02 -1.026009750e+02 -1.026009750e+02 +1.4287e-01 +2.2950e-01
1152 +1.226620262e-02 +1.226620262e-02 -1.026077338e+02 -1.026077338e+02 +1.4287e-01 +2.6253e-01
1169 +7.672298313e-03 +7.672298313e-03 -1.026123277e+02 -1.026123277e+02 +1.3442e-01 +3.3614e-01
1216 +5.528959632e-03 +5.528959632e-03 -1.026144710e+02 -1.026144710e+02 +1.2640e-01 +3.8691e-01
1254 +1.878336719e-03 +1.878336719e-03 -1.026181217e+02 -1.026181217e+02 +1.1351e-01 +4.2356e-01
1262 +2.740095316e-04 +2.740095316e-04 -1.026197260e+02 -1.026197260e+02 +9.2043e-02 +5.4140e-01
1305 +1.462594830e-04 +1.462594830e-04 -1.026198537e+02 -1.026198537e+02 +8.6410e-02 +5.5628e-01
1319 +5.818046432e-06 +5.818046432e-06 -1.026199942e+02 -1.026199942e+02 +6.2295e-02 +6.6610e-01
1328 +7.086386660e-07 +7.086386660e-07 -1.026199993e+02 -1.026199993e+02 +5.8670e-02 +6.7567e-01
1461 +3.956271399e-07 +3.956271399e-07 -1.026199996e+02 -1.026199996e+02 +4.5867e-02 +7.2563e-01
1491 +1.526846631e-07 +1.526846631e-07 -1.026199998e+02 -1.026199998e+02 +4.7555e-02 +7.1960e-01
1550 +9.790980471e-08 +9.790980471e-08 -1.026199999e+02 -1.026199999e+02 +4.9959e-02 +7.1179e-01
1568 +2.798515197e-09 +2.798515197e-09 -1.026200000e+02 -1.026200000e+02 +5.1366e-02 +7.0553e-01
1689 +1.639349989e-09 +1.639349989e-09 -1.026200000e+02 -1.026200000e+02 +5.1761e-02 +7.0389e-01
1734 +6.966160981e-11 +6.966160981e-11 -1.026200000e+02 -1.026200000e+02 +5.1336e-02 +7.0544e-01
1876 +5.957190297e-11 +5.957190297e-11 -1.026200000e+02 -1.026200000e+02 +5.1472e-02 +7.0494e-01
1912 +4.689582056e-13 +4.689582056e-13 -1.026200000e+02 -1.026200000e+02 +5.1391e-02 +7.0524e-01
1998 +3.552713679e-13 +3.552713679e-13 -1.026200000e+02 -1.026200000e+02 +5.1391e-02 +7.0524e-01
2001 +1.989519660e-13 +1.989519660e-13 -1.026200000e+02 -1.026200000e+02 +5.1391e-02 +7.0524e-01
2102 +8.526512829e-14 +8.526512829e-14 -1.026200000e+02 -1.026200000e+02 +5.1392e-02 +7.0524e-01
2130 +1.421085472e-14 +1.421085472e-14 -1.026200000e+02 -1.026200000e+02 +5.1394e-02 +7.0523e-01
2195 +0.000000000e+00 +0.000000000e+00 -1.026200000e+02 -1.026200000e+02 +5.1393e-02 +7.0524e-01
% function evaluation | noise-free fitness - Fopt (2.728300000000e+02) | best noise-free fitness - Fopt | measured fitness | best measured fitness | x1 | x2...
1 +2.197283347e+01 +2.197283347e+01 +2.948028335e+02 +2.948028335e+02 -3.0702e+00 -1.3263e+00
2 +3.305802387e+00 +3.305802387e+00 +2.761358024e+02 +2.761358024e+02 -2.1020e+00 -1.1780e+00
7 +1.534294150e+00 +1.534294150e+00 +2.743642941e+02 +2.743642941e+02 +3.6601e-02 -1.9250e+00
13 +7.462234792e-01 +7.462234792e-01 +2.735762235e+02 +2.735762235e+02 -1.8145e+00 -3.5107e-01
56 +2.920941314e-01 +2.920941314e-01 +2.731220941e+02 +2.731220941e+02 -5.7520e-01 -8.1623e-01
162 +1.306926692e-01 +1.306926692e-01 +2.729606927e+02 +2.729606927e+02 +1.6443e-01 -1.5541e-01
215 +6.400275358e-04 +6.400275358e-04 +2.728306400e+02 +2.728306400e+02 +7.4881e-02 -4.9259e-01
384 +1.991888894e-04 +1.991888894e-04 +2.728301992e+02 +2.728301992e+02 +5.2938e-02 -5.6845e-01
413 +2.864018387e-05 +2.864018387e-05 +2.728300286e+02 +2.728300286e+02 +2.2388e-02 -6.7212e-01
422 +6.689505994e-06 +6.689505994e-06 +2.728300067e+02 +2.728300067e+02 -7.2882e-03 -7.7282e-01
522 +3.073199082e-06 +3.073199082e-06 +2.728300031e+02 +2.728300031e+02 -2.4092e-03 -7.5667e-01
595 +2.765002023e-07 +2.765002023e-07 +2.728300003e+02 +2.728300003e+02 +1.7925e-02 -6.9228e-01
674 +1.080043148e-07 +1.080043148e-07 +2.728300001e+02 +2.728300001e+02 +1.2035e-02 -7.1130e-01
711 +6.334460068e-08 +6.334460068e-08 +2.728300001e+02 +2.728300001e+02 +1.6350e-02 -6.9800e-01
737 +4.168589385e-08 +4.168589385e-08 +2.728300000e+02 +2.728300000e+02 +1.5679e-02 -7.0097e-01
776 +2.126046184e-08 +2.126046184e-08 +2.728300000e+02 +2.728300000e+02 +1.4725e-02 -7.0325e-01
809 +1.501121005e-08 +1.501121005e-08 +2.728300000e+02 +2.728300000e+02 +1.4411e-02 -7.0429e-01
886 +6.324057722e-09 +6.324057722e-09 +2.728300000e+02 +2.728300000e+02 +1.3929e-02 -7.0592e-01
918 +5.782283097e-09 +5.782283097e-09 +2.728300000e+02 +2.728300000e+02 +1.3793e-02 -7.0636e-01
932 +3.387867764e-09 +3.387867764e-09 +2.728300000e+02 +2.728300000e+02 +1.3794e-02 -7.0641e-01
956 +2.048579972e-09 +2.048579972e-09 +2.728300000e+02 +2.728300000e+02 +1.3461e-02 -7.0751e-01
970 +4.395133146e-10 +4.395133146e-10 +2.728300000e+02 +2.728300000e+02 +1.3636e-02 -7.0702e-01
991 +2.386286724e-10 +2.386286724e-10 +2.728300000e+02 +2.728300000e+02 +1.3466e-02 -7.0763e-01
999 +8.265033102e-11 +8.265033102e-11 +2.728300000e+02 +2.728300000e+02 +1.3676e-02 -7.0698e-01
1033 +3.410605132e-13 +3.410605132e-13 +2.728300000e+02 +2.728300000e+02 +1.3669e-02 -7.0698e-01
1194 +5.684341886e-14 +5.684341886e-14 +2.728300000e+02 +2.728300000e+02 +1.3668e-02 -7.0698e-01
1482 +0.000000000e+00 +0.000000000e+00 +2.728300000e+02 +2.728300000e+02 +1.3669e-02 -7.0698e-01
% function evaluation | noise-free fitness - Fopt (-3.400000000000e+00) | best noise-free fitness - Fopt | measured fitness | best measured fitness | x1 | x2...
1 +2.119565453e+01 +2.119565453e+01 +1.779565453e+01 +1.779565453e+01 -3.7836e+00 +6.2780e-01
4 +1.321853245e+01 +1.321853245e+01 +9.818532450e+00 +9.818532450e+00 +3.9153e-01 +6.1499e-01
7 +8.955024889e+00 +8.955024889e+00 +5.555024889e+00 +5.555024889e+00 +3.7741e+00 -1.1251e+00
8 +4.904028964e+00 +4.904028964e+00 +1.504028964e+00 +1.504028964e+00 -9.1064e-01 -1.8146e+00
10 +2.817291667e+00 +2.817291667e+00 -5.827083327e-01 -5.827083327e-01 +2.0638e+00 +2.4065e-01
46 +1.488261184e+00 +1.488261184e+00 -1.911738816e+00 -1.911738816e+00 -2.9300e-01 -4.0409e-02
71 +2.246110389e-01 +2.246110389e-01 -3.175388961e+00 -3.175388961e+00 -2.9300e-01 -2.9722e-01
156 +1.702642009e-02 +1.702642009e-02 -3.382973580e+00 -3.382973580e+00 -7.8985e-01 -5.5020e-01
911 +1.576243050e-02 +1.576243050e-02 -3.384237570e+00 -3.384237570e+00 +5.2093e-01 +3.8713e-01
937 +6.853080301e-04 +6.853080301e-04 -3.399314692e+00 -3.399314692e+00 +8.1189e-01 +4.8514e-01
973 +2.840644815e-04 +2.840644815e-04 -3.399715936e+00 -3.399715936e+00 +4.9785e-01 +3.8713e-01
1010 +1.121278450e-05 +1.121278450e-05 -3.399988787e+00 -3.399988787e+00 +6.4695e-01 +4.3736e-01
1189 +2.106290005e-07 +2.106290005e-07 -3.399999789e+00 -3.399999789e+00 +5.8744e-01 +4.1985e-01
1316 +9.727555472e-08 +9.727555472e-08 -3.399999903e+00 -3.399999903e+00 +5.6146e-01 +4.1132e-01
1354 +3.546424665e-08 +3.546424665e-08 -3.399999965e+00 -3.399999965e+00 +5.7932e-01 +4.1699e-01
1418 +4.721359304e-09 +4.721359304e-09 -3.399999995e+00 -3.399999995e+00 +5.7178e-01 +4.1478e-01
1422 +4.745697169e-10 +4.745697169e-10 -3.400000000e+00 -3.400000000e+00 +5.7191e-01 +4.1477e-01
1615 +3.737667953e-10 +3.737667953e-10 -3.400000000e+00 -3.400000000e+00 +5.7174e-01 +4.1470e-01
1640 +9.573675186e-11 +9.573675186e-11 -3.400000000e+00 -3.400000000e+00 +5.7224e-01 +4.1485e-01
1678 +1.123368065e-11 +1.123368065e-11 -3.400000000e+00 -3.400000000e+00 +5.7266e-01 +4.1499e-01
1681 +6.263434216e-12 +6.263434216e-12 -3.400000000e+00 -3.400000000e+00 +5.7265e-01 +4.1499e-01
1903 +3.284483796e-12 +3.284483796e-12 -3.400000000e+00 -3.400000000e+00 +5.7251e-01 +4.1495e-01
1982 +1.016076112e-12 +1.016076112e-12 -3.400000000e+00 -3.400000000e+00 +5.7254e-01 +4.1495e-01
2005 +9.592326933e-14 +9.592326933e-14 -3.400000000e+00 -3.400000000e+00 +5.7255e-01 +4.1496e-01
2286 +1.243449788e-14 +1.243449788e-14 -3.400000000e+00 -3.400000000e+00 +5.7255e-01 +4.1496e-01
2372 +1.776356839e-15 +1.776356839e-15 -3.400000000e+00 -3.400000000e+00 +5.7255e-01 +4.1496e-01
2409 +0.000000000e+00 +0.000000000e+00 -3.400000000e+00 -3.400000000e+00 +5.7255e-01 +4.1496e-01
% function evaluation | noise-free fitness - Fopt (-1.851700000000e+02) | best noise-free fitness - Fopt | measured fitness | best measured fitness | x1 | x2...
1 +1.046420783e+01 +1.046420783e+01 -1.747057922e+02 -1.747057922e+02 +3.3115e+00 +4.6949e-01
2 +2.187653589e+00 +2.187653589e+00 -1.829823464e+02 -1.829823464e+02 +1.3300e+00 -1.2253e+00
57 +4.777224903e-02 +4.777224903e-02 -1.851222278e+02 -1.851222278e+02 -3.8284e+00 -1.9098e+00
2020 +1.606026842e-02 +1.606026842e-02 -1.851539397e+02 -1.851539397e+02 -5.2811e-01 -1.3920e+00
% function evaluation | noise-free fitness - Fopt (1.013400000000e+02) | best noise-free fitness - Fopt | measured fitness | best measured fitness | x1 | x2...
1 +2.459851128e+01 +2.459851128e+01 +1.259385113e+02 +1.259385113e+02 +2.0674e+00 -3.0174e+00
11 +7.034272807e+00 +7.034272807e+00 +1.083742728e+02 +1.083742728e+02 +3.7929e+00 -3.9147e-01
28 +4.552667895e+00 +4.552667895e+00 +1.058926679e+02 +1.058926679e+02 -3.3372e+00 -2.1178e+00
39 +2.647860072e+00 +2.647860072e+00 +1.039878601e+02 +1.039878601e+02 -9.5348e+00 -2.4674e+00
46 +1.167994054e+00 +1.167994054e+00 +1.025079941e+02 +1.025079941e+02 -1.4072e+01 -2.3363e+00
63 +4.641542453e-01 +4.641542453e-01 +1.018041542e+02 +1.018041542e+02 -3.1300e+00 -2.0597e+00
156 +1.300269175e-01 +1.300269175e-01 +1.014700269e+02 +1.014700269e+02 -4.3599e-01 -1.5510e+00
427 +9.673644631e-02 +9.673644631e-02 +1.014367364e+02 +1.014367364e+02 -3.3246e+00 -1.7257e+00
534 +4.975233766e-02 +4.975233766e-02 +1.013897523e+02 +1.013897523e+02 -1.2045e+00 -1.5776e+00
905 +3.031282605e-02 +3.031282605e-02 +1.013703128e+02 +1.013703128e+02 +3.2195e-01 -1.0368e+00
1977 +1.573238611e-02 +1.573238611e-02 +1.013557324e+02 +1.013557324e+02 -6.4491e-01 -1.2928e+00
% function evaluation | noise-free fitness - Fopt (-2.400000000000e+00) | best noise-free fitness - Fopt | measured fitness | best measured fitness | x1 | x2...
1 +7.925921450e+00 +7.925921450e+00 +5.525921450e+00 +5.525921450e+00 -2.1854e+00 +5.4893e-01
8 +2.779224692e-01 +2.779224692e-01 -2.122077531e+00 -2.122077531e+00 +3.5865e+00 -1.4160e+00
471 +1.971684599e-01 +1.971684599e-01 -2.202831540e+00 -2.202831540e+00 +3.9479e+00 -1.6345e+00
484 +1.014795812e-01 +1.014795812e-01 -2.298520419e+00 -2.298520419e+00 +4.2781e+00 -1.4085e+00
533 +3.714215761e-02 +3.714215761e-02 -2.362857842e+00 -2.362857842e+00 +3.9170e+00 -1.4130e+00
% function evaluation | noise-free fitness - Fopt (-2.778000000000e+01) | best noise-free fitness - Fopt | measured fitness | best measured fitness | x1 | x2...
1 +1.993135465e+01 +1.993135465e+01 -7.848645353e+00 -7.848645353e+00 -1.5536e+00 +2.7856e+00
2 +8.719543690e+00 +8.719543690e+00 -1.906045631e+01 -1.906045631e+01 +2.0978e+00 +1.2049e+00
4 +3.181760427e-01 +3.181760427e-01 -2.746182396e+01 -2.746182396e+01 +7.1245e-02 +2.3646e-01
37 +4.067358159e-02 +4.067358159e-02 -2.773932642e+01 -2.773932642e+01 -3.6363e-01 +2.6999e-01
248 +1.574534523e-02 +1.574534523e-02 -2.776425465e+01 -2.776425465e+01 +4.4148e-01 -6.3118e-01
291 +1.257599627e-04 +1.257599627e-04 -2.777987424e+01 -2.777987424e+01 +3.2992e-01 -6.3118e-01
540 +6.180872923e-06 +6.180872923e-06 -2.777999382e+01 -2.777999382e+01 +3.2623e-01 -5.9838e-01
610 +3.823282611e-06 +3.823282611e-06 -2.777999618e+01 -2.777999618e+01 +3.2324e-01 -5.7176e-01
763 +1.943782472e-06 +1.943782472e-06 -2.777999806e+01 -2.777999806e+01 +3.3170e-01 -6.1769e-01
863 +6.306828340e-07 +6.306828340e-07 -2.777999937e+01 -2.777999937e+01 +3.2713e-01 -5.9543e-01
939 +1.150743643e-07 +1.150743643e-07 -2.777999988e+01 -2.777999988e+01 +3.3157e-01 -6.2412e-01
951 +6.139681119e-08 +6.139681119e-08 -2.777999994e+01 -2.777999994e+01 +3.3208e-01 -6.2412e-01
957 +1.303510189e-08 +1.303510189e-08 -2.777999999e+01 -2.777999999e+01 +3.3115e-01 -6.1968e-01
1074 +9.922516142e-10 +9.922516142e-10 -2.778000000e+01 -2.778000000e+01 +3.3177e-01 -6.2372e-01
1129 +2.264783916e-10 +2.264783916e-10 -2.778000000e+01 -2.778000000e+01 +3.3179e-01 -6.2374e-01
1174 +1.401900818e-11 +1.401900818e-11 -2.778000000e+01 -2.778000000e+01 +3.3189e-01 -6.2429e-01
1339 +3.247180302e-12 +3.247180302e-12 -2.778000000e+01 -2.778000000e+01 +3.3189e-01 -6.2431e-01
1391 +7.602807273e-13 +7.602807273e-13 -2.778000000e+01 -2.778000000e+01 +3.3191e-01 -6.2440e-01
1451 +3.304023721e-13 +3.304023721e-13 -2.778000000e+01 -2.778000000e+01 +3.3191e-01 -6.2439e-01
1531 +1.492139745e-13 +1.492139745e-13 -2.778000000e+01 -2.778000000e+01 +3.3190e-01 -6.2436e-01
1588 +4.973799150e-14 +4.973799150e-14 -2.778000000e+01 -2.778000000e+01 +3.3191e-01 -6.2438e-01
1618 +2.486899575e-14 +2.486899575e-14 -2.778000000e+01 -2.778000000e+01 +3.3190e-01 -6.2437e-01
1691 +1.421085472e-14 +1.421085472e-14 -2.778000000e+01 -2.778000000e+01 +3.3190e-01 -6.2437e-01
1790 +7.105427358e-15 +7.105427358e-15 -2.778000000e+01 -2.778000000e+01 +3.3190e-01 -6.2437e-01
1806 +3.552713679e-15 +3.552713679e-15 -2.778000000e+01 -2.778000000e+01 +3.3190e-01 -6.2437e-01
1830 +0.000000000e+00 +0.000000000e+00 -2.778000000e+01 -2.778000000e+01 +3.3190e-01 -6.2437e-01
