% function evaluation | noise-free fitness - Fopt (9.294000000000e+01) | best noise-free fitness - Fopt | measured fitness | best measured fitness | x1 | x2...
1 +1.101893973e+03 +1.101893973e+03 +1.194833973e+03 +1.194833973e+03 -4.8709e+00 -4.9478e-01 +2.2445e+00 +1.3586e+00 -2.9567e+00
3 +1.165726053e+02 +1.165726053e+02 +2.095126053e+02 +2.095126053e+02 -3.3690e+00 +2.3476e+00 +1.2952e+00 +3.6487e+00 +2.9921e+00
10 +8.673402929e+01 +8.673402929e+01 +1.796740293e+02 +1.796740293e+02 -4.8901e-02 -2.9145e+00 -2.7535e+00 -1.2454e+00 +6.0774e-01
16 +3.064639867e+01 +3.064639867e+01 +1.235863987e+02 +1.235863987e+02 -3.7625e+00 +2.7934e+00 -1.1337e+00 +1.5953e+00 +3.5747e+00
62 +1.737646683e+01 +1.737646683e+01 +1.103164668e+02 +1.103164668e+02 -1.2378e+00 +1.7326e+00 -4.7642e-01 +3.3745e-01 +1.3229e+00
232 +1.375364397e+01 +1.375364397e+01 +1.066936440e+02 +1.066936440e+02 -6.9561e-01 +2.6703e-01 +4.2381e-01 +7.6635e-01 +1.1724e+00
400 +9.246262789e+00 +9.246262789e+00 +1.021862628e+02 +1.021862628e+02 -1.2378e+00 +1.7326e+00 -1.3901e+00 +6.6256e-01 +1.3229e+00
1186 +5.038303538e+00 +5.038303538e+00 +9.797830354e+01 +9.797830354e+01 +2.6666e-01 +3.5542e-01 -4.7105e-01 -3.2712e-01 -3.9731e-01
1485 +2.713155363e+00 +2.713155363e+00 +9.565315536e+01 +9.565315536e+01 -1.0028e+00 +1.1558e+00 -4.4487e-01 +1.5764e+00 +1.8464e+00
2323 +2.037100217e+00 +2.037100217e+00 +9.497710022e+01 +9.497710022e+01 -1.0618e+00 +1.4599e+00 -4.7636e-01 +2.2524e+00 +2.1902e+00
2764 +1.452834165e+00 +1.452834165e+00 +9.439283417e+01 +9.439283417e+01 -2.3584e-01 +3.5492e-01 +6.2261e-01 +2.0429e+00 +1.3224e+00
% function evaluation | noise-free fitness - Fopt (3.535000000000e+01) | best noise-free fitness - Fopt | measured fitness | best measured fitness | x1 | x2...
1 +3.745928486e+02 +3.745928486e+02 +4.099428486e+02 +4.099428486e+02 -9.2561e-01 +1.6689e+00 -7.6313e-01 +1.7674e+00 -1.2567e+00
7 +2.455667842e+02 +2.455667842e+02 +2.809167842e+02 +2.809167842e+02 +9.3844e-01 +3.3860e+00 +4.5973e+00 +3.8440e+00 +2.5838e+00
8 +8.922071011e+01 +8.922071011e+01 +1.245707101e+02 +1.245707101e+02 +4.2402e+00 -3.9061e+00 +4.7146e+00 -2.1205e+00 -4.3254e+00
11 +5.168347286e+01 +5.168347286e+01 +8.703347286e+01 +8.703347286e+01 -1.2918e+00 +3.0124e+00 +2.5186e+00 +2.2303e+00 -3.4730e+00
32 +1.388933089e+01 +1.388933089e+01 +4.923933089e+01 +4.923933089e+01 +1.5269e+00 +3.8560e+00 +3.7534e+00 +2.9676e+00 -1.7460e+00
338 +7.716765152e+00 +7.716765152e+00 +4.306676515e+01 +4.306676515e+01 +3.6446e+00 -1.7724e+00 +4.7447e+00 +1.7697e+00 -1.0355e+00
909 +5.623753786e+00 +5.623753786e+00 +4.097375379e+01 +4.097375379e+01 +1.5269e+00 +3.9631e+00 +2.7816e+00 +2.2303e+00 -1.7460e+00
1416 +2.512423006e+00 +2.512423006e+00 +3.786242301e+01 +3.786242301e+01 +6.0151e-01 +3.0749e+00 +3.6529e+00 +2.2621e+00 -1.8388e+00
1561 +2.350952899e+00 +2.350952899e+00 +3.770095290e+01 +3.770095290e+01 +1.8928e+00 +6.3058e-01 +4.1338e+00 +8.6656e-01 -1.9536e+00
1588 +1.438765459e+00 +1.438765459e+00 +3.678876546e+01 +3.678876546e+01 +1.5250e+00 +1.3137e+00 +4.0091e+00 +1.5612e+00 -1.7451e+00
2275 +7.731435692e-01 +7.731435692e-01 +3.612314357e+01 +3.612314357e+01 +1.8928e+00 +1.6910e+00 +4.0091e+00 +1.5612e+00 -1.7451e+00
2332 +4.053353881e-01 +4.053353881e-01 +3.575533539e+01 +3.575533539e+01 +1.5269e+00 +1.6900e+00 +4.0091e+00 +1.7697e+00 -1.7460e+00
2582 +3.671453917e-01 +3.671453917e-01 +3.571714539e+01 +3.571714539e+01 +2.0122e+00 +1.3135e+00 +4.0082e+00 +1.5612e+00 -1.6411e+00
2646 +1.584539571e-01 +1.584539571e-01 +3.550845396e+01 +3.550845396e+01 +1.8938e+00 +1.3135e+00 +4.0091e+00 +1.1972e+00 -1.8881e+00
2709 +9.766478592e-02 +9.766478592e-02 +3.544766479e+01 +3.544766479e+01 +1.8928e+00 +1.3135e+00 +4.0091e+00 +1.5615e+00 -1.7451e+00
4263 +6.281671094e-02 +6.281671094e-02 +3.541281671e+01 +3.541281671e+01 +1.8918e+00 +1.4385e+00 +4.0150e+00 +1.5614e+00 -1.7382e+00
% function evaluation | noise-free fitness - Fopt (3.820000000000e+00) | best noise-free fitness - Fopt | measured fitness | best measured fitness | x1 | x2...
1 +1.915379295e+02 +1.915379295e+02 +1.953579295e+02 +1.953579295e+02 +8.9089e-01 -1.4307e-01 +2.5121e+00 -4.2586e+00 -3.4308e+00
24 +6.454218355e+01 +6.454218355e+01 +6.836218355e+01 +6.836218355e+01 +3.6590e+00 +4.1690e+00 -8.5578e-01 -4.3727e-01 -3.6326e+00
47 +4.723812643e+01 +4.723812643e+01 +5.105812643e+01 +5.105812643e+01 +4.5096e+00 +4.0987e+00 +5.1570e-01 -3.6771e+00 +2.0393e+00
236 +3.423237827e+01 +3.423237827e+01 +3.805237827e+01 +3.805237827e+01 +3.4169e+00 +2.4972e+00 +1.4164e+00 +3.6699e+00 +1.2524e-01
390 +2.131905079e+01 +2.131905079e+01 +2.513905079e+01 +2.513905079e+01 +2.8756e+00 -1.2431e+00 +4.8951e+00 +4.8072e+00 +3.7718e-01
535 +1.065222939e+01 +1.065222939e+01 +1.447222939e+01 +1.447222939e+01 +4.8622e+00 +2.2429e+00 +1.3106e+00 -4.5525e+00 +1.7109e+00
655 +6.972503541e+00 +6.972503541e+00 +1.079250354e+01 +1.079250354e+01 +4.1892e+00 +2.2034e+00 +1.5518e+00 -4.6775e+00 +1.7195e+00
991 +6.153857065e+00 +6.153857065e+00 +9.973857065e+00 +9.973857065e+00 +3.2865e+00 -2.6856e-01 +3.5116e+00 -4.6057e-01 +8.0692e-01
1330 +2.873055288e+00 +2.873055288e+00 +6.693055288e+00 +6.693055288e+00 +4.0642e+00 +7.7796e-01 +1.9441e+00 -4.5525e+00 +1.7195e+00
2055 +2.318642432e+00 +2.318642432e+00 +6.138642432e+00 +6.138642432e+00 +4.1892e+00 +9.6361e-01 +1.9753e+00 -4.5525e+00 +1.7194e+00
2464 +1.566714223e+00 +1.566714223e+00 +5.386714223e+00 +5.386714223e+00 +4.0501e+00 +1.1559e+00 +1.9597e+00 -1.6296e+00 +8.0692e-01
2736 +9.132067435e-01 +9.132067435e-01 +4.733206744e+00 +4.733206744e+00 +4.0501e+00 +1.1559e+00 +1.9441e+00 -1.8674e+00 +1.0911e+00
3122 +5.289189321e-01 +5.289189321e-01 +4.348918932e+00 +4.348918932e+00 +4.0501e+00 +1.6445e+00 +1.4162e+00 -3.6295e+00 +1.0911e+00
3917 +1.558976710e-01 +1.558976710e-01 +3.975897671e+00 +3.975897671e+00 +4.0501e+00 +1.1559e+00 +1.9435e+00 -2.9600e+00 +1.0911e+00
% function evaluation | noise-free fitness - Fopt (2.175000000000e+01) | best noise-free fitness - Fopt | measured fitness | best measured fitness | x1 | x2...
1 +8.699835416e+02 +8.699835416e+02 +8.917335416e+02 +8.917335416e+02 -2.4903e+00 -4.5959e+00 +2.9924e+00 -3.6182e+00 +3.6232e+00
2 +4.347547784e+02 +4.347547784e+02 +4.565047784e+02 +4.565047784e+02 -3.8511e+00 -4.5657e+00 +1.0463e+00 +2.9123e+00 +3.3452e+00
4 +1.315049683e+02 +1.315049683e+02 +1.532549683e+02 +1.532549683e+02 +3.6822e+00 +1.8718e+00 +7.2004e-01 -2.3273e+00 -3.8093e+00
19 +4.139199005e+01 +4.139199005e+01 +6.314199005e+01 +6.314199005e+01 +3.8113e+00 +3.3312e+00 -9.4991e-01 -9.9518e-01 -2.3279e+00
314 +2.538331524e+01 +2.538331524e+01 +4.713331524e+01 +4.713331524e+01 +1.7298e+00 -1.5660e+00 -3.3633e-01 +3.6876e+00 -7.9495e-01
454 +2.493589003e+01 +2.493589003e+01 +4.668589003e+01 +4.668589003e+01 +2.0655e+00 +2.7540e+00 +2.8957e-01 +1.5436e+00 -4.7803e+00
515 +1.516552482e+01 +1.516552482e+01 +3.691552482e+01 +3.691552482e+01 +1.4312e+00 +2.7540e+00 +2.8957e-01 +3.5436e+00 -2.6090e+00
654 +8.083395063e+00 +8.083395063e+00 +2.983339506e+01 +2.983339506e+01 +3.9268e+00 +1.3885e+00 -5.1535e-01 +2.8543e+00 -2.8857e+00
1109 +4.879735672e+00 +4.879735672e+00 +2.662973567e+01 +2.662973567e+01 +2.3782e+00 -4.3621e-01 -3.2070e-01 +4.2281e+00 -1.2156e+00
1426 +3.676555582e+00 +3.676555582e+00 +2.542655558e+01 +2.542655558e+01 +1.9554e+00 +1.5039e+00 +3.3634e-01 +4.7095e+00 -2.8619e+00
1978 +2.364981263e+00 +2.364981263e+00 +2.411498126e+01 +2.411498126e+01 +1.9554e+00 +1.5039e+00 +2.9347e-01 +3.6760e+00 -2.8619e+00
% function evaluation | noise-free fitness - Fopt (6.479000000000e+01) | best noise-free fitness - Fopt | measured fitness | best measured fitness | x1 | x2...
1 +4.935473656e+02 +4.935473656e+02 +5.583373656e+02 +5.583373656e+02 +8.1851e-01 -5.1854e-01 +3.7639e+00 -3.5590e+00 -2.0098e-01
3 +1.959932453e+02 +1.959932453e+02 +2.607832453e+02 +2.607832453e+02 +2.3565e+00 +3.8792e+00 +4.5671e+00 +3.5601e+00 +4.7763e-01
7 +1.215529830e+02 +1.215529830e+02 +1.863429830e+02 +1.863429830e+02 -3.8930e+00 -9.8724e-01 +4.4628e+00 +3.8979e+00 -2.2015e+00
10 +7.163103620e+01 +7.163103620e+01 +1.364210362e+02 +1.364210362e+02 -1.8607e+00 -3.9178e+00 -2.4574e+00 -1.8559e+00 +4.2744e+00
45 +2.361771728e+01 +2.361771728e+01 +8.840771728e+01 +8.840771728e+01 +3.8868e+00 +5.6027e-01 -1.5829e+00 +9.2314e-02 +2.8913e+00
490 +1.440878051e+01 +1.440878051e+01 +7.919878051e+01 +7.919878051e+01 -3.6758e+00 -3.5805e+00 +5.5174e-01 +1.9964e+00 -2.2514e+00
605 +8.120853931e+00 +8.120853931e+00 +7.291085393e+01 +7.291085393e+01 -2.3838e+00 -3.0006e+00 -1.4274e+00 +1.4672e+00 +5.3110e-01
620 +5.886076304e+00 +5.886076304e+00 +7.067607630e+01 +7.067607630e+01 -3.1497e+00 -1.3561e+00 +1.2436e+00 +1.4644e+00 -1.7279e+00
1435 +3.135375267e+00 +3.135375267e+00 +6.792537527e+01 +6.792537527e+01 -2.3833e+00 -3.0006e+00 -2.7763e-01 +6.4285e-01 +5.3055e-01
1891 +7.488043384e-01 +7.488043384e-01 +6.553880434e+01 +6.553880434e+01 -3.1497e+00 -2.3354e+00 +5.5955e-01 +1.3134e+00 -1.0138e+00
2435 +5.431127603e-01 +5.431127603e-01 +6.533311276e+01 +6.533311276e+01 -3.1497e+00 -2.3354e+00 +5.5955e-01 +1.4672e+00 -1.0138e+00
4394 +3.778595879e-01 +3.778595879e-01 +6.516785959e+01 +6.516785959e+01 -2.3838e+00 -2.3327e+00 +1.5612e-01 +1.6810e+00 -6.6308e-01
% function evaluation | noise-free fitness - Fopt (5.407000000000e+01) | best noise-free fitness - Fopt | measured fitness | best measured fitness | x1 | x2...
1 +3.062843478e+03 +3.062843478e+03 +3.116913478e+03 +3.116913478e+03 -4.8444e+00 -1.7410e+00 +2.5856e+00 -2.1616e-01 +4.1615e+00
2 +6.624530429e+02 +6.624530429e+02 +7.165230429e+02 +7.165230429e+02 +2.7539e+00 -4.3818e+00 +1.9075e+00 -4.5592e+00 +1.9681e+00
4 +4.004695797e+02 +4.004695797e+02 +4.545395797e+02 +4.545395797e+02 +4.3403e+00 +2.4628e+00 +3.3884e+00 -2.1232e+00 +1.0797e+00
5 +2.824023457e+02 +2.824023457e+02 +3.364723457e+02 +3.364723457e+02 +4.8430e+00 -2.1054e+00 +8.9614e-01 -3.8344e+00 -4.7687e+00
10 +1.856933135e+02 +1.856933135e+02 +2.397633135e+02 +2.397633135e+02 +3.1404e+00 +2.8090e+00 -2.8190e+00 -8.7115e-01 -4.1698e+00
43 +5.967730563e+01 +5.967730563e+01 +1.137473056e+02 +1.137473056e+02 +7.3369e-02 -2.8121e+00 +7.3072e-01 +3.3368e+00 -6.7420e-01
131 +2.972319933e+01 +2.972319933e+01 +8.379319933e+01 +8.379319933e+01 +1.2082e+00 -3.1103e+00 +9.2722e-01 +2.7164e+00 -2.4184e+00
283 +2.385234178e+01 +2.385234178e+01 +7.792234178e+01 +7.792234178e+01 +1.1013e+00 -2.3319e+00 +1.7112e+00 +2.6146e+00 -2.4487e+00
599 +9.924061435e+00 +9.924061435e+00 +6.399406144e+01 +6.399406144e+01 +7.3369e-02 -2.8121e+00 +2.1682e+00 +3.3368e+00 -2.9252e+00
742 +4.675377616e+00 +4.675377616e+00 +5.874537762e+01 +5.874537762e+01 +8.4439e-01 -3.2842e+00 +1.8753e+00 +2.5482e+00 -3.2631e+00
884 +1.503449217e+00 +1.503449217e+00 +5.557344922e+01 +5.557344922e+01 +8.6398e-01 -3.0291e+00 +2.3971e+00 +2.6123e+00 -3.1117e+00
1804 +7.513275933e-01 +7.513275933e-01 +5.482132759e+01 +5.482132759e+01 +7.3617e-01 -3.0514e+00 +2.7212e+00 +2.6382e+00 -3.4029e+00
2793 +3.069204170e-01 +3.069204170e-01 +5.437692042e+01 +5.437692042e+01 +8.4439e-01 -3.4372e+00 +2.9687e+00 +2.5132e+00 -3.2631e+00
3168 +1.896824286e-01 +1.896824286e-01 +5.425968243e+01 +5.425968243e+01 +8.4439e-01 -3.4372e+00 +2.9687e+00 +2.6146e+00 -3.2631e+00
4334 +1.106720682e-01 +1.106720682e-01 +5.418067207e+01 +5.418067207e+01 +8.4439e-01 -3.1784e+00 +2.9687e+00 +2.5499e+00 -3.3873e+00
% function evaluation | noise-free fitness - Fopt (-9.152000000000e+01) | best noise-free fitness - Fopt | measured fitness | best measured fitness | x1 | x2...
1 +4.032748465e+01 +4.032748465e+01 -5.119251535e+01 -5.119251535e+01 -4.7533e+00 +1.6181e+00 +4.0215e+00 +6.0373e-01 -2.8000e+00
91 +3.205196433e+01 +3.205196433e+01 -5.946803567e+01 -5.946803567e+01 -5.2966e-01 +2.6087e+00 +1.8767e-02 +1.0798e+00 +2.1878e+00
100 +1.018059831e+01 +1.018059831e+01 -8.133940169e+01 -8.133940169e+01 -1.8507e+00 +2.7990e+00 -2.1351e+00 +3.9089e+00 +3.6866e+00
534 +7.514620363e+00 +7.514620363e+00 -8.400537964e+01 -8.400537964e+01 -1.8507e+00 +2.7990e+00 -2.3851e+00 +3.5715e+00 +3.6866e+00
622 +4.995117604e+00 +4.995117604e+00 -8.652488240e+01 -8.652488240e+01 -2.6946e+00 +1.8763e+00 -2.9334e-01 +4.2934e+00 +1.9344e+00
904 +3.498373486e+00 +3.498373486e+00 -8.802162651e+01 -8.802162651e+01 -3.4846e-01 +2.9152e+00 -2.2021e+00 +3.8598e+00 +3.7486e+00
911 +1.926059800e+00 +1.926059800e+00 -8.959394020e+01 -8.959394020e+01 -1.8507e+00 +2.7990e+00 -2.0278e+00 +3.9915e+00 +3.2091e+00
1881 +1.422701945e+00 +1.422701945e+00 -9.009729805e+01 -9.009729805e+01 -1.6519e+00 +2.9142e+00 -2.2255e+00 +3.7191e+00 +3.4669e+00
% function evaluation | noise-free fitness - Fopt (2.263000000000e+01) | best noise-free fitness - Fopt | measured fitness | best measured fitness | x1 | x2...
1 +9.416987920e+02 +9.416987920e+02 +9.643287920e+02 +9.643287920e+02 +2.1751e+00 +2.9837e+00 -1.6274e+00 +2.3901e+00 +1.8550e+00
5 +5.531261670e+02 +5.531261670e+02 +5.757561670e+02 +5.757561670e+02 -4.9567e-01 +1.3926e+00 +8.9432e-01 -2.7064e+00 +4.8437e+00
21 +1.565281539e+02 +1.565281539e+02 +1.791581539e+02 +1.791581539e+02 -1.8386e+00 -3.7912e+00 +3.6217e+00 -4.8646e+00 +2.6567e+00
42 +4.267874694e+01 +4.267874694e+01 +6.530874694e+01 +6.530874694e+01 +3.6725e+00 -1.8537e+00 +4.0917e+00 +2.4203e+00 +4.3594e+00
228 +1.292943118e+01 +1.292943118e+01 +3.555943118e+01 +3.555943118e+01 +1.7665e+00 -4.1527e+00 +3.3688e+00 +2.0183e+00 +3.9100e+00
314 +4.612186300e+00 +4.612186300e+00 +2.724218630e+01 +2.724218630e+01 +2.3089e+00 -4.4684e+00 +4.0645e+00 +3.2279e+00 +3.3175e+00
694 +9.122145920e-01 +9.122145920e-01 +2.354221459e+01 +2.354221459e+01 +1.6549e+00 -4.2514e+00 +4.0747e+00 +2.0183e+00 +2.9266e+00
1860 +3.384042002e-01 +3.384042002e-01 +2.296840420e+01 +2.296840420e+01 +2.4600e+00 -3.7913e+00 +3.6743e+00 +2.7445e+00 +3.5279e+00
2660 +2.004568345e-01 +2.004568345e-01 +2.283045683e+01 +2.283045683e+01 +2.4600e+00 -3.7912e+00 +3.7368e+00 +2.7430e+00 +3.5279e+00
% function evaluation | noise-free fitness - Fopt (1.554000000000e+01) | best noise-free fitness - Fopt | measured fitness | best measured fitness | x1 | x2...
1 +3.249345506e+03 +3.249345506e+03 +3.264885506e+03 +3.264885506e+03 +1.8661e+00 +2.7750e+00 -1.7565e+00 +3.3414e+00 +4.7361e+00
2 +3.062779742e+02 +3.062779742e+02 +3.218179742e+02 +3.218179742e+02 -1.5763e+00 +5.7729e-01 +3.5385e+00 -3.2496e+00 -1.4838e+00
10 +2.399449198e+01 +2.399449198e+01 +3.953449198e+01 +3.953449198e+01 -3.2729e-01 -3.1385e+00 +2.3627e+00 -1.6561e+00 +1.9412e+00
187 +6.924554215e+00 +6.924554215e+00 +2.246455422e+01 +2.246455422e+01 -1.9354e+00 -1.9072e+00 +1.4153e+00 +1.0116e+00 -9.9555e-01
624 +3.956353744e+00 +3.956353744e+00 +1.949635374e+01 +1.949635374e+01 -1.9968e-01 -4.0366e+00 +7.4361e-01 +3.3423e-01 -1.9630e+00
1749 +9.650839005e-01 +9.650839005e-01 +1.650508390e+01 +1.650508390e+01 -1.9354e+00 -1.8745e+00 +7.4752e-01 +1.5586e+00 -3.3659e+00
3036 +4.242066114e-01 +4.242066114e-01 +1.596420661e+01 +1.596420661e+01 -1.7961e+00 -1.8745e+00 +9.1458e-01 +1.5274e+00 -3.3659e+00
3701 +2.425716398e-01 +2.425716398e-01 +1.578257164e+01 +1.578257164e+01 -1.7396e+00 -1.8667e+00 +9.1495e-01 +1.5586e+00 -3.5835e+00
4403 +1.584432196e-01 +1.584432196e-01 +1.569844322e+01 +1.569844322e+01 -1.7083e+00 -1.8779e+00 +7.9129e-01 +1.5596e+00 -3.6595e+00
% function evaluation | noise-free fitness - Fopt (-3.765100000000e+02) | best noise-free fitness - Fopt | measured fitness | best measured fitness | x1 | x2...
1 +5.382291964e+02 +5.382291964e+02 +1.617191964e+02 +1.617191964e+02 -1.5616e+00 +3.4645e-01 +2.3624e+00 -2.2403e+00 +1.9881e+00
3 +2.654978291e+02 +2.654978291e+02 -1.110121709e+02 -1.110121709e+02 -8.3895e-01 -1.5690e+00 -2.6137e+00 -3.2899e+00 -2.5546e+00
4 +2.110952242e+02 +2.110952242e+02 -1.654147758e+02 -1.654147758e+02 +4.8234e+00 -1.0303e+00 +8.3286e-01 +1.2758e+00 -2.0526e+00
10 +1.489746759e+02 +1.489746759e+02 -2.275353241e+02 -2.275353241e+02 +2.7689e+00 -4.4445e+00 +4.5560e+00 +3.1221e+00 -6.9444e-01
18 +6.859032527e+01 +6.859032527e+01 -3.079196747e+02 -3.079196747e+02 +1.6264e-01 +4.9686e-01 +7.2704e-01 -9.1752e-01 +4.5335e-01
19 +6.151618978e+01 +6.151618978e+01 -3.149938102e+02 -3.149938102e+02 -4.8622e+00 +2.7604e+00 +3.0711e+00 -3.2633e-01 -1.6785e+00
43 +2.698048572e+01 +2.698048572e+01 -3.495295143e+02 -3.495295143e+02 -9.8134e-01 -3.1713e-01 -4.5667e-01 +1.9344e+00 +4.1713e+00
270 +2.055338120e+01 +2.055338120e+01 -3.559566188e+02 -3.559566188e+02 -2.2752e+00 +2.2077e-01 +2.6813e+00 +1.4056e+00 -4.2589e-01
520 +1.371826741e+01 +1.371826741e+01 -3.627917326e+02 -3.627917326e+02 -4.1740e+00 +3.6886e+00 +2.6716e+00 +4.8873e-01 -1.2428e+00
528 +9.374787571e+00 +9.374787571e+00 -3.671352124e+02 -3.671352124e+02 -1.6153e+00 +1.2112e+00 +2.0244e+00 +2.1697e+00 +1.5299e+00
1279 +5.242299920e+00 +5.242299920e+00 -3.712677001e+02 -3.712677001e+02 -2.6455e+00 +1.0862e+00 +2.0244e+00 +2.1697e+00 +1.5299e+00
1891 +3.052156737e+00 +3.052156737e+00 -3.734578433e+02 -3.734578433e+02 -2.0321e+00 +8.3484e-01 +1.2964e+00 +1.7819e+00 +2.4619e+00
3983 +1.703596914e+00 +1.703596914e+00 -3.748064031e+02 -3.748064031e+02 -2.2752e+00 +1.6313e+00 +2.0253e+00 +1.8958e+00 +1.5428e+00
4124 +1.400732770e+00 +1.400732770e+00 -3.751092672e+02 -3.751092672e+02 -2.7085e+00 +2.0472e+00 +2.0161e+00 +1.7819e+00 +1.5428e+00
% function evaluation | noise-free fitness - Fopt (3.960400000000e+02) | best noise-free fitness - Fopt | measured fitness | best measured fitness | x1 | x2...
1 +2.153426417e+02 +2.153426417e+02 +6.113826417e+02 +6.113826417e+02 -1.4460e+00 +4.1163e+00 +1.8743e+00 -2.4209e+00 +2.4708e+00
3 +9.221667124e+01 +9.221667124e+01 +4.882566712e+02 +4.882566712e+02 -1.8193e-01 -1.4364e+00 +4.3272e+00 +3.6347e+00 -1.3073e+00
11 +2.809890282e+01 +2.809890282e+01 +4.241389028e+02 +4.241389028e+02 +2.3723e+00 -4.5803e+00 +6.8352e-01 +4.5091e+00 +3.3385e+00
84 +2.159809021e+01 +2.159809021e+01 +4.176380902e+02 +4.176380902e+02 -1.3356e+00 -3.5770e+00 +1.0728e+00 +4.5630e+00 -3.3458e+00
501 +1.503588666e+01 +1.503588666e+01 +4.110758867e+02 +4.110758867e+02 -3.2861e+00 -2.2861e+00 +1.3084e+00 +3.1667e+00 -4.1635e+00
1163 +7.188462071e+00 +7.188462071e+00 +4.032284621e+02 +4.032284621e+02 -1.3356e+00 -3.6450e+00 +1.7575e-01 +4.0100e+00 -2.3412e+00
1581 +3.546120176e+00 +3.546120176e+00 +3.995861202e+02 +3.995861202e+02 -6.3627e-01 -3.6411e+00 -1.7575e-01 +4.0100e+00 -5.5253e-01
2217 +2.147560794e+00 +2.147560794e+00 +3.981875608e+02 +3.981875608e+02 -1.3356e+00 -3.6083e+00 +5.0747e-02 +4.0100e+00 -1.7369e+00
3059 +1.402701432e+00 +1.402701432e+00 +3.974427014e+02 +3.974427014e+02 -1.3346e+00 -3.5551e+00 +1.0405e-01 +3.8031e+00 -1.8290e+00
% function evaluation | noise-free fitness - Fopt (1.281100000000e+02) | best noise-free fitness - Fopt | measured fitness | best measured fitness | x1 | x2...
1 +6.288882348e+02 +6.288882348e+02 +7.569982348e+02 +7.569982348e+02 -2.3425e+00 -3.3082e+00 -3.8555e+00 +1.2559e+00 +9.8400e-01
2 +8.957180755e+01 +8.957180755e+01 +2.176818075e+02 +2.176818075e+02 +4.8650e+00 +4.4598e-01 +1.4619e+00 -1.3846e+00 +2.1928e+00
5 +5.517098034e+01 +5.517098034e+01 +1.832809803e+02 +1.832809803e+02 -1.8768e+00 +1.0166e+00 -1.3556e+00 +3.7650e+00 -1.8710e+00
91 +8.569507771e+00 +8.569507771e+00 +1.366795078e+02 +1.366795078e+02 -6.4712e-01 +1.5833e+00 -7.3707e-01 -5.9752e-01 +2.4401e+00
640 +1.197559783e+00 +1.197559783e+00 +1.293075598e+02 +1.293075598e+02 -2.7928e+00 +1.0163e+00 -1.3556e+00 +9.8374e-01 +2.1177e+00
% function evaluation | noise-free fitness - Fopt (-2.923500000000e+02) | best noise-free fitness - Fopt | measured fitness | best measured fitness | x1 | x2...
1 +2.354258122e+02 +2.354258122e+02 -5.692418777e+01 -5.692418777e+01 +1.5032e+00 -1.5670e+00 -2.6366e+00 +1.8781e-01 +3.6427e+00
26 +2.953118808e+01 +2.953118808e+01 -2.628188119e+02 -2.628188119e+02 -6.8690e-01 -3.8871e+00 +2.4137e+00 +2.3649e+00 +7.7107e-01
104 +9.373543904e+00 +9.373543904e+00 -2.829764561e+02 -2.829764561e+02 +1.3207e+00 -4.4807e+00 -6.3581e-01 +1.0248e+00 -8.4160e-02
964 +6.188816788e+00 +6.188816788e+00 -2.861611832e+02 -2.861611832e+02 +3.6779e-01 -3.7685e+00 +1.0081e+00 +1.2816e+00 +1.7272e+00
2039 +3.299512426e+00 +3.299512426e+00 -2.890504876e+02 -2.890504876e+02 +1.3227e+00 -4.0856e+00 +2.4098e-01 +1.5463e+00 -8.4038e-02
2171 +2.037237159e+00 +2.037237159e+00 -2.903127628e+02 -2.903127628e+02 -8.4994e-01 -3.2683e+00 +1.0081e+00 +1.2247e+00 +1.8006e+00
3914 +7.424370055e-01 +7.424370055e-01 -2.916075630e+02 -2.916075630e+02 -8.4994e-01 -2.7605e+00 +1.0101e+00 +1.4157e+00 +1.7986e+00
% function evaluation | noise-free fitness - Fopt (3.110100000000e+02) | best noise-free fitness - Fopt | measured fitness | best measured fitness | x1 | x2...
1 +4.187434854e+02 +4.187434854e+02 +7.297534854e+02 +7.297534854e+02 +1.1527e+00 -9.9328e-01 +4.6626e+00 -4.2427e+00 +4.4975e+00
2 +2.554998486e+02 +2.554998486e+02 +5.665098486e+02 +5.665098486e+02 +2.3237e+00 +9.1038e-01 +5.3146e-01 +2.3478e+00 +1.0983e+00
6 +2.034734951e+02 +2.034734951e+02 +5.144834951e+02 +5.144834951e+02 +4.4804e+00 -1.8600e+00 +3.2886e+00 -1.9918e+00 -4.2656e+00
7 +1.328729258e+02 +1.328729258e+02 +4.438829258e+02 +4.438829258e+02 +1.5187e+00 -1.6987e+00 -1.0887e+00 -2.1687e+00 -1.4968e+00
8 +2.458547091e+01 +2.458547091e+01 +3.355954709e+02 +3.355954709e+02 +1.4303e+00 -2.1779e+00 -1.9300e+00 +1.8497e+00 +1.3087e+00
482 +2.250826818e+00 +2.250826818e+00 +3.132608268e+02 +3.132608268e+02 -2.0374e+00 -4.0842e+00 -3.1264e+00 +8.0455e-01 +1.9649e+00
2005 +5.215701352e-01 +5.215701352e-01 +3.115315701e+02 +3.115315701e+02 -2.0374e+00 -4.0842e+00 -3.0234e+00 +8.1187e-01 +2.2881e+00
% function evaluation | noise-free fitness - Fopt (-8.051800000000e+02) | best noise-free fitness - Fopt | measured fitness | best measured fitness | x1 | x2...
1 +1.347639380e+02 +1.347639380e+02 -6.704160620e+02 -6.704160620e+02 -1.7761e+00 -2.6797e+00 -2.0368e+00 -5.9872e-01 +3.9671e+00
18 +5.151949956e+01 +5.151949956e+01 -7.536605004e+02 -7.536605004e+02 +3.6589e+00 -3.8140e+00 -1.1982e-02 +3.4764e-01 +6.8525e-01
178 +2.296828396e+01 +2.296828396e+01 -7.822117160e+02 -7.822117160e+02 -2.2513e+00 -1.1173e+00 -4.7465e+00 +4.2199e+00 +1.0635e+00
313 +6.027518032e+00 +6.027518032e+00 -7.991524820e+02 -7.991524820e+02 +3.4299e-01 -3.7777e+00 +6.2067e-01 +4.0508e-01 +3.0521e+00
665 +2.834867613e+00 +2.834867613e+00 -8.023451324e+02 -8.023451324e+02 +3.7919e+00 -4.2472e+00 +4.7473e-01 +4.1101e-01 +3.0945e+00
1558 +1.532666524e+00 +1.532666524e+00 -8.036473335e+02 -8.036473335e+02 +3.4300e+00 -3.7777e+00 -1.1982e-02 +1.3716e+00 +2.4206e+00
2134 +7.521836880e-01 +7.521836880e-01 -8.044278163e+02 -8.044278163e+02 +1.5359e+00 -3.4575e+00 -1.1989e-02 +9.4657e-01 +2.5530e+00
2878 +4.726907471e-01 +4.726907471e-01 -8.047073093e+02 -8.047073093e+02 +2.9155e+00 -3.8536e+00 +7.8341e-01 +4.2252e-01 +2.7808e+00
3434 +3.593087159e-01 +3.593087159e-01 -8.048206913e+02 -8.048206913e+02 +2.6591e+00 -3.8246e+00 +8.5953e-01 +4.0508e-01 +3.0518e+00
3477 +2.474561415e-01 +2.474561415e-01 -8.049325439e+02 -8.049325439e+02 +2.6589e+00 -3.9090e+00 +9.2203e-01 +2.9759e-01 +3.0382e+00
4909 +1.502445079e-01 +1.502445079e-01 -8.050297555e+02 -8.050297555e+02 +2.7841e+00 -3.8537e+00 +9.0649e-01 +3.8945e-01 +2.9057e+00
