% function evaluation | noise-free fitness - Fopt (-6.211100000000e+02) | best noise-free fitness - Fopt | measured fitness | best measured fitness | x1 | x2...
1 +4.297099539e+09 +4.297099539e+09 +4.297098918e+09 +4.297098918e+09 -4.4850e+00 -4.7321e+00 +4.6821e+00 -3.2205e+00 -1.9835e+00 -3.1866e+00 -2.1990e+00 +1.3012e+00 +2.1076e-01 -3.0820e+00 +4.7392e+00 +3.1160e+00 -2.9592e+00 -1.5834e+00 -2.1807e+00 -2.4769e+00 +1.9868e+00 +4.4475e+00 -3.4783e+00 +1.5425e+00
2 +2.098684941e+09 +2.098684941e+09 +2.098684320e+09 +2.098684320e+09 +4.8521e+00 -1.8600e-01 +1.7495e+00 -2.7801e+00 -3.0694e+00 -9.7668e-01 -1.3200e-01 -2.5170e+00 -1.0682e+00 -4.5424e+00 -9.7625e-01 +7.2385e-01 -2.4270e+00 +3.9898e+00 -2.4903e-01 -3.8620e+00 +1.7289e+00 -2.6771e+00 -4.3468e+00 +1.1649e+00
6 +1.504181045e+09 +1.504181045e+09 +1.504180424e+09 +1.504180424e+09 -1.0420e+00 -1.0008e+00 +1.4227e+00 -4.1443e+00 -1.4023e+00 -4.9438e+00 +3.7849e+00 -1.5172e+00 -3.0038e+00 -1.4894e-01 -2.7379e+00 -2.2881e-01 -2.7413e+00 +8.9475e-01 +6.7819e-01 -4.5782e+00 +3.6336e+00 -1.9386e+00 +4.4673e+00 -3.0775e+00
8 +5.163228561e+08 +5.163228561e+08 +5.163222350e+08 +5.163222350e+08 +2.1972e+00 -5.5664e-01 -1.5441e+00 -5.3324e-01 -1.5784e+00 -2.1787e-01 -3.6715e-01 +2.2465e+00 +2.1802e+00 +3.9399e+00 -8.2752e-01 +4.9887e+00 +4.4266e+00 -3.2521e+00 +2.2492e+00 +3.3090e+00 -7.9973e-01 +4.2368e+00 +3.3204e+00 -1.3962e+00
14 +2.704148216e+08 +2.704148216e+08 +2.704142005e+08 +2.704142005e+08 -3.3345e+00 +4.3087e+00 -4.5100e+00 +5.5619e-01 +8.6822e-02 -2.2730e+00 -4.0872e+00 +1.7404e+00 -2.5180e+00 +4.5673e+00 -4.7361e+00 +6.2741e-01 +1.8072e+00 +4.0193e+00 +4.9303e+00 -4.8393e+00 +3.5041e+00 +4.6580e+00 -3.9385e+00 -5.7684e-02
15 +1.814860261e+08 +1.814860261e+08 +1.814854050e+08 +1.814854050e+08 -2.9776e+00 +4.3497e+00 +9.7275e-01 -1.4159e+00 -3.2332e+00 -4.7060e+00 +3.7145e+00 +1.7498e+00 -4.4736e+00 -3.3626e+00 -1.4729e+00 +3.3461e+00 -8.3489e-01 +2.5902e+00 +2.8619e+00 -2.5013e+00 +2.5785e+00 +2.9478e+00 +3.1496e+00 +2.1409e+00
301 +1.372869137e+08 +1.372869137e+08 +1.372862926e+08 +1.372862926e+08 -5.7984e+00 +6.0869e+00 -1.4606e+00 +1.7838e-01 -2.7061e+00 -1.5110e+00 +3.4247e+00 +5.7140e+00 +6.2813e-01 -3.1453e+00 +7.8261e-01 +4.0222e+00 +3.7711e+00 +1.0176e+00 +2.8244e+00 -9.1528e-01 +1.3727e-01 +5.9134e+00 +3.2609e+00 -8.1143e-01
1203 +9.597042422e+07 +9.597042422e+07 +9.596980311e+07 +9.596980311e+07 -6.9962e-01 +7.1293e+00 +2.7930e+00 -1.0619e-01 -5.3640e+00 -1.4836e+00 +3.0702e+00 +1.6872e-01 +4.3624e+00 +1.9443e+00 -1.1036e+00 +9.9851e-01 +3.3691e+00 +2.1865e+00 +1.0814e+00 -6.1396e+00 +1.9999e+00 +4.2071e+00 -6.7026e-01 +1.5186e+00
1410 +4.065158781e+07 +4.065158781e+07 +4.065096670e+07 +4.065096670e+07 -2.1505e+00 +4.8649e+00 +2.9358e-01 -2.9725e+00 +5.4727e-01 -4.6157e+00 +2.4465e+00 -1.2755e+00 +3.0000e+00 +8.7472e-01 -7.8412e-01 +1.3126e+00 +2.2192e+00 +9.5298e-01 +5.7837e+00 -2.0394e+00 +8.3233e-01 +1.8741e+00 +1.9409e+00 -6.8214e-01
2409 +2.944914909e+07 +2.944914909e+07 +2.944852798e+07 +2.944852798e+07 -9.8366e-01 +4.8935e+00 +1.1540e-01 -2.4309e+00 -5.7212e-01 -1.3586e+00 +1.6358e+00 -6.3113e-01 +3.6588e+00 +1.9153e-01 -2.4570e+00 +1.3833e+00 +3.1940e+00 +1.6232e+00 +2.6841e+00 -1.6670e+00 +5.4815e-01 +3.0173e+00 +2.9355e+00 -1.5885e+00
2503 +2.446612729e+07 +2.446612729e+07 +2.446550618e+07 +2.446550618e+07 -9.2473e-01 +5.3070e+00 -1.4897e+00 -2.3293e+00 -9.9443e-01 -1.7323e+00 +1.6037e+00 -7.5398e-01 +2.3477e+00 +1.0115e+00 -7.2202e-01 +1.1986e+00 +1.6534e+00 +7.7897e-01 +3.6563e+00 -9.7560e-01 +1.2134e+00 +2.5577e+00 +1.6259e+00 +2.3760e-01
3104 +1.470070034e+07 +1.470070034e+07 +1.470007923e+07 +1.470007923e+07 -2.4816e-01 +3.7611e+00 -3.3609e-01 -2.1259e+00 -1.3565e+00 -1.4183e+00 +2.0308e+00 -1.5558e+00 +1.6175e+00 +5.0981e-01 +6.9775e-02 +1.4825e+00 +2.0891e+00 +1.5344e+00 +3.3125e+00 -7.7041e-01 +9.1812e-01 +2.1566e+00 +1.8011e+00 -8.5042e-01
4002 +8.287307843e+06 +8.287307843e+06 +8.286686733e+06 +8.286686733e+06 -1.0286e+00 +5.0604e+00 +4.3511e-01 -2.4568e+00 -1.1577e+00 -1.8116e+00 +2.3318e+00 +1.3252e-01 +1.9893e+00 -6.5890e-02 +1.1858e+00 +1.7324e+00 +2.8937e+00 +1.9519e+00 +2.2012e+00 -1.6462e+00 +1.3364e+00 +3.9838e+00 +1.6039e+00 -4.4804e-01
4470 +4.008021784e+06 +4.008021784e+06 +4.007400674e+06 +4.007400674e+06 -4.6872e-01 +4.2539e+00 -4.8995e-01 -1.6460e+00 -4.2817e-01 -2.2419e+00 +2.1703e+00 -9.2886e-01 +8.7475e-01 -8.2165e-01 +1.0442e+00 +2.6801e+00 +3.5365e+00 +1.9567e+00 +2.1927e+00 -2.2469e+00 +6.9201e-01 +2.5804e+00 +2.2487e+00 -7.5662e-02
4640 +3.526124848e+06 +3.526124848e+06 +3.525503738e+06 +3.525503738e+06 -1.0233e+00 +4.1781e+00 -3.6311e-01 -2.6435e+00 -1.0938e+00 -2.2328e+00 +1.8620e+00 -1.1954e+00 +1.3008e+00 -4.1827e-01 +9.9386e-01 +2.8830e+00 +3.9811e+00 +1.2779e+00 +1.1809e+00 -1.4892e+00 +1.0643e+00 +2.8809e+00 +1.0071e+00 -4.1970e-01
4727 +2.289494589e+06 +2.289494589e+06 +2.288873479e+06 +2.288873479e+06 -7.6371e-01 +4.1290e+00 +6.3523e-02 -2.6006e+00 -4.8507e-01 -1.8718e+00 +1.8257e+00 -5.7268e-01 +1.9262e+00 -2.6507e-01 +7.1240e-01 +2.6576e+00 +3.5625e+00 +9.4538e-01 +2.0875e+00 -1.6834e+00 +7.5758e-01 +2.7381e+00 +7.5659e-01 -3.9740e-01
% function evaluation | noise-free fitness - Fopt (-2.548200000000e+02) | best noise-free fitness - Fopt | measured fitness | best measured fitness | x1 | x2...
1 +2.503334343e+09 +2.503334343e+09 +2.503334089e+09 +2.503334089e+09 -3.6555e-01 -2.0446e+00 -1.7239e+00 -1.8592e+00 +1.2091e+00 -1.2419e+00 +3.2215e+00 -5.9970e-01 -2.4095e+00 -3.3649e+00 +1.6315e+00 -4.8703e-01 -4.9480e+00 -1.4618e+00 -2.2438e+00 -2.8435e+00 -4.4599e+00 -1.3792e+00 +3.3150e-02 +4.0515e+00
5 +1.212843803e+09 +1.212843803e+09 +1.212843548e+09 +1.212843548e+09 +4.2617e+00 -3.2579e+00 -3.7982e-01 +2.9406e+00 +3.2231e+00 +4.5080e+00 -4.3794e+00 +3.7579e+00 +3.8421e-01 -2.9614e+00 -3.0402e+00 +1.9864e+00 -4.5793e+00 +1.3784e+00 +1.9835e-01 -7.1818e-01 -5.1221e-01 +1.7131e+00 -4.4287e+00 -1.2229e+00
15 +7.727692522e+08 +7.727692522e+08 +7.727689974e+08 +7.727689974e+08 +2.4128e+00 +3.2384e+00 +3.0287e+00 +4.2077e-01 -2.3709e+00 -5.3058e-01 +4.9121e+00 +3.9762e+00 +4.5630e+00 +1.5382e+00 -2.8578e+00 -3.2590e+00 -2.3161e+00 +3.9088e+00 +3.4744e+00 -8.8972e-01 +3.0299e+00 -2.7690e+00 -4.2230e+00 +4.9662e+00
43 +4.197850065e+08 +4.197850065e+08 +4.197847517e+08 +4.197847517e+08 +4.3587e+00 +3.6688e-01 -2.4514e+00 +2.5205e-02 -6.4811e-01 +2.3979e+00 -1.7076e+00 +4.4501e+00 +1.3553e+00 +2.7008e+00 -1.8178e+00 +2.2004e+00 -2.1821e+00 -1.1658e+00 +4.4136e-01 -2.3647e+00 +3.0478e+00 -2.6131e+00 +4.9826e+00 +3.2767e+00
78 +2.627148292e+08 +2.627148292e+08 +2.627145744e+08 +2.627145744e+08 +2.7563e+00 +4.3544e+00 +3.8764e+00 +1.8984e+00 -1.8849e+00 +1.6406e+00 -2.4555e+00 +1.2701e+00 -1.7358e+00 +3.5987e+00 +4.6823e+00 +2.2786e-01 +1.3286e+00 -2.2572e+00 -1.4639e+00 +4.6676e+00 +2.2633e+00 +3.1038e+00 -4.4550e+00 -3.5333e-01
202 +2.076835173e+08 +2.076835173e+08 +2.076832625e+08 +2.076832625e+08 -1.7880e+00 +4.4517e-01 +3.4878e+00 +6.4491e-01 -3.0379e-01 +2.3834e+00 -1.4335e+00 +3.9935e+00 +8.5877e-01 +1.4624e+00 +3.6375e+00 -6.7496e-02 -1.7499e+00 +1.1570e+00 -5.2820e+00 -1.2771e+00 +2.7824e+00 +3.6268e+00 -1.4874e+00 -2.6658e+00
313 +1.468837707e+08 +1.468837707e+08 +1.468835159e+08 +1.468835159e+08 +3.1105e+00 +2.1006e+00 +2.2269e+00 +1.2238e+00 -8.4910e-01 +1.7480e-01 -5.2332e+00 +5.3812e-01 -2.9390e+00 +3.8334e+00 -3.6404e-01 -5.3152e-01 -1.0113e+00 +2.8773e-01 -3.0928e+00 +1.4394e+00 +1.1117e+00 -1.9513e-01 -1.0810e+00 +2.1080e+00
401 +5.945404487e+07 +5.945404487e+07 +5.945379005e+07 +5.945379005e+07 +3.4256e+00 +2.3357e+00 +7.2763e-01 +8.6194e-01 -2.5045e+00 -7.6931e-01 -3.9874e+00 +1.1339e+00 -2.5944e+00 +4.0432e+00 +1.0561e+00 +1.4486e+00 -1.7619e+00 +1.2550e-01 -1.3453e+00 +6.7240e-01 +2.9677e+00 -7.8945e-02 -1.9430e+00 +2.4915e+00
1614 +3.549974663e+07 +3.549974663e+07 +3.549949181e+07 +3.549949181e+07 +2.8353e+00 +3.5967e+00 +6.0824e-01 +5.2757e-01 -2.5703e+00 -1.1417e-01 -4.0503e+00 +4.3508e+00 +2.2086e+00 +2.9317e+00 +3.7756e+00 +1.8109e+00 -1.9361e+00 -2.5661e-01 -4.5305e+00 +1.8619e+00 +5.9665e+00 -1.0030e+00 -2.0558e+00 +1.1670e+00
1936 +1.484398185e+07 +1.484398185e+07 +1.484372703e+07 +1.484372703e+07 +2.7824e+00 +4.2609e+00 +4.7831e-01 -1.6329e+00 -2.4345e+00 -6.5190e-01 -2.6753e+00 +2.4334e+00 +3.5716e-01 +1.8187e+00 +3.0040e+00 +1.7879e+00 -1.9045e+00 -3.5851e+00 -3.1142e+00 -1.2240e+00 +2.9731e+00 -1.5701e+00 -1.5786e+00 +2.4816e+00
4003 +9.565163332e+06 +9.565163332e+06 +9.564908512e+06 +9.564908512e+06 +3.5958e+00 +3.7250e+00 +4.5321e-01 -3.5671e-01 -2.6131e+00 -7.8261e-01 -1.4686e+00 +3.5862e+00 +8.2781e-01 +2.5697e+00 +4.9250e+00 +2.3026e+00 -2.5266e+00 -2.3057e+00 -2.1473e+00 -1.4944e+00 +3.4713e+00 -1.7539e+00 -3.5658e+00 +2.4192e+00
4114 +5.865710115e+06 +5.865710115e+06 +5.865455295e+06 +5.865455295e+06 +4.1304e+00 +4.3502e+00 -2.5376e-01 -7.5028e-01 -3.1285e+00 -1.1317e+00 -8.5667e-01 +1.8727e+00 +4.1206e-02 +3.9675e+00 +3.3145e+00 +1.8901e+00 -1.6598e+00 -2.4113e+00 -3.0421e+00 -2.9360e+00 +3.6919e+00 -1.4600e+00 -3.5967e+00 +3.1071e+00
4801 +3.408580121e+06 +3.408580121e+06 +3.408325301e+06 +3.408325301e+06 +3.9751e+00 +4.3991e+00 +1.8960e-01 -1.0454e+00 -2.3628e+00 -3.3520e-01 -1.2573e+00 +2.3697e+00 +1.4820e-01 +2.9795e+00 +3.6870e+00 +2.1444e+00 -1.0339e+00 -1.4353e+00 -1.9534e+00 -1.3640e+00 +4.1568e+00 -1.2004e+00 -3.6855e+00 +3.0250e+00
% function evaluation | noise-free fitness - Fopt (5.661000000000e+01) | best noise-free fitness - Fopt | measured fitness | best measured fitness | x1 | x2...
1 +1.809534759e+09 +1.809534759e+09 +1.809534816e+09 +1.809534816e+09 +1.4160e+00 +1.8351e+00 -2.7777e+00 +2.5369e+00 +1.0030e+00 -6.1993e-01 -4.6502e+00 +1.3689e+00 -2.8306e+00 -4.6489e+00 +3.6047e+00 -3.8503e+00 -2.3136e-01 +1.1680e+00 -1.3237e+00 +9.9353e-01 -1.0762e+00 -4.9861e+00 +1.4781e+00 -2.5113e+00
2 +7.042276752e+08 +7.042276752e+08 +7.042277318e+08 +7.042277318e+08 +3.4109e+00 -3.2751e+00 +4.0473e+00 +2.9851e+00 -2.5053e-01 -4.9775e+00 +2.8202e+00 -2.8008e+00 -4.3176e-01 +3.3453e+00 +4.0152e+00 +1.7144e+00 -1.7606e+00 +2.6670e+00 -1.0130e+00 -9.4131e-01 +7.2166e-01 +4.0597e+00 -4.8652e+00 -4.2894e+00
10 +2.581205810e+08 +2.581205810e+08 +2.581206376e+08 +2.581206376e+08 -2.0030e+00 -3.7933e+00 -1.7367e+00 +1.6581e+00 +2.9151e+00 -1.5866e+00 +9.7972e-01 -4.0347e+00 -2.4647e+00 +3.0395e+00 -7.6527e-02 +1.0192e+00 +3.3697e+00 -8.5327e-01 -4.2251e+00 +4.7496e+00 -4.4492e+00 +6.0226e-02 -2.3386e-02 +3.2217e-01
216 +2.398729002e+08 +2.398729002e+08 +2.398729568e+08 +2.398729568e+08 -9.0040e-01 -6.2915e-01 -3.3539e+00 -1.8640e-01 -1.8624e+00 +1.8002e+00 +3.3947e+00 -4.6204e+00 -1.6830e+00 +5.1425e+00 +7.4932e-01 +1.9304e+00 +2.0385e-01 +4.1294e+00 -5.4458e+00 +5.8560e+00 -5.2822e+00 -4.6357e+00 -3.8809e+00 -4.5766e+00
349 +1.549518630e+08 +1.549518630e+08 +1.549519196e+08 +1.549519196e+08 -6.7817e+00 -6.1871e+00 -5.4141e+00 +4.5465e+00 -4.1378e+00 +3.6823e-02 +1.0859e+00 -5.3099e+00 +1.1921e+00 +5.3869e-01 -3.0491e+00 +7.6860e+00 -1.8569e+00 +5.6628e+00 -5.0122e+00 +1.8717e+00 -4.4512e+00 -3.0608e-01 -9.9743e-01 -1.1169e-01
445 +8.139846014e+07 +8.139846014e+07 +8.139851675e+07 +8.139851675e+07 -3.2987e+00 -1.8373e+00 -2.1951e+00 +2.0613e+00 -3.1054e+00 -4.6968e+00 +7.6979e-01 -4.5193e+00 +2.3054e-01 -5.1708e-01 +2.1836e+00 +4.0090e+00 +4.9349e+00 +3.9038e+00 -6.7807e+00 +2.2109e+00 +3.5719e-01 +4.1604e+00 -1.4256e+00 -1.6838e+00
1335 +5.066022295e+07 +5.066022295e+07 +5.066027956e+07 +5.066027956e+07 -1.2334e+00 -1.0885e+00 -4.1155e+00 -5.4369e-01 -3.2138e+00 -4.9736e-01 +4.1103e-01 -2.3530e+00 +2.4504e-01 +4.4608e+00 +2.1603e+00 +2.6648e+00 +1.3141e+00 +1.5449e+00 -2.2898e+00 +6.3272e-01 +2.3165e+00 -3.4140e-01 +1.9944e-01 -2.9835e+00
1602 +3.559621660e+07 +3.559621660e+07 +3.559627321e+07 +3.559627321e+07 -7.4952e-01 -1.8580e+00 -3.9656e+00 +3.7422e-01 -2.1203e+00 -2.4139e+00 +6.7229e-02 -2.4803e+00 +3.4023e-01 +8.1954e-01 +2.4149e+00 +1.7408e+00 +1.3155e+00 +2.4095e+00 -3.2100e+00 +1.6066e+00 -9.2742e-01 +7.3693e-01 +2.6978e+00 -3.4833e+00
2405 +2.024767589e+07 +2.024767589e+07 +2.024773250e+07 +2.024773250e+07 -2.3598e+00 -2.5399e+00 -5.2009e+00 +3.2544e-01 -2.5947e+00 -3.0369e+00 +2.0693e+00 -3.3307e+00 +5.8899e-01 +1.3419e+00 +1.9366e+00 +2.2733e+00 +2.3571e+00 +2.5111e+00 -3.7708e+00 +1.3864e+00 +1.5475e+00 +1.3198e+00 +4.2592e-01 -2.6540e+00
2802 +1.505489431e+07 +1.505489431e+07 +1.505495092e+07 +1.505495092e+07 -2.5718e+00 -2.8540e+00 -4.9766e+00 +7.4282e-01 -2.4232e+00 -2.6063e+00 +1.2629e+00 -4.1302e+00 +2.1989e-01 +2.2660e+00 +1.5647e+00 +3.2562e+00 +1.0643e+00 +9.6727e-01 -3.7056e+00 +5.2045e-01 +3.5985e-01 +1.0395e+00 +1.5064e+00 -4.2916e+00
3302 +7.844130404e+06 +7.844130404e+06 +7.844187014e+06 +7.844187014e+06 -2.0337e+00 -3.0466e+00 -4.2052e+00 +1.3456e+00 -2.6653e+00 -2.8546e+00 +1.3520e+00 -4.4081e+00 -2.9460e-01 +1.9426e+00 +2.8765e+00 +3.0772e+00 +1.4168e+00 +1.3612e+00 -3.0861e+00 +1.2948e+00 -4.8689e-01 +2.0622e+00 +1.3131e+00 -4.0063e+00
4013 +5.989874211e+06 +5.989874211e+06 +5.989930821e+06 +5.989930821e+06 -3.7443e+00 -2.6519e+00 -3.9907e+00 +1.3520e+00 -2.3011e+00 -2.3928e+00 +1.2003e+00 -4.6755e+00 +3.9337e-01 +7.6193e-01 +2.8548e+00 +3.7171e+00 +5.1209e-02 +1.8767e+00 -3.8310e+00 +1.5190e+00 -1.2158e+00 +2.4886e+00 +5.4390e-01 -5.2622e+00
% function evaluation | noise-free fitness - Fopt (-1.810000000000e+01) | best noise-free fitness - Fopt | measured fitness | best measured fitness | x1 | x2...
1 +5.565224069e+08 +5.565224069e+08 +5.565223888e+08 +5.565223888e+08 -3.8377e-02 +7.7697e-01 +4.8345e+00 +4.2119e+00 -2.6605e-01 -2.3012e-01 +3.8351e+00 +2.8184e+00 +4.1231e+00 +2.9618e+00 +3.7922e+00 -2.8738e+00 -9.2862e-01 -9.7044e-01 +3.1605e+00 -7.3324e-01 -5.4021e-01 -9.2466e-02 +1.2573e+00 -6.1205e-01
16 +3.621810118e+08 +3.621810118e+08 +3.621809937e+08 +3.621809937e+08 +2.1976e+00 +8.3057e-01 -5.1788e-02 -4.1403e+00 +1.2689e+00 -1.8262e+00 -8.4392e-01 +1.1096e+00 +6.5958e-01 -7.8968e-01 +1.3301e-01 -2.4015e+00 +2.4860e+00 -1.4684e+00 -2.7588e+00 +9.0243e-01 +1.1432e+00 -1.0164e+00 +3.8483e+00 -9.0307e-01
19 +1.251330137e+08 +1.251330137e+08 +1.251329956e+08 +1.251329956e+08 +2.1201e+00 +1.3356e+00 -2.3319e+00 +3.4663e+00 +2.3714e+00 -1.4326e-02 -1.9892e-01 +1.9894e+00 -1.4486e+00 +4.9089e-01 -2.3158e+00 -2.3647e+00 +3.1709e+00 +1.0133e+00 -3.9230e-01 +2.7448e+00 -3.1157e+00 -2.3980e+00 -1.6493e-01 -2.1151e+00
501 +8.688013292e+07 +8.688013292e+07 +8.688011482e+07 +8.688011482e+07 +2.8893e+00 +2.1898e+00 -1.2141e+00 +6.0465e+00 +6.0151e-01 +6.6147e-01 +2.0190e+00 +8.9222e-01 +1.4109e+00 +1.9341e+00 -2.7121e+00 -1.5949e+00 +5.8594e+00 -7.2541e-01 +1.3185e+00 +2.8903e+00 -2.1640e+00 -2.2588e+00 +2.2022e+00 -1.6115e+00
693 +6.206280060e+07 +6.206280060e+07 +6.206278250e+07 +6.206278250e+07 -1.3357e+00 +4.4013e-01 -1.0288e+00 +1.8394e+00 +4.7030e+00 +7.7903e-01 +3.1950e+00 +5.3540e-01 +5.6891e-02 +2.1524e+00 -2.3585e+00 -3.3273e+00 +3.2664e+00 -1.8434e+00 +1.0837e+00 +4.7780e-03 -2.9683e+00 -4.5871e+00 +2.7875e+00 -1.8281e-02
2001 +3.268732449e+07 +3.268732449e+07 +3.268730639e+07 +3.268730639e+07 -3.4636e+00 +2.9390e-01 +1.3567e+00 +3.7889e+00 +1.3833e+00 -4.8618e-01 +3.2180e+00 -1.1081e-01 +2.4581e+00 +4.0104e+00 -2.8961e+00 -1.4519e-01 +1.3988e+00 -3.7260e+00 +4.1837e+00 +1.7744e+00 -1.2418e+00 -2.9536e+00 +5.3706e+00 +1.3405e-01
2609 +1.809840671e+07 +1.809840671e+07 +1.809838861e+07 +1.809838861e+07 -1.2973e+00 -1.2676e+00 +1.3691e+00 +1.7234e+00 +3.7612e-01 -9.9987e-02 +3.9001e-01 -7.8545e-01 +2.7188e+00 +2.4089e+00 -1.5783e+00 -2.3396e+00 +3.8557e-01 -3.2962e+00 +7.4530e-01 +1.1465e+00 -2.0458e-02 -2.7459e+00 +4.0434e+00 +9.0738e-02
3202 +1.269073988e+07 +1.269073988e+07 +1.269072178e+07 +1.269072178e+07 -1.2434e+00 +1.0207e+00 +1.3079e+00 +2.6325e+00 +2.0241e+00 +2.7743e-01 +3.2506e+00 -3.3938e-01 +1.0901e+00 +3.1802e+00 -2.7044e+00 -1.3260e+00 +2.3008e+00 -1.8445e+00 +3.5479e-01 +7.5946e-01 -1.6765e+00 -3.2730e+00 +3.1447e+00 -2.5235e-01
3341 +4.524801848e+06 +4.524801848e+06 +4.524783748e+06 +4.524783748e+06 -9.7847e-01 +1.5010e-01 +2.5785e+00 +4.1879e+00 +1.9392e+00 +4.2274e-01 +2.1268e+00 -2.6194e+00 +1.1154e+00 +3.4241e+00 -1.4322e+00 -3.0976e+00 +2.2442e+00 -2.4701e+00 +5.2282e-01 +1.8400e+00 -7.2924e-01 -2.4363e+00 +2.6295e+00 -9.2562e-02
4531 +3.960275948e+06 +3.960275948e+06 +3.960257848e+06 +3.960257848e+06 +2.2210e-01 -1.0555e-01 +2.4406e+00 +3.6992e+00 +3.1344e+00 +1.1312e+00 +1.7668e+00 -3.2516e+00 +7.6253e-01 +3.3121e+00 -2.4428e+00 -3.1932e+00 +1.1390e+00 -2.1338e+00 +3.3341e-01 +2.2621e+00 -2.4026e-01 -3.1660e+00 +4.3086e+00 -1.0742e+00
4809 +1.459643012e+06 +1.459643012e+06 +1.459624912e+06 +1.459624912e+06 -6.4531e-01 +5.3299e-01 +3.2884e+00 +4.0741e+00 +1.4182e+00 +4.1422e-01 +1.9998e+00 -2.3789e+00 +1.7487e+00 +2.8387e+00 -1.7557e+00 -3.1527e+00 +1.6596e+00 -2.1679e+00 +7.8539e-01 +1.3103e+00 -5.2089e-01 -3.1771e+00 +4.0243e+00 -6.4702e-01
% function evaluation | noise-free fitness - Fopt (3.777000000000e+01) | best noise-free fitness - Fopt | measured fitness | best measured fitness | x1 | x2...
1 +3.441934203e+08 +3.441934203e+08 +3.441934581e+08 +3.441934581e+08 +4.4699e+00 -7.9469e-01 +2.9953e+00 -1.5916e+00 +2.9183e+00 +2.0920e-01 -3.1443e+00 -1.0048e-01 -3.9730e+00 +7.2443e-02 -5.6292e-01 +7.4825e-01 +1.1392e+00 +3.3488e+00 -3.9088e+00 +2.5948e+00 +2.3535e+00 +1.6880e-01 -3.1913e+00 -3.9582e+00
12 +2.288220022e+08 +2.288220022e+08 +2.288220400e+08 +2.288220400e+08 -2.4208e+00 +3.8072e+00 -3.6652e+00 -3.8365e+00 -3.2044e+00 -1.4156e+00 -4.4949e+00 -8.0742e-01 -1.9672e+00 -3.1548e+00 -2.2002e+00 -3.6654e+00 -2.4901e+00 -2.8909e-01 -3.5521e+00 +3.9540e-01 -1.3869e+00 +4.5970e+00 -4.2278e+00 -1.5173e+00
26 +1.278596819e+08 +1.278596819e+08 +1.278597196e+08 +1.278597196e+08 -2.5716e+00 +3.0699e+00 +2.2356e+00 -2.8670e+00 -8.6269e-01 +4.8773e-01 -1.9246e+00 +3.1244e-02 +1.6550e+00 -3.8901e+00 -4.6697e-01 -2.2815e+00 +1.0510e+00 -8.3083e-02 -3.0247e+00 -2.7003e+00 -8.2449e-01 +3.9959e+00 -2.1638e+00 +1.1383e+00
543 +5.239016970e+07 +5.239016970e+07 +5.239020747e+07 +5.239020747e+07 +1.7347e+00 +1.1694e+00 -2.3714e+00 +1.1950e+00 -5.9670e-01 -2.9749e+00 -3.0260e+00 +3.3503e+00 +9.1590e-01 -4.1612e+00 +2.0281e+00 -4.6725e+00 -1.2566e+00 +1.4945e+00 -2.3658e+00 -1.1242e+00 -5.4641e-01 -3.6243e-01 -7.8361e-02 -6.0816e-01
1914 +3.434489543e+07 +3.434489543e+07 +3.434493320e+07 +3.434493320e+07 +1.9267e+00 +2.2037e+00 -4.3228e-03 +1.5869e+00 +4.0974e-01 -2.9775e+00 -4.1638e+00 +3.5639e+00 -1.2082e+00 -2.1915e+00 +2.6494e+00 +4.7897e-01 -2.8723e+00 +1.0030e+00 -4.3632e+00 -2.3670e-01 +1.0968e+00 +8.0586e-02 +9.3664e-01 -1.2283e+00
2410 +1.513397215e+07 +1.513397215e+07 +1.513400992e+07 +1.513400992e+07 +2.2650e-01 +2.1452e+00 -1.5973e+00 +8.3487e-01 +2.2284e+00 -2.7620e+00 -3.6150e+00 +2.6700e+00 +1.7245e-01 -1.5177e+00 +2.3767e+00 -2.2646e+00 -2.2892e+00 +9.3372e-01 -2.6591e+00 +3.0593e-01 -4.1970e-01 -7.9683e-02 +6.7650e-01 +4.7928e-02
3534 +8.372135393e+06 +8.372135393e+06 +8.372173163e+06 +8.372173163e+06 -9.1638e-01 +1.5845e+00 -2.3773e-01 +7.6943e-01 +2.0863e+00 -3.4508e+00 -2.5090e+00 +2.2043e+00 -1.5180e+00 -2.0219e+00 +3.0815e+00 -2.0177e+00 -1.3830e+00 -2.2122e-01 -2.2591e+00 -6.5231e-01 -9.0406e-01 +2.0337e+00 +4.0726e-01 +5.0908e-01
4580 +5.300785414e+06 +5.300785414e+06 +5.300823184e+06 +5.300823184e+06 -1.0372e+00 +1.6623e+00 +7.0490e-01 +2.2319e-01 +8.9755e-01 -4.5247e+00 -2.8961e+00 +2.6705e+00 -8.8000e-01 -1.0754e+00 +3.1833e+00 -1.3570e+00 -1.3436e+00 +5.7528e-01 -1.5297e+00 -5.6887e-02 -4.9455e-03 +1.8414e+00 +3.2599e-01 -6.9954e-01
4606 +3.943412034e+06 +3.943412034e+06 +3.943449804e+06 +3.943449804e+06 -3.9523e-01 +2.4191e+00 +5.8879e-01 +8.0801e-01 +1.2522e+00 -3.6913e+00 -3.6998e+00 +2.8040e+00 -3.0582e-01 -1.2333e+00 +1.9256e+00 -6.0266e-01 -7.1156e-01 +6.6780e-02 -2.5514e+00 +7.7391e-01 -6.2060e-01 +1.0642e+00 +5.6714e-01 -3.5306e-01
% function evaluation | noise-free fitness - Fopt (-1.523000000000e+01) | best noise-free fitness - Fopt | measured fitness | best measured fitness | x1 | x2...
1 +6.376950828e+08 +6.376950828e+08 +6.376950676e+08 +6.376950676e+08 -3.0533e+00 +4.2827e+00 +5.7629e-01 -3.0613e+00 +4.2253e+00 -3.6299e+00 +1.5423e+00 -2.6335e+00 +3.9360e+00 +6.2773e-01 -5.1196e-01 +1.4349e+00 +1.6376e+00 -2.5926e+00 +3.8452e+00 +3.0204e+00 +1.2833e+00 +1.3691e+00 +2.4121e-01 +1.3376e+00
3 +3.789296124e+08 +3.789296124e+08 +3.789295971e+08 +3.789295971e+08 -4.2377e+00 -9.7140e-01 +2.3909e+00 +1.4070e+00 -1.7710e-01 -3.9168e+00 -2.7532e+00 +8.3988e-01 +1.5810e+00 +2.3979e+00 -4.4171e+00 -1.3446e+00 +1.0653e+00 +3.8984e+00 +4.8181e+00 -4.1667e+00 -3.0433e+00 +4.0237e-01 -6.7267e-01 -8.6225e-01
50 +2.070092430e+08 +2.070092430e+08 +2.070092278e+08 +2.070092278e+08 +2.8038e+00 +1.3894e+00 +2.6832e+00 +4.8089e+00 -2.6682e+00 -3.0052e+00 +3.0325e-01 +2.6226e+00 +4.7463e-01 -1.8399e+00 -1.8387e+00 -1.2260e-01 +3.6248e+00 +4.2885e+00 +2.5326e+00 +1.8542e+00 -1.8717e+00 -2.3923e+00 -4.2210e+00 -2.0439e-01
56 +1.583012912e+08 +1.583012912e+08 +1.583012759e+08 +1.583012759e+08 +4.5742e+00 +4.3170e+00 +8.2220e-01 +9.3086e-01 -3.5241e+00 -7.1503e-01 -3.5724e+00 +4.8600e+00 +7.6228e-01 +6.0503e-01 -3.2027e+00 -2.2599e+00 +4.9573e+00 +4.7065e+00 -4.1992e+00 +3.9196e+00 -2.9511e+00 -2.7313e+00 +1.0038e+00 -3.3257e+00
1003 +7.261800407e+07 +7.261800407e+07 +7.261798884e+07 +7.261798884e+07 -6.4076e-01 +7.5707e-01 -1.0655e-01 +3.5044e+00 -4.5741e+00 -2.2851e+00 -3.9600e+00 -4.7366e-01 +6.1666e+00 -3.2963e+00 +3.3228e+00 -2.1623e+00 +3.0970e+00 +4.1087e-01 -5.6188e-01 +1.3057e+00 -5.9233e+00 -3.0680e-01 +1.8686e+00 -1.9402e+00
2149 +5.101347873e+07 +5.101347873e+07 +5.101346350e+07 +5.101346350e+07 +1.0583e+00 +6.5428e-01 -1.4283e+00 +1.8616e+00 -3.5151e+00 -2.9939e+00 -4.5289e+00 +3.9839e-01 +7.9105e+00 -4.7065e+00 +6.7675e-01 -3.4304e-01 +7.9500e+00 +3.7221e+00 -2.3557e+00 +2.1128e-01 -4.9064e+00 +9.2560e-01 -1.2443e+00 -3.7330e+00
2578 +3.453662444e+07 +3.453662444e+07 +3.453660921e+07 +3.453660921e+07 +1.0135e+00 +3.8962e-01 -1.7866e+00 +2.1782e+00 -2.0300e+00 -3.0540e+00 -4.3759e+00 -2.0123e-03 +5.5593e+00 -3.5106e-01 +1.4744e+00 -3.2473e+00 +3.7178e+00 +4.1051e+00 -1.4645e+00 -1.5900e+00 -4.8115e+00 +1.2716e+00 +2.1686e+00 -1.9731e+00
2709 +2.283140544e+07 +2.283140544e+07 +2.283139021e+07 +2.283139021e+07 +1.9296e+00 +3.5253e-01 -1.5252e+00 +2.6993e+00 -4.0045e+00 -1.1248e-01 -3.7858e+00 -7.0817e-01 +4.3955e+00 -2.3806e+00 -1.8372e+00 -1.3062e+00 +2.0347e+00 +2.1003e+00 -3.5972e-01 +1.1373e+00 -4.6605e+00 +2.4025e+00 +2.9140e-01 +1.4705e-01
3708 +1.477577852e+07 +1.477577852e+07 +1.477576329e+07 +1.477576329e+07 +2.4650e+00 +2.0257e+00 -1.7945e+00 +3.4947e+00 -3.6369e+00 -1.2656e+00 -4.0957e+00 +8.4164e-01 +4.7592e+00 -2.1262e+00 -6.6678e-01 -2.3548e+00 +3.7167e+00 +3.2748e+00 -5.1572e-01 -1.8593e+00 -2.3143e+00 +7.3619e-01 +4.2938e-01 -1.5121e-01
4510 +9.930468323e+06 +9.930468323e+06 +9.930453093e+06 +9.930453093e+06 +4.0910e+00 +1.8923e+00 -1.8018e+00 +2.5018e+00 -2.6874e+00 -1.1770e+00 -3.6757e+00 -2.3013e-01 +5.6042e+00 -3.4000e+00 +1.8301e-01 -3.5100e-01 +3.9846e+00 +3.7471e+00 -1.4381e+00 -1.1904e+00 -4.3423e+00 +4.1794e-01 +1.0228e+00 -1.3539e+00
4812 +5.163709870e+06 +5.163709870e+06 +5.163694640e+06 +5.163694640e+06 +2.4922e+00 +5.4239e-01 -2.5338e+00 +2.8138e+00 -3.1199e+00 -5.8237e-01 -4.0870e+00 -4.2069e-01 +3.0336e+00 -2.3068e+00 -2.4182e-01 -1.0561e+00 +3.5464e+00 +2.7945e+00 -1.0232e+00 -4.0921e-01 -3.1075e+00 +1.3110e+00 -1.1729e-01 -7.0908e-01
% function evaluation | noise-free fitness - Fopt (-1.614300000000e+02) | best noise-free fitness - Fopt | measured fitness | best measured fitness | x1 | x2...
1 +2.666472562e+09 +2.666472562e+09 +2.666472401e+09 +2.666472401e+09 +3.6942e+00 -2.6872e+00 +3.2859e+00 -3.4989e+00 -3.3673e+00 +4.5406e+00 +3.4629e+00 +2.6521e+00 +3.9550e+00 -2.9643e+00 +4.5284e-01 +1.4957e+00 -4.8805e+00 +1.2082e+00 +1.6593e+00 +4.9154e+00 -3.1282e+00 -2.3887e+00 -4.3118e+00 +2.6009e+00
3 +1.647756870e+09 +1.647756870e+09 +1.647756708e+09 +1.647756708e+09 -1.3428e+00 -1.8010e+00 -2.6320e+00 -6.2962e-01 +6.3017e-01 -1.5202e+00 +1.0863e+00 -3.2516e+00 -2.7378e+00 -3.5448e+00 -3.9719e+00 -5.9637e-01 -4.9352e+00 +8.9825e-01 -2.1256e+00 +1.3488e+00 -3.1510e+00 +1.0098e+00 -2.0807e+00 +4.2715e+00
4 +4.218616763e+08 +4.218616763e+08 +4.218615149e+08 +4.218615149e+08 -1.0173e+00 +8.8979e-01 +1.3046e+00 +4.4806e+00 -1.2655e+00 +1.7099e+00 +2.6727e+00 +4.0709e+00 -2.3141e+00 +4.5131e-02 -4.9845e+00 -7.5864e-01 -3.7262e+00 -7.9032e-01 -2.9440e+00 -4.0979e+00 +2.2200e+00 -3.3189e+00 +1.0489e+00 +1.6392e+00
20 +2.918240199e+08 +2.918240199e+08 +2.918238585e+08 +2.918238585e+08 +4.0551e+00 +3.3307e+00 -4.0290e-01 -4.6328e+00 +2.4979e+00 +3.2100e+00 -3.3128e+00 +2.4772e+00 +2.0087e+00 -1.2349e+00 +2.8233e+00 -1.1635e+00 +1.5490e+00 -4.6189e+00 +4.1366e+00 +9.2672e-01 +2.5396e+00 +9.6366e-01 +1.7473e+00 +2.3495e+00
75 +2.475855546e+08 +2.475855546e+08 +2.475853932e+08 +2.475853932e+08 +4.5896e+00 -9.2959e-01 +2.1554e+00 +1.4147e+00 -3.0539e+00 -2.3601e+00 +4.0411e+00 +2.3386e+00 -3.5254e+00 -3.1847e+00 +3.1282e+00 -1.6147e+00 +4.9048e+00 -2.6758e+00 -3.8955e-01 +2.0472e+00 +2.5961e+00 -3.5746e+00 -1.7545e+00 +2.4284e+00
302 +1.348629781e+08 +1.348629781e+08 +1.348628167e+08 +1.348628167e+08 -3.5398e-01 -3.4126e+00 +7.0419e-01 +1.0694e+00 -1.9412e+00 +1.2723e+00 -8.6595e+00 +2.2748e+00 +2.0210e+00 -1.7316e+00 -1.1160e+00 -6.4229e+00 +6.1936e-01 -1.4619e+00 +3.2591e-01 +1.1996e+00 +9.8861e-01 +4.7867e+00 +4.5916e+00 +3.1544e+00
706 +8.554398928e+07 +8.554398928e+07 +8.554382785e+07 +8.554382785e+07 +2.7167e+00 -4.3240e+00 +1.3216e+00 +2.8189e+00 +1.1412e+00 +2.1545e-01 -2.6138e+00 +2.1746e+00 -1.7382e+00 -2.6409e+00 +1.2234e+00 -1.7887e+00 +2.5659e+00 -1.0443e+00 +2.0164e+00 +4.3310e+00 +5.0260e+00 -1.2336e+00 -1.4142e+00 +4.8232e+00
1701 +6.038573192e+07 +6.038573192e+07 +6.038557049e+07 +6.038557049e+07 +4.5747e-01 -4.4625e+00 +4.2097e+00 +4.8841e+00 +4.3194e-01 -8.6927e-02 -8.1110e-01 -8.5496e-01 +8.6613e-01 -2.4413e+00 +1.6472e+00 -4.5839e+00 +2.6694e+00 -1.8932e+00 +2.1091e+00 +3.0428e+00 +1.9137e+00 -2.0575e+00 +1.1400e+00 +2.4446e+00
2415 +3.548046026e+07 +3.548046026e+07 +3.548029883e+07 +3.548029883e+07 +7.5297e-01 -4.2877e+00 +4.1122e+00 +8.3806e-01 +2.4572e-01 +1.5839e-01 -4.4732e+00 +4.8066e+00 +3.2298e+00 -3.0235e+00 +2.1494e+00 -3.2987e+00 -7.1041e-01 -2.6712e+00 -5.0861e-01 +2.9165e+00 +5.9973e+00 +1.8024e+00 +3.3606e-01 +3.7348e+00
3105 +1.892481647e+07 +1.892481647e+07 +1.892465504e+07 +1.892465504e+07 +2.2055e-01 -1.7521e+00 +2.4336e+00 +1.7637e+00 +1.3737e+00 -4.1002e-01 -4.8499e+00 +1.7524e+00 +6.1283e-01 -3.4362e+00 +9.9447e-01 -3.9985e+00 -2.0817e+00 -2.9377e+00 -9.8549e-01 +4.1689e+00 +3.7287e+00 +1.4014e+00 +2.0685e+00 +2.2124e+00
3953 +1.488949778e+07 +1.488949778e+07 +1.488933635e+07 +1.488933635e+07 -2.6747e-01 -4.2714e+00 +3.0731e+00 +2.4745e+00 +6.0863e-01 +2.1547e+00 -2.4808e+00 +2.5667e+00 +2.8056e-01 -2.2282e+00 +1.7899e-01 -3.1940e+00 -2.3468e+00 -1.3364e+00 +2.2995e+00 +6.8069e-01 +1.9823e+00 +3.5048e-01 -6.7157e-01 +2.0896e+00
4203 +9.478005464e+06 +9.478005464e+06 +9.477844034e+06 +9.477844034e+06 +5.3506e-01 -3.0234e+00 +3.3122e+00 +2.9107e+00 +7.3770e-01 +4.7790e-01 -3.1593e+00 +3.3066e+00 +6.0179e-01 -2.7278e+00 +5.8387e-01 -3.4862e+00 -1.7957e+00 -1.6487e+00 +4.3525e-01 +7.4879e-01 +3.1382e+00 +7.0413e-01 -3.4419e-01 +2.0248e+00
4807 +6.175147947e+06 +6.175147947e+06 +6.174986517e+06 +6.174986517e+06 -6.8033e-01 -5.5651e+00 +3.4078e+00 +4.1907e+00 -1.0324e+00 +2.2234e+00 -1.4509e+00 +1.7321e+00 +1.2196e+00 -2.5032e+00 +1.9903e+00 -3.7553e+00 -2.4376e-01 -3.6898e-02 +3.4861e+00 +1.6198e+00 +1.6267e+00 +1.7393e+00 +1.9115e+00 +2.8250e+00
% function evaluation | noise-free fitness - Fopt (3.280300000000e+02) | best noise-free fitness - Fopt | measured fitness | best measured fitness | x1 | x2...
1 +1.145113362e+09 +1.145113362e+09 +1.145113690e+09 +1.145113690e+09 -3.9521e+00 +1.1048e+00 -3.6200e+00 -1.6512e+00 -5.1261e-02 +6.1699e-01 +3.2468e+00 +4.5084e+00 +4.0978e+00 -3.7877e-01 -1.5220e+00 -4.6772e+00 -1.1776e+00 -3.1938e+00 +2.7917e+00 +4.9785e+00 +4.3188e+00 -1.1323e+00 -3.3696e+00 +1.5563e+00
4 +1.846296671e+08 +1.846296671e+08 +1.846299952e+08 +1.846299952e+08 +1.6984e+00 -1.6238e-01 +5.3625e-01 +4.1980e+00 +2.2639e+00 -3.5195e+00 +3.5598e+00 -3.7865e+00 +4.7699e+00 -4.4666e+00 -1.8253e+00 -1.0848e+00 -3.5724e+00 +1.3921e+00 -1.4346e+00 +3.5762e+00 -1.8976e+00 +3.5213e-02 -3.8872e+00 -9.9437e-01
100 +1.495278092e+08 +1.495278092e+08 +1.495281373e+08 +1.495281373e+08 +2.3532e+00 +3.6775e+00 +2.5338e+00 -1.3034e+00 -4.1350e-01 -1.6733e+00 +2.8402e+00 -1.9437e+00 +2.1781e+00 +2.5570e-01 -9.9923e-01 -2.4581e+00 -4.9739e-01 +1.9971e+00 +1.5463e+00 +1.3711e+00 -3.7384e+00 -4.4480e-01 -3.6500e-01 +1.1253e+00
303 +9.568508100e+07 +9.568508100e+07 +9.568540903e+07 +9.568540903e+07 +6.1669e+00 +1.7326e+00 +2.8211e+00 -3.1215e+00 -6.8240e-01 -7.1530e-02 +1.9934e+00 -5.2411e+00 -2.3922e+00 -2.4399e+00 +5.0790e-01 -2.0693e-01 +2.1379e-01 -2.3009e-01 -4.5726e+00 -2.6707e-01 -2.7580e+00 +1.8162e+00 -2.4083e+00 -1.8651e+00
1110 +4.593346633e+07 +4.593346633e+07 +4.593379436e+07 +4.593379436e+07 +3.8335e+00 +4.6313e+00 +3.5420e+00 -1.6810e+00 +3.7371e-01 +2.6615e-01 +3.3051e+00 -2.9672e+00 -1.6269e+00 -2.9647e+00 +1.0272e+00 +9.9299e-01 +1.7989e+00 +2.7205e+00 -2.6479e+00 -1.8862e+00 -2.2171e-01 -2.1033e-01 -2.6814e+00 -1.8232e+00
1319 +3.957914610e+07 +3.957914610e+07 +3.957947413e+07 +3.957947413e+07 +4.4191e+00 +2.5878e-01 +7.6174e-01 +4.3775e-01 +2.3474e+00 -1.0321e+00 +1.2391e+00 -3.3664e+00 -2.4497e+00 -1.2829e+00 +9.1385e-01 +1.4637e+00 +3.6143e+00 +1.2474e-01 +1.2385e-01 +5.4458e-02 +4.7649e-01 -1.6476e+00 -1.7606e+00 -1.5870e+00
2426 +2.234034828e+07 +2.234034828e+07 +2.234067631e+07 +2.234067631e+07 +2.4281e+00 +1.0600e+00 +1.9384e+00 +4.2392e-01 +1.0636e+00 -1.7377e+00 +3.4162e-01 -3.9085e+00 -1.5021e+00 -4.4881e+00 +5.8874e-02 +2.9102e+00 +3.2529e+00 +2.1129e+00 -1.7796e+00 +4.5282e-02 +1.7592e+00 -2.2855e+00 -1.5057e+00 -5.0809e-02
3702 +1.575510716e+07 +1.575510716e+07 +1.575543519e+07 +1.575543519e+07 +2.0286e+00 -3.0123e-01 +2.1395e+00 +4.3015e-01 +2.7923e+00 -1.9433e+00 +2.1736e+00 -4.5745e+00 -2.1265e+00 -2.9703e+00 +2.3841e+00 -2.2125e+00 +3.8791e+00 +3.0140e+00 -2.2162e+00 +9.6883e-01 +2.4240e+00 -1.9191e-01 -8.6294e-01 -2.0181e-01
4513 +9.715233199e+06 +9.715233199e+06 +9.715561229e+06 +9.715561229e+06 +3.4048e+00 +2.6640e+00 +1.6911e+00 +6.7732e-01 +1.9488e+00 -1.5193e+00 -2.5994e-01 -2.1248e+00 -2.4072e+00 -3.6384e+00 -9.6138e-01 +2.2015e+00 +2.7662e+00 +2.6495e+00 -3.1705e+00 -1.5369e-01 +6.6485e-01 -1.7282e+00 -1.7857e+00 -3.3682e-01
% function evaluation | noise-free fitness - Fopt (-3.213000000000e+01) | best noise-free fitness - Fopt | measured fitness | best measured fitness | x1 | x2...
1 +1.485179743e+10 +1.485179743e+10 +1.485179740e+10 +1.485179740e+10 +2.9117e+00 +5.3160e-01 +2.4610e+00 -3.0664e+00 +1.6120e+00 +2.7420e+00 -3.8892e+00 -1.9038e-01 +4.8518e+00 +1.4319e+00 +3.8604e+00 -4.1794e+00 -3.1329e+00 +9.0740e-01 +9.1919e-01 +2.1024e-01 +1.5972e+00 -6.3077e-01 -3.0540e+00 +6.6158e-01
2 +1.552027693e+09 +1.552027693e+09 +1.552027661e+09 +1.552027661e+09 -2.3284e+00 +3.5021e+00 +3.7624e+00 -1.5321e+00 -1.3387e+00 +2.6794e+00 +3.6727e+00 +1.8241e+00 -1.0251e+00 +9.1733e-01 +1.7076e+00 +1.5714e+00 +3.0732e+00 +9.4289e-01 -1.3320e+00 -6.6680e-01 -1.8108e+00 -4.3252e+00 +1.8503e+00 -2.3457e+00
3 +7.224585409e+08 +7.224585409e+08 +7.224585087e+08 +7.224585087e+08 +2.1752e+00 -3.8378e+00 +4.3643e+00 -3.1257e+00 -1.5573e+00 -3.0092e+00 +6.2806e-01 -4.6944e+00 -1.8867e+00 +2.3533e+00 -1.8352e+00 -4.9569e+00 -2.7699e+00 -4.2408e+00 -2.0504e+00 -3.4256e+00 -3.6265e+00 +1.4234e+00 +2.8402e+00 -5.2190e-01
16 +2.566841457e+08 +2.566841457e+08 +2.566841136e+08 +2.566841136e+08 -3.0762e+00 +5.1847e-01 -1.4626e+00 +3.5186e+00 -2.7249e+00 +3.8264e+00 +2.3851e+00 -4.4370e+00 -3.7182e+00 -2.3377e+00 +1.0847e+00 +1.9839e-01 +3.0105e+00 +1.6475e+00 +3.7752e+00 +2.6505e+00 -1.8480e+00 +1.5588e+00 +1.6682e+00 -3.1090e+00
24 +2.258322165e+08 +2.258322165e+08 +2.258321844e+08 +2.258321844e+08 +2.0585e+00 -5.2322e-01 +4.6453e+00 +2.8417e+00 -4.5727e+00 +3.7309e+00 +3.2107e+00 -2.1276e+00 +1.6563e+00 -4.7479e+00 -2.9616e+00 -1.9285e+00 +4.0271e+00 +3.9420e+00 +4.2595e+00 +6.5168e-01 +1.5162e+00 -1.3745e+00 +4.0180e+00 -4.5954e+00
1044 +1.300420097e+08 +1.300420097e+08 +1.300419776e+08 +1.300419776e+08 -2.6835e-01 -3.4866e-01 +9.2744e+00 -3.4003e+00 -4.1379e+00 +6.3231e+00 +1.0530e+00 -3.1404e+00 +1.4983e+00 -2.6877e+00 -3.0648e+00 -1.3835e-01 +5.1193e+00 -3.8343e+00 +3.9900e+00 +7.7754e+00 +3.5812e+00 +3.8654e-02 -1.5392e+00 -1.2118e+00
1278 +6.865131011e+07 +6.865131011e+07 +6.865127798e+07 +6.865127798e+07 +8.6747e-01 +2.5583e-01 +6.8600e+00 -2.1911e+00 -2.0418e+00 +3.5687e+00 +1.7730e+00 -4.4255e+00 +6.2807e-01 -8.8051e+00 -4.2299e+00 +3.0187e+00 +4.0636e+00 -4.2637e+00 +1.0476e+00 +4.4217e+00 +3.5660e+00 +7.9151e-01 -1.5008e+00 -4.1167e+00
2201 +5.834472688e+07 +5.834472688e+07 +5.834469475e+07 +5.834469475e+07 +1.7079e+00 +3.1599e+00 +5.2081e+00 -5.5610e+00 -2.9989e+00 +1.5965e+00 -2.9314e+00 -3.6443e+00 -2.6531e+00 -3.0175e+00 -3.7970e+00 +3.4908e+00 +1.5698e+00 -3.9792e+00 +1.4908e+00 +2.4831e+00 +3.4330e+00 +1.5884e+00 +2.2469e+00 -3.3811e+00
2707 +3.353920695e+07 +3.353920695e+07 +3.353917482e+07 +3.353917482e+07 +1.1567e+00 +2.0975e+00 +6.1001e+00 -2.9727e+00 -1.1733e+00 +5.2706e+00 +6.5675e-01 -2.9447e+00 -4.4659e+00 -3.3123e-01 -2.8330e+00 +3.6851e+00 +2.3241e+00 -4.8553e+00 +3.0342e+00 +4.7283e+00 +3.2828e+00 +1.7837e+00 +1.8223e+00 -9.8704e-01
3405 +2.241353613e+07 +2.241353613e+07 +2.241350400e+07 +2.241350400e+07 +1.3416e+00 +2.5554e+00 +4.4625e+00 -2.6596e+00 -1.4561e+00 +4.3654e+00 -3.8274e-01 -3.7025e+00 -1.7916e+00 -2.2855e+00 -4.7249e-01 +1.2031e+00 +3.4560e+00 -2.6749e+00 +1.9877e+00 +3.9508e+00 +1.9778e+00 +1.4231e+00 +1.9405e+00 -1.4210e+00
4404 +1.070627276e+07 +1.070627276e+07 +1.070624063e+07 +1.070624063e+07 +9.1705e-01 +2.1748e+00 +3.2477e+00 -5.4093e+00 -1.4832e+00 +3.5441e+00 -2.0088e+00 -3.3616e+00 -2.2812e+00 -1.4778e+00 -2.0203e+00 +3.7386e+00 +2.6991e+00 -2.6798e+00 +3.8878e+00 +3.2886e+00 +2.5816e+00 +2.2842e+00 +5.3815e-01 +3.5420e-01
4933 +8.339085265e+06 +8.339085265e+06 +8.339053135e+06 +8.339053135e+06 +2.2005e-01 +1.8981e+00 +2.5958e+00 -5.2215e+00 +4.9703e-01 +2.9819e+00 -1.9290e+00 -3.8726e+00 -3.1652e+00 -2.0316e+00 -7.7682e-01 +3.0894e+00 +2.1696e+00 -2.7085e+00 +2.8412e+00 +3.6201e+00 +2.8123e+00 +3.3037e+00 -9.4376e-01 +6.7554e-01
% function evaluation | noise-free fitness - Fopt (1.576000000000e+01) | best noise-free fitness - Fopt | measured fitness | best measured fitness | x1 | x2...
1 +9.233080041e+08 +9.233080041e+08 +9.233080199e+08 +9.233080199e+08 -2.5538e+00 +4.2239e+00 -1.2457e+00 +1.0460e+00 +9.8515e-01 +1.0601e+00 -4.5922e+00 -1.2663e+00 +4.7422e+00 +3.5308e+00 -3.5273e+00 -2.4603e+00 +9.4325e-01 +2.1454e+00 -2.7009e+00 -2.9372e-01 -3.4641e+00 +3.9836e+00 +2.4889e+00 -1.7449e+00
6 +4.842929939e+08 +4.842929939e+08 +4.842930097e+08 +4.842930097e+08 +7.8537e-02 +1.8277e+00 +1.2962e-01 +3.7336e+00 -1.8276e+00 +2.6683e+00 -9.3491e-01 +2.2448e-01 +8.1261e-01 -4.5132e-01 -3.5640e+00 -3.1758e+00 -4.5298e+00 -1.6038e+00 -3.9422e+00 +3.8712e+00 -1.9135e+00 +3.8492e+00 +3.8297e-01 +2.0816e+00
25 +3.550608225e+08 +3.550608225e+08 +3.550608383e+08 +3.550608383e+08 +2.8617e+00 +2.9588e+00 -3.6136e+00 +4.0893e+00 +1.4290e+00 -3.9232e+00 +3.4810e+00 +4.2664e+00 +4.1329e-01 +3.7491e+00 -3.6939e+00 -1.2334e+00 +1.1537e+00 -7.0488e-02 -4.8862e+00 +4.9794e+00 +3.4676e+00 -4.4006e+00 +4.4369e-01 -3.6571e+00
136 +2.457777856e+08 +2.457777856e+08 +2.457778014e+08 +2.457778014e+08 +1.8150e+00 -5.3978e+00 +1.3558e+00 -2.2228e+00 -2.2831e+00 -3.0578e+00 -2.6031e-01 +2.0315e+00 +3.1353e+00 -5.1443e+00 +3.9359e-01 -1.4765e+00 -3.1215e+00 -5.7190e+00 +1.9740e+00 -9.0996e-01 -6.0356e-01 -3.2254e+00 +5.2277e+00 -3.5720e+00
255 +1.551674337e+08 +1.551674337e+08 +1.551674495e+08 +1.551674495e+08 +1.8106e+00 -1.7168e+00 -1.8076e+00 +1.6283e+00 +1.3328e+00 +2.3077e+00 -9.6249e-01 +9.0527e-01 -4.7905e-01 +4.3182e+00 -3.7584e+00 +3.0011e+00 -6.5531e+00 -6.7842e+00 +7.9735e+00 -2.9738e+00 +1.9692e-01 -2.3148e+00 +2.0545e+00 -1.3428e+00
601 +9.518959125e+07 +9.518959125e+07 +9.518960701e+07 +9.518960701e+07 +2.0902e+00 -3.8183e+00 +1.0281e+00 -4.9232e-01 +8.0230e-01 +3.1685e-01 -6.1179e-01 +9.1104e-01 +3.0106e+00 -9.3969e-01 -2.8378e+00 +5.1445e-02 +4.0423e-01 -3.1538e-01 +3.2530e+00 +1.3790e+00 -1.9077e+00 +4.5333e-01 +2.0669e+00 +1.2087e+00
1608 +4.153011493e+07 +4.153011493e+07 +4.153013069e+07 +4.153013069e+07 +3.5272e+00 -1.5683e+00 +1.2488e-01 +1.0262e+00 -2.6076e+00 -1.1627e+00 -3.0491e+00 -4.4614e-01 +2.7921e+00 -7.2851e-01 -3.2817e+00 +3.3389e+00 -3.2964e+00 -2.6849e+00 +5.1057e+00 -1.1217e-01 +1.3345e+00 -9.5126e-01 +1.7214e+00 +1.4953e+00
1989 +3.320176316e+07 +3.320176316e+07 +3.320177892e+07 +3.320177892e+07 +4.7069e+00 -3.8199e+00 -1.5782e+00 +4.2844e+00 +4.0344e-01 -5.2348e-01 -2.2103e+00 +7.6884e-01 +1.7675e+00 -8.5019e-02 -4.4565e-01 +3.8404e+00 -5.3320e+00 -5.3412e+00 +2.4784e+00 -1.1882e-01 +5.4040e-01 -2.5388e-01 +2.3653e+00 +5.0104e-01
2307 +2.435647360e+07 +2.435647360e+07 +2.435648936e+07 +2.435648936e+07 +3.2258e+00 -1.1308e+00 +1.8366e+00 +3.8330e+00 -3.0965e+00 +1.2382e+00 -1.9359e+00 -3.1774e+00 +2.3091e+00 +2.3845e+00 -1.9188e+00 +2.9968e+00 -1.5906e+00 -4.5174e+00 +1.4301e+00 +1.1522e+00 -1.2900e+00 -4.1627e-01 +8.8860e-01 +1.6365e+00
3045 +1.525948053e+07 +1.525948053e+07 +1.525949629e+07 +1.525949629e+07 +2.7588e+00 -1.3849e+00 -1.9258e+00 +3.6458e+00 -1.2839e+00 +6.9144e-01 -1.7394e+00 -2.4461e-01 +2.2598e+00 +6.4833e-01 -3.2676e+00 +3.1673e+00 -5.5298e+00 -5.2604e+00 +3.1494e+00 -1.2140e+00 +1.4052e+00 -1.2171e+00 +2.1922e+00 +1.3162e+00
3519 +9.382320407e+06 +9.382320407e+06 +9.382336167e+06 +9.382336167e+06 +3.1753e+00 -1.5008e+00 -2.1251e+00 +3.8726e+00 -2.4157e+00 +5.4752e-01 -1.6985e+00 -1.3525e+00 +2.3417e+00 +1.6415e+00 -1.4962e+00 +1.9648e+00 -5.6018e+00 -3.5383e+00 +3.9441e+00 -4.5163e-01 +1.3827e+00 -2.8752e-01 +2.5726e+00 +2.6645e+00
3906 +4.548343028e+06 +4.548343028e+06 +4.548358788e+06 +4.548358788e+06 +2.7124e+00 -1.7652e+00 -3.1904e-01 +3.6425e+00 -9.3770e-01 +7.6770e-01 -2.0132e+00 -1.0834e+00 +2.6487e+00 +1.0643e+00 -1.2337e+00 +1.7080e+00 -4.3304e+00 -4.4581e+00 +2.9602e+00 +1.9073e-01 +7.3357e-01 -1.3572e+00 +1.7306e+00 +3.1166e+00
4839 +3.951195246e+06 +3.951195246e+06 +3.951211006e+06 +3.951211006e+06 +3.1029e+00 -2.2067e+00 -1.5273e+00 +4.1597e+00 -1.2927e+00 +7.7573e-01 -1.7747e+00 -6.2246e-01 +3.0407e+00 +1.5038e+00 -6.3559e-01 +1.0800e+00 -3.9841e+00 -4.7659e+00 +2.9489e+00 +4.1733e-01 +1.6345e-01 -4.6821e-01 +1.7661e+00 +2.5141e+00
% function evaluation | noise-free fitness - Fopt (3.735000000000e+01) | best noise-free fitness - Fopt | measured fitness | best measured fitness | x1 | x2...
1 +3.764311015e+09 +3.764311015e+09 +3.764311052e+09 +3.764311052e+09 -2.9274e+00 -4.6045e+00 +3.3214e-01 +2.5768e+00 -4.8091e+00 +4.2905e+00 +5.6735e-02 -4.5304e+00 +4.0817e+00 -4.5558e+00 +2.5252e+00 +7.2812e-01 +2.4189e+00 +4.3019e+00 -9.0642e-01 +3.0976e+00 +2.3128e+00 -5.3665e-01 -3.9110e+00 +4.7521e+00
4 +1.814538733e+09 +1.814538733e+09 +1.814538771e+09 +1.814538771e+09 -3.5405e+00 -6.6127e-01 -1.8678e+00 -4.6604e+00 -2.5749e+00 -8.1476e-01 +3.4474e+00 -2.3813e+00 -7.7417e-01 -2.2283e+00 -8.8382e-01 -5.8087e-01 +2.2105e+00 -1.8651e+00 +4.5815e-01 +3.8045e+00 +2.4190e+00 -2.1416e+00 -3.8520e+00 +1.6975e+00
5 +4.080046424e+08 +4.080046424e+08 +4.080046798e+08 +4.080046798e+08 -2.5460e+00 +3.1889e+00 -2.2983e+00 -5.0209e-01 +4.2759e+00 +1.5504e+00 +1.5827e+00 -4.5724e-01 +7.3996e-01 -4.2363e+00 +1.7425e+00 -7.4859e-01 +3.7436e+00 +4.9503e+00 +2.0544e-01 +1.8220e+00 -5.0625e-01 -3.2442e+00 +4.3231e-01 -3.7698e-01
72 +3.904407467e+08 +3.904407467e+08 +3.904407841e+08 +3.904407841e+08 -2.8264e+00 -2.5613e+00 +9.0994e-01 -3.3419e-02 -1.6616e+00 -1.6308e+00 +3.5177e+00 -2.5241e+00 +4.0261e-01 -3.5217e+00 +3.4951e+00 +3.7628e+00 -1.6324e+00 +4.9878e+00 +2.4534e+00 +3.8673e+00 -1.9085e+00 -2.3374e+00 +2.5494e+00 -1.2966e-01
123 +1.449909089e+08 +1.449909089e+08 +1.449909462e+08 +1.449909462e+08 -4.9350e+00 +9.7713e-01 +1.7096e+00 -3.1373e+00 +1.6324e+00 -5.9265e+00 +4.2248e-02 -1.2746e+00 -1.8293e+00 -2.2881e-02 +3.7528e+00 +3.0414e+00 +7.3015e+00 +6.9902e+00 +3.0277e-02 +9.4284e-01 -1.2149e+00 -4.4163e+00 +1.0765e+00 +6.6821e+00
301 +8.545832603e+07 +8.545832603e+07 +8.545836338e+07 +8.545836338e+07 -1.8213e+00 +1.5690e+00 +1.4913e+00 -1.8818e+00 +1.5089e+00 -1.7997e+00 -1.1970e+00 -9.5451e-01 -1.5568e+00 -1.4396e+00 +2.2167e+00 +7.0445e-01 +1.7013e+00 +2.7589e+00 +1.2284e+00 +1.8019e+00 -1.1840e+00 -3.5152e+00 -7.2272e-02 +4.5239e+00
1968 +4.989843050e+07 +4.989843050e+07 +4.989846785e+07 +4.989846785e+07 -5.7433e+00 +1.1021e+00 +3.4850e+00 -1.9762e+00 +2.1883e+00 -1.8752e+00 -1.1990e+00 -2.3701e+00 -2.0615e+00 -1.9237e+00 +2.4601e+00 +1.3008e-01 +2.1074e+00 +3.9652e+00 +1.3467e+00 +2.2356e+00 -3.0703e+00 -1.9467e+00 -1.1168e+00 +3.2655e+00
2410 +3.887049317e+07 +3.887049317e+07 +3.887053052e+07 +3.887053052e+07 -5.0646e+00 +8.1296e-01 +3.4563e+00 -2.0695e+00 +1.0137e+00 -2.3391e+00 -7.2291e-01 -1.0031e+00 -1.7674e+00 -8.1829e-02 +2.3973e+00 +2.2810e+00 +6.1249e-01 +4.6845e+00 -1.1874e+00 +8.0350e-01 -2.6876e+00 -2.0627e+00 -4.8387e+00 +1.5732e+00
2437 +2.471509585e+07 +2.471509585e+07 +2.471513320e+07 +2.471513320e+07 -5.2052e+00 -4.0229e-01 +2.9694e+00 +5.3587e-01 +1.5610e+00 -1.3309e+00 +2.7406e-01 -1.8842e+00 -3.1268e+00 +1.5409e+00 +3.3418e+00 -4.9894e-01 +1.1745e+00 +3.6452e+00 -1.9029e+00 +1.1354e+00 -2.6962e+00 -3.1300e+00 -1.2097e+00 +4.8039e+00
3620 +1.191869276e+07 +1.191869276e+07 +1.191873011e+07 +1.191873011e+07 -3.3091e+00 -1.5694e+00 +4.6519e+00 -1.2536e+00 +2.3903e+00 -3.8768e+00 +1.1922e+00 -1.2178e+00 -2.3322e+00 +1.3669e+00 +2.0893e+00 +8.2784e-01 +1.5556e+00 +3.7979e+00 -2.8445e+00 +2.7370e+00 -4.0686e+00 -3.0731e+00 -1.3001e+00 +3.9796e+00
4401 +8.958013955e+06 +8.958013955e+06 +8.958051305e+06 +8.958051305e+06 -5.5148e+00 -8.6974e-02 +3.8975e+00 +1.2333e+00 +2.8999e+00 -3.5063e+00 +1.6266e+00 -2.8806e+00 -1.9512e+00 +3.9306e-02 +1.3773e+00 -9.1670e-01 -2.7562e-01 +2.7676e+00 -2.0864e+00 +2.5754e+00 -4.0140e+00 -1.8948e-01 -2.7802e+00 +2.9913e+00
4805 +5.345063593e+06 +5.345063593e+06 +5.345100943e+06 +5.345100943e+06 -5.1742e+00 +1.2129e+00 +3.8928e+00 +2.6898e-01 +2.2289e+00 -2.6240e+00 +1.8166e+00 -2.6425e+00 -2.4700e+00 +5.4043e-01 +1.7840e+00 -6.4860e-01 +6.4264e-01 +3.1329e+00 -1.5834e+00 +1.8280e+00 -3.2218e+00 -7.0844e-01 -2.7434e+00 +1.8161e+00
% function evaluation | noise-free fitness - Fopt (-3.096300000000e+02) | best noise-free fitness - Fopt | measured fitness | best measured fitness | x1 | x2...
1 +9.175723987e+09 +9.175723987e+09 +9.175723677e+09 +9.175723677e+09 +4.6754e+00 +1.7257e-01 +2.7721e+00 +2.7660e+00 +2.4043e+00 -2.4849e+00 -1.6793e+00 -2.0250e+00 +3.4365e+00 +8.1010e-01 +2.5040e+00 -3.1409e+00 -4.8844e-01 +1.6811e-01 -3.5896e+00 -4.3480e+00 +2.9809e+00 -2.5929e+00 +2.3694e+00 -3.6932e+00
2 +4.571315029e+09 +4.571315029e+09 +4.571314719e+09 +4.571314719e+09 +1.0446e+00 +4.1263e+00 +4.5752e+00 +2.9008e+00 -4.6750e+00 -1.0662e+00 -2.9685e+00 +2.6531e+00 +1.6756e+00 +3.6878e+00 +3.7103e-01 -9.9268e-01 +2.7491e+00 +5.0987e-01 +1.6961e+00 +1.0650e+00 +3.9944e+00 -4.5706e+00 -3.5023e+00 +8.5820e-01
4 +3.869127472e+08 +3.869127472e+08 +3.869124376e+08 +3.869124376e+08 +3.9153e+00 -4.1226e+00 +3.0022e+00 -2.0286e+00 +4.3996e+00 -3.0233e+00 -3.4641e+00 +2.1482e+00 -2.2952e+00 +2.6329e+00 +3.8858e+00 +2.3078e+00 -4.5163e+00 +4.7901e+00 -2.7802e+00 +4.3934e+00 +2.3448e-01 +3.2954e+00 +1.7559e-01 -3.6825e+00
28 +1.853557210e+08 +1.853557210e+08 +1.853554113e+08 +1.853554113e+08 -4.9987e+00 -2.7164e+00 +2.0551e-01 -2.8324e+00 -2.9563e+00 +1.5217e+00 +1.5303e+00 -2.1202e+00 +6.4676e-01 -4.4585e+00 +2.4547e+00 +1.2296e+00 +1.0392e+00 +2.5427e+00 +5.7831e-02 +3.8620e+00 -7.3308e-01 +2.8033e+00 -1.0122e+00 -4.4988e+00
63 +1.491093459e+08 +1.491093459e+08 +1.491090363e+08 +1.491090363e+08 -4.6953e+00 -9.0189e-01 -3.0399e+00 +1.0536e+00 -1.9130e+00 -1.1261e+00 -2.7391e+00 -4.6971e+00 +2.5733e+00 +5.9971e-01 +1.3574e+00 +4.9135e+00 -2.3000e+00 -1.9723e+00 +2.7893e-01 +1.3437e+00 +1.8075e+00 +2.5434e-01 -4.1909e-01 -4.7772e+00
802 +7.400049446e+07 +7.400049446e+07 +7.400018483e+07 +7.400018483e+07 -1.1828e+00 -1.3842e-01 -1.3223e-01 +6.0107e+00 -1.5310e+00 -3.3249e+00 +1.2023e+00 -2.6704e+00 -8.4716e-03 +3.2574e+00 +9.7497e-01 +3.2021e+00 +1.6948e-01 -2.1324e+00 -3.9801e-01 +2.1160e+00 +4.0861e-01 +2.6080e+00 -1.5404e+00 +9.3800e-01
1405 +5.980998255e+07 +5.980998255e+07 +5.980967292e+07 +5.980967292e+07 -1.4135e-02 +8.8707e-01 -1.6435e+00 +3.9438e+00 -1.4187e+00 -1.6217e+00 +1.9157e+00 -2.9834e+00 +5.4102e-01 +2.0832e+00 +2.1819e+00 +3.9358e+00 +5.7039e-01 -2.4133e+00 -1.6259e+00 +2.0881e+00 +2.3197e-01 +3.6379e+00 -2.6926e+00 -2.4370e+00
2439 +3.894879519e+07 +3.894879519e+07 +3.894848556e+07 +3.894848556e+07 -3.7733e+00 +3.7372e+00 +1.2604e+00 +7.0455e-01 -9.9834e-01 -3.4530e+00 +1.4366e+00 -2.2194e+00 -1.2274e+00 +8.2659e-01 +4.4678e+00 +6.2301e+00 -1.3147e+00 -1.2991e+00 -8.7760e-01 +1.7872e+00 +8.7155e-01 +2.7777e+00 -1.9709e+00 +2.8727e-01
2921 +1.814228961e+07 +1.814228961e+07 +1.814197998e+07 +1.814197998e+07 -2.4691e+00 +2.4718e+00 -1.2838e+00 +1.1875e+00 -1.2968e+00 -1.8267e+00 +3.1224e+00 -1.1344e+00 -1.6172e-01 +1.1915e+00 +2.9920e+00 +3.8168e+00 +2.6483e-01 -1.1132e+00 +1.8177e-01 +2.3469e+00 -9.3869e-01 +4.8325e+00 -7.6438e-01 +9.6181e-01
3307 +1.482154636e+07 +1.482154636e+07 +1.482123673e+07 +1.482123673e+07 -3.1262e+00 +1.4875e+00 +5.0588e-01 +1.7709e+00 -2.5691e+00 -1.3707e+00 +2.9677e+00 -1.6581e+00 +1.2086e+00 +2.5849e-01 +3.2980e+00 +4.6986e+00 +1.0205e+00 -1.8712e+00 +1.4214e-01 +2.0748e+00 -4.5751e-01 +3.8348e+00 +1.0394e+00 +1.4995e+00
4079 +8.389007687e+06 +8.389007687e+06 +8.388698057e+06 +8.388698057e+06 -5.0497e+00 +2.3210e+00 -4.9736e-01 +3.3971e-02 -1.8983e+00 -1.1094e+00 +1.6993e+00 -2.1558e+00 -1.7737e+00 -7.3980e-01 +4.7857e+00 +3.3096e+00 -1.3804e+00 -2.0157e+00 +2.1251e-01 +2.8106e+00 -2.2926e-01 +3.3527e+00 +2.7479e+00 +2.5495e-01
4904 +5.868810049e+06 +5.868810049e+06 +5.868500419e+06 +5.868500419e+06 -5.4329e+00 +3.0243e+00 -6.8470e-01 +1.0013e+00 -2.3949e+00 -1.4446e+00 +2.2566e+00 -1.2769e+00 -1.9758e+00 -1.1664e-01 +4.6980e+00 +2.4991e+00 -2.4036e+00 -3.6748e+00 -3.5813e-01 +2.4548e+00 +9.6287e-02 +2.7501e+00 +1.8340e+00 +6.9669e-01
% function evaluation | noise-free fitness - Fopt (-1.000000000000e+03) | best noise-free fitness - Fopt | measured fitness | best measured fitness | x1 | x2...
1 +1.101177250e+09 +1.101177250e+09 +1.101176250e+09 +1.101176250e+09 +3.1058e+00 -1.1739e+00 +3.7554e-01 -1.2253e+00 -8.9717e-02 -2.2188e+00 +5.7927e-01 -3.8197e+00 +2.3844e+00 +3.3129e+00 +7.8568e-01 -2.0832e+00 +4.1864e+00 +4.8019e+00 +2.7011e+00 -1.6092e+00 +8.6573e-01 +2.6476e+00 -4.5500e+00 +1.2228e+00
2 +3.845614731e+08 +3.845614731e+08 +3.845604731e+08 +3.845604731e+08 -3.3504e+00 +2.9576e+00 -4.9872e+00 -1.1186e+00 +4.8358e+00 +2.7792e+00 -3.3859e+00 +4.6260e+00 +3.7666e+00 +5.2779e-01 -3.7960e-01 +3.5486e+00 +2.1350e+00 -4.4463e+00 -1.1451e+00 -3.2803e+00 +5.2613e-01 +2.4839e+00 +3.0534e-01 -3.2427e+00
33 +2.410552564e+08 +2.410552564e+08 +2.410542564e+08 +2.410542564e+08 -4.4695e+00 +1.6017e+00 -4.4555e+00 -7.4766e-01 +4.9951e+00 +3.4895e+00 +3.5262e+00 +4.1743e+00 -1.9650e+00 +2.4243e+00 +1.6891e+00 +2.0680e+00 -3.9199e+00 -1.9326e+00 -2.9752e+00 +2.2633e+00 +9.8802e-03 +4.2527e+00 -4.0212e+00 -6.4369e-01
112 +1.499987504e+08 +1.499987504e+08 +1.499977504e+08 +1.499977504e+08 -1.2084e+00 +6.7276e-02 -6.1658e+00 +2.8765e+00 +4.0362e+00 +4.3890e+00 +4.7924e+00 +3.3350e+00 +2.8188e+00 +4.2409e+00 +1.6373e+00 -3.6002e+00 -2.3010e+00 -1.0324e+00 -4.2292e+00 -4.9741e+00 -3.4287e-02 +3.3292e-01 -1.6009e+00 -7.2740e-01
1036 +8.520356787e+07 +8.520356787e+07 +8.520256787e+07 +8.520256787e+07 -1.2662e+00 +3.7898e+00 -5.1770e+00 +3.2579e+00 +6.9370e-01 +5.6033e+00 +2.9682e+00 +2.2597e+00 +1.6172e+00 +2.3529e+00 +1.8209e+00 -3.1497e+00 -5.3084e-01 -3.8822e+00 +1.7052e+00 -5.8103e+00 -1.4730e+00 -6.5865e-01 -1.6181e+00 -6.3191e+00
1711 +5.976271733e+07 +5.976271733e+07 +5.976171733e+07 +5.976171733e+07 +1.6340e+00 +1.4820e+00 -1.3444e+00 +1.1298e+00 +5.6711e+00 +1.4091e+00 +2.5944e+00 +3.3861e+00 -2.3098e-01 +3.1328e+00 -9.0176e-01 -1.7454e+00 -1.1170e+00 -2.5858e+00 +7.6206e-02 -1.8321e+00 -1.9775e+00 +2.2096e+00 +2.8071e+00 -1.5106e+00
3011 +3.979619020e+07 +3.979619020e+07 +3.979519020e+07 +3.979519020e+07 +1.4231e+00 +4.0542e+00 -2.1779e+00 +2.0273e+00 +1.8272e+00 +3.3905e+00 +7.7142e-01 +2.2391e+00 +2.8157e+00 +1.9862e+00 +5.1327e-01 -3.2172e+00 -7.1026e-01 -3.1761e+00 +2.2033e+00 +1.7012e+00 +1.4535e+00 +1.4053e+00 +2.4097e+00 -3.0256e+00
3908 +2.108726477e+07 +2.108726477e+07 +2.108626477e+07 +2.108626477e+07 +1.5012e+00 +3.7632e+00 -4.7015e+00 -5.1849e-02 +1.8173e+00 +3.7214e+00 +2.8295e+00 +3.3851e+00 +3.6575e+00 +3.2910e+00 -2.5808e-01 -1.9031e+00 -2.3944e+00 -2.6322e+00 +3.8834e+00 -3.1879e+00 +6.9729e-01 +2.1765e+00 -1.0084e+00 -2.0501e+00
4015 +1.375968941e+07 +1.375968941e+07 +1.375868941e+07 +1.375868941e+07 +4.3193e+00 +2.7586e+00 -1.5418e+00 -2.2870e-01 +1.4632e+00 +1.6248e+00 +3.4734e+00 +6.3484e+00 +1.3249e+00 +2.5868e+00 +1.9429e+00 -4.0372e+00 -2.9070e+00 -2.9894e-01 +4.4111e+00 -4.6530e-01 -5.2827e-01 +3.0864e+00 +1.6678e+00 -2.5376e+00
4901 +8.420971392e+06 +8.420971392e+06 +8.419971392e+06 +8.419971392e+06 +1.7448e+00 +3.7586e+00 -3.1375e+00 +1.9005e-01 +1.3412e+00 +3.0474e+00 +3.0688e+00 +2.2360e+00 +3.1424e+00 +3.9061e+00 +1.2731e+00 -3.5095e+00 -1.6060e-01 -1.7642e+00 +3.0205e+00 -6.8825e-01 -4.5334e-01 +1.5664e+00 +8.1036e-01 -1.5191e+00
% function evaluation | noise-free fitness - Fopt (5.800000000000e+01) | best noise-free fitness - Fopt | measured fitness | best measured fitness | x1 | x2...
1 +5.380366053e+08 +5.380366053e+08 +5.380366633e+08 +5.380366633e+08 +2.2371e+00 +3.0496e+00 -3.9213e+00 +6.1707e-01 +2.6276e+00 +3.1217e+00 +4.1845e+00 -1.5259e+00 +1.9643e+00 +1.8798e+00 +3.7554e+00 -6.1595e-01 -2.8005e-02 +3.9397e+00 +4.2154e+00 -2.5850e+00 -4.9827e+00 +3.6001e+00 -1.8271e+00 +1.9118e+00
4 +1.642235235e+08 +1.642235235e+08 +1.642235815e+08 +1.642235815e+08 -3.0322e+00 +2.4912e+00 +4.7806e-01 +5.9936e-01 +3.0446e+00 -3.8466e+00 +3.4536e+00 -8.4252e-01 +7.4288e-01 +2.7803e+00 -8.0127e-01 +2.3964e+00 +2.9177e+00 -2.0121e+00 +1.7361e+00 -1.8342e+00 +2.1076e+00 -2.1822e+00 -1.7970e+00 +6.7815e-01
105 +1.451794129e+08 +1.451794129e+08 +1.451794709e+08 +1.451794709e+08 -6.2491e+00 +2.4414e+00 -4.2682e+00 -2.1299e+00 +4.0436e+00 +3.1145e+00 +1.8245e+00 -3.3744e+00 +3.4976e+00 -1.8986e+00 -2.0954e+00 -6.7623e-01 +3.3760e+00 -6.6818e+00 +1.8890e+00 +8.3788e-01 +4.3538e+00 -7.4693e-01 -1.4249e+00 -3.7654e+00
301 +8.962438662e+07 +8.962438662e+07 +8.962444462e+07 +8.962444462e+07 -1.2264e+00 +1.8746e+00 -3.5334e+00 +8.1468e-01 -1.2516e+00 +1.7935e+00 +1.3197e+00 -1.2853e+00 -6.7274e-01 +2.3109e-01 -2.1983e+00 -8.8276e-01 -1.1974e+00 -2.1523e+00 -2.3401e+00 -3.0782e-01 -2.3820e+00 +7.5158e-01 +1.6275e+00 -3.3674e+00
933 +6.112451960e+07 +6.112451960e+07 +6.112457760e+07 +6.112457760e+07 -1.5387e+00 +5.2118e+00 -2.0878e+00 +8.9924e-01 +8.4190e-01 -3.6161e-01 -2.4157e-01 +6.4058e-02 +3.0358e+00 -3.8155e-01 -1.5560e+00 -1.9911e+00 +4.7127e+00 -4.0412e+00 -4.6367e-02 +2.8860e+00 +5.3013e-02 +2.1157e+00 +2.0648e+00 +5.9850e-01
1801 +3.757953594e+07 +3.757953594e+07 +3.757959394e+07 +3.757959394e+07 -2.6542e+00 +1.3550e+00 -5.2110e+00 -8.6978e-01 +8.6551e-01 +6.5401e-01 +1.4569e+00 -1.9189e+00 +1.0383e+00 -3.0098e-01 -2.3897e+00 -3.5089e+00 +5.9127e-01 -2.6553e+00 +1.0670e+00 +1.6081e+00 +3.6373e+00 +2.8137e+00 +3.3978e+00 -3.0295e+00
2609 +1.937212352e+07 +1.937212352e+07 +1.937218152e+07 +1.937218152e+07 -5.4901e+00 +3.2612e+00 -2.6231e+00 -8.6220e-01 +2.7285e-01 -4.8605e-01 +2.0268e+00 -1.6501e+00 +1.6456e+00 -7.3677e-01 -3.2274e+00 -2.7854e+00 +2.7054e-01 -4.5240e+00 +2.7296e-01 +1.8896e-01 +3.6079e+00 +1.5564e+00 +2.4734e+00 -1.9872e+00
3438 +1.483474309e+07 +1.483474309e+07 +1.483480109e+07 +1.483480109e+07 -2.4065e+00 +3.6691e+00 -2.3749e+00 -7.0255e-01 -1.2559e+00 +3.2755e-01 +1.6206e+00 -1.3432e+00 +2.1965e+00 -7.0083e-01 -1.9121e+00 -3.0579e+00 +3.4621e-01 -4.1763e+00 -1.2322e+00 +2.1530e+00 +2.3300e+00 +1.6897e+00 +2.9939e+00 -2.6840e+00
3708 +9.757425838e+06 +9.757425838e+06 +9.757483838e+06 +9.757483838e+06 -2.3910e+00 +4.9904e+00 -3.0072e+00 -4.7887e-01 -3.4819e-01 -2.6045e-01 +2.0919e+00 -1.1318e+00 +1.7925e+00 +4.1164e-01 -3.1311e+00 -3.0314e+00 +8.2720e-01 -3.0626e+00 -8.3850e-01 +1.6348e+00 +3.3567e+00 +1.3244e+00 +9.6792e-01 -2.5100e+00
4401 +4.984582372e+06 +4.984582372e+06 +4.984640372e+06 +4.984640372e+06 -3.9718e+00 +4.0890e+00 -2.5994e+00 -2.9515e-01 -9.7293e-01 -1.6447e+00 +2.2943e+00 -6.5167e-01 +1.5098e+00 +9.2757e-01 -2.7279e+00 -2.9718e+00 +1.1888e+00 -4.3625e+00 -9.8464e-01 +8.1221e-01 +3.8304e+00 +7.6541e-01 +2.1439e+00 -1.1677e+00
4901 +3.308200853e+06 +3.308200853e+06 +3.308258853e+06 +3.308258853e+06 -3.1037e+00 +3.8249e+00 -3.5173e+00 -2.7268e-01 -6.0446e-01 -1.7135e+00 +7.6930e-01 -8.3931e-01 +2.3138e+00 +3.8615e-01 -2.8214e+00 -2.9004e+00 +1.5755e+00 -3.4676e+00 -7.3892e-01 +1.0398e+00 +3.2873e+00 +2.3280e-01 +3.0997e+00 -1.1276e+00
% function evaluation | noise-free fitness - Fopt (9.438000000000e+01) | best noise-free fitness - Fopt | measured fitness | best measured fitness | x1 | x2...
1 +3.794245973e+08 +3.794245973e+08 +3.794246916e+08 +3.794246916e+08 +2.3857e-01 +2.6209e-01 -3.2951e+00 +4.4012e+00 -2.7092e+00 -4.7361e+00 -3.8335e+00 +9.8941e-01 -2.3698e+00 -6.7119e-01 -3.7126e+00 -3.1165e+00 -4.8537e+00 +2.7158e+00 -2.6486e+00 +1.9365e+00 -4.1590e+00 +9.1919e-01 -7.8074e-01 +1.9831e+00
10 +2.430525599e+08 +2.430525599e+08 +2.430526543e+08 +2.430526543e+08 -2.3930e+00 +3.8112e+00 -1.7493e+00 +4.8550e+00 +2.1182e+00 +1.0412e+00 +3.6038e+00 -1.8166e+00 -2.9626e+00 +3.6686e+00 +3.0618e+00 +3.3919e+00 -1.2524e+00 +2.8094e+00 -3.9868e+00 -1.2835e+00 -4.8476e-01 +3.2034e+00 +4.4070e+00 -2.4722e+00
706 +1.455221531e+08 +1.455221531e+08 +1.455222475e+08 +1.455222475e+08 -2.5425e+00 +4.5650e-01 -3.8315e+00 -9.3483e-01 -6.2300e+00 -1.6375e+00 +6.2133e+00 -1.2999e+00 -1.8215e+00 +6.7634e+00 -3.5238e+00 -2.8320e-01 +1.7128e+00 +2.7802e+00 +6.8449e-01 -1.1617e+00 +1.7554e+00 -1.7242e+00 +4.1560e+00 -4.6467e-01
1252 +8.768937821e+07 +8.768937821e+07 +8.768947259e+07 +8.768947259e+07 -2.3871e+00 +7.1446e-01 -1.2255e+00 +2.9459e+00 -5.3338e+00 -2.0010e+00 +1.1604e+00 -1.7829e+00 -4.8898e+00 +5.2174e+00 +1.5056e+00 +1.4450e+00 +9.5669e-01 +3.0212e+00 +4.0356e+00 -1.1910e+00 -1.0150e-01 +2.2304e+00 +3.5289e+00 +3.8533e-01
1981 +5.971251323e+07 +5.971251323e+07 +5.971260761e+07 +5.971260761e+07 -2.0700e+00 +5.0707e+00 -1.4282e+00 +2.3201e+00 -4.4830e+00 -1.5497e+00 +5.1066e-01 -1.3639e+00 -2.6820e+00 +2.6845e+00 +2.9781e+00 +3.2653e+00 +1.6605e+00 +2.4923e+00 -4.5673e+00 -4.5425e-01 -1.3419e-01 -7.5579e-01 +3.3594e+00 +2.2065e+00
2031 +3.892427450e+07 +3.892427450e+07 +3.892436888e+07 +3.892436888e+07 -3.0833e-01 +2.1972e+00 -3.2475e+00 +2.7129e+00 -3.3427e+00 -1.6574e+00 +2.9588e+00 -4.1848e+00 -1.2061e+00 +1.6911e+00 +8.4678e-01 +3.6184e+00 +2.3919e+00 +2.8612e+00 -3.0597e+00 -4.9953e-01 -2.8872e-02 +1.4676e-01 +2.5226e+00 +3.4185e+00
2949 +2.018409717e+07 +2.018409717e+07 +2.018419155e+07 +2.018419155e+07 -2.7385e+00 +3.2557e+00 -2.5653e+00 +2.9515e+00 -2.9160e+00 -1.2647e+00 +3.0688e+00 -1.9585e+00 -3.6111e+00 +3.5770e+00 +3.7106e+00 +1.8948e+00 +2.3651e+00 +2.4209e+00 +2.1013e-01 -1.3855e+00 +1.6332e+00 +3.3930e-01 +1.9849e+00 +2.8199e+00
3802 +1.432998174e+07 +1.432998174e+07 +1.433007612e+07 +1.433007612e+07 -2.6223e+00 +3.9287e+00 -2.9920e+00 +3.7706e+00 -5.1717e+00 -1.3194e+00 +2.9095e+00 -2.7529e+00 -3.4134e+00 +2.7069e+00 +1.5683e+00 +5.7100e-01 +1.9484e+00 +3.1757e+00 -1.3290e+00 +3.0299e-02 -7.6973e-01 +1.2097e+00 -2.4502e-02 +2.6787e+00
4424 +7.636857775e+06 +7.636857775e+06 +7.636952155e+06 +7.636952155e+06 -2.6653e+00 +2.9397e+00 -4.3868e+00 +3.5003e+00 -3.5871e+00 -1.4104e+00 +4.0355e+00 -2.6833e+00 -3.2647e+00 +3.9123e+00 +1.6860e+00 +2.8943e-01 +1.4753e+00 +3.6657e+00 -1.5807e+00 +6.2388e-01 -8.9129e-01 -2.3621e-01 +1.4191e+00 +2.2217e+00
4983 +4.089162061e+06 +4.089162061e+06 +4.089256441e+06 +4.089256441e+06 -3.0230e+00 +3.4707e+00 -2.2448e+00 +3.6170e+00 -3.2522e+00 -1.2693e+00 +3.7045e+00 -2.4613e+00 -3.7715e+00 +2.2296e+00 +1.9745e+00 -1.8198e-02 +2.1950e+00 +3.4372e+00 -1.2815e+00 +5.6341e-01 +9.6087e-02 -7.5805e-01 +1.9661e+00 +3.1040e+00
