% function evaluation | noise-free fitness - Fopt (-2.098800000000e+02) | best noise-free fitness - Fopt | measured fitness | best measured fitness | x1 | x2...
1 +7.789912275e+04 +7.789912275e+04 +7.768924275e+04 +7.768924275e+04 -3.0061e+00 +7.2229e-01
29 +1.513473864e+04 +1.513473864e+04 +1.492485864e+04 +1.492485864e+04 +4.1244e+00 +5.7231e-01
62 +2.639522409e+01 +2.639522409e+01 -1.834847759e+02 -1.834847759e+02 +2.0925e+00 +4.4335e-01
201 +2.382407751e+01 +2.382407751e+01 -1.860559225e+02 -1.860559225e+02 +3.3261e+00 +4.4401e-01
591 +1.423900897e+01 +1.423900897e+01 -1.956409910e+02 -1.956409910e+02 +3.3810e+00 +4.4501e-01
857 +1.878308096e+00 +1.878308096e+00 -2.080016919e+02 -2.080016919e+02 +1.7942e+00 +4.4677e-01
1231 +1.096102927e+00 +1.096102927e+00 -2.087838971e+02 -2.087838971e+02 +1.6948e+00 +4.4892e-01
1808 +4.096905419e-01 +4.096905419e-01 -2.094703095e+02 -2.094703095e+02 +8.0420e-01 +4.4849e-01
1819 +2.412620645e-02 +2.412620645e-02 -2.098558738e+02 -2.098558738e+02 +1.3529e+00 +4.4807e-01
2472 +1.095829785e-02 +1.095829785e-02 -2.098690417e+02 -2.098690417e+02 +1.2649e+00 +4.4791e-01
3199 +1.816687870e-05 +1.816687870e-05 -2.098799818e+02 -2.098799818e+02 +1.2038e+00 +4.4800e-01
4398 +1.239073111e-05 +1.239073111e-05 -2.098799876e+02 -2.098799876e+02 +1.2055e+00 +4.4800e-01
4678 +2.897488486e-06 +2.897488486e-06 -2.098799971e+02 -2.098799971e+02 +1.2055e+00 +4.4800e-01
4838 +2.758532105e-07 +2.758532105e-07 -2.098799997e+02 -2.098799997e+02 +1.2075e+00 +4.4800e-01
5854 +1.840410562e-07 +1.840410562e-07 -2.098799998e+02 -2.098799998e+02 +1.2070e+00 +4.4800e-01
5981 +3.506869461e-08 +3.506869461e-08 -2.098800000e+02 -2.098800000e+02 +1.2070e+00 +4.4800e-01
6199 +2.167402613e-08 +2.167402613e-08 -2.098800000e+02 -2.098800000e+02 +1.2071e+00 +4.4800e-01
6528 +1.350844059e-08 +1.350844059e-08 -2.098800000e+02 -2.098800000e+02 +1.2073e+00 +4.4800e-01
6758 +3.573404683e-09 +3.573404683e-09 -2.098800000e+02 -2.098800000e+02 +1.2072e+00 +4.4800e-01
% function evaluation | noise-free fitness - Fopt (-9.209000000000e+01) | best noise-free fitness - Fopt | measured fitness | best measured fitness | x1 | x2...
1 +5.434055677e+06 +5.434055677e+06 +5.433963587e+06 +5.433963587e+06 +2.0321e+00 +2.2350e-01
2 +7.529851174e+04 +7.529851174e+04 +7.520642174e+04 +7.520642174e+04 -4.5757e+00 +2.8920e+00
9 +8.347636663e+03 +8.347636663e+03 +8.255546663e+03 +8.255546663e+03 +1.9683e+00 +2.7106e+00
45 +1.074235100e+02 +1.074235100e+02 +1.533350997e+01 +1.533350997e+01 +2.0023e-01 +2.6108e+00
307 +9.807310080e+01 +9.807310080e+01 +5.983100798e+00 +5.983100798e+00 -2.8087e+00 +2.6307e+00
351 +1.312320743e+01 +1.312320743e+01 -7.896679257e+01 -7.896679257e+01 -1.5992e+00 +2.6188e+00
431 +9.533196808e+00 +9.533196808e+00 -8.255680319e+01 -8.255680319e+01 -1.2885e+00 +2.6237e+00
613 +8.920669910e-01 +8.920669910e-01 -9.119793301e+01 -9.119793301e+01 +1.4863e+00 +2.6222e+00
979 +5.634560074e-01 +5.634560074e-01 -9.152654399e+01 -9.152654399e+01 +8.6024e-02 +2.6212e+00
1480 +3.522521598e-01 +3.522521598e-01 -9.173774784e+01 -9.173774784e+01 +7.0846e-01 +2.6210e+00
1683 +2.149771767e-01 +2.149771767e-01 -9.187502282e+01 -9.187502282e+01 +1.2010e+00 +2.6216e+00
1787 +1.575854997e-01 +1.575854997e-01 -9.193241450e+01 -9.193241450e+01 +1.1313e+00 +2.6217e+00
2320 +8.018911462e-02 +8.018911462e-02 -9.200981089e+01 -9.200981089e+01 +4.5405e-01 +2.6217e+00
2400 +2.577076230e-03 +2.577076230e-03 -9.208742292e+01 -9.208742292e+01 +7.3824e-01 +2.6216e+00
2634 +8.598397690e-05 +8.598397690e-05 -9.208991402e+01 -9.208991402e+01 +7.2745e-01 +2.6216e+00
3133 +2.649340853e-05 +2.649340853e-05 -9.208997351e+01 -9.208997351e+01 +7.2086e-01 +2.6216e+00
3440 +6.684970245e-06 +6.684970245e-06 -9.208999332e+01 -9.208999332e+01 +7.2831e-01 +2.6216e+00
4080 +1.530913565e-06 +1.530913565e-06 -9.208999847e+01 -9.208999847e+01 +7.2679e-01 +2.6216e+00
4240 +5.997971186e-08 +5.997971186e-08 -9.208999994e+01 -9.208999994e+01 +7.2586e-01 +2.6216e+00
5120 +7.189981943e-10 +7.189981943e-10 -9.209000000e+01 -9.209000000e+01 +7.2562e-01 +2.6216e+00
% function evaluation | noise-free fitness - Fopt (-8.789000000000e+01) | best noise-free fitness - Fopt | measured fitness | best measured fitness | x1 | x2...
1 +4.076947066e+07 +4.076947066e+07 +4.076938277e+07 +4.076938277e+07 +1.5800e+00 -3.1377e+00
4 +3.327613740e+06 +3.327613740e+06 +3.327525850e+06 +3.327525850e+06 +4.5553e+00 +1.9199e+00
5 +3.834623800e+05 +3.834623800e+05 +3.833744900e+05 +3.833744900e+05 -2.9948e+00 +2.9703e+00
22 +1.418845064e+04 +1.418845064e+04 +1.410056064e+04 +1.410056064e+04 -8.7667e-02 +3.5285e+00
53 +5.423355328e+03 +5.423355328e+03 +5.335465328e+03 +5.335465328e+03 -2.7370e+00 +3.7240e+00
96 +1.534191989e+03 +1.534191989e+03 +1.446301989e+03 +1.446301989e+03 -4.3876e+00 +3.6861e+00
302 +2.937184826e+02 +2.937184826e+02 +2.058284826e+02 +2.058284826e+02 -4.1598e+00 +3.6294e+00
327 +2.336578174e+02 +2.336578174e+02 +1.457678174e+02 +1.457678174e+02 -3.5366e+00 +3.6604e+00
601 +2.705259935e+00 +2.705259935e+00 -8.518474006e+01 -8.518474006e+01 -1.1487e+00 +3.6450e+00
1407 +1.389182399e+00 +1.389182399e+00 -8.650081760e+01 -8.650081760e+01 +2.9330e-01 +3.6467e+00
1727 +1.501583615e-01 +1.501583615e-01 -8.773984164e+01 -8.773984164e+01 +3.8693e-01 +3.6459e+00
1969 +5.441709996e-03 +5.441709996e-03 -8.788455829e+01 -8.788455829e+01 +2.4068e-01 +3.6455e+00
2587 +3.570545442e-04 +3.570545442e-04 -8.788964295e+01 -8.788964295e+01 +2.2945e-01 +3.6456e+00
2912 +2.101979207e-04 +2.101979207e-04 -8.788978980e+01 -8.788978980e+01 +2.4367e-01 +3.6456e+00
3707 +7.940958791e-05 +7.940958791e-05 -8.788992059e+01 -8.788992059e+01 +2.4717e-01 +3.6456e+00
4134 +3.122313373e-05 +3.122313373e-05 -8.788996878e+01 -8.788996878e+01 +2.4460e-01 +3.6456e+00
4347 +5.001544380e-06 +5.001544380e-06 -8.788999500e+01 -8.788999500e+01 +2.3726e-01 +3.6456e+00
4368 +2.449205567e-07 +2.449205567e-07 -8.788999976e+01 -8.788999976e+01 +2.3923e-01 +3.6456e+00
6010 +4.096996520e-08 +4.096996520e-08 -8.788999996e+01 -8.788999996e+01 +2.3937e-01 +3.6456e+00
6090 +7.320210216e-09 +7.320210216e-09 -8.788999999e+01 -8.788999999e+01 +2.3919e-01 +3.6456e+00
% function evaluation | noise-free fitness - Fopt (3.201900000000e+02) | best noise-free fitness - Fopt | measured fitness | best measured fitness | x1 | x2...
1 +4.222667287e+06 +4.222667287e+06 +4.222987477e+06 +4.222987477e+06 +4.9912e+00 -3.2046e-01
2 +2.471622016e+05 +2.471622016e+05 +2.474823916e+05 +2.474823916e+05 +3.0686e+00 -1.8643e+00
25 +1.294617467e+04 +1.294617467e+04 +1.326636467e+04 +1.326636467e+04 -3.8334e+00 -2.2541e+00
41 +3.391127319e+01 +3.391127319e+01 +3.541012732e+02 +3.541012732e+02 +2.3618e+00 -2.3558e+00
564 +1.585932723e+01 +1.585932723e+01 +3.360493272e+02 +3.360493272e+02 +1.5383e+00 -2.3573e+00
690 +2.653558078e-01 +2.653558078e-01 +3.204553558e+02 +3.204553558e+02 +6.7510e-02 -2.3607e+00
1662 +2.489667501e-01 +2.489667501e-01 +3.204389668e+02 +3.204389668e+02 -1.9301e-01 -2.3612e+00
1931 +4.379099500e-02 +4.379099500e-02 +3.202337910e+02 +3.202337910e+02 -2.4085e-01 -2.3607e+00
2947 +2.122452459e-02 +2.122452459e-02 +3.202112245e+02 +3.202112245e+02 -5.3322e-01 -2.3607e+00
3147 +6.797523977e-03 +6.797523977e-03 +3.201967975e+02 +3.201967975e+02 -3.6960e-01 -2.3607e+00
3286 +6.158731644e-03 +6.158731644e-03 +3.201961587e+02 +3.201961587e+02 -5.0142e-01 -2.3608e+00
3492 +2.325391264e-03 +2.325391264e-03 +3.201923254e+02 +3.201923254e+02 -4.7794e-01 -2.3608e+00
3502 +3.654825703e-04 +3.654825703e-04 +3.201903655e+02 +3.201903655e+02 -4.5184e-01 -2.3608e+00
4126 +1.568977242e-04 +1.568977242e-04 +3.201901569e+02 +3.201901569e+02 -4.4355e-01 -2.3608e+00
4166 +6.557117877e-05 +6.557117877e-05 +3.201900656e+02 +3.201900656e+02 -4.3879e-01 -2.3608e+00
4206 +1.860413289e-05 +1.860413289e-05 +3.201900186e+02 +3.201900186e+02 -4.3502e-01 -2.3608e+00
4246 +6.628549670e-06 +6.628549670e-06 +3.201900066e+02 +3.201900066e+02 -4.3203e-01 -2.3608e+00
4726 +6.002167765e-06 +6.002167765e-06 +3.201900060e+02 +3.201900060e+02 -4.3286e-01 -2.3608e+00
4886 +1.864246713e-06 +1.864246713e-06 +3.201900019e+02 +3.201900019e+02 -4.3135e-01 -2.3608e+00
6022 +1.278639957e-06 +1.278639957e-06 +3.201900013e+02 +3.201900013e+02 -4.3174e-01 -2.3608e+00
6126 +5.891022852e-07 +5.891022852e-07 +3.201900006e+02 +3.201900006e+02 -4.3208e-01 -2.3608e+00
6246 +3.798859325e-07 +3.798859325e-07 +3.201900004e+02 +3.201900004e+02 -4.3255e-01 -2.3608e+00
7044 +2.399743266e-07 +2.399743266e-07 +3.201900002e+02 +3.201900002e+02 -4.3298e-01 -2.3608e+00
7112 +2.510171271e-08 +2.510171271e-08 +3.201900000e+02 +3.201900000e+02 -4.3295e-01 -2.3608e+00
7564 +1.197588517e-08 +1.197588517e-08 +3.201900000e+02 +3.201900000e+02 -4.3269e-01 -2.3608e+00
7644 +4.314870239e-09 +4.314870239e-09 +3.201900000e+02 +3.201900000e+02 -4.3286e-01 -2.3608e+00
% function evaluation | noise-free fitness - Fopt (-1.042400000000e+02) | best noise-free fitness - Fopt | measured fitness | best measured fitness | x1 | x2...
1 +5.393529364e+07 +5.393529364e+07 +5.393518940e+07 +5.393518940e+07 +7.4588e-01 +3.1059e+00
3 +2.248575295e+06 +2.248575295e+06 +2.248471055e+06 +2.248471055e+06 -3.5513e+00 -2.2961e+00
13 +9.992799968e+04 +9.992799968e+04 +9.982375968e+04 +9.982375968e+04 +5.7726e-02 -4.2312e+00
30 +4.136052364e+04 +4.136052364e+04 +4.125628364e+04 +4.125628364e+04 +2.8665e+00 -3.7188e+00
39 +2.924267581e+03 +2.924267581e+03 +2.820027581e+03 +2.820027581e+03 -3.3326e+00 -3.9740e+00
125 +9.464073902e+02 +9.464073902e+02 +8.421673902e+02 +8.421673902e+02 +3.9994e+00 -3.8876e+00
138 +5.510506759e+01 +5.510506759e+01 -4.913493241e+01 -4.913493241e+01 +3.5595e+00 -3.9272e+00
648 +2.391445087e+01 +2.391445087e+01 -8.032554913e+01 -8.032554913e+01 +5.0000e+00 -3.9183e+00
757 +1.509697414e+01 +1.509697414e+01 -8.914302586e+01 -8.914302586e+01 +4.1792e+00 -3.9190e+00
1218 +6.595483875e+00 +6.595483875e+00 -9.764451613e+01 -9.764451613e+01 +2.2884e+00 -3.9219e+00
1245 +4.085392232e+00 +4.085392232e+00 -1.001546078e+02 -1.001546078e+02 +2.1824e+00 -3.9189e+00
1276 +3.180845945e+00 +3.180845945e+00 -1.010591541e+02 -1.010591541e+02 +1.6592e+00 -3.9189e+00
1438 +9.061817636e-01 +9.061817636e-01 -1.033338182e+02 -1.033338182e+02 +1.3669e+00 -3.9201e+00
1805 +5.417413484e-01 +5.417413484e-01 -1.036982587e+02 -1.036982587e+02 +1.1883e+00 -3.9201e+00
1855 +3.011069489e-01 +3.011069489e-01 -1.039388931e+02 -1.039388931e+02 +1.3970e-01 -3.9195e+00
1965 +1.535226213e-01 +1.535226213e-01 -1.040864774e+02 -1.040864774e+02 +5.0697e-02 -3.9202e+00
2405 +8.827771429e-02 +8.827771429e-02 -1.041517223e+02 -1.041517223e+02 +1.9935e-01 -3.9202e+00
2433 +1.031252676e-03 +1.031252676e-03 -1.042389687e+02 -1.042389687e+02 +3.9139e-01 -3.9200e+00
2685 +1.425012950e-04 +1.425012950e-04 -1.042398575e+02 -1.042398575e+02 +3.8622e-01 -3.9200e+00
3125 +8.353392104e-05 +8.353392104e-05 -1.042399165e+02 -1.042399165e+02 +3.9492e-01 -3.9200e+00
3165 +3.267492944e-05 +3.267492944e-05 -1.042399673e+02 -1.042399673e+02 +3.9152e-01 -3.9200e+00
3245 +2.236665570e-05 +2.236665570e-05 -1.042399776e+02 -1.042399776e+02 +3.9045e-01 -3.9200e+00
3285 +1.150198906e-05 +1.150198906e-05 -1.042399885e+02 -1.042399885e+02 +3.9173e-01 -3.9200e+00
3325 +8.534890924e-06 +8.534890924e-06 -1.042399915e+02 -1.042399915e+02 +3.9275e-01 -3.9200e+00
3525 +5.856705627e-06 +5.856705627e-06 -1.042399941e+02 -1.042399941e+02 +3.9473e-01 -3.9200e+00
4275 +4.530251374e-08 +4.530251374e-08 -1.042400000e+02 -1.042400000e+02 +3.9432e-01 -3.9200e+00
4685 +9.811202517e-09 +9.811202517e-09 -1.042400000e+02 -1.042400000e+02 +3.9432e-01 -3.9200e+00
% function evaluation | noise-free fitness - Fopt (-3.570000000000e+01) | best noise-free fitness - Fopt | measured fitness | best measured fitness | x1 | x2...
1 +5.361893765e+06 +5.361893765e+06 +5.361858065e+06 +5.361858065e+06 +3.8363e-01 -7.4402e-01
4 +3.476363697e+05 +3.476363697e+05 +3.476006697e+05 +3.476006697e+05 -4.6814e+00 +9.9819e-01
17 +1.366320393e+05 +1.366320393e+05 +1.365963393e+05 +1.365963393e+05 +2.6679e+00 +1.2777e+00
22 +1.194996187e+04 +1.194996187e+04 +1.191426187e+04 +1.191426187e+04 -6.7679e-01 +1.7377e+00
65 +3.380458384e+03 +3.380458384e+03 +3.344758384e+03 +3.344758384e+03 +3.0381e+00 +1.5753e+00
77 +3.062726823e+02 +3.062726823e+02 +2.705726823e+02 +2.705726823e+02 -3.2219e+00 +1.6188e+00
104 +5.284699533e+00 +5.284699533e+00 -3.041530047e+01 -3.041530047e+01 -4.0334e+00 +1.6373e+00
1070 +8.131288726e-01 +8.131288726e-01 -3.488687113e+01 -3.488687113e+01 -3.0870e+00 +1.6363e+00
1469 +1.801636005e-01 +1.801636005e-01 -3.551983640e+01 -3.551983640e+01 -1.9087e+00 +1.6363e+00
2479 +8.672350509e-02 +8.672350509e-02 -3.561327649e+01 -3.561327649e+01 -2.1916e+00 +1.6363e+00
2590 +5.558048300e-03 +5.558048300e-03 -3.569444195e+01 -3.569444195e+01 -2.2451e+00 +1.6361e+00
3216 +3.211796823e-03 +3.211796823e-03 -3.569678820e+01 -3.569678820e+01 -2.2546e+00 +1.6360e+00
3429 +8.750334757e-04 +8.750334757e-04 -3.569912497e+01 -3.569912497e+01 -2.1936e+00 +1.6360e+00
4233 +3.899231534e-04 +3.899231534e-04 -3.569961008e+01 -3.569961008e+01 -2.2024e+00 +1.6360e+00
4367 +1.420882127e-04 +1.420882127e-04 -3.569985791e+01 -3.569985791e+01 -2.2000e+00 +1.6360e+00
4433 +1.124227663e-05 +1.124227663e-05 -3.569998876e+01 -3.569998876e+01 -2.1991e+00 +1.6360e+00
4713 +4.186779542e-06 +4.186779542e-06 -3.569999581e+01 -3.569999581e+01 -2.2004e+00 +1.6360e+00
6473 +2.547989801e-06 +2.547989801e-06 -3.569999745e+01 -3.569999745e+01 -2.1999e+00 +1.6360e+00
6655 +2.113269289e-06 +2.113269289e-06 -3.569999789e+01 -3.569999789e+01 -2.1982e+00 +1.6360e+00
6699 +1.252706973e-06 +1.252706973e-06 -3.569999875e+01 -3.569999875e+01 -2.1987e+00 +1.6360e+00
6705 +7.248305423e-08 +7.248305423e-08 -3.569999993e+01 -3.569999993e+01 -2.1981e+00 +1.6360e+00
6953 +6.118760609e-08 +6.118760609e-08 -3.569999994e+01 -3.569999994e+01 -2.1982e+00 +1.6360e+00
6993 +9.730982242e-09 +9.730982242e-09 -3.569999999e+01 -3.569999999e+01 -2.1984e+00 +1.6360e+00
% function evaluation | noise-free fitness - Fopt (2.070000000000e+01) | best noise-free fitness - Fopt | measured fitness | best measured fitness | x1 | x2...
1 +2.354211257e+06 +2.354211257e+06 +2.354231957e+06 +2.354231957e+06 -4.1292e+00 -3.5773e-01
5 +2.955787079e+05 +2.955787079e+05 +2.955994079e+05 +2.955994079e+05 +2.7281e+00 -2.5983e+00
37 +8.116100491e+04 +8.116100491e+04 +8.118170491e+04 +8.118170491e+04 -2.8080e+00 -1.7465e+00
43 +2.930918580e+04 +2.930918580e+04 +2.932988580e+04 +2.932988580e+04 -2.6156e+00 -2.1874e+00
76 +1.058034936e+04 +1.058034936e+04 +1.060104936e+04 +1.060104936e+04 -5.2656e-01 -1.9293e+00
102 +9.354240363e+03 +9.354240363e+03 +9.374940363e+03 +9.374940363e+03 -3.4181e+00 -1.9334e+00
157 +2.270015826e+00 +2.270015826e+00 +2.297001583e+01 +2.297001583e+01 -3.0275e+00 -2.0240e+00
971 +2.939506365e-01 +2.939506365e-01 +2.099395064e+01 +2.099395064e+01 -3.5270e+00 -2.0251e+00
1469 +5.387371794e-02 +5.387371794e-02 +2.075387372e+01 +2.075387372e+01 -3.2268e+00 -2.0256e+00
2273 +3.679073015e-02 +3.679073015e-02 +2.073679073e+01 +2.073679073e+01 -3.2671e+00 -2.0256e+00
2601 +1.166095130e-02 +1.166095130e-02 +2.071166095e+01 +2.071166095e+01 -3.5105e+00 -2.0257e+00
2851 +9.348565649e-03 +9.348565649e-03 +2.070934857e+01 +2.070934857e+01 -3.5141e+00 -2.0257e+00
3026 +4.503761695e-04 +4.503761695e-04 +2.070045038e+01 +2.070045038e+01 -3.4622e+00 -2.0256e+00
3429 +3.868523720e-04 +3.868523720e-04 +2.070038685e+01 +2.070038685e+01 -3.4692e+00 -2.0256e+00
3509 +2.321842825e-04 +2.321842825e-04 +2.070023218e+01 +2.070023218e+01 -3.4552e+00 -2.0256e+00
3950 +3.606486988e-05 +3.606486988e-05 +2.070003606e+01 +2.070003606e+01 -3.4587e+00 -2.0256e+00
4706 +1.006531426e-05 +1.006531426e-05 +2.070001007e+01 +2.070001007e+01 -3.4528e+00 -2.0256e+00
4793 +8.748611016e-06 +8.748611016e-06 +2.070000875e+01 +2.070000875e+01 -3.4515e+00 -2.0256e+00
4949 +2.340180274e-06 +2.340180274e-06 +2.070000234e+01 +2.070000234e+01 -3.4559e+00 -2.0256e+00
5273 +9.878254232e-07 +9.878254232e-07 +2.070000099e+01 +2.070000099e+01 -3.4544e+00 -2.0256e+00
5909 +7.758346143e-08 +7.758346143e-08 +2.070000008e+01 +2.070000008e+01 -3.4547e+00 -2.0256e+00
6513 +4.275209875e-08 +4.275209875e-08 +2.070000004e+01 +2.070000004e+01 -3.4543e+00 -2.0256e+00
6667 +3.494622192e-08 +3.494622192e-08 +2.070000003e+01 +2.070000003e+01 -3.4546e+00 -2.0256e+00
6786 +9.550927160e-09 +9.550927160e-09 +2.070000001e+01 +2.070000001e+01 -3.4544e+00 -2.0256e+00
% function evaluation | noise-free fitness - Fopt (3.807000000000e+01) | best noise-free fitness - Fopt | measured fitness | best measured fitness | x1 | x2...
1 +1.130007678e+07 +1.130007678e+07 +1.130011485e+07 +1.130011485e+07 +3.6342e+00 -2.5522e+00
2 +5.094683690e+05 +5.094683690e+05 +5.095064390e+05 +5.095064390e+05 +5.3275e-01 +1.5911e+00
4 +2.940977772e+05 +2.940977772e+05 +2.941358472e+05 +2.941358472e+05 -8.2787e-01 +1.3625e+00
14 +4.076746058e+04 +4.076746058e+04 +4.080553058e+04 +4.080553058e+04 -2.3459e+00 +1.0388e+00
38 +5.800658496e+03 +5.800658496e+03 +5.838728496e+03 +5.838728496e+03 -5.3621e-01 +7.5577e-01
89 +7.615494780e+02 +7.615494780e+02 +7.996194780e+02 +7.996194780e+02 -1.8670e+00 +8.6449e-01
115 +2.261397109e+02 +2.261397109e+02 +2.642097109e+02 +2.642097109e+02 +9.3432e-01 +8.2460e-01
278 +1.454324632e+02 +1.454324632e+02 +1.835024632e+02 +1.835024632e+02 +6.0348e-01 +8.5102e-01
349 +4.336652014e+01 +4.336652014e+01 +8.143652014e+01 +8.143652014e+01 +6.1204e-01 +8.3279e-01
628 +2.128492288e+01 +2.128492288e+01 +5.935492288e+01 +5.935492288e+01 +1.5692e+00 +8.3514e-01
654 +9.633840980e-01 +9.633840980e-01 +3.903338410e+01 +3.903338410e+01 +3.2904e+00 +8.3997e-01
1366 +5.491224021e-01 +5.491224021e-01 +3.861912240e+01 +3.861912240e+01 +3.4341e+00 +8.3897e-01
1747 +3.585239063e-01 +3.585239063e-01 +3.842852391e+01 +3.842852391e+01 +3.0140e+00 +8.3874e-01
2236 +6.873281274e-02 +6.873281274e-02 +3.813873281e+01 +3.813873281e+01 +2.7006e+00 +8.3948e-01
2406 +4.892489593e-02 +4.892489593e-02 +3.811892490e+01 +3.811892490e+01 +2.6395e+00 +8.3940e-01
2451 +1.419957185e-02 +1.419957185e-02 +3.808419957e+01 +3.808419957e+01 +2.5924e+00 +8.3916e-01
2611 +5.697644650e-03 +5.697644650e-03 +3.807569764e+01 +3.807569764e+01 +2.6220e+00 +8.3919e-01
2806 +3.291241674e-03 +3.291241674e-03 +3.807329124e+01 +3.807329124e+01 +2.7465e+00 +8.3924e-01
2811 +8.754397503e-04 +8.754397503e-04 +3.807087544e+01 +3.807087544e+01 +2.7311e+00 +8.3920e-01
3486 +4.416380341e-04 +4.416380341e-04 +3.807044164e+01 +3.807044164e+01 +2.7227e+00 +8.3921e-01
3931 +2.788327376e-04 +2.788327376e-04 +3.807027883e+01 +3.807027883e+01 +2.7196e+00 +8.3921e-01
4214 +6.176042344e-05 +6.176042344e-05 +3.807006176e+01 +3.807006176e+01 +2.7011e+00 +8.3919e-01
4336 +3.688244733e-05 +3.688244733e-05 +3.807003688e+01 +3.807003688e+01 +2.7095e+00 +8.3920e-01
4366 +1.308490144e-05 +1.308490144e-05 +3.807001308e+01 +3.807001308e+01 +2.7065e+00 +8.3920e-01
4806 +9.502008368e-06 +9.502008368e-06 +3.807000950e+01 +3.807000950e+01 +2.7035e+00 +8.3920e-01
4976 +1.439146700e-06 +1.439146700e-06 +3.807000144e+01 +3.807000144e+01 +2.7036e+00 +8.3920e-01
5006 +8.118566086e-08 +8.118566086e-08 +3.807000008e+01 +3.807000008e+01 +2.7034e+00 +8.3920e-01
5416 +6.718707368e-09 +6.718707368e-09 +3.807000001e+01 +3.807000001e+01 +2.7032e+00 +8.3920e-01
% function evaluation | noise-free fitness - Fopt (-4.542000000000e+01) | best noise-free fitness - Fopt | measured fitness | best measured fitness | x1 | x2...
1 +4.556212008e+05 +4.556212008e+05 +4.555757808e+05 +4.555757808e+05 -3.4181e+00 +7.2474e-01
13 +3.533479415e+05 +3.533479415e+05 +3.533025215e+05 +3.533025215e+05 -1.5241e+00 -5.4575e-01
14 +9.512418916e+04 +9.512418916e+04 +9.507876916e+04 +9.507876916e+04 -2.0763e+00 +3.9802e-01
26 +4.399144715e+01 +4.399144715e+01 -1.428552849e+00 -1.428552849e+00 -3.5356e+00 +9.6403e-02
454 +3.886205635e+01 +3.886205635e+01 -6.557943646e+00 -6.557943646e+00 -3.3419e+00 +9.7446e-02
1470 +2.153440248e+01 +2.153440248e+01 -2.388559752e+01 -2.388559752e+01 -6.6321e-01 +1.0085e-01
1559 +9.575322317e+00 +9.575322317e+00 -3.584467768e+01 -3.584467768e+01 +8.0996e-01 +9.6276e-02
1614 +4.517899590e+00 +4.517899590e+00 -4.090210041e+01 -4.090210041e+01 +1.3144e+00 +9.7502e-02
1654 +2.287160073e-01 +2.287160073e-01 -4.519128399e+01 -4.519128399e+01 +2.7318e+00 +9.8396e-02
2174 +3.190981907e-03 +3.190981907e-03 -4.541680902e+01 -4.541680902e+01 +3.1803e+00 +9.8446e-02
2303 +1.076046514e-04 +1.076046514e-04 -4.541989240e+01 -4.541989240e+01 +3.2172e+00 +9.8395e-02
3854 +1.000052954e-05 +1.000052954e-05 -4.541999000e+01 -4.541999000e+01 +3.2066e+00 +9.8397e-02
4494 +6.184470557e-06 +6.184470557e-06 -4.541999382e+01 -4.541999382e+01 +3.2067e+00 +9.8401e-02
4574 +3.332334863e-06 +3.332334863e-06 -4.541999667e+01 -4.541999667e+01 +3.2069e+00 +9.8400e-02
5134 +1.374144745e-06 +1.374144745e-06 -4.541999863e+01 -4.541999863e+01 +3.2078e+00 +9.8399e-02
5334 +7.780371050e-07 +7.780371050e-07 -4.541999922e+01 -4.541999922e+01 +3.2082e+00 +9.8399e-02
5374 +1.492027906e-07 +1.492027906e-07 -4.541999985e+01 -4.541999985e+01 +3.2087e+00 +9.8400e-02
5534 +4.479409910e-08 +4.479409910e-08 -4.541999996e+01 -4.541999996e+01 +3.2087e+00 +9.8400e-02
5894 +1.768996327e-08 +1.768996327e-08 -4.541999998e+01 -4.541999998e+01 +3.2088e+00 +9.8400e-02
6254 +1.014565498e-08 +1.014565498e-08 -4.541999999e+01 -4.541999999e+01 +3.2088e+00 +9.8400e-02
6534 +9.928584177e-09 +9.928584177e-09 -4.541999999e+01 -4.541999999e+01 +3.2088e+00 +9.8400e-02
% function evaluation | noise-free fitness - Fopt (6.695000000000e+01) | best noise-free fitness - Fopt | measured fitness | best measured fitness | x1 | x2...
1 +7.103903351e+05 +7.103903351e+05 +7.104572851e+05 +7.104572851e+05 -1.1894e+00 +2.2918e+00
20 +5.449025533e+05 +5.449025533e+05 +5.449695033e+05 +5.449695033e+05 +1.3986e+00 +2.1918e+00
30 +3.574183581e+03 +3.574183581e+03 +3.641133581e+03 +3.641133581e+03 +4.9078e+00 +1.3206e+00
91 +1.157571872e+03 +1.157571872e+03 +1.224521872e+03 +1.224521872e+03 +5.0000e+00 +1.4207e+00
118 +9.114786280e+02 +9.114786280e+02 +9.784286280e+02 +9.784286280e+02 +5.0000e+00 +1.4131e+00
198 +3.684561741e+01 +3.684561741e+01 +1.037956174e+02 +1.037956174e+02 +5.0000e+00 +1.3814e+00
417 +2.343710255e+01 +2.343710255e+01 +9.038710255e+01 +9.038710255e+01 +4.3256e+00 +1.3844e+00
1881 +1.320542893e+01 +1.320542893e+01 +8.015542893e+01 +8.015542893e+01 +2.8007e+00 +1.3857e+00
1997 +2.621648593e+00 +2.621648593e+00 +6.957164859e+01 +6.957164859e+01 +1.1339e+00 +1.3845e+00
2037 +4.461434002e-01 +4.461434002e-01 +6.739614340e+01 +6.739614340e+01 +5.4370e-02 +1.3838e+00
2176 +1.118928928e-01 +1.118928928e-01 +6.706189289e+01 +6.706189289e+01 -2.2975e-01 +1.3841e+00
2397 +1.538700819e-02 +1.538700819e-02 +6.696538701e+01 +6.696538701e+01 -4.7615e-01 +1.3839e+00
2924 +7.881335203e-03 +7.881335203e-03 +6.695788134e+01 +6.695788134e+01 -4.8931e-01 +1.3841e+00
3220 +5.327599669e-03 +5.327599669e-03 +6.695532760e+01 +6.695532760e+01 -6.1954e-01 +1.3840e+00
3433 +3.840070429e-03 +3.840070429e-03 +6.695384007e+01 +6.695384007e+01 -6.0579e-01 +1.3840e+00
3473 +1.526367021e-03 +1.526367021e-03 +6.695152637e+01 +6.695152637e+01 -5.6243e-01 +1.3840e+00
3593 +7.232373179e-04 +7.232373179e-04 +6.695072324e+01 +6.695072324e+01 -5.6750e-01 +1.3840e+00
3753 +6.250877982e-04 +6.250877982e-04 +6.695062509e+01 +6.695062509e+01 -5.4157e-01 +1.3840e+00
3872 +3.256554699e-04 +3.256554699e-04 +6.695032566e+01 +6.695032566e+01 -5.4050e-01 +1.3840e+00
3940 +2.087231256e-04 +2.087231256e-04 +6.695020872e+01 +6.695020872e+01 -5.4019e-01 +1.3840e+00
4033 +6.952804200e-05 +6.952804200e-05 +6.695006953e+01 +6.695006953e+01 -5.4459e-01 +1.3840e+00
4100 +5.081972178e-05 +5.081972178e-05 +6.695005082e+01 +6.695005082e+01 -5.3901e-01 +1.3840e+00
4353 +3.435427078e-05 +3.435427078e-05 +6.695003435e+01 +6.695003435e+01 -5.3857e-01 +1.3840e+00
4553 +2.115174564e-05 +2.115174564e-05 +6.695002115e+01 +6.695002115e+01 -5.3964e-01 +1.3840e+00
4833 +3.740297203e-06 +3.740297203e-06 +6.695000374e+01 +6.695000374e+01 -5.4211e-01 +1.3840e+00
5113 +1.801899714e-06 +1.801899714e-06 +6.695000180e+01 +6.695000180e+01 -5.4116e-01 +1.3840e+00
5313 +1.116108308e-06 +1.116108308e-06 +6.695000112e+01 +6.695000112e+01 -5.4096e-01 +1.3840e+00
5873 +9.600163224e-07 +9.600163224e-07 +6.695000096e+01 +6.695000096e+01 -5.4092e-01 +1.3840e+00
5953 +6.175029341e-07 +6.175029341e-07 +6.695000062e+01 +6.695000062e+01 -5.4125e-01 +1.3840e+00
6433 +3.779264830e-07 +3.779264830e-07 +6.695000038e+01 +6.695000038e+01 -5.4138e-01 +1.3840e+00
6473 +1.953550850e-07 +1.953550850e-07 +6.695000020e+01 +6.695000020e+01 -5.4119e-01 +1.3840e+00
6513 +1.260407174e-07 +1.260407174e-07 +6.695000013e+01 +6.695000013e+01 -5.4104e-01 +1.3840e+00
6673 +6.481643311e-08 +6.481643311e-08 +6.695000006e+01 +6.695000006e+01 -5.4102e-01 +1.3840e+00
6713 +2.441086622e-08 +2.441086622e-08 +6.695000002e+01 +6.695000002e+01 -5.4093e-01 +1.3840e+00
6753 +6.088271221e-09 +6.088271221e-09 +6.695000001e+01 +6.695000001e+01 -5.4086e-01 +1.3840e+00
% function evaluation | noise-free fitness - Fopt (5.832000000000e+01) | best noise-free fitness - Fopt | measured fitness | best measured fitness | x1 | x2...
1 +2.240267302e+07 +2.240267302e+07 +2.240273134e+07 +2.240273134e+07 -2.8502e+00 +1.4678e+00
2 +4.195384592e+06 +4.195384592e+06 +4.195442912e+06 +4.195442912e+06 +6.6240e-01 -1.2605e+00
3 +1.313651306e+05 +1.313651306e+05 +1.314234506e+05 +1.314234506e+05 -2.3048e+00 -2.9242e+00
4 +3.630049468e+04 +3.630049468e+04 +3.635881468e+04 +3.635881468e+04 +1.9949e+00 -3.4804e+00
13 +1.440961947e+04 +1.440961947e+04 +1.446793947e+04 +1.446793947e+04 -4.4757e+00 -3.1793e+00
63 +4.956348393e+02 +4.956348393e+02 +5.539548393e+02 +5.539548393e+02 -4.0201e-01 -3.3189e+00
242 +3.621898130e+01 +3.621898130e+01 +9.453898130e+01 +9.453898130e+01 -2.4232e+00 -3.2984e+00
1373 +2.377696187e+01 +2.377696187e+01 +8.209696187e+01 +8.209696187e+01 -8.2362e-01 -3.2987e+00
1675 +1.554522926e+01 +1.554522926e+01 +7.386522926e+01 +7.386522926e+01 -1.6165e-01 -3.2975e+00
1747 +8.382519532e+00 +8.382519532e+00 +6.670251953e+01 +6.670251953e+01 +7.4360e-01 -3.2966e+00
1972 +4.722589836e+00 +4.722589836e+00 +6.304258984e+01 +6.304258984e+01 +1.5454e+00 -3.2972e+00
2091 +2.475285154e+00 +2.475285154e+00 +6.079528515e+01 +6.079528515e+01 +3.0573e+00 -3.2983e+00
2210 +1.348559064e+00 +1.348559064e+00 +5.966855906e+01 +5.966855906e+01 +4.3723e+00 -3.2959e+00
2250 +5.137680361e-03 +5.137680361e-03 +5.832513768e+01 +5.832513768e+01 +3.7816e+00 -3.2968e+00
3050 +3.104667303e-03 +3.104667303e-03 +5.832310467e+01 +5.832310467e+01 +3.7554e+00 -3.2968e+00
3131 +1.094345111e-03 +1.094345111e-03 +5.832109435e+01 +5.832109435e+01 +3.7166e+00 -3.2968e+00
3395 +9.146052906e-04 +9.146052906e-04 +5.832091461e+01 +5.832091461e+01 +3.7250e+00 -3.2968e+00
3411 +1.080914175e-04 +1.080914175e-04 +5.832010809e+01 +5.832010809e+01 +3.7148e+00 -3.2968e+00
4091 +8.393649173e-05 +8.393649173e-05 +5.832008394e+01 +5.832008394e+01 +3.7143e+00 -3.2968e+00
4290 +4.633826541e-05 +4.633826541e-05 +5.832004634e+01 +5.832004634e+01 +3.7026e+00 -3.2968e+00
4410 +5.522815492e-06 +5.522815492e-06 +5.832000552e+01 +5.832000552e+01 +3.7069e+00 -3.2968e+00
4850 +2.693256533e-06 +2.693256533e-06 +5.832000269e+01 +5.832000269e+01 +3.7057e+00 -3.2968e+00
5051 +3.753736380e-07 +3.753736380e-07 +5.832000038e+01 +5.832000038e+01 +3.7060e+00 -3.2968e+00
5931 +1.397527214e-07 +1.397527214e-07 +5.832000014e+01 +5.832000014e+01 +3.7056e+00 -3.2968e+00
6171 +6.686501308e-08 +6.686501308e-08 +5.832000007e+01 +5.832000007e+01 +3.7053e+00 -3.2968e+00
6331 +5.519299862e-08 +5.519299862e-08 +5.832000006e+01 +5.832000006e+01 +3.7054e+00 -3.2968e+00
6591 +2.222343198e-09 +2.222343198e-09 +5.832000000e+01 +5.832000000e+01 +3.7056e+00 -3.2968e+00
% function evaluation | noise-free fitness - Fopt (1.932700000000e+02) | best noise-free fitness - Fopt | measured fitness | best measured fitness | x1 | x2...
1 +3.611894449e+07 +3.611894449e+07 +3.611913776e+07 +3.611913776e+07 +3.8283e+00 +2.6235e+00
2 +5.461983102e+06 +5.461983102e+06 +5.462176372e+06 +5.462176372e+06 -2.1010e+00 -1.1160e+00
4 +2.334877949e+06 +2.334877949e+06 +2.335071219e+06 +2.335071219e+06 +3.5263e+00 -1.6787e+00
7 +1.115183649e+04 +1.115183649e+04 +1.134510649e+04 +1.134510649e+04 +2.0060e+00 -3.4464e+00
16 +1.449371261e+03 +1.449371261e+03 +1.642641261e+03 +1.642641261e+03 +1.0361e+00 -3.3749e+00
98 +4.120292303e+01 +4.120292303e+01 +2.344729230e+02 +2.344729230e+02 +4.7902e-01 -3.3455e+00
368 +2.926841133e+01 +2.926841133e+01 +2.225384113e+02 +2.225384113e+02 +4.2426e-01 -3.3439e+00
460 +1.053375132e+01 +1.053375132e+01 +2.038037513e+02 +2.038037513e+02 -1.2127e+00 -3.3397e+00
1178 +6.715282922e+00 +6.715282922e+00 +1.999852829e+02 +1.999852829e+02 +1.1643e-01 -3.3409e+00
1303 +5.997105157e+00 +5.997105157e+00 +1.992671052e+02 +1.992671052e+02 -3.1662e-01 -3.3401e+00
1463 +3.094951857e+00 +3.094951857e+00 +1.963649519e+02 +1.963649519e+02 +4.1178e-01 -3.3390e+00
2201 +1.138920850e+00 +1.138920850e+00 +1.944089208e+02 +1.944089208e+02 +1.0467e+00 -3.3388e+00
2359 +2.224087418e-02 +2.224087418e-02 +1.932922409e+02 +1.932922409e+02 +2.1818e+00 -3.3393e+00
2639 +8.741810454e-03 +8.741810454e-03 +1.932787418e+02 +1.932787418e+02 +1.9412e+00 -3.3392e+00
2999 +4.877414999e-03 +4.877414999e-03 +1.932748774e+02 +1.932748774e+02 +1.9619e+00 -3.3392e+00
3359 +3.868253015e-03 +3.868253015e-03 +1.932738683e+02 +1.932738683e+02 +1.9735e+00 -3.3392e+00
3690 +1.960633646e-03 +1.960633646e-03 +1.932719606e+02 +1.932719606e+02 +2.0147e+00 -3.3392e+00
3761 +7.059562681e-04 +7.059562681e-04 +1.932707060e+02 +1.932707060e+02 +2.0430e+00 -3.3392e+00
3959 +3.583810693e-04 +3.583810693e-04 +1.932703584e+02 +1.932703584e+02 +2.0329e+00 -3.3392e+00
4199 +1.280895789e-04 +1.280895789e-04 +1.932701281e+02 +1.932701281e+02 +2.0449e+00 -3.3392e+00
4290 +2.466307441e-05 +2.466307441e-05 +1.932700247e+02 +1.932700247e+02 +2.0385e+00 -3.3392e+00
4980 +5.998407204e-06 +5.998407204e-06 +1.932700060e+02 +1.932700060e+02 +2.0389e+00 -3.3392e+00
5050 +2.543735718e-06 +2.543735718e-06 +1.932700025e+02 +1.932700025e+02 +2.0371e+00 -3.3392e+00
5610 +1.598510153e-06 +1.598510153e-06 +1.932700016e+02 +1.932700016e+02 +2.0375e+00 -3.3392e+00
5715 +1.422470774e-06 +1.422470774e-06 +1.932700014e+02 +1.932700014e+02 +2.0373e+00 -3.3392e+00
5890 +3.397130399e-08 +3.397130399e-08 +1.932700000e+02 +1.932700000e+02 +2.0385e+00 -3.3392e+00
6951 +6.973749578e-09 +6.973749578e-09 +1.932700000e+02 +1.932700000e+02 +2.0383e+00 -3.3392e+00
% function evaluation | noise-free fitness - Fopt (-4.190100000000e+02) | best noise-free fitness - Fopt | measured fitness | best measured fitness | x1 | x2...
1 +1.334321995e+07 +1.334321995e+07 +1.334280094e+07 +1.334280094e+07 -9.8098e-01 -6.4914e-01
5 +9.983783985e+06 +9.983783985e+06 +9.983364975e+06 +9.983364975e+06 -4.3348e+00 -2.0324e-01
8 +5.788124350e+05 +5.788124350e+05 +5.783934250e+05 +5.783934250e+05 -4.0345e+00 +2.1893e+00
17 +3.832194127e+04 +3.832194127e+04 +3.790293127e+04 +3.790293127e+04 +1.2030e+00 +3.2004e+00
39 +2.258341321e+04 +2.258341321e+04 +2.216440321e+04 +2.216440321e+04 -4.6089e+00 +3.1622e+00
97 +1.400761180e+04 +1.400761180e+04 +1.358860180e+04 +1.358860180e+04 -5.0000e+00 +2.8906e+00
128 +1.946712107e+02 +1.946712107e+02 -2.243387893e+02 -2.243387893e+02 -1.7908e+00 +3.0209e+00
217 +5.777250069e+01 +5.777250069e+01 -3.612374993e+02 -3.612374993e+02 -1.5871e+00 +3.0146e+00
339 +6.353223211e+00 +6.353223211e+00 -4.126567768e+02 -4.126567768e+02 -1.0566e+00 +3.0064e+00
370 +5.226240505e+00 +5.226240505e+00 -4.137837595e+02 -4.137837595e+02 -2.8939e+00 +3.0049e+00
1322 +1.615606281e+00 +1.615606281e+00 -4.173943937e+02 -4.173943937e+02 -2.9285e+00 +3.0060e+00
1326 +6.955905456e-01 +6.955905456e-01 -4.183144095e+02 -4.183144095e+02 -2.9470e+00 +3.0080e+00
1486 +1.511296036e-01 +1.511296036e-01 -4.188588704e+02 -4.188588704e+02 -2.9473e+00 +3.0071e+00
2497 +7.625859183e-02 +7.625859183e-02 -4.189337414e+02 -4.189337414e+02 -3.0585e+00 +3.0071e+00
2749 +2.903917101e-02 +2.903917101e-02 -4.189809608e+02 -4.189809608e+02 -3.1579e+00 +3.0072e+00
2987 +1.544109037e-02 +1.544109037e-02 -4.189945589e+02 -4.189945589e+02 -3.2057e+00 +3.0072e+00
3465 +2.840387239e-03 +2.840387239e-03 -4.190071596e+02 -4.190071596e+02 -3.3474e+00 +3.0072e+00
3589 +2.448458206e-03 +2.448458206e-03 -4.190075515e+02 -4.190075515e+02 -3.3646e+00 +3.0072e+00
3664 +1.499079983e-03 +1.499079983e-03 -4.190085009e+02 -4.190085009e+02 -3.3600e+00 +3.0072e+00
3897 +8.897900728e-04 +8.897900728e-04 -4.190091102e+02 -4.190091102e+02 -3.3211e+00 +3.0072e+00
3949 +4.003986838e-04 +4.003986838e-04 -4.190095996e+02 -4.190095996e+02 -3.3173e+00 +3.0072e+00
4029 +9.636737570e-05 +9.636737570e-05 -4.190099036e+02 -4.190099036e+02 -3.3145e+00 +3.0072e+00
4349 +1.882887193e-05 +1.882887193e-05 -4.190099812e+02 -4.190099812e+02 -3.3267e+00 +3.0072e+00
4606 +1.489820636e-05 +1.489820636e-05 -4.190099851e+02 -4.190099851e+02 -3.3222e+00 +3.0072e+00
4829 +7.732696076e-06 +7.732696076e-06 -4.190099923e+02 -4.190099923e+02 -3.3250e+00 +3.0072e+00
4989 +9.608455116e-07 +9.608455116e-07 -4.190099990e+02 -4.190099990e+02 -3.3240e+00 +3.0072e+00
5806 +3.272330105e-07 +3.272330105e-07 -4.190099997e+02 -4.190099997e+02 -3.3236e+00 +3.0072e+00
5886 +2.138971240e-07 +2.138971240e-07 -4.190099998e+02 -4.190099998e+02 -3.3238e+00 +3.0072e+00
5911 +1.013452220e-07 +1.013452220e-07 -4.190099999e+02 -4.190099999e+02 -3.3240e+00 +3.0072e+00
6126 +2.792222631e-08 +2.792222631e-08 -4.190100000e+02 -4.190100000e+02 -3.3241e+00 +3.0072e+00
6246 +9.497000519e-09 +9.497000519e-09 -4.190100000e+02 -4.190100000e+02 -3.3240e+00 +3.0072e+00
% function evaluation | noise-free fitness - Fopt (4.076100000000e+02) | best noise-free fitness - Fopt | measured fitness | best measured fitness | x1 | x2...
1 +8.026796650e+06 +8.026796650e+06 +8.027204260e+06 +8.027204260e+06 -2.1718e+00 -5.2785e-01
4 +1.442655078e+05 +1.442655078e+05 +1.446731178e+05 +1.446731178e+05 -4.6213e+00 -3.7061e+00
14 +3.289290089e+04 +3.289290089e+04 +3.330051089e+04 +3.330051089e+04 -9.3046e-01 -3.5113e+00
47 +1.954623613e+04 +1.954623613e+04 +1.995384613e+04 +1.995384613e+04 -2.8049e+00 -3.4714e+00
106 +3.117052016e+03 +3.117052016e+03 +3.524662016e+03 +3.524662016e+03 +1.9797e+00 -3.3955e+00
184 +9.618101086e+00 +9.618101086e+00 +4.172281011e+02 +4.172281011e+02 +2.3049e+00 -3.3398e+00
491 +1.960804861e+00 +1.960804861e+00 +4.095708049e+02 +4.095708049e+02 +8.0365e-01 -3.3380e+00
1932 +7.684747042e-01 +7.684747042e-01 +4.083784747e+02 +4.083784747e+02 -9.4984e-01 -3.3391e+00
2051 +3.138624281e-01 +3.138624281e-01 +4.079238624e+02 +4.079238624e+02 -3.6869e-01 -3.3389e+00
2228 +3.100533646e-02 +3.100533646e-02 +4.076410053e+02 +4.076410053e+02 -2.8199e-01 -3.3383e+00
3068 +2.194615132e-02 +2.194615132e-02 +4.076319462e+02 +4.076319462e+02 -2.6894e-01 -3.3384e+00
3251 +7.684559750e-04 +7.684559750e-04 +4.076107685e+02 +4.076107685e+02 -4.2950e-01 -3.3384e+00
3660 +5.753652217e-04 +5.753652217e-04 +4.076105754e+02 +4.076105754e+02 -4.3017e-01 -3.3384e+00
3988 +3.095309982e-04 +3.095309982e-04 +4.076103095e+02 +4.076103095e+02 -4.2801e-01 -3.3384e+00
4171 +1.828652556e-04 +1.828652556e-04 +4.076101829e+02 +4.076101829e+02 -4.2556e-01 -3.3384e+00
4491 +1.038379716e-04 +1.038379716e-04 +4.076101038e+02 +4.076101038e+02 -4.2549e-01 -3.3384e+00
4528 +5.328743555e-05 +5.328743555e-05 +4.076100533e+02 +4.076100533e+02 -4.0789e-01 -3.3384e+00
4688 +2.399222149e-05 +2.399222149e-05 +4.076100240e+02 +4.076100240e+02 -4.1067e-01 -3.3384e+00
5068 +1.111171952e-05 +1.111171952e-05 +4.076100111e+02 +4.076100111e+02 -4.1173e-01 -3.3384e+00
5288 +2.412727270e-06 +2.412727270e-06 +4.076100024e+02 +4.076100024e+02 -4.1375e-01 -3.3384e+00
5480 +1.136560797e-06 +1.136560797e-06 +4.076100011e+02 +4.076100011e+02 -4.1428e-01 -3.3384e+00
5808 +9.936404126e-07 +9.936404126e-07 +4.076100010e+02 +4.076100010e+02 -4.1609e-01 -3.3384e+00
5968 +3.711074328e-07 +3.711074328e-07 +4.076100004e+02 +4.076100004e+02 -4.1496e-01 -3.3384e+00
6070 +1.689460305e-08 +1.689460305e-08 +4.076100000e+02 +4.076100000e+02 -4.1511e-01 -3.3384e+00
6348 +1.432596264e-08 +1.432596264e-08 +4.076100000e+02 +4.076100000e+02 -4.1529e-01 -3.3384e+00
6688 +3.798220405e-09 +3.798220405e-09 +4.076100000e+02 +4.076100000e+02 -4.1515e-01 -3.3384e+00
% function evaluation | noise-free fitness - Fopt (2.872000000000e+01) | best noise-free fitness - Fopt | measured fitness | best measured fitness | x1 | x2...
1 +8.430587330e+06 +8.430587330e+06 +8.430616050e+06 +8.430616050e+06 +3.5500e-01 -1.5879e-01
3 +1.553417587e+03 +1.553417587e+03 +1.582137587e+03 +1.582137587e+03 -3.1616e+00 -3.0442e+00
26 +9.299300931e+02 +9.299300931e+02 +9.586500931e+02 +9.586500931e+02 +8.7055e-01 -3.0526e+00
83 +2.983164267e+02 +2.983164267e+02 +3.270364267e+02 +3.270364267e+02 +6.0272e-01 -3.0667e+00
283 +6.688677338e+01 +6.688677338e+01 +9.560677338e+01 +9.560677338e+01 +5.1011e-01 -3.0768e+00
573 +6.578231589e+00 +6.578231589e+00 +3.529823159e+01 +3.529823159e+01 +2.0307e+00 -3.0874e+00
683 +4.327899393e+00 +4.327899393e+00 +3.304789939e+01 +3.304789939e+01 -3.4995e-01 -3.0858e+00
858 +3.956159180e-01 +3.956159180e-01 +2.911561592e+01 +2.911561592e+01 +7.5887e-01 -3.0850e+00
1889 +2.483784559e-01 +2.483784559e-01 +2.896837846e+01 +2.896837846e+01 +8.9716e-01 -3.0849e+00
2178 +1.429094428e-01 +1.429094428e-01 +2.886290944e+01 +2.886290944e+01 +1.1323e+00 -3.0845e+00
2202 +5.923692456e-02 +5.923692456e-02 +2.877923692e+01 +2.877923692e+01 +1.1788e+00 -3.0847e+00
2802 +3.690297634e-02 +3.690297634e-02 +2.875690298e+01 +2.875690298e+01 +1.2089e+00 -3.0848e+00
2859 +2.356823059e-02 +2.356823059e-02 +2.874356823e+01 +2.874356823e+01 +1.4586e+00 -3.0849e+00
2882 +3.697655488e-03 +3.697655488e-03 +2.872369766e+01 +2.872369766e+01 +1.3969e+00 -3.0849e+00
2979 +4.785841687e-04 +4.785841687e-04 +2.872047858e+01 +2.872047858e+01 +1.4031e+00 -3.0848e+00
3304 +3.863510510e-04 +3.863510510e-04 +2.872038635e+01 +2.872038635e+01 +1.3863e+00 -3.0848e+00
3584 +1.257703980e-05 +1.257703980e-05 +2.872001258e+01 +2.872001258e+01 +1.3980e+00 -3.0848e+00
4163 +2.810131381e-06 +2.810131381e-06 +2.872000281e+01 +2.872000281e+01 +1.3961e+00 -3.0848e+00
4523 +4.232466573e-07 +4.232466573e-07 +2.872000042e+01 +2.872000042e+01 +1.3950e+00 -3.0848e+00
4603 +2.052729648e-07 +2.052729648e-07 +2.872000021e+01 +2.872000021e+01 +1.3948e+00 -3.0848e+00
4963 +5.514423407e-08 +5.514423407e-08 +2.872000006e+01 +2.872000006e+01 +1.3943e+00 -3.0848e+00
5803 +1.814487405e-08 +1.814487405e-08 +2.872000002e+01 +2.872000002e+01 +1.3944e+00 -3.0848e+00
5986 +6.486892801e-09 +6.486892801e-09 +2.872000001e+01 +2.872000001e+01 +1.3943e+00 -3.0848e+00
