% function evaluation | noise-free fitness - Fopt (9.294000000000e+01) | best noise-free fitness - Fopt | measured fitness | best measured fitness | x1 | x2...
1 +1.537773343e+03 +1.537773343e+03 +1.630713343e+03 +1.630713343e+03 +3.5467e+00 +2.9443e+00 +2.2552e+00 +1.9589e+00 +2.5230e+00 +6.4410e-01 +7.4409e-01 +2.7791e+00 +4.0684e+00 +2.6114e+00 +2.3970e+00 +4.7919e+00 +1.0087e+00 +1.2608e+00 -2.7461e+00 +2.8451e+00 +3.9637e+00 -1.7452e+00 +1.0764e+00 -4.3088e+00
9 +9.427410783e+02 +9.427410783e+02 +1.035681078e+03 +1.035681078e+03 -2.7346e+00 +2.1460e+00 +2.2538e+00 -1.1882e+00 -1.1143e+00 +4.3302e+00 +3.9666e-01 +1.6854e+00 +2.2322e+00 -1.3755e+00 +1.4544e-01 -2.7450e+00 -8.0515e-01 -2.6726e+00 +2.6235e+00 +4.3290e+00 +2.5214e+00 +2.9000e+00 +2.8828e+00 -4.5412e-01
302 +6.136294984e+02 +6.136294984e+02 +7.065694984e+02 +7.065694984e+02 -3.1347e+00 -3.2248e+00 +3.2006e+00 +4.8184e+00 +5.0507e-01 +3.5017e+00 -4.6969e+00 +1.7032e+00 +3.1094e+00 +6.3217e+00 +1.9024e+00 -3.8204e+00 -4.0403e+00 -2.9182e+00 +1.1607e-01 +6.3703e+00 +2.9761e+00 -3.8285e-02 +8.3707e-01 -2.2680e+00
1007 +3.669336250e+02 +3.669336250e+02 +4.598736250e+02 +4.598736250e+02 +1.7996e+00 -2.0613e+00 +3.5427e+00 +1.1795e+00 +3.2072e+00 +6.2770e+00 -3.8903e+00 +3.1123e+00 +6.3950e+00 +3.3783e+00 +7.9905e+00 -3.9215e+00 -4.4020e+00 +1.4863e-01 -3.0595e+00 +4.0072e+00 -1.3639e-02 -1.9583e+00 +4.5048e+00 +1.8080e+00
1108 +2.382190775e+02 +2.382190775e+02 +3.311590775e+02 +3.311590775e+02 +2.7002e+00 +1.6203e+00 +4.2461e+00 +5.5918e-01 +2.9301e+00 +6.3685e+00 -4.6035e-01 +4.6064e+00 +3.6454e+00 +3.5061e+00 +4.3133e+00 -5.7165e+00 -1.1218e+00 -7.0416e-01 -1.6515e+00 +2.3421e+00 +6.6664e-01 -2.5517e+00 +4.2086e+00 +2.7940e+00
2631 +1.257018536e+02 +1.257018536e+02 +2.186418536e+02 +2.186418536e+02 -2.0602e+00 -8.6743e-01 +4.1105e+00 +4.3577e+00 +4.2515e+00 +4.3808e+00 -1.6419e+00 -2.0222e-01 +2.9778e+00 +2.5172e+00 +2.2674e+00 -2.2057e+00 -2.0075e+00 +1.2437e-01 -1.3692e+00 +3.5874e+00 +2.6615e+00 -1.1082e+00 +6.0009e+00 -3.0503e+00
3843 +9.451612189e+01 +9.451612189e+01 +1.874561219e+02 +1.874561219e+02 -3.3312e-01 +3.4806e+00 +4.5551e+00 +2.1315e-01 +3.9017e+00 +4.3047e+00 +1.9303e+00 -3.7757e+00 +3.1407e+00 +3.5108e+00 +3.5625e-01 -7.5525e+00 +3.0681e-01 +1.9513e+00 -8.8983e-01 +3.3646e+00 +1.7277e+00 -2.0971e+00 +1.9201e+00 +9.8114e-02
8101 +5.870952140e+01 +5.870952140e+01 +1.516495214e+02 +1.516495214e+02 -3.3312e-01 +4.0986e+00 +3.0005e+00 +1.4330e+00 +4.2613e+00 +4.3047e+00 +1.8448e+00 -2.8175e+00 +4.1794e+00 +2.3686e+00 +2.8958e+00 -3.7831e+00 -8.7954e-01 +4.1265e-01 -8.8983e-01 +2.5040e+00 +2.2322e+00 -2.0971e+00 +1.9201e+00 -4.9292e-01
12401 +3.487154733e+01 +3.487154733e+01 +1.278115473e+02 +1.278115473e+02 +6.8930e-01 +2.7823e+00 +3.5965e+00 +1.8517e+00 +4.1129e+00 +3.7935e+00 +2.2785e+00 -2.7544e+00 +4.6791e+00 +3.0443e+00 +2.0004e+00 -4.7603e+00 -2.6731e-01 +2.1422e-01 +4.3625e-01 +2.0453e+00 +1.2823e+00 -2.0777e+00 +2.8065e+00 -1.1582e+00
15815 +2.464973067e+01 +2.464973067e+01 +1.175897307e+02 +1.175897307e+02 +1.2457e+00 +1.6742e+00 +2.4840e+00 +1.4849e+00 +2.5752e+00 +3.0290e+00 +8.8986e-01 -3.0142e+00 +5.3179e+00 +2.9813e+00 +1.7808e+00 -5.5936e+00 -5.8245e-01 +3.3793e-01 +1.2445e+00 +3.6885e+00 +1.7721e+00 -2.8273e+00 +2.7290e+00 +3.0860e-01
% function evaluation | noise-free fitness - Fopt (3.535000000000e+01) | best noise-free fitness - Fopt | measured fitness | best measured fitness | x1 | x2...
1 +9.450007487e+02 +9.450007487e+02 +9.803507487e+02 +9.803507487e+02 -4.7827e-02 +3.2515e+00 +4.8285e+00 +1.8508e+00 +1.3393e+00 +1.4666e+00 +7.2496e-01 -2.9291e+00 +1.1832e+00 -3.8304e+00 +4.0638e+00 -1.4858e+00 +2.4407e+00 +2.6531e+00 -2.5896e+00 +3.6918e-01 +9.3104e-01 +3.6890e+00 -1.0730e+00 -3.3116e+00
46 +5.990542711e+02 +5.990542711e+02 +6.344042711e+02 +6.344042711e+02 -2.7065e-01 -2.0190e-01 +4.8163e+00 -1.5737e+00 -3.9637e+00 -9.0175e-02 +3.0408e-01 +4.0756e+00 +1.2960e+00 -1.1430e+00 -3.4167e+00 +3.0494e-01 +4.3106e+00 +3.3045e+00 -3.3091e+00 -2.0707e+00 +1.1553e+00 +4.9261e+00 +2.5617e+00 +4.6977e+00
1705 +3.203325279e+02 +3.203325279e+02 +3.556825279e+02 +3.556825279e+02 +6.0893e-01 -4.7427e+00 +5.0812e+00 +1.2152e+00 -3.0828e+00 +2.0846e+00 +4.3336e+00 -1.4542e+00 -8.0969e-01 +2.2886e+00 +1.8448e+00 +9.4418e-01 +2.4027e-01 +6.9345e+00 -6.2131e-01 -6.4996e-01 +5.9879e+00 +2.5392e+00 +2.1611e+00 +5.8776e-01
2909 +2.040297115e+02 +2.040297115e+02 +2.393797115e+02 +2.393797115e+02 -6.1224e-01 -9.2666e-01 +4.4276e+00 +2.1715e+00 +2.3302e-02 -2.8848e-01 +2.3839e+00 +2.1504e+00 +2.4820e+00 +7.3371e-01 +4.2795e-01 -1.8772e+00 +1.5538e+00 +5.9698e+00 -1.3953e+00 -3.2094e+00 +1.1116e+00 +3.0729e+00 +2.7835e+00 +4.3176e+00
4311 +1.521834441e+02 +1.521834441e+02 +1.875334441e+02 +1.875334441e+02 +2.1844e+00 -3.7140e-01 +5.2822e+00 +3.6241e+00 -2.0515e+00 +1.7689e-02 +2.7499e+00 -2.3261e+00 +3.3519e+00 +1.9496e+00 +4.5560e-01 +1.8182e+00 +5.2746e-01 +5.1952e+00 -5.0574e-01 +3.1418e+00 +5.5284e+00 +3.1375e-01 +4.3753e+00 -1.6469e-01
8111 +9.769352565e+01 +9.769352565e+01 +1.330435257e+02 +1.330435257e+02 +3.3252e-01 +7.2756e-01 +5.2824e+00 +1.2036e+00 -2.8740e+00 -6.2229e-02 +2.2429e+00 +1.0542e+00 +2.0221e+00 -1.0391e+00 -9.6098e-01 -5.4400e-01 +6.6788e-01 +2.3841e+00 -1.4799e+00 +3.2247e+00 +2.9466e+00 +2.1897e+00 +4.8441e+00 +4.0914e+00
9801 +5.485832939e+01 +5.485832939e+01 +9.020832939e+01 +9.020832939e+01 +8.1115e-01 +1.8685e-01 +5.3259e+00 +1.6231e+00 -2.9695e+00 -1.5622e+00 +3.0079e+00 -7.8743e-01 +1.4871e+00 -1.5338e+00 +1.1953e-01 -1.3953e+00 +2.1967e+00 +4.6333e+00 -5.4251e-01 +2.7380e+00 +3.7853e+00 +2.8720e+00 +1.9735e+00 -1.2776e+00
18210 +2.787480992e+01 +2.787480992e+01 +6.322480992e+01 +6.322480992e+01 +1.0810e+00 +2.6275e-01 +4.3471e+00 +1.9950e+00 -2.7108e+00 -9.1901e-01 +3.6314e+00 -3.8018e-01 +1.4396e+00 -3.0512e-01 -3.1625e-01 -1.9684e+00 +3.3704e+00 +4.9073e+00 -9.1931e-01 +1.9900e+00 +2.7420e+00 +1.9688e+00 +3.3021e+00 +1.5005e+00
% function evaluation | noise-free fitness - Fopt (3.820000000000e+00) | best noise-free fitness - Fopt | measured fitness | best measured fitness | x1 | x2...
1 +3.928285062e+03 +3.928285062e+03 +3.932105062e+03 +3.932105062e+03 -2.4615e+00 +3.3849e+00 +7.3399e-01 +3.1441e+00 +2.2431e+00 -9.2423e-01 -2.8733e+00 -1.6389e+00 +1.3564e+00 +1.0875e+00 -1.3444e+00 -4.5058e+00 +2.4426e+00 +1.7420e-01 -3.2537e+00 +3.6181e+00 -1.9982e+00 -4.9094e+00 -3.0342e+00 +3.4863e+00
2 +1.239820068e+03 +1.239820068e+03 +1.243640068e+03 +1.243640068e+03 -2.6412e-01 +1.3217e-02 -1.0301e+00 -8.2909e-01 -3.6706e+00 -9.3527e-01 -6.8160e-01 -8.7616e-01 +1.7163e+00 +8.8436e-01 -3.9341e+00 +3.5981e+00 -1.3312e+00 -2.5750e+00 +8.2868e-01 -1.5977e+00 +3.0962e+00 -2.3141e+00 +1.8744e+00 -1.2968e+00
22 +6.885792832e+02 +6.885792832e+02 +6.923992832e+02 +6.923992832e+02 -2.8212e+00 -3.1147e+00 -2.1450e+00 -2.9576e+00 -2.5513e+00 -2.7450e+00 -2.7231e-01 -1.7646e+00 +3.1909e+00 -1.8330e+00 -1.9192e+00 +1.9480e+00 +1.6711e+00 -3.7087e+00 +6.8304e-01 +2.1780e+00 -4.5452e+00 -5.3175e-01 +2.3846e+00 +4.0508e+00
86 +4.698105583e+02 +4.698105583e+02 +4.736305583e+02 +4.736305583e+02 -1.8765e+00 +1.5738e+00 +3.2489e+00 -2.0063e+00 -1.7876e+00 -5.3177e-01 -1.6153e+00 -4.6993e+00 -3.4419e+00 -2.8035e+00 +2.6626e+00 -9.7442e-01 -2.0707e-01 -1.9402e-01 +2.2604e+00 -6.4176e-01 +2.0212e-01 +2.1701e+00 +1.6570e+00 +3.6055e+00
410 +3.609217820e+02 +3.609217820e+02 +3.647417820e+02 +3.647417820e+02 -8.1864e-01 -2.0865e+00 +1.4027e+00 +3.2431e+00 +2.2935e+00 -4.6035e+00 -3.7493e-01 -2.1853e+00 -2.4415e+00 -2.7905e+00 +2.6559e+00 -1.6072e+00 -1.0215e+00 -3.0045e+00 -5.4550e-01 +4.6466e-01 +2.2645e-01 +3.7788e+00 +2.4120e+00 +4.8673e+00
2314 +2.360259794e+02 +2.360259794e+02 +2.398459794e+02 +2.398459794e+02 -1.2260e+00 -1.7344e+00 -4.0815e-01 -2.0973e+00 +2.6028e+00 +5.5462e-01 +2.0027e+00 +4.0383e+00 -4.5272e+00 -3.3075e+00 +1.0776e-01 -5.3978e-01 -9.4084e-01 -1.0274e+00 -4.9862e-01 -1.3084e+00 -1.6520e+00 +2.7302e+00 +4.5753e+00 +1.8120e+00
3747 +1.509178614e+02 +1.509178614e+02 +1.547378614e+02 +1.547378614e+02 +4.1976e+00 +1.3310e+00 +2.3482e+00 -1.6324e-01 +1.6115e+00 -1.7554e+00 +1.1153e+00 -5.1029e+00 -1.2500e+00 -3.2507e-01 +1.0778e+00 +2.8113e+00 -2.7629e+00 -3.5545e+00 -2.3691e+00 -5.8147e-01 +1.5571e+00 +3.9123e+00 +3.0864e+00 +2.1841e+00
5413 +8.957682433e+01 +8.957682433e+01 +9.339682433e+01 +9.339682433e+01 +2.3777e+00 +1.2161e+00 +7.4326e-01 -7.7811e-01 +3.0359e+00 -2.2436e+00 -1.2678e-01 -4.0649e+00 +1.1450e+00 -1.8517e+00 -3.9865e-01 +3.1394e+00 -3.0663e+00 -4.0829e+00 -1.0366e+00 -4.5110e-01 +3.3124e+00 +3.5276e+00 +3.2668e+00 +4.4084e+00
7512 +5.854858145e+01 +5.854858145e+01 +6.236858145e+01 +6.236858145e+01 +3.1688e+00 +3.3172e-01 +3.1997e+00 +3.6831e-01 +2.9335e+00 -1.5254e+00 +7.3202e-01 -2.9978e+00 -7.9682e-01 -2.2559e+00 +2.3314e+00 +2.6497e+00 -3.4345e-01 -3.2703e+00 -2.5568e+00 -5.0110e-01 +1.2762e+00 +4.5509e+00 +2.3611e+00 +2.5467e+00
15680 +3.783191131e+01 +3.783191131e+01 +4.165191131e+01 +4.165191131e+01 +2.2674e+00 +2.0129e+00 +2.6580e+00 -4.0832e+00 +1.4699e+00 -4.8636e-01 +2.3155e+00 -3.3869e+00 +3.5414e-01 +5.3479e-01 +5.3560e-01 +3.5056e+00 -4.6318e-01 -3.2546e+00 -1.9518e+00 +6.2547e-01 +1.1398e+00 +1.8547e+00 +1.7815e+00 +2.6808e+00
17932 +2.223169565e+01 +2.223169565e+01 +2.605169565e+01 +2.605169565e+01 +4.0694e+00 +1.5998e+00 +2.9661e+00 -1.4035e+00 +2.8091e+00 -7.2301e-01 +5.3140e-01 -2.7077e+00 -8.1243e-01 +2.0243e-02 +6.9920e-01 +3.3951e+00 -1.6959e+00 -2.2681e+00 -1.1196e+00 -5.1741e-01 +2.3211e+00 +3.3604e+00 +2.5927e+00 +2.5220e+00
% function evaluation | noise-free fitness - Fopt (2.175000000000e+01) | best noise-free fitness - Fopt | measured fitness | best measured fitness | x1 | x2...
1 +1.234356424e+03 +1.234356424e+03 +1.256106424e+03 +1.256106424e+03 +3.4516e+00 -2.8565e+00 +3.1982e+00 -2.1801e+00 -7.0644e-01 -2.8298e+00 -2.7161e+00 +1.1187e-01 +2.7501e-01 +4.9921e+00 -4.4431e+00 -1.5073e+00 +2.6156e+00 +4.7533e+00 -1.1551e+00 +5.6925e-01 +1.1928e+00 +2.7449e+00 -3.1219e+00 +3.5495e+00
53 +8.222942046e+02 +8.222942046e+02 +8.440442046e+02 +8.440442046e+02 +4.2015e+00 -1.9501e+00 -4.4911e+00 +3.9213e+00 -3.8500e+00 +4.7155e+00 +1.1815e+00 -3.5028e+00 +3.5154e+00 +2.2260e+00 +3.9993e+00 +3.3324e+00 -4.0026e+00 -3.0167e+00 +3.1733e+00 -1.2879e+00 +1.6393e-01 -4.1299e+00 -3.9182e+00 +3.4240e+00
265 +4.340857268e+02 +4.340857268e+02 +4.558357268e+02 +4.558357268e+02 +2.6713e+00 +4.7659e+00 -1.1023e+00 +5.7101e+00 +1.6481e+00 -8.7917e+00 +6.8645e+00 -2.0298e+00 +3.8801e+00 +2.6026e+00 -1.6383e+00 -1.9939e+00 +5.5961e+00 -1.9883e+00 -2.8945e+00 +6.2346e-01 -2.8447e+00 +7.2607e-01 +5.9105e-01 +4.8286e+00
2205 +3.623156153e+02 +3.623156153e+02 +3.840656153e+02 +3.840656153e+02 +8.1521e-01 +2.1295e+00 -7.3609e-01 +2.0584e+00 +9.6708e-02 -8.3962e+00 +8.4772e+00 -2.1542e+00 -2.4370e+00 +4.2557e-02 -8.9172e-01 -4.8696e-01 +3.0544e+00 +1.6893e+00 -4.7613e+00 -3.2232e+00 +2.9231e+00 +1.6400e+00 -9.7903e-01 +2.0812e+00
4505 +2.144025769e+02 +2.144025769e+02 +2.361525769e+02 +2.361525769e+02 +6.6213e-01 +4.7463e+00 -1.3487e+00 +2.0627e+00 +2.2031e+00 -7.0401e+00 +7.6118e+00 -2.2103e+00 -3.6625e+00 +1.4649e+00 -5.0186e-01 -1.8989e+00 +2.9631e+00 -1.4005e+00 -5.7360e+00 -6.3159e+00 -1.4566e+00 +5.0621e-01 +3.6119e+00 +1.0698e+00
5801 +1.206865932e+02 +1.206865932e+02 +1.424365932e+02 +1.424365932e+02 -1.4014e+00 +4.8212e-01 -1.9135e+00 +9.2350e-01 -1.3760e+00 -3.9834e+00 +5.0172e+00 +3.0243e+00 -1.4929e+00 +2.7151e+00 -4.6876e-01 +5.8462e-01 +9.1068e-02 +1.3204e+00 -2.4162e+00 -6.0826e+00 +6.7763e-01 +1.3635e+00 -5.7430e+00 -5.3217e-01
11380 +8.466052240e+01 +8.466052240e+01 +1.064105224e+02 +1.064105224e+02 -1.4646e+00 +8.1682e-01 -3.1432e+00 +1.1043e+00 -1.2412e+00 -3.9213e+00 +5.3189e+00 +5.0266e-01 -6.0271e-01 +2.2697e+00 +8.1119e-01 -6.1902e-01 +1.3340e+00 -2.5707e+00 -2.7713e+00 -6.0284e+00 -1.3142e-01 +1.3224e+00 -2.1645e+00 -1.4251e+00
13326 +6.218627204e+01 +6.218627204e+01 +8.393627204e+01 +8.393627204e+01 +1.7263e+00 +1.5309e+00 +1.8876e+00 +5.3108e-01 -1.8330e+00 -4.8689e+00 +4.6383e+00 +4.3279e+00 +7.0679e-01 +3.3675e+00 +3.4196e+00 -3.1006e-01 +3.8335e+00 +1.5969e+00 -1.7359e+00 -5.6612e+00 -1.6941e+00 +9.9701e-01 -3.6091e+00 -9.3595e-01
18146 +3.617852931e+01 +3.617852931e+01 +5.792852931e+01 +5.792852931e+01 +9.3521e-01 +1.3403e+00 -6.6679e-01 +2.4920e+00 -1.0480e+00 -4.8732e+00 +3.1886e+00 +2.5681e+00 -5.8409e-01 +3.2463e+00 +1.2969e+00 -9.3703e-01 +3.6858e+00 +2.5638e-01 -2.0501e+00 -4.9406e+00 +1.9108e-01 +9.9182e-01 -2.9332e+00 -6.5346e-01
% function evaluation | noise-free fitness - Fopt (6.479000000000e+01) | best noise-free fitness - Fopt | measured fitness | best measured fitness | x1 | x2...
1 +1.659703740e+03 +1.659703740e+03 +1.724493740e+03 +1.724493740e+03 -5.0143e-01 -1.6541e+00 -4.6602e+00 +3.3061e+00 -3.9526e+00 -1.8112e+00 -2.3203e+00 +3.2919e-01 +3.3280e+00 -2.1813e+00 +4.0413e-02 +6.9899e-01 -1.0627e+00 -1.5278e+00 +1.4583e+00 +2.4009e+00 +3.0022e+00 +3.1635e+00 -3.3821e+00 +2.5295e+00
5 +9.496174354e+02 +9.496174354e+02 +1.014407435e+03 +1.014407435e+03 -1.8709e+00 +1.5677e+00 +2.0822e+00 +2.3057e+00 -9.0659e-01 -4.5595e-01 -1.8892e+00 +7.0134e-01 -1.3120e-01 +9.1692e-01 -1.7730e-01 +3.0073e+00 +2.7239e+00 -1.9471e+00 +5.0731e-01 -7.8489e-01 -3.6213e+00 -8.4915e-01 -4.8603e-01 +2.6558e+00
453 +4.275798905e+02 +4.275798905e+02 +4.923698905e+02 +4.923698905e+02 +1.7763e+00 +5.7653e+00 -1.2590e+00 -2.3688e+00 +1.9082e+00 +1.8388e+00 -3.8458e+00 +1.3996e+00 -5.2279e+00 +1.2742e+00 +3.0354e+00 -1.5722e+00 -4.1419e+00 -3.5815e+00 +2.9616e+00 -2.3207e+00 +3.7060e+00 +2.0478e+00 -5.3389e+00 +1.5191e+00
1304 +3.601599705e+02 +3.601599705e+02 +4.249499705e+02 +4.249499705e+02 -1.9720e-01 -5.3543e-01 -2.5018e+00 +3.6398e+00 -1.3342e+00 +1.5097e+00 -3.3328e+00 -1.0896e+00 -1.6448e-01 -2.0519e-01 +4.0047e+00 -5.2331e+00 +1.0884e+00 -6.1889e-01 -1.3345e+00 +3.5038e-01 -2.8267e+00 +2.8463e+00 -4.3012e+00 -8.4450e+00
4126 +2.003661756e+02 +2.003661756e+02 +2.651561756e+02 +2.651561756e+02 +9.2866e-01 +1.0662e+00 -1.3300e-01 +3.4325e+00 -2.2281e+00 +1.6292e-02 -5.1867e+00 -5.7149e-03 -2.0330e+00 -1.4336e-01 +1.6571e+00 -2.7112e+00 +9.5222e-01 +2.1439e+00 -7.4035e-01 +8.5072e-01 -1.3306e+00 +4.6226e+00 -2.7635e+00 -3.5442e+00
7041 +1.482229401e+02 +1.482229401e+02 +2.130129401e+02 +2.130129401e+02 -2.4780e-01 -2.5075e-01 +3.9005e+00 +1.3304e+00 -1.8273e-01 -3.0852e+00 -3.7826e+00 -1.6759e+00 -5.6620e+00 +4.3690e+00 +1.1476e+00 -5.7458e+00 +2.6758e+00 -3.0074e+00 -1.7354e+00 +1.8281e+00 +7.4194e-01 +7.6446e+00 -4.6971e+00 +2.1039e+00
8958 +7.743937802e+01 +7.743937802e+01 +1.422293780e+02 +1.422293780e+02 -1.9086e-01 -2.5294e-01 -6.3061e-01 +2.9642e+00 -2.4587e+00 -3.5223e+00 -1.9326e+00 -1.1993e+00 -2.8461e+00 +2.0579e+00 +2.2426e+00 -4.9447e+00 +2.7869e+00 -7.6303e-01 -2.5554e+00 +2.8749e+00 -3.1894e+00 +3.7197e+00 -1.4197e+00 -2.7139e+00
10113 +6.038993266e+01 +6.038993266e+01 +1.251799327e+02 +1.251799327e+02 -7.9887e-01 -5.3415e-01 -9.9873e-01 +1.7109e+00 -9.8790e-01 -3.2690e+00 -4.1212e+00 -1.4070e+00 -4.1405e+00 +2.0998e+00 +2.7551e+00 -5.8970e+00 +2.7958e+00 -4.2197e-01 -1.9598e+00 +3.8564e+00 -2.7952e+00 +1.7346e+00 -7.1875e-01 -3.1933e+00
17017 +3.771566022e+01 +3.771566022e+01 +1.025056602e+02 +1.025056602e+02 -2.4308e+00 -2.6697e+00 +3.7318e-01 +2.1374e+00 -2.0668e+00 -2.4306e+00 -5.3895e+00 -2.1979e+00 -3.1480e+00 +3.7272e+00 +3.0303e+00 -2.6175e+00 +3.3306e+00 -1.4058e+00 -8.1827e-01 +2.9961e+00 -1.3136e+00 -5.6192e-01 -1.7764e+00 -1.4640e-02
19108 +2.337655472e+01 +2.337655472e+01 +8.816655472e+01 +8.816655472e+01 -1.6142e+00 -2.6820e+00 -1.6354e+00 +1.7509e+00 -1.8661e+00 -4.8479e+00 -3.4038e+00 -1.3418e+00 -2.1422e+00 +2.6186e+00 +3.2029e+00 -3.9382e+00 +2.6148e+00 -8.6512e-01 -1.0813e+00 +2.6323e+00 -2.2312e+00 +8.0213e-01 +2.0532e-01 -7.2269e-01
% function evaluation | noise-free fitness - Fopt (5.407000000000e+01) | best noise-free fitness - Fopt | measured fitness | best measured fitness | x1 | x2...
1 +3.212082034e+03 +3.212082034e+03 +3.266152034e+03 +3.266152034e+03 +2.3495e-04 -2.0911e+00 -2.3522e+00 +2.3931e+00 -3.9373e+00 +1.1212e-01 -1.5569e+00 -4.0026e+00 +6.6752e-01 -8.5606e-01 +7.3511e-01 +8.2158e-01 -2.4171e+00 -4.4765e+00 +2.4266e+00 +1.1480e+00 +3.4321e+00 -2.4862e-01 -2.6896e+00 +9.4422e-01
7 +1.879424806e+03 +1.879424806e+03 +1.933494806e+03 +1.933494806e+03 -4.4440e-01 -8.8983e-01 +1.5592e+00 -1.4786e+00 -2.5624e+00 -1.2453e-01 +1.2667e+00 +9.5499e-01 -6.2640e-01 +1.5080e+00 -4.9457e+00 -3.6250e+00 +1.8750e+00 +3.2626e+00 -3.6841e+00 +1.5057e+00 +4.7678e+00 +3.8851e+00 -1.7991e+00 -1.3111e+00
15 +7.785628996e+02 +7.785628996e+02 +8.326328996e+02 +8.326328996e+02 -2.8341e+00 +3.9325e-02 +4.0532e+00 -9.2243e-01 -1.1125e+00 -2.3463e+00 +1.0675e+00 -9.2342e-01 -2.0061e+00 -2.0036e+00 -4.2262e+00 +4.6799e+00 +4.5001e-01 +2.9926e+00 -3.8145e+00 -8.3945e-01 +4.7249e+00 -8.5115e-02 -7.9663e-01 +1.1451e+00
80 +5.570513214e+02 +5.570513214e+02 +6.111213214e+02 +6.111213214e+02 +3.8363e-02 +1.0573e-01 -4.5360e+00 +4.3475e+00 -3.9621e+00 +1.5881e+00 -2.5794e+00 -1.3920e+00 -4.2066e+00 +9.0981e-01 -9.0299e-01 +4.8486e+00 +1.6927e-01 +3.2608e+00 +4.0295e+00 +1.2234e+00 -1.5169e-01 +2.7480e+00 +2.0807e+00 -2.7791e+00
905 +3.953908894e+02 +3.953908894e+02 +4.494608894e+02 +4.494608894e+02 +3.8363e-02 +1.0573e-01 +5.9486e-01 +4.3475e+00 -3.9621e+00 +3.7959e+00 -2.5794e+00 +3.9566e+00 -5.0000e+00 -8.2843e-01 -2.2290e+00 +4.8486e+00 +1.6927e-01 +3.0718e+00 +5.4374e+00 +2.8697e-01 -1.5169e-01 +2.7480e+00 -1.9642e-01 -2.7791e+00
1438 +2.450537379e+02 +2.450537379e+02 +2.991237379e+02 +2.991237379e+02 -2.9619e+00 -5.3235e+00 +5.6699e-01 +3.2952e+00 -5.1521e+00 +2.4087e+00 +1.7769e+00 +3.6761e+00 -6.7995e+00 +9.6337e-02 -2.2135e+00 -4.5652e-01 -6.1049e-01 +3.0985e+00 +3.7430e-01 -3.2664e+00 +1.6334e+00 +4.4230e+00 -2.2412e+00 +7.6940e-01
3601 +1.414659793e+02 +1.414659793e+02 +1.955359793e+02 +1.955359793e+02 -8.8631e-01 -4.5284e+00 +2.2551e+00 +3.4363e+00 -1.9496e+00 +2.9574e+00 -1.3948e+00 +5.3889e+00 -5.6215e+00 -1.1392e+00 -2.6203e+00 -1.6823e-02 -3.2497e+00 +4.5961e+00 +4.6037e+00 -6.8080e+00 +3.2652e+00 +6.1821e-01 -1.9012e+00 -3.0937e+00
4434 +7.109691305e+01 +7.109691305e+01 +1.251669131e+02 +1.251669131e+02 +2.5296e+00 -4.6133e+00 +4.1920e+00 +1.7483e+00 -1.8403e+00 +1.5939e+00 +3.0180e+00 +1.8690e+00 -3.4406e+00 -2.9152e+00 -3.7611e+00 +7.0948e-01 +7.0058e-02 +4.8151e+00 +4.8329e+00 -4.9895e+00 +3.2446e+00 +3.5944e+00 -2.3087e+00 +2.4608e-01
8318 +6.141050192e+01 +6.141050192e+01 +1.154805019e+02 +1.154805019e+02 +3.3389e+00 -4.1814e+00 +3.0570e+00 +3.6542e+00 -2.2642e+00 +8.6786e-01 +1.6764e+00 +2.4803e+00 -3.3156e+00 -2.7958e+00 -4.4509e+00 +1.5069e+00 -1.4301e+00 +4.8360e+00 +3.6864e+00 -4.0412e+00 +3.5144e+00 +3.4321e+00 -1.0416e+00 -5.4693e-01
11105 +3.651710434e+01 +3.651710434e+01 +9.058710434e+01 +9.058710434e+01 +3.0463e+00 -4.3092e+00 +3.7734e+00 +3.2104e+00 -3.5235e+00 +9.6807e-01 +3.5318e-01 +2.3897e+00 -4.3191e+00 -2.3522e+00 -4.6040e+00 +6.6686e-01 -2.0434e+00 +4.1260e+00 +5.4373e+00 -2.9034e+00 +3.4302e+00 +2.9667e+00 -2.3858e+00 -2.4537e+00
19214 +1.750598834e+01 +1.750598834e+01 +7.157598834e+01 +7.157598834e+01 +3.0426e+00 -4.3258e+00 +3.6152e+00 +3.4314e+00 -3.6390e+00 +1.9383e+00 +1.5521e+00 +1.9020e+00 -3.5509e+00 -2.2562e+00 -4.7791e+00 +6.4650e-01 -2.1101e+00 +2.7287e+00 +5.1152e+00 -1.6620e+00 +2.4818e+00 +1.7241e+00 -2.9091e+00 -1.1348e+00
% function evaluation | noise-free fitness - Fopt (-9.152000000000e+01) | best noise-free fitness - Fopt | measured fitness | best measured fitness | x1 | x2...
1 +2.901900013e+03 +2.901900013e+03 +2.810380013e+03 +2.810380013e+03 +1.3151e+00 +2.0089e+00 -4.4370e+00 -3.0535e+00 -4.3941e-01 +2.1295e+00 +3.4046e+00 +4.3373e+00 +1.9919e-01 +2.1635e+00 +1.1259e+00 +4.2258e+00 +4.0215e+00 -2.3161e+00 -2.2608e+00 -2.1792e+00 +3.3645e+00 -4.6878e+00 -4.9988e-01 +1.0649e+00
2 +2.081809894e+03 +2.081809894e+03 +1.990289894e+03 +1.990289894e+03 +4.7886e+00 -1.6591e+00 -4.5670e+00 +4.0045e+00 +3.1367e+00 +1.1399e+00 -7.6180e-01 +3.8996e+00 +2.9568e+00 +2.8543e+00 +4.8136e-01 -2.4466e+00 -4.6081e+00 +2.9336e+00 +1.2818e+00 +4.9179e+00 +4.4346e+00 -6.8314e-02 +2.8855e+00 -2.7283e+00
10 +1.172000328e+03 +1.172000328e+03 +1.080480328e+03 +1.080480328e+03 -4.9437e+00 -1.2302e+00 +4.8626e+00 +4.0669e+00 +3.2709e+00 -6.6663e-01 -9.3904e-01 -4.7587e+00 +1.6766e+00 +4.9615e+00 -4.5444e+00 +2.6250e+00 -3.0733e+00 +1.5297e+00 -3.8731e+00 +1.0134e+00 -2.2105e+00 -4.1133e+00 +3.4830e-01 +2.0157e+00
28 +9.296733991e+02 +9.296733991e+02 +8.381533991e+02 +8.381533991e+02 +1.3457e+00 +1.2816e+00 +3.4153e+00 +2.3278e+00 -3.3454e+00 -5.4571e-01 +1.3177e+00 -2.1871e+00 +2.6994e-01 +7.7741e-01 -4.4852e-01 -2.9429e+00 +2.6182e+00 +2.9633e+00 +1.3393e+00 +4.1806e+00 +3.9596e+00 +2.5782e+00 -5.8678e-01 -2.8830e+00
123 +4.571169731e+02 +4.571169731e+02 +3.655969731e+02 +3.655969731e+02 -4.2091e+00 +1.6783e+00 -1.4307e+00 +2.0093e+00 -4.1921e-01 -2.7213e+00 +4.2719e+00 +1.6135e+00 +4.0974e+00 +1.1626e+00 -1.1315e-01 +3.4003e+00 -3.6780e+00 +2.1312e+00 -2.5151e+00 -4.4838e+00 -3.1565e+00 +3.7751e+00 +9.6205e-01 -1.8403e+00
205 +3.907063527e+02 +3.907063527e+02 +2.991863527e+02 +2.991863527e+02 -3.3800e+00 +1.9700e+00 +1.0707e-01 +1.3279e+00 +1.9152e-01 +1.0239e+00 -3.9627e-01 +2.7954e+00 -3.2448e+00 +2.0510e+00 -1.4487e-01 +2.3791e+00 -4.2366e+00 +2.9765e+00 -1.0706e+00 +1.1474e+00 -1.8894e+00 +7.5897e-01 +1.7092e+00 -2.1578e+00
215 +2.299756901e+02 +2.299756901e+02 +1.384556901e+02 +1.384556901e+02 -3.5315e+00 -5.2623e-01 +3.3976e-01 -2.3401e-01 +3.3449e+00 +2.6415e+00 +4.1456e+00 -1.3107e+00 +2.0229e-01 -6.4935e-01 +2.6120e-01 +1.4399e+00 -1.4859e+00 -1.3318e+00 -2.1552e+00 -3.6919e+00 -6.9005e-01 +5.9980e+00 +2.2541e+00 -2.1510e+00
2303 +1.180021649e+02 +1.180021649e+02 +2.648216489e+01 +2.648216489e+01 -3.1478e+00 +1.5613e+00 +3.2661e-01 +4.7197e+00 +1.5860e+00 +1.1888e-01 +2.1140e+00 +6.3107e+00 +1.3069e+00 +2.3182e+00 +6.2125e-02 +2.9124e+00 -2.8558e+00 +2.3816e+00 -1.5790e+00 -2.7999e-02 -1.7840e+00 +3.8831e+00 +1.5666e+00 -3.7909e+00
4113 +9.075279177e+01 +9.075279177e+01 -7.672082287e-01 -7.672082287e-01 -2.8665e+00 +1.4017e+00 -1.7628e-01 +4.5636e+00 +1.8206e+00 -8.9972e-01 +3.3963e+00 +3.5970e+00 +2.6922e+00 +2.3778e+00 -3.0071e-01 +2.7735e+00 -4.0988e+00 +2.4348e+00 -2.1194e+00 +2.4957e+00 -2.4342e+00 +4.9765e+00 +2.2623e+00 -2.5254e+00
11204 +5.225409057e+01 +5.225409057e+01 -3.926590943e+01 -3.926590943e+01 -1.2596e+00 +7.5854e-01 -1.6389e+00 +3.2920e+00 +3.0438e+00 +6.3269e-02 +5.2125e+00 +2.5383e+00 +2.2562e+00 +4.5390e-01 -7.5819e-02 +1.6741e+00 -2.1665e+00 +2.2937e-01 -1.7970e+00 +8.8850e-01 -7.9821e-01 +4.8384e+00 +3.2209e+00 -1.4060e+00
12709 +3.535141009e+01 +3.535141009e+01 -5.616858991e+01 -5.616858991e+01 -1.2577e+00 +3.0341e+00 -1.0597e+00 +3.1569e+00 +2.5464e+00 -2.5949e-01 +4.1918e+00 +2.8133e+00 -1.5610e+00 +3.7642e+00 +5.5199e-01 +3.0772e+00 -2.4891e+00 +2.1158e+00 -1.8914e+00 +2.0625e+00 -5.8186e-01 +3.3605e+00 +2.9946e+00 -2.0021e+00
16629 +2.455620167e+01 +2.455620167e+01 -6.696379833e+01 -6.696379833e+01 -1.0329e+00 +1.7866e+00 -2.0526e+00 +4.1681e+00 +3.3932e+00 +1.7219e+00 +4.5840e+00 +4.3309e+00 -4.0655e-01 +2.5965e+00 +3.6636e-01 +4.8778e+00 -2.7497e+00 -2.1729e-01 +1.0270e+00 +9.6248e-01 -1.1359e+00 +4.8128e+00 +3.3500e+00 -1.8950e+00
% function evaluation | noise-free fitness - Fopt (2.263000000000e+01) | best noise-free fitness - Fopt | measured fitness | best measured fitness | x1 | x2...
1 +4.385390389e+03 +4.385390389e+03 +4.408020389e+03 +4.408020389e+03 -2.2101e+00 -1.2474e+00 +3.4630e+00 +1.1545e+00 -9.4883e-01 -3.1522e+00 -3.1420e+00 +4.8255e+00 -4.6885e+00 -4.8761e+00 -4.4480e+00 -4.6815e-01 +2.2044e+00 -1.9919e+00 +1.6530e-01 -9.4726e-01 -3.8307e+00 -4.9158e+00 +2.2119e+00 +3.5919e+00
2 +3.318300104e+03 +3.318300104e+03 +3.340930104e+03 +3.340930104e+03 -1.8018e+00 +1.5959e+00 -3.2923e+00 +4.0394e+00 +1.8758e+00 +2.1033e+00 -1.8819e+00 +6.1026e-01 +1.2903e+00 -4.5700e+00 +1.3902e+00 +4.9914e+00 -1.2958e+00 +4.9128e+00 +1.4306e+00 +6.0244e-01 -2.9380e+00 +1.7377e+00 +1.9282e+00 -1.1148e-02
5 +1.723264289e+03 +1.723264289e+03 +1.745894289e+03 +1.745894289e+03 +3.6991e+00 -2.2620e+00 +1.0892e+00 -2.1631e+00 +3.9879e+00 -3.5322e+00 +2.4833e+00 -1.5407e+00 +1.2754e+00 +1.9395e+00 -3.2014e-01 +3.1829e+00 -3.7122e+00 -3.7212e+00 -1.4034e+00 -2.6435e+00 +3.6143e-01 -3.2848e+00 -4.2714e+00 -3.3386e+00
12 +1.324595551e+03 +1.324595551e+03 +1.347225551e+03 +1.347225551e+03 -4.2782e+00 -3.9069e+00 +2.0488e+00 -1.1593e+00 -2.9454e+00 +4.4281e+00 +3.5340e+00 +3.3908e+00 +5.5351e-01 -1.0954e-01 +2.1754e-01 +1.3351e+00 +9.7624e-01 -1.3015e+00 -2.0532e+00 +2.6570e+00 +1.9862e+00 +4.4055e+00 +6.5137e-02 -3.0673e+00
88 +5.539215625e+02 +5.539215625e+02 +5.765515625e+02 +5.765515625e+02 +2.7930e+00 -3.4854e+00 +7.1239e-01 -1.9503e+00 +3.3577e+00 +3.3827e+00 +9.5256e-01 -3.7561e+00 -3.6596e+00 -2.3037e+00 +2.4952e+00 -2.8088e+00 +4.0785e+00 +2.6053e-01 +2.2347e-01 +4.8883e+00 +4.0912e+00 +3.2511e+00 -4.9058e+00 +1.1972e+00
302 +3.764645328e+02 +3.764645328e+02 +3.990945328e+02 +3.990945328e+02 +5.2914e+00 -5.5352e+00 +2.4755e+00 -1.1593e+00 +3.7032e+00 +4.4281e+00 +3.5340e+00 -1.9420e+00 +5.5351e-01 -1.0954e-01 +4.8234e+00 -2.3180e+00 +3.1868e+00 -1.3015e+00 -5.5191e-02 +2.6570e+00 +1.9862e+00 +1.6788e+00 +6.5137e-02 +8.3556e-01
1301 +2.307218964e+02 +2.307218964e+02 +2.533518964e+02 +2.533518964e+02 +1.8019e+00 -7.1580e+00 +3.4389e+00 +7.5979e-01 -8.7342e-02 +1.6548e+00 +3.6816e+00 -3.7429e+00 +2.5042e-02 +1.0247e+00 -1.4341e+00 -2.7778e+00 +3.1541e+00 -1.1818e+00 +1.5272e+00 +4.7461e-01 -1.8837e-01 +3.0769e+00 -4.2714e+00 -4.6955e-01
4302 +1.402003005e+02 +1.402003005e+02 +1.628303005e+02 +1.628303005e+02 -7.5542e-01 -6.5310e+00 +5.3361e+00 -1.1428e+00 +2.7330e+00 +3.7748e+00 +3.8695e+00 -1.5969e+00 +1.9817e+00 +9.6917e-01 +9.2236e-01 -1.4638e+00 +2.1625e+00 -3.9002e+00 +1.1825e+00 +2.7662e-01 +1.0789e+00 +2.7085e+00 -4.5532e+00 +8.1132e-01
6315 +9.759527738e+01 +9.759527738e+01 +1.202252774e+02 +1.202252774e+02 +2.2432e+00 -6.8742e+00 +4.5669e+00 +2.7732e+00 +1.3396e+00 +6.2110e+00 +4.6921e+00 +1.9317e+00 +3.0452e+00 +2.2599e+00 +1.7355e+00 +2.8930e-01 +2.5834e+00 -7.5608e-01 +1.9305e+00 +2.4283e+00 +9.5862e-01 +1.4769e-01 -3.1114e+00 +3.3241e-01
7609 +6.096958154e+01 +6.096958154e+01 +8.359958154e+01 +8.359958154e+01 +2.2738e+00 -4.1529e+00 +3.9384e+00 +3.1395e+00 +1.0737e+00 +4.9911e+00 +4.4701e+00 +2.2052e+00 +4.0970e+00 +1.4780e+00 -3.3634e-01 +1.8696e+00 +3.1373e+00 -2.8612e+00 +2.2408e+00 +2.5068e+00 +2.0981e+00 -4.0325e-01 -2.3435e+00 +7.8993e-01
18243 +3.803427630e+01 +3.803427630e+01 +6.066427630e+01 +6.066427630e+01 +2.8176e+00 -4.6634e+00 +3.7789e+00 +1.8025e+00 +3.7079e+00 +3.4389e+00 +4.2432e+00 +3.1184e-01 +4.7255e+00 +1.9923e+00 +3.3459e+00 +9.8303e-01 +2.8220e+00 -2.8667e+00 +2.7530e+00 +1.3132e-01 +1.8367e+00 +4.0209e-03 -3.5115e+00 +3.7203e+00
% function evaluation | noise-free fitness - Fopt (1.554000000000e+01) | best noise-free fitness - Fopt | measured fitness | best measured fitness | x1 | x2...
1 +2.328108539e+03 +2.328108539e+03 +2.343648539e+03 +2.343648539e+03 -3.4863e+00 +3.0403e+00 +4.6018e+00 -2.5925e+00 +1.0704e+00 +4.1814e+00 -3.2592e-02 +4.6919e+00 +2.5367e+00 -1.8201e+00 -4.9230e+00 -4.8852e+00 -4.6427e+00 -3.7916e+00 +1.1431e+00 -3.9854e+00 -1.9109e+00 +4.1542e+00 +9.2815e-01 -2.8504e+00
15 +8.963994527e+02 +8.963994527e+02 +9.119394527e+02 +9.119394527e+02 -2.8409e-03 -3.8812e+00 -1.8807e+00 +3.9431e+00 +3.3241e+00 -4.1948e-01 +2.3474e+00 +5.7300e-01 +3.8182e+00 -1.6209e+00 +4.1756e+00 -2.0338e+00 +1.6220e+00 -4.9185e+00 -7.4804e-01 -2.9884e+00 -3.2810e+00 -1.0648e+00 +1.9354e+00 -2.2471e-01
302 +6.227284303e+02 +6.227284303e+02 +6.382684303e+02 +6.382684303e+02 +1.5838e+00 +9.7899e-01 +3.1400e+00 +1.8921e+00 +6.8624e-01 -1.9587e+00 +2.4085e+00 -1.0042e+00 +3.7907e+00 -1.7352e+00 +4.4015e+00 -2.0159e-01 +2.0094e+00 +1.7750e+00 -1.4256e-01 +1.1371e-01 -1.2679e+00 +2.6122e+00 -3.2901e+00 -1.9925e+00
1229 +3.947287304e+02 +3.947287304e+02 +4.102687304e+02 +4.102687304e+02 -4.9434e+00 -2.7211e+00 +2.6705e+00 -2.0038e+00 -9.2256e-01 -4.6147e+00 +3.1874e+00 +8.5409e-01 +4.0146e+00 -5.6794e+00 +1.9957e+00 -1.5852e+00 -5.3618e-01 +2.5793e-01 +7.8457e-01 -5.5148e-01 -1.3933e+00 -1.2063e+00 -2.4698e+00 -8.1225e-02
3042 +1.293861015e+02 +1.293861015e+02 +1.449261015e+02 +1.449261015e+02 +1.3341e+00 -4.2931e+00 +3.5165e+00 +7.2428e-01 -5.0785e+00 -2.0208e+00 +1.5444e+00 +5.1944e-01 +6.0786e+00 -3.0254e+00 +2.2694e+00 -3.1727e+00 +4.2954e-01 +3.6624e-01 -4.5762e+00 +4.9756e-01 -6.1084e+00 -3.7849e+00 +2.7415e+00 +4.7750e+00
11775 +8.633057306e+01 +8.633057306e+01 +1.018705731e+02 +1.018705731e+02 +1.4454e+00 -2.8637e+00 +3.5384e+00 +7.3586e-01 -4.3933e+00 -1.6018e+00 +1.0625e+00 +1.6530e+00 +3.5682e+00 -1.9302e+00 +2.5053e+00 -3.2203e+00 -1.3512e+00 -1.1413e+00 -4.9182e+00 +3.5072e+00 -4.0049e+00 -2.3443e+00 +1.7272e+00 +3.6079e+00
13911 +5.532296400e+01 +5.532296400e+01 +7.086296400e+01 +7.086296400e+01 +3.9848e-01 -4.6396e+00 +1.9394e+00 +1.6853e+00 -5.3909e+00 -2.5932e+00 -8.6707e-01 +1.5831e+00 +4.7638e+00 -3.9817e+00 +1.2070e+00 -2.7437e+00 -7.7915e-01 +3.4331e-01 -5.3283e+00 +1.9242e-01 -5.1724e+00 -1.4535e+00 +1.4683e+00 +4.3183e+00
18115 +3.948509805e+01 +3.948509805e+01 +5.502509805e+01 +5.502509805e+01 -9.8796e-01 -2.6451e+00 +2.7845e+00 +3.3765e-01 -3.4943e+00 -2.6521e+00 +8.2743e-01 +1.9939e+00 +2.7174e+00 -2.1700e+00 +1.7363e+00 -3.6267e+00 -7.4242e-01 +5.1895e-01 -2.4274e+00 -1.0271e+00 -4.0790e+00 -1.7337e+00 -6.0418e-01 +2.9139e+00
% function evaluation | noise-free fitness - Fopt (-3.765100000000e+02) | best noise-free fitness - Fopt | measured fitness | best measured fitness | x1 | x2...
1 +8.686600763e+02 +8.686600763e+02 +4.921500763e+02 +4.921500763e+02 -3.5429e+00 -3.0218e+00 +3.0458e+00 +1.9528e+00 +3.9533e-01 -3.1242e+00 +1.3091e+00 -2.7152e+00 -4.0427e-01 +2.8924e+00 -9.3525e-01 -1.4862e+00 -3.2603e+00 +4.7217e+00 -2.3508e+00 -1.6865e+00 +1.1499e-01 -2.3621e+00 +2.7464e+00 -5.5166e-01
162 +4.733671034e+02 +4.733671034e+02 +9.685710342e+01 +9.685710342e+01 -1.2005e+00 -6.8962e-01 +2.5125e+00 +4.3024e+00 -1.2416e+00 +1.0278e+00 +8.0676e+00 +1.1001e-01 +6.3749e-01 -4.5936e+00 +9.7057e-01 -3.3039e+00 -3.5542e-01 -2.4389e+00 +2.5306e+00 +1.4273e-01 +1.7691e+00 -1.4406e+00 +2.6785e+00 -3.8955e+00
307 +3.832884842e+02 +3.832884842e+02 +6.778484173e+00 +6.778484173e+00 -1.9885e+00 +9.9279e-01 +1.3993e+00 +4.4419e+00 +3.4744e+00 +4.5994e-01 +4.2376e+00 -2.9769e-01 -2.5329e+00 -1.7362e+00 +1.2147e+00 -5.6797e+00 -2.6254e+00 -4.0827e+00 +3.1007e+00 +3.1237e+00 -4.4664e-01 +1.3400e+00 -6.9509e-01 -4.0862e+00
2102 +2.428556108e+02 +2.428556108e+02 -1.336543892e+02 -1.336543892e+02 -3.4609e+00 +2.5002e-02 +5.0149e+00 +4.8130e-01 -4.5217e+00 -1.7151e+00 +6.6270e+00 -5.1873e+00 +2.2513e+00 -2.2543e-01 +8.7459e-01 -1.6583e+00 +6.5578e-02 +3.0455e+00 +4.1071e+00 +2.7366e+00 +2.1155e+00 +3.8699e+00 +2.0459e+00 -5.5592e+00
3415 +1.290373684e+02 +1.290373684e+02 -2.474726316e+02 -2.474726316e+02 -2.7496e+00 +4.1622e+00 +1.5231e+00 +8.6991e-01 +5.6530e+00 -9.2424e-01 +2.0088e+00 -7.2429e-01 +2.7040e-01 -1.2849e+00 +4.1807e-01 -4.8583e+00 +6.8860e-02 +4.2848e+00 +2.9140e+00 -1.6140e+00 +1.9697e+00 +4.4585e+00 -4.2832e+00 -2.6876e+00
3808 +9.810070510e+01 +9.810070510e+01 -2.784092949e+02 -2.784092949e+02 -2.3330e+00 +4.8669e+00 +3.1300e+00 +3.3093e+00 -8.6629e-01 +1.1185e+00 +3.1543e+00 -4.7536e+00 -6.2263e-02 -4.3342e+00 +1.3895e+00 -2.9838e+00 -1.0552e-02 -1.2289e+00 +2.6627e+00 +1.2378e+00 +1.4996e+00 +3.0124e+00 -1.7119e+00 -4.6322e+00
12729 +6.123126852e+01 +6.123126852e+01 -3.152787315e+02 -3.152787315e+02 -2.1540e+00 +4.2015e+00 +2.9417e+00 +1.4419e+00 +2.5786e+00 +3.7880e-01 +4.6940e+00 -2.5883e+00 +2.0107e+00 -2.4050e+00 +8.8561e-01 -2.7425e+00 +8.2273e-01 -7.0347e-01 +1.8464e+00 +4.3461e-01 +2.6151e+00 +3.6905e+00 -2.0071e+00 -4.0355e+00
18021 +3.978383617e+01 +3.978383617e+01 -3.367261638e+02 -3.367261638e+02 -3.9357e+00 +1.6373e+00 +2.3033e+00 +2.2210e+00 +1.4686e+00 +1.7559e+00 +4.2828e+00 -3.2272e+00 +4.6067e-01 -8.7962e-01 +1.9740e+00 -2.7246e+00 +2.1724e-02 -1.4339e+00 +2.6441e+00 +2.2030e+00 +3.0779e+00 +2.8064e+00 -1.2873e+00 -4.5954e+00
% function evaluation | noise-free fitness - Fopt (3.960400000000e+02) | best noise-free fitness - Fopt | measured fitness | best measured fitness | x1 | x2...
1 +1.896520338e+03 +1.896520338e+03 +2.292560338e+03 +2.292560338e+03 -1.6174e+00 +3.0979e+00 -7.0850e-01 +1.7703e+00 +3.0585e+00 -1.8284e+00 +1.8611e+00 +2.4201e+00 +1.8619e-01 +3.1470e-01 +5.9421e-01 -3.7462e-01 -1.8645e+00 +2.3322e+00 -1.4001e+00 +3.6096e+00 -4.6782e+00 +9.9202e-02 -1.0689e+00 +9.8548e-01
2 +5.845263877e+02 +5.845263877e+02 +9.805663877e+02 +9.805663877e+02 +9.9093e-01 -6.6346e-01 -3.1486e+00 +3.0884e+00 -3.5535e+00 +1.8861e+00 -4.3082e+00 -9.7499e-02 +4.1765e+00 +6.2329e-01 +8.7019e-01 +2.3729e+00 +2.2123e+00 +1.0643e+00 +3.6116e+00 +2.1507e+00 +4.9047e+00 +4.4105e+00 +1.2227e+00 +2.9966e+00
1058 +2.616159780e+02 +2.616159780e+02 +6.576559780e+02 +6.576559780e+02 -7.7867e-01 +2.1376e+00 -7.0850e-01 +3.0918e+00 -1.2038e+00 +2.3166e+00 -7.1962e-01 +3.6309e+00 +2.5169e+00 +6.2015e-01 +5.9421e-01 +1.2196e+00 +3.2076e+00 +2.8794e-02 -2.0789e-01 +3.5563e+00 +1.2284e+00 +2.3322e+00 -3.3847e+00 +3.5220e-01
2389 +2.206673089e+02 +2.206673089e+02 +6.167073089e+02 +6.167073089e+02 -1.6292e+00 +2.5554e+00 -5.7925e-01 +4.7157e+00 -3.0922e+00 -3.1163e-01 -3.6033e+00 -9.2908e-01 +5.3856e+00 -1.6272e-01 +3.8738e-01 -2.6420e-01 +6.8308e-01 +3.0352e-01 +1.2742e+00 +1.6383e+00 +1.6075e+00 +3.0491e+00 -4.3555e+00 +5.1379e+00
2908 +1.319880127e+02 +1.319880127e+02 +5.280280127e+02 +5.280280127e+02 +1.1783e+00 +9.0740e-01 +2.8168e-01 +3.7608e+00 -4.5251e+00 +1.2810e+00 -8.4385e-01 +1.3925e+00 +5.0239e+00 +6.5273e-02 +2.3120e+00 +1.2714e+00 +5.4125e-01 -2.2039e+00 +6.1992e-01 +1.0402e+00 -4.9339e-01 +2.8151e+00 -1.7792e+00 +3.2056e+00
5901 +9.425612160e+01 +9.425612160e+01 +4.902961216e+02 +4.902961216e+02 +4.1827e-01 -1.6365e+00 +2.0476e+00 +3.0446e+00 -4.2434e+00 +3.9440e+00 -3.6308e+00 +3.0137e+00 +3.4902e+00 +1.8398e+00 +8.2356e-01 -9.4776e-01 +4.1947e+00 -1.5206e+00 +1.6022e+00 -1.9441e+00 +2.5035e+00 +5.6138e+00 -3.6823e+00 +5.9215e+00
9740 +5.130574475e+01 +5.130574475e+01 +4.473457448e+02 +4.473457448e+02 +1.3099e+00 -2.0776e+00 -3.8361e-01 +3.1718e+00 -4.4324e+00 +1.3209e+00 -3.7027e+00 +1.8313e+00 +4.2076e+00 +8.0868e-01 +2.0104e+00 -5.6505e-01 +1.6453e+00 -1.0892e+00 -1.2034e+00 +1.2951e+00 +2.0349e+00 +3.9187e+00 -2.3178e+00 +2.4776e+00
14401 +3.019899689e+01 +3.019899689e+01 +4.262389969e+02 +4.262389969e+02 -1.2188e+00 -1.7227e+00 +4.6703e-01 +2.0144e+00 -4.1380e+00 +1.9961e+00 -5.3217e+00 +3.8955e+00 +4.0193e+00 +9.6995e-01 +1.0630e+00 +8.4327e-02 +2.5210e+00 -1.7095e+00 +1.3621e+00 -1.0217e+00 +2.1768e+00 +4.2567e+00 -2.2566e+00 +3.7083e+00
% function evaluation | noise-free fitness - Fopt (1.281100000000e+02) | best noise-free fitness - Fopt | measured fitness | best measured fitness | x1 | x2...
1 +1.159990172e+03 +1.159990172e+03 +1.288100172e+03 +1.288100172e+03 -3.8934e+00 -2.0491e+00 +3.2427e+00 -9.4217e-01 -9.4000e-01 +3.5355e+00 -1.9873e+00 +9.9439e-01 +8.8907e-01 +3.6064e+00 -4.3714e+00 -4.2586e+00 +1.7465e+00 +9.6752e-01 +1.0521e+00 -6.1038e-01 +2.3373e+00 +7.0953e-01 -3.9504e+00 +2.9076e+00
10 +7.491853858e+02 +7.491853858e+02 +8.772953858e+02 +8.772953858e+02 +3.6795e-01 +3.5656e+00 -4.2125e+00 -3.8090e+00 -1.0833e+00 -4.1425e+00 +7.7200e-01 +3.3039e+00 -3.9678e+00 -2.6417e+00 +1.4398e+00 +2.0968e+00 -3.7111e+00 -6.8740e-01 +3.3231e+00 +4.6525e+00 -1.7473e+00 +1.2152e+00 -2.5183e+00 -1.9234e+00
159 +6.116342282e+02 +6.116342282e+02 +7.397442282e+02 +7.397442282e+02 -3.1092e-01 -3.8449e+00 -2.7320e+00 +2.9335e-01 -7.4373e-01 -8.2451e-01 +4.1058e+00 -6.7166e-01 +2.1583e+00 -1.9436e+00 -1.9726e+00 +3.6948e+00 -8.3841e-01 +2.3241e+00 -2.4410e+00 +9.3941e-01 +2.6256e-01 -1.8267e+00 +4.1671e+00 +1.1573e+00
814 +2.906204980e+02 +2.906204980e+02 +4.187304980e+02 +4.187304980e+02 -1.8825e+00 -1.1401e+00 -2.1966e+00 -1.7955e-01 +3.5292e+00 +3.6543e+00 -2.6173e+00 -8.6647e-01 -3.8252e+00 +3.3414e+00 +2.2676e+00 +4.1438e+00 +2.7167e+00 +3.6749e+00 -3.3666e+00 +1.1153e+00 +6.8492e+00 +7.1976e-01 +4.2421e+00 +4.4877e+00
1733 +2.504953422e+02 +2.504953422e+02 +3.786053422e+02 +3.786053422e+02 -2.9315e-01 -2.8184e-01 -3.5560e+00 -1.5640e+00 -4.5334e-01 +5.2302e+00 +2.3624e+00 -4.8706e+00 -3.8963e+00 +4.4321e+00 +2.4834e-01 +1.2114e+00 -2.8639e-01 +3.6592e+00 -6.4959e+00 +7.6284e+00 -1.0832e+00 +1.4908e+00 +4.8363e+00 +3.5652e+00
5301 +1.515389077e+02 +1.515389077e+02 +2.796489077e+02 +2.796489077e+02 +4.8455e+00 -9.3124e-01 -3.3055e+00 -1.3215e+00 +1.3590e+00 +1.7904e+00 -3.4846e-01 -1.8361e+00 -4.6934e+00 +3.7435e+00 +3.8504e+00 +3.0532e+00 -3.3690e+00 +2.5711e+00 -1.7740e+00 +2.9766e+00 +3.9318e+00 -1.0605e-01 +2.9424e+00 +5.8908e-01
7801 +8.751509562e+01 +8.751509562e+01 +2.156250956e+02 +2.156250956e+02 -2.5786e+00 +2.1822e+00 -3.4468e+00 -1.9610e-01 +3.7182e+00 +1.1472e+00 -1.5444e+00 -3.9735e+00 -2.4682e+00 +2.7846e+00 +9.2285e-01 +2.2515e+00 -3.0810e+00 +1.2808e+00 -5.6239e-01 +4.2328e+00 +5.4055e+00 -7.0218e-01 +4.0002e+00 +2.9948e+00
12802 +4.935185315e+01 +4.935185315e+01 +1.774618531e+02 +1.774618531e+02 -3.2579e-01 -8.8599e-01 -1.2118e+00 +2.3467e+00 +2.5845e+00 +4.5034e-01 -1.7257e+00 -1.2610e+00 -1.3186e+00 +3.2260e+00 +1.9924e+00 +1.9828e+00 -1.8015e+00 +2.7819e+00 +7.7645e-01 +2.6241e+00 +3.2962e+00 +5.1031e-01 +3.7484e+00 +1.3528e+00
17202 +3.786777422e+01 +3.786777422e+01 +1.659777742e+02 +1.659777742e+02 -1.6938e+00 +6.1344e-01 -2.3941e+00 +6.8787e-01 +2.9805e+00 +1.2268e+00 -2.7351e-01 -2.9599e+00 -2.0145e+00 +2.3714e+00 +6.1783e-01 +1.0698e+00 -2.6958e+00 +2.3887e+00 +9.8951e-02 +3.3053e+00 +2.2879e+00 +1.1354e+00 +1.6581e+00 +1.4427e+00
19201 +2.368335308e+01 +2.368335308e+01 +1.517933531e+02 +1.517933531e+02 -9.2110e-01 +7.1899e-01 -1.7968e+00 +6.8787e-01 +2.0000e+00 +1.2268e+00 -1.2992e+00 -2.9599e+00 -2.0145e+00 +3.0250e+00 +1.3649e+00 +7.9145e-01 -2.6958e+00 +2.5192e+00 +4.0743e-01 +3.3053e+00 +3.1132e+00 +9.6292e-01 +1.6895e+00 +1.4427e+00
% function evaluation | noise-free fitness - Fopt (-2.923500000000e+02) | best noise-free fitness - Fopt | measured fitness | best measured fitness | x1 | x2...
1 +2.781151826e+03 +2.781151826e+03 +2.488801826e+03 +2.488801826e+03 +3.1117e-01 +4.7249e+00 -1.7967e+00 +4.6590e+00 +4.8074e+00 +1.6462e+00 +4.3748e+00 +3.6337e+00 -1.9368e+00 -5.9715e-01 -3.8086e+00 +8.7874e-02 +3.5802e+00 -3.3826e+00 +1.9372e+00 +4.1367e+00 +3.0779e+00 +2.8701e+00 +1.7544e+00 -1.5177e+00
3 +2.395822428e+03 +2.395822428e+03 +2.103472428e+03 +2.103472428e+03 +4.0866e+00 +4.7157e+00 +2.2706e-01 +7.8699e-01 +4.4708e+00 +2.9744e+00 +4.6705e+00 -1.1353e-01 +9.4088e-01 +2.5836e-01 -4.0953e+00 -4.4473e+00 +3.0078e+00 +3.2524e+00 +3.3608e+00 -3.2175e+00 +1.4377e+00 -2.7867e+00 +3.0919e+00 -5.6658e-01
8 +8.445833062e+02 +8.445833062e+02 +5.522333062e+02 +5.522333062e+02 +4.2399e-01 -3.9445e+00 +4.8763e+00 +4.1688e+00 +2.7299e+00 -3.4194e+00 -3.2299e+00 +1.6762e+00 -1.1208e+00 -4.0801e-01 -3.8018e-01 +1.6770e+00 +1.2852e+00 -1.7357e-01 +2.0762e+00 +3.3072e+00 -2.6678e+00 +3.6042e-01 +2.9525e+00 -3.2715e-01
69 +6.243512947e+02 +6.243512947e+02 +3.320012947e+02 +3.320012947e+02 -3.8234e+00 -4.0719e-02 +3.4794e+00 +1.1495e+00 -1.2642e+00 +2.8784e+00 -4.2776e+00 -1.9376e+00 -2.3694e+00 -2.5029e+00 +1.4352e+00 +4.9755e-01 -4.3528e+00 +1.8407e+00 -1.1679e-01 +3.3014e-01 +5.7899e-01 -1.7158e+00 +2.3703e+00 -3.1215e+00
131 +3.858376226e+02 +3.858376226e+02 +9.348762256e+01 +9.348762256e+01 -1.4942e+00 -8.2747e-01 +1.6537e+00 -1.1205e-01 -1.8401e+00 +3.7540e+00 -3.8392e+00 -3.5004e+00 +6.3059e-02 -8.3122e-01 +4.3377e+00 +5.2868e+00 +2.5232e+00 +2.1756e+00 -4.0771e+00 -1.5381e+00 +4.0079e+00 +4.0946e+00 +2.8317e+00 -4.5358e+00
1832 +2.090837118e+02 +2.090837118e+02 -8.326628822e+01 -8.326628822e+01 -6.3524e-01 -5.0922e+00 +2.5144e+00 -7.2792e-02 +4.1428e+00 -5.7450e-01 -4.8589e+00 +3.4109e-01 -2.0277e+00 -3.1193e+00 +6.8826e-01 +4.4743e+00 +4.6407e-01 +2.5563e+00 -2.4864e+00 +5.5684e-01 -3.6923e-01 +2.0178e+00 +4.3366e+00 -2.0823e+00
3676 +1.557612617e+02 +1.557612617e+02 -1.365887383e+02 -1.365887383e+02 -2.0689e+00 -3.8142e+00 +2.3642e+00 +1.1495e+00 +4.5263e+00 +3.3664e-01 -5.5628e+00 +1.4030e+00 +2.9948e+00 -2.3306e+00 +4.9013e+00 +3.8271e-01 +3.7711e+00 +3.5499e+00 -2.7094e+00 -3.8597e+00 +5.6471e-01 +1.3616e+00 +2.7497e+00 +5.5287e-01
7434 +9.520558343e+01 +9.520558343e+01 -1.971444166e+02 -1.971444166e+02 -1.9118e+00 -1.0367e+00 +8.4011e-01 +2.2471e+00 +3.0732e+00 -1.2199e+00 -3.9550e+00 +1.8636e+00 +4.2377e-02 -1.7145e-01 +5.2132e+00 +7.4522e-01 +3.3571e+00 +3.3298e+00 -4.1354e+00 -2.8597e+00 +1.6222e+00 +2.3621e+00 +1.3094e+00 +7.3314e-01
15520 +5.926328037e+01 +5.926328037e+01 -2.330867196e+02 -2.330867196e+02 -5.2478e-01 -2.6554e+00 +3.8660e+00 +2.1691e+00 +3.8744e+00 -1.6152e+00 -4.1697e+00 +1.7054e-01 -8.0299e-01 -1.9000e+00 +2.1804e+00 +4.5755e+00 +1.5062e+00 +2.8792e+00 -2.6062e+00 -9.9761e-01 -2.2388e-01 +3.7020e+00 +3.0684e+00 -3.2340e-01
% function evaluation | noise-free fitness - Fopt (3.110100000000e+02) | best noise-free fitness - Fopt | measured fitness | best measured fitness | x1 | x2...
1 +2.334239269e+03 +2.334239269e+03 +2.645249269e+03 +2.645249269e+03 +1.1751e+00 +4.7169e+00 +4.7075e+00 +4.1788e+00 +3.6976e+00 -1.7997e+00 -3.5056e+00 -1.6531e+00 +4.5108e-01 -2.0657e+00 -4.3992e+00 -2.4375e+00 +3.6760e-01 -4.8810e+00 -2.7329e+00 -1.9156e+00 +1.2427e+00 -3.4856e+00 +1.6107e+00 -4.1674e+00
6 +1.220264128e+03 +1.220264128e+03 +1.531274128e+03 +1.531274128e+03 -7.6455e-01 -4.8669e+00 +2.0656e+00 -5.6947e-01 +1.7811e+00 +3.9446e+00 +3.4542e-01 -8.8858e-02 -1.7560e-01 +2.6441e+00 +1.0872e+00 +2.8848e+00 +1.0328e-01 -4.2016e+00 +3.8686e+00 -4.7430e+00 +3.5608e+00 +2.0764e+00 +3.2801e+00 -3.5698e+00
77 +9.918561535e+02 +9.918561535e+02 +1.302866154e+03 +1.302866154e+03 -4.2861e+00 -2.0125e+00 +2.3756e+00 -1.1165e+00 +3.3281e+00 -1.3393e+00 +3.1657e+00 -2.1808e+00 -5.3787e-01 +5.4950e-01 -2.6942e+00 +3.5330e+00 -4.1899e+00 +2.2432e+00 +3.7506e+00 -2.2068e+00 -3.0493e-01 -1.9550e+00 -4.3945e-02 +3.0267e+00
212 +5.169864339e+02 +5.169864339e+02 +8.279964339e+02 +8.279964339e+02 -7.6455e-01 -4.8669e+00 -4.0975e+00 -2.1106e+00 -1.1258e+00 +3.3644e-01 +3.4542e-01 +2.3884e+00 -1.7560e-01 +2.6441e+00 -4.7230e-01 +2.8848e+00 +1.0328e-01 -4.2016e+00 +1.4010e+00 +3.6068e+00 +9.0866e+00 -5.6544e+00 -1.2805e+00 -1.4726e+00
593 +3.810456064e+02 +3.810456064e+02 +6.920556064e+02 +6.920556064e+02 -1.5317e+00 -3.6605e+00 -3.3984e+00 -1.8129e+00 +1.2953e-01 -1.0267e+00 +3.2035e+00 +2.5868e+00 -1.8423e+00 +1.1203e+00 -2.6831e+00 +3.8536e+00 -4.3452e+00 -3.4980e+00 +4.6698e+00 +1.8540e+00 +4.1776e+00 -5.7328e+00 -4.7678e+00 +1.0805e-01
2908 +1.846670346e+02 +1.846670346e+02 +4.956770346e+02 +4.956770346e+02 -2.9629e+00 -4.9486e+00 -2.9372e+00 +1.3194e+00 +3.0211e+00 -2.3440e+00 +3.2317e+00 +2.5772e+00 -8.7659e-01 +3.3115e-02 -1.8992e+00 +1.1550e+00 +3.3729e+00 -2.4470e+00 -2.3983e+00 +9.0079e-01 +4.6281e+00 -4.2580e+00 -4.8973e+00 +3.5825e-01
4571 +1.381734709e+02 +1.381734709e+02 +4.491834709e+02 +4.491834709e+02 -3.0090e+00 -4.8109e+00 -6.0817e+00 -8.4366e-01 +2.6602e+00 +3.4087e+00 +7.7677e-01 +1.1032e+00 -1.7502e+00 +1.2111e+00 -1.6918e+00 +5.3343e+00 -4.8787e+00 -5.1529e+00 -4.8938e-01 +1.4156e+00 +5.4357e+00 -6.9040e+00 -1.8542e+00 -2.6756e-01
8403 +9.827866606e+01 +9.827866606e+01 +4.092886661e+02 +4.092886661e+02 -4.2992e-01 -4.5188e+00 -4.8793e+00 +1.4868e+00 +2.1746e+00 +5.5760e+00 +1.4580e+00 +3.7233e+00 -1.9312e+00 -8.5252e-01 -1.2122e+00 +4.5457e+00 +1.1128e+00 -4.0172e+00 -1.1067e+00 +1.2942e+00 +7.1909e+00 -5.3929e+00 -3.1386e+00 +9.0570e-01
15698 +4.216446901e+01 +4.216446901e+01 +3.531744690e+02 +3.531744690e+02 -1.3762e+00 -3.2643e+00 -4.9660e+00 +1.6971e+00 +4.2134e+00 +2.1136e+00 +1.2285e+00 +4.1075e+00 -1.9078e+00 -1.1274e+00 -5.2739e-01 +4.0063e+00 -5.8138e-01 -2.6328e+00 -1.5343e+00 +1.6317e+00 +4.5389e+00 -3.5192e+00 -1.5188e+00 +9.3758e-01
18512 +3.525753490e+01 +3.525753490e+01 +3.462675349e+02 +3.462675349e+02 -3.4386e+00 -3.2131e+00 -3.7825e+00 +2.3679e+00 +4.8635e+00 +2.9756e-01 +2.1053e+00 +4.2947e+00 -1.9089e+00 -1.1246e+00 -6.4774e-01 +2.2129e+00 -1.1053e+00 -2.5079e+00 -1.6476e+00 +2.7581e+00 +4.2749e+00 -2.8081e+00 -1.3456e+00 +1.1562e+00
% function evaluation | noise-free fitness - Fopt (-8.051800000000e+02) | best noise-free fitness - Fopt | measured fitness | best measured fitness | x1 | x2...
1 +1.705584857e+03 +1.705584857e+03 +9.004048571e+02 +9.004048571e+02 +1.8689e+00 -3.4007e+00 +4.0342e+00 +3.6078e+00 +3.4282e+00 +6.2112e-01 +1.4033e+00 -3.8464e+00 +9.3927e-01 -2.8828e+00 +4.2597e-01 -2.8389e+00 -4.9210e+00 -2.8171e+00 +3.2216e+00 +1.2615e+00 -3.0431e+00 +3.1720e+00 -5.5183e-01 -3.3691e+00
5 +1.317906723e+03 +1.317906723e+03 +5.127267233e+02 +5.127267233e+02 -3.6924e+00 +8.4902e-01 +1.1136e+00 -1.6759e-01 +3.7761e+00 +3.2491e+00 -8.7235e-01 -3.8407e+00 +2.4734e+00 -1.2407e+00 +2.2132e+00 -3.5438e+00 -2.7363e+00 +2.3508e+00 +7.6301e-01 +2.8341e+00 +3.3653e-01 +2.6315e+00 -1.5914e+00 +2.1159e+00
22 +8.108490319e+02 +8.108490319e+02 +5.669031909e+00 +5.669031909e+00 +8.6654e-01 +7.3977e-02 -2.9592e-01 +2.5878e+00 +4.1602e+00 +3.9492e+00 -1.0879e+00 +3.9019e+00 +1.5685e+00 -1.9750e+00 -1.0249e+00 +2.9612e-02 -1.4456e+00 +1.1875e+00 +2.1443e+00 -1.2734e+00 -3.0748e-01 +2.8622e+00 -4.5046e+00 -1.1551e+00
106 +3.484039803e+02 +3.484039803e+02 -4.567760197e+02 -4.567760197e+02 +4.9956e+00 -8.5118e+00 +3.4985e+00 +2.9237e+00 -2.9715e-01 -2.9922e+00 +2.9804e+00 -2.1057e+00 -1.7631e+00 +5.5289e+00 +4.6309e+00 -4.5044e+00 +3.1984e+00 -2.0815e+00 +3.4259e+00 +4.6522e+00 -4.4343e+00 -1.0945e+00 -4.9114e+00 +5.3851e-01
1718 +2.127160909e+02 +2.127160909e+02 -5.924639091e+02 -5.924639091e+02 -4.6979e-01 -2.2930e+00 -2.5848e-01 +1.7684e+00 +4.7839e+00 +1.3725e-01 -5.4346e-02 -1.4413e+00 +5.4341e-01 +2.3869e+00 +2.7483e+00 -7.2270e+00 +3.5436e-01 -7.7427e-01 +2.5784e+00 +6.2722e+00 -5.1667e+00 +3.0304e-01 -8.1771e-01 +1.4405e+00
4613 +7.684901895e+01 +7.684901895e+01 -7.283309810e+02 -7.283309810e+02 +3.2772e-01 -3.4391e+00 -1.0323e+00 +8.1760e-01 +2.1317e+00 -1.9268e+00 -3.7831e-01 -1.0175e+00 +1.7034e-03 +1.7071e+00 +2.1962e+00 -6.1348e+00 -1.2441e+00 +2.0902e+00 +1.6515e+00 +3.2831e+00 -2.2485e+00 +1.7805e-02 -1.7946e+00 -5.1581e-01
9426 +4.614807330e+01 +4.614807330e+01 -7.590319267e+02 -7.590319267e+02 +2.0205e+00 -4.1698e+00 -9.8707e-01 +1.8330e+00 +1.9291e+00 -1.5536e+00 -6.2995e-01 -1.2377e+00 +6.0698e-01 +2.2026e+00 +2.7301e+00 -4.8409e+00 -1.0217e+00 +1.2303e+00 +1.3378e+00 +1.3349e+00 -2.6254e+00 -6.1575e-01 -3.0817e+00 -6.8532e-01
11226 +3.423364234e+01 +3.423364234e+01 -7.709463577e+02 -7.709463577e+02 +1.9184e+00 -5.5573e+00 +4.4907e-03 +9.2070e-01 +1.9323e+00 -9.4081e-03 -6.7196e-01 -1.5666e+00 -9.3890e-01 +2.3920e+00 +2.0830e+00 -6.0345e+00 -5.2794e-01 +1.6421e+00 +2.5097e-01 +3.7326e+00 -1.8760e+00 -1.3885e+00 -3.5723e+00 -5.2482e-01
14410 +2.228840823e+01 +2.228840823e+01 -7.828915918e+02 -7.828915918e+02 +2.5277e+00 -5.3013e+00 -1.2344e+00 +2.1843e+00 +1.7491e+00 -1.1800e+00 -1.3436e+00 -4.9924e-01 -3.1761e-01 +2.5384e+00 +2.4300e+00 -3.4999e+00 +2.6619e-01 +2.6721e+00 +2.2204e+00 -5.6260e-02 -2.1958e+00 -1.2755e+00 -3.2134e+00 -9.5851e-01
15422 +1.572600624e+01 +1.572600624e+01 -7.894539938e+02 -7.894539938e+02 +2.0505e+00 -4.9845e+00 -2.6398e-01 +1.1945e+00 +2.1568e+00 -2.6308e-01 -8.1751e-01 -1.3353e+00 -8.0427e-01 +2.4237e+00 +1.4145e+00 -3.6762e+00 -3.5585e-01 +1.8653e+00 +6.7775e-01 +2.2444e+00 -2.5059e+00 -1.3897e+00 -3.4823e+00 -6.1880e-01
