% function evaluation | noise-free fitness - Fopt (-1.000000000000e+03) | best noise-free fitness - Fopt | measured fitness | best measured fitness | x1 | x2...
1 +3.801421919e+01 +3.801421919e+01 -9.619857808e+02 -9.619857808e+02 +2.8142e+00 +2.1959e+00 -1.1635e+00
15 +3.530288551e+00 +3.530288551e+00 -9.964697114e+02 -9.964697114e+02 -2.5024e+00 -2.5170e+00 +6.9100e-01
74 +2.014197757e+00 +2.014197757e+00 -9.979858022e+02 -9.979858022e+02 +4.0648e-01 +9.7380e-01 +2.3592e+00
119 +1.118512979e-01 +1.118512979e-01 -9.998881487e+02 -9.998881487e+02 +5.4584e-02 -4.7101e-01 +1.9752e+00
505 +2.716800029e-02 +2.716800029e-02 -9.999728320e+02 -9.999728320e+02 +2.6684e+00 +1.6328e+00 +3.2503e+00
510 +2.317203179e-02 +2.317203179e-02 -9.999768280e+02 -9.999768280e+02 +3.4279e-02 -4.7681e-02 +2.0650e+00
1240 +1.300734255e-02 +1.300734255e-02 -9.999869927e+02 -9.999869927e+02 +3.1975e-01 -1.2552e-02 +2.1482e+00
1599 +8.336646733e-03 +8.336646733e-03 -9.999916634e+02 -9.999916634e+02 +4.3832e-01 +7.5786e-02 +2.2333e+00
1642 +5.209768187e-03 +5.209768187e-03 -9.999947902e+02 -9.999947902e+02 +4.5955e-01 +7.3133e-02 +2.2240e+00
1730 +2.506460150e-03 +2.506460150e-03 -9.999974935e+02 -9.999974935e+02 +6.9543e-01 +2.2521e-01 +2.3205e+00
1770 +8.007462760e-04 +8.007462760e-04 -9.999991993e+02 -9.999991993e+02 +8.8014e-01 +3.4906e-01 +2.4055e+00
1810 +2.231633738e-04 +2.231633738e-04 -9.999997768e+02 -9.999997768e+02 +1.0264e+00 +4.4714e-01 +2.4729e+00
1850 +8.079004090e-05 +8.079004090e-05 -9.999999192e+02 -9.999999192e+02 +1.1423e+00 +5.2483e-01 +2.5263e+00
1890 +2.893441763e-05 +2.893441763e-05 -9.999999711e+02 -9.999999711e+02 +1.2340e+00 +5.8635e-01 +2.5685e+00
1930 +2.143747497e-05 +2.143747497e-05 -9.999999786e+02 -9.999999786e+02 +1.3067e+00 +6.3508e-01 +2.6020e+00
2450 +1.202585577e-05 +1.202585577e-05 -9.999999880e+02 -9.999999880e+02 +1.3604e+00 +6.8083e-01 +2.6218e+00
3209 +3.601782510e-06 +3.601782510e-06 -9.999999964e+02 -9.999999964e+02 +1.3074e+00 +7.2928e-01 +2.6291e+00
3267 +2.076278633e-07 +2.076278633e-07 -9.999999998e+02 -9.999999998e+02 +1.3127e+00 +6.8228e-01 +2.6136e+00
3818 +7.615881259e-08 +7.615881259e-08 -9.999999999e+02 -9.999999999e+02 +1.3017e+00 +6.8089e-01 +2.6127e+00
4378 +6.231425687e-08 +6.231425687e-08 -9.999999999e+02 -9.999999999e+02 +1.2996e+00 +6.8090e-01 +2.6114e+00
5736 +2.485455752e-08 +2.485455752e-08 -1.000000000e+03 -1.000000000e+03 +1.3185e+00 +6.9143e-01 +2.6194e+00
5808 +1.173975761e-08 +1.173975761e-08 -1.000000000e+03 -1.000000000e+03 +1.3179e+00 +6.9670e-01 +2.6214e+00
5896 +1.639705260e-09 +1.639705260e-09 -1.000000000e+03 -1.000000000e+03 +1.3341e+00 +7.1307e-01 +2.6298e+00
% function evaluation | noise-free fitness - Fopt (1.000000000000e+03) | best noise-free fitness - Fopt | measured fitness | best measured fitness | x1 | x2...
1 +5.677409033e+01 +5.677409033e+01 +1.056774090e+03 +1.056774090e+03 +4.5196e-01 +1.2053e+00 +2.3611e+00
2 +2.194119527e+01 +2.194119527e+01 +1.021941195e+03 +1.021941195e+03 +2.0295e+00 +1.6675e+00 -4.5067e+00
19 +1.140053729e+01 +1.140053729e+01 +1.011400537e+03 +1.011400537e+03 -3.3576e+00 -2.3690e+00 +1.9094e-01
24 +9.839506393e+00 +9.839506393e+00 +1.009839506e+03 +1.009839506e+03 -2.6224e+00 -3.7022e+00 +4.0092e+00
34 +3.590090391e+00 +3.590090391e+00 +1.003590090e+03 +1.003590090e+03 -2.0590e+00 -5.8715e-02 -2.2979e+00
84 +2.010360589e+00 +2.010360589e+00 +1.002010361e+03 +1.002010361e+03 -3.9184e+00 +2.5030e+00 -1.9981e+00
443 +8.305812443e-01 +8.305812443e-01 +1.000830581e+03 +1.000830581e+03 +3.8370e+00 +2.2882e+00 -3.3397e+00
4926 +5.019701456e-01 +5.019701456e-01 +1.000501970e+03 +1.000501970e+03 +9.3205e-01 -3.2479e+00 -2.5929e+00
5556 +1.623855152e-01 +1.623855152e-01 +1.000162386e+03 +1.000162386e+03 +0.0000e+00 -2.1237e+00 -2.4310e+00
5627 +6.844148157e-02 +6.844148157e-02 +1.000068441e+03 +1.000068441e+03 -2.9907e-02 -2.1122e+00 -2.1841e+00
5747 +2.763535508e-02 +2.763535508e-02 +1.000027635e+03 +1.000027635e+03 -3.2208e-01 -1.9001e+00 -2.3012e+00
5773 +1.508354138e-02 +1.508354138e-02 +1.000015084e+03 +1.000015084e+03 -1.1167e+00 -8.5190e-01 -2.1080e+00
6333 +2.561481589e-03 +2.561481589e-03 +1.000002561e+03 +1.000002561e+03 -1.2682e+00 -7.4849e-01 -2.0816e+00
7230 +1.137098296e-03 +1.137098296e-03 +1.000001137e+03 +1.000001137e+03 -1.2110e+00 -8.0167e-01 -2.0754e+00
7973 +9.481443680e-04 +9.481443680e-04 +1.000000948e+03 +1.000000948e+03 -1.2096e+00 -8.1370e-01 -2.0562e+00
7987 +5.672376801e-05 +5.672376801e-05 +1.000000057e+03 +1.000000057e+03 -7.4310e-01 -1.3880e+00 -2.0114e+00
8523 +2.626556920e-06 +2.626556920e-06 +1.000000003e+03 +1.000000003e+03 -6.8987e-01 -1.4254e+00 -2.0823e+00
8733 +8.896855661e-07 +8.896855661e-07 +1.000000001e+03 +1.000000001e+03 -7.5526e-01 -1.3521e+00 -2.0716e+00
9334 +4.281413339e-07 +4.281413339e-07 +1.000000000e+03 +1.000000000e+03 -7.6104e-01 -1.3524e+00 -2.0469e+00
10027 +9.856364613e-08 +9.856364613e-08 +1.000000000e+03 +1.000000000e+03 -7.4455e-01 -1.3648e+00 -2.0491e+00
10093 +1.918351700e-08 +1.918351700e-08 +1.000000000e+03 +1.000000000e+03 -7.4810e-01 -1.3636e+00 -2.0509e+00
10293 +1.192529453e-08 +1.192529453e-08 +1.000000000e+03 +1.000000000e+03 -7.4387e-01 -1.3686e+00 -2.0519e+00
10729 +2.691535883e-09 +2.691535883e-09 +1.000000000e+03 +1.000000000e+03 -7.3187e-01 -1.3817e+00 -2.0536e+00
% function evaluation | noise-free fitness - Fopt (-4.913000000000e+01) | best noise-free fitness - Fopt | measured fitness | best measured fitness | x1 | x2...
1 +6.864718720e+01 +6.864718720e+01 +1.951718720e+01 +1.951718720e+01 -5.3078e-01 +3.6082e-01 -4.1061e+00
4 +5.787465017e+01 +5.787465017e+01 +8.744650168e+00 +8.744650168e+00 +1.2789e+00 +8.4312e-01 -2.7635e+00
7 +2.629311303e+01 +2.629311303e+01 -2.283688697e+01 -2.283688697e+01 +4.3962e+00 -3.5632e+00 +1.0374e-01
11 +5.266864726e-02 +5.266864726e-02 -4.907733135e+01 -4.907733135e+01 +4.8554e+00 +4.2404e+00 +3.3923e+00
114 +1.708867565e-02 +1.708867565e-02 -4.911291132e+01 -4.911291132e+01 +4.4099e+00 +3.5610e+00 +3.4531e+00
218 +1.113390238e-03 +1.113390238e-03 -4.912888661e+01 -4.912888661e+01 +3.9646e+00 +2.9770e+00 +3.2768e+00
482 +2.261568975e-04 +2.261568975e-04 -4.912977384e+01 -4.912977384e+01 +4.0015e+00 +2.9956e+00 +3.3640e+00
712 +1.126962310e-04 +1.126962310e-04 -4.912988730e+01 -4.912988730e+01 +3.8945e+00 +2.8564e+00 +3.3083e+00
915 +5.761609498e-05 +5.761609498e-05 -4.912994238e+01 -4.912994238e+01 +3.9087e+00 +2.8548e+00 +3.2651e+00
937 +3.408604699e-05 +3.408604699e-05 -4.912996591e+01 -4.912996591e+01 +3.7736e+00 +2.6436e+00 +3.2808e+00
1249 +2.259456077e-05 +2.259456077e-05 -4.912997741e+01 -4.912997741e+01 +3.7751e+00 +2.6614e+00 +3.2717e+00
1329 +1.577862296e-05 +1.577862296e-05 -4.912998422e+01 -4.912998422e+01 +3.7781e+00 +2.6641e+00 +3.2747e+00
1552 +5.648149177e-06 +5.648149177e-06 -4.912999435e+01 -4.912999435e+01 +3.8148e+00 +2.7282e+00 +3.3097e+00
1785 +1.912463482e-06 +1.912463482e-06 -4.912999809e+01 -4.912999809e+01 +3.7466e+00 +2.6140e+00 +3.3460e+00
1937 +1.299093526e-07 +1.299093526e-07 -4.912999987e+01 -4.912999987e+01 +3.7955e+00 +2.6913e+00 +3.3302e+00
2483 +7.340950248e-08 +7.340950248e-08 -4.912999993e+01 -4.912999993e+01 +3.7984e+00 +2.6941e+00 +3.3242e+00
3084 +4.726180691e-08 +4.726180691e-08 -4.912999995e+01 -4.912999995e+01 +3.7797e+00 +2.6651e+00 +3.3233e+00
3486 +1.474067801e-08 +1.474067801e-08 -4.912999999e+01 -4.912999999e+01 +3.7882e+00 +2.6798e+00 +3.3217e+00
4404 +2.206519412e-09 +2.206519412e-09 -4.913000000e+01 -4.913000000e+01 +3.7762e+00 +2.6626e+00 +3.3212e+00
% function evaluation | noise-free fitness - Fopt (2.977300000000e+02) | best noise-free fitness - Fopt | measured fitness | best measured fitness | x1 | x2...
1 +6.095934888e+01 +6.095934888e+01 +3.586893489e+02 +3.586893489e+02 -4.3241e+00 -1.9446e-01 -3.5529e+00
5 +5.434695237e+00 +5.434695237e+00 +3.031646952e+02 +3.031646952e+02 +3.9421e+00 +1.5290e+00 -1.1640e+00
31 +1.948132659e+00 +1.948132659e+00 +2.996781327e+02 +2.996781327e+02 -5.0115e-01 +1.2473e+00 +2.5994e+00
226 +1.364008220e+00 +1.364008220e+00 +2.990940082e+02 +2.990940082e+02 -1.5215e+00 +4.9785e+00 +1.2701e+00
298 +9.146195974e-01 +9.146195974e-01 +2.986446196e+02 +2.986446196e+02 -1.7590e+00 +4.8599e+00 +1.4275e+00
467 +5.169803229e-01 +5.169803229e-01 +2.982469803e+02 +2.982469803e+02 -2.0998e+00 +9.4597e-01 +2.8982e+00
509 +2.060323731e-01 +2.060323731e-01 +2.979360324e+02 +2.979360324e+02 -2.5684e+00 +5.7066e-01 +3.7972e+00
1023 +5.841776333e-02 +5.841776333e-02 +2.977884178e+02 +2.977884178e+02 -1.9439e+00 +8.4103e-01 +3.2392e+00
1349 +1.356958081e-02 +1.356958081e-02 +2.977435696e+02 +2.977435696e+02 -2.4381e+00 +8.4457e-01 +3.3300e+00
2029 +7.578330587e-03 +7.578330587e-03 +2.977375783e+02 +2.977375783e+02 -2.7121e+00 +8.4527e-01 +3.3561e+00
2419 +4.376369666e-03 +4.376369666e-03 +2.977343764e+02 +2.977343764e+02 -2.8837e+00 +8.4100e-01 +3.4135e+00
2505 +3.716561611e-03 +3.716561611e-03 +2.977337166e+02 +2.977337166e+02 -2.9178e+00 +8.1595e-01 +3.4309e+00
2939 +1.694477028e-03 +1.694477028e-03 +2.977316945e+02 +2.977316945e+02 -3.0196e+00 +7.4749e-01 +3.6071e+00
2967 +3.456551319e-04 +3.456551319e-04 +2.977303457e+02 +2.977303457e+02 -3.5072e+00 +6.9859e-01 +3.7744e+00
3019 +1.610684609e-05 +1.610684609e-05 +2.977300161e+02 +2.977300161e+02 -3.6798e+00 +6.8505e-01 +3.8020e+00
3229 +1.373389125e-06 +1.373389125e-06 +2.977300014e+02 +2.977300014e+02 -3.7182e+00 +6.5812e-01 +3.8363e+00
3571 +1.359383646e-07 +1.359383646e-07 +2.977300001e+02 +2.977300001e+02 -3.7278e+00 +6.6386e-01 +3.8328e+00
3971 +5.554102245e-08 +5.554102245e-08 +2.977300001e+02 +2.977300001e+02 -3.7395e+00 +6.6267e-01 +3.8323e+00
4467 +1.149902573e-08 +1.149902573e-08 +2.977300000e+02 +2.977300000e+02 -3.7544e+00 +6.6712e-01 +3.8298e+00
5015 +9.838913684e-09 +9.838913684e-09 +2.977300000e+02 +2.977300000e+02 -3.7840e+00 +6.6421e-01 +3.8372e+00
% function evaluation | noise-free fitness - Fopt (5.157000000000e+01) | best noise-free fitness - Fopt | measured fitness | best measured fitness | x1 | x2...
1 +6.591062915e+01 +6.591062915e+01 +1.174806291e+02 +1.174806291e+02 -3.0170e+00 -4.5298e-02 +2.1274e+00
2 +3.551196951e+01 +3.551196951e+01 +8.708196951e+01 +8.708196951e+01 -7.2723e-01 -4.4224e+00 +9.6919e-01
11 +2.473239133e+00 +2.473239133e+00 +5.404323913e+01 +5.404323913e+01 +1.5593e+00 -2.7742e+00 +3.9250e+00
78 +7.542448041e-01 +7.542448041e-01 +5.232424480e+01 +5.232424480e+01 +3.1932e+00 +8.9128e-01 -5.9370e-01
316 +4.518529704e-01 +4.518529704e-01 +5.202185297e+01 +5.202185297e+01 +4.4299e+00 +6.7717e-01 +8.4687e-02
504 +3.742305655e-01 +3.742305655e-01 +5.194423057e+01 +5.194423057e+01 +4.4049e+00 +6.5999e-01 +4.8727e-02
879 +7.977149212e-02 +7.977149212e-02 +5.164977149e+01 +5.164977149e+01 +2.4316e+00 +1.1852e+00 -1.6803e+00
1129 +3.114650724e-02 +3.114650724e-02 +5.160114651e+01 +5.160114651e+01 +1.5917e+00 +1.5208e+00 -3.0468e+00
1227 +3.679842480e-03 +3.679842480e-03 +5.157367984e+01 +5.157367984e+01 +1.8071e+00 +1.3333e+00 -2.3475e+00
1480 +5.449953541e-06 +5.449953541e-06 +5.157000545e+01 +5.157000545e+01 +2.1246e+00 +1.2785e+00 -2.1857e+00
2440 +1.550146678e-06 +1.550146678e-06 +5.157000155e+01 +5.157000155e+01 +2.1236e+00 +1.2728e+00 -2.1740e+00
2608 +2.360335998e-07 +2.360335998e-07 +5.157000024e+01 +5.157000024e+01 +2.1070e+00 +1.2713e+00 -2.1787e+00
2808 +5.273448522e-08 +5.273448522e-08 +5.157000005e+01 +5.157000005e+01 +2.1067e+00 +1.2734e+00 -2.1947e+00
3477 +2.291605483e-08 +2.291605483e-08 +5.157000002e+01 +5.157000002e+01 +2.1041e+00 +1.2707e+00 -2.1886e+00
3528 +1.239256875e-08 +1.239256875e-08 +5.157000001e+01 +5.157000001e+01 +2.1046e+00 +1.2730e+00 -2.1921e+00
3848 +9.859846273e-09 +9.859846273e-09 +5.157000001e+01 +5.157000001e+01 +2.1045e+00 +1.2719e+00 -2.1886e+00
% function evaluation | noise-free fitness - Fopt (3.943000000000e+01) | best noise-free fitness - Fopt | measured fitness | best measured fitness | x1 | x2...
1 +6.472056641e+01 +6.472056641e+01 +1.041505664e+02 +1.041505664e+02 -2.6044e+00 -4.2480e+00 +1.7253e+00
3 +6.221013201e+01 +6.221013201e+01 +1.016401320e+02 +1.016401320e+02 +1.3956e+00 -4.7453e+00 -1.6260e+00
11 +3.353985076e+01 +3.353985076e+01 +7.296985076e+01 +7.296985076e+01 +3.8433e+00 +4.9230e+00 +1.3190e+00
12 +1.811756700e+01 +1.811756700e+01 +5.754756700e+01 +5.754756700e+01 -2.3520e-01 -1.4211e+00 +7.3484e-01
52 +6.947728714e+00 +6.947728714e+00 +4.637772871e+01 +4.637772871e+01 -1.3764e-01 +3.2987e-01 +1.1193e+00
92 +5.542566230e+00 +5.542566230e+00 +4.497256623e+01 +4.497256623e+01 -9.6389e-01 +1.6969e+00 +3.9263e+00
168 +2.594960156e+00 +2.594960156e+00 +4.202496016e+01 +4.202496016e+01 -3.2024e+00 +2.8388e+00 +2.0229e+00
187 +5.868392309e-01 +5.868392309e-01 +4.001683923e+01 +4.001683923e+01 -1.1333e+00 -3.9843e-01 +3.6382e+00
435 +1.735500852e-01 +1.735500852e-01 +3.960355009e+01 +3.960355009e+01 -1.1744e+00 +0.0000e+00 +3.6531e+00
578 +1.436263282e-01 +1.436263282e-01 +3.957362633e+01 +3.957362633e+01 -1.7202e+00 -1.7759e-01 +3.6775e+00
1012 +7.743384340e-02 +7.743384340e-02 +3.950743384e+01 +3.950743384e+01 -1.7929e+00 -1.1017e+00 +3.5477e+00
1252 +4.066400857e-02 +4.066400857e-02 +3.947066401e+01 +3.947066401e+01 -1.7984e+00 -6.4384e-01 +3.6267e+00
1265 +1.856353948e-02 +1.856353948e-02 +3.944856354e+01 +3.944856354e+01 -2.1584e+00 -1.3946e+00 +3.5560e+00
1414 +4.626275797e-03 +4.626275797e-03 +3.943462628e+01 +3.943462628e+01 -2.3231e+00 -1.2311e+00 +3.6059e+00
1531 +1.694662142e-03 +1.694662142e-03 +3.943169466e+01 +3.943169466e+01 -3.0645e+00 -1.9300e+00 +3.5771e+00
1573 +8.223936598e-04 +8.223936598e-04 +3.943082239e+01 +3.943082239e+01 -2.8465e+00 -2.0519e+00 +3.5462e+00
1611 +2.871327760e-04 +2.871327760e-04 +3.943028713e+01 +3.943028713e+01 -2.9311e+00 -1.8496e+00 +3.5866e+00
1633 +2.402822627e-04 +2.402822627e-04 +3.943024028e+01 +3.943024028e+01 -3.2566e+00 -2.4364e+00 +3.5260e+00
1846 +2.361543051e-05 +2.361543051e-05 +3.943002362e+01 +3.943002362e+01 -3.2045e+00 -2.2526e+00 +3.5566e+00
2265 +3.500532280e-06 +3.500532280e-06 +3.943000350e+01 +3.943000350e+01 -2.9453e+00 -2.0430e+00 +3.5531e+00
2589 +5.886070653e-08 +5.886070653e-08 +3.943000006e+01 +3.943000006e+01 -3.0082e+00 -2.0821e+00 +3.5539e+00
2844 +2.939152921e-09 +2.939152921e-09 +3.943000000e+01 +3.943000000e+01 -3.0282e+00 -2.0942e+00 +3.5557e+00
% function evaluation | noise-free fitness - Fopt (1.322900000000e+02) | best noise-free fitness - Fopt | measured fitness | best measured fitness | x1 | x2...
1 +5.580480940e+01 +5.580480940e+01 +1.880948094e+02 +1.880948094e+02 -4.6981e+00 -5.8820e-01 -3.7593e-01
5 +1.396971418e+01 +1.396971418e+01 +1.462597142e+02 +1.462597142e+02 -3.0584e+00 +2.3321e+00 -7.5903e-01
11 +9.136223463e+00 +9.136223463e+00 +1.414262235e+02 +1.414262235e+02 -2.1055e+00 -3.5583e+00 +3.0719e-01
73 +2.180359779e+00 +2.180359779e+00 +1.344703598e+02 +1.344703598e+02 -3.2433e+00 -1.4387e+00 -9.1327e-01
328 +5.280613092e-01 +5.280613092e-01 +1.328180613e+02 +1.328180613e+02 -1.5454e+00 +2.1364e+00 -2.1281e+00
362 +1.744366132e-02 +1.744366132e-02 +1.323074437e+02 +1.323074437e+02 -2.2614e+00 -1.0260e+00 -1.3553e+00
614 +4.109323616e-03 +4.109323616e-03 +1.322941093e+02 +1.322941093e+02 -2.3820e+00 -6.4726e-01 -1.4379e+00
648 +3.713842656e-03 +3.713842656e-03 +1.322937138e+02 +1.322937138e+02 -2.2455e+00 +5.0965e-01 -1.6752e+00
854 +5.764156813e-04 +5.764156813e-04 +1.322905764e+02 +1.322905764e+02 -2.2517e+00 -3.0304e-01 -1.5452e+00
894 +2.857205004e-04 +2.857205004e-04 +1.322902857e+02 +1.322902857e+02 -2.1460e+00 +3.9293e-01 -1.6789e+00
901 +7.648172860e-05 +7.648172860e-05 +1.322900765e+02 +1.322900765e+02 -2.2293e+00 -1.2237e-02 -1.5844e+00
2023 +4.803654662e-06 +4.803654662e-06 +1.322900048e+02 +1.322900048e+02 -2.1763e+00 -1.0523e-01 -1.5817e+00
2103 +2.635336728e-06 +2.635336728e-06 +1.322900026e+02 +1.322900026e+02 -2.1858e+00 -2.5952e-02 -1.5951e+00
2346 +8.230295521e-07 +8.230295521e-07 +1.322900008e+02 +1.322900008e+02 -2.1778e+00 -4.5047e-02 -1.5951e+00
2423 +5.687983560e-07 +5.687983560e-07 +1.322900006e+02 +1.322900006e+02 -2.1793e+00 -3.9043e-02 -1.5970e+00
2943 +2.876512895e-07 +2.876512895e-07 +1.322900003e+02 +1.322900003e+02 -2.1771e+00 -5.0327e-02 -1.5960e+00
3063 +1.261164186e-07 +1.261164186e-07 +1.322900001e+02 +1.322900001e+02 -2.1764e+00 -5.9696e-02 -1.5958e+00
3313 +1.204554678e-08 +1.204554678e-08 +1.322900000e+02 +1.322900000e+02 -2.1757e+00 -8.6097e-02 -1.5919e+00
3804 +3.829484285e-09 +3.829484285e-09 +1.322900000e+02 +1.322900000e+02 -2.1790e+00 -1.0434e-01 -1.5879e+00
% function evaluation | noise-free fitness - Fopt (-4.871000000000e+01) | best noise-free fitness - Fopt | measured fitness | best measured fitness | x1 | x2...
1 +6.540007691e+01 +6.540007691e+01 +1.669007691e+01 +1.669007691e+01 +2.6949e-01 -2.8708e+00 +4.6891e+00
4 +6.104673737e+01 +6.104673737e+01 +1.233673737e+01 +1.233673737e+01 +3.7056e+00 +1.9471e+00 -4.2019e+00
8 +2.921780437e+01 +2.921780437e+01 -1.949219563e+01 -1.949219563e+01 -6.6443e-02 +3.2944e+00 +1.9918e+00
14 +1.288584386e+01 +1.288584386e+01 -3.582415614e+01 -3.582415614e+01 +4.8047e+00 -8.5669e-01 -2.3798e-01
77 +9.942413077e+00 +9.942413077e+00 -3.876758692e+01 -3.876758692e+01 -5.7235e-01 -3.9946e-01 -5.0000e+00
164 +4.654859463e+00 +4.654859463e+00 -4.405514054e+01 -4.405514054e+01 -1.0134e+00 -6.6851e-01 -4.4592e+00
187 +1.971208088e+00 +1.971208088e+00 -4.673879191e+01 -4.673879191e+01 -9.9419e-01 -1.4688e+00 -3.7995e+00
299 +9.888387842e-01 +9.888387842e-01 -4.772116122e+01 -4.772116122e+01 -4.6593e-01 -1.2003e+00 -4.1342e+00
% function evaluation | noise-free fitness - Fopt (-2.833000000000e+01) | best noise-free fitness - Fopt | measured fitness | best measured fitness | x1 | x2...
1 +5.982995355e+01 +5.982995355e+01 +3.149995355e+01 +3.149995355e+01 -3.2648e+00 +2.1926e+00 -7.3896e-01
4 +2.863519512e+01 +2.863519512e+01 +3.051951160e-01 +3.051951160e-01 -2.8213e+00 +3.9795e+00 +3.6890e+00
10 +8.805471587e+00 +8.805471587e+00 -1.952452841e+01 -1.952452841e+01 +1.1700e+00 -4.9606e+00 +2.6297e+00
53 +1.924997629e+00 +1.924997629e+00 -2.640500237e+01 -2.640500237e+01 +1.4928e-01 -6.7061e-01 +1.1821e+00
175 +4.827195007e-01 +4.827195007e-01 -2.784728050e+01 -2.784728050e+01 +2.2265e-01 -6.6337e-02 +1.4341e+00
331 +7.951770655e-02 +7.951770655e-02 -2.825048229e+01 -2.825048229e+01 +8.5309e-01 +4.0554e-02 +1.8891e+00
627 +4.242626529e-02 +4.242626529e-02 -2.828757373e+01 -2.828757373e+01 +1.0475e+00 +4.4013e-02 +1.9443e+00
873 +3.481421815e-02 +3.481421815e-02 -2.829518578e+01 -2.829518578e+01 +1.0212e+00 +1.4202e-01 +1.9280e+00
931 +2.262522835e-02 +2.262522835e-02 -2.830737477e+01 -2.830737477e+01 +1.0324e+00 +2.5346e-01 +1.9567e+00
980 +1.442190778e-02 +1.442190778e-02 -2.831557809e+01 -2.831557809e+01 +1.2576e+00 +4.9762e-01 +2.1752e+00
1146 +7.394402865e-03 +7.394402865e-03 -2.832260560e+01 -2.832260560e+01 +1.3838e+00 +5.0113e-01 +2.2139e+00
1353 +5.071101570e-03 +5.071101570e-03 -2.832492890e+01 -2.832492890e+01 +1.2621e+00 +5.7939e-01 +2.1584e+00
1474 +2.772570597e-03 +2.772570597e-03 -2.832722743e+01 -2.832722743e+01 +1.4817e+00 +8.3599e-01 +2.3107e+00
1551 +1.051255848e-03 +1.051255848e-03 -2.832894874e+01 -2.832894874e+01 +1.5050e+00 +8.7069e-01 +2.3444e+00
2151 +9.366188346e-04 +9.366188346e-04 -2.832906338e+01 -2.832906338e+01 +1.5308e+00 +9.0182e-01 +2.3627e+00
2612 +6.266860622e-04 +6.266860622e-04 -2.832937331e+01 -2.832937331e+01 +1.5943e+00 +9.2258e-01 +2.4081e+00
2711 +3.456773591e-04 +3.456773591e-04 -2.832965432e+01 -2.832965432e+01 +1.6618e+00 +9.3556e-01 +2.4381e+00
2754 +1.712907726e-04 +1.712907726e-04 -2.832982871e+01 -2.832982871e+01 +1.7366e+00 +1.0145e+00 +2.4930e+00
2839 +1.564095867e-04 +1.564095867e-04 -2.832984359e+01 -2.832984359e+01 +1.7325e+00 +1.0647e+00 +2.5124e+00
2994 +9.170233318e-05 +9.170233318e-05 -2.832990830e+01 -2.832990830e+01 +1.7710e+00 +1.0852e+00 +2.5218e+00
3314 +2.233472319e-05 +2.233472319e-05 -2.832997767e+01 -2.832997767e+01 +1.8276e+00 +1.1440e+00 +2.5693e+00
3994 +1.241842868e-05 +1.241842868e-05 -2.832998758e+01 -2.832998758e+01 +1.8361e+00 +1.1840e+00 +2.5814e+00
4034 +8.282317886e-06 +8.282317886e-06 -2.832999172e+01 -2.832999172e+01 +1.8474e+00 +1.1895e+00 +2.5872e+00
5028 +6.303418154e-06 +6.303418154e-06 -2.832999370e+01 -2.832999370e+01 +1.8652e+00 +1.2084e+00 +2.6027e+00
5769 +2.211165164e-06 +2.211165164e-06 -2.832999779e+01 -2.832999779e+01 +1.8910e+00 +1.2443e+00 +2.6217e+00
5954 +8.124640907e-07 +8.124640907e-07 -2.832999919e+01 -2.832999919e+01 +1.9399e+00 +1.2653e+00 +2.6554e+00
6289 +5.834127776e-07 +5.834127776e-07 -2.832999942e+01 -2.832999942e+01 +1.9285e+00 +1.2592e+00 +2.6444e+00
7153 +1.848339011e-07 +1.848339011e-07 -2.832999982e+01 -2.832999982e+01 +1.9586e+00 +1.2859e+00 +2.6671e+00
7769 +1.157330267e-07 +1.157330267e-07 -2.832999988e+01 -2.832999988e+01 +1.9540e+00 +1.2869e+00 +2.6643e+00
7837 +4.020617794e-08 +4.020617794e-08 -2.832999996e+01 -2.832999996e+01 +1.9572e+00 +1.3016e+00 +2.6685e+00
9062 +1.094223379e-08 +1.094223379e-08 -2.832999999e+01 -2.832999999e+01 +1.9704e+00 +1.3129e+00 +2.6788e+00
9422 +9.049301752e-09 +9.049301752e-09 -2.832999999e+01 -2.832999999e+01 +1.9723e+00 +1.3223e+00 +2.6801e+00
% function evaluation | noise-free fitness - Fopt (-1.516100000000e+02) | best noise-free fitness - Fopt | measured fitness | best measured fitness | x1 | x2...
1 +7.666367587e+01 +7.666367587e+01 -7.494632413e+01 -7.494632413e+01 +1.3755e+00 -7.5142e-01 +1.1216e+00
2 +1.813069120e+01 +1.813069120e+01 -1.334793088e+02 -1.334793088e+02 -2.5204e+00 +2.3772e+00 -3.7407e+00
13 +6.792685904e+00 +6.792685904e+00 -1.448173141e+02 -1.448173141e+02 -1.9353e+00 +1.3871e+00 +4.9017e+00
56 +5.873484822e+00 +5.873484822e+00 -1.457365152e+02 -1.457365152e+02 -6.4232e-01 +3.3586e+00 +5.0000e+00
59 +1.078683566e+00 +1.078683566e+00 -1.505313164e+02 -1.505313164e+02 -1.4177e+00 +2.6638e+00 +5.0000e+00
121 +7.820826125e-01 +7.820826125e-01 -1.508279174e+02 -1.508279174e+02 -4.4670e+00 +1.4780e+00 +2.9113e+00
162 +1.434161484e-01 +1.434161484e-01 -1.514665839e+02 -1.514665839e+02 -1.4190e+00 +1.4800e+00 +4.0853e+00
274 +2.347167207e-02 +2.347167207e-02 -1.515865283e+02 -1.515865283e+02 -2.2594e+00 +1.4733e+00 +4.2487e+00
630 +4.570204932e-03 +4.570204932e-03 -1.516054298e+02 -1.516054298e+02 -2.2936e+00 +1.5038e+00 +4.1478e+00
977 +3.955904393e-03 +3.955904393e-03 -1.516060441e+02 -1.516060441e+02 -2.3377e+00 +1.5008e+00 +4.1221e+00
1142 +2.708580467e-05 +2.708580467e-05 -1.516099729e+02 -1.516099729e+02 -3.2187e+00 +1.4794e+00 +3.8518e+00
1281 +2.041855086e-05 +2.041855086e-05 -1.516099796e+02 -1.516099796e+02 -3.2650e+00 +1.4898e+00 +3.9079e+00
1510 +2.193170275e-06 +2.193170275e-06 -1.516099978e+02 -1.516099978e+02 -3.3265e+00 +1.4843e+00 +3.8606e+00
1537 +8.254175157e-07 +8.254175157e-07 -1.516099992e+02 -1.516099992e+02 -3.2927e+00 +1.4870e+00 +3.8595e+00
1542 +5.796675850e-08 +5.796675850e-08 -1.516099999e+02 -1.516099999e+02 -3.4727e+00 +1.4862e+00 +3.8041e+00
2310 +3.653545377e-08 +3.653545377e-08 -1.516100000e+02 -1.516100000e+02 -3.4671e+00 +1.4866e+00 +3.8095e+00
2390 +2.173339908e-08 +2.173339908e-08 -1.516100000e+02 -1.516100000e+02 -3.4638e+00 +1.4866e+00 +3.8146e+00
2430 +1.224265134e-08 +1.224265134e-08 -1.516100000e+02 -1.516100000e+02 -3.4569e+00 +1.4866e+00 +3.8123e+00
2550 +9.273378510e-09 +9.273378510e-09 -1.516100000e+02 -1.516100000e+02 -3.4491e+00 +1.4866e+00 +3.8139e+00
% function evaluation | noise-free fitness - Fopt (-1.069900000000e+02) | best noise-free fitness - Fopt | measured fitness | best measured fitness | x1 | x2...
1 +4.879486133e+01 +4.879486133e+01 -5.819513867e+01 -5.819513867e+01 +4.1385e+00 +2.3087e+00 -3.6883e+00
5 +7.445985867e+00 +7.445985867e+00 -9.954401413e+01 -9.954401413e+01 -1.8590e+00 +1.1320e+00 -1.3182e+00
96 +4.270196825e+00 +4.270196825e+00 -1.027198032e+02 -1.027198032e+02 -3.4255e+00 +3.2200e+00 -1.2134e+00
135 +2.045084795e+00 +2.045084795e+00 -1.049449152e+02 -1.049449152e+02 -2.9072e+00 +2.3401e+00 -2.0008e+00
306 +1.405290456e+00 +1.405290456e+00 -1.055847095e+02 -1.055847095e+02 -3.4078e+00 +2.6272e+00 -1.3926e+00
407 +8.454286128e-01 +8.454286128e-01 -1.061445714e+02 -1.061445714e+02 -3.7860e+00 +2.9206e+00 -8.6050e-01
% function evaluation | noise-free fitness - Fopt (1.000300000000e+02) | best noise-free fitness - Fopt | measured fitness | best measured fitness | x1 | x2...
1 +7.063070120e+01 +7.063070120e+01 +1.706607012e+02 +1.706607012e+02 -2.4618e+00 +3.6004e+00 +4.4636e+00
2 +5.861141804e+01 +5.861141804e+01 +1.586414180e+02 +1.586414180e+02 +3.4420e+00 -9.3331e-01 -1.7469e+00
3 +3.366494925e+01 +3.366494925e+01 +1.336949493e+02 +1.336949493e+02 +2.3423e-01 +1.5910e+00 +2.3234e+00
9 +2.068653315e+01 +2.068653315e+01 +1.207165332e+02 +1.207165332e+02 -4.6998e+00 +2.1948e+00 +4.2512e+00
11 +1.446969226e+01 +1.446969226e+01 +1.144996923e+02 +1.144996923e+02 -4.4747e+00 +1.8210e-01 +2.2132e+00
46 +6.930833198e+00 +6.930833198e+00 +1.069608332e+02 +1.069608332e+02 -4.1804e+00 -2.1993e+00 +1.9102e+00
72 +3.529974147e+00 +3.529974147e+00 +1.035599741e+02 +1.035599741e+02 -2.4215e+00 -1.9460e+00 -4.4831e-03
95 +1.981558855e+00 +1.981558855e+00 +1.020115589e+02 +1.020115589e+02 -1.0328e+00 -1.3096e+00 +4.8820e-01
188 +3.042750044e-01 +3.042750044e-01 +1.003342750e+02 +1.003342750e+02 -2.0604e+00 -1.3305e+00 +5.9534e-01
386 +3.972076725e-02 +3.972076725e-02 +1.000697208e+02 +1.000697208e+02 -1.2345e+00 -1.3835e+00 +2.7871e-01
507 +3.425745050e-03 +3.425745050e-03 +1.000334257e+02 +1.000334257e+02 -1.8145e+00 -1.4809e+00 +3.5931e-01
1434 +5.950400130e-04 +5.950400130e-04 +1.000305950e+02 +1.000305950e+02 -1.6733e+00 -1.4440e+00 +3.6273e-01
1461 +9.890690933e-07 +9.890690933e-07 +1.000300010e+02 +1.000300010e+02 -1.4104e+00 -1.6358e+00 +1.7214e-01
2271 +1.471220088e-07 +1.471220088e-07 +1.000300001e+02 +1.000300001e+02 -1.4487e+00 -1.5908e+00 +2.0180e-01
2642 +4.436344625e-10 +4.436344625e-10 +1.000300000e+02 +1.000300000e+02 -1.4504e+00 -1.5975e+00 +2.0064e-01
% function evaluation | noise-free fitness - Fopt (-2.788900000000e+02) | best noise-free fitness - Fopt | measured fitness | best measured fitness | x1 | x2...
1 +6.766993447e+01 +6.766993447e+01 -2.112200655e+02 -2.112200655e+02 +3.0674e+00 +4.8880e+00 -1.4759e+00
3 +3.586549914e+01 +3.586549914e+01 -2.430245009e+02 -2.430245009e+02 +1.9076e+00 +3.2905e+00 -8.0300e-01
8 +8.673686719e+00 +8.673686719e+00 -2.702163133e+02 -2.702163133e+02 +2.1922e+00 -3.1296e+00 +4.7487e+00
98 +1.939735439e+00 +1.939735439e+00 -2.769502646e+02 -2.769502646e+02 +1.7929e-01 -5.0000e+00 +1.0381e+00
286 +1.404486656e+00 +1.404486656e+00 -2.774855133e+02 -2.774855133e+02 -8.4812e-01 -4.5356e+00 +7.3537e-01
338 +2.686901758e-01 +2.686901758e-01 -2.786213098e+02 -2.786213098e+02 -1.2103e+00 -4.5199e+00 +7.0179e-01
376 +1.508305245e-01 +1.508305245e-01 -2.787391695e+02 -2.787391695e+02 -1.8685e+00 -4.0542e+00 +1.2608e-01
416 +5.702051052e-02 +5.702051052e-02 -2.788329795e+02 -2.788329795e+02 -2.6918e+00 -3.8283e+00 +2.1489e-01
588 +1.393206145e-02 +1.393206145e-02 -2.788760679e+02 -2.788760679e+02 -4.8671e+00 -2.9617e+00 -4.6853e-01
680 +3.079026592e-03 +3.079026592e-03 -2.788869210e+02 -2.788869210e+02 -4.0180e+00 -3.3789e+00 -1.4783e-01
1040 +1.254314424e-03 +1.254314424e-03 -2.788887457e+02 -2.788887457e+02 -4.0022e+00 -3.3746e+00 -1.5612e-01
1160 +5.498981517e-05 +5.498981517e-05 -2.788899450e+02 -2.788899450e+02 -3.9507e+00 -3.3805e+00 -1.3479e-01
1571 +1.009168494e-05 +1.009168494e-05 -2.788899899e+02 -2.788899899e+02 -3.9840e+00 -3.3660e+00 -1.3321e-01
2068 +5.636323067e-06 +5.636323067e-06 -2.788899944e+02 -2.788899944e+02 -4.0602e+00 -3.3453e+00 -1.1311e-01
2131 +1.763422972e-06 +1.763422972e-06 -2.788899982e+02 -2.788899982e+02 -3.9745e+00 -3.3704e+00 -1.2058e-01
2188 +1.365924561e-06 +1.365924561e-06 -2.788899986e+02 -2.788899986e+02 -3.9449e+00 -3.3808e+00 -1.1355e-01
2748 +6.100958672e-07 +6.100958672e-07 -2.788899994e+02 -2.788899994e+02 -3.9923e+00 -3.3692e+00 -1.0646e-01
2997 +3.929050649e-07 +3.929050649e-07 -2.788899996e+02 -2.788899996e+02 -3.9676e+00 -3.3786e+00 -9.9070e-02
3388 +2.285545406e-07 +2.285545406e-07 -2.788899998e+02 -2.788899998e+02 -3.9726e+00 -3.3787e+00 -9.9481e-02
4108 +1.556797997e-07 +1.556797997e-07 -2.788899998e+02 -2.788899998e+02 -3.9643e+00 -3.3829e+00 -9.6240e-02
4202 +7.908602129e-08 +7.908602129e-08 -2.788899999e+02 -2.788899999e+02 -3.9423e+00 -3.3901e+00 -9.1112e-02
4251 +5.826467486e-08 +5.826467486e-08 -2.788899999e+02 -2.788899999e+02 -3.9464e+00 -3.3886e+00 -9.3586e-02
4259 +3.109505542e-09 +3.109505542e-09 -2.788900000e+02 -2.788900000e+02 -3.9138e+00 -3.4018e+00 -8.5818e-02
% function evaluation | noise-free fitness - Fopt (5.142200000000e+02) | best noise-free fitness - Fopt | measured fitness | best measured fitness | x1 | x2...
1 +5.892860042e+01 +5.892860042e+01 +5.731486004e+02 +5.731486004e+02 +1.5405e+00 -4.2951e+00 -9.9326e-01
13 +7.623862015e+00 +7.623862015e+00 +5.218438620e+02 +5.218438620e+02 -2.2075e+00 -4.3516e+00 -1.2312e+00
23 +1.547749484e+00 +1.547749484e+00 +5.157677495e+02 +5.157677495e+02 -1.6947e+00 +7.0466e-01 +8.2330e-01
133 +1.608481249e-01 +1.608481249e-01 +5.143808481e+02 +5.143808481e+02 -2.7037e-01 -3.2449e+00 -1.6436e+00
162 +5.281710411e-02 +5.281710411e-02 +5.142728171e+02 +5.142728171e+02 +1.0397e+00 -1.8225e+00 -2.8513e+00
835 +3.864000436e-02 +3.864000436e-02 +5.142586400e+02 +5.142586400e+02 +1.0963e+00 -2.3413e+00 -2.1463e+00
958 +2.201540305e-02 +2.201540305e-02 +5.142420154e+02 +5.142420154e+02 +9.4018e-01 -2.1335e+00 -2.5768e+00
1207 +1.531717840e-02 +1.531717840e-02 +5.142353172e+02 +5.142353172e+02 +9.6117e-01 -2.1164e+00 -2.4126e+00
1430 +9.156319678e-04 +9.156319678e-04 +5.142209156e+02 +5.142209156e+02 +1.1156e+00 -1.9572e+00 -2.6516e+00
1732 +5.101857225e-04 +5.101857225e-04 +5.142205102e+02 +5.142205102e+02 +1.3320e+00 -1.9194e+00 -2.6130e+00
1972 +2.873041572e-04 +2.873041572e-04 +5.142202873e+02 +5.142202873e+02 +1.3324e+00 -1.9188e+00 -2.5939e+00
2110 +1.295493914e-04 +1.295493914e-04 +5.142201295e+02 +5.142201295e+02 +1.2766e+00 -1.9288e+00 -2.6102e+00
3221 +1.546733768e-05 +1.546733768e-05 +5.142200155e+02 +5.142200155e+02 +9.7918e-01 -2.1433e+00 -2.4397e+00
3340 +3.013497462e-06 +3.013497462e-06 +5.142200030e+02 +5.142200030e+02 +8.9830e-01 -2.2046e+00 -2.4028e+00
3927 +1.194017273e-06 +1.194017273e-06 +5.142200012e+02 +5.142200012e+02 +1.0054e+00 -2.1574e+00 -2.4250e+00
4207 +1.477030764e-08 +1.477030764e-08 +5.142200000e+02 +5.142200000e+02 +9.8625e-01 -2.1597e+00 -2.4265e+00
7167 +9.912355381e-09 +9.912355381e-09 +5.142200000e+02 +5.142200000e+02 +9.7781e-01 -2.1633e+00 -2.4256e+00
% function evaluation | noise-free fitness - Fopt (6.098800000000e+02) | best noise-free fitness - Fopt | measured fitness | best measured fitness | x1 | x2...
1 +7.272046989e+01 +7.272046989e+01 +6.826004699e+02 +6.826004699e+02 +4.1193e+00 -3.8445e+00 +4.4379e+00
4 +2.433335224e+00 +2.433335224e+00 +6.123133352e+02 +6.123133352e+02 +4.6443e-01 -3.2771e+00 +3.3847e+00
113 +5.518521904e-01 +5.518521904e-01 +6.104318522e+02 +6.104318522e+02 -1.1886e+00 -4.1850e+00 +5.0000e+00
271 +3.729863216e-01 +3.729863216e-01 +6.102529863e+02 +6.102529863e+02 +1.8950e+00 -3.2052e+00 +1.5609e+00
284 +1.565396658e-01 +1.565396658e-01 +6.100365397e+02 +6.100365397e+02 +1.0142e+00 -3.6702e+00 +2.4331e+00
451 +3.598606556e-02 +3.598606556e-02 +6.099159861e+02 +6.099159861e+02 -7.5387e-02 -4.0303e+00 +3.4331e+00
601 +3.204255894e-03 +3.204255894e-03 +6.098832043e+02 +6.098832043e+02 +5.2348e-01 -3.8921e+00 +2.6816e+00
624 +1.496646547e-03 +1.496646547e-03 +6.098814966e+02 +6.098814966e+02 +8.0401e-02 -3.8903e+00 +3.3188e+00
1685 +9.672953626e-04 +9.672953626e-04 +6.098809673e+02 +6.098809673e+02 +1.4619e-01 -3.9373e+00 +3.1384e+00
2237 +6.753596278e-05 +6.753596278e-05 +6.098800675e+02 +6.098800675e+02 +3.5898e-01 -3.8571e+00 +2.9307e+00
2637 +5.930209500e-05 +5.930209500e-05 +6.098800593e+02 +6.098800593e+02 +3.6450e-01 -3.8494e+00 +2.9365e+00
2927 +3.069756826e-05 +3.069756826e-05 +6.098800307e+02 +6.098800307e+02 +4.1674e-01 -3.8324e+00 +2.8914e+00
3033 +2.001986581e-05 +2.001986581e-05 +6.098800200e+02 +6.098800200e+02 +4.4346e-01 -3.8358e+00 +2.8257e+00
3233 +8.033895824e-06 +8.033895824e-06 +6.098800080e+02 +6.098800080e+02 +5.4653e-01 -3.8346e+00 +2.6782e+00
3388 +6.555741265e-07 +6.555741265e-07 +6.098800007e+02 +6.098800007e+02 +6.2803e-01 -3.8034e+00 +2.6004e+00
4119 +1.984608389e-08 +1.984608389e-08 +6.098800000e+02 +6.098800000e+02 +5.7548e-01 -3.8002e+00 +2.6896e+00
5119 +1.565490493e-08 +1.565490493e-08 +6.098800000e+02 +6.098800000e+02 +5.7523e-01 -3.8002e+00 +2.6884e+00
5276 +8.592451195e-10 +8.592451195e-10 +6.098800000e+02 +6.098800000e+02 +6.0640e-01 -3.7977e+00 +2.6461e+00
