% function evaluation | noise-free fitness - Fopt (-4.620900000000e+02) | best noise-free fitness - Fopt | measured fitness | best measured fitness | x1 | x2...
1 +2.367326541e+03 +2.367326541e+03 +1.905236541e+03 +1.905236541e+03 +8.2541e-01 +3.5724e+00 +3.3574e+00 +4.1163e+00 -4.6691e+00 +3.3212e+00 +4.3516e+00 +1.3276e-01 -4.2066e+00 -4.5943e+00 +1.8813e+00 -8.8374e-01 +8.7320e-01 -2.8472e+00 -2.7022e+00 +4.9081e+00 +1.3696e-01 +4.0567e+00 -2.2921e+00 -6.3240e-01
13 +1.337560376e+03 +1.337560376e+03 +8.754703761e+02 +8.754703761e+02 +8.9924e-01 +1.7111e+00 +1.0228e+00 +1.3862e+00 +1.0265e+00 -4.7454e+00 -8.9449e-01 +1.1605e+00 -3.9843e+00 +9.0959e-01 +3.2354e+00 -3.5035e+00 -4.9478e+00 -7.2498e-01 +1.6674e+00 +2.5783e+00 -4.4887e+00 -1.3939e+00 +1.3025e-01 +9.7005e-01
76 +9.894969696e+02 +9.894969696e+02 +5.274069696e+02 +5.274069696e+02 +9.9843e-01 +1.3648e+00 +6.4223e-01 -5.0000e+00 +5.5447e-01 +5.0000e+00 +8.8545e-01 -5.0000e+00 -5.0000e+00 +2.0333e+00 +4.1396e-01 -5.0000e+00 -4.3940e+00 -2.1639e+00 -2.4338e+00 -1.5510e+00 -1.1702e+00 +1.4701e+00 -6.8805e-02 -9.6411e-01
175 +5.836711575e+02 +5.836711575e+02 +1.215811575e+02 +1.215811575e+02 -7.2945e-01 +3.5896e+00 +1.7522e+00 -2.7970e+00 -8.1152e-01 +3.6768e+00 -1.7055e+00 -3.6312e+00 -9.9996e-01 -1.2171e+00 -6.6897e-01 -3.1897e-01 -3.8980e+00 -2.0274e+00 +9.3985e-01 -5.0000e+00 +0.0000e+00 +6.4474e-01 +1.9668e+00 +1.7825e+00
724 +3.725781391e+02 +3.725781391e+02 -8.951186088e+01 -8.951186088e+01 +1.2066e-01 +1.5131e+00 +1.6629e+00 -3.5363e+00 +1.4827e-01 +2.8900e+00 +9.7686e-01 -2.8617e+00 -5.9604e-01 +1.6981e+00 +2.6532e+00 -4.9880e+00 -2.0807e+00 -2.1075e+00 -1.0492e-01 -3.9750e+00 -7.0662e-01 +2.9721e+00 +2.4436e+00 +2.4981e+00
1907 +2.432044355e+02 +2.432044355e+02 -2.188855645e+02 -2.188855645e+02 +6.1938e-02 +2.0942e+00 +1.4987e+00 -3.3295e+00 +9.6683e-01 +3.8743e+00 +5.1542e-01 -1.2044e+00 +1.3841e+00 +6.5308e-01 +1.3575e+00 -4.8851e+00 -8.4488e-01 -1.3695e+00 +2.2518e-01 -3.9099e+00 -4.7972e-01 +2.4958e+00 +1.8192e+00 +2.4654e+00
4170 +1.538895685e+02 +1.538895685e+02 -3.082004315e+02 -3.082004315e+02 +2.0927e-01 +3.8975e-01 +1.3631e+00 -3.4410e+00 +9.6174e-01 +3.5006e+00 +1.3376e+00 +2.0465e+00 +1.2545e+00 +5.7954e-01 +1.2999e+00 -4.8310e+00 -4.4458e-01 -2.9155e+00 +4.8852e-01 -3.9584e+00 -5.4947e-01 +2.5686e+00 +1.8270e+00 +9.7786e-01
9333 +9.959300035e+01 +9.959300035e+01 -3.624969996e+02 -3.624969996e+02 +4.7323e-01 +1.3677e+00 +1.3477e+00 -3.5335e+00 +9.3327e-01 +3.7635e+00 +1.2703e+00 +1.8846e+00 +1.1778e+00 +5.7728e-01 +1.2825e+00 -4.8327e+00 -2.8439e-01 -2.5036e+00 +4.8298e-01 -3.9187e+00 -4.4779e-01 +2.1892e+00 +1.8030e+00 +2.1410e+00
14289 +5.903877027e+01 +5.903877027e+01 -4.030512297e+02 -4.030512297e+02 +4.7713e-01 +3.2149e+00 +1.3215e+00 -7.9789e-01 +8.8732e-01 +3.7580e+00 +1.2787e+00 +1.9107e+00 +1.1451e+00 +5.7974e-01 +1.2432e+00 -4.8186e+00 -3.3576e-01 -2.9712e+00 +4.8381e-01 -3.9225e+00 -2.1257e-02 +2.9508e+00 +1.8315e+00 +2.1096e+00
% function evaluation | noise-free fitness - Fopt (7.766000000000e+01) | best noise-free fitness - Fopt | measured fitness | best measured fitness | x1 | x2...
1 +3.376445304e+03 +3.376445304e+03 +3.454105304e+03 +3.454105304e+03 +2.9083e+00 -4.8409e+00 +2.5193e+00 -4.6175e+00 +3.6486e+00 -5.3339e-01 +3.5842e+00 +4.0443e+00 -1.8089e+00 -3.5528e+00 +1.0953e-01 -5.6924e-01 -2.8804e+00 +4.4522e+00 +3.4342e-01 -4.7286e+00 -1.3909e+00 -5.8401e-01 +1.1327e+00 -8.7815e-01
5 +1.965024479e+03 +1.965024479e+03 +2.042684479e+03 +2.042684479e+03 +2.9098e+00 -4.3148e+00 -1.9202e+00 -3.2487e+00 -2.4601e+00 +4.3472e+00 +5.2767e-01 -2.2262e+00 -7.4701e-01 +2.0528e+00 +2.3724e+00 -3.0685e-01 -2.1265e+00 +3.1114e+00 -3.4508e+00 -3.2122e+00 -2.0545e+00 +3.1422e+00 -1.6579e+00 +3.4407e+00
20 +1.428437589e+03 +1.428437589e+03 +1.506097589e+03 +1.506097589e+03 +4.2257e+00 +3.9801e+00 +1.5481e+00 -1.3781e+00 +2.7388e+00 +4.6444e+00 -1.1218e+00 +4.6157e+00 -1.8760e+00 +1.2067e-01 +2.1380e+00 -4.9840e+00 -1.6630e+00 -1.7860e+00 +2.6275e+00 -3.7721e+00 -3.9586e+00 +1.2130e+00 -1.3991e+00 -3.2344e+00
68 +9.407739109e+02 +9.407739109e+02 +1.018433911e+03 +1.018433911e+03 +2.5782e+00 +4.3081e-01 +1.5761e+00 +2.8179e-01 -9.1063e-01 +1.3896e+00 +9.9509e-01 +3.1557e-01 -1.9831e+00 -1.1337e+00 +2.4272e+00 -1.9300e+00 -7.8491e-01 +1.1731e-01 +3.5434e+00 -2.7743e+00 -4.3933e-01 -2.1819e+00 -7.0307e-02 -9.5271e-01
130 +4.789203568e+02 +4.789203568e+02 +5.565803568e+02 +5.565803568e+02 +2.6672e+00 +0.0000e+00 +1.2085e+00 -8.8464e-01 +2.3713e+00 +2.6919e+00 +6.7767e-01 +2.4253e+00 +2.9190e-01 -3.1549e+00 +0.0000e+00 -6.4276e-01 -1.9385e+00 +5.6353e-01 +1.0496e+00 -2.7857e+00 +2.8591e-01 -1.0785e+00 +1.3074e+00 -3.4333e+00
409 +3.876489350e+02 +3.876489350e+02 +4.653089350e+02 +4.653089350e+02 +2.3829e+00 -1.6597e+00 +2.6304e-01 -1.3155e-01 -1.3456e+00 +2.4812e+00 -1.4184e+00 +2.0857e+00 +4.2024e-03 -4.2355e+00 -1.2246e+00 +8.0720e-01 -8.9729e-01 -2.9605e+00 +1.0824e+00 -3.4639e-01 +4.0747e-01 -3.6503e+00 +1.8226e+00 -3.7183e+00
1042 +2.260822093e+02 +2.260822093e+02 +3.037422093e+02 +3.037422093e+02 +2.1648e+00 +1.3211e-02 -1.0123e+00 +9.9633e-01 +7.9981e-01 +1.2062e-01 -1.4433e+00 +1.6508e+00 -2.6036e-01 -4.0411e+00 +2.3796e+00 -2.8002e-03 -7.6815e-01 -1.7020e+00 +1.6721e+00 +1.2514e+00 -5.9760e-01 -3.5027e+00 +1.7352e+00 -4.1769e+00
3329 +1.474929796e+02 +1.474929796e+02 +2.251529796e+02 +2.251529796e+02 +2.5129e+00 -8.4964e-01 -4.5647e-01 +1.7953e+00 +6.6424e-02 -2.2266e+00 +8.3117e-02 -1.1296e+00 -5.4259e-01 -3.8211e+00 +2.3072e+00 -3.8981e-01 -1.0216e+00 -1.1541e+00 +2.7097e+00 +1.4172e+00 -1.9705e-01 -2.7445e+00 +1.6893e+00 -4.4033e+00
5626 +9.873949324e+01 +9.873949324e+01 +1.763994932e+02 +1.763994932e+02 +2.3968e+00 -7.2423e-01 -4.8265e-01 +1.8858e+00 +8.5245e-02 -1.3186e+00 -7.6194e-03 -5.7427e-01 -5.6499e-01 -3.8364e+00 +2.3244e+00 -3.8879e-01 -1.0346e+00 -1.6833e+00 +2.7526e+00 +1.3475e+00 +3.3892e-01 -3.0975e+00 +1.7521e+00 -4.6699e+00
9389 +6.280762699e+01 +6.280762699e+01 +1.404676270e+02 +1.404676270e+02 +2.3043e+00 -8.5830e-01 -5.1312e-01 +1.8089e+00 +6.8561e-02 -1.8832e+00 -1.8984e-01 +1.5904e-01 -4.7228e-01 -3.8792e+00 +2.3164e+00 -3.7286e-01 -1.0497e+00 -1.5380e+00 +2.7574e+00 +1.3563e+00 +2.8608e-01 -3.5088e+00 +1.7653e+00 -3.4340e+00
17959 +3.929347113e+01 +3.929347113e+01 +1.169534711e+02 +1.169534711e+02 +2.3843e+00 -8.6829e-01 -2.9171e-01 +1.7985e+00 +6.0428e-02 -1.3266e+00 -1.6342e-01 +2.7791e-02 -4.8376e-01 -3.8528e+00 +2.3668e+00 -3.7615e-01 -2.5209e-01 -1.6204e+00 +2.8178e+00 +1.3525e+00 +2.8924e-01 -2.7287e+00 +1.7672e+00 -3.4466e+00
20380 +2.492855693e+01 +2.492855693e+01 +1.025885569e+02 +1.025885569e+02 +2.3750e+00 -8.8139e-01 -3.3197e-01 +1.7925e+00 +6.8040e-02 -1.3182e+00 -1.6493e-01 +1.2801e-01 -4.9705e-01 -3.8194e+00 +2.3938e+00 -3.6977e-01 +2.8850e-01 -1.6169e+00 +2.8161e+00 +1.3607e+00 +2.7366e-01 -2.7401e+00 +2.7660e+00 -3.4442e+00
% function evaluation | noise-free fitness - Fopt (1.156800000000e+02) | best noise-free fitness - Fopt | measured fitness | best measured fitness | x1 | x2...
1 +3.940290104e+03 +3.940290104e+03 +4.055970104e+03 +4.055970104e+03 -4.6818e+00 +2.8757e+00 +3.8219e+00 -3.3205e+00 +3.3031e+00 +4.0400e+00 -6.5910e-01 -2.6250e+00 +1.6879e+00 -1.7532e+00 +2.9411e+00 +4.2527e+00 +4.9241e+00 +4.8730e-01 +1.9057e+00 -1.9609e+00 -9.8065e-01 +2.8182e+00 -4.1655e+00 +3.7916e+00
12 +1.582507895e+03 +1.582507895e+03 +1.698187895e+03 +1.698187895e+03 -2.4607e+00 +3.4939e+00 -1.0261e+00 -1.3279e+00 -4.0072e+00 -1.3233e+00 +1.3874e+00 -3.6828e+00 -5.4950e-01 +1.1741e+00 -3.9196e+00 -3.2608e+00 +1.8668e+00 +3.8719e+00 -8.9251e-01 -4.4304e+00 -2.3927e+00 -2.5533e+00 +1.9498e+00 +4.6487e+00
65 +8.323792207e+02 +8.323792207e+02 +9.480592207e+02 +9.480592207e+02 +1.5614e+00 +2.2364e+00 -4.3538e+00 +3.1907e+00 +2.4506e+00 -2.6523e+00 +2.7559e+00 +2.2236e+00 -3.9113e+00 +1.0220e-01 -1.8832e+00 -1.8944e+00 -1.7936e-01 -2.2303e+00 -5.1911e-01 -9.7127e-01 -1.4964e+00 -9.0017e-01 +2.0931e+00 -1.6299e+00
248 +6.144948733e+02 +6.144948733e+02 +7.301748733e+02 +7.301748733e+02 -1.1092e+00 +2.1003e+00 -2.9966e+00 +2.4205e+00 -1.2323e+00 +2.6241e+00 +1.0768e+00 -7.7126e-01 +1.6761e+00 +1.2173e+00 +1.0769e+00 -2.0912e+00 +1.2681e+00 -4.7758e-01 +0.0000e+00 -1.2880e+00 +7.0911e-02 +3.5384e+00 +4.9492e-01 +1.1075e+00
641 +3.832221644e+02 +3.832221644e+02 +4.989021644e+02 +4.989021644e+02 -1.9807e+00 +1.9992e+00 -1.6602e+00 +3.9600e+00 +5.4555e-01 -2.4014e-01 +4.9023e-01 +8.7686e-01 -6.1566e-01 -1.1904e+00 +1.7369e+00 -2.3793e+00 +1.7354e+00 -1.6762e+00 +2.0642e+00 +9.4568e-01 -1.3042e+00 +3.5329e+00 +2.4330e+00 -1.4257e+00
2381 +2.508386353e+02 +2.508386353e+02 +3.665186353e+02 +3.665186353e+02 -1.3057e-01 -2.8232e+00 -9.1601e-01 +2.0468e+00 +3.0029e+00 -2.0495e+00 +4.9055e-01 +1.5360e+00 +2.3903e+00 -1.9132e+00 +9.7922e-01 -3.0829e+00 +2.9476e+00 +7.0371e-01 +1.7879e+00 -4.4217e-01 +5.0263e-01 +3.2006e+00 +3.3778e+00 -1.5966e+00
5314 +1.526713168e+02 +1.526713168e+02 +2.683513168e+02 +2.683513168e+02 +2.5771e-01 -2.8747e+00 -5.8463e-01 +2.4179e+00 +3.4699e+00 -1.5816e+00 -2.3488e-02 +2.3630e+00 +2.8706e+00 -2.0401e+00 +2.6792e+00 -4.2995e+00 +2.8386e+00 +4.9701e-01 +1.6607e+00 -3.6781e-01 +2.2912e-01 +4.5057e+00 +3.4658e+00 -6.1915e-01
6933 +9.749400549e+01 +9.749400549e+01 +2.131740055e+02 +2.131740055e+02 +1.2653e-01 -2.9388e+00 -6.1353e-01 +2.2364e+00 +3.5208e+00 -1.6858e+00 +1.7620e+00 +2.3760e+00 +2.8532e+00 -1.9539e+00 +2.8183e+00 -2.8896e+00 +2.8673e+00 +3.1943e-01 +1.1193e+00 -1.2189e+00 +4.2273e-01 +4.6737e+00 +3.4088e+00 -3.3984e-01
8714 +6.244265529e+01 +6.244265529e+01 +1.781226553e+02 +1.781226553e+02 +2.4798e-01 -2.9583e+00 -6.1156e-01 +2.3038e+00 +3.5487e+00 -1.6097e+00 +2.7722e+00 +2.4024e+00 +3.2145e+00 -2.0121e+00 +2.7372e+00 -2.9675e+00 +2.9638e+00 +7.0358e-01 +1.1579e+00 -1.2142e+00 +4.3690e-01 +4.6154e+00 +3.4165e+00 -3.1575e-01
14284 +3.947836947e+01 +3.947836947e+01 +1.551583695e+02 +1.551583695e+02 +2.6850e-01 -2.8829e+00 -6.0325e-01 +2.1671e+00 +3.5252e+00 -1.6435e+00 +2.8093e+00 +2.3727e+00 +3.2707e+00 -1.9699e+00 +2.6790e+00 -2.3110e+00 +2.8985e+00 +1.1344e+00 +1.1756e+00 -1.2190e+00 +4.4236e-01 +4.2223e+00 +3.4261e+00 -3.3108e-01
26393 +2.497225168e+01 +2.497225168e+01 +1.406522517e+02 +1.406522517e+02 +2.1727e-01 -2.7792e+00 -6.6753e-01 +2.2180e+00 +3.6029e+00 -1.7258e+00 +2.8018e+00 +2.3726e+00 +3.2608e+00 -1.9626e+00 +2.7185e+00 -2.3062e+00 +2.8917e+00 +1.1335e+00 +1.1701e+00 -3.5237e-01 +4.4696e-01 +4.2064e+00 +3.4377e+00 -9.0073e-01
% function evaluation | noise-free fitness - Fopt (-3.710000000000e+00) | best noise-free fitness - Fopt | measured fitness | best measured fitness | x1 | x2...
1 +9.502699072e+03 +9.502699072e+03 +9.498989072e+03 +9.498989072e+03 -1.6232e+00 -4.4464e+00 +4.4998e+00 -1.8615e+00 +4.0383e+00 -1.9747e+00 +1.9030e+00 +1.7060e+00 +3.9710e+00 -3.2917e+00 +2.5826e+00 -1.3602e-01 -1.9670e+00 -3.4853e+00 +3.9963e+00 -1.5841e+00 -1.7150e+00 -4.7721e+00 +3.5545e+00 -4.2709e+00
2 +1.748786753e+03 +1.748786753e+03 +1.745076753e+03 +1.745076753e+03 -5.5385e-01 +4.5777e+00 -2.9478e+00 -3.3514e+00 +3.4772e+00 -4.0743e+00 +5.6427e-01 -4.0431e+00 +2.0001e-01 -4.9274e+00 +1.8144e-01 +4.4666e+00 -1.4158e+00 +2.4423e+00 +2.1163e-01 +3.1152e+00 -3.9957e+00 +9.6783e-02 -1.1198e+00 +7.8984e-01
22 +1.403223153e+03 +1.403223153e+03 +1.399513153e+03 +1.399513153e+03 +2.2105e+00 +3.8627e+00 +1.5510e+00 +4.9285e+00 -4.4078e+00 +7.6444e-01 -1.7026e+00 +1.5823e+00 +3.0343e+00 -3.8919e-01 +1.1376e+00 +4.7218e-01 +2.2556e+00 +1.3428e+00 +3.7427e-01 -1.4678e+00 -1.8695e+00 -4.2471e+00 -1.8058e+00 +1.4285e+00
102 +9.789735034e+02 +9.789735034e+02 +9.752635034e+02 +9.752635034e+02 +0.0000e+00 +3.5409e+00 -1.4958e+00 +3.1450e+00 +0.0000e+00 +3.2847e+00 -5.0000e+00 +1.9807e+00 +2.7878e+00 -2.4417e+00 +5.2683e-01 +1.4671e+00 +1.0804e+00 +4.2904e+00 -1.4591e+00 -2.2522e+00 -3.4273e+00 -6.0541e-01 +5.7402e-01 -1.6205e+00
229 +4.532222618e+02 +4.532222618e+02 +4.495122618e+02 +4.495122618e+02 -9.1956e-01 +1.8976e+00 -7.4893e-01 +4.0648e+00 -4.8789e-01 +5.0000e+00 -4.9474e+00 -2.0987e+00 +1.9413e+00 +0.0000e+00 +1.5854e+00 -7.5328e-01 +1.6768e+00 -2.2477e+00 +4.0694e-01 -9.2529e-01 +0.0000e+00 +2.8862e+00 +2.1306e+00 -1.9589e+00
401 +3.968243178e+02 +3.968243178e+02 +3.931143178e+02 +3.931143178e+02 -4.4833e+00 +2.1510e+00 -3.8475e-01 +4.0658e+00 +8.8007e-01 +4.3618e+00 -4.8395e+00 -4.7337e+00 +1.1280e+00 +2.7080e+00 +2.2859e+00 -4.7925e-01 +2.0130e+00 -2.2238e+00 +3.9408e-01 -1.8341e+00 +2.1765e-01 +8.1767e-01 +3.1976e+00 -2.8300e+00
2752 +2.376580428e+02 +2.376580428e+02 +2.339480428e+02 +2.339480428e+02 -1.8233e+00 -4.3119e-01 +3.0560e-01 +4.1014e+00 +1.7276e+00 +5.0000e+00 -4.8175e+00 -4.5971e+00 +1.7161e+00 -8.2036e-01 +3.7115e+00 +1.6949e+00 +3.0994e+00 -9.4052e-01 +9.9897e-02 -1.6491e+00 +3.8778e-01 +1.7779e+00 +3.1853e+00 -2.6161e+00
5434 +1.559168581e+02 +1.559168581e+02 +1.522068581e+02 +1.522068581e+02 -2.1984e-01 -3.4625e-01 +1.7264e-01 +3.8080e+00 +1.7289e+00 +4.9937e+00 -4.8066e+00 -4.6210e+00 +5.7685e-01 +4.8955e-02 +3.6985e+00 +1.5683e+00 +3.1577e+00 -4.8588e-01 +7.0332e-02 -3.3012e+00 +4.2416e-01 +1.8205e+00 +3.2218e+00 -2.6217e+00
20799 +9.999718037e+01 +9.999718037e+01 +9.628718037e+01 +9.628718037e+01 +2.1318e+00 -3.7134e-01 +1.7714e+00 +3.9076e+00 +1.7227e+00 +4.9999e+00 -4.7550e+00 -4.6944e+00 +5.8878e-01 +3.8760e-02 +3.7389e+00 +1.5841e+00 +3.1231e+00 -1.7198e+00 +8.3687e-02 -2.8420e+00 +1.1443e+00 +1.8916e+00 +3.2286e+00 -2.6310e+00
% function evaluation | noise-free fitness - Fopt (1.321800000000e+02) | best noise-free fitness - Fopt | measured fitness | best measured fitness | x1 | x2...
1 +4.082900392e+03 +4.082900392e+03 +4.215080392e+03 +4.215080392e+03 +3.3158e+00 +5.1486e-01 -1.0541e+00 +2.3980e+00 +1.0352e+00 +2.2698e+00 +3.1055e+00 +7.6504e-01 +3.5500e+00 +4.4828e+00 -2.2602e+00 +3.5276e+00 -4.2340e+00 +1.5117e+00 +4.5292e+00 -4.9917e+00 +2.3621e+00 -3.9258e+00 -1.3397e+00 +1.6669e+00
3 +1.468506348e+03 +1.468506348e+03 +1.600686348e+03 +1.600686348e+03 +4.4465e+00 +3.2047e+00 -1.5872e+00 +2.0150e+00 -2.1590e+00 -6.5768e-01 -4.6762e+00 -4.7589e+00 -2.8218e+00 +2.0209e+00 -2.3710e+00 +5.1924e-01 -1.8124e+00 +4.9542e+00 +1.4717e+00 -1.3607e+00 -5.5120e-01 -4.6332e+00 -6.2147e-01 -3.0502e+00
17 +9.896060160e+02 +9.896060160e+02 +1.121786016e+03 +1.121786016e+03 +2.3694e+00 -1.9984e+00 +3.4434e+00 -1.1315e+00 +6.8317e-01 -2.8870e+00 +3.0159e+00 -1.8989e+00 -2.3533e+00 -1.0714e-02 +7.9715e-01 +4.4221e+00 -4.1437e+00 -8.5701e-01 +2.7029e+00 -2.4575e+00 +1.4903e-01 +1.8875e+00 -3.6440e+00 +4.2975e-01
131 +5.644724091e+02 +5.644724091e+02 +6.966524091e+02 +6.966524091e+02 -1.9042e+00 -3.1996e+00 +2.1282e+00 -5.0000e+00 +9.1982e-01 -1.6597e+00 +0.0000e+00 +2.0531e+00 -4.1304e+00 +4.1454e+00 -2.3831e+00 +4.2065e-01 -5.4534e-02 +3.0538e+00 +2.7904e+00 +9.2154e-01 +1.3846e+00 +5.4933e-01 +1.8763e-01 +1.9337e+00
466 +3.481334674e+02 +3.481334674e+02 +4.803134674e+02 +4.803134674e+02 -1.2373e+00 -1.1181e+00 +3.3536e+00 -4.7891e+00 +4.5551e-01 +1.1473e+00 -4.7283e-01 +1.0325e-01 -9.1936e-01 -1.0561e+00 -1.2703e+00 +1.7231e+00 -2.3908e-01 +3.0056e+00 +2.6716e+00 +8.3378e-01 -3.6205e-01 +3.1246e+00 +4.7390e-01 +1.1412e+00
1804 +2.333413483e+02 +2.333413483e+02 +3.655213483e+02 +3.655213483e+02 -1.6578e+00 +1.4554e+00 +2.5771e+00 -4.6277e+00 +2.3412e+00 -1.7013e+00 +1.9982e+00 +6.0469e-01 -3.2109e-01 -1.0298e-01 -1.0416e+00 +4.1217e+00 +0.0000e+00 +3.2051e+00 +2.7932e+00 +1.2561e+00 +8.3623e-01 +3.3272e+00 +5.6468e-01 +1.3841e+00
3921 +1.568505233e+02 +1.568505233e+02 +2.890305233e+02 +2.890305233e+02 +1.8235e+00 +2.3513e+00 +2.6758e+00 -4.5603e+00 +2.4916e+00 +3.9977e-01 +1.5398e+00 +6.6107e-01 -2.3672e-01 -7.9883e-01 -7.9760e-01 +9.8462e-01 -9.2203e-01 +3.1888e+00 +3.4840e+00 +2.4036e+00 +8.4519e-01 +3.5434e+00 +5.3556e-01 +1.6454e+00
6405 +9.987099923e+01 +9.987099923e+01 +2.320509992e+02 +2.320509992e+02 +1.8335e+00 +2.4410e+00 +2.5766e+00 -4.5457e+00 +2.4990e+00 +6.5606e-01 +1.4970e+00 +7.2411e-01 -2.3136e-01 -7.1428e-01 -7.9170e-01 +1.0045e+00 -9.5953e-01 +3.2380e+00 +3.5736e+00 +2.3555e+00 +8.4691e-01 +3.4538e+00 +6.6118e-01 +1.6665e+00
13460 +6.268884164e+01 +6.268884164e+01 +1.948688416e+02 +1.948688416e+02 +1.8323e+00 +2.4435e+00 +2.5551e+00 -4.5340e+00 +2.4969e+00 -2.1858e-01 +1.5091e+00 +6.8260e-01 -2.1743e-01 +4.3105e-01 -7.1000e-01 +3.0477e+00 -8.9567e-01 +3.2792e+00 +3.5712e+00 +2.3387e+00 +8.5633e-01 +3.4501e+00 +6.6566e-01 +1.6379e+00
22780 +3.942921214e+01 +3.942921214e+01 +1.716092121e+02 +1.716092121e+02 +1.8132e+00 +2.4505e+00 +2.5500e+00 -4.5395e+00 +2.4918e+00 -1.0252e+00 +1.5229e+00 +7.4660e-01 -2.2642e-01 +4.0018e-01 +2.1391e-01 +3.0559e+00 +5.0415e-01 +3.2729e+00 +3.5805e+00 +2.3464e+00 +8.3711e-01 +3.4574e+00 +6.5386e-01 +1.6666e+00
% function evaluation | noise-free fitness - Fopt (-5.847300000000e+02) | best noise-free fitness - Fopt | measured fitness | best measured fitness | x1 | x2...
1 +7.741909429e+03 +7.741909429e+03 +7.157179429e+03 +7.157179429e+03 +4.0899e+00 +1.7902e+00 -4.8352e+00 -8.3837e-01 +2.0560e+00 +4.8886e+00 +1.3301e-02 +2.5084e-02 +9.0790e-01 -1.0851e+00 +4.1771e+00 +2.3393e+00 +2.1910e+00 +3.0879e+00 +2.8549e+00 -4.8294e+00 +4.4296e+00 +2.7361e+00 -3.8126e+00 -1.5011e+00
2 +2.346499649e+03 +2.346499649e+03 +1.761769649e+03 +1.761769649e+03 +3.7368e-01 -6.9151e-01 -2.8530e-01 +1.3984e+00 -3.7247e-01 -6.5725e-01 -2.5978e+00 -4.8494e+00 -4.9287e+00 +2.7265e+00 +2.5884e+00 +3.0295e+00 +9.0437e-01 +3.4276e+00 -4.9927e+00 +3.6749e+00 -4.1702e+00 +2.1120e+00 -7.1694e-01 +9.8915e-01
7 +1.111370657e+03 +1.111370657e+03 +5.266406566e+02 +5.266406566e+02 -1.5201e+00 +1.1941e+00 -3.1004e+00 +4.2798e+00 -3.3170e+00 -1.0824e-01 +1.7822e+00 +2.4159e+00 -3.7802e+00 -1.8836e+00 -2.3974e+00 -2.9423e+00 -2.1093e+00 +4.4973e+00 +2.3226e+00 -1.7139e+00 -2.4968e+00 +1.6336e+00 -2.3697e+00 +1.8607e+00
23 +8.290892473e+02 +8.290892473e+02 +2.443592473e+02 +2.443592473e+02 -2.0174e+00 -9.0900e-01 +3.1795e+00 -2.0095e+00 +1.4922e+00 +1.4713e+00 +1.6084e+00 -2.9007e+00 +1.2952e+00 -5.3108e-01 -2.8493e+00 +1.6335e+00 -9.2146e-01 +4.6267e+00 -4.2955e-01 +2.0535e+00 +6.2025e-01 +2.5624e+00 -1.6052e+00 -4.9281e+00
165 +5.588885683e+02 +5.588885683e+02 -2.584143168e+01 -2.584143168e+01 -1.8942e+00 -9.1741e-01 +2.9853e+00 -2.3342e+00 +1.3143e-01 +3.0978e-01 -8.9482e-01 -2.8103e+00 +9.6831e-01 -6.1392e-01 -3.6356e+00 -2.7522e+00 -8.3274e-01 +3.5415e+00 +8.7057e-01 +8.2396e-01 +7.3246e-01 +1.6609e+00 +0.0000e+00 -4.9807e+00
616 +3.650479395e+02 +3.650479395e+02 -2.196820605e+02 -2.196820605e+02 -1.3699e-01 -3.8050e+00 +1.3125e+00 -2.0758e+00 -7.7057e-01 -4.1202e+00 +1.4924e+00 +5.8667e-01 +2.2857e-01 -5.0000e+00 -2.3274e+00 +8.8146e-01 +5.1890e-01 +3.0788e+00 +4.2662e-01 -8.1532e-01 +1.2541e+00 +1.9109e+00 +1.0493e+00 -4.8697e+00
1494 +2.360444918e+02 +2.360444918e+02 -3.486855082e+02 -3.486855082e+02 -7.6390e-02 -3.2940e+00 +1.5111e+00 -2.9945e+00 +7.5777e-01 -5.0000e+00 +1.8780e+00 +1.0399e+00 +4.5804e-01 -4.1415e+00 +5.6908e-02 -6.8978e-01 +4.8276e-01 +2.1741e+00 +2.7103e+00 -2.0634e+00 +1.1383e+00 +4.4063e+00 +6.7005e-01 -4.9048e+00
4060 +1.561999558e+02 +1.561999558e+02 -4.285300442e+02 -4.285300442e+02 +1.1104e+00 -4.7989e+00 +6.6739e-01 -2.4734e+00 +6.2031e-01 -4.8126e+00 +3.1203e+00 +1.0791e+00 +5.9298e-01 -3.9314e+00 +2.3137e-01 -1.3566e-01 +5.2601e-01 +2.1196e+00 +2.1382e+00 +3.1064e-01 +1.1806e+00 +4.5151e+00 +6.4068e-01 -3.6693e+00
6929 +9.983440613e+01 +9.983440613e+01 -4.848955939e+02 -4.848955939e+02 +5.6218e-01 -4.9478e+00 +8.3107e-01 -3.9544e+00 +4.8739e-01 -4.7244e+00 +2.3558e+00 +9.4770e-01 +4.3267e-01 -2.9968e+00 -1.4700e-01 -1.8375e-01 +4.7627e-01 +3.0745e+00 +2.5476e+00 -1.2751e-01 +1.3248e+00 +3.7216e+00 +6.4508e-01 -2.8966e+00
9178 +6.176709918e+01 +6.176709918e+01 -5.229629008e+02 -5.229629008e+02 +5.9182e-01 -4.9336e+00 +7.2213e-01 -3.8944e+00 +6.1273e-01 -4.7932e+00 +2.4409e+00 +9.4813e-01 +5.4159e-01 -2.8965e+00 -1.5775e-01 -1.9355e-01 +6.1246e-01 +3.0213e+00 +2.5758e+00 -1.6652e-01 +1.4430e+00 +3.7550e+00 +6.7732e-01 -2.8994e+00
15160 +3.874865088e+01 +3.874865088e+01 -5.459813491e+02 -5.459813491e+02 +2.6153e+00 -4.8349e+00 +6.7135e-01 -3.9312e+00 +6.6746e-01 -4.7477e+00 +2.4423e+00 +9.2515e-01 +4.0993e-01 -2.9436e+00 -1.7999e-01 -2.1003e-01 +5.4708e-01 +3.0225e+00 +2.5772e+00 -1.3264e-01 +1.4780e+00 +3.7178e+00 +6.4611e-01 -2.8983e+00
% function evaluation | noise-free fitness - Fopt (-3.654000000000e+01) | best noise-free fitness - Fopt | measured fitness | best measured fitness | x1 | x2...
1 +5.806786352e+03 +5.806786352e+03 +5.770246352e+03 +5.770246352e+03 +2.1590e-01 +4.1022e-01 -4.6119e+00 -2.1538e+00 -3.8606e-01 -1.7898e+00 -1.2408e+00 -4.5638e+00 -1.1673e+00 -4.6297e+00 -1.8629e+00 -1.6671e+00 -3.4208e+00 +2.3805e-01 +4.2407e+00 -3.2630e+00 -3.1241e+00 +4.3421e+00 +2.6386e+00 +1.6099e+00
2 +2.367154265e+03 +2.367154265e+03 +2.330614265e+03 +2.330614265e+03 +2.1129e-01 -3.7371e+00 -4.1442e+00 +3.0601e+00 -3.4672e+00 -2.8629e+00 -2.8476e+00 +1.2431e+00 -2.9421e+00 +1.7275e+00 +2.3099e+00 +1.4674e+00 +1.4031e+00 -4.6736e+00 +1.8204e+00 -4.5051e+00 -2.7743e+00 +1.0210e+00 -3.7628e+00 -4.1460e+00
13 +1.576374949e+03 +1.576374949e+03 +1.539834949e+03 +1.539834949e+03 -2.8379e+00 +1.5704e+00 -1.4680e+00 +2.6098e+00 -3.2002e+00 +3.8233e+00 -3.6818e+00 +1.4278e+00 +3.4338e+00 -3.9209e+00 -3.0686e+00 +1.3409e+00 -2.9525e+00 -1.9671e+00 -3.1227e+00 +1.8285e+00 +3.4222e+00 -9.3032e-01 +2.0176e+00 +3.6844e+00
42 +9.532915833e+02 +9.532915833e+02 +9.167515833e+02 +9.167515833e+02 -2.0054e+00 +5.8680e-01 -1.6637e+00 +2.8138e+00 -5.0000e+00 -4.1469e+00 -2.7077e+00 -7.6307e-01 -2.3494e-01 -3.2725e+00 +1.3760e+00 +5.0000e+00 -3.5969e+00 -2.5846e+00 -1.3398e+00 +4.9493e-01 +1.3232e+00 -1.2574e-01 +1.0936e+00 -3.3153e+00
93 +5.981602332e+02 +5.981602332e+02 +5.616202332e+02 +5.616202332e+02 -4.0367e-01 -5.9806e-01 -2.8337e-01 +2.4933e+00 -4.5720e+00 +3.4543e+00 +5.0113e-01 +2.7890e+00 +0.0000e+00 -3.0528e+00 -1.1872e+00 -1.6067e+00 -2.1484e+00 -5.6906e-01 -1.2510e+00 -5.4153e-01 +3.4896e+00 -4.8299e+00 +1.9442e+00 +0.0000e+00
473 +3.976632138e+02 +3.976632138e+02 +3.611232138e+02 +3.611232138e+02 -1.6408e+00 +1.8487e-01 -1.9482e+00 +2.5055e+00 -3.5083e+00 -1.2435e+00 -1.9428e-01 -1.8075e+00 -1.4145e+00 -5.0000e+00 +4.5192e-01 -1.5536e+00 +2.3554e-01 -1.8667e+00 +1.2623e+00 -3.4112e-01 +2.3545e+00 +3.0563e-01 +2.0975e+00 -3.6753e-01
1296 +2.403630342e+02 +2.403630342e+02 +2.038230342e+02 +2.038230342e+02 -5.9475e-01 +1.2556e+00 -1.5036e+00 +2.0331e+00 -1.9419e+00 -1.7989e+00 +7.9611e-01 -2.6528e+00 -7.0987e-01 -4.8061e+00 -1.9094e-01 -2.1290e+00 +8.3375e-01 -7.9713e-02 +1.2957e+00 -2.7694e+00 +3.0109e+00 -1.3440e+00 +3.0400e+00 +8.2512e-01
3831 +1.565783284e+02 +1.565783284e+02 +1.200383284e+02 +1.200383284e+02 -8.5974e-02 +1.5620e+00 -1.4486e+00 +2.1259e+00 -2.1166e-02 -1.1322e+00 +2.0548e+00 -2.8300e+00 -9.1498e-01 -4.7928e+00 -2.1700e-01 -1.6078e+00 +7.5220e-01 -5.2451e-01 +1.2301e+00 -2.4542e+00 +3.0811e+00 -2.0448e+00 +2.7653e+00 +1.1098e+00
6822 +9.820629027e+01 +9.820629027e+01 +6.166629027e+01 +6.166629027e+01 +5.1682e-02 +1.5460e+00 -1.5011e+00 +2.1161e+00 -1.0498e-01 -9.8685e-01 +2.0413e+00 -1.7514e+00 -8.4418e-01 -4.7924e+00 -2.4382e-01 -2.5825e+00 +8.3286e-01 -3.3159e-01 +1.2352e+00 -2.7558e+00 +3.0643e+00 -1.9878e+00 +2.8163e+00 +1.1012e+00
21285 +6.198661802e+01 +6.198661802e+01 +2.544661802e+01 +2.544661802e+01 +2.0333e-01 -2.2273e+00 -1.6147e+00 +1.5050e+00 -7.4375e-02 -1.1115e+00 +2.0610e+00 -1.6647e+00 -8.4848e-01 -4.8569e+00 -2.2744e-01 -2.5576e+00 +8.3050e-01 -3.6417e-01 +1.2307e+00 -2.7638e+00 +3.1055e+00 -1.9778e+00 +2.7969e+00 +1.0885e+00
36688 +3.971306813e+01 +3.971306813e+01 +3.173068126e+00 +3.173068126e+00 +2.0134e-01 -2.2494e+00 -1.6241e+00 -2.4535e-01 -9.2008e-02 -1.0332e+00 +2.0569e+00 -9.4449e-01 +1.6816e+00 -4.8569e+00 -2.2900e-01 -2.5873e+00 +8.3226e-01 -3.1666e-01 +1.2275e+00 -2.7681e+00 +3.1066e+00 -1.9772e+00 +2.8158e+00 +1.0959e+00
% function evaluation | noise-free fitness - Fopt (1.000000000000e+03) | best noise-free fitness - Fopt | measured fitness | best measured fitness | x1 | x2...
1 +3.887296159e+03 +3.887296159e+03 +4.887296159e+03 +4.887296159e+03 -3.4233e+00 +4.1476e+00 +3.6004e+00 +2.4979e+00 +2.3331e+00 -2.1763e+00 -2.0294e+00 +1.2996e+00 +2.1869e+00 +5.1041e-01 +4.4544e+00 +3.3216e+00 -2.8840e+00 +4.1852e+00 +3.7024e-01 +4.5835e+00 +3.9912e+00 +2.0077e+00 -1.1095e+00 +2.0404e+00
3 +1.695472925e+03 +1.695472925e+03 +2.695472925e+03 +2.695472925e+03 +3.5759e+00 +2.7875e+00 -4.7266e+00 -3.4579e+00 +2.2926e+00 +2.9334e+00 -3.2130e+00 -4.3180e-01 +4.7052e-01 -1.6625e+00 -2.1984e-01 -2.7219e+00 -4.5766e-01 +1.3823e+00 -4.3942e+00 -5.6606e-01 +2.5969e+00 -3.0279e+00 -2.6785e+00 +3.7269e+00
24 +1.569851884e+03 +1.569851884e+03 +2.569851884e+03 +2.569851884e+03 -4.6550e+00 +3.7528e+00 -3.3298e+00 +2.4228e+00 +4.1935e+00 -4.4114e-01 +3.3283e+00 -2.6579e+00 +1.3746e+00 +9.6207e-01 -8.3927e-02 +3.3053e+00 +1.7908e+00 -1.1919e+00 -2.0513e+00 -2.4799e+00 -2.8249e+00 -3.7482e+00 +9.5241e-01 -3.1139e+00
74 +8.921549185e+02 +8.921549185e+02 +1.892154919e+03 +1.892154919e+03 -3.0694e+00 -3.2002e+00 -1.3647e+00 -1.4419e+00 -7.1388e-01 -4.4825e+00 +2.0581e-01 +1.0126e+00 +1.2527e+00 -5.0000e+00 +2.8443e+00 -7.3138e-01 -1.8482e+00 -1.5320e-01 -3.1206e+00 +2.9252e-01 +1.4485e+00 +4.6673e+00 +1.3350e-01 -2.4799e+00
273 +5.504766714e+02 +5.504766714e+02 +1.550476671e+03 +1.550476671e+03 -4.0086e+00 -2.7145e+00 -2.4112e+00 -2.6710e+00 +8.8056e-01 +3.4056e-01 -1.9056e-01 +1.1141e+00 +2.2871e+00 -1.4367e+00 +2.3439e+00 -2.4054e+00 +8.4019e-01 +2.4530e+00 -4.5677e-03 +2.9076e+00 +3.0647e-01 +2.2083e+00 -4.9652e-01 -1.5951e+00
697 +3.971497462e+02 +3.971497462e+02 +1.397149746e+03 +1.397149746e+03 +1.6517e+00 +1.5778e+00 -4.1236e-01 +1.8948e+00 -2.9759e+00 +4.8444e-01 +1.5360e+00 -2.1549e+00 +2.0103e+00 -9.8804e-01 -7.1032e-02 -3.1434e+00 +1.9537e+00 +5.0000e+00 +5.9421e-01 -1.2356e+00 +2.4034e+00 +2.2433e+00 +2.4144e-01 -7.1586e-01
1502 +2.238779134e+02 +2.238779134e+02 +1.223877913e+03 +1.223877913e+03 +1.2427e+00 -1.9648e+00 -2.0042e+00 +3.3902e+00 +2.6434e+00 +2.5463e+00 +1.5067e+00 -9.2795e-01 +3.8946e+00 -3.1468e+00 +3.6849e-02 -3.9360e+00 +2.6317e+00 +4.1917e+00 +1.6679e+00 +1.1845e+00 +2.3023e+00 +2.1199e+00 +5.1645e-01 -1.0295e+00
2502 +1.510287008e+02 +1.510287008e+02 +1.151028701e+03 +1.151028701e+03 -3.1514e-01 -1.9071e+00 -1.2972e+00 +4.0115e+00 +1.9477e+00 +2.3757e+00 +1.6683e+00 -7.7762e-01 +3.2154e+00 -3.1923e+00 +1.5635e-01 -3.8052e+00 +2.6918e+00 +4.4068e+00 +1.9490e+00 +1.4768e+00 +2.2112e+00 +2.5492e+00 +1.0418e+00 -2.0188e-01
7263 +9.701227299e+01 +9.701227299e+01 +1.097012273e+03 +1.097012273e+03 +6.0838e-01 -6.7697e-01 -1.5089e+00 +4.0353e+00 +2.2868e+00 +2.5425e+00 +1.6778e+00 -9.7292e-01 +3.0561e+00 -2.4406e+00 +5.9473e-01 -3.8628e+00 +2.6655e+00 +4.3050e+00 +1.9410e+00 +1.7905e+00 +2.9189e+00 +2.1856e+00 +1.0707e+00 -3.6992e-01
10570 +6.203275966e+01 +6.203275966e+01 +1.062032760e+03 +1.062032760e+03 +6.4486e-01 -8.0860e-01 -1.5654e+00 +4.0348e+00 +2.0423e+00 +2.5105e+00 +1.6007e+00 -9.3794e-01 +3.1169e+00 -2.5098e+00 +6.5165e-01 -3.8254e+00 +2.6709e+00 +4.3298e+00 +1.9706e+00 +1.6635e+00 +2.9595e+00 +2.1796e+00 +1.0419e+00 -4.4614e-01
13261 +3.906336020e+01 +3.906336020e+01 +1.039063360e+03 +1.039063360e+03 +6.3201e-01 -8.2827e-01 -1.5822e+00 +4.0463e+00 +2.1458e+00 +2.5522e+00 +1.6286e+00 -9.3256e-01 +3.1097e+00 -2.4876e+00 +2.2485e+00 -3.8079e+00 +2.6684e+00 +4.3406e+00 +1.9946e+00 +1.6959e+00 +2.9527e+00 +2.1777e+00 +1.0358e+00 -4.6648e-01
33066 +2.493978421e+01 +2.493978421e+01 +1.024939784e+03 +1.024939784e+03 +5.7615e-01 -8.1934e-01 -1.4775e+00 +4.0112e+00 +2.1096e+00 +2.5678e+00 +1.6318e+00 -2.1180e+00 +3.1191e+00 -2.4825e+00 +2.8137e+00 -3.8145e+00 +2.6533e+00 +4.3311e+00 +2.0025e+00 +1.2595e+00 +2.9564e+00 +2.1414e+00 +1.0513e+00 -4.7757e-01
% function evaluation | noise-free fitness - Fopt (4.661000000000e+01) | best noise-free fitness - Fopt | measured fitness | best measured fitness | x1 | x2...
1 +5.803603913e+03 +5.803603913e+03 +5.850213913e+03 +5.850213913e+03 +4.9670e+00 -4.6957e+00 -4.6594e+00 +3.8567e+00 +1.7197e+00 +4.3432e+00 +4.9288e+00 +3.3390e+00 +5.1982e-01 -2.5966e+00 +3.1074e+00 +4.3548e+00 -9.4623e-01 -2.1003e+00 -2.9598e+00 -3.5752e+00 -3.9964e+00 +2.1629e+00 +1.4016e+00 -3.1306e+00
2 +1.473130058e+03 +1.473130058e+03 +1.519740058e+03 +1.519740058e+03 -4.8329e+00 -2.2875e+00 +5.4023e-01 -1.7035e+00 +3.3968e-01 -3.0767e+00 -1.2266e+00 +2.0654e-02 +2.1725e+00 -2.7767e+00 +7.0694e-01 -3.4442e+00 +5.5756e-01 +1.8946e+00 -5.3561e-01 +1.6158e-01 -1.1840e-01 -4.2620e+00 -1.2025e+00 +4.4322e+00
44 +7.744403236e+02 +7.744403236e+02 +8.210503236e+02 +8.210503236e+02 -2.6048e+00 +3.8543e+00 -1.2168e+00 +2.0490e+00 -5.3007e-01 +1.3311e+00 +1.6666e+00 -1.7501e+00 -3.0638e+00 -1.4047e+00 -1.1451e+00 +1.7397e+00 -1.7615e+00 -2.6290e+00 +2.0414e-02 -1.9427e+00 +1.2285e+00 -1.4770e+00 -2.9734e-01 +3.4154e+00
124 +6.142377963e+02 +6.142377963e+02 +6.608477963e+02 +6.608477963e+02 -9.8089e-01 +2.3093e+00 -5.7554e-02 +3.1556e+00 -7.1203e-01 +3.6862e+00 +5.3962e-01 +4.3245e-02 +0.0000e+00 +0.0000e+00 -7.4049e-01 +1.2068e+00 -3.9261e+00 -3.3099e+00 -1.5567e-01 -5.1629e-01 -1.2353e+00 -1.7606e+00 -5.6835e-01 +3.7553e+00
571 +3.850319429e+02 +3.850319429e+02 +4.316419429e+02 +4.316419429e+02 +7.5450e-01 +3.9472e+00 -6.3900e-01 +3.3182e+00 -2.0138e+00 -4.6779e-01 +1.3297e+00 -1.1171e+00 -8.9728e-01 -1.0859e+00 -1.4513e+00 -7.0992e-03 -2.8016e+00 -1.2537e+00 -3.1484e-01 -4.2627e-01 -2.2208e-01 -1.6326e-01 +3.7055e-01 +1.9889e+00
828 +2.271227310e+02 +2.271227310e+02 +2.737327310e+02 +2.737327310e+02 +3.5736e-02 +4.4578e+00 -9.4408e-01 +3.2454e+00 -3.0058e+00 -5.0144e-01 +2.9105e+00 -2.6657e+00 -1.2845e+00 +7.2932e-03 -1.1504e+00 +2.9772e-01 -1.4042e+00 -2.1193e+00 +5.3609e-01 -6.9910e-01 -3.7545e-01 -1.4243e-01 +2.3188e+00 +1.3806e+00
2660 +1.459564359e+02 +1.459564359e+02 +1.925664359e+02 +1.925664359e+02 -1.6689e-01 +4.9519e+00 -9.3679e-01 +2.2052e+00 -2.9292e+00 -2.6711e+00 +2.9025e+00 -3.2755e+00 -1.6164e-01 -2.1021e-01 -1.0702e+00 +7.5986e-01 -2.5269e-02 -2.3033e+00 +4.5035e-01 -4.8399e-01 +8.6917e-02 -5.0418e-01 +2.5436e+00 +1.7610e+00
4180 +9.297298811e+01 +9.297298811e+01 +1.395829881e+02 +1.395829881e+02 -1.7340e-01 +4.9508e+00 -9.2284e-01 +1.8897e+00 -2.9405e+00 -2.4781e+00 +2.7994e+00 -3.3596e+00 +6.7729e-01 -2.5934e-01 -1.0654e+00 +7.9496e-01 -2.3567e-02 -2.0648e+00 +4.3242e-01 -5.4398e-01 +1.1638e-01 -4.6941e-01 +2.5951e+00 +1.6618e+00
9306 +6.259449423e+01 +6.259449423e+01 +1.092044942e+02 +1.092044942e+02 -1.1907e-01 +4.8851e+00 +1.6820e+00 +1.9864e+00 -2.9436e+00 -2.4947e+00 +2.8036e+00 -3.4202e+00 -1.6258e-02 -2.3055e-01 -1.0162e+00 +7.7107e-01 -5.7148e-02 -2.1482e+00 +4.1208e-01 -5.8198e-01 +1.1416e-01 -4.8785e-01 +2.6352e+00 +1.6990e+00
14257 +3.886534582e+01 +3.886534582e+01 +8.547534582e+01 +8.547534582e+01 -1.3346e-01 +4.8972e+00 +8.2351e-01 +1.9885e+00 -4.6877e-01 -2.5028e+00 +2.7987e+00 -3.3997e+00 -5.9075e-02 -2.3056e-01 -1.0742e+00 +7.7159e-01 -4.9548e-02 -1.2016e+00 +4.1917e-01 -2.0118e-01 +1.1499e-01 -4.5934e-01 +2.6282e+00 +1.7180e+00
% function evaluation | noise-free fitness - Fopt (-2.643100000000e+02) | best noise-free fitness - Fopt | measured fitness | best measured fitness | x1 | x2...
1 +1.348933869e+04 +1.348933869e+04 +1.322502869e+04 +1.322502869e+04 +1.4734e+00 +4.0937e+00 +3.7504e+00 +4.3243e+00 -1.8531e+00 -3.0270e+00 +2.6338e-01 -4.9382e+00 -4.5393e+00 -1.1838e+00 +2.5581e+00 +3.0446e+00 -4.2866e+00 +3.8552e+00 +4.5896e+00 +1.3619e+00 +4.2128e+00 +4.9769e+00 -1.9729e+00 +4.7364e+00
3 +6.772258016e+03 +6.772258016e+03 +6.507948016e+03 +6.507948016e+03 -4.8870e+00 +1.1782e+00 +1.1860e+00 +1.4147e+00 +2.9414e+00 +8.9129e-02 +2.9557e+00 +4.9065e+00 +4.8686e+00 +3.3992e+00 +2.6195e+00 -3.0306e+00 +1.6315e+00 -1.8973e-01 -3.0632e-01 -3.2779e+00 +6.8795e-01 -4.2536e+00 -4.8776e+00 -2.7722e-01
5 +3.404850816e+03 +3.404850816e+03 +3.140540816e+03 +3.140540816e+03 +2.2824e+00 +3.2717e+00 +4.1680e+00 -3.4685e+00 +2.1454e+00 -6.3450e-01 -2.2453e+00 +4.2001e+00 -1.2793e+00 +2.7345e+00 +2.7799e+00 +3.8748e+00 -4.0324e+00 +7.2783e-01 +3.6950e+00 +1.9715e+00 -6.1927e-01 +4.2741e+00 +1.7860e+00 -2.4188e+00
7 +2.462093444e+03 +2.462093444e+03 +2.197783444e+03 +2.197783444e+03 +1.9622e+00 -7.3887e-01 +2.2440e+00 +3.4401e-01 -2.6746e+00 -1.1278e+00 +4.2624e+00 -2.8690e+00 +2.6243e+00 -2.4572e+00 -3.9022e+00 -3.0446e+00 -5.1580e-02 +1.1138e-01 -3.5671e+00 +1.2414e+00 -2.6263e+00 +4.4875e+00 +8.6909e-01 -1.1893e+00
23 +1.289572453e+03 +1.289572453e+03 +1.025262453e+03 +1.025262453e+03 +4.3120e+00 -2.1601e+00 -4.4104e-01 +2.5051e+00 -8.5936e-01 +3.7367e+00 -2.8201e+00 +2.9710e+00 -2.4185e+00 +4.8115e+00 -1.3872e+00 -2.4153e+00 +2.3904e+00 -2.6350e+00 -2.1276e+00 +4.6008e+00 -4.3505e+00 -3.6679e+00 -1.1424e+00 -7.1963e-01
50 +8.397613200e+02 +8.397613200e+02 +5.754513200e+02 +5.754513200e+02 +2.4765e+00 +6.0492e-02 -4.0412e+00 -2.3436e+00 +3.3803e+00 +5.7890e-01 -2.3737e+00 -2.3235e+00 -2.4573e+00 +5.0000e+00 -3.6219e+00 +3.6051e+00 -1.5068e-01 +2.2690e+00 -2.3624e+00 +1.9011e+00 +8.8657e-01 -6.0767e-01 +7.7529e-01 -7.3283e-01
178 +5.368301941e+02 +5.368301941e+02 +2.725201941e+02 +2.725201941e+02 +1.8369e+00 +5.2976e-01 -3.2711e+00 -2.2968e+00 -4.6602e-01 -4.2592e+00 -5.9862e-01 -1.5275e+00 +2.8106e-01 -3.1280e-01 +9.8042e-01 +1.2385e+00 +2.1247e+00 +1.9101e+00 -1.0554e-01 +3.5802e+00 -1.1722e+00 -3.4448e+00 +3.1739e-01 -3.3603e+00
568 +3.358907695e+02 +3.358907695e+02 +7.158076951e+01 +7.158076951e+01 +1.9707e+00 -3.3848e+00 +2.1954e+00 -1.0659e+00 +1.9446e+00 -1.4576e-01 +2.4231e+00 -2.0138e+00 -1.2114e+00 +1.9764e+00 -7.9131e-01 +1.3075e+00 +2.6293e+00 -1.8380e+00 +9.0670e-01 +1.4749e+00 +4.6394e-01 -3.0572e+00 +1.1539e+00 -2.4308e+00
724 +2.471642746e+02 +2.471642746e+02 -1.714572541e+01 -1.714572541e+01 +2.0710e+00 -3.3065e+00 +2.8929e+00 -5.8748e-01 +2.3189e+00 -2.2064e-01 +3.4771e+00 -8.1444e-01 -5.1638e-01 +1.9687e+00 -9.9775e-01 +1.3229e+00 +2.5188e+00 -1.8567e+00 +1.9145e+00 +2.5679e-01 +5.2933e-02 -2.2864e+00 +1.1882e+00 -3.5954e+00
2007 +1.543609245e+02 +1.543609245e+02 -1.099490755e+02 -1.099490755e+02 +2.3792e+00 -3.1061e+00 +2.6643e+00 -8.4311e-01 +2.1156e+00 -8.3994e-01 +2.9895e+00 -1.0468e+00 -1.7681e+00 +2.0457e+00 -1.2424e+00 +2.4621e+00 +2.4226e+00 -1.8805e+00 +2.2996e+00 +2.0742e-01 +7.8532e-02 -2.0625e+00 +1.6408e+00 -3.6423e+00
4540 +9.840774183e+01 +9.840774183e+01 -1.659022582e+02 -1.659022582e+02 +2.3152e+00 -3.1327e+00 +2.9650e+00 -1.0370e+00 +1.3402e+00 -8.0828e-01 +2.8643e+00 -8.9987e-01 -1.3434e-01 +2.0723e+00 +1.0303e+00 +2.7998e+00 +2.4217e+00 -1.9267e+00 +2.3198e+00 +3.4822e-01 +8.7181e-02 -2.0499e+00 +1.8934e+00 -3.3590e+00
8730 +6.133851069e+01 +6.133851069e+01 -2.029714893e+02 -2.029714893e+02 +1.3368e+00 -3.1456e+00 +2.6637e+00 -1.6964e+00 +1.4380e+00 -7.9508e-01 +2.8633e+00 -8.8061e-01 -1.1620e-01 +2.0862e+00 +8.3129e-01 +2.3002e+00 +2.4208e+00 -1.8706e+00 +2.2873e+00 +3.8043e-01 +6.6630e-02 -2.0502e+00 +1.9140e+00 -3.3036e+00
15518 +3.936144436e+01 +3.936144436e+01 -2.249485556e+02 -2.249485556e+02 +2.2470e+00 -3.2433e+00 +2.6806e+00 -1.6913e+00 +1.4613e+00 -8.5377e-01 +2.9226e+00 +1.0209e+00 -5.1503e-02 +2.1035e+00 +3.0184e-01 +2.7878e+00 +2.4456e+00 -1.8608e+00 +2.3296e+00 +3.4044e-01 +6.4462e-02 -2.0700e+00 +1.9069e+00 -3.3099e+00
32262 +2.393276220e+01 +2.393276220e+01 -2.403772378e+02 -2.403772378e+02 +2.1784e+00 -3.2501e+00 +2.6974e+00 -1.7031e+00 +1.4413e+00 -3.7715e+00 +2.9694e+00 +1.0238e+00 -6.0399e-02 +2.1262e+00 +2.9442e-01 +2.8109e+00 +2.4507e+00 -1.8537e+00 +2.3361e+00 +3.7014e-01 +6.4135e-02 -2.0593e+00 +1.9125e+00 -3.2983e+00
% function evaluation | noise-free fitness - Fopt (7.273000000000e+01) | best noise-free fitness - Fopt | measured fitness | best measured fitness | x1 | x2...
1 +1.405686444e+03 +1.405686444e+03 +1.478416444e+03 +1.478416444e+03 -3.9400e+00 +2.6418e+00 -2.9578e+00 -2.0338e-01 -2.6901e+00 +3.7223e+00 +1.8583e+00 -8.2037e-01 -1.0081e+00 +4.7808e+00 +2.9419e-01 -1.2001e+00 -3.9866e+00 +7.1587e-01 -4.4749e+00 -1.7830e+00 +4.4733e-01 +3.5836e-01 +1.0156e+00 -4.4769e+00
65 +9.177678858e+02 +9.177678858e+02 +9.904978858e+02 +9.904978858e+02 +3.1296e+00 +4.4953e-01 -1.4745e+00 +1.1184e+00 -2.5560e+00 -5.6837e-01 +7.1320e-01 -8.5518e-01 +9.6195e-01 -1.2225e-01 -2.2656e+00 -4.0164e-01 -1.9852e+00 -5.0000e+00 -2.9112e+00 -2.4141e-01 -5.1162e-01 -1.4549e+00 +3.2434e-01 +5.0000e+00
342 +5.677718430e+02 +5.677718430e+02 +6.405018430e+02 +6.405018430e+02 +2.6534e+00 +1.3050e+00 -2.3130e+00 +4.1984e+00 -3.6544e+00 -1.1501e+00 +1.2878e+00 -2.2586e+00 +5.0042e-02 -4.1986e+00 +1.9553e-01 +5.3664e-01 -2.8197e+00 +2.7742e+00 -2.4527e+00 +3.4444e-01 +1.6686e+00 -7.2584e-01 +3.0510e+00 +2.5902e+00
562 +3.706628574e+02 +3.706628574e+02 +4.433928574e+02 +4.433928574e+02 +2.4754e+00 -1.6132e+00 -3.7469e+00 +1.9637e+00 -1.9644e+00 +2.3659e+00 +3.1885e+00 -2.1611e+00 +1.1728e-01 -1.1595e+00 -7.0302e-01 -2.2122e+00 -3.2753e+00 +2.6026e+00 +3.8400e-02 +5.1698e-01 +2.1679e+00 -1.9602e+00 +3.4239e+00 +2.9263e+00
1833 +2.492495682e+02 +2.492495682e+02 +3.219795682e+02 +3.219795682e+02 +2.4511e+00 -8.6160e-01 +2.9281e-01 +2.4327e+00 +1.6605e+00 +1.2312e+00 +1.9941e+00 -1.3829e+00 -6.1078e-01 -9.1270e-01 -1.0266e+00 -2.5752e+00 -1.4339e+00 +7.9296e-01 -1.1847e-01 +1.4322e+00 +2.5945e+00 +9.3782e-01 +3.0425e+00 +2.4760e+00
4739 +1.053422519e+02 +1.053422519e+02 +1.780722519e+02 +1.780722519e+02 +1.6063e+00 -3.2429e+00 +2.8169e-01 +2.7436e-02 +4.0824e-01 +1.7215e+00 +3.4312e+00 -3.9825e+00 -5.9127e-01 -1.2876e+00 +3.7496e-02 -3.9593e+00 +5.5626e-02 +3.1665e+00 +1.4673e-02 +6.9782e-01 +3.0302e+00 -6.9031e-01 +2.9411e+00 +2.5214e+00
5536 +9.997657602e+01 +9.997657602e+01 +1.727065760e+02 +1.727065760e+02 +1.9224e+00 -3.2146e+00 +2.8377e-01 +1.4304e-02 +3.8128e-01 +1.7361e+00 +3.4897e+00 -4.0378e+00 -5.8587e-01 -1.2850e+00 +2.7555e-02 -4.0173e+00 +5.8489e-02 +3.1621e+00 +2.4796e-03 +5.9376e-01 +3.0188e+00 -1.0208e+00 +2.8998e+00 +2.5464e+00
8172 +6.253771698e+01 +6.253771698e+01 +1.352677170e+02 +1.352677170e+02 +1.5882e+00 -3.1902e+00 +4.4516e-01 -4.1371e-02 +2.5183e-01 +1.7260e+00 +2.9980e+00 -4.0067e+00 -5.9318e-01 -1.3272e+00 +2.5683e-02 -4.0476e+00 +7.8754e-03 +2.9561e+00 +9.2617e-03 +6.3987e-01 +2.9820e+00 -6.4172e-01 +2.8822e+00 +2.5378e+00
10186 +3.938670646e+01 +3.938670646e+01 +1.121167065e+02 +1.121167065e+02 +1.5586e+00 -3.2456e+00 +4.4426e-01 +3.8126e-02 +2.5515e-01 +1.7739e+00 +2.9924e+00 -3.9894e+00 -5.3969e-01 -1.2919e+00 +2.2247e-02 -4.0511e+00 +2.2045e-02 +2.4366e+00 -8.8351e-03 +6.2042e-01 +3.0551e+00 -6.2345e-01 +2.9071e+00 +2.5078e+00
32524 +2.338775375e+01 +2.338775375e+01 +9.611775375e+01 +9.611775375e+01 +1.5725e+00 -3.2315e+00 +4.5150e-01 +5.7899e-02 +2.5119e-01 +1.8056e+00 +2.9618e+00 -4.0303e+00 +6.7908e-01 -1.3288e+00 -5.9577e-02 -4.0545e+00 +1.4539e-02 +2.4311e+00 +1.7565e-02 +6.2017e-01 +3.0516e+00 -6.0109e-01 +3.6181e+00 +3.2100e+00
% function evaluation | noise-free fitness - Fopt (1.368700000000e+02) | best noise-free fitness - Fopt | measured fitness | best measured fitness | x1 | x2...
1 +4.424745480e+03 +4.424745480e+03 +4.561615480e+03 +4.561615480e+03 +2.1047e-01 -1.3940e+00 +1.0257e+00 -4.4082e+00 +4.3063e+00 +4.0853e+00 -4.7366e-01 +1.1336e+00 -3.7458e+00 -4.2636e+00 +2.0327e+00 +3.6733e+00 -2.4445e+00 -1.8431e-01 -2.4225e+00 +2.1741e+00 -2.9974e-01 -3.2054e+00 -3.8020e+00 +1.0416e+00
4 +1.139453382e+03 +1.139453382e+03 +1.276323382e+03 +1.276323382e+03 -1.4032e-01 +1.9405e+00 +1.5426e-01 +1.9195e+00 -8.4668e-01 +2.9714e+00 -2.7987e+00 -3.3806e+00 -4.5236e+00 -1.3521e+00 -6.7642e-02 -1.5970e+00 -5.4249e-01 +1.0162e+00 +1.8593e+00 +2.2996e+00 -4.4890e+00 +1.8471e+00 -2.0929e+00 -4.9416e+00
61 +9.073821614e+02 +9.073821614e+02 +1.044252161e+03 +1.044252161e+03 -1.6413e+00 +3.5017e+00 +1.8382e-02 +4.7787e+00 -5.0000e+00 -3.0763e+00 -1.4265e+00 -1.2669e+00 -1.1923e+00 -8.7019e-01 -3.3872e-01 +3.0478e+00 +1.4491e+00 -3.6328e+00 -1.1087e+00 -2.8163e+00 -2.8014e-01 -5.0000e+00 -1.5615e-01 -1.7291e+00
105 +5.601008147e+02 +5.601008147e+02 +6.969708147e+02 +6.969708147e+02 +0.0000e+00 +1.2496e-01 +2.4557e+00 +4.7617e+00 -1.5945e+00 +4.9249e-01 -3.4299e+00 -3.3524e-01 -1.9352e+00 -3.3357e+00 -7.6062e-01 -8.9723e-01 +0.0000e+00 -3.2151e+00 +1.1380e+00 +1.7568e+00 +1.0625e+00 -4.4598e+00 -6.7386e-01 -2.5839e+00
471 +3.916163249e+02 +3.916163249e+02 +5.284863249e+02 +5.284863249e+02 +2.0906e+00 +1.7575e+00 +2.3749e+00 +3.5731e+00 -1.3680e-01 +1.3424e+00 -1.2055e+00 +2.0742e+00 -1.1946e+00 -3.1566e+00 +1.5313e-01 -1.4161e+00 +3.9614e+00 -1.9495e+00 +7.1662e-01 -9.4125e-02 +5.3996e-02 -4.0486e+00 -8.6677e-01 -3.3260e+00
1281 +2.498100894e+02 +2.498100894e+02 +3.866800894e+02 +3.866800894e+02 +2.0862e+00 +1.9167e+00 +1.7760e+00 +9.3342e-01 -1.2982e-02 +3.1654e+00 -1.2948e+00 +1.5526e+00 -1.1122e+00 -3.0288e+00 +1.9604e-01 -1.0962e+00 +2.9044e+00 -2.5533e+00 +3.2655e+00 +2.4571e-01 +5.0849e-01 -4.3669e+00 -1.4311e-01 -2.2858e+00
2462 +1.515048464e+02 +1.515048464e+02 +2.883748464e+02 +2.883748464e+02 +2.7257e+00 +1.3067e+00 +2.1238e+00 -1.5509e-01 +4.8688e-01 +3.1011e+00 -6.8155e-01 +2.6037e+00 -2.4410e-01 -3.4684e+00 -3.4023e-01 -1.6572e+00 +3.6868e+00 -1.1463e+00 +2.8018e+00 +8.1179e-01 +1.0355e+00 -4.3236e+00 +8.1035e-01 -2.6280e+00
4130 +9.215181307e+01 +9.215181307e+01 +2.290218131e+02 +2.290218131e+02 +2.6980e+00 +2.0009e+00 +2.0887e+00 +2.3566e-02 +4.4607e-01 +3.0785e+00 -1.7536e+00 +2.4501e+00 -1.0967e-03 -3.4497e+00 -3.4510e-01 -1.6094e+00 +3.7107e+00 -1.2724e+00 +2.8670e+00 +7.9247e-01 +1.3489e+00 -4.3324e+00 +7.3772e-01 -2.6517e+00
7221 +6.093126124e+01 +6.093126124e+01 +1.978012612e+02 +1.978012612e+02 +2.5880e+00 +1.9299e+00 +2.0970e+00 +1.9569e-02 +5.3798e-01 +3.0700e+00 -3.3199e-01 +2.5145e+00 -5.6797e-02 -3.4535e+00 -3.4320e-01 -1.6128e+00 +3.7144e+00 -1.2472e+00 +2.8346e+00 +7.8464e-01 +1.3634e+00 -4.3576e+00 +7.8997e-01 -2.6182e+00
10605 +3.951227757e+01 +3.951227757e+01 +1.763822776e+02 +1.763822776e+02 +2.5632e+00 +1.8040e+00 +2.1371e+00 +1.5608e-02 +5.4435e-01 +3.0787e+00 +4.3270e-01 +2.4994e+00 -5.7801e-03 -3.5109e+00 -3.5255e-01 -1.6301e+00 +3.7169e+00 -1.2754e+00 +2.8402e+00 +7.8251e-01 +1.4787e+00 -4.3640e+00 +7.7427e-01 -2.6433e+00
38695 +2.488221026e+01 +2.488221026e+01 +1.617522103e+02 +1.617522103e+02 +2.5490e+00 +3.6176e+00 +2.2115e+00 -2.2601e-02 +5.4201e-01 +3.0902e+00 +4.4189e-01 +2.5018e+00 +1.1259e-03 -3.4859e+00 -3.4114e-01 -2.6489e+00 +3.7218e+00 -3.3887e-01 +2.8359e+00 +7.6937e-01 +1.4803e+00 -4.3592e+00 +7.6195e-01 -2.6334e+00
% function evaluation | noise-free fitness - Fopt (2.196000000000e+01) | best noise-free fitness - Fopt | measured fitness | best measured fitness | x1 | x2...
1 +1.586368788e+03 +1.586368788e+03 +1.608328788e+03 +1.608328788e+03 +4.4828e+00 -2.9719e+00 +1.8757e+00 -7.5909e-01 -4.4162e+00 +1.4045e+00 -3.6886e+00 -4.8189e-01 -3.4223e+00 +1.3184e+00 -4.8306e-01 +2.7811e+00 +2.6501e+00 +3.6838e+00 -4.3193e+00 -3.4678e+00 -1.9594e+00 +3.3741e+00 -2.9254e+00 -1.3778e-01
2 +9.627161712e+02 +9.627161712e+02 +9.846761712e+02 +9.846761712e+02 -1.6719e+00 +1.9862e+00 +1.8462e+00 +4.6391e+00 +1.6104e+00 -8.1649e-01 -3.2987e+00 -2.6023e+00 -3.4582e-01 +4.0003e+00 -3.6409e+00 -4.3381e+00 +3.4782e+00 -3.3454e+00 +1.5580e+00 +7.1042e-01 -4.4137e+00 -3.0218e+00 +6.4700e-01 +1.2259e+00
149 +5.979578744e+02 +5.979578744e+02 +6.199178744e+02 +6.199178744e+02 +3.7327e+00 +2.8180e+00 +0.0000e+00 +1.0661e+00 +3.3816e+00 -3.5556e-01 +3.8098e-01 +3.5940e-02 -1.0508e+00 +1.2342e+00 -4.0497e+00 -2.5063e+00 +2.7436e+00 -1.8338e+00 +2.4067e+00 -1.6723e+00 +1.2857e+00 -1.3945e+00 -1.3576e+00 +1.9107e+00
325 +3.470701856e+02 +3.470701856e+02 +3.690301856e+02 +3.690301856e+02 -7.6588e-02 +2.8337e+00 +8.4258e-01 +4.7394e+00 +1.9723e-02 +2.2806e+00 +1.0606e+00 +3.3610e+00 -1.7054e+00 +4.8604e-01 +1.2702e+00 +7.2347e-01 +2.3425e+00 -4.5613e+00 +1.7935e+00 -9.5903e-01 +1.6734e+00 -1.4492e+00 -9.7802e-01 -6.0123e-01
1203 +2.357566277e+02 +2.357566277e+02 +2.577166277e+02 +2.577166277e+02 +1.3919e+00 +1.3005e+00 +7.0941e-01 +4.7425e+00 +2.5279e+00 +5.0000e+00 +2.4974e+00 +4.1656e+00 -2.3244e+00 +1.0899e+00 +1.7912e+00 +8.5631e-01 +3.8130e+00 -4.5899e+00 +1.8528e+00 -1.0712e+00 +2.0266e+00 -1.4780e+00 -1.6576e-01 -1.1321e+00
1779 +1.581792940e+02 +1.581792940e+02 +1.801392940e+02 +1.801392940e+02 +1.5440e+00 +4.5134e-01 +1.7020e+00 +4.5995e+00 +1.8503e+00 +5.0000e+00 +2.4849e+00 +1.8561e+00 -6.4746e-01 +2.3716e-01 +6.8758e-01 +4.0859e-01 +3.7592e+00 -3.5505e+00 +1.4585e+00 -9.4169e-01 +1.8627e+00 -8.1193e-01 +4.9637e-01 -9.3595e-01
3927 +9.895288959e+01 +9.895288959e+01 +1.209128896e+02 +1.209128896e+02 +1.2316e+00 +3.6283e-01 +7.7944e-01 +4.7777e+00 +1.8501e+00 +5.0000e+00 +2.6297e+00 +1.7010e+00 -5.4265e-01 +4.0705e-01 +7.5884e-01 +5.1387e-01 +3.4149e+00 -3.5390e+00 +1.4701e+00 -1.0275e+00 +1.8708e+00 -6.5265e-01 +4.9611e-01 -9.1469e-01
7181 +6.254352347e+01 +6.254352347e+01 +8.450352347e+01 +8.450352347e+01 +1.3425e+00 +2.9973e-01 +1.6416e+00 +4.6664e+00 +1.8439e+00 +5.0000e+00 +3.2349e+00 +1.7199e+00 -5.1514e-01 +3.4785e-01 +7.8265e-01 +4.8966e-01 +3.3092e+00 -3.4700e+00 +1.4664e+00 -1.0540e+00 +1.8695e+00 -5.4419e-01 +2.6709e-01 -8.7516e-01
16042 +3.960820578e+01 +3.960820578e+01 +6.156820578e+01 +6.156820578e+01 +1.3376e+00 +3.3653e-01 +1.6724e+00 +3.2042e+00 +1.7824e+00 +4.9589e+00 +3.1523e+00 +1.1990e+00 -5.5613e-01 +2.8595e-01 +7.8311e-01 +4.8116e-01 +3.3697e+00 -3.4561e+00 +1.4794e+00 -1.0383e+00 +1.8698e+00 -5.8200e-01 +2.6049e-01 -8.8127e-01
% function evaluation | noise-free fitness - Fopt (-2.139000000000e+01) | best noise-free fitness - Fopt | measured fitness | best measured fitness | x1 | x2...
1 +3.757027968e+03 +3.757027968e+03 +3.735637968e+03 +3.735637968e+03 -1.8776e+00 -3.7743e+00 +4.7209e+00 +4.7995e+00 +1.4452e+00 -2.8588e+00 +4.9183e+00 -1.7031e+00 +8.2469e-01 -3.4608e+00 +2.0641e+00 -2.1108e+00 -3.5794e+00 +3.3743e-01 -1.6598e+00 -4.4989e+00 -4.2388e+00 -1.6071e-01 -1.2428e-01 +3.9460e+00
4 +1.911084850e+03 +1.911084850e+03 +1.889694850e+03 +1.889694850e+03 +4.6248e+00 +2.3218e+00 -3.8304e+00 -3.3284e+00 +2.1937e+00 +1.8964e+00 +1.9360e+00 -3.1374e+00 -3.1765e-01 +5.9410e-01 -4.9558e+00 -2.3499e+00 -1.5229e+00 +2.6716e+00 -2.4042e+00 -4.4457e+00 -7.8507e-01 -3.8710e+00 -1.0314e+00 -2.9812e+00
11 +1.113367648e+03 +1.113367648e+03 +1.091977648e+03 +1.091977648e+03 +4.6439e+00 +3.4777e+00 +3.0519e-01 +4.8999e-01 +7.0812e-02 -4.4733e+00 -2.5003e+00 +4.4077e+00 +1.2956e+00 -2.8237e+00 +1.4860e+00 -2.6318e+00 +7.7993e-02 -7.9766e-01 -2.3558e+00 +4.5933e+00 -3.7876e+00 +1.1569e+00 +9.6435e-01 +3.2790e+00
16 +9.746234884e+02 +9.746234884e+02 +9.532334884e+02 +9.532334884e+02 +6.9656e-01 +4.9960e-01 -4.8011e+00 +2.1937e+00 +1.1592e+00 -2.1030e+00 -1.3020e+00 -2.1140e+00 -1.9791e+00 +2.1121e+00 +7.3444e-01 -2.1771e+00 +9.4086e-01 +2.6750e+00 +2.9799e+00 +1.8249e+00 -1.8615e+00 -1.1971e+00 -6.0175e-01 +2.7046e+00
108 +6.079294120e+02 +6.079294120e+02 +5.865394120e+02 +5.865394120e+02 +1.7231e+00 +7.8989e-01 -5.0000e+00 +9.0495e-01 +0.0000e+00 -1.1458e+00 +1.1077e+00 -9.1376e-01 -3.1533e-01 +1.2480e+00 +1.0184e+00 -1.6109e+00 -1.4242e-01 -1.1196e+00 +1.6348e+00 +3.3593e+00 +1.4791e+00 -3.4564e-01 -1.3164e+00 +3.4167e+00
285 +3.423774351e+02 +3.423774351e+02 +3.209874351e+02 +3.209874351e+02 +1.4295e+00 +1.2204e+00 -4.3129e+00 +4.1392e-01 -7.4581e-01 -1.3205e+00 +2.6611e+00 +1.4032e+00 -9.9418e-01 +1.3875e+00 -1.3841e+00 -1.9973e+00 +2.0666e-01 -1.8412e+00 +2.5596e+00 +2.6168e+00 +4.1861e-01 +7.3265e-01 +1.0552e+00 +1.7419e+00
1119 +2.195264764e+02 +2.195264764e+02 +1.981364764e+02 +1.981364764e+02 +3.2737e+00 +2.7699e+00 -1.9673e+00 -2.7808e+00 +3.1598e-01 -4.1400e-01 +3.1324e+00 +1.1705e+00 +1.4157e+00 -3.5656e-01 +4.1525e-01 -1.5650e+00 +1.6502e+00 -2.6758e+00 +2.2103e+00 +2.4522e+00 +7.7707e-01 +3.1359e+00 +1.5539e+00 +2.5385e+00
1826 +1.580066738e+02 +1.580066738e+02 +1.366166738e+02 +1.366166738e+02 +3.0883e+00 +1.8380e+00 -1.5531e+00 -3.0033e+00 +3.2228e-01 -9.2468e-01 +1.2033e+00 +1.2159e+00 +1.6118e+00 -2.1856e+00 +9.2840e-02 -1.6172e+00 +1.6326e+00 -1.8863e+00 +2.2232e+00 +2.3104e+00 +1.0442e+00 +2.4684e+00 +1.5604e+00 +2.5486e+00
4334 +9.488050985e+01 +9.488050985e+01 +7.349050985e+01 +7.349050985e+01 +3.0310e+00 +1.1770e+00 -1.5549e+00 -3.1688e+00 +2.4568e-01 -1.0515e+00 +1.2661e+00 +1.1415e+00 +1.6326e+00 -2.1185e+00 +2.2491e-01 -1.6541e+00 +2.0150e+00 -1.8892e+00 +2.2143e+00 +2.2335e+00 +9.3736e-01 +2.2623e+00 +1.5869e+00 +2.1861e+00
14977 +6.307967611e+01 +6.307967611e+01 +4.168967611e+01 +4.168967611e+01 +3.1914e+00 +1.0038e+00 -1.5919e+00 -3.0937e+00 +2.1473e-01 -1.0881e+00 +1.3455e+00 +1.1796e+00 +1.6925e+00 -2.0544e+00 +2.7816e-01 -1.6867e+00 +2.0574e+00 -1.8855e+00 +2.1832e+00 +1.3730e+00 +9.0739e-01 +2.2937e+00 +1.5838e+00 +2.8958e+00
24573 +3.974763963e+01 +3.974763963e+01 +1.835763963e+01 +1.835763963e+01 +3.1898e+00 +1.0096e+00 +1.0957e+00 -3.0231e+00 +1.9352e-01 -1.0596e+00 +1.3250e+00 +1.1775e+00 +3.4787e+00 -1.0586e+00 +3.3381e-01 -1.6906e+00 +2.0659e+00 -1.8888e+00 +2.1895e+00 +1.3950e+00 +9.0156e-01 +2.2974e+00 +1.5784e+00 +2.9049e+00
% function evaluation | noise-free fitness - Fopt (5.176600000000e+02) | best noise-free fitness - Fopt | measured fitness | best measured fitness | x1 | x2...
1 +5.516595731e+03 +5.516595731e+03 +6.034255731e+03 +6.034255731e+03 +4.2024e+00 -1.4976e+00 -1.9746e+00 +4.9731e-01 -4.6860e+00 -3.7375e+00 +3.3958e+00 -9.7527e-01 -4.3644e+00 -4.8824e+00 +6.9493e-01 +3.3854e+00 -2.3805e+00 +2.7474e+00 +4.1083e+00 -2.1449e+00 -4.2526e+00 -4.7492e+00 -1.2297e+00 -3.2912e+00
3 +1.729867823e+03 +1.729867823e+03 +2.247527823e+03 +2.247527823e+03 -3.3155e+00 -3.9829e-01 +2.1605e+00 -3.3002e+00 -2.7595e+00 -2.8382e+00 +1.2082e+00 -4.2330e+00 -2.9038e+00 -8.9413e-01 +8.6446e-01 +3.5841e+00 -2.5496e+00 +4.1567e+00 -7.9835e-01 -4.6959e+00 +2.4219e+00 -8.4959e-01 +8.9329e-01 -3.0360e-01
22 +1.520941789e+03 +1.520941789e+03 +2.038601789e+03 +2.038601789e+03 +1.6976e+00 -4.6241e+00 -1.6173e+00 -3.0439e+00 +2.8375e+00 +2.5738e-01 -2.5501e+00 -2.0310e+00 -1.3213e+00 +9.6238e-01 -4.0890e+00 +4.5963e+00 -5.5714e-01 +7.7107e-02 -4.8127e+00 +3.3949e+00 -1.5962e+00 -1.7855e+00 -3.5071e+00 -3.2304e+00
48 +9.954612436e+02 +9.954612436e+02 +1.513121244e+03 +1.513121244e+03 +4.1019e+00 -5.0000e+00 -1.5649e+00 -4.0897e+00 +8.9930e-01 +9.7116e-01 -5.0000e+00 -2.5213e+00 -3.8714e+00 +7.2335e-01 -2.3799e+00 +1.7010e+00 -7.6578e-02 -4.6513e-01 -2.0160e+00 +2.4274e+00 +1.2619e-01 -6.5364e-01 -1.2136e+00 -5.0000e+00
219 +5.687230242e+02 +5.687230242e+02 +1.086383024e+03 +1.086383024e+03 +1.4828e+00 +4.6745e-01 +4.6981e-01 -4.9399e-01 +1.1128e+00 -1.4081e+00 -2.3577e+00 +3.1949e-01 -3.5317e+00 +8.2994e-01 +0.0000e+00 -1.1822e-01 +2.5953e+00 -4.1703e+00 +7.7025e-01 +1.0130e+00 +1.2084e+00 -4.5948e-01 +1.0310e+00 -5.0000e+00
613 +3.856854198e+02 +3.856854198e+02 +9.033454198e+02 +9.033454198e+02 +2.2578e+00 +3.3888e+00 -1.9912e+00 +2.5265e+00 -1.9308e+00 +3.9840e-01 +2.6074e+00 +7.5983e-01 -9.9006e-01 +5.0589e-02 -9.0870e-02 -4.1554e+00 +3.3699e+00 -3.2108e+00 +7.3973e-01 +2.5817e+00 +2.0475e+00 -1.1701e+00 +1.5745e+00 -4.9854e+00
1508 +2.429580390e+02 +2.429580390e+02 +7.606180390e+02 +7.606180390e+02 +3.8679e+00 +2.1204e+00 -1.0649e+00 +4.7198e+00 +1.1852e+00 +6.1431e-01 +3.9636e+00 +7.7801e-01 -2.4440e-01 +4.0073e-01 +1.9484e-01 -2.6609e+00 +3.4050e+00 -2.9721e+00 +6.0778e-01 +1.4593e+00 +8.0628e-01 +1.2689e+00 +2.6254e+00 -4.5512e+00
4516 +1.568540275e+02 +1.568540275e+02 +6.745140275e+02 +6.745140275e+02 +3.0663e+00 +5.0000e+00 -1.9008e+00 +4.6655e+00 +3.6074e-01 +3.0129e-01 +3.8388e+00 +6.2140e-01 +5.8322e-01 +1.6343e+00 +1.8059e-01 -2.4465e+00 +3.4354e+00 -2.8533e+00 +1.5805e+00 +1.1512e+00 +1.9557e+00 +5.2185e-01 +2.4740e+00 -4.5269e+00
8534 +9.597239501e+01 +9.597239501e+01 +6.136323950e+02 +6.136323950e+02 +3.0451e+00 +5.0000e+00 -2.0271e+00 +4.6767e+00 +3.7309e-01 +2.0721e-01 +3.8358e+00 +6.2777e-01 +5.6074e-01 +1.6870e+00 -2.0338e-01 -2.4729e+00 +3.4463e+00 -4.0494e-02 +1.4900e+00 +6.3980e-01 +2.0095e+00 +9.3888e-01 +2.5288e+00 -4.5152e+00
13624 +6.292247033e+01 +6.292247033e+01 +5.805824703e+02 +5.805824703e+02 +2.9413e+00 +5.0000e+00 -2.0850e+00 +4.6739e+00 +1.7687e+00 +2.2635e-01 +3.8353e+00 +6.7876e-01 -1.6216e-01 +1.6868e+00 -3.1725e-01 -2.5309e+00 +3.4797e+00 -5.1840e-01 +1.4357e+00 +1.5323e+00 +2.0460e+00 +5.9689e-01 +2.4915e+00 -3.3523e+00
17509 +3.973010100e+01 +3.973010100e+01 +5.573901010e+02 +5.573901010e+02 +2.9501e+00 +5.0000e+00 -2.1464e+00 +4.6404e+00 +1.8939e+00 +1.8780e-01 +3.8975e+00 +6.8295e-01 -8.8072e-02 +1.6424e+00 -2.7628e-01 -2.5256e+00 +3.4789e+00 -4.7659e-01 +1.4708e+00 +1.5449e+00 +2.0076e+00 +5.9672e-01 +2.4895e+00 -3.3616e+00
