% function evaluation | noise-free fitness - Fopt (-5.465000000000e+02) | best noise-free fitness - Fopt | measured fitness | best measured fitness | x1 | x2...
1 +1.204667220e+05 +1.204667220e+05 +1.199202220e+05 +1.199202220e+05 -1.2738e+00 -2.5318e+00 -4.5870e+00 +1.5849e-01 -1.7558e-01 +3.5753e+00 +2.3443e+00 -7.7067e-01 -4.8141e+00 +4.6849e+00
2 +1.977271882e+04 +1.977271882e+04 +1.922621882e+04 +1.922621882e+04 +1.7481e-01 +4.1530e+00 -1.3434e+00 -7.0201e-02 +2.8449e+00 -1.7851e+00 +2.4807e+00 +8.5772e-01 +5.4127e-01 +3.4726e+00
12 +6.767384643e+03 +6.767384643e+03 +6.220884643e+03 +6.220884643e+03 -1.1766e+00 +1.7193e+00 -7.1548e-01 -2.7726e+00 -1.1387e+00 -9.2016e-01 -3.3443e+00 +3.0074e+00 -1.9866e+00 +3.1157e+00
152 +2.880262485e+03 +2.880262485e+03 +2.333762485e+03 +2.333762485e+03 -1.7987e+00 +8.4515e-01 -1.6038e+00 -4.1763e+00 +2.7557e+00 -3.0292e+00 -9.5775e-01 +2.3331e+00 -8.6467e-01 +1.4820e+00
351 +2.432604207e+03 +2.432604207e+03 +1.886104207e+03 +1.886104207e+03 +2.3275e+00 +7.7187e-01 -2.5186e+00 +1.3113e-01 +1.4361e+00 -6.6255e-01 -1.9969e-01 +5.0943e-02 -1.4495e+00 +7.1113e-01
401 +7.496517385e+02 +7.496517385e+02 +2.031517385e+02 +2.031517385e+02 -1.1395e-01 +1.5741e+00 -1.4338e+00 +8.6078e-01 +1.3148e+00 -1.4704e+00 -2.4606e+00 +3.6542e-01 -2.5059e+00 +2.7517e-01
626 +4.270329078e+01 +4.270329078e+01 -5.037967092e+02 -5.037967092e+02 -1.9060e+00 +2.1827e+00 +1.5948e+00 +1.1188e+00 +9.8850e-01 -1.4523e+00 -4.2630e-01 +2.3705e+00 -1.1798e+00 +2.3399e+00
721 +1.109426826e+01 +1.109426826e+01 -5.354057317e+02 -5.354057317e+02 -2.5614e+00 +2.2595e+00 -2.1701e-01 -2.3346e+00 -6.3806e-01 -5.8763e-01 -1.7347e+00 +1.9362e+00 -2.3228e+00 +1.3098e+00
816 +4.690781392e+00 +4.690781392e+00 -5.418092186e+02 -5.418092186e+02 -1.5033e+00 +2.5803e+00 -4.7124e-01 -4.1849e-01 +2.6486e+00 -1.1451e+00 -2.5161e+00 +1.4083e+00 -1.3331e+00 +1.7022e+00
936 +3.857557073e+00 +3.857557073e+00 -5.426424429e+02 -5.426424429e+02 -4.9023e-01 -5.7721e-02 +2.5576e+00 -5.6535e-01 +1.2429e+00 -2.2143e+00 -1.0446e+00 +2.1354e+00 -1.2998e+00 +2.0179e+00
4516 +2.495289672e+00 +2.495289672e+00 -5.440047103e+02 -5.440047103e+02 +8.0954e-01 +3.9901e-01 +2.6370e+00 -1.8859e+00 +1.5777e+00 -2.2419e+00 -3.1658e-01 +2.1972e+00 -1.1712e+00 +1.2348e+00
% function evaluation | noise-free fitness - Fopt (1.000000000000e+03) | best noise-free fitness - Fopt | measured fitness | best measured fitness | x1 | x2...
1 +3.694017706e+04 +3.694017706e+04 +3.794017706e+04 +3.794017706e+04 +2.9404e+00 -3.9303e+00 +4.2722e-01 -3.5423e+00 -3.9413e+00 +1.6689e+00 -8.6673e-02 +2.2213e-01 +4.0663e-01 +9.9740e-01
17 +6.614324103e+03 +6.614324103e+03 +7.614324103e+03 +7.614324103e+03 -2.7100e+00 -4.0969e-01 +1.4718e+00 -4.7025e+00 +1.5427e+00 +3.0884e+00 -3.9184e-01 +4.0618e+00 -1.1095e+00 -2.1033e+00
354 +2.606464560e+03 +2.606464560e+03 +3.606464560e+03 +3.606464560e+03 -1.8577e+00 -1.4071e+00 -8.5057e-01 -3.8933e-01 -1.5742e+00 +3.3262e+00 +9.8806e-01 +2.2372e+00 -1.6063e-01 -3.0693e+00
454 +1.255248679e+02 +1.255248679e+02 +1.125524868e+03 +1.125524868e+03 +1.0166e+00 +3.6229e-01 -3.0268e+00 -6.5830e-01 -2.9801e+00 +1.9252e+00 -9.5958e-01 +2.6271e+00 -9.3134e-01 -1.5517e+00
557 +5.156713896e+00 +5.156713896e+00 +1.005156714e+03 +1.005156714e+03 +8.4572e-01 +1.0375e+00 -2.0726e+00 +7.5189e-01 -1.9661e+00 +1.1546e+00 -7.6882e-01 +1.3137e+00 -8.0092e-01 -1.9320e+00
840 +3.837258265e+00 +3.837258265e+00 +1.003837258e+03 +1.003837258e+03 -2.0286e-01 +3.0794e-01 -1.7866e+00 -1.3018e+00 -1.3846e+00 +1.7302e+00 -1.7918e+00 +1.6244e+00 -2.3244e+00 -1.4559e+00
2926 +2.395104706e+00 +2.395104706e+00 +1.002395105e+03 +1.002395105e+03 -5.0479e-02 -5.6456e-01 -6.3943e-01 -6.5671e-01 -2.5468e+00 +1.5758e+00 -2.2070e+00 +1.2828e+00 -9.9775e-01 -2.3586e+00
% function evaluation | noise-free fitness - Fopt (2.083800000000e+02) | best noise-free fitness - Fopt | measured fitness | best measured fitness | x1 | x2...
1 +1.953560223e+05 +1.953560223e+05 +1.955644023e+05 +1.955644023e+05 -9.2003e-01 -3.8955e+00 -3.4689e+00 -2.2079e+00 -3.1649e+00 +4.1454e+00 +4.7768e+00 -4.8732e+00 +3.4796e+00 +1.6278e+00
2 +1.236746287e+05 +1.236746287e+05 +1.238830087e+05 +1.238830087e+05 +7.2938e-01 +1.9090e+00 -4.4276e+00 -2.2529e+00 +6.5282e-01 -2.1436e+00 -1.7413e+00 +3.6275e+00 -2.4666e+00 -4.1318e+00
4 +2.041827577e+04 +2.041827577e+04 +2.062665577e+04 +2.062665577e+04 +2.8921e+00 -2.3947e+00 -2.3728e+00 -2.1506e+00 +1.7849e+00 -1.9229e+00 +3.5331e+00 +1.8923e+00 +8.2205e-01 +6.4097e-01
30 +1.238689264e+04 +1.238689264e+04 +1.259527264e+04 +1.259527264e+04 -1.0980e-01 -3.2536e+00 -1.2714e-01 +2.7506e+00 +2.6706e+00 +2.4704e+00 +5.8210e-01 +8.0927e-01 -4.3127e+00 +2.1542e+00
101 +5.957697758e+02 +5.957697758e+02 +8.041497758e+02 +8.041497758e+02 -1.0980e-01 +5.1021e-01 -1.2714e-01 -6.7609e-01 +2.4509e+00 +9.6710e-01 +5.8210e-01 +2.1962e+00 -2.6427e+00 +2.1542e+00
552 +1.358527923e+02 +1.358527923e+02 +3.442327923e+02 +3.442327923e+02 -2.8572e+00 +1.0562e+00 +8.6249e-01 -7.7585e-01 +1.8838e+00 +1.9674e+00 -1.8393e-01 +2.9132e+00 -3.4688e-01 +2.1125e+00
759 +9.182196613e+01 +9.182196613e+01 +3.002019661e+02 +3.002019661e+02 +2.7837e+00 -1.2011e-01 +1.9368e+00 -1.2254e+00 +2.0421e+00 +8.9998e-01 +1.9739e-01 +1.8432e+00 -1.6563e+00 +1.8587e+00
807 +3.765103959e+00 +3.765103959e+00 +2.121451040e+02 +2.121451040e+02 +8.0139e-01 -5.6379e-01 -7.5457e-01 +3.1006e-01 +4.5755e-01 +7.3935e-01 +1.3875e+00 +1.3176e+00 -2.0573e+00 +1.5502e+00
3132 +2.378947336e+00 +2.378947336e+00 +2.107589473e+02 +2.107589473e+02 +2.6886e-01 +2.7483e+00 -2.0211e-01 +7.8605e-01 +1.0329e+00 +4.7808e-01 +2.5534e+00 +1.9274e+00 -1.5434e+00 +1.0733e+00
% function evaluation | noise-free fitness - Fopt (-1.449600000000e+02) | best noise-free fitness - Fopt | measured fitness | best measured fitness | x1 | x2...
1 +9.912936353e+04 +9.912936353e+04 +9.898440353e+04 +9.898440353e+04 +2.7070e+00 +4.1972e+00 -7.8025e-01 +4.3476e+00 -2.6779e+00 -4.7469e-01 -1.3503e+00 -5.7784e-01 +1.3417e+00 -2.3744e+00
7 +4.529960661e+04 +4.529960661e+04 +4.515464661e+04 +4.515464661e+04 -3.0255e+00 +9.5702e-02 +9.5592e-01 +1.9136e+00 -4.6567e-01 -9.2639e-01 -3.2189e+00 -9.8733e-01 +2.0580e+00 +4.4845e+00
8 +1.132723895e+04 +1.132723895e+04 +1.118227895e+04 +1.118227895e+04 -2.9155e+00 +3.7996e+00 +6.6061e-01 -4.1888e+00 +1.6983e+00 +3.5144e-01 -9.1733e-01 +4.0787e+00 -1.2738e-01 +3.5200e+00
25 +9.602056954e+03 +9.602056954e+03 +9.457096954e+03 +9.457096954e+03 -2.1673e-01 +2.5124e-01 +1.6946e+00 -1.7001e-01 -1.3010e+00 -6.1860e-01 -2.9823e+00 +1.5547e+00 -4.7090e-01 +4.1172e+00
34 +5.989197077e+03 +5.989197077e+03 +5.844237077e+03 +5.844237077e+03 -1.7991e+00 -3.6956e+00 -7.1119e-01 -4.8374e+00 +1.9237e+00 +1.1869e+00 -2.9763e+00 -2.9735e-01 -3.2232e+00 +7.6358e-01
156 +1.083204443e+03 +1.083204443e+03 +9.382444431e+02 +9.382444431e+02 -2.0613e+00 -1.1829e+00 +7.0505e-01 -1.7517e+00 -8.7933e-01 +1.8836e+00 -1.0356e+00 +6.3122e-01 -3.2053e+00 +5.3831e-01
204 +3.886738044e+02 +3.886738044e+02 +2.437138044e+02 +2.437138044e+02 -3.3718e+00 -1.9935e+00 +3.9130e-01 -2.0822e+00 +8.0906e-01 +2.5030e-01 -2.2620e+00 +9.0210e-01 -2.6261e+00 +1.8471e+00
407 +1.854980877e+02 +1.854980877e+02 +4.053808771e+01 +4.053808771e+01 -1.9062e+00 +6.1717e-01 -2.1570e+00 -2.7201e+00 -4.6246e-01 -1.3519e-01 -2.0326e+00 +9.7511e-01 -2.0246e+00 +1.2878e+00
507 +1.471194904e+02 +1.471194904e+02 +2.159490363e+00 +2.159490363e+00 -2.0821e+00 +1.6186e+00 -1.5578e+00 -2.9181e+00 -7.9640e-01 +2.2256e+00 -8.4858e-01 +1.8991e+00 -1.4208e+00 +1.4003e+00
625 +4.062311766e+00 +4.062311766e+00 -1.408976882e+02 -1.408976882e+02 -4.3394e-01 +1.7419e-01 -1.8208e+00 -1.0209e-01 -1.7547e+00 +4.2906e-01 -1.9886e+00 +2.0802e+00 -1.2172e+00 +1.0832e+00
701 +3.744293103e+00 +3.744293103e+00 -1.412157069e+02 -1.412157069e+02 -2.7715e-01 +5.0030e-01 -1.3007e+00 -1.6148e-02 -5.5714e-01 +6.7553e-01 -5.9658e-01 +1.6121e+00 -1.9018e+00 +1.5476e+00
2453 +2.482988341e+00 +2.482988341e+00 -1.424770117e+02 -1.424770117e+02 +2.8237e-02 +6.1084e-01 -2.7534e+00 -6.0677e-01 -1.6319e+00 +3.8508e-01 -2.4875e+00 +1.9876e+00 -1.7406e+00 +1.6840e+00
% function evaluation | noise-free fitness - Fopt (-6.300000000000e+00) | best noise-free fitness - Fopt | measured fitness | best measured fitness | x1 | x2...
1 +9.614679742e+03 +9.614679742e+03 +9.608379742e+03 +9.608379742e+03 -4.2852e+00 -4.1644e+00 +6.7192e-02 -2.3094e+00 -3.0604e+00 +2.3006e+00 +6.0991e-01 -1.1671e-01 +2.9892e+00 +4.6515e-01
151 +4.658336119e+03 +4.658336119e+03 +4.652036119e+03 +4.652036119e+03 -1.7932e+00 +3.6580e+00 +8.7329e-01 +2.4680e+00 -3.4759e-01 -3.1383e+00 -6.4008e-01 -1.7396e+00 +7.1818e-01 +1.2994e+00
213 +1.646520809e+03 +1.646520809e+03 +1.640220809e+03 +1.640220809e+03 -1.3218e+00 +1.7953e+00 -1.9038e+00 +2.9091e+00 -1.0337e-03 -1.2590e+00 -4.7801e-01 -2.9112e+00 +2.3964e+00 +9.5734e-01
307 +1.399493761e+03 +1.399493761e+03 +1.393193761e+03 +1.393193761e+03 +2.1036e+00 +1.3953e-01 -3.4617e+00 +4.6320e-01 -5.2460e-01 -2.1354e+00 -6.3187e-01 -4.2019e-01 +2.3052e+00 +2.2345e+00
320 +3.692894720e+02 +3.692894720e+02 +3.629894720e+02 +3.629894720e+02 +3.3680e+00 +9.7833e-02 -1.6444e+00 +2.7625e+00 +1.7104e-01 -6.5566e-01 +1.1883e+00 -2.2102e+00 +1.4303e+00 +1.6919e+00
468 +3.721416468e+01 +3.721416468e+01 +3.091416468e+01 +3.091416468e+01 +2.6923e+00 -1.7939e+00 -2.6032e+00 +1.9018e+00 +3.3551e-01 -2.1508e+00 +2.1138e+00 -1.1869e+00 +2.0758e+00 +2.2836e+00
562 +3.941906289e+00 +3.941906289e+00 -2.358093711e+00 -2.358093711e+00 +1.0995e+00 -3.6800e-01 -2.1519e+00 +2.3526e+00 +2.0915e-01 -2.0341e+00 +1.0893e+00 -1.4362e+00 +1.8173e+00 +1.6338e+00
2604 +2.440907239e+00 +2.440907239e+00 -3.859092761e+00 -3.859092761e+00 -6.1668e-01 -1.8296e+00 -7.9110e-01 +2.2820e+00 -2.0191e+00 -2.2746e+00 +3.7624e-01 -2.5661e+00 +1.2945e+00 +1.5919e+00
% function evaluation | noise-free fitness - Fopt (-2.206000000000e+01) | best noise-free fitness - Fopt | measured fitness | best measured fitness | x1 | x2...
1 +3.298620765e+05 +3.298620765e+05 +3.298400165e+05 +3.298400165e+05 +3.9042e-01 +1.3443e+00 -3.4614e-02 +1.9327e+00 -4.8871e+00 -3.7518e+00 +1.9534e+00 +1.4276e+00 +4.7196e+00 -4.3019e+00
2 +8.938012455e+04 +8.938012455e+04 +8.935806455e+04 +8.935806455e+04 -1.5850e+00 +2.2030e+00 -1.8041e+00 +8.0564e-01 -3.9056e+00 -4.9504e+00 +5.9919e-01 -4.9676e+00 -4.2423e+00 -2.8096e+00
8 +4.943644916e+04 +4.943644916e+04 +4.941438916e+04 +4.941438916e+04 -1.0729e+00 -1.5924e-01 -1.9937e+00 +1.1776e+00 -8.5879e-01 +3.5826e+00 +2.2275e+00 -1.8417e+00 -1.8703e+00 -1.8049e+00
17 +1.736808198e+04 +1.736808198e+04 +1.734602198e+04 +1.734602198e+04 -3.8939e+00 +2.6417e+00 +3.7171e+00 -3.0488e+00 +1.9650e+00 +2.3162e-01 -2.0182e-01 -3.2481e+00 -3.9405e+00 +1.2456e+00
25 +1.360202403e+04 +1.360202403e+04 +1.357996403e+04 +1.357996403e+04 +3.9792e-01 +4.4078e+00 -4.3648e+00 +4.2566e+00 +1.8912e+00 +5.2867e-01 +3.1481e+00 -9.4061e-02 -2.5217e+00 -1.3699e-01
57 +2.531494156e+03 +2.531494156e+03 +2.509434156e+03 +2.509434156e+03 -3.2770e+00 +1.0947e+00 -3.1936e-01 -8.0764e-01 -1.4000e+00 -1.4815e+00 +5.8499e-01 -1.7101e+00 -3.5021e-01 +6.1452e-01
202 +7.345131728e+02 +7.345131728e+02 +7.124531728e+02 +7.124531728e+02 -2.1680e+00 -1.1767e+00 +1.4528e+00 -6.4720e-01 +1.2377e+00 -2.3996e+00 +1.1226e-01 -1.6407e+00 -2.5198e+00 +3.4082e-01
454 +9.964784302e+01 +9.964784302e+01 +7.758784302e+01 +7.758784302e+01 -2.5144e+00 +1.9080e+00 -3.9356e-01 -2.8554e+00 +2.0547e+00 -2.5212e+00 -2.7900e-01 -2.4112e+00 -9.2904e-01 +1.8129e+00
554 +5.489754664e+01 +5.489754664e+01 +3.283754664e+01 +3.283754664e+01 +4.6169e-01 +5.7035e-01 -5.6711e-01 -2.9987e+00 +2.7616e-01 -2.2293e+00 +1.0891e+00 -1.2626e+00 -1.7412e+00 +8.1049e-01
557 +5.047306429e+00 +5.047306429e+00 -1.701269357e+01 -1.701269357e+01 -8.8739e-01 +1.4308e+00 -2.3940e+00 -1.6012e+00 +1.7654e+00 -1.0185e+00 +2.7422e-01 -1.6753e+00 -6.7821e-01 +2.2265e+00
950 +3.703476067e+00 +3.703476067e+00 -1.835652393e+01 -1.835652393e+01 -5.5839e-01 +6.6322e-01 -3.8836e-01 +6.3639e-02 +5.5289e-01 -7.9853e-01 +1.6597e+00 -2.2836e+00 -5.5301e-01 +2.5480e+00
2473 +2.494533233e+00 +2.494533233e+00 -1.956546677e+01 -1.956546677e+01 +1.0957e+00 -8.3327e-01 -2.8535e+00 -7.6958e-01 +7.6188e-01 -2.2234e+00 +2.0439e+00 -2.1888e+00 -1.1121e+00 +1.7652e+00
% function evaluation | noise-free fitness - Fopt (7.129000000000e+01) | best noise-free fitness - Fopt | measured fitness | best measured fitness | x1 | x2...
1 +3.085828712e+05 +3.085828712e+05 +3.086541612e+05 +3.086541612e+05 -2.6724e+00 +3.7465e+00 +4.9613e+00 +2.8453e+00 +2.1850e+00 +4.6031e+00 -2.3583e+00 -3.5542e+00 +4.5967e+00 -4.4754e+00
2 +1.260167731e+05 +1.260167731e+05 +1.260880631e+05 +1.260880631e+05 -4.0714e+00 -3.2006e+00 +1.1549e+00 +1.1550e+00 +4.1003e+00 -2.6065e+00 -2.7903e+00 +1.6313e+00 +2.3218e+00 -2.1039e+00
6 +8.385281380e+04 +8.385281380e+04 +8.392410380e+04 +8.392410380e+04 -8.9831e-01 +1.4927e+00 +1.1760e+00 -1.7839e+00 -2.1985e+00 +1.8417e+00 +2.5129e+00 -3.1732e+00 -7.4763e-01 -2.8031e+00
7 +4.560328518e+04 +4.560328518e+04 +4.567457518e+04 +4.567457518e+04 -1.5432e+00 -4.3470e+00 +4.5719e+00 +2.3053e+00 -3.7347e+00 -9.3939e-01 -2.1606e+00 +2.1194e+00 +1.3938e+00 +1.1967e+00
23 +3.625439393e+04 +3.625439393e+04 +3.632568393e+04 +3.632568393e+04 -4.7635e+00 -3.0080e+00 +1.1640e+00 +3.0967e+00 -1.4054e+00 -3.7654e+00 -3.7745e+00 -4.1342e+00 +4.1603e-01 -4.4831e-01
39 +1.049313287e+04 +1.049313287e+04 +1.056442287e+04 +1.056442287e+04 -1.1710e-01 -6.4103e-01 +3.8411e+00 +2.9678e+00 -2.2560e+00 -4.1250e+00 -5.9051e-01 -5.3000e-01 -3.6531e+00 -2.5983e-01
45 +8.587172798e+03 +8.587172798e+03 +8.658462798e+03 +8.658462798e+03 -2.4669e+00 +3.7999e+00 -4.3689e+00 +2.4400e+00 -1.1771e+00 +1.6998e-02 -1.6583e+00 -1.2706e+00 -1.0634e-01 +3.5121e+00
153 +4.413658278e+03 +4.413658278e+03 +4.484948278e+03 +4.484948278e+03 -5.1103e-01 +2.7258e-01 +3.7211e-01 +2.3324e+00 -7.6137e-01 -9.4001e-02 -3.2175e+00 -3.2914e+00 -5.3445e-01 +2.0128e+00
165 +1.731022332e+03 +1.731022332e+03 +1.802312332e+03 +1.802312332e+03 -4.2348e-01 -4.2122e-01 -1.0157e+00 -1.1947e+00 -1.1191e+00 -3.7985e-01 -2.3714e+00 +4.6795e-01 -1.6283e+00 +9.0978e-01
260 +5.957051949e+02 +5.957051949e+02 +6.669951949e+02 +6.669951949e+02 +4.7394e-02 -9.4260e-01 +4.1538e-02 +2.1523e+00 +9.1463e-01 -2.3953e+00 -3.2455e-01 -5.2257e-01 -1.7563e+00 +3.9218e-01
353 +1.284733374e+02 +1.284733374e+02 +1.997633374e+02 +1.997633374e+02 -2.4851e+00 +6.6545e-01 +3.6839e-01 -9.6527e-01 -6.7121e-01 -8.8533e-01 -6.3874e-01 -5.2941e-01 -1.0932e+00 +1.1217e+00
472 +3.887868703e+00 +3.887868703e+00 +7.517786870e+01 +7.517786870e+01 +4.7185e-01 +2.7587e+00 -9.2228e-01 +1.4271e+00 -2.0152e+00 -7.3626e-01 -9.6292e-01 -1.8240e+00 -9.9847e-01 +1.4745e+00
3301 +2.418028420e+00 +2.418028420e+00 +7.370802842e+01 +7.370802842e+01 +1.1649e+00 +2.8208e+00 +2.0084e+00 +1.2152e+00 -2.2062e+00 -2.3923e-01 -2.0980e+00 -2.0579e+00 -8.2831e-01 +1.9802e+00
% function evaluation | noise-free fitness - Fopt (-1.054000000000e+01) | best noise-free fitness - Fopt | measured fitness | best measured fitness | x1 | x2...
1 +1.972877388e+05 +1.972877388e+05 +1.972771988e+05 +1.972771988e+05 -4.2171e-01 +4.8467e+00 -1.4643e+00 +1.1964e+00 -1.0308e+00 +2.6678e+00 -2.8762e+00 +4.8474e+00 -3.5843e+00 -6.4444e-01
3 +7.525217012e+04 +7.525217012e+04 +7.524163012e+04 +7.524163012e+04 +7.2303e-01 +5.4676e-01 -4.8869e+00 +2.9574e+00 +2.4912e+00 -1.9359e+00 +2.9459e+00 -1.3224e+00 +4.1021e+00 -1.6474e+00
5 +4.580574607e+04 +4.580574607e+04 +4.579520607e+04 +4.579520607e+04 -3.1429e+00 +1.6881e+00 -2.8515e+00 +4.1594e+00 -1.6346e+00 +4.5051e+00 -2.2651e+00 -2.3090e+00 +2.9229e+00 -2.2556e+00
6 +3.833732723e+04 +3.833732723e+04 +3.832678723e+04 +3.832678723e+04 +3.1431e+00 +2.4111e+00 +4.9247e-01 +9.7662e-01 +1.7897e+00 +1.4945e-01 +3.7640e+00 -1.5823e+00 +1.0850e+00 +6.1497e-01
18 +2.345026257e+04 +2.345026257e+04 +2.343972257e+04 +2.343972257e+04 -2.1607e+00 -3.4486e+00 +3.7630e-01 -2.0548e+00 -2.7192e+00 -3.0240e+00 -2.7571e-01 +3.6281e-01 +4.4464e+00 -6.1577e-01
65 +1.244130268e+04 +1.244130268e+04 +1.243076268e+04 +1.243076268e+04 -5.2974e-01 +4.7015e-01 +2.0548e+00 +2.7782e+00 -7.6517e-01 -1.4510e+00 -3.4395e+00 +9.0799e-01 +2.1302e+00 +1.5063e+00
143 +5.853761790e+03 +5.853761790e+03 +5.843221790e+03 +5.843221790e+03 -1.7993e+00 +1.5587e+00 -3.4602e+00 -2.4835e+00 -3.2872e+00 -2.3246e+00 -8.3985e-01 -5.7346e-01 +2.5622e+00 +1.2233e+00
203 +3.609333936e+03 +3.609333936e+03 +3.598793936e+03 +3.598793936e+03 -1.0311e+00 +2.0506e+00 -3.0891e+00 -2.6172e+00 -1.2004e+00 +1.7012e-01 +1.3411e-01 -2.5758e+00 +9.5763e-01 +3.2839e+00
252 +1.780258010e+03 +1.780258010e+03 +1.769718010e+03 +1.769718010e+03 +1.7009e+00 -5.4658e-01 -2.4067e+00 +2.2244e+00 -1.1646e+00 +2.7026e+00 -1.3974e+00 -1.7443e+00 +1.7314e+00 +2.7319e+00
351 +1.611295531e+02 +1.611295531e+02 +1.505895531e+02 +1.505895531e+02 +8.5415e-01 +4.7786e-01 -3.5327e+00 +1.4719e+00 -6.8410e-01 +2.1036e+00 -1.7295e+00 -2.2717e+00 +9.8600e-01 +2.3044e+00
475 +1.577912287e+02 +1.577912287e+02 +1.472512287e+02 +1.472512287e+02 +2.0985e+00 +1.0690e+00 +4.6636e-01 -2.3968e+00 -1.8729e+00 +2.6759e+00 -1.0093e+00 -1.4220e+00 +1.9923e+00 +2.3279e+00
503 +4.962571512e+01 +4.962571512e+01 +3.908571512e+01 +3.908571512e+01 +7.3945e-01 +1.9031e+00 -2.1121e+00 -1.2006e-01 -1.7208e-01 +2.1957e+00 -1.0212e+00 -2.5092e+00 +1.0287e+00 +2.2944e+00
656 +4.892809359e+00 +4.892809359e+00 -5.647190641e+00 -5.647190641e+00 +1.2992e+00 +3.9517e-01 -2.0066e+00 -1.2468e-01 -1.5891e+00 +1.7023e+00 -2.6104e-01 -2.1769e+00 +6.6356e-01 +2.2280e+00
705 +3.286708233e+00 +3.286708233e+00 -7.253291767e+00 -7.253291767e+00 +2.0332e+00 +1.4672e+00 -2.9843e+00 -1.9441e+00 -1.0464e+00 +1.0554e+00 -5.4189e-01 -1.7699e+00 +5.5792e-01 +2.0874e+00
3713 +2.370659437e+00 +2.370659437e+00 -8.169340563e+00 -8.169340563e+00 +1.9790e+00 +1.0526e+00 -2.1104e+00 -1.9324e+00 -1.0788e+00 +9.0490e-01 -7.0539e-01 -2.4385e+00 +1.1774e+00 +1.6806e+00
% function evaluation | noise-free fitness - Fopt (3.860100000000e+02) | best noise-free fitness - Fopt | measured fitness | best measured fitness | x1 | x2...
1 +9.463516620e+04 +9.463516620e+04 +9.502117620e+04 +9.502117620e+04 +2.5750e+00 -6.8891e-01 -4.5200e+00 +4.9213e+00 -4.6599e+00 +4.1160e+00 -5.2848e-02 +3.9069e+00 -4.7161e+00 -2.1945e+00
4 +4.555312904e+04 +4.555312904e+04 +4.593913904e+04 +4.593913904e+04 +3.0942e+00 +1.9892e+00 +3.7600e+00 +1.8186e+00 -2.3495e-03 -4.3744e-01 +2.6680e+00 -3.8410e+00 +4.0566e+00 -1.9666e+00
11 +1.272737410e+04 +1.272737410e+04 +1.311338410e+04 +1.311338410e+04 +4.9333e+00 +1.6090e+00 -2.8963e-01 +3.0592e+00 -2.1337e+00 +3.7516e+00 +1.1714e+00 +4.3705e+00 +7.0303e-01 -1.4632e+00
64 +7.179562125e+02 +7.179562125e+02 +1.103966213e+03 +1.103966213e+03 +1.6142e-01 +1.4010e+00 -1.3890e+00 -8.7288e-01 -1.7975e-01 +1.0435e+00 +6.6597e-01 +1.3134e-01 +7.2891e-01 -1.2100e+00
353 +9.096652019e+01 +9.096652019e+01 +4.769765202e+02 +4.769765202e+02 +2.6303e+00 +2.4627e+00 -2.6742e+00 -1.4183e-01 -1.4598e-01 +1.4254e+00 +2.3656e+00 +1.3792e-01 +1.8777e+00 -1.1242e+00
563 +7.848509119e+00 +7.848509119e+00 +3.938585091e+02 +3.938585091e+02 -4.4899e-01 +1.2107e+00 +4.9248e-01 +1.5244e+00 +2.3514e+00 +1.2691e+00 +1.2814e+00 +1.0832e+00 +6.7187e-01 -9.9404e-01
607 +5.832304587e+00 +5.832304587e+00 +3.918423046e+02 +3.918423046e+02 +8.2163e-01 +2.3569e-01 -2.1706e+00 +1.1496e+00 +1.6344e+00 -2.4038e-01 +2.6719e+00 +7.7361e-01 +1.7518e+00 -8.4430e-01
766 +3.772890630e+00 +3.772890630e+00 +3.897828906e+02 +3.897828906e+02 +3.4534e-01 -4.9768e-01 +4.7903e-01 +3.0385e+00 +1.1256e+00 +1.4225e+00 +2.3214e+00 +8.8120e-01 +2.4101e+00 -1.5606e+00
3058 +2.144847261e+00 +2.144847261e+00 +3.881548473e+02 +3.881548473e+02 +9.9308e-01 -1.3622e+00 +4.7305e-01 +2.7541e+00 +5.7972e-01 +5.7816e-01 +1.9225e+00 +6.8930e-01 +2.0898e+00 -1.0434e+00
% function evaluation | noise-free fitness - Fopt (-1.257000000000e+01) | best noise-free fitness - Fopt | measured fitness | best measured fitness | x1 | x2...
1 +8.262265423e+04 +8.262265423e+04 +8.261008423e+04 +8.261008423e+04 +1.5654e+00 +3.1510e+00 +3.4785e+00 +2.3104e+00 +3.5799e+00 -4.7316e+00 +2.8237e+00 +3.4093e+00 +7.4141e-01 -8.2475e-01
2 +6.228861947e+04 +6.228861947e+04 +6.227604947e+04 +6.227604947e+04 -3.2995e+00 +2.3927e+00 +1.1900e+00 +6.2380e-01 +4.7111e+00 +7.0732e-01 +3.4925e+00 -1.7786e+00 +3.9011e+00 +2.5816e+00
21 +3.227196113e+04 +3.227196113e+04 +3.225939113e+04 +3.225939113e+04 +2.3768e+00 +2.3849e+00 -2.0868e+00 +2.2968e+00 +1.0119e-01 -2.8677e-01 -1.1196e-01 +3.8366e+00 -1.7462e+00 -4.9068e-01
25 +2.341464196e+04 +2.341464196e+04 +2.340207196e+04 +2.340207196e+04 +4.5574e+00 -1.4139e+00 +3.0989e+00 -4.3024e+00 -2.9467e+00 +3.5393e+00 +2.8275e+00 +4.5697e+00 +6.4133e-01 +2.0965e+00
176 +1.027978808e+04 +1.027978808e+04 +1.026721808e+04 +1.026721808e+04 +1.3083e+00 +2.1183e+00 +3.7007e+00 -2.1360e+00 +1.8811e-01 -9.1029e-01 +5.1266e-01 +1.6865e+00 +2.6248e+00 +2.8493e+00
214 +4.686539268e+03 +4.686539268e+03 +4.673969268e+03 +4.673969268e+03 +2.9755e+00 -1.4420e+00 -5.8855e-01 -3.2255e+00 -2.5095e-01 +2.0073e+00 +7.5596e-01 -1.1730e-01 +3.2384e+00 +2.1009e+00
370 +1.990980561e+03 +1.990980561e+03 +1.978410561e+03 +1.978410561e+03 +1.2953e+00 +1.0887e+00 +1.9361e+00 -2.1129e+00 +2.6574e+00 +2.0680e+00 -7.5350e-01 +1.6205e+00 +5.8158e-02 +3.1610e+00
466 +1.292155053e+02 +1.292155053e+02 +1.166455053e+02 +1.166455053e+02 -3.0579e+00 +2.0157e+00 +1.2605e-01 +1.2472e-01 +9.6863e-01 +2.0946e+00 -1.8295e-02 +1.0112e+00 +1.5878e+00 +1.8418e+00
571 +1.063087721e+01 +1.063087721e+01 -1.939122793e+00 -1.939122793e+00 +2.1708e+00 -4.3266e-01 -3.1451e+00 -1.3018e+00 -2.3992e-01 +2.7576e+00 -1.2774e-01 +2.4900e+00 +2.0480e+00 +1.6030e+00
705 +3.840177134e+00 +3.840177134e+00 -8.729822866e+00 -8.729822866e+00 +2.4889e+00 -3.4427e-01 -1.0528e+00 +4.5477e-01 +1.5597e-02 +2.5897e+00 -2.8019e-01 +2.0430e+00 +1.4250e+00 +1.3608e+00
2221 +2.311512902e+00 +2.311512902e+00 -1.025848710e+01 -1.025848710e+01 +1.9401e+00 -1.2561e+00 -2.8538e-02 -2.6510e+00 -2.4594e-01 +2.5808e+00 -3.1261e-01 +1.2870e+00 +1.9446e+00 +1.7867e+00
% function evaluation | noise-free fitness - Fopt (-1.270400000000e+02) | best noise-free fitness - Fopt | measured fitness | best measured fitness | x1 | x2...
1 +1.368110899e+05 +1.368110899e+05 +1.366840499e+05 +1.366840499e+05 +2.6372e+00 -5.8778e-01 -2.6554e+00 +8.7609e-01 -3.8818e-01 -4.3067e+00 -4.0040e-01 -5.0446e-01 -2.2506e+00 -3.0691e+00
4 +4.196847281e+04 +4.196847281e+04 +4.184143281e+04 +4.184143281e+04 -3.5350e+00 -1.7189e+00 -4.7509e+00 +3.0819e+00 -2.9329e+00 +4.7014e+00 -3.2245e-05 +6.8211e-01 +2.9590e+00 -3.6039e-01
7 +2.080018383e+04 +2.080018383e+04 +2.067314383e+04 +2.067314383e+04 -3.1147e+00 +1.1017e+00 +4.4172e+00 +2.6128e-01 -1.8707e-01 +9.3270e-01 -1.6779e+00 +3.5343e+00 +4.4054e-01 +3.9675e+00
52 +1.198125165e+04 +1.198125165e+04 +1.185421165e+04 +1.185421165e+04 +4.3493e+00 -5.8210e-01 -9.1250e-01 +7.1943e-01 +2.3431e+00 -2.3217e+00 +1.2298e+00 +1.4414e+00 +3.2263e+00 -6.2597e-01
116 +4.827293819e+03 +4.827293819e+03 +4.700253819e+03 +4.700253819e+03 +3.3622e+00 +4.9180e-01 +9.5746e-01 +2.4277e+00 +1.0158e+00 -2.8832e+00 +3.1707e+00 -7.5049e-01 +5.7221e-01 +1.5096e+00
161 +2.930490917e+03 +2.930490917e+03 +2.803450917e+03 +2.803450917e+03 +4.9737e+00 -6.6174e-01 +3.5691e+00 -2.5244e-01 +2.8985e-01 -2.1152e+00 +1.6559e-02 +2.2570e+00 +1.7884e+00 +9.5474e-01
202 +2.360367165e+03 +2.360367165e+03 +2.233327165e+03 +2.233327165e+03 +2.9213e+00 -1.1709e+00 -6.4211e-01 +1.2993e+00 +5.5581e-02 -2.1110e+00 +2.6143e+00 -8.1277e-01 +9.9609e-01 +1.4929e+00
283 +1.310843247e+03 +1.310843247e+03 +1.183803247e+03 +1.183803247e+03 -1.4007e+00 -1.2151e+00 +1.4008e+00 +9.9418e-01 -1.0299e+00 +1.0091e+00 +2.7634e+00 +6.3075e-01 +1.8978e+00 +1.4135e+00
352 +9.100934752e+02 +9.100934752e+02 +7.830534752e+02 +7.830534752e+02 -1.4349e+00 -6.3920e-01 +1.8747e+00 +1.1941e+00 -6.2625e-01 +7.4828e-01 +2.9509e+00 +8.1332e-01 +1.7049e+00 +1.3965e+00
452 +4.271613249e+00 +4.271613249e+00 -1.227683868e+02 -1.227683868e+02 +5.7945e-01 -2.5195e+00 -9.6714e-01 -2.8929e-01 -2.1731e+00 +2.9318e-01 +1.2979e+00 +1.2516e+00 +1.3879e+00 +1.7551e+00
602 +3.548509891e+00 +3.548509891e+00 -1.234914901e+02 -1.234914901e+02 -1.4488e-01 -4.3188e-02 +2.2305e+00 +3.2205e-01 -1.3264e+00 -3.6453e-01 +2.6681e+00 +4.6182e-01 +1.1955e+00 +1.2802e+00
2517 +2.352702535e+00 +2.352702535e+00 -1.246872975e+02 -1.246872975e+02 -2.1799e+00 -2.0700e+00 +2.2115e+00 +2.0635e+00 -1.1582e+00 -2.5414e-01 +2.6122e+00 +1.6630e+00 +1.8164e+00 +1.6099e+00
% function evaluation | noise-free fitness - Fopt (-3.752000000000e+01) | best noise-free fitness - Fopt | measured fitness | best measured fitness | x1 | x2...
1 +6.519451514e+02 +6.519451514e+02 +6.144251514e+02 +6.144251514e+02 -2.1064e+00 -1.9448e+00 -1.1045e+00 -2.2891e-01 +1.5621e-01 +8.8922e-01 +5.5240e-01 -1.0431e+00 +1.7974e+00 +3.2357e-01
158 +4.129559143e+00 +4.129559143e+00 -3.339044086e+01 -3.339044086e+01 -1.6563e+00 +5.6885e-01 -7.4013e-01 +5.0984e-01 -3.9490e-02 +2.5474e+00 +1.6189e+00 -2.1821e+00 +1.3543e+00 +1.6764e+00
466 +3.547870252e+00 +3.547870252e+00 -3.397212975e+01 -3.397212975e+01 -1.2207e+00 +1.1156e+00 -8.9373e-01 +1.0458e+00 +5.1175e-01 +2.5803e+00 +7.3035e-01 -1.4751e+00 +1.3462e+00 +1.1776e+00
1939 +2.298404166e+00 +2.298404166e+00 -3.522159583e+01 -3.522159583e+01 -1.5732e+00 -2.8611e+00 +7.2904e-01 +2.7424e+00 +6.4880e-01 +1.8156e+00 +9.1407e-01 -1.9699e+00 +2.1294e+00 +1.0381e+00
% function evaluation | noise-free fitness - Fopt (-3.311600000000e+02) | best noise-free fitness - Fopt | measured fitness | best measured fitness | x1 | x2...
1 +3.970557745e+04 +3.970557745e+04 +3.937441745e+04 +3.937441745e+04 +1.1411e-01 -1.7173e+00 -4.0876e+00 +2.7738e+00 -3.4105e+00 +1.3007e-01 +3.0871e+00 -4.1376e-01 -3.1410e+00 -1.2300e+00
39 +1.280154555e+04 +1.280154555e+04 +1.247038555e+04 +1.247038555e+04 -3.6217e+00 -4.4081e+00 -3.5491e-01 +4.3273e+00 +1.3149e+00 -1.8676e-01 -3.5885e-01 -1.7536e+00 -1.0765e+00 +6.8758e-01
151 +9.195705126e+03 +9.195705126e+03 +8.864545126e+03 +8.864545126e+03 +7.1057e-01 -2.4671e+00 -1.4559e+00 -2.4689e+00 -1.7219e+00 -3.3911e+00 +1.1811e+00 -1.9462e+00 -1.9729e-01 -1.4229e+00
152 +4.767130557e+03 +4.767130557e+03 +4.435970557e+03 +4.435970557e+03 -5.1504e+00 -5.2710e+00 -2.9587e+00 -9.0895e-01 +5.8566e-01 -1.4617e+00 -2.3957e+00 -1.5787e+00 -2.3147e+00 -3.5441e-01
205 +2.053017305e+03 +2.053017305e+03 +1.721857305e+03 +1.721857305e+03 -3.8125e+00 -4.7001e+00 +5.9581e-01 +4.1406e+00 +1.0720e+00 -1.1496e+00 -2.6053e-01 -5.7478e-01 -1.2308e+00 -1.1473e+00
312 +1.475334605e+03 +1.475334605e+03 +1.144174605e+03 +1.144174605e+03 -7.7942e-02 +2.0462e+00 +1.2736e+00 +3.4587e+00 -3.3969e-01 -2.1027e+00 +3.7827e-01 -2.4408e+00 +1.7580e-02 -2.8637e+00
432 +6.823750083e+02 +6.823750083e+02 +3.512150083e+02 +3.512150083e+02 -1.6467e+00 +1.0473e-01 +6.8014e-01 +3.2792e+00 +1.0629e+00 -2.8933e+00 -2.5996e-02 -1.5156e+00 -2.6985e+00 -2.7297e-01
451 +6.243423486e+02 +6.243423486e+02 +2.931823486e+02 +2.931823486e+02 -1.5148e+00 -1.0058e+00 +6.7452e-01 +2.6513e+00 +2.8605e+00 -2.3224e+00 +3.0281e-01 -2.8566e+00 -1.0686e+00 -1.5604e+00
453 +4.619842174e+00 +4.619842174e+00 -3.265401578e+02 -3.265401578e+02 -2.3336e+00 -3.2250e+00 +6.6534e-01 +2.2571e+00 +1.8183e-01 -2.2071e+00 -7.9301e-01 -5.6066e-01 -1.3519e+00 -1.0622e+00
802 +3.395397186e+00 +3.395397186e+00 -3.277646028e+02 -3.277646028e+02 -2.3875e+00 -3.2503e+00 +3.3223e-01 +2.7155e+00 +8.8610e-01 -2.3536e+00 -1.8056e+00 -1.3277e+00 -8.5932e-01 -1.7805e+00
1847 +2.416406401e+00 +2.416406401e+00 -3.287435936e+02 -3.287435936e+02 -5.4513e-01 +3.3683e-01 -1.8850e+00 +2.1705e+00 +7.3830e-01 -2.4480e+00 -2.1939e+00 -2.0949e+00 -1.6782e+00 -1.4504e+00
% function evaluation | noise-free fitness - Fopt (4.481000000000e+01) | best noise-free fitness - Fopt | measured fitness | best measured fitness | x1 | x2...
1 +2.203364766e+05 +2.203364766e+05 +2.203812866e+05 +2.203812866e+05 +1.3379e+00 -3.9003e+00 -2.2027e+00 +9.7314e-01 -4.0016e-01 -2.3454e+00 +4.0246e+00 +4.2513e+00 -3.3974e+00 +2.2263e+00
3 +1.091112497e+05 +1.091112497e+05 +1.091560597e+05 +1.091560597e+05 -4.0951e+00 +2.1658e+00 -8.5170e-01 +3.9614e+00 +3.0729e+00 -1.5938e+00 +1.5964e-02 +2.4136e+00 -2.4439e+00 +8.9882e-01
4 +5.630892356e+04 +5.630892356e+04 +5.635373356e+04 +5.635373356e+04 -4.7729e+00 +6.8839e-01 -1.2588e+00 -3.7037e+00 +1.7712e+00 +3.2324e-01 +3.4571e+00 -2.2086e+00 -1.8292e+00 +9.5174e-01
9 +1.700523088e+04 +1.700523088e+04 +1.705004088e+04 +1.705004088e+04 +3.4860e+00 +4.9192e+00 -3.4661e+00 +4.7988e+00 +3.2829e+00 +1.0823e-01 +4.0572e+00 +2.0996e+00 +2.6144e+00 -6.9382e-01
45 +6.875960309e+03 +6.875960309e+03 +6.920770309e+03 +6.920770309e+03 -4.1467e+00 -1.9289e+00 +6.2228e-01 +1.7264e+00 +1.4636e+00 +1.5626e+00 -1.6441e+00 -1.4030e+00 +2.6190e+00 -1.0422e+00
151 +3.994327506e+03 +3.994327506e+03 +4.039137506e+03 +4.039137506e+03 -4.0429e+00 -2.6218e+00 +2.8247e-02 +1.6317e+00 +3.9441e-01 +2.0711e+00 -1.2991e+00 -1.2122e+00 +2.3319e+00 -1.9351e+00
158 +2.992077235e+03 +2.992077235e+03 +3.036887235e+03 +3.036887235e+03 +1.8964e-01 +1.6112e+00 +7.5528e-01 +8.7165e-01 +3.3441e+00 +7.3117e-01 -1.1554e-01 -3.2237e+00 -5.7669e-01 -2.4348e+00
201 +1.207353172e+03 +1.207353172e+03 +1.252163172e+03 +1.252163172e+03 +9.5197e-01 +3.6948e-01 +2.0332e+00 +6.3424e-01 +3.1262e+00 +2.8324e+00 +5.8465e-01 -2.8941e+00 +5.3749e-01 -2.0439e+00
221 +8.857054571e+02 +8.857054571e+02 +9.305154571e+02 +9.305154571e+02 -3.1122e+00 +1.4637e+00 -2.3148e+00 +1.2346e+00 +9.0629e-01 -1.4200e-01 +1.8693e+00 -1.5771e+00 +1.1303e+00 -8.1321e-01
460 +4.796884663e+02 +4.796884663e+02 +5.244984663e+02 +5.244984663e+02 -1.0343e+00 -2.4654e+00 +1.4198e+00 +1.2223e+00 +2.9193e+00 +7.6531e-01 +9.8234e-01 -1.0322e+00 +1.8364e+00 -6.5651e-01
552 +3.952350538e+00 +3.952350538e+00 +4.876235054e+01 +4.876235054e+01 -8.4825e-01 +2.8035e-01 -5.6208e-01 +6.2090e-01 +2.3891e+00 +6.5611e-01 +2.0608e+00 -1.0193e+00 +1.9418e+00 -1.0767e+00
2926 +2.373162803e+00 +2.373162803e+00 +4.718316280e+01 +4.718316280e+01 +6.8839e-01 +3.3498e-01 +2.4802e+00 +1.7588e+00 +5.8609e-02 +1.5977e+00 +2.2025e+00 -6.6580e-01 +1.1042e+00 -1.1973e+00
% function evaluation | noise-free fitness - Fopt (-1.764600000000e+02) | best noise-free fitness - Fopt | measured fitness | best measured fitness | x1 | x2...
1 +2.925488112e+05 +2.925488112e+05 +2.923723512e+05 +2.923723512e+05 +2.6938e+00 +3.2227e+00 +1.2740e+00 +3.2906e+00 -5.8714e-01 -2.0942e+00 -2.6420e+00 +4.1811e+00 -4.5259e+00 -2.8763e+00
2 +1.070518149e+05 +1.070518149e+05 +1.068753549e+05 +1.068753549e+05 -3.1234e+00 +8.9394e-01 -6.1528e-01 +8.4797e-01 -5.5957e-01 +3.6925e+00 +1.2239e+00 +2.7574e+00 +2.4348e+00 -3.6191e+00
3 +4.876173486e+04 +4.876173486e+04 +4.858527486e+04 +4.858527486e+04 -3.0322e+00 -3.3898e+00 -4.4586e+00 -2.9490e+00 +1.7506e+00 +4.4589e+00 -1.5481e-01 -2.0603e-02 +3.9363e+00 -2.7507e+00
6 +2.181592613e+04 +2.181592613e+04 +2.163946613e+04 +2.163946613e+04 -4.3807e+00 +4.1608e+00 +2.0287e+00 +1.1306e+00 -1.8035e+00 -1.2042e+00 +4.4835e-01 -1.8320e+00 -1.0528e+00 +3.1703e+00
26 +7.851482397e+03 +7.851482397e+03 +7.675022397e+03 +7.675022397e+03 +1.8088e+00 -1.7726e+00 -6.7247e-03 -2.1549e+00 +2.8668e+00 +1.0777e+00 +1.3111e+00 -3.6969e+00 +2.9119e-01 +2.4252e+00
251 +5.485719259e+03 +5.485719259e+03 +5.309259259e+03 +5.309259259e+03 -7.4698e-01 -2.7540e+00 +4.2391e-01 -2.7558e+00 +2.1602e+00 +1.4590e+00 -3.9546e-01 -1.0564e+00 +2.2820e+00 +6.3008e-01
304 +2.139401710e+03 +2.139401710e+03 +1.962941710e+03 +1.962941710e+03 +2.3263e+00 -1.2190e+00 +1.1996e+00 -1.6693e+00 +2.0593e+00 +4.2904e-01 -1.1289e+00 -1.2123e+00 +1.5574e+00 +2.1367e+00
351 +6.822216549e+02 +6.822216549e+02 +5.057616549e+02 +5.057616549e+02 +1.1953e+00 -1.1126e+00 +1.0825e-01 -1.3665e+00 +1.6423e+00 +1.0572e+00 -6.6094e-01 -1.9907e+00 +1.3236e+00 +2.3046e+00
451 +3.423884532e+02 +3.423884532e+02 +1.659284532e+02 +1.659284532e+02 +1.2994e-02 -3.3178e-01 -5.0185e-02 -1.0765e+00 +1.7840e+00 +7.9116e-01 -1.5496e+00 -1.3384e+00 +1.0942e+00 +2.6144e+00
457 +3.319662501e+00 +3.319662501e+00 -1.731403375e+02 -1.731403375e+02 -2.1456e+00 -4.8088e-01 -1.2023e-02 +7.3016e-01 +2.4196e+00 +5.0603e-01 -2.1123e+00 -9.6120e-01 +1.2836e+00 +9.0458e-01
2520 +2.488046289e+00 +2.488046289e+00 -1.739719537e+02 -1.739719537e+02 -2.2212e+00 +1.1588e+00 -6.7913e-02 +8.9982e-02 +1.9046e+00 +1.8196e-01 -1.7483e+00 -2.1370e+00 +8.8091e-01 +2.0205e+00
