% function evaluation | noise-free fitness - Fopt (3.590000000000e+01) | best noise-free fitness - Fopt | measured fitness | best measured fitness | x1 | x2...
1 +1.905875323e+02 +1.905875323e+02 +2.264875323e+02 +2.264875323e+02 +2.9137e+00 +1.4281e+00
20 +4.588917491e+01 +4.588917491e+01 +8.178917491e+01 +8.178917491e+01 +4.1486e+00 -2.4848e+00
23 +2.103625042e+01 +2.103625042e+01 +5.693625042e+01 +5.693625042e+01 +4.3983e+00 +1.4674e+00
26 +2.966559827e+00 +2.966559827e+00 +3.886655983e+01 +3.886655983e+01 +3.5508e+00 -4.5121e-01
73 +1.342803835e+00 +1.342803835e+00 +3.724280384e+01 +3.724280384e+01 +3.2761e+00 +5.8460e-01
155 +7.443171541e-01 +7.443171541e-01 +3.664431715e+01 +3.664431715e+01 +3.1355e+00 +8.7756e-01
373 +4.099425327e-01 +4.099425327e-01 +3.630994253e+01 +3.630994253e+01 +3.0364e+00 +9.2625e-01
378 +3.821086295e-01 +3.821086295e-01 +3.628210863e+01 +3.628210863e+01 +3.0180e+00 +6.0789e-01
444 +1.192006726e-01 +1.192006726e-01 +3.601920067e+01 +3.601920067e+01 +2.9117e+00 +8.7861e-01
490 +8.059575077e-02 +8.059575077e-02 +3.598059575e+01 +3.598059575e+01 +2.8723e+00 +8.7939e-01
570 +3.306723851e-02 +3.306723851e-02 +3.593306724e+01 +3.593306724e+01 +2.8322e+00 +1.1100e+00
669 +1.661775903e-02 +1.661775903e-02 +3.591661776e+01 +3.591661776e+01 +2.8148e+00 +1.1166e+00
719 +8.034426287e-03 +8.034426287e-03 +3.590803443e+01 +3.590803443e+01 +2.8009e+00 +1.1216e+00
955 +1.942429702e-03 +1.942429702e-03 +3.590194243e+01 +3.590194243e+01 +2.7948e+00 +1.0890e+00
1543 +1.141922600e-03 +1.141922600e-03 +3.590114192e+01 +3.590114192e+01 +2.7892e+00 +1.1140e+00
1655 +1.904510149e-04 +1.904510149e-04 +3.590019045e+01 +3.590019045e+01 +2.7848e+00 +1.1056e+00
1755 +2.982383877e-05 +2.982383877e-05 +3.590002982e+01 +3.590002982e+01 +2.7828e+00 +1.1130e+00
2656 +7.325008163e-06 +7.325008163e-06 +3.590000733e+01 +3.590000733e+01 +2.7821e+00 +1.1134e+00
3068 +4.444727182e-07 +4.444727182e-07 +3.590000044e+01 +3.590000044e+01 +2.7817e+00 +1.1133e+00
3567 +4.855944979e-08 +4.855944979e-08 +3.590000005e+01 +3.590000005e+01 +2.7816e+00 +1.1136e+00
4167 +3.285450845e-08 +3.285450845e-08 +3.590000003e+01 +3.590000003e+01 +2.7816e+00 +1.1136e+00
5047 +1.186922560e-08 +1.186922560e-08 +3.590000001e+01 +3.590000001e+01 +2.7816e+00 +1.1136e+00
5220 +4.967645850e-09 +4.967645850e-09 +3.590000000e+01 +3.590000000e+01 +2.7816e+00 +1.1136e+00
% function evaluation | noise-free fitness - Fopt (3.137000000000e+01) | best noise-free fitness - Fopt | measured fitness | best measured fitness | x1 | x2...
1 +3.592868119e+03 +3.592868119e+03 +3.624238119e+03 +3.624238119e+03 +3.4468e-01 +7.9874e-01
2 +2.045270215e+01 +2.045270215e+01 +5.182270215e+01 +5.182270215e+01 +9.6649e-01 +4.2380e+00
5 +1.266145088e+01 +1.266145088e+01 +4.403145088e+01 +4.403145088e+01 +8.8874e-01 +3.1641e+00
19 +2.984211353e+00 +2.984211353e+00 +3.435421135e+01 +3.435421135e+01 +3.1271e-01 +1.9593e+00
95 +1.537100619e+00 +1.537100619e+00 +3.290710062e+01 +3.290710062e+01 -3.6281e-02 +2.7663e+00
234 +2.819195717e-01 +2.819195717e-01 +3.165191957e+01 +3.165191957e+01 -2.3065e-01 +2.3211e+00
330 +2.415940648e-01 +2.415940648e-01 +3.161159406e+01 +3.161159406e+01 -2.2805e-01 +2.2742e+00
365 +7.112074845e-02 +7.112074845e-02 +3.144112075e+01 +3.144112075e+01 -2.0904e-01 +1.9501e+00
399 +3.808228930e-02 +3.808228930e-02 +3.140808229e+01 +3.140808229e+01 -2.4813e-01 +2.0106e+00
411 +1.720529420e-02 +1.720529420e-02 +3.138720529e+01 +3.138720529e+01 -2.6142e-01 +1.9835e+00
512 +5.149875773e-04 +5.149875773e-04 +3.137051499e+01 +3.137051499e+01 -2.6809e-01 +1.9026e+00
1287 +1.480260869e-04 +1.480260869e-04 +3.137014803e+01 +3.137014803e+01 -2.6957e-01 +1.8966e+00
1497 +7.506500179e-06 +7.506500179e-06 +3.137000751e+01 +3.137000751e+01 -2.7198e-01 +1.8981e+00
2194 +7.401448521e-07 +7.401448521e-07 +3.137000074e+01 +3.137000074e+01 -2.7188e-01 +1.8968e+00
2400 +3.887639259e-07 +3.887639259e-07 +3.137000039e+01 +3.137000039e+01 -2.7201e-01 +1.8971e+00
2431 +1.845589672e-07 +1.845589672e-07 +3.137000018e+01 +3.137000018e+01 -2.7196e-01 +1.8969e+00
3009 +3.528882075e-08 +3.528882075e-08 +3.137000004e+01 +3.137000004e+01 -2.7198e-01 +1.8968e+00
3365 +1.043590103e-08 +1.043590103e-08 +3.137000001e+01 +3.137000001e+01 -2.7199e-01 +1.8968e+00
3827 +7.787555489e-09 +7.787555489e-09 +3.137000001e+01 +3.137000001e+01 -2.7199e-01 +1.8968e+00
% function evaluation | noise-free fitness - Fopt (-1.000000000000e+03) | best noise-free fitness - Fopt | measured fitness | best measured fitness | x1 | x2...
1 +4.131948962e+01 +4.131948962e+01 -9.586805104e+02 -9.586805104e+02 +3.6334e+00 +1.5901e+00
27 +2.541313608e+00 +2.541313608e+00 -9.974586864e+02 -9.974586864e+02 +4.1230e-01 -3.2527e+00
40 +6.670210409e-01 +6.670210409e-01 -9.993329790e+02 -9.993329790e+02 +1.6010e-01 -3.0538e+00
156 +4.920037804e-02 +4.920037804e-02 -9.999507996e+02 -9.999507996e+02 -9.4500e-02 -3.2418e+00
656 +9.078009566e-03 +9.078009566e-03 -9.999909220e+02 -9.999909220e+02 -1.5284e-01 -3.3050e+00
1088 +4.666697466e-03 +4.666697466e-03 -9.999953333e+02 -9.999953333e+02 -1.6531e-01 -3.3199e+00
1626 +9.917031820e-04 +9.917031820e-04 -9.999990083e+02 -9.999990083e+02 -1.7589e-01 -3.3178e+00
1881 +1.383570190e-04 +1.383570190e-04 -9.999998616e+02 -9.999998616e+02 -1.8302e-01 -3.3268e+00
2403 +4.821548600e-06 +4.821548600e-06 -9.999999952e+02 -9.999999952e+02 -1.8586e-01 -3.3298e+00
2446 +7.450498742e-07 +7.450498742e-07 -9.999999993e+02 -9.999999993e+02 -1.8621e-01 -3.3302e+00
3962 +5.002568741e-07 +5.002568741e-07 -9.999999995e+02 -9.999999995e+02 -1.8625e-01 -3.3303e+00
3971 +2.504732493e-07 +2.504732493e-07 -9.999999997e+02 -9.999999997e+02 -1.8632e-01 -3.3304e+00
4339 +1.037085440e-08 +1.037085440e-08 -1.000000000e+03 -1.000000000e+03 -1.8639e-01 -3.3304e+00
5911 +3.650256986e-09 +3.650256986e-09 -1.000000000e+03 -1.000000000e+03 -1.8639e-01 -3.3304e+00
% function evaluation | noise-free fitness - Fopt (1.319200000000e+02) | best noise-free fitness - Fopt | measured fitness | best measured fitness | x1 | x2...
1 +1.108569696e+02 +1.108569696e+02 +2.427769696e+02 +2.427769696e+02 +4.6722e+00 -1.0577e+00
2 +4.610220393e+01 +4.610220393e+01 +1.780222039e+02 +1.780222039e+02 +3.1434e+00 -1.2349e+00
3 +2.504830701e+01 +2.504830701e+01 +1.569683070e+02 +1.569683070e+02 -2.1586e+00 -4.8453e-01
13 +6.496351371e+00 +6.496351371e+00 +1.384163514e+02 +1.384163514e+02 -1.7725e+00 +8.2700e-01
71 +1.306036034e+00 +1.306036034e+00 +1.332260360e+02 +1.332260360e+02 -3.4425e+00 +1.4612e+00
293 +1.766966661e-01 +1.766966661e-01 +1.320966967e+02 +1.320966967e+02 -3.9210e+00 +1.7693e+00
327 +8.530513805e-02 +8.530513805e-02 +1.320053051e+02 +1.320053051e+02 -3.8900e+00 +1.8056e+00
625 +3.605262114e-02 +3.605262114e-02 +1.319560526e+02 +1.319560526e+02 -3.9750e+00 +1.8584e+00
846 +1.706331456e-02 +1.706331456e-02 +1.319370633e+02 +1.319370633e+02 -3.8941e+00 +1.8717e+00
926 +1.471099436e-02 +1.471099436e-02 +1.319347110e+02 +1.319347110e+02 -3.8946e+00 +1.8793e+00
961 +2.545501137e-04 +2.545501137e-04 +1.319202546e+02 +1.319202546e+02 -3.9739e+00 +1.9070e+00
1970 +8.553731107e-06 +8.553731107e-06 +1.319200086e+02 +1.319200086e+02 -3.9820e+00 +1.9098e+00
2654 +9.045111540e-07 +9.045111540e-07 +1.319200009e+02 +1.319200009e+02 -3.9825e+00 +1.9103e+00
3135 +2.789121822e-08 +2.789121822e-08 +1.319200000e+02 +1.319200000e+02 -3.9824e+00 +1.9104e+00
4024 +2.461200665e-08 +2.461200665e-08 +1.319200000e+02 +1.319200000e+02 -3.9823e+00 +1.9104e+00
4152 +4.895952088e-09 +4.895952088e-09 +1.319200000e+02 +1.319200000e+02 -3.9824e+00 +1.9104e+00
% function evaluation | noise-free fitness - Fopt (5.908400000000e+02) | best noise-free fitness - Fopt | measured fitness | best measured fitness | x1 | x2...
1 +2.047942133e+03 +2.047942133e+03 +2.638782133e+03 +2.638782133e+03 +8.6464e-01 -2.2363e+00
3 +1.403929923e+02 +1.403929923e+02 +7.312329923e+02 +7.312329923e+02 -4.5343e+00 -2.2445e+00
11 +5.139682477e+00 +5.139682477e+00 +5.959796825e+02 +5.959796825e+02 +9.9704e-01 -4.1632e+00
140 +3.847358805e+00 +3.847358805e+00 +5.946873588e+02 +5.946873588e+02 +1.0420e+00 -4.0112e+00
151 +4.316155167e-01 +4.316155167e-01 +5.912716155e+02 +5.912716155e+02 +1.4924e+00 -3.7900e+00
379 +2.692317303e-01 +2.692317303e-01 +5.911092317e+02 +5.911092317e+02 +1.2128e+00 -3.1346e+00
446 +1.058774751e-01 +1.058774751e-01 +5.909458775e+02 +5.909458775e+02 +1.3355e+00 -3.3112e+00
603 +5.259046250e-02 +5.259046250e-02 +5.908925905e+02 +5.908925905e+02 +1.3702e+00 -3.3205e+00
612 +2.793824535e-02 +2.793824535e-02 +5.908679382e+02 +5.908679382e+02 +1.4124e+00 -3.3683e+00
878 +1.425627559e-03 +1.425627559e-03 +5.908414256e+02 +5.908414256e+02 +1.4365e+00 -3.3361e+00
2231 +7.993723400e-04 +7.993723400e-04 +5.908407994e+02 +5.908407994e+02 +1.4422e+00 -3.3423e+00
2410 +5.717460288e-04 +5.717460288e-04 +5.908405717e+02 +5.908405717e+02 +1.4383e+00 -3.3313e+00
2574 +9.235372750e-05 +9.235372750e-05 +5.908400924e+02 +5.908400924e+02 +1.4457e+00 -3.3397e+00
3004 +2.870873357e-05 +2.870873357e-05 +5.908400287e+02 +5.908400287e+02 +1.4442e+00 -3.3349e+00
3413 +1.775636576e-05 +1.775636576e-05 +5.908400178e+02 +5.908400178e+02 +1.4444e+00 -3.3347e+00
3755 +5.909787433e-07 +5.909787433e-07 +5.908400006e+02 +5.908400006e+02 +1.4454e+00 -3.3359e+00
4909 +1.915680059e-07 +1.915680059e-07 +5.908400002e+02 +5.908400002e+02 +1.4455e+00 -3.3360e+00
5088 +3.774448487e-08 +3.774448487e-08 +5.908400000e+02 +5.908400000e+02 +1.4456e+00 -3.3360e+00
5644 +2.096896878e-08 +2.096896878e-08 +5.908400000e+02 +5.908400000e+02 +1.4456e+00 -3.3360e+00
6151 +3.655486580e-09 +3.655486580e-09 +5.908400000e+02 +5.908400000e+02 +1.4456e+00 -3.3360e+00
% function evaluation | noise-free fitness - Fopt (3.098000000000e+01) | best noise-free fitness - Fopt | measured fitness | best measured fitness | x1 | x2...
1 +2.062347523e+04 +2.062347523e+04 +2.065445523e+04 +2.065445523e+04 +4.3541e+00 -1.4815e+00
2 +7.504694167e+02 +7.504694167e+02 +7.814494167e+02 +7.814494167e+02 -8.9502e-02 -2.0070e-02
3 +3.085744260e+02 +3.085744260e+02 +3.395544260e+02 +3.395544260e+02 -2.1788e+00 +3.8377e+00
6 +6.379240855e+01 +6.379240855e+01 +9.477240855e+01 +9.477240855e+01 +4.6773e+00 +3.6707e+00
10 +2.650250372e+01 +2.650250372e+01 +5.748250372e+01 +5.748250372e+01 +3.8258e+00 +1.4544e+00
12 +4.197154530e+00 +4.197154530e+00 +3.517715453e+01 +3.517715453e+01 +3.5567e+00 -8.1789e-01
147 +3.894319765e+00 +3.894319765e+00 +3.487431977e+01 +3.487431977e+01 +3.3364e+00 -9.0529e-01
151 +1.401204780e+00 +1.401204780e+00 +3.238120478e+01 +3.238120478e+01 +2.1389e+00 -1.9815e+00
239 +2.400544979e-01 +2.400544979e-01 +3.122005450e+01 +3.122005450e+01 +2.4827e+00 -2.1524e+00
362 +8.683443154e-02 +8.683443154e-02 +3.106683443e+01 +3.106683443e+01 +2.3199e+00 -2.2834e+00
692 +1.403020207e-02 +1.403020207e-02 +3.099403020e+01 +3.099403020e+01 +2.2224e+00 -2.4150e+00
1103 +8.795493833e-03 +8.795493833e-03 +3.098879549e+01 +3.098879549e+01 +2.1953e+00 -2.4381e+00
1463 +1.498556919e-03 +1.498556919e-03 +3.098149856e+01 +3.098149856e+01 +2.1783e+00 -2.4700e+00
2229 +2.363959445e-04 +2.363959445e-04 +3.098023640e+01 +3.098023640e+01 +2.1787e+00 -2.4774e+00
4029 +1.389130402e-04 +1.389130402e-04 +3.098013891e+01 +3.098013891e+01 +2.1828e+00 -2.4763e+00
4560 +3.015798048e-05 +3.015798048e-05 +3.098003016e+01 +3.098003016e+01 +2.1799e+00 -2.4793e+00
4649 +1.554027625e-05 +1.554027625e-05 +3.098001554e+01 +3.098001554e+01 +2.1787e+00 -2.4805e+00
4761 +9.206970130e-06 +9.206970130e-06 +3.098000921e+01 +3.098000921e+01 +2.1787e+00 -2.4807e+00
5029 +3.388071740e-06 +3.388071740e-06 +3.098000339e+01 +3.098000339e+01 +2.1788e+00 -2.4809e+00
5428 +2.723218238e-07 +2.723218238e-07 +3.098000027e+01 +3.098000027e+01 +2.1784e+00 -2.4815e+00
6176 +2.080890695e-07 +2.080890695e-07 +3.098000021e+01 +3.098000021e+01 +2.1785e+00 -2.4815e+00
6414 +9.887422436e-09 +9.887422436e-09 +3.098000001e+01 +3.098000001e+01 +2.1784e+00 -2.4816e+00
% function evaluation | noise-free fitness - Fopt (-1.445400000000e+02) | best noise-free fitness - Fopt | measured fitness | best measured fitness | x1 | x2...
1 +1.674971819e+05 +1.674971819e+05 +1.673526419e+05 +1.673526419e+05 +1.5187e+00 +3.2977e+00
3 +9.197686791e+04 +9.197686791e+04 +9.183232791e+04 +9.183232791e+04 +1.4190e+00 -9.1524e-01
5 +4.932263838e+04 +4.932263838e+04 +4.917809838e+04 +4.917809838e+04 -1.0816e+00 +3.3831e+00
9 +1.347733140e+03 +1.347733140e+03 +1.203193140e+03 +1.203193140e+03 -2.1272e+00 -5.3756e-01
17 +1.394795005e+01 +1.394795005e+01 -1.305920499e+02 -1.305920499e+02 -3.1543e+00 -4.7185e+00
48 +7.075107373e+00 +7.075107373e+00 -1.374648926e+02 -1.374648926e+02 -2.8593e+00 -2.8227e+00
53 +3.787004547e+00 +3.787004547e+00 -1.407529955e+02 -1.407529955e+02 -2.1177e+00 -2.5128e+00
54 +2.044162637e-01 +2.044162637e-01 -1.443355837e+02 -1.443355837e+02 -1.8527e+00 -7.8731e-01
451 +8.501087816e-02 +8.501087816e-02 -1.444549891e+02 -1.444549891e+02 -1.9332e+00 -7.6998e-01
485 +9.763242376e-03 +9.763242376e-03 -1.445302368e+02 -1.445302368e+02 -1.9094e+00 -5.8862e-01
940 +5.797340018e-03 +5.797340018e-03 -1.445342027e+02 -1.445342027e+02 -1.9122e+00 -5.7007e-01
977 +2.191090342e-03 +2.191090342e-03 -1.445378089e+02 -1.445378089e+02 -1.9077e+00 -5.4400e-01
1093 +6.768549046e-04 +6.768549046e-04 -1.445393231e+02 -1.445393231e+02 -1.9027e+00 -5.2986e-01
1377 +1.570178287e-05 +1.570178287e-05 -1.445399843e+02 -1.445399843e+02 -1.8997e+00 -5.1410e-01
2152 +3.650909264e-06 +3.650909264e-06 -1.445399963e+02 -1.445399963e+02 -1.8999e+00 -5.1351e-01
2431 +1.925237115e-06 +1.925237115e-06 -1.445399981e+02 -1.445399981e+02 -1.9000e+00 -5.1343e-01
2649 +9.238840164e-07 +9.238840164e-07 -1.445399991e+02 -1.445399991e+02 -1.9001e+00 -5.1320e-01
2902 +5.399531631e-07 +5.399531631e-07 -1.445399995e+02 -1.445399995e+02 -1.9001e+00 -5.1313e-01
2909 +3.953779810e-07 +3.953779810e-07 -1.445399996e+02 -1.445399996e+02 -1.9001e+00 -5.1305e-01
2953 +1.996484116e-07 +1.996484116e-07 -1.445399998e+02 -1.445399998e+02 -1.9000e+00 -5.1299e-01
2999 +3.263193094e-08 +3.263193094e-08 -1.445400000e+02 -1.445400000e+02 -1.9000e+00 -5.1287e-01
3452 +1.583131848e-08 +1.583131848e-08 -1.445400000e+02 -1.445400000e+02 -1.9000e+00 -5.1283e-01
3874 +3.200682386e-09 +3.200682386e-09 -1.445400000e+02 -1.445400000e+02 -1.9000e+00 -5.1282e-01
% function evaluation | noise-free fitness - Fopt (-9.649000000000e+01) | best noise-free fitness - Fopt | measured fitness | best measured fitness | x1 | x2...
1 +5.304566890e+04 +5.304566890e+04 +5.294917890e+04 +5.294917890e+04 -4.3004e+00 +3.5693e+00
2 +1.021103173e+03 +1.021103173e+03 +9.246131729e+02 +9.246131729e+02 -2.8577e+00 +3.8573e+00
3 +6.238495443e+01 +6.238495443e+01 -3.410504557e+01 -3.410504557e+01 +2.2554e-01 +1.2664e+00
6 +2.043551066e+01 +2.043551066e+01 -7.605448934e+01 -7.605448934e+01 -1.2750e+00 -2.5510e-01
9 +3.223731440e+00 +3.223731440e+00 -9.326626856e+01 -9.326626856e+01 -2.3762e+00 +1.8047e+00
96 +1.392806246e+00 +1.392806246e+00 -9.509719375e+01 -9.509719375e+01 -2.7634e+00 +2.4843e+00
141 +4.015975777e-01 +4.015975777e-01 -9.608840242e+01 -9.608840242e+01 -2.8068e+00 +1.8459e+00
247 +2.510021448e-01 +2.510021448e-01 -9.623899786e+01 -9.623899786e+01 -2.8207e+00 +1.5735e+00
312 +8.625194785e-02 +8.625194785e-02 -9.640374805e+01 -9.640374805e+01 -2.8875e+00 +1.6506e+00
325 +1.388219946e-02 +1.388219946e-02 -9.647611780e+01 -9.647611780e+01 -2.9472e+00 +1.6796e+00
430 +4.642189774e-03 +4.642189774e-03 -9.648535781e+01 -9.648535781e+01 -2.9613e+00 +1.6807e+00
728 +4.883720690e-04 +4.883720690e-04 -9.648951163e+01 -9.648951163e+01 -2.9692e+00 +1.6518e+00
876 +1.013188284e-04 +1.013188284e-04 -9.648989868e+01 -9.648989868e+01 -2.9719e+00 +1.6606e+00
1329 +6.368584582e-05 +6.368584582e-05 -9.648993631e+01 -9.648993631e+01 -2.9729e+00 +1.6627e+00
1338 +1.705725829e-05 +1.705725829e-05 -9.648998294e+01 -9.648998294e+01 -2.9730e+00 +1.6601e+00
1467 +4.604142163e-06 +4.604142163e-06 -9.648999540e+01 -9.648999540e+01 -2.9733e+00 +1.6596e+00
1883 +2.570155900e-06 +2.570155900e-06 -9.648999743e+01 -9.648999743e+01 -2.9735e+00 +1.6598e+00
1932 +1.253140709e-06 +1.253140709e-06 -9.648999875e+01 -9.648999875e+01 -2.9735e+00 +1.6593e+00
2217 +1.815213722e-07 +1.815213722e-07 -9.648999982e+01 -9.648999982e+01 -2.9735e+00 +1.6592e+00
2569 +9.352639552e-08 +9.352639552e-08 -9.648999991e+01 -9.648999991e+01 -2.9736e+00 +1.6593e+00
2783 +5.445515683e-08 +5.445515683e-08 -9.648999995e+01 -9.648999995e+01 -2.9736e+00 +1.6593e+00
2835 +2.181465675e-08 +2.181465675e-08 -9.648999998e+01 -9.648999998e+01 -2.9736e+00 +1.6592e+00
3203 +1.356805512e-08 +1.356805512e-08 -9.648999999e+01 -9.648999999e+01 -2.9736e+00 +1.6592e+00
3224 +9.751033758e-09 +9.751033758e-09 -9.648999999e+01 -9.648999999e+01 -2.9736e+00 +1.6592e+00
% function evaluation | noise-free fitness - Fopt (1.000000000000e+03) | best noise-free fitness - Fopt | measured fitness | best measured fitness | x1 | x2...
1 +1.087923486e+06 +1.087923486e+06 +1.088923486e+06 +1.088923486e+06 -4.0229e+00 -3.7946e+00
2 +3.295851727e+00 +3.295851727e+00 +1.003295852e+03 +1.003295852e+03 +2.0008e+00 +3.6682e+00
104 +2.498234443e+00 +2.498234443e+00 +1.002498234e+03 +1.002498234e+03 +1.8271e+00 +3.5788e+00
157 +1.357159145e+00 +1.357159145e+00 +1.001357159e+03 +1.001357159e+03 +2.8022e+00 +3.1337e+00
183 +9.745390013e-01 +9.745390013e-01 +1.000974539e+03 +1.000974539e+03 +1.8757e+00 +3.3687e+00
327 +3.984492205e-01 +3.984492205e-01 +1.000398449e+03 +1.000398449e+03 +1.7454e+00 +3.2530e+00
409 +1.753867014e-01 +1.753867014e-01 +1.000175387e+03 +1.000175387e+03 +1.7687e+00 +3.1811e+00
453 +1.545175328e-01 +1.545175328e-01 +1.000154518e+03 +1.000154518e+03 +1.9284e+00 +3.1407e+00
483 +2.632760202e-02 +2.632760202e-02 +1.000026328e+03 +1.000026328e+03 +1.7159e+00 +3.1034e+00
514 +1.150708148e-02 +1.150708148e-02 +1.000011507e+03 +1.000011507e+03 +1.7147e+00 +3.0647e+00
754 +9.101703618e-03 +9.101703618e-03 +1.000009102e+03 +1.000009102e+03 +1.7071e+00 +3.0840e+00
782 +4.848859812e-03 +4.848859812e-03 +1.000004849e+03 +1.000004849e+03 +1.7177e+00 +3.0720e+00
866 +1.356559306e-03 +1.356559306e-03 +1.000001357e+03 +1.000001357e+03 +1.6738e+00 +3.0713e+00
1184 +8.700162348e-04 +8.700162348e-04 +1.000000870e+03 +1.000000870e+03 +1.6803e+00 +3.0687e+00
1196 +3.748763228e-04 +3.748763228e-04 +1.000000375e+03 +1.000000375e+03 +1.6778e+00 +3.0666e+00
1675 +4.975201136e-05 +4.975201136e-05 +1.000000050e+03 +1.000000050e+03 +1.6743e+00 +3.0642e+00
1832 +3.971530009e-05 +3.971530009e-05 +1.000000040e+03 +1.000000040e+03 +1.6744e+00 +3.0640e+00
2105 +1.757989014e-05 +1.757989014e-05 +1.000000018e+03 +1.000000018e+03 +1.6741e+00 +3.0636e+00
2429 +4.906067602e-06 +4.906067602e-06 +1.000000005e+03 +1.000000005e+03 +1.6728e+00 +3.0634e+00
2748 +1.952902267e-07 +1.952902267e-07 +1.000000000e+03 +1.000000000e+03 +1.6721e+00 +3.0632e+00
3068 +2.667684385e-08 +2.667684385e-08 +1.000000000e+03 +1.000000000e+03 +1.6720e+00 +3.0632e+00
3591 +2.037745617e-08 +2.037745617e-08 +1.000000000e+03 +1.000000000e+03 +1.6720e+00 +3.0632e+00
3729 +1.421994966e-09 +1.421994966e-09 +1.000000000e+03 +1.000000000e+03 +1.6720e+00 +3.0632e+00
% function evaluation | noise-free fitness - Fopt (-1.547600000000e+02) | best noise-free fitness - Fopt | measured fitness | best measured fitness | x1 | x2...
1 +1.138461753e+05 +1.138461753e+05 +1.136914153e+05 +1.136914153e+05 -3.4162e+00 -1.1242e+00
2 +1.892439299e+04 +1.892439299e+04 +1.876963299e+04 +1.876963299e+04 -3.2427e-01 +1.3722e+00
14 +1.371205996e+04 +1.371205996e+04 +1.355729996e+04 +1.355729996e+04 -1.0214e+00 +1.6218e+00
17 +3.401962533e+02 +3.401962533e+02 +1.854362533e+02 +1.854362533e+02 -9.1389e-01 +2.6977e+00
29 +1.236548089e+01 +1.236548089e+01 -1.423945191e+02 -1.423945191e+02 -1.8730e+00 +4.9888e+00
56 +7.509672556e+00 +7.509672556e+00 -1.472503274e+02 -1.472503274e+02 -1.2199e+00 +4.6013e+00
71 +5.403459448e-01 +5.403459448e-01 -1.542196541e+02 -1.542196541e+02 +8.7498e-01 +3.2950e+00
335 +3.255900174e-01 +3.255900174e-01 -1.544344100e+02 -1.544344100e+02 +1.0242e+00 +3.1410e+00
341 +4.349249493e-02 +4.349249493e-02 -1.547165075e+02 -1.547165075e+02 +1.3270e+00 +3.0233e+00
695 +1.183582598e-02 +1.183582598e-02 -1.547481642e+02 -1.547481642e+02 +1.4100e+00 +2.9482e+00
945 +1.086606371e-03 +1.086606371e-03 -1.547589134e+02 -1.547589134e+02 +1.4597e+00 +2.9371e+00
1342 +3.274502253e-04 +3.274502253e-04 -1.547596725e+02 -1.547596725e+02 +1.4687e+00 +2.9267e+00
1947 +1.277580749e-04 +1.277580749e-04 -1.547598722e+02 -1.547598722e+02 +1.4720e+00 +2.9276e+00
2622 +8.684904373e-06 +8.684904373e-06 -1.547599913e+02 -1.547599913e+02 +1.4764e+00 +2.9244e+00
3480 +4.321239828e-07 +4.321239828e-07 -1.547599996e+02 -1.547599996e+02 +1.4774e+00 +2.9241e+00
4663 +2.045989334e-07 +2.045989334e-07 -1.547599998e+02 -1.547599998e+02 +1.4775e+00 +2.9240e+00
4865 +5.431994055e-08 +5.431994055e-08 -1.547599999e+02 -1.547599999e+02 +1.4775e+00 +2.9240e+00
5134 +6.679385933e-10 +6.679385933e-10 -1.547600000e+02 -1.547600000e+02 +1.4776e+00 +2.9240e+00
% function evaluation | noise-free fitness - Fopt (3.914000000000e+01) | best noise-free fitness - Fopt | measured fitness | best measured fitness | x1 | x2...
1 +2.658628876e+05 +2.658628876e+05 +2.659020276e+05 +2.659020276e+05 +4.2200e+00 -9.7907e-01
2 +1.567507894e+01 +1.567507894e+01 +5.481507894e+01 +5.481507894e+01 -1.8858e+00 -1.0338e+00
32 +6.551030198e+00 +6.551030198e+00 +4.569103020e+01 +4.569103020e+01 -4.0904e-01 -7.4927e-01
123 +1.372748029e+00 +1.372748029e+00 +4.051274803e+01 +4.051274803e+01 -1.3474e+00 -2.0789e+00
288 +7.564582787e-01 +7.564582787e-01 +3.989645828e+01 +3.989645828e+01 -1.4742e+00 -2.3157e+00
301 +2.587979350e-01 +2.587979350e-01 +3.939879793e+01 +3.939879793e+01 -1.4793e+00 -2.5051e+00
458 +2.340446487e-01 +2.340446487e-01 +3.937404465e+01 +3.937404465e+01 -1.4123e+00 -2.4547e+00
549 +1.211856224e-01 +1.211856224e-01 +3.926118562e+01 +3.926118562e+01 -1.4052e+00 -2.5091e+00
705 +1.630007474e-02 +1.630007474e-02 +3.915630007e+01 +3.915630007e+01 -1.3582e+00 -2.5584e+00
1065 +7.470249454e-04 +7.470249454e-04 +3.914074702e+01 +3.914074702e+01 -1.3732e+00 -2.6066e+00
2454 +5.135621171e-04 +5.135621171e-04 +3.914051356e+01 +3.914051356e+01 -1.3868e+00 -2.6169e+00
2693 +1.370081619e-04 +1.370081619e-04 +3.914013701e+01 +3.914013701e+01 -1.3822e+00 -2.6163e+00
2899 +1.034803614e-05 +1.034803614e-05 +3.914001035e+01 +3.914001035e+01 -1.3837e+00 -2.6197e+00
3132 +1.828891577e-06 +1.828891577e-06 +3.914000183e+01 +3.914000183e+01 -1.3834e+00 -2.6199e+00
4641 +1.559806186e-06 +1.559806186e-06 +3.914000156e+01 +3.914000156e+01 -1.3834e+00 -2.6199e+00
5379 +8.346087625e-07 +8.346087625e-07 +3.914000083e+01 +3.914000083e+01 -1.3830e+00 -2.6197e+00
5386 +5.016656246e-07 +5.016656246e-07 +3.914000050e+01 +3.914000050e+01 -1.3832e+00 -2.6199e+00
6073 +3.259645567e-07 +3.259645567e-07 +3.914000033e+01 +3.914000033e+01 -1.3833e+00 -2.6200e+00
6213 +1.837631700e-07 +1.837631700e-07 +3.914000018e+01 +3.914000018e+01 -1.3833e+00 -2.6200e+00
6338 +2.922973863e-08 +2.922973863e-08 +3.914000003e+01 +3.914000003e+01 -1.3832e+00 -2.6200e+00
6832 +6.000576036e-09 +6.000576036e-09 +3.914000001e+01 +3.914000001e+01 -1.3832e+00 -2.6200e+00
% function evaluation | noise-free fitness - Fopt (-1.186000000000e+01) | best noise-free fitness - Fopt | measured fitness | best measured fitness | x1 | x2...
1 +3.599866494e+02 +3.599866494e+02 +3.481266494e+02 +3.481266494e+02 -4.8835e+00 -1.2914e+00
3 +2.319798661e+01 +2.319798661e+01 +1.133798661e+01 +1.133798661e+01 +2.4937e-01 +2.6154e+00
8 +6.631723127e+00 +6.631723127e+00 -5.228276873e+00 -5.228276873e+00 +2.2297e+00 +1.9874e+00
13 +7.706604468e-01 +7.706604468e-01 -1.108933955e+01 -1.108933955e+01 +2.8137e+00 +2.3121e+00
242 +1.866145045e-01 +1.866145045e-01 -1.167338550e+01 -1.167338550e+01 +2.8894e+00 +2.4590e+00
277 +2.461273618e-02 +2.461273618e-02 -1.183538726e+01 -1.183538726e+01 +2.8773e+00 +2.5725e+00
630 +9.281401787e-03 +9.281401787e-03 -1.185071860e+01 -1.185071860e+01 +2.8511e+00 +2.6161e+00
838 +5.133591483e-03 +5.133591483e-03 -1.185486641e+01 -1.185486641e+01 +2.9089e+00 +2.5851e+00
1067 +2.903732346e-03 +2.903732346e-03 -1.185709627e+01 -1.185709627e+01 +2.8686e+00 +2.6157e+00
1262 +1.596702881e-03 +1.596702881e-03 -1.185840330e+01 -1.185840330e+01 +2.8945e+00 +2.6018e+00
1370 +1.260939865e-03 +1.260939865e-03 -1.185873906e+01 -1.185873906e+01 +2.8885e+00 +2.6065e+00
1545 +4.967748331e-04 +4.967748331e-04 -1.185950323e+01 -1.185950323e+01 +2.8822e+00 +2.6148e+00
1604 +5.329372376e-05 +5.329372376e-05 -1.185994671e+01 -1.185994671e+01 +2.8847e+00 +2.6168e+00
1662 +4.421430230e-06 +4.421430230e-06 -1.185999558e+01 -1.185999558e+01 +2.8852e+00 +2.6178e+00
2854 +3.076148410e-06 +3.076148410e-06 -1.185999692e+01 -1.185999692e+01 +2.8844e+00 +2.6184e+00
3303 +1.721082118e-06 +1.721082118e-06 -1.185999828e+01 -1.185999828e+01 +2.8845e+00 +2.6184e+00
3423 +7.209980968e-07 +7.209980968e-07 -1.185999928e+01 -1.185999928e+01 +2.8846e+00 +2.6184e+00
3499 +1.651067922e-07 +1.651067922e-07 -1.185999983e+01 -1.185999983e+01 +2.8847e+00 +2.6184e+00
3842 +5.936817260e-09 +5.936817260e-09 -1.185999999e+01 -1.185999999e+01 +2.8848e+00 +2.6184e+00
% function evaluation | noise-free fitness - Fopt (7.068000000000e+01) | best noise-free fitness - Fopt | measured fitness | best measured fitness | x1 | x2...
1 +1.489169543e+05 +1.489169543e+05 +1.489876343e+05 +1.489876343e+05 -4.8848e+00 +1.1152e+00
2 +2.166096818e+01 +2.166096818e+01 +9.234096818e+01 +9.234096818e+01 +1.6994e+00 +4.8601e+00
30 +9.818336820e+00 +9.818336820e+00 +8.049833682e+01 +8.049833682e+01 +1.3326e+00 +4.2772e+00
35 +2.119777826e+00 +2.119777826e+00 +7.279977783e+01 +7.279977783e+01 -6.3668e-01 +3.6611e+00
99 +1.533861823e+00 +1.533861823e+00 +7.221386182e+01 +7.221386182e+01 +6.2341e-01 +3.5649e+00
154 +6.035627952e-01 +6.035627952e-01 +7.128356280e+01 +7.128356280e+01 -6.3085e-02 +3.4528e+00
239 +4.305644547e-02 +4.305644547e-02 +7.072305645e+01 +7.072305645e+01 -2.2160e-01 +3.2761e+00
482 +1.807317905e-02 +1.807317905e-02 +7.069807318e+01 +7.069807318e+01 -2.1752e-01 +3.2494e+00
537 +5.254745514e-03 +5.254745514e-03 +7.068525475e+01 +7.068525475e+01 -2.8805e-01 +3.2388e+00
878 +2.521877902e-03 +2.521877902e-03 +7.068252188e+01 +7.068252188e+01 -2.6081e-01 +3.2245e+00
883 +1.569022030e-04 +1.569022030e-04 +7.068015690e+01 +7.068015690e+01 -2.8441e-01 +3.2230e+00
1820 +5.865170070e-05 +5.865170070e-05 +7.068005865e+01 +7.068005865e+01 -2.8671e-01 +3.2220e+00
1872 +2.870962243e-05 +2.870962243e-05 +7.068002871e+01 +7.068002871e+01 -2.8794e-01 +3.2216e+00
1939 +1.517932800e-05 +1.517932800e-05 +7.068001518e+01 +7.068001518e+01 -2.8996e-01 +3.2214e+00
2177 +4.192120343e-06 +4.192120343e-06 +7.068000419e+01 +7.068000419e+01 -2.8868e-01 +3.2210e+00
2228 +3.351414563e-06 +3.351414563e-06 +7.068000335e+01 +7.068000335e+01 -2.8873e-01 +3.2209e+00
2524 +6.160918957e-07 +6.160918957e-07 +7.068000062e+01 +7.068000062e+01 -2.8964e-01 +3.2209e+00
3108 +4.373008267e-08 +4.373008267e-08 +7.068000004e+01 +7.068000004e+01 -2.8959e-01 +3.2208e+00
3172 +4.546635068e-09 +4.546635068e-09 +7.068000000e+01 +7.068000000e+01 -2.8959e-01 +3.2208e+00
% function evaluation | noise-free fitness - Fopt (-6.260000000000e+00) | best noise-free fitness - Fopt | measured fitness | best measured fitness | x1 | x2...
1 +7.468473545e+04 +7.468473545e+04 +7.467847545e+04 +7.467847545e+04 +3.1253e+00 -2.1107e+00
2 +4.325881512e+01 +4.325881512e+01 +3.699881512e+01 +3.699881512e+01 -4.3017e+00 -1.8174e+00
12 +1.251854181e+01 +1.251854181e+01 +6.258541806e+00 +6.258541806e+00 +1.8999e+00 +1.1891e-01
45 +6.771542550e+00 +6.771542550e+00 +5.115425504e-01 +5.115425504e-01 +1.2862e+00 -4.9482e-01
99 +3.063126360e+00 +3.063126360e+00 -3.196873640e+00 -3.196873640e+00 +9.0680e-01 -1.0041e+00
131 +9.734533101e-01 +9.734533101e-01 -5.286546690e+00 -5.286546690e+00 +0.0000e+00 -1.7161e+00
280 +4.320468140e-01 +4.320468140e-01 -5.827953186e+00 -5.827953186e+00 +4.2735e-01 -1.6213e+00
325 +2.175862068e-01 +2.175862068e-01 -6.042413793e+00 -6.042413793e+00 +4.6448e-01 -1.6879e+00
422 +1.524082518e-01 +1.524082518e-01 -6.107591748e+00 -6.107591748e+00 +3.4257e-01 -1.7595e+00
432 +6.788023536e-02 +6.788023536e-02 -6.192119765e+00 -6.192119765e+00 +2.4819e-01 -1.8582e+00
571 +2.000463511e-02 +2.000463511e-02 -6.239995365e+00 -6.239995365e+00 +3.3559e-01 -1.8475e+00
802 +1.374664818e-02 +1.374664818e-02 -6.246253352e+00 -6.246253352e+00 +3.7837e-01 -1.8417e+00
950 +2.172388306e-04 +2.172388306e-04 -6.259782761e+00 -6.259782761e+00 +3.2547e-01 -1.8893e+00
2691 +8.400801243e-05 +8.400801243e-05 -6.259915992e+00 -6.259915992e+00 +3.3015e-01 -1.8878e+00
3199 +2.838627442e-05 +2.838627442e-05 -6.259971614e+00 -6.259971614e+00 +3.2958e-01 -1.8890e+00
3240 +1.276271417e-05 +1.276271417e-05 -6.259987237e+00 -6.259987237e+00 +3.3079e-01 -1.8888e+00
3705 +9.990523839e-06 +9.990523839e-06 -6.259990009e+00 -6.259990009e+00 +3.3131e-01 -1.8887e+00
4512 +4.572675213e-06 +4.572675213e-06 -6.259995427e+00 -6.259995427e+00 +3.3063e-01 -1.8891e+00
4721 +2.177875531e-06 +2.177875531e-06 -6.259997822e+00 -6.259997822e+00 +3.3072e-01 -1.8892e+00
5023 +2.115709030e-08 +2.115709030e-08 -6.259999979e+00 -6.259999979e+00 +3.3037e-01 -1.8896e+00
6564 +7.139124847e-10 +7.139124847e-10 -6.259999999e+00 -6.259999999e+00 +3.3040e-01 -1.8896e+00
% function evaluation | noise-free fitness - Fopt (1.838600000000e+02) | best noise-free fitness - Fopt | measured fitness | best measured fitness | x1 | x2...
1 +1.492653053e+05 +1.492653053e+05 +1.494491653e+05 +1.494491653e+05 -2.1004e+00 -4.2106e+00
2 +2.803280508e+03 +2.803280508e+03 +2.987140508e+03 +2.987140508e+03 +6.5995e-02 -4.2270e+00
21 +2.062538115e+03 +2.062538115e+03 +2.246398115e+03 +2.246398115e+03 +3.0435e+00 -4.1852e+00
32 +9.513207100e+02 +9.513207100e+02 +1.135180710e+03 +1.135180710e+03 +2.3136e-01 -4.8639e+00
44 +1.051733937e+01 +1.051733937e+01 +1.943773394e+02 +1.943773394e+02 +1.5088e+00 -5.0000e+00
77 +1.780750177e+00 +1.780750177e+00 +1.856407502e+02 +1.856407502e+02 +6.3662e-01 -5.0000e+00
96 +1.419884579e+00 +1.419884579e+00 +1.852798846e+02 +1.852798846e+02 +3.9319e-01 -5.0000e+00
162 +7.900087029e-01 +7.900087029e-01 +1.846500087e+02 +1.846500087e+02 +3.8910e-01 -4.6709e+00
191 +3.065589539e-01 +3.065589539e-01 +1.841665590e+02 +1.841665590e+02 +4.2681e-01 -4.2032e+00
303 +5.294522641e-02 +5.294522641e-02 +1.839129452e+02 +1.839129452e+02 +3.5580e-01 -3.8924e+00
414 +1.308689959e-02 +1.308689959e-02 +1.838730869e+02 +1.838730869e+02 +3.2272e-01 -3.8003e+00
492 +9.655780385e-03 +9.655780385e-03 +1.838696558e+02 +1.838696558e+02 +2.9960e-01 -3.8356e+00
759 +1.955968618e-03 +1.955968618e-03 +1.838619560e+02 +1.838619560e+02 +3.0326e-01 -3.7710e+00
774 +1.475166428e-03 +1.475166428e-03 +1.838614752e+02 +1.838614752e+02 +3.0135e-01 -3.7764e+00
913 +7.619231828e-04 +7.619231828e-04 +1.838607619e+02 +1.838607619e+02 +2.9891e-01 -3.7675e+00
982 +4.711249821e-04 +4.711249821e-04 +1.838604711e+02 +1.838604711e+02 +2.9740e-01 -3.7634e+00
1178 +2.723340913e-04 +2.723340913e-04 +1.838602723e+02 +1.838602723e+02 +2.9632e-01 -3.7642e+00
1255 +1.613579773e-04 +1.613579773e-04 +1.838601614e+02 +1.838601614e+02 +2.9358e-01 -3.7664e+00
1345 +1.482874903e-04 +1.482874903e-04 +1.838601483e+02 +1.838601483e+02 +2.9490e-01 -3.7647e+00
1350 +7.171016131e-05 +7.171016131e-05 +1.838600717e+02 +1.838600717e+02 +2.9415e-01 -3.7626e+00
1502 +5.201807139e-05 +5.201807139e-05 +1.838600520e+02 +1.838600520e+02 +2.9411e-01 -3.7610e+00
1768 +2.918512351e-05 +2.918512351e-05 +1.838600292e+02 +1.838600292e+02 +2.9358e-01 -3.7609e+00
1842 +7.133875300e-06 +7.133875300e-06 +1.838600071e+02 +1.838600071e+02 +2.9317e-01 -3.7595e+00
1958 +3.447682303e-06 +3.447682303e-06 +1.838600034e+02 +1.838600034e+02 +2.9312e-01 -3.7588e+00
2109 +7.636353416e-08 +7.636353416e-08 +1.838600001e+02 +1.838600001e+02 +2.9283e-01 -3.7585e+00
2998 +2.307831437e-08 +2.307831437e-08 +1.838600000e+02 +1.838600000e+02 +2.9282e-01 -3.7584e+00
3149 +1.279863682e-08 +1.279863682e-08 +1.838600000e+02 +1.838600000e+02 +2.9281e-01 -3.7584e+00
3892 +5.903473266e-09 +5.903473266e-09 +1.838600000e+02 +1.838600000e+02 +2.9281e-01 -3.7584e+00
