% function evaluation | noise-free fitness - Fopt (-5.235000000000e+01) | best noise-free fitness - Fopt | measured fitness | best measured fitness | x1 | x2...
1 +8.126358926e+01 +8.126358926e+01 +2.891358926e+01 +2.891358926e+01 -3.7898e-01 -4.4676e+00 -4.0407e+00 -2.9249e+00 +2.0764e+00
2 +2.988385275e+01 +2.988385275e+01 -2.246614725e+01 -2.246614725e+01 -3.0082e+00 -3.8400e+00 +2.2431e+00 +4.1098e+00 +9.3826e-01
5 +2.451818675e+01 +2.451818675e+01 -2.783181325e+01 -2.783181325e+01 -3.3485e+00 +4.7529e+00 +4.1714e+00 +1.6337e+00 -3.3245e+00
17 +1.516522174e+01 +1.516522174e+01 -3.718477826e+01 -3.718477826e+01 -1.4830e+00 +4.9621e-01 +2.5143e+00 -4.5079e+00 -4.9441e+00
26 +6.526481383e+00 +6.526481383e+00 -4.582351862e+01 -4.582351862e+01 +7.6333e-01 +4.9621e-01 +1.8970e+00 -4.5079e+00 -2.4555e+00
51 +5.753548021e+00 +5.753548021e+00 -4.659645198e+01 -4.659645198e+01 +7.6333e-01 +3.6664e-01 +1.4537e+00 -4.5079e+00 -2.0097e+00
105 +1.997702247e+00 +1.997702247e+00 -5.035229775e+01 -5.035229775e+01 -2.2805e+00 -4.8597e-01 +3.3055e+00 -2.4715e+00 -5.4200e-01
157 +1.343834861e+00 +1.343834861e+00 -5.100616514e+01 -5.100616514e+01 +1.6446e-01 -2.0372e+00 +2.2753e+00 -2.0280e+00 -2.2150e+00
216 +6.341770118e-01 +6.341770118e-01 -5.171582299e+01 -5.171582299e+01 -8.8593e-01 -1.6799e+00 +2.1998e+00 -1.5939e+00 -1.1636e+00
256 +3.211838611e-01 +3.211838611e-01 -5.202881614e+01 -5.202881614e+01 -1.1212e+00 -1.1645e+00 +2.7877e+00 -2.2373e+00 -2.0556e+00
459 +2.079592379e-01 +2.079592379e-01 -5.214204076e+01 -5.214204076e+01 -7.6435e-01 -9.8625e-01 +2.0481e+00 -2.1728e+00 -1.3687e+00
515 +8.905730627e-02 +8.905730627e-02 -5.226094269e+01 -5.226094269e+01 -8.0316e-01 -1.3898e+00 +2.7831e+00 -2.2611e+00 -1.4840e+00
527 +1.896118324e-02 +1.896118324e-02 -5.233103882e+01 -5.233103882e+01 -8.6980e-01 -1.2694e+00 +2.5483e+00 -2.3252e+00 -1.6303e+00
681 +1.583161376e-02 +1.583161376e-02 -5.233416839e+01 -5.233416839e+01 -9.1955e-01 -1.3455e+00 +2.6950e+00 -2.3439e+00 -1.6411e+00
808 +9.443544210e-03 +9.443544210e-03 -5.234055646e+01 -5.234055646e+01 -8.8263e-01 -1.3216e+00 +2.7364e+00 -2.3298e+00 -1.5993e+00
1010 +5.253486536e-03 +5.253486536e-03 -5.234474651e+01 -5.234474651e+01 -8.6980e-01 -1.2620e+00 +2.5803e+00 -2.3252e+00 -1.4709e+00
1154 +3.795012229e-03 +3.795012229e-03 -5.234620499e+01 -5.234620499e+01 -8.5217e-01 -1.2538e+00 +2.6025e+00 -2.2968e+00 -1.5428e+00
1251 +2.271754093e-03 +2.271754093e-03 -5.234772825e+01 -5.234772825e+01 -8.8003e-01 -1.2603e+00 +2.5553e+00 -2.3291e+00 -1.5066e+00
1596 +1.442557499e-03 +1.442557499e-03 -5.234855744e+01 -5.234855744e+01 -8.8925e-01 -1.2690e+00 +2.5742e+00 -2.3765e+00 -1.5366e+00
1601 +6.162439972e-04 +6.162439972e-04 -5.234938376e+01 -5.234938376e+01 -8.5970e-01 -1.2461e+00 +2.5583e+00 -2.3179e+00 -1.5236e+00
2005 +2.929727726e-04 +2.929727726e-04 -5.234970703e+01 -5.234970703e+01 -8.8207e-01 -1.2668e+00 +2.5887e+00 -2.3734e+00 -1.5619e+00
2412 +2.174656006e-04 +2.174656006e-04 -5.234978253e+01 -5.234978253e+01 -8.7124e-01 -1.2537e+00 +2.5656e+00 -2.3518e+00 -1.5349e+00
2548 +8.959360697e-05 +8.959360697e-05 -5.234991041e+01 -5.234991041e+01 -8.7903e-01 -1.2596e+00 +2.5705e+00 -2.3640e+00 -1.5320e+00
3053 +5.753803435e-05 +5.753803435e-05 -5.234994246e+01 -5.234994246e+01 -8.6631e-01 -1.2457e+00 +2.5520e+00 -2.3484e+00 -1.5319e+00
3107 +9.965033890e-06 +9.965033890e-06 -5.234999003e+01 -5.234999003e+01 -8.7266e-01 -1.2461e+00 +2.5427e+00 -2.3602e+00 -1.5257e+00
3405 +4.596487251e-06 +4.596487251e-06 -5.234999540e+01 -5.234999540e+01 -8.6931e-01 -1.2414e+00 +2.5348e+00 -2.3560e+00 -1.5219e+00
3734 +2.317044903e-06 +2.317044903e-06 -5.234999768e+01 -5.234999768e+01 -8.7231e-01 -1.2469e+00 +2.5455e+00 -2.3591e+00 -1.5270e+00
3959 +1.183642951e-06 +1.183642951e-06 -5.234999882e+01 -5.234999882e+01 -8.7105e-01 -1.2448e+00 +2.5417e+00 -2.3578e+00 -1.5252e+00
4057 +9.981600613e-07 +9.981600613e-07 -5.234999900e+01 -5.234999900e+01 -8.7126e-01 -1.2450e+00 +2.5419e+00 -2.3577e+00 -1.5250e+00
4280 +4.230264494e-07 +4.230264494e-07 -5.234999958e+01 -5.234999958e+01 -8.7049e-01 -1.2436e+00 +2.5392e+00 -2.3570e+00 -1.5235e+00
4341 +3.672640645e-07 +3.672640645e-07 -5.234999963e+01 -5.234999963e+01 -8.7233e-01 -1.2459e+00 +2.5426e+00 -2.3596e+00 -1.5252e+00
4493 +2.204394889e-07 +2.204394889e-07 -5.234999978e+01 -5.234999978e+01 -8.7014e-01 -1.2427e+00 +2.5370e+00 -2.3568e+00 -1.5221e+00
4538 +1.543839971e-07 +1.543839971e-07 -5.234999985e+01 -5.234999985e+01 -8.7096e-01 -1.2438e+00 +2.5388e+00 -2.3577e+00 -1.5227e+00
4717 +4.920836005e-08 +4.920836005e-08 -5.234999995e+01 -5.234999995e+01 -8.7250e-01 -1.2455e+00 +2.5411e+00 -2.3600e+00 -1.5240e+00
4776 +1.153645712e-08 +1.153645712e-08 -5.234999999e+01 -5.234999999e+01 -8.7241e-01 -1.2452e+00 +2.5404e+00 -2.3598e+00 -1.5233e+00
4946 +9.389708566e-09 +9.389708566e-09 -5.234999999e+01 -5.234999999e+01 -8.7206e-01 -1.2450e+00 +2.5404e+00 -2.3592e+00 -1.5235e+00
% function evaluation | noise-free fitness - Fopt (-1.795400000000e+02) | best noise-free fitness - Fopt | measured fitness | best measured fitness | x1 | x2...
1 +3.538008074e+01 +3.538008074e+01 -1.441599193e+02 -1.441599193e+02 +4.7383e+00 +1.5358e+00 -3.1119e+00 +3.4783e+00 +1.1031e+00
6 +2.038289483e+01 +2.038289483e+01 -1.591571052e+02 -1.591571052e+02 -3.3475e+00 +2.6858e+00 -5.5387e-01 +1.6253e+00 +2.2623e-01
14 +1.207324326e+01 +1.207324326e+01 -1.674667567e+02 -1.674667567e+02 -5.1601e-01 +3.8396e+00 -1.6305e+00 -3.7916e-01 +1.2712e+00
52 +9.260532511e+00 +9.260532511e+00 -1.702794675e+02 -1.702794675e+02 -8.3659e-02 +4.0730e+00 -3.4238e+00 +1.2507e+00 +3.7065e+00
53 +3.953982372e+00 +3.953982372e+00 -1.755860176e+02 -1.755860176e+02 +8.7064e-01 +3.1030e+00 -4.8543e+00 +2.6366e+00 +3.4115e+00
154 +1.671732217e+00 +1.671732217e+00 -1.778682678e+02 -1.778682678e+02 -4.1336e-01 +1.1951e+00 -4.2634e+00 +2.9049e+00 +3.3891e+00
176 +1.339808146e+00 +1.339808146e+00 -1.782001919e+02 -1.782001919e+02 +4.3331e-01 +1.1951e+00 -4.2634e+00 +1.8602e+00 +2.8996e+00
301 +4.458736704e-01 +4.458736704e-01 -1.790941263e+02 -1.790941263e+02 +4.3331e-01 +7.0466e-01 -3.0151e+00 +1.8602e+00 +3.7110e+00
376 +2.162026817e-01 +2.162026817e-01 -1.793237973e+02 -1.793237973e+02 +4.3331e-01 +7.0466e-01 -3.3986e+00 +2.5050e+00 +3.7110e+00
479 +1.000154848e-01 +1.000154848e-01 -1.794399845e+02 -1.794399845e+02 +8.1715e-01 +5.1950e-01 -3.6569e+00 +2.0885e+00 +3.8605e+00
576 +9.717472496e-02 +9.717472496e-02 -1.794428253e+02 -1.794428253e+02 +8.1715e-01 +5.1950e-01 -3.6526e+00 +2.1022e+00 +3.8605e+00
589 +4.974028579e-02 +4.974028579e-02 -1.794902597e+02 -1.794902597e+02 +7.8116e-01 +7.1624e-01 -3.3812e+00 +2.3397e+00 +3.8996e+00
612 +3.568827075e-02 +3.568827075e-02 -1.795043117e+02 -1.795043117e+02 +7.6930e-01 +6.3531e-01 -3.4604e+00 +2.3064e+00 +3.8469e+00
623 +1.884613461e-02 +1.884613461e-02 -1.795211539e+02 -1.795211539e+02 +6.3724e-01 +4.0694e-01 -3.4195e+00 +2.2129e+00 +3.7496e+00
780 +1.103371903e-02 +1.103371903e-02 -1.795289663e+02 -1.795289663e+02 +7.6930e-01 +4.1197e-01 -3.4604e+00 +2.3825e+00 +3.8023e+00
841 +1.722231133e-03 +1.722231133e-03 -1.795382778e+02 -1.795382778e+02 +7.9408e-01 +5.1524e-01 -3.4612e+00 +2.3430e+00 +3.8486e+00
971 +1.074705732e-03 +1.074705732e-03 -1.795389253e+02 -1.795389253e+02 +7.8793e-01 +5.1219e-01 -3.4589e+00 +2.3297e+00 +3.8407e+00
1108 +6.930380874e-04 +6.930380874e-04 -1.795393070e+02 -1.795393070e+02 +7.9190e-01 +5.0737e-01 -3.4574e+00 +2.3386e+00 +3.8388e+00
1579 +5.899340410e-04 +5.899340410e-04 -1.795394101e+02 -1.795394101e+02 +7.8480e-01 +4.7964e-01 -3.4470e+00 +2.3645e+00 +3.8258e+00
1643 +2.548038323e-04 +2.548038323e-04 -1.795397452e+02 -1.795397452e+02 +8.1100e-01 +5.3596e-01 -3.4437e+00 +2.4482e+00 +3.8671e+00
1751 +1.300894540e-04 +1.300894540e-04 -1.795398699e+02 -1.795398699e+02 +7.9843e-01 +5.0447e-01 -3.4474e+00 +2.3960e+00 +3.8433e+00
2236 +8.732230620e-05 +8.732230620e-05 -1.795399127e+02 -1.795399127e+02 +7.9878e-01 +5.2165e-01 -3.4480e+00 +2.4113e+00 +3.8563e+00
2801 +3.198559537e-05 +3.198559537e-05 -1.795399680e+02 -1.795399680e+02 +7.8812e-01 +5.1837e-01 -3.4471e+00 +2.4043e+00 +3.8537e+00
2886 +1.795199142e-05 +1.795199142e-05 -1.795399820e+02 -1.795399820e+02 +7.8651e-01 +5.1191e-01 -3.4483e+00 +2.3879e+00 +3.8474e+00
3056 +1.234195898e-05 +1.234195898e-05 -1.795399877e+02 -1.795399877e+02 +7.9197e-01 +5.1285e-01 -3.4477e+00 +2.3941e+00 +3.8481e+00
3209 +6.711570364e-06 +6.711570364e-06 -1.795399933e+02 -1.795399933e+02 +7.9336e-01 +5.1318e-01 -3.4476e+00 +2.3961e+00 +3.8486e+00
3294 +3.802121171e-06 +3.802121171e-06 -1.795399962e+02 -1.795399962e+02 +7.9201e-01 +5.1013e-01 -3.4479e+00 +2.3922e+00 +3.8465e+00
3553 +1.130447828e-06 +1.130447828e-06 -1.795399989e+02 -1.795399989e+02 +7.9664e-01 +5.0871e-01 -3.4480e+00 +2.3902e+00 +3.8446e+00
3753 +5.193732022e-07 +5.193732022e-07 -1.795399995e+02 -1.795399995e+02 +7.9127e-01 +5.1633e-01 -3.4481e+00 +2.3976e+00 +3.8512e+00
3806 +1.969062851e-07 +1.969062851e-07 -1.795399998e+02 -1.795399998e+02 +7.9246e-01 +5.1474e-01 -3.4480e+00 +2.3961e+00 +3.8498e+00
3962 +1.575625959e-07 +1.575625959e-07 -1.795399998e+02 -1.795399998e+02 +7.9432e-01 +5.1223e-01 -3.4480e+00 +2.3941e+00 +3.8477e+00
4097 +6.850657996e-08 +6.850657996e-08 -1.795399999e+02 -1.795399999e+02 +7.9415e-01 +5.1159e-01 -3.4480e+00 +2.3932e+00 +3.8472e+00
4112 +4.977914614e-08 +4.977914614e-08 -1.795400000e+02 -1.795400000e+02 +7.9389e-01 +5.1414e-01 -3.4479e+00 +2.3965e+00 +3.8493e+00
4184 +3.714836794e-08 +3.714836794e-08 -1.795400000e+02 -1.795400000e+02 +7.9307e-01 +5.1266e-01 -3.4481e+00 +2.3933e+00 +3.8481e+00
4292 +2.213013772e-08 +2.213013772e-08 -1.795400000e+02 -1.795400000e+02 +7.9367e-01 +5.1328e-01 -3.4480e+00 +2.3946e+00 +3.8485e+00
4347 +8.383693739e-09 +8.383693739e-09 -1.795400000e+02 -1.795400000e+02 +7.9307e-01 +5.1320e-01 -3.4481e+00 +2.3942e+00 +3.8485e+00
4358 +6.161997135e-09 +6.161997135e-09 -1.795400000e+02 -1.795400000e+02 +7.9367e-01 +5.1343e-01 -3.4480e+00 +2.3951e+00 +3.8487e+00
4452 +3.645737934e-09 +3.645737934e-09 -1.795400000e+02 -1.795400000e+02 +7.9350e-01 +5.1338e-01 -3.4480e+00 +2.3948e+00 +3.8486e+00
4576 +2.389867859e-09 +2.389867859e-09 -1.795400000e+02 -1.795400000e+02 +7.9355e-01 +5.1365e-01 -3.4480e+00 +2.3953e+00 +3.8488e+00
4675 +1.404686145e-09 +1.404686145e-09 -1.795400000e+02 -1.795400000e+02 +7.9335e-01 +5.1338e-01 -3.4480e+00 +2.3946e+00 +3.8486e+00
4727 +5.348965715e-10 +5.348965715e-10 -1.795400000e+02 -1.795400000e+02 +7.9346e-01 +5.1326e-01 -3.4480e+00 +2.3946e+00 +3.8485e+00
4876 +1.400621841e-10 +1.400621841e-10 -1.795400000e+02 -1.795400000e+02 +7.9356e-01 +5.1356e-01 -3.4480e+00 +2.3951e+00 +3.8488e+00
% function evaluation | noise-free fitness - Fopt (7.731000000000e+01) | best noise-free fitness - Fopt | measured fitness | best measured fitness | x1 | x2...
1 +2.070282059e+01 +2.070282059e+01 +9.801282059e+01 +9.801282059e+01 +1.4058e+00 +2.1783e+00 -3.9310e+00 -3.0013e+00 +1.4746e+00
7 +1.499612526e+01 +1.499612526e+01 +9.230612526e+01 +9.230612526e+01 -4.2274e+00 -2.7674e+00 -1.2627e+00 -1.2398e+00 -4.9341e+00
11 +7.625858075e+00 +7.625858075e+00 +8.493585807e+01 +8.493585807e+01 -4.1096e+00 +1.1614e-01 -1.6574e+00 -2.8396e-01 -2.6603e+00
12 +4.700264613e+00 +4.700264613e+00 +8.201026461e+01 +8.201026461e+01 -8.4327e-01 +2.2004e-01 -1.2335e+00 -9.4902e-01 -3.1753e+00
82 +3.177722702e+00 +3.177722702e+00 +8.048772270e+01 +8.048772270e+01 +2.8034e+00 -4.6360e-01 -1.4815e+00 -3.2650e+00 +2.9683e+00
102 +1.709315147e+00 +1.709315147e+00 +7.901931515e+01 +7.901931515e+01 +1.5218e+00 -4.6360e-01 -1.4815e+00 -3.2650e+00 +2.0175e+00
178 +1.505960198e+00 +1.505960198e+00 +7.881596020e+01 +7.881596020e+01 -2.2274e-01 -1.1369e-01 -2.1868e+00 -2.0572e+00 -3.3371e-02
195 +9.965363674e-01 +9.965363674e-01 +7.830653637e+01 +7.830653637e+01 +4.2442e-01 -8.1138e-01 -2.6164e+00 -1.3570e+00 +1.9067e+00
315 +3.137668884e-01 +3.137668884e-01 +7.762376689e+01 +7.762376689e+01 +6.4113e-01 -8.2522e-01 -2.1039e+00 -1.8622e+00 +7.4411e-01
362 +1.505540095e-01 +1.505540095e-01 +7.746055401e+01 +7.746055401e+01 +6.1891e-01 -7.1023e-01 -2.1707e+00 -2.1251e+00 +1.1151e+00
583 +6.762021913e-02 +6.762021913e-02 +7.737762022e+01 +7.737762022e+01 +7.3433e-01 -7.2076e-01 -2.5546e+00 -1.8766e+00 +1.0733e+00
602 +2.036608601e-02 +2.036608601e-02 +7.733036609e+01 +7.733036609e+01 +7.5344e-01 -7.5916e-01 -2.1358e+00 -1.8998e+00 +1.0574e+00
727 +1.372882535e-02 +1.372882535e-02 +7.732372883e+01 +7.732372883e+01 +8.1651e-01 -6.8980e-01 -2.2648e+00 -1.9036e+00 +1.0261e+00
751 +7.991570427e-03 +7.991570427e-03 +7.731799157e+01 +7.731799157e+01 +8.3472e-01 -6.3610e-01 -2.2882e+00 -1.8474e+00 +1.0487e+00
821 +3.820672047e-03 +3.820672047e-03 +7.731382067e+01 +7.731382067e+01 +8.8746e-01 -7.2905e-01 -2.0412e+00 -1.8341e+00 +1.0063e+00
1129 +7.891752991e-04 +7.891752991e-04 +7.731078918e+01 +7.731078918e+01 +8.7366e-01 -6.1657e-01 -2.1485e+00 -1.8850e+00 +1.0104e+00
1431 +4.411430954e-04 +4.411430954e-04 +7.731044114e+01 +7.731044114e+01 +8.8856e-01 -6.2345e-01 -2.1071e+00 -1.8847e+00 +1.0020e+00
1919 +3.132690390e-04 +3.132690390e-04 +7.731031327e+01 +7.731031327e+01 +8.8260e-01 -6.3107e-01 -2.0754e+00 -1.8968e+00 +1.0003e+00
1988 +1.139699199e-04 +1.139699199e-04 +7.731011397e+01 +7.731011397e+01 +8.9277e-01 -6.0290e-01 -2.1182e+00 -1.8988e+00 +9.9878e-01
2104 +8.316674766e-05 +8.316674766e-05 +7.731008317e+01 +7.731008317e+01 +8.8701e-01 -6.1419e-01 -2.1570e+00 -1.8781e+00 +1.0073e+00
2342 +5.281155691e-05 +5.281155691e-05 +7.731005281e+01 +7.731005281e+01 +8.8502e-01 -6.1457e-01 -2.1456e+00 -1.8815e+00 +1.0070e+00
2502 +1.907354644e-05 +1.907354644e-05 +7.731001907e+01 +7.731001907e+01 +8.9974e-01 -6.0067e-01 -2.1353e+00 -1.8865e+00 +9.9987e-01
2687 +1.058781434e-05 +1.058781434e-05 +7.731001059e+01 +7.731001059e+01 +8.9990e-01 -6.0216e-01 -2.1246e+00 -1.8894e+00 +9.9855e-01
2754 +9.272220353e-06 +9.272220353e-06 +7.731000927e+01 +7.731000927e+01 +8.9865e-01 -6.0390e-01 -2.1266e+00 -1.8881e+00 +9.9936e-01
2870 +5.849523376e-06 +5.849523376e-06 +7.731000585e+01 +7.731000585e+01 +8.9799e-01 -5.9992e-01 -2.1331e+00 -1.8884e+00 +1.0002e+00
3077 +2.413177327e-06 +2.413177327e-06 +7.731000241e+01 +7.731000241e+01 +8.9695e-01 -6.0076e-01 -2.1323e+00 -1.8893e+00 +1.0003e+00
3258 +1.376247695e-06 +1.376247695e-06 +7.731000138e+01 +7.731000138e+01 +8.9554e-01 -6.0427e-01 -2.1309e+00 -1.8883e+00 +1.0008e+00
3332 +5.085579318e-07 +5.085579318e-07 +7.731000051e+01 +7.731000051e+01 +8.9428e-01 -6.0735e-01 -2.1305e+00 -1.8868e+00 +1.0015e+00
3501 +2.156371011e-07 +2.156371011e-07 +7.731000022e+01 +7.731000022e+01 +8.9493e-01 -6.0877e-01 -2.1269e+00 -1.8866e+00 +1.0010e+00
3680 +8.366060911e-08 +8.366060911e-08 +7.731000008e+01 +7.731000008e+01 +8.9563e-01 -6.0686e-01 -2.1280e+00 -1.8871e+00 +1.0008e+00
3784 +3.657304148e-08 +3.657304148e-08 +7.731000004e+01 +7.731000004e+01 +8.9551e-01 -6.0650e-01 -2.1283e+00 -1.8874e+00 +1.0008e+00
3788 +2.019361034e-08 +2.019361034e-08 +7.731000002e+01 +7.731000002e+01 +8.9517e-01 -6.0882e-01 -2.1249e+00 -1.8872e+00 +1.0007e+00
3833 +1.499670077e-08 +1.499670077e-08 +7.731000001e+01 +7.731000001e+01 +8.9529e-01 -6.0778e-01 -2.1263e+00 -1.8873e+00 +1.0007e+00
4039 +5.828425742e-09 +5.828425742e-09 +7.731000001e+01 +7.731000001e+01 +8.9526e-01 -6.0778e-01 -2.1266e+00 -1.8873e+00 +1.0008e+00
4086 +3.754024647e-09 +3.754024647e-09 +7.731000000e+01 +7.731000000e+01 +8.9533e-01 -6.0776e-01 -2.1265e+00 -1.8872e+00 +1.0008e+00
4128 +1.762117563e-09 +1.762117563e-09 +7.731000000e+01 +7.731000000e+01 +8.9522e-01 -6.0785e-01 -2.1265e+00 -1.8873e+00 +1.0008e+00
4297 +6.530456176e-10 +6.530456176e-10 +7.731000000e+01 +7.731000000e+01 +8.9525e-01 -6.0769e-01 -2.1269e+00 -1.8872e+00 +1.0008e+00
4383 +5.141629345e-10 +5.141629345e-10 +7.731000000e+01 +7.731000000e+01 +8.9518e-01 -6.0808e-01 -2.1263e+00 -1.8872e+00 +1.0008e+00
4514 +1.649027581e-10 +1.649027581e-10 +7.731000000e+01 +7.731000000e+01 +8.9516e-01 -6.0819e-01 -2.1262e+00 -1.8872e+00 +1.0008e+00
4553 +9.283951385e-11 +9.283951385e-11 +7.731000000e+01 +7.731000000e+01 +8.9518e-01 -6.0804e-01 -2.1264e+00 -1.8872e+00 +1.0008e+00
4603 +6.227196536e-11 +6.227196536e-11 +7.731000000e+01 +7.731000000e+01 +8.9517e-01 -6.0813e-01 -2.1262e+00 -1.8872e+00 +1.0008e+00
4779 +1.084288215e-11 +1.084288215e-11 +7.731000000e+01 +7.731000000e+01 +8.9521e-01 -6.0795e-01 -2.1265e+00 -1.8872e+00 +1.0008e+00
4828 +9.691802916e-12 +9.691802916e-12 +7.731000000e+01 +7.731000000e+01 +8.9520e-01 -6.0800e-01 -2.1264e+00 -1.8872e+00 +1.0008e+00
% function evaluation | noise-free fitness - Fopt (3.992000000000e+01) | best noise-free fitness - Fopt | measured fitness | best measured fitness | x1 | x2...
1 +2.269507057e+01 +2.269507057e+01 +6.261507057e+01 +6.261507057e+01 -3.4514e+00 +3.1331e+00 -9.3619e-01 -3.5969e+00 +3.6158e+00
11 +1.237125172e+01 +1.237125172e+01 +5.229125172e+01 +5.229125172e+01 +3.6446e+00 +2.5181e-01 +3.6371e+00 +2.5380e+00 -2.0681e+00
25 +6.097017749e+00 +6.097017749e+00 +4.601701775e+01 +4.601701775e+01 +8.8471e-01 +3.6704e-01 +4.6419e-01 -3.5310e+00 -3.4510e+00
101 +1.907564594e+00 +1.907564594e+00 +4.182756459e+01 +4.182756459e+01 +2.3798e+00 -1.0984e-01 +2.3893e+00 -2.8406e+00 -1.4161e+00
301 +1.265808050e+00 +1.265808050e+00 +4.118580805e+01 +4.118580805e+01 +3.8958e+00 -4.7884e-01 +3.4054e+00 -1.4767e+00 -2.4130e+00
329 +5.028472594e-01 +5.028472594e-01 +4.042284726e+01 +4.042284726e+01 +4.2230e+00 -5.8266e-01 +2.2114e+00 -2.7163e+00 -1.4406e+00
408 +3.181178064e-01 +3.181178064e-01 +4.023811781e+01 +4.023811781e+01 +4.5203e+00 -9.2410e-01 +2.2302e+00 -2.2904e+00 -1.8260e+00
551 +2.357990375e-01 +2.357990375e-01 +4.015579904e+01 +4.015579904e+01 +4.1710e+00 -1.3022e+00 +2.2461e+00 -2.3361e+00 -1.4849e+00
573 +6.539158249e-02 +6.539158249e-02 +3.998539158e+01 +3.998539158e+01 +4.0359e+00 -9.6761e-01 +2.3348e+00 -2.2012e+00 -1.8634e+00
680 +4.060783972e-02 +4.060783972e-02 +3.996060784e+01 +3.996060784e+01 +3.8524e+00 -9.3752e-01 +2.6514e+00 -2.3571e+00 -2.0758e+00
729 +2.727048949e-02 +2.727048949e-02 +3.994727049e+01 +3.994727049e+01 +4.0425e+00 -9.2574e-01 +2.3946e+00 -2.3466e+00 -1.9015e+00
752 +2.313865355e-02 +2.313865355e-02 +3.994313865e+01 +3.994313865e+01 +3.8837e+00 -1.0912e+00 +2.5079e+00 -2.1988e+00 -2.1463e+00
851 +9.814721615e-03 +9.814721615e-03 +3.992981472e+01 +3.992981472e+01 +3.9586e+00 -1.0939e+00 +2.3164e+00 -2.3449e+00 -2.0203e+00
902 +5.884670205e-03 +5.884670205e-03 +3.992588467e+01 +3.992588467e+01 +3.9786e+00 -1.0427e+00 +2.4583e+00 -2.3184e+00 -1.9191e+00
1105 +1.660012212e-03 +1.660012212e-03 +3.992166001e+01 +3.992166001e+01 +3.9978e+00 -1.0815e+00 +2.3399e+00 -2.3150e+00 -1.9499e+00
1208 +7.321176462e-04 +7.321176462e-04 +3.992073212e+01 +3.992073212e+01 +3.9618e+00 -1.0623e+00 +2.4067e+00 -2.3059e+00 -1.9916e+00
1533 +5.699453588e-04 +5.699453588e-04 +3.992056995e+01 +3.992056995e+01 +3.9525e+00 -1.0847e+00 +2.3957e+00 -2.3022e+00 -2.0056e+00
1731 +1.515295070e-04 +1.515295070e-04 +3.992015153e+01 +3.992015153e+01 +3.9757e+00 -1.0633e+00 +2.3515e+00 -2.2894e+00 -2.0198e+00
2361 +7.204575463e-05 +7.204575463e-05 +3.992007205e+01 +3.992007205e+01 +3.9649e+00 -1.0747e+00 +2.3731e+00 -2.3021e+00 -2.0062e+00
2452 +5.374870077e-05 +5.374870077e-05 +3.992005375e+01 +3.992005375e+01 +3.9587e+00 -1.0658e+00 +2.3877e+00 -2.2942e+00 -2.0191e+00
2507 +3.537124273e-05 +3.537124273e-05 +3.992003537e+01 +3.992003537e+01 +3.9526e+00 -1.0703e+00 +2.3822e+00 -2.2895e+00 -2.0376e+00
2638 +1.137446402e-05 +1.137446402e-05 +3.992001137e+01 +3.992001137e+01 +3.9510e+00 -1.0679e+00 +2.3841e+00 -2.2881e+00 -2.0425e+00
2808 +8.517040605e-06 +8.517040605e-06 +3.992000852e+01 +3.992000852e+01 +3.9551e+00 -1.0701e+00 +2.3848e+00 -2.2935e+00 -2.0271e+00
2935 +3.892499535e-06 +3.892499535e-06 +3.992000389e+01 +3.992000389e+01 +3.9530e+00 -1.0693e+00 +2.3835e+00 -2.2903e+00 -2.0359e+00
3370 +2.354265746e-06 +2.354265746e-06 +3.992000235e+01 +3.992000235e+01 +3.9512e+00 -1.0685e+00 +2.3825e+00 -2.2877e+00 -2.0432e+00
3410 +1.176350160e-06 +1.176350160e-06 +3.992000118e+01 +3.992000118e+01 +3.9527e+00 -1.0694e+00 +2.3817e+00 -2.2893e+00 -2.0387e+00
3501 +8.587951825e-07 +8.587951825e-07 +3.992000086e+01 +3.992000086e+01 +3.9497e+00 -1.0694e+00 +2.3859e+00 -2.2887e+00 -2.0421e+00
3602 +5.403874681e-07 +5.403874681e-07 +3.992000054e+01 +3.992000054e+01 +3.9502e+00 -1.0692e+00 +2.3844e+00 -2.2884e+00 -2.0426e+00
3709 +1.736612418e-07 +1.736612418e-07 +3.992000017e+01 +3.992000017e+01 +3.9488e+00 -1.0697e+00 +2.3865e+00 -2.2887e+00 -2.0434e+00
3956 +8.044274580e-08 +8.044274580e-08 +3.992000008e+01 +3.992000008e+01 +3.9490e+00 -1.0696e+00 +2.3862e+00 -2.2886e+00 -2.0433e+00
4069 +6.116940909e-08 +6.116940909e-08 +3.992000006e+01 +3.992000006e+01 +3.9494e+00 -1.0697e+00 +2.3863e+00 -2.2891e+00 -2.0420e+00
4085 +3.692920103e-08 +3.692920103e-08 +3.992000004e+01 +3.992000004e+01 +3.9494e+00 -1.0695e+00 +2.3861e+00 -2.2888e+00 -2.0424e+00
4226 +2.409096567e-08 +2.409096567e-08 +3.992000002e+01 +3.992000002e+01 +3.9492e+00 -1.0694e+00 +2.3867e+00 -2.2889e+00 -2.0422e+00
4367 +1.582763076e-08 +1.582763076e-08 +3.992000002e+01 +3.992000002e+01 +3.9496e+00 -1.0695e+00 +2.3861e+00 -2.2890e+00 -2.0418e+00
4491 +9.162576475e-09 +9.162576475e-09 +3.992000001e+01 +3.992000001e+01 +3.9495e+00 -1.0695e+00 +2.3865e+00 -2.2892e+00 -2.0414e+00
4626 +5.529166458e-09 +5.529166458e-09 +3.992000001e+01 +3.992000001e+01 +3.9499e+00 -1.0695e+00 +2.3858e+00 -2.2892e+00 -2.0412e+00
4727 +3.670422188e-09 +3.670422188e-09 +3.992000000e+01 +3.992000000e+01 +3.9498e+00 -1.0695e+00 +2.3861e+00 -2.2892e+00 -2.0412e+00
4759 +2.210441608e-09 +2.210441608e-09 +3.992000000e+01 +3.992000000e+01 +3.9498e+00 -1.0696e+00 +2.3863e+00 -2.2894e+00 -2.0409e+00
4916 +1.522998616e-09 +1.522998616e-09 +3.992000000e+01 +3.992000000e+01 +3.9499e+00 -1.0696e+00 +2.3862e+00 -2.2894e+00 -2.0407e+00
% function evaluation | noise-free fitness - Fopt (-5.661000000000e+01) | best noise-free fitness - Fopt | measured fitness | best measured fitness | x1 | x2...
1 +7.142176126e+01 +7.142176126e+01 +1.481176126e+01 +1.481176126e+01 +3.0973e+00 +2.3107e+00 -4.6854e+00 +1.7706e+00 +1.8914e+00
6 +1.573571809e+01 +1.573571809e+01 -4.087428191e+01 -4.087428191e+01 +3.9839e+00 -1.5601e+00 +2.7687e+00 +8.1512e-01 -2.4438e-01
29 +7.575467032e+00 +7.575467032e+00 -4.903453297e+01 -4.903453297e+01 +4.0431e+00 +3.3633e+00 +2.4197e+00 -3.0595e+00 -3.3696e+00
51 +2.608362198e+00 +2.608362198e+00 -5.400163780e+01 -5.400163780e+01 +1.6073e+00 +3.1830e+00 +3.5990e+00 -1.3594e+00 -3.3696e+00
151 +1.929491964e+00 +1.929491964e+00 -5.468050804e+01 -5.468050804e+01 +1.6073e+00 +2.9578e+00 +3.5990e+00 -1.5583e+00 -3.3696e+00
202 +7.962349952e-01 +7.962349952e-01 -5.581376500e+01 -5.581376500e+01 +1.9658e+00 +2.7376e+00 +4.0108e+00 -2.4696e+00 -2.9431e+00
353 +5.355865600e-01 +5.355865600e-01 -5.607441344e+01 -5.607441344e+01 +2.1012e+00 +2.5863e+00 +2.9010e+00 -3.1847e+00 -2.4308e+00
430 +3.235797567e-01 +3.235797567e-01 -5.628642024e+01 -5.628642024e+01 +2.0773e+00 +3.1010e+00 +3.5019e+00 -3.7272e+00 -2.7658e+00
477 +1.567293402e-01 +1.567293402e-01 -5.645327066e+01 -5.645327066e+01 +1.9254e+00 +3.0419e+00 +3.0118e+00 -3.2942e+00 -2.8509e+00
577 +6.503126187e-02 +6.503126187e-02 -5.654496874e+01 -5.654496874e+01 +2.0073e+00 +2.7226e+00 +3.1319e+00 -3.3555e+00 -2.9228e+00
611 +6.056588861e-02 +6.056588861e-02 -5.654943411e+01 -5.654943411e+01 +1.7215e+00 +2.8301e+00 +3.2065e+00 -3.2776e+00 -2.8232e+00
705 +3.843532230e-02 +3.843532230e-02 -5.657156468e+01 -5.657156468e+01 +2.0073e+00 +2.8207e+00 +3.1319e+00 -3.4134e+00 -2.9228e+00
777 +1.723625396e-02 +1.723625396e-02 -5.659276375e+01 -5.659276375e+01 +1.9423e+00 +2.9437e+00 +3.3289e+00 -3.2528e+00 -3.1466e+00
826 +1.383820367e-02 +1.383820367e-02 -5.659616180e+01 -5.659616180e+01 +2.0500e+00 +2.9456e+00 +3.1390e+00 -3.3680e+00 -3.1172e+00
829 +4.285380866e-03 +4.285380866e-03 -5.660571462e+01 -5.660571462e+01 +1.9265e+00 +2.9332e+00 +3.1558e+00 -3.2604e+00 -3.0890e+00
1068 +3.799161597e-03 +3.799161597e-03 -5.660620084e+01 -5.660620084e+01 +1.8798e+00 +2.9211e+00 +3.2327e+00 -3.2693e+00 -3.0365e+00
1281 +2.348428652e-03 +2.348428652e-03 -5.660765157e+01 -5.660765157e+01 +1.9845e+00 +2.9634e+00 +3.1395e+00 -3.2764e+00 -3.1424e+00
1302 +4.712407024e-04 +4.712407024e-04 -5.660952876e+01 -5.660952876e+01 +1.9070e+00 +2.9142e+00 +3.2274e+00 -3.2608e+00 -3.0620e+00
1960 +3.453665757e-04 +3.453665757e-04 -5.660965463e+01 -5.660965463e+01 +1.9200e+00 +2.9150e+00 +3.2351e+00 -3.2608e+00 -3.0769e+00
2361 +1.740234590e-04 +1.740234590e-04 -5.660982598e+01 -5.660982598e+01 +1.9364e+00 +2.9275e+00 +3.2172e+00 -3.2638e+00 -3.0960e+00
2376 +1.073628437e-04 +1.073628437e-04 -5.660989264e+01 -5.660989264e+01 +1.9402e+00 +2.9213e+00 +3.2226e+00 -3.2737e+00 -3.0849e+00
2633 +7.476529188e-05 +7.476529188e-05 -5.660992523e+01 -5.660992523e+01 +1.9293e+00 +2.9206e+00 +3.2094e+00 -3.2654e+00 -3.0796e+00
2645 +3.763379519e-05 +3.763379519e-05 -5.660996237e+01 -5.660996237e+01 +1.9461e+00 +2.9204e+00 +3.2063e+00 -3.2756e+00 -3.0839e+00
2715 +1.561053386e-05 +1.561053386e-05 -5.660998439e+01 -5.660998439e+01 +1.9454e+00 +2.9242e+00 +3.2018e+00 -3.2702e+00 -3.0915e+00
3167 +9.770284855e-06 +9.770284855e-06 -5.660999023e+01 -5.660999023e+01 +1.9509e+00 +2.9246e+00 +3.1982e+00 -3.2731e+00 -3.0932e+00
3452 +3.918313389e-06 +3.918313389e-06 -5.660999608e+01 -5.660999608e+01 +1.9420e+00 +2.9207e+00 +3.2118e+00 -3.2721e+00 -3.0853e+00
3480 +2.047012629e-06 +2.047012629e-06 -5.660999795e+01 -5.660999795e+01 +1.9499e+00 +2.9205e+00 +3.2070e+00 -3.2778e+00 -3.0857e+00
3693 +1.273112765e-06 +1.273112765e-06 -5.660999873e+01 -5.660999873e+01 +1.9574e+00 +2.9224e+00 +3.2016e+00 -3.2802e+00 -3.0908e+00
3711 +9.847663307e-07 +9.847663307e-07 -5.660999902e+01 -5.660999902e+01 +1.9570e+00 +2.9224e+00 +3.2018e+00 -3.2799e+00 -3.0907e+00
3840 +5.661718276e-07 +5.661718276e-07 -5.660999943e+01 -5.660999943e+01 +1.9511e+00 +2.9214e+00 +3.2070e+00 -3.2774e+00 -3.0880e+00
3863 +3.357654634e-07 +3.357654634e-07 -5.660999966e+01 -5.660999966e+01 +1.9510e+00 +2.9216e+00 +3.2056e+00 -3.2771e+00 -3.0880e+00
4033 +9.473869511e-08 +9.473869511e-08 -5.660999991e+01 -5.660999991e+01 +1.9533e+00 +2.9218e+00 +3.2049e+00 -3.2784e+00 -3.0889e+00
4148 +5.675914849e-08 +5.675914849e-08 -5.660999994e+01 -5.660999994e+01 +1.9497e+00 +2.9214e+00 +3.2069e+00 -3.2766e+00 -3.0875e+00
4230 +2.586016024e-08 +2.586016024e-08 -5.660999997e+01 -5.660999997e+01 +1.9518e+00 +2.9222e+00 +3.2048e+00 -3.2771e+00 -3.0892e+00
4383 +2.448771141e-08 +2.448771141e-08 -5.660999998e+01 -5.660999998e+01 +1.9488e+00 +2.9212e+00 +3.2076e+00 -3.2763e+00 -3.0870e+00
4405 +1.501047109e-08 +1.501047109e-08 -5.660999998e+01 -5.660999998e+01 +1.9512e+00 +2.9217e+00 +3.2057e+00 -3.2772e+00 -3.0884e+00
4460 +9.339622409e-09 +9.339622409e-09 -5.660999999e+01 -5.660999999e+01 +1.9502e+00 +2.9217e+00 +3.2062e+00 -3.2765e+00 -3.0881e+00
4501 +4.952838140e-09 +4.952838140e-09 -5.661000000e+01 -5.661000000e+01 +1.9508e+00 +2.9216e+00 +3.2063e+00 -3.2771e+00 -3.0881e+00
4507 +2.850775616e-09 +2.850775616e-09 -5.661000000e+01 -5.661000000e+01 +1.9509e+00 +2.9217e+00 +3.2061e+00 -3.2771e+00 -3.0882e+00
4624 +1.536569982e-09 +1.536569982e-09 -5.661000000e+01 -5.661000000e+01 +1.9503e+00 +2.9214e+00 +3.2067e+00 -3.2769e+00 -3.0877e+00
4851 +4.028208878e-10 +4.028208878e-10 -5.661000000e+01 -5.661000000e+01 +1.9501e+00 +2.9215e+00 +3.2067e+00 -3.2767e+00 -3.0877e+00
4953 +2.933902010e-10 +2.933902010e-10 -5.661000000e+01 -5.661000000e+01 +1.9501e+00 +2.9216e+00 +3.2065e+00 -3.2766e+00 -3.0879e+00
% function evaluation | noise-free fitness - Fopt (5.134000000000e+01) | best noise-free fitness - Fopt | measured fitness | best measured fitness | x1 | x2...
1 +2.029775566e+01 +2.029775566e+01 +7.163775566e+01 +7.163775566e+01 +3.0501e-01 -2.8088e+00 -1.8234e+00 -1.5211e+00 +1.1815e+00
2 +1.321231839e+01 +1.321231839e+01 +6.455231839e+01 +6.455231839e+01 +7.8636e-01 -2.7925e+00 -1.3526e+00 +1.2376e+00 +4.1684e+00
3 +7.323420390e+00 +7.323420390e+00 +5.866342039e+01 +5.866342039e+01 -1.8205e+00 +2.8432e+00 +9.5500e-01 -4.6921e-01 +2.5759e+00
8 +5.823560351e+00 +5.823560351e+00 +5.716356035e+01 +5.716356035e+01 -4.3901e+00 -1.6717e+00 +9.5445e-01 +3.0288e+00 +2.4020e+00
32 +3.249863967e+00 +3.249863967e+00 +5.458986397e+01 +5.458986397e+01 -1.6005e+00 -2.4935e+00 +4.6191e-01 +2.2297e+00 -1.6638e+00
179 +2.034698473e+00 +2.034698473e+00 +5.337469847e+01 +5.337469847e+01 -1.6654e+00 -2.1462e+00 +8.5842e-01 +2.7837e+00 +2.2467e+00
217 +7.459315839e-01 +7.459315839e-01 +5.208593158e+01 +5.208593158e+01 -2.9286e+00 -1.7432e+00 -5.2683e-01 +2.4151e+00 +2.4253e-01
330 +2.153636715e-01 +2.153636715e-01 +5.155536367e+01 +5.155536367e+01 -2.7612e+00 -2.2504e+00 +7.1947e-01 +2.3892e+00 +3.8339e-01
351 +1.519697937e-01 +1.519697937e-01 +5.149196979e+01 +5.149196979e+01 -2.7612e+00 -2.1109e+00 +7.1947e-01 +2.7097e+00 +3.8339e-01
454 +7.380177273e-02 +7.380177273e-02 +5.141380177e+01 +5.141380177e+01 -2.5402e+00 -2.4743e+00 +5.7411e-01 +2.8580e+00 +6.3966e-01
581 +3.548865299e-02 +3.548865299e-02 +5.137548865e+01 +5.137548865e+01 -2.5747e+00 -2.3114e+00 +6.2331e-01 +2.6642e+00 +4.2161e-01
663 +6.303940477e-03 +6.303940477e-03 +5.134630394e+01 +5.134630394e+01 -2.5621e+00 -2.2152e+00 +2.6238e-01 +2.6944e+00 +3.6600e-01
981 +2.649768438e-03 +2.649768438e-03 +5.134264977e+01 +5.134264977e+01 -2.5122e+00 -2.2733e+00 +3.1078e-01 +2.8016e+00 +4.8546e-01
1204 +1.857578066e-03 +1.857578066e-03 +5.134185758e+01 +5.134185758e+01 -2.5388e+00 -2.2354e+00 +2.5845e-01 +2.7506e+00 +4.1308e-01
1429 +1.491370744e-03 +1.491370744e-03 +5.134149137e+01 +5.134149137e+01 -2.5349e+00 -2.2681e+00 +3.2812e-01 +2.7526e+00 +4.4462e-01
1601 +9.928744843e-04 +9.928744843e-04 +5.134099287e+01 +5.134099287e+01 -2.5508e+00 -2.2646e+00 +2.9086e-01 +2.7496e+00 +4.3969e-01
1707 +4.574413898e-04 +4.574413898e-04 +5.134045744e+01 +5.134045744e+01 -2.5425e+00 -2.2723e+00 +3.0148e-01 +2.7685e+00 +4.5933e-01
1764 +3.835757576e-04 +3.835757576e-04 +5.134038358e+01 +5.134038358e+01 -2.5640e+00 -2.2779e+00 +3.2322e-01 +2.7721e+00 +4.6753e-01
2026 +8.884386296e-05 +8.884386296e-05 +5.134008884e+01 +5.134008884e+01 -2.5523e+00 -2.2541e+00 +2.8430e-01 +2.7392e+00 +4.2219e-01
2552 +4.808613144e-05 +4.808613144e-05 +5.134004809e+01 +5.134004809e+01 -2.5685e+00 -2.2630e+00 +3.0621e-01 +2.7560e+00 +4.4361e-01
2603 +2.481762728e-05 +2.481762728e-05 +5.134002482e+01 +5.134002482e+01 -2.5573e+00 -2.2631e+00 +3.0259e-01 +2.7571e+00 +4.4391e-01
2816 +1.422032049e-05 +1.422032049e-05 +5.134001422e+01 +5.134001422e+01 -2.5586e+00 -2.2562e+00 +2.8856e-01 +2.7518e+00 +4.3398e-01
2888 +9.892377037e-06 +9.892377037e-06 +5.134000989e+01 +5.134000989e+01 -2.5565e+00 -2.2568e+00 +2.8871e-01 +2.7522e+00 +4.3469e-01
2930 +5.460969447e-06 +5.460969447e-06 +5.134000546e+01 +5.134000546e+01 -2.5554e+00 -2.2556e+00 +2.8526e-01 +2.7538e+00 +4.3491e-01
2965 +3.317684779e-06 +3.317684779e-06 +5.134000332e+01 +5.134000332e+01 -2.5553e+00 -2.2547e+00 +2.8427e-01 +2.7536e+00 +4.3404e-01
3103 +1.006064686e-06 +1.006064686e-06 +5.134000101e+01 +5.134000101e+01 -2.5533e+00 -2.2556e+00 +2.8375e-01 +2.7566e+00 +4.3692e-01
3261 +6.942564994e-07 +6.942564994e-07 +5.134000069e+01 +5.134000069e+01 -2.5527e+00 -2.2546e+00 +2.8233e-01 +2.7550e+00 +4.3478e-01
3301 +5.787632560e-07 +5.787632560e-07 +5.134000058e+01 +5.134000058e+01 -2.5531e+00 -2.2547e+00 +2.8300e-01 +2.7545e+00 +4.3463e-01
3424 +8.892055803e-08 +8.892055803e-08 +5.134000009e+01 +5.134000009e+01 -2.5532e+00 -2.2546e+00 +2.8289e-01 +2.7538e+00 +4.3398e-01
3809 +5.476516662e-08 +5.476516662e-08 +5.134000005e+01 +5.134000005e+01 -2.5527e+00 -2.2541e+00 +2.8162e-01 +2.7537e+00 +4.3342e-01
3885 +3.139142990e-08 +3.139142990e-08 +5.134000003e+01 +5.134000003e+01 -2.5528e+00 -2.2545e+00 +2.8249e-01 +2.7540e+00 +4.3396e-01
3926 +2.289407774e-08 +2.289407774e-08 +5.134000002e+01 +5.134000002e+01 -2.5526e+00 -2.2540e+00 +2.8157e-01 +2.7534e+00 +4.3314e-01
4076 +1.563862639e-08 +1.563862639e-08 +5.134000002e+01 +5.134000002e+01 -2.5526e+00 -2.2543e+00 +2.8212e-01 +2.7537e+00 +4.3358e-01
4087 +7.369479249e-09 +7.369479249e-09 +5.134000001e+01 +5.134000001e+01 -2.5526e+00 -2.2543e+00 +2.8214e-01 +2.7538e+00 +4.3366e-01
4225 +8.530562923e-10 +8.530562923e-10 +5.134000000e+01 +5.134000000e+01 -2.5526e+00 -2.2542e+00 +2.8195e-01 +2.7536e+00 +4.3344e-01
4456 +6.207088177e-10 +6.207088177e-10 +5.134000000e+01 +5.134000000e+01 -2.5527e+00 -2.2544e+00 +2.8222e-01 +2.7537e+00 +4.3365e-01
4556 +3.575095775e-10 +3.575095775e-10 +5.134000000e+01 +5.134000000e+01 -2.5528e+00 -2.2544e+00 +2.8239e-01 +2.7537e+00 +4.3371e-01
4664 +1.617621592e-10 +1.617621592e-10 +5.134000000e+01 +5.134000000e+01 -2.5529e+00 -2.2545e+00 +2.8256e-01 +2.7537e+00 +4.3373e-01
4720 +1.437854280e-10 +1.437854280e-10 +5.134000000e+01 +5.134000000e+01 -2.5527e+00 -2.2543e+00 +2.8206e-01 +2.7536e+00 +4.3348e-01
4789 +7.387512824e-11 +7.387512824e-11 +5.134000000e+01 +5.134000000e+01 -2.5527e+00 -2.2543e+00 +2.8220e-01 +2.7536e+00 +4.3355e-01
4854 +5.004352488e-11 +5.004352488e-11 +5.134000000e+01 +5.134000000e+01 -2.5528e+00 -2.2544e+00 +2.8233e-01 +2.7536e+00 +4.3358e-01
4909 +3.893063649e-11 +3.893063649e-11 +5.134000000e+01 +5.134000000e+01 -2.5527e+00 -2.2543e+00 +2.8224e-01 +2.7536e+00 +4.3357e-01
4953 +2.047073622e-11 +2.047073622e-11 +5.134000000e+01 +5.134000000e+01 -2.5527e+00 -2.2543e+00 +2.8226e-01 +2.7536e+00 +4.3356e-01
% function evaluation | noise-free fitness - Fopt (-1.244000000000e+02) | best noise-free fitness - Fopt | measured fitness | best measured fitness | x1 | x2...
1 +1.573996125e+02 +1.573996125e+02 +3.299961248e+01 +3.299961248e+01 +4.7400e+00 +3.3684e+00 +1.3930e+00 +3.3647e+00 -1.2910e-02
2 +3.755751860e+01 +3.755751860e+01 -8.684248140e+01 -8.684248140e+01 +1.5456e+00 +2.9365e+00 -1.7533e+00 +8.8777e-01 +9.8048e-01
3 +2.394525721e+01 +2.394525721e+01 -1.004547428e+02 -1.004547428e+02 +3.7777e+00 -1.7793e+00 +9.2901e-01 -9.8166e-01 +4.0202e-01
4 +1.473349277e+01 +1.473349277e+01 -1.096665072e+02 -1.096665072e+02 -2.5022e+00 +2.6487e+00 +3.3260e+00 +2.2680e+00 +1.9344e+00
9 +6.357170260e+00 +6.357170260e+00 -1.180428297e+02 -1.180428297e+02 +9.6722e-01 -3.8665e-01 +1.4562e-01 -3.8127e+00 -4.7519e+00
45 +4.852981742e+00 +4.852981742e+00 -1.195470183e+02 -1.195470183e+02 -7.2745e-01 +1.1512e+00 +1.3082e+00 +4.5548e-01 -4.9959e-01
78 +2.948514439e+00 +2.948514439e+00 -1.214514856e+02 -1.214514856e+02 -2.4108e-01 +6.3421e-01 +1.2652e+00 -9.8166e-01 -2.2128e+00
101 +2.453177839e+00 +2.453177839e+00 -1.219468222e+02 -1.219468222e+02 +3.2344e-01 +1.3019e+00 +1.2652e+00 -2.1156e+00 -3.6317e+00
107 +1.581770289e+00 +1.581770289e+00 -1.228182297e+02 -1.228182297e+02 -5.2720e-02 +3.4255e-01 +2.1232e+00 -1.3737e+00 -3.4757e+00
130 +9.938483777e-01 +9.938483777e-01 -1.234061516e+02 -1.234061516e+02 -2.1872e-01 +1.1030e-01 +2.6897e+00 -1.9722e+00 -2.0427e+00
302 +3.433774729e-01 +3.433774729e-01 -1.240566225e+02 -1.240566225e+02 +4.3018e-01 +4.4507e-01 +2.6338e+00 -2.7604e+00 -2.5808e+00
411 +2.157650593e-01 +2.157650593e-01 -1.241842349e+02 -1.241842349e+02 +3.4011e-01 +6.7924e-01 +2.9460e+00 -2.4450e+00 -2.2688e+00
477 +8.058296417e-02 +8.058296417e-02 -1.243194170e+02 -1.243194170e+02 -1.3808e-01 +9.7555e-01 +2.7842e+00 -2.5912e+00 -2.5840e+00
576 +5.188423645e-02 +5.188423645e-02 -1.243481158e+02 -1.243481158e+02 +7.7431e-02 +6.8135e-01 +2.7483e+00 -2.6309e+00 -2.5971e+00
648 +1.818481985e-02 +1.818481985e-02 -1.243818152e+02 -1.243818152e+02 +2.4142e-01 +9.6557e-01 +2.8128e+00 -2.5079e+00 -2.4008e+00
1014 +1.201677270e-02 +1.201677270e-02 -1.243879832e+02 -1.243879832e+02 +2.0103e-01 +9.9009e-01 +2.9155e+00 -2.3731e+00 -2.5202e+00
1031 +7.263583579e-03 +7.263583579e-03 -1.243927364e+02 -1.243927364e+02 +2.0086e-01 +9.6037e-01 +2.8512e+00 -2.4618e+00 -2.4699e+00
1218 +4.945268978e-03 +4.945268978e-03 -1.243950547e+02 -1.243950547e+02 +2.4402e-01 +9.7435e-01 +2.8647e+00 -2.4394e+00 -2.4583e+00
1276 +2.751489437e-03 +2.751489437e-03 -1.243972485e+02 -1.243972485e+02 +2.7437e-01 +9.0086e-01 +2.8526e+00 -2.4440e+00 -2.4720e+00
1377 +2.296193861e-03 +2.296193861e-03 -1.243977038e+02 -1.243977038e+02 +2.5789e-01 +9.3886e-01 +2.8677e+00 -2.4182e+00 -2.4782e+00
1701 +1.168333477e-03 +1.168333477e-03 -1.243988317e+02 -1.243988317e+02 +2.6374e-01 +9.0247e-01 +2.8779e+00 -2.4112e+00 -2.4976e+00
1806 +3.976084958e-04 +3.976084958e-04 -1.243996024e+02 -1.243996024e+02 +2.6153e-01 +8.8939e-01 +2.8825e+00 -2.3795e+00 -2.5237e+00
2226 +2.272164548e-04 +2.272164548e-04 -1.243997728e+02 -1.243997728e+02 +2.3717e-01 +8.6226e-01 +2.8953e+00 -2.3626e+00 -2.5632e+00
2285 +1.055414633e-04 +1.055414633e-04 -1.243998945e+02 -1.243998945e+02 +2.4820e-01 +8.7503e-01 +2.8933e+00 -2.3589e+00 -2.5521e+00
2434 +4.888447390e-05 +4.888447390e-05 -1.243999511e+02 -1.243999511e+02 +2.5139e-01 +8.7583e-01 +2.9104e+00 -2.3245e+00 -2.5712e+00
2590 +3.106943353e-05 +3.106943353e-05 -1.243999689e+02 -1.243999689e+02 +2.6045e-01 +8.8147e-01 +2.9110e+00 -2.3215e+00 -2.5645e+00
2776 +1.380124780e-05 +1.380124780e-05 -1.243999862e+02 -1.243999862e+02 +2.5432e-01 +8.7991e-01 +2.9067e+00 -2.3305e+00 -2.5635e+00
3011 +7.821862269e-06 +7.821862269e-06 -1.243999922e+02 -1.243999922e+02 +2.5724e-01 +8.8149e-01 +2.9105e+00 -2.3223e+00 -2.5660e+00
3140 +6.062559450e-06 +6.062559450e-06 -1.243999939e+02 -1.243999939e+02 +2.4650e-01 +8.8213e-01 +2.9034e+00 -2.3413e+00 -2.5607e+00
3191 +3.277219790e-06 +3.277219790e-06 -1.243999967e+02 -1.243999967e+02 +2.5380e-01 +8.8244e-01 +2.9076e+00 -2.3302e+00 -2.5628e+00
3330 +1.521468306e-06 +1.521468306e-06 -1.243999985e+02 -1.243999985e+02 +2.5381e-01 +8.8458e-01 +2.9050e+00 -2.3359e+00 -2.5583e+00
3456 +4.790204713e-07 +4.790204713e-07 -1.243999995e+02 -1.243999995e+02 +2.5291e-01 +8.8317e-01 +2.9045e+00 -2.3371e+00 -2.5588e+00
3632 +3.105004964e-07 +3.105004964e-07 -1.243999997e+02 -1.243999997e+02 +2.5593e-01 +8.8560e-01 +2.9045e+00 -2.3368e+00 -2.5560e+00
3638 +2.443233456e-07 +2.443233456e-07 -1.243999998e+02 -1.243999998e+02 +2.5479e-01 +8.8419e-01 +2.9051e+00 -2.3356e+00 -2.5581e+00
3832 +1.095232847e-07 +1.095232847e-07 -1.243999999e+02 -1.243999999e+02 +2.5502e-01 +8.8455e-01 +2.9052e+00 -2.3353e+00 -2.5579e+00
3924 +7.502193000e-08 +7.502193000e-08 -1.243999999e+02 -1.243999999e+02 +2.5433e-01 +8.8491e-01 +2.9047e+00 -2.3368e+00 -2.5573e+00
3959 +6.016978205e-08 +6.016978205e-08 -1.243999999e+02 -1.243999999e+02 +2.5456e-01 +8.8467e-01 +2.9049e+00 -2.3360e+00 -2.5577e+00
4101 +2.020237844e-08 +2.020237844e-08 -1.244000000e+02 -1.244000000e+02 +2.5468e-01 +8.8498e-01 +2.9048e+00 -2.3363e+00 -2.5574e+00
4176 +1.177777165e-08 +1.177777165e-08 -1.244000000e+02 -1.244000000e+02 +2.5451e-01 +8.8511e-01 +2.9045e+00 -2.3370e+00 -2.5569e+00
4406 +8.727241152e-09 +8.727241152e-09 -1.244000000e+02 -1.244000000e+02 +2.5438e-01 +8.8508e-01 +2.9045e+00 -2.3371e+00 -2.5570e+00
4451 +4.872092063e-09 +4.872092063e-09 -1.244000000e+02 -1.244000000e+02 +2.5352e-01 +8.8471e-01 +2.9040e+00 -2.3384e+00 -2.5569e+00
4516 +2.868773663e-09 +2.868773663e-09 -1.244000000e+02 -1.244000000e+02 +2.5365e-01 +8.8468e-01 +2.9042e+00 -2.3379e+00 -2.5571e+00
4551 +9.078320318e-10 +9.078320318e-10 -1.244000000e+02 -1.244000000e+02 +2.5380e-01 +8.8490e-01 +2.9041e+00 -2.3382e+00 -2.5568e+00
4783 +5.741895848e-10 +5.741895848e-10 -1.244000000e+02 -1.244000000e+02 +2.5395e-01 +8.8489e-01 +2.9042e+00 -2.3379e+00 -2.5569e+00
4955 +1.850111175e-10 +1.850111175e-10 -1.244000000e+02 -1.244000000e+02 +2.5374e-01 +8.8485e-01 +2.9041e+00 -2.3382e+00 -2.5568e+00
% function evaluation | noise-free fitness - Fopt (6.000000000000e-01) | best noise-free fitness - Fopt | measured fitness | best measured fitness | x1 | x2...
1 +9.147203034e+01 +9.147203034e+01 +9.207203034e+01 +9.207203034e+01 -4.0576e+00 -2.3266e+00 +4.0010e-01 -2.9051e+00 +4.1464e+00
2 +3.866841656e+01 +3.866841656e+01 +3.926841656e+01 +3.926841656e+01 +2.3647e+00 +1.6123e+00 +2.3660e+00 +1.2248e+00 -1.7455e+00
5 +1.757296070e+01 +1.757296070e+01 +1.817296070e+01 +1.817296070e+01 +3.8174e+00 +2.6010e+00 +4.5719e+00 +3.6942e+00 -2.8266e+00
12 +5.195689043e+00 +5.195689043e+00 +5.795689043e+00 +5.795689043e+00 +1.1599e-01 -2.4855e+00 -1.7212e+00 +2.6733e+00 -2.6678e-01
70 +3.054784944e+00 +3.054784944e+00 +3.654784944e+00 +3.654784944e+00 +1.4504e+00 -2.2698e+00 -1.5314e+00 +4.4222e+00 +1.1061e+00
184 +1.362953264e+00 +1.362953264e+00 +1.962953264e+00 +1.962953264e+00 +2.4837e+00 -8.6509e-01 -7.0930e-01 +3.0576e+00 +8.0145e-01
243 +6.765083975e-01 +6.765083975e-01 +1.276508397e+00 +1.276508397e+00 +2.8811e+00 -2.5070e+00 -1.2268e-01 +3.0554e+00 +5.3105e-01
341 +5.047442434e-01 +5.047442434e-01 +1.104744243e+00 +1.104744243e+00 +2.3154e+00 -1.7605e+00 +4.7171e-01 +2.7894e+00 +9.8932e-02
427 +2.597234239e-01 +2.597234239e-01 +8.597234239e-01 +8.597234239e-01 +2.1349e+00 -2.1044e+00 -1.7983e-01 +3.3876e+00 +1.8228e-03
502 +9.047371250e-02 +9.047371250e-02 +6.904737125e-01 +6.904737125e-01 +2.5765e+00 -1.8579e+00 -1.9658e-01 +3.1965e+00 +1.0117e-01
577 +5.156321090e-02 +5.156321090e-02 +6.515632109e-01 +6.515632109e-01 +2.6162e+00 -1.8568e+00 +4.9967e-02 +3.1986e+00 +1.0008e-01
628 +2.761813308e-02 +2.761813308e-02 +6.276181331e-01 +6.276181331e-01 +2.5765e+00 -1.9071e+00 +1.1131e-01 +3.3791e+00 +1.0117e-01
633 +8.218878914e-03 +8.218878914e-03 +6.082188789e-01 +6.082188789e-01 +2.5738e+00 -1.9268e+00 +1.0275e-01 +3.4275e+00 +2.8241e-02
806 +4.555371117e-03 +4.555371117e-03 +6.045553711e-01 +6.045553711e-01 +2.6412e+00 -1.9278e+00 +7.5892e-02 +3.4756e+00 +4.5003e-02
1053 +2.807850856e-03 +2.807850856e-03 +6.028078509e-01 +6.028078509e-01 +2.5281e+00 -1.9575e+00 +1.0435e-01 +3.5074e+00 +3.2760e-02
1202 +2.375028410e-03 +2.375028410e-03 +6.023750284e-01 +6.023750284e-01 +2.5281e+00 -1.9575e+00 +1.0237e-01 +3.5007e+00 +5.8971e-02
1370 +3.676143677e-04 +3.676143677e-04 +6.003676144e-01 +6.003676144e-01 +2.6241e+00 -1.9826e+00 +1.1725e-01 +3.5865e+00 +1.4989e-01
1990 +1.977817854e-04 +1.977817854e-04 +6.001977818e-01 +6.001977818e-01 +2.6161e+00 -1.9756e+00 +9.9712e-02 +3.5584e+00 +1.5708e-01
2061 +1.560924642e-04 +1.560924642e-04 +6.001560925e-01 +6.001560925e-01 +2.5881e+00 -1.9927e+00 +1.2759e-01 +3.5987e+00 +1.5309e-01
2186 +9.963929083e-05 +9.963929083e-05 +6.000996393e-01 +6.000996393e-01 +2.6016e+00 -1.9922e+00 +1.2545e-01 +3.6009e+00 +1.6090e-01
2752 +5.739088124e-05 +5.739088124e-05 +6.000573909e-01 +6.000573909e-01 +2.6023e+00 -1.9830e+00 +1.1904e-01 +3.5800e+00 +1.4037e-01
3001 +2.681127127e-05 +2.681127127e-05 +6.000268113e-01 +6.000268113e-01 +2.6051e+00 -1.9828e+00 +1.1678e-01 +3.5788e+00 +1.4554e-01
3084 +2.087012050e-05 +2.087012050e-05 +6.000208701e-01 +6.000208701e-01 +2.6033e+00 -1.9742e+00 +1.0748e-01 +3.5560e+00 +1.3324e-01
3207 +1.143377343e-05 +1.143377343e-05 +6.000114338e-01 +6.000114338e-01 +2.6058e+00 -1.9809e+00 +1.1357e-01 +3.5730e+00 +1.4657e-01
3315 +4.951793846e-06 +4.951793846e-06 +6.000049518e-01 +6.000049518e-01 +2.6060e+00 -1.9783e+00 +1.1138e-01 +3.5669e+00 +1.4088e-01
3398 +3.569397079e-06 +3.569397079e-06 +6.000035694e-01 +6.000035694e-01 +2.6030e+00 -1.9808e+00 +1.1430e-01 +3.5720e+00 +1.4429e-01
3586 +2.406323932e-06 +2.406323932e-06 +6.000024063e-01 +6.000024063e-01 +2.6083e+00 -1.9779e+00 +1.1025e-01 +3.5662e+00 +1.4272e-01
3710 +9.662761383e-07 +9.662761383e-07 +6.000009663e-01 +6.000009663e-01 +2.6057e+00 -1.9763e+00 +1.0974e-01 +3.5623e+00 +1.3651e-01
3852 +2.576164468e-07 +2.576164468e-07 +6.000002576e-01 +6.000002576e-01 +2.6030e+00 -1.9776e+00 +1.1154e-01 +3.5647e+00 +1.3748e-01
3980 +2.224841776e-07 +2.224841776e-07 +6.000002225e-01 +6.000002225e-01 +2.6020e+00 -1.9771e+00 +1.1139e-01 +3.5632e+00 +1.3558e-01
3985 +1.226506203e-07 +1.226506203e-07 +6.000001227e-01 +6.000001227e-01 +2.6027e+00 -1.9775e+00 +1.1158e-01 +3.5644e+00 +1.3676e-01
4021 +4.877672988e-08 +4.877672988e-08 +6.000000488e-01 +6.000000488e-01 +2.6044e+00 -1.9769e+00 +1.1047e-01 +3.5632e+00 +1.3725e-01
4053 +2.299499369e-08 +2.299499369e-08 +6.000000230e-01 +6.000000230e-01 +2.6035e+00 -1.9775e+00 +1.1127e-01 +3.5644e+00 +1.3762e-01
4233 +1.111845138e-08 +1.111845138e-08 +6.000000111e-01 +6.000000111e-01 +2.6036e+00 -1.9771e+00 +1.1095e-01 +3.5637e+00 +1.3714e-01
4339 +6.050201229e-09 +6.050201229e-09 +6.000000061e-01 +6.000000061e-01 +2.6040e+00 -1.9775e+00 +1.1115e-01 +3.5646e+00 +1.3809e-01
4370 +2.879075867e-09 +2.879075867e-09 +6.000000029e-01 +6.000000029e-01 +2.6037e+00 -1.9774e+00 +1.1111e-01 +3.5642e+00 +1.3760e-01
4380 +1.286505902e-09 +1.286505902e-09 +6.000000013e-01 +6.000000013e-01 +2.6041e+00 -1.9774e+00 +1.1104e-01 +3.5644e+00 +1.3805e-01
4437 +7.383246237e-10 +7.383246237e-10 +6.000000007e-01 +6.000000007e-01 +2.6040e+00 -1.9774e+00 +1.1103e-01 +3.5643e+00 +1.3790e-01
4629 +6.094400540e-10 +6.094400540e-10 +6.000000006e-01 +6.000000006e-01 +2.6040e+00 -1.9774e+00 +1.1100e-01 +3.5642e+00 +1.3791e-01
4715 +3.847194785e-10 +3.847194785e-10 +6.000000004e-01 +6.000000004e-01 +2.6039e+00 -1.9775e+00 +1.1113e-01 +3.5645e+00 +1.3807e-01
4756 +2.036631974e-10 +2.036631974e-10 +6.000000002e-01 +6.000000002e-01 +2.6039e+00 -1.9775e+00 +1.1113e-01 +3.5645e+00 +1.3803e-01
4893 +1.544900874e-10 +1.544900874e-10 +6.000000002e-01 +6.000000002e-01 +2.6039e+00 -1.9775e+00 +1.1117e-01 +3.5646e+00 +1.3813e-01
4901 +5.398503866e-11 +5.398503866e-11 +6.000000001e-01 +6.000000001e-01 +2.6039e+00 -1.9775e+00 +1.1116e-01 +3.5646e+00 +1.3817e-01
% function evaluation | noise-free fitness - Fopt (-4.071000000000e+01) | best noise-free fitness - Fopt | measured fitness | best measured fitness | x1 | x2...
1 +1.507980902e+01 +1.507980902e+01 -2.563019098e+01 -2.563019098e+01 -3.9602e+00 -4.9825e+00 +6.4703e-01 +4.5189e+00 -1.5667e+00
12 +6.634834423e+00 +6.634834423e+00 -3.407516558e+01 -3.407516558e+01 +4.5378e+00 -4.1069e+00 +1.6529e+00 +1.1522e+00 -4.2003e+00
33 +4.502843707e+00 +4.502843707e+00 -3.620715629e+01 -3.620715629e+01 +1.8497e+00 -1.1432e+00 +3.2091e+00 +2.1402e+00 -1.5667e+00
61 +2.314852313e+00 +2.314852313e+00 -3.839514769e+01 -3.839514769e+01 +1.3359e+00 -2.0935e+00 +2.2987e+00 +9.1976e-01 -3.3426e-01
111 +1.931351335e-01 +1.931351335e-01 -4.051686487e+01 -4.051686487e+01 +8.6253e-01 -2.9782e+00 +1.3451e+00 +2.1263e+00 -6.1253e-01
401 +1.382760183e-01 +1.382760183e-01 -4.057172398e+01 -4.057172398e+01 +1.0098e+00 -2.9983e+00 +1.2701e+00 +2.2585e+00 -3.7270e-01
530 +9.415402100e-02 +9.415402100e-02 -4.061584598e+01 -4.061584598e+01 +7.7202e-01 -2.9039e+00 +1.0327e+00 +2.3288e+00 -5.2147e-01
554 +5.685145850e-02 +5.685145850e-02 -4.065314854e+01 -4.065314854e+01 +8.7413e-01 -2.8908e+00 +1.2701e+00 +2.2585e+00 -3.7270e-01
694 +3.473640670e-02 +3.473640670e-02 -4.067526359e+01 -4.067526359e+01 +6.9900e-01 -2.9598e+00 +1.3355e+00 +2.2105e+00 -4.9146e-01
778 +1.843617381e-02 +1.843617381e-02 -4.069156383e+01 -4.069156383e+01 +6.7788e-01 -2.8251e+00 +1.2545e+00 +2.3707e+00 -5.0733e-01
858 +1.315750580e-02 +1.315750580e-02 -4.069684249e+01 -4.069684249e+01 +6.9862e-01 -2.8844e+00 +1.2919e+00 +2.2245e+00 -5.0416e-01
964 +7.595942786e-03 +7.595942786e-03 -4.070240406e+01 -4.070240406e+01 +6.9553e-01 -2.6581e+00 +1.4326e+00 +2.3989e+00 -4.8218e-01
1176 +3.646353582e-03 +3.646353582e-03 -4.070635365e+01 -4.070635365e+01 +6.7286e-01 -2.6779e+00 +1.4066e+00 +2.3110e+00 -5.2139e-01
1237 +2.084689555e-03 +2.084689555e-03 -4.070791531e+01 -4.070791531e+01 +6.7722e-01 -2.6833e+00 +1.4121e+00 +2.3185e+00 -5.1052e-01
1464 +1.265928486e-03 +1.265928486e-03 -4.070873407e+01 -4.070873407e+01 +7.0068e-01 -2.7522e+00 +1.3901e+00 +2.2779e+00 -4.9173e-01
1695 +9.267762359e-04 +9.267762359e-04 -4.070907322e+01 -4.070907322e+01 +6.8230e-01 -2.7402e+00 +1.3874e+00 +2.2849e+00 -5.0573e-01
2243 +1.068801730e-04 +1.068801730e-04 -4.070989312e+01 -4.070989312e+01 +6.7163e-01 -2.7478e+00 +1.3929e+00 +2.2056e+00 -5.2442e-01
3002 +9.124536373e-05 +9.124536373e-05 -4.070990875e+01 -4.070990875e+01 +6.5867e-01 -2.7196e+00 +1.4057e+00 +2.2109e+00 -5.3473e-01
3054 +4.541422548e-05 +4.541422548e-05 -4.070995459e+01 -4.070995459e+01 +6.7153e-01 -2.7454e+00 +1.3916e+00 +2.2295e+00 -5.2107e-01
3540 +3.120440243e-05 +3.120440243e-05 -4.070996880e+01 -4.070996880e+01 +6.6665e-01 -2.7407e+00 +1.3895e+00 +2.2236e+00 -5.2719e-01
3545 +2.406205963e-05 +2.406205963e-05 -4.070997594e+01 -4.070997594e+01 +6.6220e-01 -2.7312e+00 +1.3938e+00 +2.2236e+00 -5.3113e-01
3765 +1.265084421e-05 +1.265084421e-05 -4.070998735e+01 -4.070998735e+01 +6.6308e-01 -2.7365e+00 +1.3954e+00 +2.2049e+00 -5.3217e-01
3871 +8.322537219e-06 +8.322537219e-06 -4.070999168e+01 -4.070999168e+01 +6.6024e-01 -2.7266e+00 +1.3975e+00 +2.2171e+00 -5.3362e-01
3885 +4.178761174e-06 +4.178761174e-06 -4.070999582e+01 -4.070999582e+01 +6.6005e-01 -2.7267e+00 +1.3976e+00 +2.2195e+00 -5.3322e-01
4101 +2.064625932e-06 +2.064625932e-06 -4.070999794e+01 -4.070999794e+01 +6.5838e-01 -2.7293e+00 +1.3982e+00 +2.2002e+00 -5.3701e-01
4327 +7.928317558e-07 +7.928317558e-07 -4.070999921e+01 -4.070999921e+01 +6.5972e-01 -2.7270e+00 +1.3976e+00 +2.2155e+00 -5.3408e-01
4526 +4.833488774e-07 +4.833488774e-07 -4.070999952e+01 -4.070999952e+01 +6.5981e-01 -2.7278e+00 +1.3976e+00 +2.2133e+00 -5.3426e-01
4580 +3.047646331e-07 +3.047646331e-07 -4.070999970e+01 -4.070999970e+01 +6.5976e-01 -2.7273e+00 +1.3980e+00 +2.2130e+00 -5.3432e-01
4597 +2.227423579e-07 +2.227423579e-07 -4.070999978e+01 -4.070999978e+01 +6.5915e-01 -2.7272e+00 +1.3980e+00 +2.2105e+00 -5.3519e-01
4663 +1.232569247e-07 +1.232569247e-07 -4.070999988e+01 -4.070999988e+01 +6.5875e-01 -2.7276e+00 +1.3982e+00 +2.2066e+00 -5.3601e-01
4680 +9.940526979e-08 +9.940526979e-08 -4.070999990e+01 -4.070999990e+01 +6.5912e-01 -2.7276e+00 +1.3982e+00 +2.2087e+00 -5.3540e-01
4880 +2.424327761e-08 +2.424327761e-08 -4.070999998e+01 -4.070999998e+01 +6.5994e-01 -2.7286e+00 +1.3977e+00 +2.2106e+00 -5.3442e-01
4954 +1.293184937e-08 +1.293184937e-08 -4.070999999e+01 -4.070999999e+01 +6.5965e-01 -2.7286e+00 +1.3977e+00 +2.2090e+00 -5.3489e-01
% function evaluation | noise-free fitness - Fopt (8.143200000000e+02) | best noise-free fitness - Fopt | measured fitness | best measured fitness | x1 | x2...
1 +1.214881953e+01 +1.214881953e+01 +8.264688195e+02 +8.264688195e+02 +3.2659e+00 -4.0765e+00 -4.7665e+00 -4.9192e-01 -1.2728e+00
4 +3.459323623e+00 +3.459323623e+00 +8.177793236e+02 +8.177793236e+02 -1.2277e+00 -4.3847e+00 +1.3546e+00 -1.4022e+00 +1.0616e-01
129 +1.910002708e+00 +1.910002708e+00 +8.162300027e+02 +8.162300027e+02 -2.4865e+00 -2.7521e+00 +5.4551e+00 -6.8377e-01 +2.5746e+00
201 +1.543250624e+00 +1.543250624e+00 +8.158632506e+02 +8.158632506e+02 -3.2195e+00 -3.7061e+00 +2.8524e+00 -2.9698e-01 +1.3566e+00
203 +7.136394122e-01 +7.136394122e-01 +8.150336394e+02 +8.150336394e+02 -3.1316e+00 -3.8418e+00 +4.3858e+00 -1.1206e+00 +2.5292e+00
226 +4.668189236e-01 +4.668189236e-01 +8.147868189e+02 +8.147868189e+02 -2.4185e+00 -4.0573e+00 +4.3858e+00 -1.5494e+00 +1.8864e+00
282 +1.702759210e-01 +1.702759210e-01 +8.144902759e+02 +8.144902759e+02 -2.9448e+00 -3.9262e+00 +3.9772e+00 -9.2635e-01 +1.9505e+00
303 +1.154653350e-01 +1.154653350e-01 +8.144354653e+02 +8.144354653e+02 -2.7752e+00 -4.2572e+00 +3.7661e+00 -9.4087e-01 +2.2167e+00
577 +8.526567702e-02 +8.526567702e-02 +8.144052657e+02 +8.144052657e+02 -2.9861e+00 -4.1337e+00 +3.7421e+00 -1.3270e+00 +2.1136e+00
654 +6.014201525e-02 +6.014201525e-02 +8.143801420e+02 +8.143801420e+02 -2.7483e+00 -4.0735e+00 +3.7391e+00 -1.1365e+00 +2.2593e+00
704 +3.615736670e-02 +3.615736670e-02 +8.143561574e+02 +8.143561574e+02 -2.7957e+00 -4.0729e+00 +3.8176e+00 -1.3302e+00 +2.1789e+00
756 +2.131540758e-02 +2.131540758e-02 +8.143413154e+02 +8.143413154e+02 -2.7152e+00 -3.8449e+00 +3.8733e+00 -1.2470e+00 +2.0600e+00
831 +1.536604265e-02 +1.536604265e-02 +8.143353660e+02 +8.143353660e+02 -2.7739e+00 -3.8144e+00 +3.8550e+00 -1.3178e+00 +2.0970e+00
938 +6.622394248e-03 +6.622394248e-03 +8.143266224e+02 +8.143266224e+02 -2.8308e+00 -3.9291e+00 +3.8259e+00 -1.2263e+00 +2.1259e+00
1033 +6.162644991e-03 +6.162644991e-03 +8.143261626e+02 +8.143261626e+02 -2.7739e+00 -3.8144e+00 +3.8769e+00 -1.3097e+00 +2.0521e+00
1136 +2.607654336e-03 +2.607654336e-03 +8.143226077e+02 +8.143226077e+02 -2.7580e+00 -3.7761e+00 +3.8831e+00 -1.2505e+00 +2.0495e+00
1193 +2.137598940e-03 +2.137598940e-03 +8.143221376e+02 +8.143221376e+02 -2.7932e+00 -3.8187e+00 +3.8903e+00 -1.2527e+00 +1.9667e+00
1211 +8.139928619e-04 +8.139928619e-04 +8.143208140e+02 +8.143208140e+02 -2.8030e+00 -3.8732e+00 +3.8318e+00 -1.2064e+00 +2.1379e+00
1653 +4.989672939e-04 +4.989672939e-04 +8.143204990e+02 +8.143204990e+02 -2.7958e+00 -3.8203e+00 +3.8740e+00 -1.2263e+00 +2.0186e+00
1678 +1.898721755e-04 +1.898721755e-04 +8.143201899e+02 +8.143201899e+02 -2.7913e+00 -3.8420e+00 +3.8552e+00 -1.2215e+00 +2.0834e+00
1821 +7.225490651e-05 +7.225490651e-05 +8.143200723e+02 +8.143200723e+02 -2.7943e+00 -3.8773e+00 +3.8426e+00 -1.2184e+00 +2.1116e+00
2643 +3.928370336e-05 +3.928370336e-05 +8.143200393e+02 +8.143200393e+02 -2.7936e+00 -3.8649e+00 +3.8506e+00 -1.2209e+00 +2.0887e+00
2869 +2.066807519e-05 +2.066807519e-05 +8.143200207e+02 +8.143200207e+02 -2.7919e+00 -3.8647e+00 +3.8504e+00 -1.2242e+00 +2.0927e+00
2885 +9.932883700e-06 +9.932883700e-06 +8.143200099e+02 +8.143200099e+02 -2.7941e+00 -3.8548e+00 +3.8539e+00 -1.2224e+00 +2.0798e+00
3233 +4.183555461e-06 +4.183555461e-06 +8.143200042e+02 +8.143200042e+02 -2.7948e+00 -3.8644e+00 +3.8511e+00 -1.2217e+00 +2.0857e+00
3258 +1.543487542e-06 +1.543487542e-06 +8.143200015e+02 +8.143200015e+02 -2.7941e+00 -3.8626e+00 +3.8516e+00 -1.2227e+00 +2.0855e+00
3604 +8.782632221e-07 +8.782632221e-07 +8.143200009e+02 +8.143200009e+02 -2.7956e+00 -3.8612e+00 +3.8527e+00 -1.2214e+00 +2.0794e+00
3678 +5.379997674e-07 +5.379997674e-07 +8.143200005e+02 +8.143200005e+02 -2.7949e+00 -3.8596e+00 +3.8533e+00 -1.2221e+00 +2.0793e+00
3851 +2.312693823e-07 +2.312693823e-07 +8.143200002e+02 +8.143200002e+02 -2.7953e+00 -3.8599e+00 +3.8532e+00 -1.2217e+00 +2.0787e+00
3934 +1.156500957e-07 +1.156500957e-07 +8.143200001e+02 +8.143200001e+02 -2.7950e+00 -3.8602e+00 +3.8530e+00 -1.2220e+00 +2.0798e+00
4058 +6.070536074e-08 +6.070536074e-08 +8.143200001e+02 +8.143200001e+02 -2.7945e+00 -3.8593e+00 +3.8533e+00 -1.2226e+00 +2.0797e+00
4185 +3.913237379e-08 +3.913237379e-08 +8.143200000e+02 +8.143200000e+02 -2.7943e+00 -3.8578e+00 +3.8542e+00 -1.2232e+00 +2.0777e+00
4350 +2.455828962e-08 +2.455828962e-08 +8.143200000e+02 +8.143200000e+02 -2.7945e+00 -3.8583e+00 +3.8540e+00 -1.2229e+00 +2.0779e+00
4361 +1.442492703e-08 +1.442492703e-08 +8.143200000e+02 +8.143200000e+02 -2.7942e+00 -3.8575e+00 +3.8544e+00 -1.2234e+00 +2.0772e+00
4454 +9.564246284e-09 +9.564246284e-09 +8.143200000e+02 +8.143200000e+02 -2.7944e+00 -3.8574e+00 +3.8545e+00 -1.2232e+00 +2.0764e+00
4458 +3.665604709e-09 +3.665604709e-09 +8.143200000e+02 +8.143200000e+02 -2.7944e+00 -3.8581e+00 +3.8541e+00 -1.2230e+00 +2.0777e+00
4509 +2.420620149e-09 +2.420620149e-09 +8.143200000e+02 +8.143200000e+02 -2.7945e+00 -3.8578e+00 +3.8543e+00 -1.2231e+00 +2.0767e+00
4736 +1.087983037e-09 +1.087983037e-09 +8.143200000e+02 +8.143200000e+02 -2.7943e+00 -3.8576e+00 +3.8544e+00 -1.2233e+00 +2.0770e+00
4899 +8.451479516e-10 +8.451479516e-10 +8.143200000e+02 +8.143200000e+02 -2.7945e+00 -3.8581e+00 +3.8541e+00 -1.2230e+00 +2.0774e+00
4936 +6.169784683e-10 +6.169784683e-10 +8.143200000e+02 +8.143200000e+02 -2.7944e+00 -3.8575e+00 +3.8544e+00 -1.2232e+00 +2.0768e+00
% function evaluation | noise-free fitness - Fopt (-6.205000000000e+01) | best noise-free fitness - Fopt | measured fitness | best measured fitness | x1 | x2...
1 +4.059951586e+01 +4.059951586e+01 -2.145048414e+01 -2.145048414e+01 -1.3542e+00 -2.0870e+00 -4.6431e+00 +3.6132e+00 +4.4090e+00
2 +1.221357003e+01 +1.221357003e+01 -4.983642997e+01 -4.983642997e+01 +4.5054e+00 -5.1409e-01 -2.3901e+00 +3.5127e+00 +1.0561e+00
31 +8.363080849e+00 +8.363080849e+00 -5.368691915e+01 -5.368691915e+01 +1.6371e+00 -2.6700e+00 -8.2797e-01 +4.5086e+00 +1.0140e+00
36 +4.761680829e+00 +4.761680829e+00 -5.728831917e+01 -5.728831917e+01 +2.1986e+00 -2.5144e+00 +2.2866e+00 +3.7169e+00 -2.9974e+00
129 +3.887283157e+00 +3.887283157e+00 -5.816271684e+01 -5.816271684e+01 +1.7060e+00 -2.0011e+00 +1.5805e+00 +1.1526e+00 -2.1134e+00
178 +2.395146309e+00 +2.395146309e+00 -5.965485369e+01 -5.965485369e+01 +3.1940e+00 -1.2165e+00 +2.1052e-01 +9.8584e-01 -3.2856e+00
252 +1.256421110e+00 +1.256421110e+00 -6.079357889e+01 -6.079357889e+01 +2.2202e+00 -1.5557e+00 +2.5079e-01 +2.0060e+00 -2.1262e+00
301 +8.236762733e-01 +8.236762733e-01 -6.122632373e+01 -6.122632373e+01 +1.0669e+00 -2.6969e-02 -8.3159e-01 +2.0393e+00 -1.9832e+00
376 +5.996457786e-01 +5.996457786e-01 -6.145035422e+01 -6.145035422e+01 +2.2381e+00 -4.2671e-01 -1.3756e+00 +2.4275e+00 -2.1336e+00
410 +3.794973389e-01 +3.794973389e-01 -6.167050266e+01 -6.167050266e+01 +2.1804e+00 -1.0739e+00 -7.2510e-01 +1.8330e+00 -2.0287e+00
442 +1.349621058e-01 +1.349621058e-01 -6.191503789e+01 -6.191503789e+01 +2.3108e+00 -3.2760e-01 -7.8091e-01 +2.3625e+00 -1.9063e+00
552 +8.324306953e-02 +8.324306953e-02 -6.196675693e+01 -6.196675693e+01 +2.3108e+00 -3.2760e-01 -7.8091e-01 +2.1147e+00 -1.9063e+00
598 +1.714882728e-02 +1.714882728e-02 -6.203285117e+01 -6.203285117e+01 +2.1565e+00 -3.3445e-01 -6.1041e-01 +2.1381e+00 -1.7657e+00
715 +9.004917692e-03 +9.004917692e-03 -6.204099508e+01 -6.204099508e+01 +2.0539e+00 -3.8437e-01 -5.5105e-01 +2.0961e+00 -1.6565e+00
1010 +4.618007702e-03 +4.618007702e-03 -6.204538199e+01 -6.204538199e+01 +1.9876e+00 -4.5949e-01 -5.5765e-01 +2.1139e+00 -1.7101e+00
1012 +3.569845447e-03 +3.569845447e-03 -6.204643015e+01 -6.204643015e+01 +2.1177e+00 -4.7463e-01 -6.4641e-01 +2.1222e+00 -1.7796e+00
1254 +2.431192985e-03 +2.431192985e-03 -6.204756881e+01 -6.204756881e+01 +2.1089e+00 -4.9632e-01 -6.5962e-01 +2.1056e+00 -1.7875e+00
1280 +1.096237852e-03 +1.096237852e-03 -6.204890376e+01 -6.204890376e+01 +2.0324e+00 -4.7501e-01 -5.8844e-01 +2.0927e+00 -1.7017e+00
1395 +8.995211496e-04 +8.995211496e-04 -6.204910048e+01 -6.204910048e+01 +2.0573e+00 -4.4647e-01 -5.8367e-01 +2.0846e+00 -1.6876e+00
1602 +4.457712695e-04 +4.457712695e-04 -6.204955423e+01 -6.204955423e+01 +2.0324e+00 -4.7730e-01 -5.8844e-01 +2.0927e+00 -1.7017e+00
1851 +2.995336832e-04 +2.995336832e-04 -6.204970047e+01 -6.204970047e+01 +2.0247e+00 -5.0936e-01 -6.0678e-01 +2.0966e+00 -1.7300e+00
2154 +2.266893233e-04 +2.266893233e-04 -6.204977331e+01 -6.204977331e+01 +2.0421e+00 -4.8627e-01 -6.0121e-01 +2.0943e+00 -1.7157e+00
2384 +1.161135237e-04 +1.161135237e-04 -6.204988389e+01 -6.204988389e+01 +2.0065e+00 -4.9876e-01 -5.8194e-01 +2.0888e+00 -1.6918e+00
2769 +8.227582059e-05 +8.227582059e-05 -6.204991772e+01 -6.204991772e+01 +2.0333e+00 -4.9770e-01 -5.9666e-01 +2.0909e+00 -1.7001e+00
2986 +3.428159967e-05 +3.428159967e-05 -6.204996572e+01 -6.204996572e+01 +2.0413e+00 -4.8885e-01 -5.9683e-01 +2.0887e+00 -1.6990e+00
3102 +1.032380936e-05 +1.032380936e-05 -6.204998968e+01 -6.204998968e+01 +2.0313e+00 -4.9816e-01 -5.9616e-01 +2.0889e+00 -1.6998e+00
3315 +9.673360303e-06 +9.673360303e-06 -6.204999033e+01 -6.204999033e+01 +2.0254e+00 -5.0150e-01 -5.9419e-01 +2.0890e+00 -1.6983e+00
3418 +6.307059301e-06 +6.307059301e-06 -6.204999369e+01 -6.204999369e+01 +2.0107e+00 -5.1011e-01 -5.9143e-01 +2.0903e+00 -1.7009e+00
3679 +3.100577523e-06 +3.100577523e-06 -6.204999690e+01 -6.204999690e+01 +2.0167e+00 -5.0739e-01 -5.9365e-01 +2.0905e+00 -1.7023e+00
3729 +2.142304396e-06 +2.142304396e-06 -6.204999786e+01 -6.204999786e+01 +2.0166e+00 -5.0677e-01 -5.9309e-01 +2.0903e+00 -1.7016e+00
3784 +1.547716231e-06 +1.547716231e-06 -6.204999845e+01 -6.204999845e+01 +2.0199e+00 -5.0437e-01 -5.9346e-01 +2.0896e+00 -1.7006e+00
3959 +8.854583271e-07 +8.854583271e-07 -6.204999911e+01 -6.204999911e+01 +2.0212e+00 -5.0591e-01 -5.9512e-01 +2.0901e+00 -1.7019e+00
3997 +4.805867775e-07 +4.805867775e-07 -6.204999952e+01 -6.204999952e+01 +2.0212e+00 -5.0489e-01 -5.9407e-01 +2.0893e+00 -1.6998e+00
4020 +3.151071581e-07 +3.151071581e-07 -6.204999968e+01 -6.204999968e+01 +2.0213e+00 -5.0596e-01 -5.9542e-01 +2.0904e+00 -1.7028e+00
4159 +2.470085718e-07 +2.470085718e-07 -6.204999975e+01 -6.204999975e+01 +2.0222e+00 -5.0563e-01 -5.9558e-01 +2.0902e+00 -1.7023e+00
4276 +1.279621102e-07 +1.279621102e-07 -6.204999987e+01 -6.204999987e+01 +2.0217e+00 -5.0610e-01 -5.9572e-01 +2.0904e+00 -1.7030e+00
4308 +8.864527246e-08 +8.864527246e-08 -6.204999991e+01 -6.204999991e+01 +2.0228e+00 -5.0472e-01 -5.9529e-01 +2.0899e+00 -1.7016e+00
4404 +3.397767756e-08 +3.397767756e-08 -6.204999997e+01 -6.204999997e+01 +2.0236e+00 -5.0478e-01 -5.9603e-01 +2.0903e+00 -1.7027e+00
4465 +2.309395342e-08 +2.309395342e-08 -6.204999998e+01 -6.204999998e+01 +2.0238e+00 -5.0491e-01 -5.9630e-01 +2.0905e+00 -1.7032e+00
4609 +1.366549895e-08 +1.366549895e-08 -6.204999999e+01 -6.204999999e+01 +2.0241e+00 -5.0465e-01 -5.9633e-01 +2.0904e+00 -1.7031e+00
4637 +9.809483004e-09 +9.809483004e-09 -6.204999999e+01 -6.204999999e+01 +2.0238e+00 -5.0486e-01 -5.9622e-01 +2.0904e+00 -1.7030e+00
4742 +6.133902275e-09 +6.133902275e-09 -6.204999999e+01 -6.204999999e+01 +2.0246e+00 -5.0446e-01 -5.9650e-01 +2.0904e+00 -1.7032e+00
4835 +3.728743536e-09 +3.728743536e-09 -6.205000000e+01 -6.205000000e+01 +2.0244e+00 -5.0441e-01 -5.9630e-01 +2.0903e+00 -1.7029e+00
4853 +2.429807466e-09 +2.429807466e-09 -6.205000000e+01 -6.205000000e+01 +2.0246e+00 -5.0446e-01 -5.9651e-01 +2.0904e+00 -1.7031e+00
4941 +1.408018591e-09 +1.408018591e-09 -6.205000000e+01 -6.205000000e+01 +2.0247e+00 -5.0443e-01 -5.9649e-01 +2.0904e+00 -1.7031e+00
% function evaluation | noise-free fitness - Fopt (-4.328000000000e+01) | best noise-free fitness - Fopt | measured fitness | best measured fitness | x1 | x2...
1 +9.847837400e+01 +9.847837400e+01 +5.519837400e+01 +5.519837400e+01 +4.0427e+00 -3.0656e+00 +4.2273e+00 +9.6551e-01 +3.9203e+00
3 +2.192724416e+01 +2.192724416e+01 -2.135275584e+01 -2.135275584e+01 +3.0312e+00 +6.7200e-01 -3.3673e+00 -2.1710e+00 +4.6107e-01
5 +1.190763553e+01 +1.190763553e+01 -3.137236447e+01 -3.137236447e+01 +2.2956e-01 -2.2468e+00 +1.1108e+00 +1.9840e+00 +8.2321e-01
12 +9.902189131e+00 +9.902189131e+00 -3.337781087e+01 -3.337781087e+01 -4.2958e-01 -1.1722e+00 +3.8821e+00 -6.4620e-01 +1.0761e+00
22 +5.643496918e+00 +5.643496918e+00 -3.763650308e+01 -3.763650308e+01 -2.0281e+00 -4.7689e-02 -1.2453e+00 +2.7390e+00 +4.4977e+00
51 +1.179559040e+00 +1.179559040e+00 -4.210044096e+01 -4.210044096e+01 -1.3094e+00 +2.5576e+00 -1.9226e+00 +1.5621e+00 +2.6300e+00
211 +5.374335740e-01 +5.374335740e-01 -4.274256643e+01 -4.274256643e+01 +1.6203e-01 +3.0543e+00 -3.1149e+00 +1.5614e+00 +3.1182e+00
377 +3.724873130e-01 +3.724873130e-01 -4.290751269e+01 -4.290751269e+01 -2.8384e-01 +2.8318e+00 -3.1258e+00 +1.4625e+00 +2.7663e+00
409 +1.824330847e-01 +1.824330847e-01 -4.309756692e+01 -4.309756692e+01 -4.5826e-01 +2.6161e+00 -2.6945e+00 +1.4722e+00 +3.3761e+00
527 +1.221911795e-01 +1.221911795e-01 -4.315780882e+01 -4.315780882e+01 -4.5826e-01 +2.6161e+00 -2.7618e+00 +1.4722e+00 +3.3974e+00
535 +6.977912318e-02 +6.977912318e-02 -4.321022088e+01 -4.321022088e+01 -4.0234e-01 +2.8318e+00 -2.8534e+00 +1.4625e+00 +3.2000e+00
651 +3.695993494e-02 +3.695993494e-02 -4.324304007e+01 -4.324304007e+01 -5.9681e-01 +2.6898e+00 -2.9427e+00 +1.4929e+00 +3.0004e+00
718 +2.187033407e-02 +2.187033407e-02 -4.325812967e+01 -4.325812967e+01 -4.9828e-01 +2.5790e+00 -2.9409e+00 +1.4088e+00 +3.1463e+00
838 +1.034721539e-02 +1.034721539e-02 -4.326965278e+01 -4.326965278e+01 -4.8498e-01 +2.6086e+00 -2.9091e+00 +1.4605e+00 +3.2105e+00
878 +3.981507393e-03 +3.981507393e-03 -4.327601849e+01 -4.327601849e+01 -5.7977e-01 +2.6567e+00 -2.9112e+00 +1.5333e+00 +3.0520e+00
989 +2.712721947e-03 +2.712721947e-03 -4.327728728e+01 -4.327728728e+01 -4.9354e-01 +2.6513e+00 -2.8975e+00 +1.6351e+00 +3.1004e+00
1051 +1.714599553e-03 +1.714599553e-03 -4.327828540e+01 -4.327828540e+01 -5.0362e-01 +2.6784e+00 -2.8902e+00 +1.6450e+00 +3.1004e+00
1276 +3.622145844e-04 +3.622145844e-04 -4.327963779e+01 -4.327963779e+01 -5.1418e-01 +2.6784e+00 -2.8902e+00 +1.6450e+00 +3.0845e+00
2065 +2.400666343e-04 +2.400666343e-04 -4.327975993e+01 -4.327975993e+01 -4.8730e-01 +2.6381e+00 -2.9051e+00 +1.6177e+00 +3.1159e+00
2257 +1.548809564e-04 +1.548809564e-04 -4.327984512e+01 -4.327984512e+01 -4.8912e-01 +2.6560e+00 -2.8970e+00 +1.6460e+00 +3.1075e+00
2328 +4.978658533e-05 +4.978658533e-05 -4.327995021e+01 -4.327995021e+01 -4.8378e-01 +2.6409e+00 -2.9027e+00 +1.6257e+00 +3.1218e+00
2631 +3.715302885e-05 +3.715302885e-05 -4.327996285e+01 -4.327996285e+01 -4.9608e-01 +2.6551e+00 -2.8980e+00 +1.6335e+00 +3.1071e+00
2789 +2.505424720e-05 +2.505424720e-05 -4.327997495e+01 -4.327997495e+01 -4.8288e-01 +2.6365e+00 -2.9044e+00 +1.6164e+00 +3.1259e+00
3143 +9.671269467e-06 +9.671269467e-06 -4.327999033e+01 -4.327999033e+01 -4.9011e-01 +2.6473e+00 -2.9006e+00 +1.6285e+00 +3.1148e+00
3237 +5.494549555e-06 +5.494549555e-06 -4.327999451e+01 -4.327999451e+01 -4.7862e-01 +2.6425e+00 -2.9011e+00 +1.6207e+00 +3.1308e+00
3405 +3.538002467e-06 +3.538002467e-06 -4.327999646e+01 -4.327999646e+01 -4.8373e-01 +2.6422e+00 -2.9018e+00 +1.6191e+00 +3.1261e+00
3685 +2.392643168e-06 +2.392643168e-06 -4.327999761e+01 -4.327999761e+01 -4.8890e-01 +2.6444e+00 -2.9016e+00 +1.6232e+00 +3.1185e+00
3778 +1.027259231e-06 +1.027259231e-06 -4.327999897e+01 -4.327999897e+01 -4.8824e-01 +2.6413e+00 -2.9029e+00 +1.6179e+00 +3.1211e+00
3890 +4.258710078e-07 +4.258710078e-07 -4.327999957e+01 -4.327999957e+01 -4.8730e-01 +2.6437e+00 -2.9018e+00 +1.6212e+00 +3.1209e+00
4020 +5.124412894e-08 +5.124412894e-08 -4.327999995e+01 -4.327999995e+01 -4.8579e-01 +2.6421e+00 -2.9022e+00 +1.6194e+00 +3.1232e+00
4428 +2.183795544e-08 +2.183795544e-08 -4.327999998e+01 -4.327999998e+01 -4.8794e-01 +2.6422e+00 -2.9025e+00 +1.6190e+00 +3.1209e+00
4502 +1.554047913e-08 +1.554047913e-08 -4.327999998e+01 -4.327999998e+01 -4.8741e-01 +2.6421e+00 -2.9024e+00 +1.6189e+00 +3.1216e+00
4630 +9.944237434e-09 +9.944237434e-09 -4.327999999e+01 -4.327999999e+01 -4.8769e-01 +2.6422e+00 -2.9024e+00 +1.6191e+00 +3.1211e+00
4698 +6.283798371e-09 +6.283798371e-09 -4.327999999e+01 -4.327999999e+01 -4.8761e-01 +2.6421e+00 -2.9025e+00 +1.6190e+00 +3.1213e+00
4858 +3.141934712e-09 +3.141934712e-09 -4.328000000e+01 -4.328000000e+01 -4.8778e-01 +2.6421e+00 -2.9025e+00 +1.6189e+00 +3.1212e+00
4904 +2.276756561e-09 +2.276756561e-09 -4.328000000e+01 -4.328000000e+01 -4.8769e-01 +2.6421e+00 -2.9025e+00 +1.6189e+00 +3.1212e+00
4947 +1.364881541e-09 +1.364881541e-09 -4.328000000e+01 -4.328000000e+01 -4.8732e-01 +2.6422e+00 -2.9024e+00 +1.6191e+00 +3.1216e+00
% function evaluation | noise-free fitness - Fopt (-3.916000000000e+01) | best noise-free fitness - Fopt | measured fitness | best measured fitness | x1 | x2...
1 +1.190249396e+02 +1.190249396e+02 +7.986493957e+01 +7.986493957e+01 -3.0744e+00 +4.7458e+00 +1.2679e+00 -4.9262e+00 +4.8327e+00
2 +7.260213295e+01 +7.260213295e+01 +3.344213295e+01 +3.344213295e+01 +4.5165e+00 -4.4413e+00 -6.7714e-01 -2.6697e-01 -2.3736e+00
4 +3.603057753e+01 +3.603057753e+01 -3.129422470e+00 -3.129422470e+00 -4.8207e+00 -2.6201e+00 +4.9029e+00 -3.3435e+00 +3.8814e+00
19 +1.832725599e+01 +1.832725599e+01 -2.083274401e+01 -2.083274401e+01 +1.8663e+00 +3.1824e+00 -1.9185e-02 +2.4446e-01 -3.3492e+00
55 +1.513499072e+01 +1.513499072e+01 -2.402500928e+01 -2.402500928e+01 -1.3915e+00 -1.2862e+00 +7.7168e-01 -1.6251e+00 +3.3247e+00
72 +8.378902883e+00 +8.378902883e+00 -3.078109712e+01 -3.078109712e+01 -2.5528e+00 +1.2634e+00 +5.5331e-02 +2.9138e+00 -5.6223e-01
81 +6.095806392e+00 +6.095806392e+00 -3.306419361e+01 -3.306419361e+01 -2.5213e+00 +1.4482e+00 +4.5231e-01 +8.4414e-01 -2.7860e+00
102 +3.374245264e+00 +3.374245264e+00 -3.578575474e+01 -3.578575474e+01 -2.5528e+00 +1.2634e+00 +1.6702e+00 +1.4810e+00 -5.6223e-01
205 +2.101600165e+00 +2.101600165e+00 -3.705839984e+01 -3.705839984e+01 -2.4056e+00 +1.1361e+00 +1.6642e+00 +2.7520e+00 -2.2304e+00
243 +7.182534662e-01 +7.182534662e-01 -3.844174653e+01 -3.844174653e+01 -3.5614e+00 +1.4761e+00 +3.0665e+00 +3.2018e+00 -2.4061e+00
401 +3.170493446e-01 +3.170493446e-01 -3.884295066e+01 -3.884295066e+01 -3.4202e+00 +1.8130e+00 +2.8495e+00 +3.2722e+00 -2.6666e+00
462 +1.759936006e-01 +1.759936006e-01 -3.898400640e+01 -3.898400640e+01 -3.8632e+00 +1.8032e+00 +2.4878e+00 +2.9461e+00 -2.7342e+00
505 +5.268834253e-02 +5.268834253e-02 -3.910731166e+01 -3.910731166e+01 -3.7235e+00 +1.9675e+00 +2.5155e+00 +3.0029e+00 -2.8922e+00
601 +2.037706637e-02 +2.037706637e-02 -3.913962293e+01 -3.913962293e+01 -3.7235e+00 +1.9675e+00 +2.5155e+00 +2.8546e+00 -2.8922e+00
918 +1.568676038e-02 +1.568676038e-02 -3.914431324e+01 -3.914431324e+01 -3.5099e+00 +1.8141e+00 +2.6058e+00 +2.9487e+00 -3.0573e+00
959 +7.539627197e-03 +7.539627197e-03 -3.915246037e+01 -3.915246037e+01 -3.6474e+00 +1.8513e+00 +2.5497e+00 +2.9450e+00 -2.9834e+00
1037 +5.637197063e-03 +5.637197063e-03 -3.915436280e+01 -3.915436280e+01 -3.6591e+00 +1.8869e+00 +2.5199e+00 +2.8904e+00 -2.9412e+00
1251 +3.155474133e-03 +3.155474133e-03 -3.915684453e+01 -3.915684453e+01 -3.6432e+00 +1.8810e+00 +2.5199e+00 +2.8874e+00 -2.9541e+00
1320 +2.231282835e-03 +2.231282835e-03 -3.915776872e+01 -3.915776872e+01 -3.7008e+00 +1.9021e+00 +2.4550e+00 +2.9084e+00 -2.9126e+00
1511 +1.304176589e-03 +1.304176589e-03 -3.915869582e+01 -3.915869582e+01 -3.6377e+00 +1.8622e+00 +2.5441e+00 +2.9114e+00 -2.9755e+00
1789 +9.016948294e-04 +9.016948294e-04 -3.915909831e+01 -3.915909831e+01 -3.6512e+00 +1.8783e+00 +2.5207e+00 +2.9001e+00 -2.9550e+00
1845 +6.227869297e-04 +6.227869297e-04 -3.915937721e+01 -3.915937721e+01 -3.6426e+00 +1.8874e+00 +2.5174e+00 +2.9041e+00 -2.9452e+00
2224 +3.229979769e-04 +3.229979769e-04 -3.915967700e+01 -3.915967700e+01 -3.6309e+00 +1.8750e+00 +2.5420e+00 +2.8948e+00 -2.9677e+00
2578 +1.236505971e-04 +1.236505971e-04 -3.915987635e+01 -3.915987635e+01 -3.6684e+00 +1.8830e+00 +2.4976e+00 +2.8828e+00 -2.9512e+00
2981 +8.459080172e-05 +8.459080172e-05 -3.915991541e+01 -3.915991541e+01 -3.6621e+00 +1.8772e+00 +2.5063e+00 +2.8907e+00 -2.9569e+00
3067 +2.656436779e-05 +2.656436779e-05 -3.915997344e+01 -3.915997344e+01 -3.6554e+00 +1.8810e+00 +2.5127e+00 +2.8807e+00 -2.9583e+00
3372 +2.012896847e-05 +2.012896847e-05 -3.915997987e+01 -3.915997987e+01 -3.6547e+00 +1.8802e+00 +2.5140e+00 +2.8808e+00 -2.9594e+00
3505 +1.085595515e-05 +1.085595515e-05 -3.915998914e+01 -3.915998914e+01 -3.6526e+00 +1.8808e+00 +2.5172e+00 +2.8757e+00 -2.9615e+00
3601 +6.140275445e-06 +6.140275445e-06 -3.915999386e+01 -3.915999386e+01 -3.6471e+00 +1.8787e+00 +2.5230e+00 +2.8743e+00 -2.9659e+00
3679 +3.198909283e-06 +3.198909283e-06 -3.915999680e+01 -3.915999680e+01 -3.6469e+00 +1.8788e+00 +2.5231e+00 +2.8733e+00 -2.9661e+00
3812 +2.379070040e-06 +2.379070040e-06 -3.915999762e+01 -3.915999762e+01 -3.6446e+00 +1.8774e+00 +2.5256e+00 +2.8730e+00 -2.9684e+00
3954 +1.440753785e-06 +1.440753785e-06 -3.915999856e+01 -3.915999856e+01 -3.6455e+00 +1.8782e+00 +2.5249e+00 +2.8701e+00 -2.9684e+00
4010 +9.466090845e-07 +9.466090845e-07 -3.915999905e+01 -3.915999905e+01 -3.6465e+00 +1.8782e+00 +2.5240e+00 +2.8697e+00 -2.9683e+00
4052 +4.106436151e-07 +4.106436151e-07 -3.915999959e+01 -3.915999959e+01 -3.6459e+00 +1.8780e+00 +2.5250e+00 +2.8671e+00 -2.9696e+00
4101 +3.373452842e-07 +3.373452842e-07 -3.915999966e+01 -3.915999966e+01 -3.6456e+00 +1.8777e+00 +2.5252e+00 +2.8683e+00 -2.9696e+00
4126 +2.509645398e-07 +2.509645398e-07 -3.915999975e+01 -3.915999975e+01 -3.6455e+00 +1.8777e+00 +2.5253e+00 +2.8682e+00 -2.9696e+00
4285 +1.455750080e-07 +1.455750080e-07 -3.915999985e+01 -3.915999985e+01 -3.6428e+00 +1.8770e+00 +2.5285e+00 +2.8651e+00 -2.9724e+00
4322 +7.723165396e-08 +7.723165396e-08 -3.915999992e+01 -3.915999992e+01 -3.6457e+00 +1.8774e+00 +2.5253e+00 +2.8666e+00 -2.9705e+00
4353 +6.194905922e-08 +6.194905922e-08 -3.915999994e+01 -3.915999994e+01 -3.6448e+00 +1.8773e+00 +2.5263e+00 +2.8662e+00 -2.9710e+00
4565 +3.536202087e-08 +3.536202087e-08 -3.915999996e+01 -3.915999996e+01 -3.6440e+00 +1.8770e+00 +2.5272e+00 +2.8658e+00 -2.9717e+00
4621 +2.036236424e-08 +2.036236424e-08 -3.915999998e+01 -3.915999998e+01 -3.6442e+00 +1.8770e+00 +2.5270e+00 +2.8660e+00 -2.9716e+00
4736 +9.892588082e-09 +9.892588082e-09 -3.915999999e+01 -3.915999999e+01 -3.6434e+00 +1.8769e+00 +2.5279e+00 +2.8662e+00 -2.9719e+00
4872 +4.385313446e-09 +4.385313446e-09 -3.916000000e+01 -3.916000000e+01 -3.6429e+00 +1.8767e+00 +2.5284e+00 +2.8660e+00 -2.9724e+00
4879 +2.697980506e-09 +2.697980506e-09 -3.916000000e+01 -3.916000000e+01 -3.6432e+00 +1.8768e+00 +2.5281e+00 +2.8660e+00 -2.9722e+00
4883 +2.008292199e-09 +2.008292199e-09 -3.916000000e+01 -3.916000000e+01 -3.6426e+00 +1.8767e+00 +2.5287e+00 +2.8658e+00 -2.9725e+00
4890 +1.434642627e-09 +1.434642627e-09 -3.916000000e+01 -3.916000000e+01 -3.6430e+00 +1.8767e+00 +2.5283e+00 +2.8660e+00 -2.9723e+00
4953 +4.538804887e-10 +4.538804887e-10 -3.916000000e+01 -3.916000000e+01 -3.6430e+00 +1.8768e+00 +2.5283e+00 +2.8661e+00 -2.9722e+00
% function evaluation | noise-free fitness - Fopt (-1.732800000000e+02) | best noise-free fitness - Fopt | measured fitness | best measured fitness | x1 | x2...
1 +1.389333491e+01 +1.389333491e+01 -1.593866651e+02 -1.593866651e+02 -3.1347e+00 +3.4886e+00 +1.4119e+00 -4.0910e+00 +4.4952e-01
6 +8.888995287e+00 +8.888995287e+00 -1.643910047e+02 -1.643910047e+02 -2.7642e-01 +6.7335e-01 +1.9292e+00 +1.2013e+00 -2.0600e+00
10 +5.336558376e+00 +5.336558376e+00 -1.679434416e+02 -1.679434416e+02 -2.8803e+00 +5.5794e-01 +2.4383e+00 +1.0177e-01 -2.1116e+00
51 +2.426586578e+00 +2.426586578e+00 -1.708534134e+02 -1.708534134e+02 -3.1392e+00 -1.5520e+00 +2.2190e+00 +1.0177e-01 -9.5524e-01
151 +1.361154339e+00 +1.361154339e+00 -1.719188457e+02 -1.719188457e+02 -3.2209e+00 -7.5189e-01 +3.2018e+00 +2.2334e-02 +1.0026e+00
203 +7.848514332e-01 +7.848514332e-01 -1.724951486e+02 -1.724951486e+02 -2.4459e+00 -6.9901e-01 +1.6608e+00 -9.5245e-01 +1.2349e+00
302 +3.447197800e-01 +3.447197800e-01 -1.729352802e+02 -1.729352802e+02 -2.7287e+00 -1.3217e+00 +2.1720e+00 -1.1368e+00 +7.6366e-01
404 +1.758627998e-01 +1.758627998e-01 -1.731041372e+02 -1.731041372e+02 -3.0789e+00 -1.0861e+00 +2.4633e+00 -1.4351e+00 +3.8520e-01
437 +1.353942292e-01 +1.353942292e-01 -1.731446058e+02 -1.731446058e+02 -2.9753e+00 -1.0193e+00 +2.4880e+00 -6.1607e-01 +6.7411e-01
451 +8.359730571e-02 +8.359730571e-02 -1.731964027e+02 -1.731964027e+02 -3.0878e+00 -1.0193e+00 +2.2888e+00 -7.0141e-01 +6.7411e-01
634 +2.914002935e-02 +2.914002935e-02 -1.732508600e+02 -1.732508600e+02 -3.1217e+00 -1.0335e+00 +2.4633e+00 -1.0967e+00 +4.4406e-01
792 +2.488865442e-02 +2.488865442e-02 -1.732551113e+02 -1.732551113e+02 -3.0681e+00 -8.9369e-01 +2.5392e+00 -1.1045e+00 +3.8535e-01
802 +1.391482609e-02 +1.391482609e-02 -1.732660852e+02 -1.732660852e+02 -3.0411e+00 -9.8017e-01 +2.4832e+00 -9.5549e-01 +5.8794e-01
1051 +8.659787127e-03 +8.659787127e-03 -1.732713402e+02 -1.732713402e+02 -2.9048e+00 -9.0054e-01 +2.4704e+00 -9.0269e-01 +6.8251e-01
1104 +5.497649093e-03 +5.497649093e-03 -1.732745024e+02 -1.732745024e+02 -2.9555e+00 -9.5955e-01 +2.4120e+00 -9.1564e-01 +5.7525e-01
1244 +3.324462647e-03 +3.324462647e-03 -1.732766755e+02 -1.732766755e+02 -3.0136e+00 -9.4218e-01 +2.4868e+00 -9.5958e-01 +5.8798e-01
1254 +2.440093364e-03 +2.440093364e-03 -1.732775599e+02 -1.732775599e+02 -2.9864e+00 -9.5955e-01 +2.4319e+00 -9.1428e-01 +5.7525e-01
1538 +9.824351455e-04 +9.824351455e-04 -1.732790176e+02 -1.732790176e+02 -2.9514e+00 -9.3371e-01 +2.4572e+00 -9.3596e-01 +6.0595e-01
2077 +6.226744090e-04 +6.226744090e-04 -1.732793773e+02 -1.732793773e+02 -2.9708e+00 -9.3074e-01 +2.4701e+00 -9.4062e-01 +5.9413e-01
2443 +2.432539293e-04 +2.432539293e-04 -1.732797567e+02 -1.732797567e+02 -2.8867e+00 -8.8575e-01 +2.4848e+00 -9.7762e-01 +6.0857e-01
2491 +9.125684304e-05 +9.125684304e-05 -1.732799087e+02 -1.732799087e+02 -2.9016e+00 -8.9857e-01 +2.4767e+00 -9.8948e-01 +5.8998e-01
2827 +1.747286728e-05 +1.747286728e-05 -1.732799825e+02 -1.732799825e+02 -2.9023e+00 -8.9777e-01 +2.4779e+00 -9.8575e-01 +5.9294e-01
3101 +1.531586528e-05 +1.531586528e-05 -1.732799847e+02 -1.732799847e+02 -2.9026e+00 -8.9807e-01 +2.4775e+00 -9.8457e-01 +5.9351e-01
3511 +7.734275812e-06 +7.734275812e-06 -1.732799923e+02 -1.732799923e+02 -2.9224e+00 -9.0746e-01 +2.4749e+00 -9.8046e-01 +5.8420e-01
3578 +3.982801246e-06 +3.982801246e-06 -1.732799960e+02 -1.732799960e+02 -2.9125e+00 -9.0256e-01 +2.4760e+00 -9.8380e-01 +5.8680e-01
3681 +2.652015439e-06 +2.652015439e-06 -1.732799973e+02 -1.732799973e+02 -2.9164e+00 -9.0419e-01 +2.4761e+00 -9.8243e-01 +5.8619e-01
3701 +1.448166557e-06 +1.448166557e-06 -1.732799986e+02 -1.732799986e+02 -2.9158e+00 -9.0411e-01 +2.4759e+00 -9.8239e-01 +5.8661e-01
3795 +5.915324266e-07 +5.915324266e-07 -1.732799994e+02 -1.732799994e+02 -2.9142e+00 -9.0305e-01 +2.4765e+00 -9.8447e-01 +5.8590e-01
3836 +2.918716575e-07 +2.918716575e-07 -1.732799997e+02 -1.732799997e+02 -2.9132e+00 -9.0246e-01 +2.4769e+00 -9.8232e-01 +5.8876e-01
4062 +2.492907356e-07 +2.492907356e-07 -1.732799998e+02 -1.732799998e+02 -2.9137e+00 -9.0303e-01 +2.4764e+00 -9.8247e-01 +5.8800e-01
4176 +1.385607504e-07 +1.385607504e-07 -1.732799999e+02 -1.732799999e+02 -2.9164e+00 -9.0408e-01 +2.4764e+00 -9.8187e-01 +5.8711e-01
4238 +6.927905360e-08 +6.927905360e-08 -1.732799999e+02 -1.732799999e+02 -2.9164e+00 -9.0427e-01 +2.4761e+00 -9.8271e-01 +5.8606e-01
4256 +5.580503171e-08 +5.580503171e-08 -1.732799999e+02 -1.732799999e+02 -2.9148e+00 -9.0349e-01 +2.4763e+00 -9.8254e-01 +5.8725e-01
4354 +3.048802455e-08 +3.048802455e-08 -1.732800000e+02 -1.732800000e+02 -2.9159e+00 -9.0401e-01 +2.4762e+00 -9.8134e-01 +5.8774e-01
4434 +1.485503276e-08 +1.485503276e-08 -1.732800000e+02 -1.732800000e+02 -2.9174e+00 -9.0467e-01 +2.4761e+00 -9.8201e-01 +5.8617e-01
4527 +3.146993777e-09 +3.146993777e-09 -1.732800000e+02 -1.732800000e+02 -2.9175e+00 -9.0474e-01 +2.4760e+00 -9.8161e-01 +5.8647e-01
4626 +2.282973810e-09 +2.282973810e-09 -1.732800000e+02 -1.732800000e+02 -2.9172e+00 -9.0457e-01 +2.4761e+00 -9.8144e-01 +5.8686e-01
4739 +9.011387192e-10 +9.011387192e-10 -1.732800000e+02 -1.732800000e+02 -2.9170e+00 -9.0449e-01 +2.4761e+00 -9.8158e-01 +5.8683e-01
4948 +4.278319921e-10 +4.278319921e-10 -1.732800000e+02 -1.732800000e+02 -2.9172e+00 -9.0462e-01 +2.4761e+00 -9.8172e-01 +5.8652e-01
4964 +3.555840067e-10 +3.555840067e-10 -1.732800000e+02 -1.732800000e+02 -2.9172e+00 -9.0462e-01 +2.4761e+00 -9.8170e-01 +5.8655e-01
4974 +2.300453161e-10 +2.300453161e-10 -1.732800000e+02 -1.732800000e+02 -2.9175e+00 -9.0476e-01 +2.4760e+00 -9.8162e-01 +5.8643e-01
% function evaluation | noise-free fitness - Fopt (-1.017000000000e+01) | best noise-free fitness - Fopt | measured fitness | best measured fitness | x1 | x2...
1 +5.997643821e+01 +5.997643821e+01 +4.980643821e+01 +4.980643821e+01 -3.9062e+00 +4.0699e+00 -8.1260e-01 -4.0326e+00 -2.0205e+00
4 +2.095272982e+01 +2.095272982e+01 +1.078272982e+01 +1.078272982e+01 -3.4506e+00 +1.2624e+00 +9.4627e-01 -2.2064e+00 -9.6859e-02
5 +1.329419606e+01 +1.329419606e+01 +3.124196063e+00 +3.124196063e+00 -2.6477e+00 +2.7710e+00 -3.0244e+00 +1.6146e+00 +1.4920e+00
21 +8.692733024e+00 +8.692733024e+00 -1.477266976e+00 -1.477266976e+00 +3.4283e-01 +2.8870e+00 +3.0998e+00 +9.6387e-01 +2.9585e-02
28 +6.932753326e-01 +6.932753326e-01 -9.476724667e+00 -9.476724667e+00 +9.9149e-01 +1.6261e+00 +2.2261e+00 -1.3637e+00 +3.3995e+00
126 +4.968948125e-01 +4.968948125e-01 -9.673105187e+00 -9.673105187e+00 +1.2218e+00 +1.8836e+00 +2.2261e+00 -1.3637e+00 +3.3995e+00
276 +3.351016911e-01 +3.351016911e-01 -9.834898309e+00 -9.834898309e+00 +1.6967e+00 +1.9506e+00 +2.7034e+00 -1.3339e+00 +3.3752e+00
352 +2.051821247e-01 +2.051821247e-01 -9.964817875e+00 -9.964817875e+00 +1.2103e+00 +1.5671e+00 +3.2783e+00 -1.4089e+00 +3.1070e+00
405 +1.191076213e-01 +1.191076213e-01 -1.005089238e+01 -1.005089238e+01 +1.2988e+00 +1.6835e+00 +3.1054e+00 -1.6079e+00 +3.0781e+00
427 +9.736289540e-02 +9.736289540e-02 -1.007263710e+01 -1.007263710e+01 +1.3338e+00 +1.6835e+00 +3.1054e+00 -1.3377e+00 +3.0624e+00
544 +3.574720466e-02 +3.574720466e-02 -1.013425280e+01 -1.013425280e+01 +1.2801e+00 +1.6175e+00 +2.7951e+00 -1.5298e+00 +3.0311e+00
592 +2.477500066e-02 +2.477500066e-02 -1.014522500e+01 -1.014522500e+01 +1.4133e+00 +1.7777e+00 +2.7166e+00 -1.5751e+00 +3.1102e+00
636 +1.250209432e-02 +1.250209432e-02 -1.015749791e+01 -1.015749791e+01 +1.3340e+00 +1.6225e+00 +2.8578e+00 -1.5232e+00 +2.9658e+00
804 +9.326847077e-03 +9.326847077e-03 -1.016067315e+01 -1.016067315e+01 +1.3441e+00 +1.6479e+00 +2.7558e+00 -1.5922e+00 +2.9628e+00
926 +4.832427014e-03 +4.832427014e-03 -1.016516757e+01 -1.016516757e+01 +1.3916e+00 +1.6345e+00 +2.8067e+00 -1.5258e+00 +2.9189e+00
1111 +3.844222967e-03 +3.844222967e-03 -1.016615578e+01 -1.016615578e+01 +1.4330e+00 +1.7087e+00 +2.7680e+00 -1.5622e+00 +2.9545e+00
1220 +2.030374667e-03 +2.030374667e-03 -1.016796963e+01 -1.016796963e+01 +1.4948e+00 +1.7051e+00 +2.6998e+00 -1.5142e+00 +2.9484e+00
1334 +6.196057348e-04 +6.196057348e-04 -1.016938039e+01 -1.016938039e+01 +1.4664e+00 +1.7187e+00 +2.7001e+00 -1.5591e+00 +2.9554e+00
1427 +3.468052217e-04 +3.468052217e-04 -1.016965319e+01 -1.016965319e+01 +1.4331e+00 +1.7153e+00 +2.7179e+00 -1.5773e+00 +2.9657e+00
1865 +2.458620073e-04 +2.458620073e-04 -1.016975414e+01 -1.016975414e+01 +1.4538e+00 +1.7103e+00 +2.7025e+00 -1.5727e+00 +2.9418e+00
1876 +1.446294830e-04 +1.446294830e-04 -1.016985537e+01 -1.016985537e+01 +1.4538e+00 +1.7088e+00 +2.7025e+00 -1.5707e+00 +2.9418e+00
2318 +6.497930078e-05 +6.497930078e-05 -1.016993502e+01 -1.016993502e+01 +1.4538e+00 +1.7082e+00 +2.7006e+00 -1.5703e+00 +2.9420e+00
2693 +5.147959238e-05 +5.147959238e-05 -1.016994852e+01 -1.016994852e+01 +1.4558e+00 +1.7150e+00 +2.6853e+00 -1.5820e+00 +2.9414e+00
2808 +3.052450122e-05 +3.052450122e-05 -1.016996948e+01 -1.016996948e+01 +1.4538e+00 +1.7248e+00 +2.6840e+00 -1.5890e+00 +2.9515e+00
2916 +2.454473676e-05 +2.454473676e-05 -1.016997546e+01 -1.016997546e+01 +1.4506e+00 +1.7208e+00 +2.6835e+00 -1.5916e+00 +2.9466e+00
3065 +5.511156758e-06 +5.511156758e-06 -1.016999449e+01 -1.016999449e+01 +1.4499e+00 +1.7208e+00 +2.6849e+00 -1.5902e+00 +2.9487e+00
3346 +3.643460095e-06 +3.643460095e-06 -1.016999636e+01 -1.016999636e+01 +1.4440e+00 +1.7192e+00 +2.6899e+00 -1.5918e+00 +2.9503e+00
3570 +2.323973233e-06 +2.323973233e-06 -1.016999768e+01 -1.016999768e+01 +1.4416e+00 +1.7205e+00 +2.6894e+00 -1.5953e+00 +2.9515e+00
3701 +1.067251288e-06 +1.067251288e-06 -1.016999893e+01 -1.016999893e+01 +1.4459e+00 +1.7186e+00 +2.6897e+00 -1.5900e+00 +2.9491e+00
3723 +6.234083454e-07 +6.234083454e-07 -1.016999938e+01 -1.016999938e+01 +1.4454e+00 +1.7207e+00 +2.6876e+00 -1.5928e+00 +2.9504e+00
3751 +2.622562292e-07 +2.622562292e-07 -1.016999974e+01 -1.016999974e+01 +1.4452e+00 +1.7212e+00 +2.6873e+00 -1.5936e+00 +2.9507e+00
3779 +1.078691021e-07 +1.078691021e-07 -1.016999989e+01 -1.016999989e+01 +1.4452e+00 +1.7234e+00 +2.6852e+00 -1.5960e+00 +2.9519e+00
3902 +9.886580266e-08 +9.886580266e-08 -1.016999990e+01 -1.016999990e+01 +1.4456e+00 +1.7227e+00 +2.6855e+00 -1.5951e+00 +2.9513e+00
3926 +3.282791283e-08 +3.282791283e-08 -1.016999997e+01 -1.016999997e+01 +1.4450e+00 +1.7218e+00 +2.6870e+00 -1.5941e+00 +2.9513e+00
4239 +2.504817509e-08 +2.504817509e-08 -1.016999997e+01 -1.016999997e+01 +1.4450e+00 +1.7224e+00 +2.6863e+00 -1.5950e+00 +2.9515e+00
4302 +1.145664896e-08 +1.145664896e-08 -1.016999999e+01 -1.016999999e+01 +1.4450e+00 +1.7225e+00 +2.6862e+00 -1.5951e+00 +2.9516e+00
4334 +9.694073100e-09 +9.694073100e-09 -1.016999999e+01 -1.016999999e+01 +1.4452e+00 +1.7231e+00 +2.6855e+00 -1.5957e+00 +2.9517e+00
4390 +5.239536804e-09 +5.239536804e-09 -1.016999999e+01 -1.016999999e+01 +1.4451e+00 +1.7232e+00 +2.6855e+00 -1.5958e+00 +2.9518e+00
4468 +3.263810555e-09 +3.263810555e-09 -1.017000000e+01 -1.017000000e+01 +1.4448e+00 +1.7225e+00 +2.6863e+00 -1.5952e+00 +2.9517e+00
4485 +2.059351800e-09 +2.059351800e-09 -1.017000000e+01 -1.017000000e+01 +1.4448e+00 +1.7234e+00 +2.6854e+00 -1.5962e+00 +2.9521e+00
4521 +8.307896593e-10 +8.307896593e-10 -1.017000000e+01 -1.017000000e+01 +1.4448e+00 +1.7232e+00 +2.6857e+00 -1.5959e+00 +2.9520e+00
4656 +4.778968332e-10 +4.778968332e-10 -1.017000000e+01 -1.017000000e+01 +1.4448e+00 +1.7231e+00 +2.6857e+00 -1.5959e+00 +2.9520e+00
4757 +2.362714469e-10 +2.362714469e-10 -1.017000000e+01 -1.017000000e+01 +1.4448e+00 +1.7231e+00 +2.6858e+00 -1.5958e+00 +2.9520e+00
4806 +1.462456822e-10 +1.462456822e-10 -1.017000000e+01 -1.017000000e+01 +1.4449e+00 +1.7233e+00 +2.6855e+00 -1.5960e+00 +2.9520e+00
4842 +7.852030137e-11 +7.852030137e-11 -1.017000000e+01 -1.017000000e+01 +1.4449e+00 +1.7231e+00 +2.6857e+00 -1.5958e+00 +2.9519e+00
4889 +6.131273267e-11 +6.131273267e-11 -1.017000000e+01 -1.017000000e+01 +1.4448e+00 +1.7233e+00 +2.6855e+00 -1.5961e+00 +2.9520e+00
4941 +3.355005163e-11 +3.355005163e-11 -1.017000000e+01 -1.017000000e+01 +1.4448e+00 +1.7233e+00 +2.6854e+00 -1.5962e+00 +2.9521e+00
