% function evaluation | noise-free fitness - Fopt (1.238300000000e+02) | best noise-free fitness - Fopt | measured fitness | best measured fitness | x1 | x2...
1 +4.355798319e+04 +4.355798319e+04 +4.368181319e+04 +4.368181319e+04 -2.8374e+00 -1.0220e+00 +1.2672e+00 -3.8012e+00 -1.3618e+00 -1.4114e-01 -2.2013e-01 +3.2759e+00 +2.3284e+00 -2.4855e+00
9 +3.481476167e+04 +3.481476167e+04 +3.493859167e+04 +3.493859167e+04 -1.1274e+00 -4.5295e-01 +2.5245e+00 +1.6544e+00 +1.8175e+00 -3.4932e+00 -8.6073e-01 +3.3912e-01 -4.0095e+00 -4.5489e-02
36 +1.854504288e+04 +1.854504288e+04 +1.866887288e+04 +1.866887288e+04 -2.2974e+00 -4.2942e-01 +1.2968e+00 -4.1357e+00 +6.4894e-01 -2.9236e+00 -2.7347e-01 -9.7407e-01 -8.4272e-01 +4.2279e+00
44 +9.313137436e+03 +9.313137436e+03 +9.436967436e+03 +9.436967436e+03 +3.5133e+00 +1.3826e+00 -4.4021e-01 -1.3314e-01 -8.8012e-01 -5.9178e-01 -5.1934e-01 +3.2986e-01 -1.6554e+00 -2.6481e-01
51 +3.107368766e+03 +3.107368766e+03 +3.231198766e+03 +3.231198766e+03 +7.7819e-01 +7.3138e-03 +6.4351e-01 -1.7567e+00 -7.3331e-01 -2.2647e+00 -1.4223e+00 -6.3799e-01 +1.0370e+00 -3.1156e-01
135 +1.440502655e+03 +1.440502655e+03 +1.564332655e+03 +1.564332655e+03 -2.3829e+00 -1.1243e+00 +8.4613e-01 -1.3411e+00 +2.1047e-01 -2.2544e+00 -8.0328e-01 -1.2950e+00 -7.7406e-01 +1.0505e+00
1341 +9.823809631e+02 +9.823809631e+02 +1.106210963e+03 +1.106210963e+03 -1.4512e-01 -8.6128e-01 +8.4398e-01 +5.7030e-01 -1.9099e-01 +1.0276e+00 +1.2971e+00 +2.3751e-01 +1.1369e-01 +8.7120e-01
3650 +4.874307015e+02 +4.874307015e+02 +6.112607015e+02 +6.112607015e+02 -2.1001e+00 -6.0138e-01 +1.1930e+00 -1.5904e+00 -4.8195e-01 -1.0824e+00 -5.5486e-01 -8.2350e-01 -7.4258e-01 -1.2441e+00
6136 +2.977932929e+02 +2.977932929e+02 +4.216232929e+02 +4.216232929e+02 +4.5267e-01 -9.9027e-01 +1.0640e+00 +8.8072e-02 +3.8849e-01 -2.7616e-01 -1.0080e+00 -3.2034e-01 +1.3078e-01 -4.6976e-01
7120 +2.430447873e+02 +2.430447873e+02 +3.668747873e+02 +3.668747873e+02 +9.5813e-01 -7.9469e-01 +7.5719e-01 +8.0385e-01 +1.0590e+00 +4.0548e-01 -5.8085e-01 -4.9880e-01 +1.3664e+00 -7.4366e-01
8044 +1.561970365e+02 +1.561970365e+02 +2.800270365e+02 +2.800270365e+02 +8.0800e-01 -6.6370e-01 +6.2951e-01 +9.2280e-01 +8.4988e-01 +4.3480e-01 -5.8310e-01 -5.0011e-01 +1.2619e+00 -1.6568e-01
8245 +9.589161758e+01 +9.589161758e+01 +2.197216176e+02 +2.197216176e+02 +8.7394e-01 -7.0491e-01 +4.1609e-01 +7.3171e-01 +7.2842e-01 +2.7450e-01 -7.4575e-01 -5.5661e-01 +8.7532e-01 -5.0246e-01
8440 +6.294987202e+01 +6.294987202e+01 +1.867798720e+02 +1.867798720e+02 +6.7246e-02 -5.8223e-01 +4.0882e-01 +7.8421e-01 +7.8322e-01 +1.4862e-01 -8.4280e-01 -8.5023e-01 +9.1157e-01 -5.7441e-01
8678 +3.578750766e+01 +3.578750766e+01 +1.596175077e+02 +1.596175077e+02 +3.0842e-01 -3.0048e-01 +5.7253e-01 +5.0607e-01 +6.2704e-01 +1.6620e-01 -7.3392e-01 -8.6814e-01 +6.0113e-01 -4.2234e-01
8897 +2.496242284e+01 +2.496242284e+01 +1.487924228e+02 +1.487924228e+02 +2.5721e-01 -3.9545e-01 +6.9908e-01 +4.4855e-01 +3.2674e-01 +1.8775e-01 -6.5893e-01 -7.1182e-01 +6.6135e-01 -2.4370e-01
9114 +1.562075784e+01 +1.562075784e+01 +1.394507578e+02 +1.394507578e+02 +3.6943e-01 -3.7761e-01 +6.9350e-01 +4.1102e-01 +3.4992e-01 +2.8562e-01 -6.2405e-01 -6.4230e-01 +7.2984e-01 -3.7651e-01
9401 +9.961313565e+00 +9.961313565e+00 +1.337913136e+02 +1.337913136e+02 +3.8065e-01 -3.7011e-01 +6.6286e-01 +3.8279e-01 +3.8493e-01 +2.9971e-01 -6.3567e-01 -6.7466e-01 +9.5303e-01 -4.0660e-01
% function evaluation | noise-free fitness - Fopt (4.751000000000e+01) | best noise-free fitness - Fopt | measured fitness | best measured fitness | x1 | x2...
1 +6.509466894e+04 +6.509466894e+04 +6.514217894e+04 +6.514217894e+04 -1.4555e+00 +3.2169e+00 +5.1004e-01 -3.7995e-01 -1.9237e+00 -9.9817e-02 +4.3467e+00 -2.4261e+00 -2.8130e+00 -1.9587e+00
7 +1.930774060e+04 +1.930774060e+04 +1.935525060e+04 +1.935525060e+04 +5.9554e-01 -1.7056e+00 -2.3383e+00 -2.0348e+00 -9.5808e-01 +5.9407e-01 -4.0815e+00 -7.5400e-01 +3.4789e+00 -8.5850e-01
12 +1.389020576e+04 +1.389020576e+04 +1.393771576e+04 +1.393771576e+04 +1.7234e+00 -7.0154e-01 +1.1909e+00 +8.0030e-01 -4.2221e-01 +1.1902e+00 +5.7996e-01 +3.6770e+00 +3.7648e+00 +6.6805e-01
82 +8.387877997e+03 +8.387877997e+03 +8.435387997e+03 +8.435387997e+03 +1.5556e+00 +3.7669e+00 -1.7079e-01 -8.0932e-01 +1.6384e+00 +2.8623e+00 -2.6505e+00 +8.9652e-01 +5.0000e+00 -1.8776e+00
85 +6.132124649e+03 +6.132124649e+03 +6.179634649e+03 +6.179634649e+03 -2.0973e+00 -1.9242e+00 -1.5555e+00 -2.7059e+00 +8.5117e-01 +6.0119e-02 +1.9252e+00 -8.8087e-01 -1.9296e+00 -2.0102e+00
130 +1.778589307e+03 +1.778589307e+03 +1.826099307e+03 +1.826099307e+03 -1.2871e+00 +6.6017e-01 +6.2561e-02 -1.6125e+00 -8.0694e-01 -5.4067e-01 +8.6152e-02 -7.2184e-01 +3.1264e-01 -1.6013e+00
2610 +1.334720764e+03 +1.334720764e+03 +1.382230764e+03 +1.382230764e+03 +4.9270e-02 +7.4210e-01 +9.1526e-01 +9.5103e-01 +1.6770e+00 +1.5941e+00 -1.3368e-01 -7.6315e-01 -2.4301e-01 -1.6755e-03
3498 +6.353795538e+02 +6.353795538e+02 +6.828895538e+02 +6.828895538e+02 -1.2428e+00 -3.5181e-02 +2.3428e-01 +5.3915e-01 +6.9943e-01 +1.9675e-01 +3.3139e-01 -8.4300e-02 +9.7088e-01 +8.0578e-01
4733 +4.677698363e+02 +4.677698363e+02 +5.152798363e+02 +5.152798363e+02 -9.9978e-01 +5.6142e-01 +3.2611e-01 +6.0402e-01 +7.7892e-01 -4.5457e-01 +1.6643e-01 -2.7180e-01 -8.6773e-01 +5.6622e-02
5482 +3.873545298e+02 +3.873545298e+02 +4.348645298e+02 +4.348645298e+02 -8.4536e-01 +8.7673e-01 -1.2802e-01 +3.9372e-01 +1.0039e+00 -4.5049e-01 +2.6908e-01 +3.7851e-01 -3.0613e-01 -4.3798e-01
6060 +2.071843438e+02 +2.071843438e+02 +2.546943438e+02 +2.546943438e+02 +2.4952e-02 +7.6856e-01 -1.3646e-01 -5.4848e-03 +1.0317e+00 -4.6519e-01 -8.1998e-01 -3.4382e-02 -3.4518e-01 -2.8377e-01
6933 +1.319646033e+02 +1.319646033e+02 +1.794746033e+02 +1.794746033e+02 -5.4890e-01 +2.1002e-01 +2.2765e-01 +1.6457e-01 +1.2817e+00 -5.1492e-01 -4.5352e-01 -3.3005e-01 -2.1417e-01 +1.9054e-02
7094 +8.544200060e+01 +8.544200060e+01 +1.329520006e+02 +1.329520006e+02 -5.6089e-01 -5.8137e-01 +1.7401e-01 +3.0059e-01 +9.6445e-01 -3.9930e-01 -8.9251e-01 +9.0256e-02 +1.4968e-01 -7.2356e-02
7316 +5.512116543e+01 +5.512116543e+01 +1.026311654e+02 +1.026311654e+02 -7.6033e-01 -6.0240e-01 +1.6064e-01 +2.6499e-01 +7.7430e-01 -3.2509e-01 -4.6652e-01 +3.8177e-01 +2.4478e-01 -3.9922e-02
7426 +3.618788942e+01 +3.618788942e+01 +8.369788942e+01 +8.369788942e+01 -8.6720e-01 -7.0793e-01 +1.7960e-01 +5.0576e-02 +6.4561e-01 -2.9120e-01 -2.1944e-01 +4.1929e-01 +3.0663e-01 +2.7507e-02
7722 +2.456391471e+01 +2.456391471e+01 +7.207391471e+01 +7.207391471e+01 -6.1375e-01 -6.4392e-01 +2.6362e-01 -1.3439e-01 +6.1552e-01 -2.4766e-01 +1.0736e-01 +7.0215e-01 +2.9547e-01 -2.6607e-01
8255 +1.478605556e+01 +1.478605556e+01 +6.229605556e+01 +6.229605556e+01 -7.1647e-01 -6.4344e-01 +1.7378e-01 -2.4101e-01 +5.0614e-01 -2.3474e-01 +1.5648e-01 +5.1996e-01 +3.3435e-01 -3.9967e-01
8666 +9.800510918e+00 +9.800510918e+00 +5.731051092e+01 +5.731051092e+01 -7.4412e-01 -6.4523e-01 +7.7871e-02 -2.4251e-01 +4.7415e-01 -4.0967e-01 +1.7020e-01 +5.6368e-01 +3.1887e-01 -3.2196e-01
% function evaluation | noise-free fitness - Fopt (5.534000000000e+01) | best noise-free fitness - Fopt | measured fitness | best measured fitness | x1 | x2...
1 +1.267468164e+05 +1.267468164e+05 +1.268021564e+05 +1.268021564e+05 -2.8759e+00 +1.5948e+00 -4.8312e+00 +2.9926e+00 +1.4052e+00 +4.8910e+00 +8.1136e-01 -1.8275e+00 +1.0272e+00 -2.1266e-01
8 +5.495586448e+04 +5.495586448e+04 +5.501120448e+04 +5.501120448e+04 -2.3083e+00 -4.9090e-01 -7.5680e-01 -7.7931e-01 +1.9380e+00 +2.5489e-01 +3.0661e+00 -3.2972e+00 -3.6187e-01 -4.7175e+00
18 +2.395616517e+04 +2.395616517e+04 +2.401150517e+04 +2.401150517e+04 -1.6940e+00 +3.6206e+00 -1.7333e+00 -2.1510e-01 -1.2260e+00 -2.1186e+00 -3.2998e+00 -2.3742e+00 -6.0647e-01 +1.6043e+00
31 +4.958244260e+03 +4.958244260e+03 +5.013584260e+03 +5.013584260e+03 +4.2369e-01 -4.5656e-01 +9.5601e-01 -1.8114e+00 -2.2965e+00 +2.8011e+00 -4.4874e-01 +1.0186e+00 +1.8689e+00 +7.6100e-01
96 +3.962128776e+03 +3.962128776e+03 +4.017468776e+03 +4.017468776e+03 +1.3016e+00 +2.9715e+00 +1.0299e+00 +1.1688e+00 -5.8319e-01 +3.6386e-01 -4.3701e-01 +2.7093e+00 +9.1636e-01 +9.4245e-02
123 +2.500041379e+03 +2.500041379e+03 +2.555381379e+03 +2.555381379e+03 +3.2788e-01 +9.0157e-01 +2.6389e+00 +1.0463e+00 -5.6952e-01 -6.4704e-01 -1.0327e+00 +1.5052e-01 +1.7278e-01 -5.4614e-01
329 +1.177069080e+03 +1.177069080e+03 +1.232409080e+03 +1.232409080e+03 +6.8506e-01 +6.1477e-01 +7.6324e-01 +9.4725e-01 -6.4487e-02 -1.2090e+00 +6.2092e-01 +2.0990e+00 +1.2699e-02 +1.3105e+00
1057 +3.996728580e+02 +3.996728580e+02 +4.550128580e+02 +4.550128580e+02 +3.7031e-01 -1.3422e+00 +5.6833e-01 +1.2711e-01 +4.3575e-01 -1.0338e-01 +1.1279e-01 +9.0333e-01 -8.4092e-01 -2.6795e-01
3324 +3.356075215e+02 +3.356075215e+02 +3.909475215e+02 +3.909475215e+02 -6.5906e-01 -1.4240e-01 -1.2414e-01 -1.4813e-01 +6.7435e-01 +1.0118e+00 +4.7946e-02 +1.5543e-01 -4.2039e-01 +3.5743e-01
7515 +2.282019325e+02 +2.282019325e+02 +2.835419325e+02 +2.835419325e+02 +6.3147e-01 -2.8085e-02 -3.8729e-01 +3.9712e-01 -2.7927e-01 +4.3480e-01 +5.4591e-01 +7.7172e-01 +1.2167e+00 +3.7971e-01
8218 +1.502983232e+02 +1.502983232e+02 +2.056383232e+02 +2.056383232e+02 +6.7618e-01 +4.3995e-01 +4.7257e-01 -3.4064e-01 -2.4670e-01 -4.9241e-01 +7.0005e-02 +7.8630e-01 +8.8209e-01 +1.1863e+00
8642 +9.962158589e+01 +9.962158589e+01 +1.549615859e+02 +1.549615859e+02 +1.0583e-01 +6.6883e-01 +4.4272e-01 -4.8128e-01 -2.9319e-01 -4.5903e-01 +2.1253e-01 +8.2380e-01 +1.1464e+00 +7.4579e-01
9049 +5.360464494e+01 +5.360464494e+01 +1.089446449e+02 +1.089446449e+02 -1.4395e-01 +5.2402e-01 -1.5010e-01 -3.0034e-01 -6.3694e-01 -4.8332e-01 +1.7767e-02 +8.2719e-01 +7.7844e-01 -2.8237e-01
9237 +3.860651274e+01 +3.860651274e+01 +9.394651274e+01 +9.394651274e+01 -3.5474e-01 +4.6645e-01 -2.6631e-01 -2.9136e-01 -5.4433e-01 -3.7343e-01 -1.7605e-01 +4.2371e-01 +8.9101e-01 -2.3412e-02
9529 +2.335083455e+01 +2.335083455e+01 +7.869083455e+01 +7.869083455e+01 -2.2853e-01 +8.3417e-01 -2.1191e-01 -3.7146e-01 -1.7174e-01 -2.7603e-01 +1.6476e-02 +3.8549e-01 +9.4981e-01 -1.9067e-03
9691 +1.533820262e+01 +1.533820262e+01 +7.067820262e+01 +7.067820262e+01 -1.7869e-01 +8.3923e-01 -2.4776e-01 -3.2593e-01 -2.1865e-01 -3.4281e-01 -5.3854e-02 +5.4722e-01 +9.5529e-01 +2.4930e-02
% function evaluation | noise-free fitness - Fopt (-9.033000000000e+01) | best noise-free fitness - Fopt | measured fitness | best measured fitness | x1 | x2...
1 +5.691511462e+04 +5.691511462e+04 +5.682478462e+04 +5.682478462e+04 -6.8820e-03 +4.6048e+00 +2.5736e+00 -2.9841e+00 -8.5439e-01 -2.8335e+00 +4.3942e+00 -4.3956e+00 -5.9926e-01 -1.3170e-01
12 +2.556841345e+04 +2.556841345e+04 +2.547808345e+04 +2.547808345e+04 -4.4242e+00 -3.4480e+00 -9.9724e-01 +2.1522e+00 +3.4100e+00 +4.9648e+00 -3.7888e+00 -8.7406e-01 +1.8203e+00 -7.6312e-01
33 +2.268838338e+04 +2.268838338e+04 +2.259805338e+04 +2.259805338e+04 +4.2230e+00 +4.2220e-01 +1.8454e+00 -7.9047e-01 -1.6738e+00 -1.9099e+00 -9.1257e-01 +9.2972e-01 +1.9303e+00 +2.3772e+00
42 +1.215062572e+04 +1.215062572e+04 +1.206029572e+04 +1.206029572e+04 -3.0947e+00 +1.5992e+00 +2.7320e+00 +6.6417e-01 +1.1136e+00 -1.0854e+00 -5.6835e-01 -1.8658e+00 +5.3821e-01 +8.0184e-01
85 +9.640377766e+03 +9.640377766e+03 +9.550047766e+03 +9.550047766e+03 -1.0482e+00 +1.8224e-01 -1.5362e+00 +1.8795e+00 +1.5397e+00 +1.1179e+00 -1.5284e+00 +2.7353e+00 +2.5267e+00 -7.5778e-01
139 +6.245300764e+03 +6.245300764e+03 +6.154970764e+03 +6.154970764e+03 +8.9517e-01 +7.4647e-01 +1.6912e+00 -8.9954e-01 +9.1923e-01 -3.1664e+00 +1.7948e-01 -8.9711e-01 +1.3466e+00 +3.5988e-01
153 +2.099231900e+03 +2.099231900e+03 +2.008901900e+03 +2.008901900e+03 +1.1424e+00 +4.3496e-01 +9.3181e-01 -1.0348e+00 -2.2755e-01 -4.5652e-01 -1.2261e+00 -3.0320e-01 +1.9801e-01 +1.8245e+00
1361 +1.438807754e+03 +1.438807754e+03 +1.348477754e+03 +1.348477754e+03 -1.1204e+00 -1.8063e-01 -2.4740e-01 +1.2059e+00 +3.0437e-01 +8.0137e-01 -1.1808e+00 -1.5777e+00 +5.0426e-01 +1.1150e+00
2932 +8.593256469e+02 +8.593256469e+02 +7.689956469e+02 +7.689956469e+02 -3.6157e-03 -5.9207e-01 -9.8772e-01 +2.9780e-01 +1.3616e+00 +1.0374e-01 -2.2861e+00 +1.5582e-01 +1.4969e-01 -1.0396e+00
3846 +5.712593293e+02 +5.712593293e+02 +4.809293293e+02 +4.809293293e+02 +1.1499e-01 -3.3719e-01 +1.4522e+00 +6.7891e-01 +1.2643e+00 +8.1795e-01 +8.1780e-01 -7.9758e-02 -7.3217e-01 +1.2643e-01
6854 +2.711627270e+02 +2.711627270e+02 +1.808327270e+02 +1.808327270e+02 -1.6396e-01 +5.6296e-01 +3.5161e-01 -6.3011e-01 -2.8194e-01 -7.2357e-01 +7.9270e-01 -1.0211e+00 -2.3501e-01 +1.0623e+00
7883 +1.657427170e+02 +1.657427170e+02 +7.541271703e+01 +7.541271703e+01 -2.0990e-01 +9.2646e-01 +2.8236e-01 -5.3417e-01 +3.5456e-01 -9.6816e-02 -3.5132e-01 -7.2527e-01 -2.1642e-01 +8.5531e-01
7957 +1.553889920e+02 +1.553889920e+02 +6.505899201e+01 +6.505899201e+01 +1.9004e-01 +7.0993e-01 +2.7280e-01 -3.0778e-01 +7.5572e-01 -4.1781e-01 -1.5111e-01 -1.1101e+00 -4.1027e-01 +7.1145e-01
8163 +8.216940056e+01 +8.216940056e+01 -8.160599436e+00 -8.160599436e+00 +3.2579e-01 +4.8131e-01 +1.1227e-01 -4.3554e-01 +4.9037e-01 -6.8746e-01 +2.3569e-01 -1.0957e+00 +9.5715e-02 +8.0688e-01
8306 +4.008148251e+01 +4.008148251e+01 -5.024851749e+01 -5.024851749e+01 +1.1829e-01 +4.8868e-01 -4.1517e-02 -3.7115e-01 +5.9634e-01 -4.6322e-01 +3.4673e-01 -1.0530e+00 -1.5213e-01 +8.3654e-01
8379 +3.116496581e+01 +3.116496581e+01 -5.916503419e+01 -5.916503419e+01 +3.2690e-02 +4.4178e-01 -2.4713e-02 -3.8834e-01 +5.5642e-01 -4.3929e-01 +3.9328e-01 -1.0444e+00 -1.1578e-01 +8.0150e-01
8584 +2.341085731e+01 +2.341085731e+01 -6.691914269e+01 -6.691914269e+01 -3.2649e-02 +4.7154e-01 -6.3985e-02 -3.7576e-01 +5.0371e-01 -4.1244e-01 +2.1767e-01 -9.6856e-01 -1.6440e-01 +7.8923e-01
8735 +1.529777397e+01 +1.529777397e+01 -7.503222603e+01 -7.503222603e+01 -8.8453e-03 +4.0315e-01 -4.2021e-02 -3.1847e-01 +5.0784e-01 -3.5598e-01 -1.5192e-02 -8.7100e-01 -2.8266e-01 +6.1211e-01
8818 +9.052047922e+00 +9.052047922e+00 -8.127795208e+01 -8.127795208e+01 +2.9694e-02 +3.7979e-01 -5.2321e-02 -4.2548e-01 +5.2579e-01 -3.7758e-01 +1.4111e-01 -8.8480e-01 -2.7756e-01 +5.8377e-01
9260 +6.196556157e+00 +6.196556157e+00 -8.413344384e+01 -8.413344384e+01 +3.5954e-02 +3.0045e-01 -9.8288e-02 -3.4253e-01 +4.9009e-01 -3.3646e-01 +2.5953e-01 -7.1261e-01 -2.0929e-01 +5.9536e-01
% function evaluation | noise-free fitness - Fopt (6.561000000000e+01) | best noise-free fitness - Fopt | measured fitness | best measured fitness | x1 | x2...
1 +1.157122584e+05 +1.157122584e+05 +1.157778684e+05 +1.157778684e+05 +7.3937e-01 +4.5435e+00 -2.1329e+00 -8.1754e-01 +3.2316e+00 -1.7821e-01 +4.0836e+00 +1.2425e+00 -3.0858e+00 -1.0155e+00
3 +5.576089628e+04 +5.576089628e+04 +5.582650628e+04 +5.582650628e+04 -2.0989e+00 -1.8732e+00 -3.6560e+00 +1.2530e+00 +3.8528e+00 +4.8603e+00 -1.0402e+00 +4.5188e+00 -3.6795e+00 -9.3003e-01
10 +1.648200023e+04 +1.648200023e+04 +1.654761023e+04 +1.654761023e+04 -2.3516e+00 +2.0640e+00 -3.3365e+00 -2.9711e+00 -9.9710e-02 +3.4866e+00 -4.4340e-01 +1.0787e+00 -1.6650e+00 -9.8492e-01
76 +4.818318495e+03 +4.818318495e+03 +4.883928495e+03 +4.883928495e+03 +6.6178e-01 -3.9588e-01 -2.4788e+00 -4.7157e-01 +5.4651e-01 +1.9011e+00 -2.9223e+00 -1.7318e+00 +9.8985e-01 +1.7846e-01
215 +3.760331671e+03 +3.760331671e+03 +3.825941671e+03 +3.825941671e+03 -2.0846e+00 +8.7233e-02 +1.4944e-01 +1.9835e+00 -6.9020e-02 +2.0315e+00 -1.6663e+00 -4.3721e-01 +2.4312e-01 +2.0097e-02
1100 +2.322506755e+03 +2.322506755e+03 +2.388116755e+03 +2.388116755e+03 -2.0517e+00 -1.3504e-01 +1.0073e+00 -2.9642e+00 +3.4230e-01 +2.1638e+00 -1.1739e+00 +1.0032e+00 +5.9618e-02 +1.1413e+00
4360 +1.255581415e+03 +1.255581415e+03 +1.321191415e+03 +1.321191415e+03 -1.8534e+00 -3.3799e-01 -4.9417e-01 +6.8369e-02 +1.7564e+00 +1.4923e+00 -9.0025e-01 +7.1421e-01 +5.9636e-01 -7.1294e-02
5487 +9.563291767e+02 +9.563291767e+02 +1.021939177e+03 +1.021939177e+03 -7.2023e-01 -1.3258e-01 +4.9909e-01 +1.3974e-01 -5.5647e-01 +1.7741e+00 -1.0359e+00 +1.8083e+00 +3.8589e-02 +1.2112e+00
5941 +4.118089813e+02 +4.118089813e+02 +4.774189813e+02 +4.774189813e+02 -2.2611e-01 -4.2776e-01 +5.0890e-01 -6.5978e-02 +1.4852e-01 +1.5423e+00 -4.0224e-01 +4.6757e-01 -2.1672e-02 +1.0190e+00
6046 +3.810973680e+02 +3.810973680e+02 +4.467073680e+02 +4.467073680e+02 +5.2304e-02 -1.0395e+00 +4.6761e-01 +1.1449e-01 +3.7954e-01 +1.4869e+00 -3.8870e-01 +2.6965e-01 +1.3252e-01 +5.6244e-01
6727 +2.500104699e+02 +2.500104699e+02 +3.156204699e+02 +3.156204699e+02 -2.3235e-01 -1.0213e+00 -6.4136e-01 -5.3091e-01 +3.9916e-01 +1.2393e+00 +1.6305e-01 -5.8648e-01 -1.0236e+00 -1.4572e-01
7399 +1.562631383e+02 +1.562631383e+02 +2.218731383e+02 +2.218731383e+02 -2.3814e-01 -8.8075e-01 -1.0029e+00 -3.9772e-01 +9.1540e-01 +1.2561e+00 +4.4582e-02 -6.8273e-01 -1.0300e+00 +4.5457e-01
7856 +9.850524593e+01 +9.850524593e+01 +1.641152459e+02 +1.641152459e+02 +1.7512e-01 -7.8229e-01 -8.6155e-01 -2.8624e-01 +9.2789e-01 +1.3036e+00 +1.7017e-01 -8.1324e-01 -9.4494e-01 +6.2409e-01
% function evaluation | noise-free fitness - Fopt (-2.900800000000e+02) | best noise-free fitness - Fopt | measured fitness | best measured fitness | x1 | x2...
1 +2.617015329e+05 +2.617015329e+05 +2.614114529e+05 +2.614114529e+05 -6.9898e-01 +4.1723e+00 +2.5287e+00 -2.7139e+00 -3.7971e+00 -1.0027e+00 -3.9345e+00 +7.4871e-01 +4.7456e+00 -1.4107e-01
2 +2.169294452e+05 +2.169294452e+05 +2.166393652e+05 +2.166393652e+05 +2.0933e+00 +4.4359e+00 +3.5919e+00 -2.2586e+00 +3.3157e+00 -3.1300e+00 +1.7635e+00 -4.4957e+00 -1.5496e+00 -4.8582e+00
4 +1.043288502e+05 +1.043288502e+05 +1.040387702e+05 +1.040387702e+05 -4.3662e+00 +2.6064e+00 +1.8864e+00 +1.9648e+00 -3.9974e+00 +1.2881e+00 -3.9421e+00 -1.6111e+00 +2.7774e+00 +2.9369e+00
8 +5.387202480e+04 +5.387202480e+04 +5.358194480e+04 +5.358194480e+04 +4.9031e-01 +5.6153e-01 -4.8049e+00 -4.4710e+00 +5.1897e-01 +3.7510e+00 +4.4681e+00 +2.9104e+00 +5.7416e-01 +4.4295e-01
32 +3.684260989e+04 +3.684260989e+04 +3.655252989e+04 +3.655252989e+04 +1.9205e-01 -6.0613e-01 +3.2490e+00 +2.6819e+00 -7.3111e-01 +3.3993e+00 +3.3207e+00 -2.7399e+00 +2.4889e-01 +5.9269e-01
44 +8.980676604e+03 +8.980676604e+03 +8.690596604e+03 +8.690596604e+03 -6.7841e-01 +4.0822e-01 -1.5790e+00 -1.1005e+00 +1.3342e+00 +3.0476e-01 +1.7169e+00 +2.4473e+00 -1.9092e+00 -2.5717e-02
66 +5.349915474e+03 +5.349915474e+03 +5.059835474e+03 +5.059835474e+03 -1.3083e+00 -1.4057e+00 +9.1327e-01 +2.8360e+00 -1.0057e+00 -1.0726e+00 -1.8150e+00 +1.2783e+00 +1.3996e+00 -9.7755e-01
135 +3.749279213e+03 +3.749279213e+03 +3.459199213e+03 +3.459199213e+03 +9.5058e-01 -1.4196e-01 -4.8578e-01 -1.6808e+00 +1.6822e+00 +3.6515e+00 -9.4830e-01 +2.1614e+00 -1.3300e+00 +4.1983e-01
2038 +1.787891262e+03 +1.787891262e+03 +1.497811262e+03 +1.497811262e+03 -1.1728e+00 -2.1088e-01 +1.6962e+00 +2.0909e+00 +5.4083e-01 -1.2190e+00 +4.1575e-03 -4.2998e-01 +6.8284e-01 +1.4112e+00
2800 +1.286900172e+03 +1.286900172e+03 +9.968201724e+02 +9.968201724e+02 +5.0421e-01 +1.8910e-01 -1.2350e+00 +3.0890e-01 +2.3634e+00 +4.4764e-01 -2.1511e-01 -1.3429e+00 -7.4044e-02 +7.8753e-01
5114 +8.789220013e+02 +8.789220013e+02 +5.888420013e+02 +5.888420013e+02 +3.1162e+00 +6.5819e-01 +2.4664e+00 -1.2668e+00 +1.2768e+00 +1.9822e+00 +7.1220e-02 -7.4782e-01 -1.3417e-01 -7.7753e-01
6692 +4.808892500e+02 +4.808892500e+02 +1.908092500e+02 +1.908092500e+02 +2.4879e-01 -7.0995e-01 -7.4309e-01 +9.8423e-01 +7.2281e-01 -5.4812e-01 -3.4149e-01 +2.7519e-01 -1.2386e+00 -3.1086e-01
6912 +3.633351863e+02 +3.633351863e+02 +7.325518627e+01 +7.325518627e+01 +6.2199e-01 -5.2879e-01 +2.7383e-01 +1.6793e+00 +5.3657e-01 +5.2496e-01 -7.0540e-01 -7.5323e-01 +1.9093e-01 +2.5269e-01
6930 +1.514113385e+02 +1.514113385e+02 -1.386686615e+02 -1.386686615e+02 +4.3250e-01 -1.3409e+00 -8.1594e-01 +8.4931e-01 +6.9265e-01 +2.3234e-02 -5.5470e-01 -1.3692e-01 +2.4902e-01 -1.5927e-01
7304 +9.246766649e+01 +9.246766649e+01 -1.976123335e+02 -1.976123335e+02 -2.1023e-01 -7.9721e-02 +5.5226e-01 +6.0207e-02 +7.5007e-01 -1.0091e-01 -4.6648e-01 -2.1095e-02 +4.5200e-01 +2.6500e-01
7481 +4.600437535e+01 +4.600437535e+01 -2.440756247e+02 -2.440756247e+02 +7.6664e-02 -3.0445e-01 +2.9992e-01 +7.6965e-01 +8.2498e-01 -1.6731e-01 -7.4205e-01 -6.4442e-01 -4.8308e-01 +1.4076e-01
7486 +3.963764832e+01 +3.963764832e+01 -2.504423517e+02 -2.504423517e+02 +1.7992e-01 -2.3526e-01 -1.4450e-01 +6.3218e-01 +9.5767e-01 -5.5757e-02 -7.7437e-01 -2.5250e-01 -6.3242e-02 +3.3244e-04
7524 +2.175295688e+01 +2.175295688e+01 -2.683270431e+02 -2.683270431e+02 +1.1150e-01 -2.7718e-02 -1.4741e-01 +7.2295e-01 +8.0621e-01 -2.1117e-01 -6.9353e-01 -1.5975e-01 -1.7387e-01 +1.0728e-01
7772 +1.530025713e+01 +1.530025713e+01 -2.747797429e+02 -2.747797429e+02 +1.9468e-01 +9.0273e-02 -1.9031e-02 +6.8322e-01 +7.0088e-01 -2.5292e-01 -6.0682e-01 -1.3097e-01 -2.3734e-01 +4.0569e-01
7991 +9.932140514e+00 +9.932140514e+00 -2.801478595e+02 -2.801478595e+02 +2.2727e-01 -1.0232e-02 -1.1579e-02 +7.6291e-01 +7.7260e-01 -2.7963e-01 -7.2353e-01 -2.0543e-01 -2.3334e-01 +4.2592e-01
% function evaluation | noise-free fitness - Fopt (2.510000000000e+01) | best noise-free fitness - Fopt | measured fitness | best measured fitness | x1 | x2...
1 +1.187996781e+05 +1.187996781e+05 +1.188247781e+05 +1.188247781e+05 +3.2499e+00 -2.2292e+00 +3.8499e-01 +2.7374e+00 +4.1587e+00 -7.4568e-01 -2.5799e+00 +1.4240e+00 -4.1122e+00 -3.1429e+00
3 +4.457452889e+04 +4.457452889e+04 +4.459962889e+04 +4.459962889e+04 -1.5956e-01 +8.2553e-01 +4.1469e+00 -4.8839e-01 -2.4248e+00 +4.9653e+00 +1.2516e-01 +1.0761e+00 +2.9238e+00 +1.9714e+00
11 +2.789502186e+04 +2.789502186e+04 +2.792012186e+04 +2.792012186e+04 -3.0528e+00 -2.0969e+00 -4.7915e-01 -9.0672e-01 +1.9742e+00 +1.4980e+00 +1.1757e+00 -2.0377e+00 +2.3600e+00 +3.7864e+00
54 +2.496029641e+04 +2.496029641e+04 +2.498539641e+04 +2.498539641e+04 -9.1152e-01 -2.0874e+00 -2.0191e+00 -3.6752e-01 +4.4670e+00 +9.5823e-01 -3.9381e-01 -5.4066e-01 +2.1846e+00 +5.7949e-01
72 +1.449005560e+04 +1.449005560e+04 +1.451515560e+04 +1.451515560e+04 -5.5670e-02 +2.5084e+00 +9.5752e-01 -3.0766e-01 -1.7724e+00 +2.3848e+00 +2.4540e-01 -2.8471e+00 +8.9907e-01 +1.2611e+00
98 +5.872201825e+03 +5.872201825e+03 +5.897301825e+03 +5.897301825e+03 -8.6480e-01 +1.2151e+00 -5.6999e-01 -5.3925e-01 +1.7068e+00 -6.3561e-01 +1.7592e+00 -2.2632e+00 +2.6943e+00 +6.7877e-01
2086 +3.521249248e+03 +3.521249248e+03 +3.546349248e+03 +3.546349248e+03 +7.0053e-01 -6.6831e-01 +1.0371e+00 -3.2011e-01 -5.6238e-02 -2.0685e-01 +1.2568e+00 -1.7287e+00 +3.9081e+00 +2.5884e-01
2418 +2.336259510e+03 +2.336259510e+03 +2.361359510e+03 +2.361359510e+03 +2.3786e+00 -2.3099e-01 +7.6848e-01 -1.3971e-01 -7.8971e-01 -6.5583e-01 -5.8988e-01 -5.9433e-01 -7.7182e-01 +6.1055e-01
2629 +1.327938890e+03 +1.327938890e+03 +1.353038890e+03 +1.353038890e+03 -8.8258e-02 -1.2450e-01 -3.0747e-01 +1.1140e+00 -4.3047e-01 -2.3279e-01 +1.5042e+00 -4.0117e-01 +5.5139e-01 -8.5522e-01
5020 +9.010337915e+02 +9.010337915e+02 +9.261337915e+02 +9.261337915e+02 -1.4188e+00 +4.6186e-01 -5.8070e-01 +4.7139e-01 -1.0991e+00 +1.9832e+00 -4.5184e-01 -3.4563e-01 +2.1845e-01 -1.7787e-01
5728 +5.110946922e+02 +5.110946922e+02 +5.361946922e+02 +5.361946922e+02 -1.0999e+00 +1.1308e+00 +4.4645e-01 +9.7223e-01 +2.1691e-01 +1.8790e+00 -1.5128e+00 -1.0808e+00 -1.3639e+00 -1.6877e+00
6210 +3.395667595e+02 +3.395667595e+02 +3.646667595e+02 +3.646667595e+02 -9.5028e-01 +1.0052e+00 +5.5109e-02 +4.5154e-01 -8.2116e-02 +1.1460e+00 -7.8526e-01 -1.0952e+00 +9.2481e-02 -4.6601e-01
6450 +2.001369696e+02 +2.001369696e+02 +2.252369696e+02 +2.252369696e+02 -8.7575e-01 +4.4804e-01 -2.6994e-01 +4.6656e-01 +2.6419e-03 +4.6611e-01 -5.6384e-01 -5.0298e-01 +2.9259e-01 -6.0648e-01
6665 +1.071311297e+02 +1.071311297e+02 +1.322311297e+02 +1.322311297e+02 -6.8657e-01 +3.3800e-01 -2.6305e-01 +3.2294e-01 +2.8792e-01 -2.1195e-01 +2.3164e-01 +1.8048e-01 +1.1755e+00 -1.8361e-01
6828 +8.291490816e+01 +8.291490816e+01 +1.080149082e+02 +1.080149082e+02 -5.1589e-01 +4.9237e-01 -2.1459e-01 +4.5460e-01 +1.9871e-01 +3.6463e-02 +2.2835e-02 +1.4452e-01 +7.2371e-01 -4.8244e-01
7278 +5.626020620e+01 +5.626020620e+01 +8.136020620e+01 +8.136020620e+01 -5.7810e-01 +4.1942e-01 -9.0017e-02 +2.9102e-01 +2.0309e-01 +2.9440e-01 +2.9258e-01 +2.4243e-01 +8.8737e-01 +2.9765e-02
7599 +3.973421481e+01 +3.973421481e+01 +6.483421481e+01 +6.483421481e+01 -6.5717e-01 -9.4708e-02 -5.2565e-02 +8.3753e-02 +3.9251e-01 +3.0151e-01 +2.2636e-01 +2.0122e-01 +1.0034e+00 +1.3532e-01
7724 +2.263893136e+01 +2.263893136e+01 +4.773893136e+01 +4.773893136e+01 -6.6027e-01 -5.2065e-02 +1.1684e-01 +8.0725e-02 +3.8181e-01 +4.1385e-01 -1.1003e-01 -3.7368e-02 +1.0308e+00 +3.1575e-01
7824 +1.466295126e+01 +1.466295126e+01 +3.976295126e+01 +3.976295126e+01 -6.2436e-01 -2.2077e-01 +3.3647e-01 +4.6351e-02 +3.9866e-01 +4.0347e-01 -1.3941e-01 -5.1178e-02 +1.0912e+00 +3.2406e-01
8362 +9.650825755e+00 +9.650825755e+00 +3.475082576e+01 +3.475082576e+01 -4.8187e-01 -2.5998e-01 +3.6140e-01 +9.4419e-02 +3.6820e-01 +5.8609e-01 -1.0591e-01 -1.2371e-01 +1.1692e+00 +3.7287e-01
% function evaluation | noise-free fitness - Fopt (-8.756000000000e+01) | best noise-free fitness - Fopt | measured fitness | best measured fitness | x1 | x2...
1 +2.628496224e+05 +2.628496224e+05 +2.627620624e+05 +2.627620624e+05 +2.2261e+00 -1.2706e+00 -3.7017e+00 +1.5201e+00 +2.2024e+00 -4.7496e+00 -1.7969e+00 -2.5142e+00 -4.2950e+00 +2.0018e+00
2 +1.212604998e+05 +1.212604998e+05 +1.211729398e+05 +1.211729398e+05 -2.1895e+00 +4.7394e-01 +4.6907e+00 +3.1436e+00 +2.5758e+00 +8.9904e-01 -4.4299e+00 +3.5495e+00 -4.2474e-02 -1.5175e+00
6 +3.629060876e+04 +3.629060876e+04 +3.620304876e+04 +3.620304876e+04 -3.8680e+00 -1.6466e-01 -1.2450e-01 +5.5290e-01 +2.3737e+00 +3.9657e+00 +1.8358e+00 +1.6929e+00 -5.1828e-01 +3.4067e-01
22 +1.389380910e+04 +1.389380910e+04 +1.380624910e+04 +1.380624910e+04 +1.9767e-01 +9.8095e-01 -1.6558e-01 -2.3287e+00 -1.6899e+00 -2.0608e+00 +7.6342e-01 +8.3132e-01 -2.2079e+00 -1.1373e+00
48 +9.329359975e+03 +9.329359975e+03 +9.241799975e+03 +9.241799975e+03 +1.2302e+00 +1.3033e+00 +2.6207e+00 -1.5748e+00 -1.3295e+00 +6.0013e-01 -1.2082e+00 +5.1536e-01 -5.9407e-02 -1.6987e+00
63 +6.245031901e+03 +6.245031901e+03 +6.157471901e+03 +6.157471901e+03 +1.1800e+00 -2.0223e+00 +9.3030e-01 +1.3571e-02 -3.1135e-01 +1.0711e+00 -1.6386e+00 +9.5253e-01 -1.2628e+00 +2.3396e+00
139 +1.006491547e+03 +1.006491547e+03 +9.189315470e+02 +9.189315470e+02 -7.9800e-01 +9.7472e-01 -7.5512e-01 -1.0557e+00 -2.2719e+00 +1.0556e+00 -2.0606e-01 -8.2384e-01 -6.0336e-01 +1.1889e+00
489 +6.836355523e+02 +6.836355523e+02 +5.960755523e+02 +5.960755523e+02 -7.1768e-01 -1.9659e-01 -6.0573e-01 +6.9370e-01 +1.8250e+00 -1.1487e+00 +1.1909e+00 +7.3603e-01 +4.6324e-01 +3.1211e-01
742 +5.910803789e+02 +5.910803789e+02 +5.035203789e+02 +5.035203789e+02 -9.1274e-01 +3.5000e-01 -9.4081e-01 +1.1757e+00 -3.9495e-01 -1.0293e-01 +6.8392e-01 +1.7454e-01 -6.5606e-01 +7.1098e-01
4151 +3.616605314e+02 +3.616605314e+02 +2.741005314e+02 +2.741005314e+02 +6.9176e-02 +2.1702e-01 -8.7200e-01 -5.7869e-01 -5.1861e-01 +3.9782e-02 +8.3170e-01 -6.3290e-01 +8.8287e-02 +4.1623e-01
7179 +2.188979616e+02 +2.188979616e+02 +1.313379616e+02 +1.313379616e+02 -7.3462e-01 +7.4192e-01 -9.0653e-01 -4.1215e-01 -4.4668e-01 -2.0491e-01 +3.4094e-01 -1.5616e+00 -7.4760e-01 -2.0984e-01
8549 +1.255332132e+02 +1.255332132e+02 +3.797321324e+01 +3.797321324e+01 -9.2420e-01 +8.0916e-01 -4.8726e-01 -2.7479e-01 -3.6278e-01 -2.6207e-01 +1.9522e-01 -1.3950e+00 -4.8666e-01 +1.5216e-01
8788 +9.891312804e+01 +9.891312804e+01 +1.135312804e+01 +1.135312804e+01 -1.1835e+00 +7.5063e-01 +7.0655e-02 -3.3810e-01 +3.2682e-01 -3.4579e-01 +1.7568e-01 -1.3533e+00 -7.4018e-01 +5.7906e-02
9183 +5.343478751e+01 +5.343478751e+01 -3.412521249e+01 -3.412521249e+01 -1.0152e+00 +6.7430e-01 +1.2504e-01 -3.3831e-01 +2.4735e-01 -2.7833e-01 +1.4008e-01 -1.1485e+00 -7.3852e-01 +7.2188e-02
9241 +3.775324165e+01 +3.775324165e+01 -4.980675835e+01 -4.980675835e+01 -1.0341e+00 +7.3776e-01 +1.2019e-01 -3.1060e-01 +1.2231e-01 +1.1835e-01 +2.2013e-01 -9.7505e-01 -6.9801e-01 +1.6184e-01
9314 +1.776861810e+01 +1.776861810e+01 -6.979138190e+01 -6.979138190e+01 -9.6114e-01 +3.4845e-01 +1.0690e-03 -3.6389e-01 -5.6376e-02 +3.6069e-02 +2.5753e-01 -7.1280e-01 -9.3341e-01 -4.2153e-02
9474 +1.499754229e+01 +1.499754229e+01 -7.256245771e+01 -7.256245771e+01 -9.5142e-01 +3.7878e-01 +5.9290e-02 -3.6921e-01 +4.3987e-03 +3.5508e-02 +2.8765e-01 -7.0189e-01 -9.1766e-01 -4.0372e-02
9807 +9.905723431e+00 +9.905723431e+00 -7.765427657e+01 -7.765427657e+01 -9.9261e-01 +4.2853e-01 +1.0235e-01 -2.2997e-01 +5.0778e-02 +5.8670e-02 +4.4647e-01 -7.2344e-01 -9.5149e-01 -1.3902e-03
% function evaluation | noise-free fitness - Fopt (6.007000000000e+01) | best noise-free fitness - Fopt | measured fitness | best measured fitness | x1 | x2...
1 +2.297892983e+05 +2.297892983e+05 +2.298493683e+05 +2.298493683e+05 -3.9970e+00 +1.6235e+00 +2.4343e+00 -1.3674e+00 +4.8934e+00 +2.6611e-01 -1.5686e+00 -4.2729e+00 -2.5233e+00 -1.0491e+00
3 +5.489741948e+04 +5.489741948e+04 +5.495748948e+04 +5.495748948e+04 -2.4686e+00 -1.0575e+00 -2.7653e+00 +2.9775e+00 +2.8113e+00 -3.1828e+00 -1.2882e+00 -4.1804e+00 -9.5845e-01 +2.9721e+00
15 +1.008354879e+04 +1.008354879e+04 +1.014361879e+04 +1.014361879e+04 +8.4130e-01 -2.4035e+00 +6.2671e-01 -2.6757e+00 +4.3992e-01 +5.6565e-01 -2.4122e+00 +1.8988e-01 -1.5902e-01 +1.8426e+00
37 +7.592949894e+03 +7.592949894e+03 +7.653019894e+03 +7.653019894e+03 -8.5151e-01 +3.3864e+00 -8.3698e-01 -2.2812e+00 -7.6804e-01 +2.3385e-01 +1.9044e+00 +1.3706e+00 +2.6594e+00 -4.3517e+00
96 +4.545769899e+03 +4.545769899e+03 +4.605839899e+03 +4.605839899e+03 -1.9407e+00 -1.3134e+00 -1.1972e+00 +3.3785e-01 -8.5401e-01 -2.7528e+00 +3.1944e-01 -2.1258e-01 -1.9675e-01 -1.3771e+00
127 +2.722158258e+03 +2.722158258e+03 +2.782228258e+03 +2.782228258e+03 -1.0196e+00 +5.9680e-01 -6.2318e-01 -2.6606e-01 +6.9094e-01 -5.2720e-01 -1.5696e+00 +7.2165e-02 +1.4347e+00 -2.3613e+00
264 +1.986586021e+03 +1.986586021e+03 +2.046656021e+03 +2.046656021e+03 -1.1327e-01 -3.2400e-01 +1.6897e+00 -1.3822e+00 -3.7036e-01 -1.1688e+00 +2.5118e+00 +1.5498e+00 +3.5394e-01 -6.5833e-02
921 +1.333289762e+03 +1.333289762e+03 +1.393359762e+03 +1.393359762e+03 -3.0872e-01 -5.0414e-01 +4.2529e-01 -1.1611e+00 +2.8509e-01 +9.1880e-02 +1.6845e+00 +3.4764e-01 +1.5901e+00 -1.0017e+00
2796 +7.574121161e+02 +7.574121161e+02 +8.174821161e+02 +8.174821161e+02 +6.5381e-01 -1.4708e+00 +1.0341e+00 -3.7744e-01 -3.0274e-01 +1.5876e-01 -3.8804e-01 +1.5393e+00 -1.5938e-01 -2.2200e+00
6091 +6.174282347e+02 +6.174282347e+02 +6.774982347e+02 +6.774982347e+02 +1.3952e+00 +4.4458e-01 +4.4033e-01 +5.5327e-01 +5.7386e-01 -1.9551e+00 -5.5097e-02 +6.4067e-01 +5.4660e-01 +5.6959e-01
7181 +3.890060155e+02 +3.890060155e+02 +4.490760155e+02 +4.490760155e+02 +3.2040e-02 -8.9212e-01 -2.3767e-01 -5.6347e-01 +2.5191e-02 -1.7550e+00 +1.0793e-01 -8.4554e-02 -9.9508e-01 +3.3153e-01
8101 +1.067599490e+02 +1.067599490e+02 +1.668299490e+02 +1.668299490e+02 +7.3539e-02 -7.8200e-01 -1.7340e+00 +2.3769e-01 +2.0789e-02 +5.7225e-01 -8.5598e-01 +3.4538e-02 +3.8563e-01 +2.3752e-01
8397 +9.739127384e+01 +9.739127384e+01 +1.574612738e+02 +1.574612738e+02 +1.9763e-01 -7.7126e-01 -1.6284e+00 +2.0276e-01 +3.5896e-02 +4.8785e-01 -7.3538e-01 -4.8287e-02 +3.5631e-01 +1.1727e-01
8699 +6.290573620e+01 +6.290573620e+01 +1.229757362e+02 +1.229757362e+02 +2.0778e-01 -5.9743e-01 -1.2241e+00 -1.0918e-02 +4.5206e-02 -2.8442e-02 -5.6426e-01 +9.1495e-02 +7.6392e-01 -4.4879e-03
8815 +3.710671747e+01 +3.710671747e+01 +9.717671747e+01 +9.717671747e+01 +1.4321e-01 -8.1854e-01 -1.0016e+00 +4.8631e-02 +6.3821e-02 +1.4584e-01 -4.7959e-01 -6.1641e-02 +6.8824e-01 +2.3021e-01
8983 +2.419768251e+01 +2.419768251e+01 +8.426768251e+01 +8.426768251e+01 +8.5537e-02 -7.8759e-01 -1.2679e+00 +1.9913e-01 +1.4522e-01 +4.4635e-02 -3.3128e-01 -1.2706e-01 +7.1957e-01 +3.2711e-01
9207 +1.353577554e+01 +1.353577554e+01 +7.360577554e+01 +7.360577554e+01 +1.1776e-01 -9.4306e-01 -1.2226e+00 +1.6466e-01 +6.9253e-02 +3.9696e-03 -1.2189e-01 +7.1400e-02 +5.9691e-01 +2.5950e-01
9448 +9.830898924e+00 +9.830898924e+00 +6.990089892e+01 +6.990089892e+01 +1.1721e-01 -1.0460e+00 -1.2893e+00 +1.7848e-01 +7.3497e-02 -1.9719e-02 -8.7197e-02 +3.0231e-02 +4.8858e-01 +3.4317e-01
% function evaluation | noise-free fitness - Fopt (-1.366300000000e+02) | best noise-free fitness - Fopt | measured fitness | best measured fitness | x1 | x2...
1 +2.598240994e+05 +2.598240994e+05 +2.596874694e+05 +2.596874694e+05 -4.8252e-01 +6.2069e-01 +4.7353e+00 +4.7506e+00 -4.8400e-01 +2.0076e-01 +4.4088e+00 -4.2673e+00 +1.7371e+00 +2.9618e+00
2 +3.690419554e+04 +3.690419554e+04 +3.676756554e+04 +3.676756554e+04 +2.6285e+00 -4.7391e+00 +5.8655e-01 +3.0865e+00 -2.2166e+00 +4.8015e-01 +2.3198e+00 -1.5679e+00 +1.3677e+00 +4.3787e-01
47 +2.284957137e+04 +2.284957137e+04 +2.271294137e+04 +2.271294137e+04 +2.9445e+00 -6.4190e-01 -4.5933e+00 +6.8608e-01 -2.2887e-01 -5.5306e-02 -1.0649e+00 +1.0358e-02 +5.1150e-01 -1.5542e-02
56 +5.765376737e+03 +5.765376737e+03 +5.628746737e+03 +5.628746737e+03 -2.4612e+00 -1.1936e+00 +1.9298e-01 -2.0466e+00 +5.2022e+00 -9.7580e-01 -1.9482e-01 +7.2736e-01 +2.3928e-01 -2.4677e-01
166 +1.811127129e+03 +1.811127129e+03 +1.674497129e+03 +1.674497129e+03 +2.9319e-01 -1.1121e+00 +8.0147e-01 +5.7833e-01 +2.8765e-01 +1.5119e+00 +1.9212e+00 +8.2014e-01 +4.4327e-01 +2.1876e-01
2975 +8.562208694e+02 +8.562208694e+02 +7.195908694e+02 +7.195908694e+02 +8.8571e-01 +1.2058e-01 +5.4084e-02 -1.1715e+00 +2.0788e-01 -1.1058e+00 +9.6142e-01 -1.7983e+00 -1.0689e+00 +5.4684e-01
4401 +5.381995975e+02 +5.381995975e+02 +4.015695975e+02 +4.015695975e+02 -2.7676e-01 -2.0567e-01 -4.1453e-01 +9.1906e-01 -2.3327e+00 +2.2438e-01 +2.5616e-01 -7.5903e-01 -7.5082e-01 +1.1729e+00
7216 +3.083459757e+02 +3.083459757e+02 +1.717159757e+02 +1.717159757e+02 -1.2935e-01 +9.3646e-01 -8.7302e-01 +5.4191e-01 +3.0859e-01 -9.6707e-01 +1.2833e-01 -1.3393e+00 +5.0774e-01 +3.9928e-01
8124 +2.455659171e+02 +2.455659171e+02 +1.089359171e+02 +1.089359171e+02 -5.2585e-03 +9.1419e-01 -7.4978e-01 +1.0880e+00 -1.7371e-01 -1.8319e-01 -1.1882e-01 -1.4357e+00 -5.9715e-01 +6.9928e-01
8581 +1.516005456e+02 +1.516005456e+02 +1.497054556e+01 +1.497054556e+01 +5.3425e-01 +6.4578e-01 -6.5320e-01 +9.7726e-01 -5.8943e-01 -1.7553e-01 -2.6329e-01 -7.3819e-01 -5.7571e-01 +1.1043e+00
8738 +9.992507933e+01 +9.992507933e+01 -3.670492067e+01 -3.670492067e+01 +5.3635e-01 +3.5125e-01 -5.5616e-01 +9.3112e-01 -5.4391e-01 -8.5544e-02 -5.9992e-02 -7.0379e-01 -7.1457e-01 +6.1090e-01
8978 +6.077545729e+01 +6.077545729e+01 -7.585454271e+01 -7.585454271e+01 +4.0259e-01 +2.6382e-01 -6.4467e-01 +8.6421e-01 -4.5045e-01 -3.9170e-01 +1.5742e-01 -7.7049e-01 -4.3846e-01 +6.9995e-01
9082 +3.711016359e+01 +3.711016359e+01 -9.951983641e+01 -9.951983641e+01 +3.9425e-01 +5.9859e-02 -2.1784e-01 +7.4476e-01 -4.6830e-01 -3.9263e-01 +3.9549e-01 -7.8851e-01 -4.0558e-01 +8.4059e-01
9204 +2.356992182e+01 +2.356992182e+01 -1.130600782e+02 -1.130600782e+02 +1.5556e-01 +9.7250e-02 -3.3501e-01 +6.3181e-01 -5.6938e-01 -3.8167e-01 +5.5919e-01 -7.6919e-01 -3.2445e-01 +8.4155e-01
9334 +1.567607945e+01 +1.567607945e+01 -1.209539206e+02 -1.209539206e+02 +9.0530e-02 +1.2213e-01 -3.6463e-01 +4.6232e-01 -6.1300e-01 -3.9219e-01 +5.9136e-01 -7.4316e-01 -1.9638e-01 +8.7666e-01
9692 +9.902205892e+00 +9.902205892e+00 -1.267277941e+02 -1.267277941e+02 +1.2127e-01 +1.7326e-01 -2.4171e-01 +4.1520e-01 -7.1267e-01 -3.8191e-01 +5.0306e-01 -8.6791e-01 -1.6316e-01 +8.8633e-01
% function evaluation | noise-free fitness - Fopt (1.639300000000e+02) | best noise-free fitness - Fopt | measured fitness | best measured fitness | x1 | x2...
1 +1.131214542e+05 +1.131214542e+05 +1.132853842e+05 +1.132853842e+05 -8.4146e-01 -1.7937e+00 -4.1985e+00 -4.3045e+00 -3.5051e-01 +1.5051e+00 -1.8568e+00 +9.7794e-01 +3.5131e+00 -4.4266e+00
2 +1.805339387e+04 +1.805339387e+04 +1.821732387e+04 +1.821732387e+04 -2.0711e+00 +3.0727e+00 +2.2075e+00 -9.3858e-01 -3.0378e+00 -1.5922e+00 -1.4550e-01 -2.0504e-04 +1.1285e+00 +3.3285e-01
42 +8.921534933e+03 +8.921534933e+03 +9.085464933e+03 +9.085464933e+03 -4.1600e+00 +2.7938e+00 +2.3827e+00 -4.6031e+00 +1.8364e-01 +1.7542e+00 -1.1521e+00 -1.3814e+00 +1.6980e+00 -8.5265e-01
180 +2.901104214e+03 +2.901104214e+03 +3.065034214e+03 +3.065034214e+03 +9.6922e-01 -2.5390e-01 +8.1718e-01 -8.8104e-01 +2.1848e-01 +1.5599e+00 -1.4067e+00 -5.5230e-01 +9.7831e-01 +2.0922e-01
323 +2.496858454e+03 +2.496858454e+03 +2.660788454e+03 +2.660788454e+03 -5.7690e-01 -2.7566e+00 +1.1295e+00 -1.7670e-01 -3.1465e-01 +7.6019e-01 +1.6188e+00 -8.4550e-01 -2.7939e-01 +7.4424e-01
432 +1.186330405e+03 +1.186330405e+03 +1.350260405e+03 +1.350260405e+03 -1.8712e+00 +2.9168e-01 +5.3504e-01 -3.4130e-01 +5.7184e-01 -9.3957e-01 -8.1639e-01 -1.7228e+00 +7.5793e-01 -1.2736e+00
3891 +9.779429755e+02 +9.779429755e+02 +1.141872975e+03 +1.141872975e+03 +1.0011e+00 +2.2993e-02 -7.9634e-01 +4.5270e-01 -2.4391e-01 +7.4422e-01 -4.1987e-01 -1.9697e-02 -2.1150e-01 +3.9937e-01
4224 +3.487146356e+02 +3.487146356e+02 +5.126446356e+02 +5.126446356e+02 +1.0605e+00 -1.5496e+00 +5.2950e-02 +5.8008e-01 +2.0949e-01 -6.4123e-01 +3.7350e-01 -4.7238e-01 -7.5562e-01 -2.6721e-01
7059 +2.351498091e+02 +2.351498091e+02 +3.990798091e+02 +3.990798091e+02 -7.8943e-01 -1.1392e+00 +4.4901e-01 +8.2841e-01 -9.1364e-01 +1.6664e-01 -3.9416e-01 -6.3912e-01 -1.0587e-01 -4.8860e-01
8546 +1.566039487e+02 +1.566039487e+02 +3.205339487e+02 +3.205339487e+02 +1.2818e-01 -1.1304e+00 +9.9435e-01 +1.3587e+00 +5.9029e-01 +8.2669e-01 -1.8407e-01 -6.7432e-01 -9.1321e-02 +3.9226e-01
8642 +9.621579039e+01 +9.621579039e+01 +2.601457904e+02 +2.601457904e+02 -7.4656e-02 -7.7703e-01 +8.0129e-01 +1.5548e+00 -9.6934e-02 +7.2908e-01 +4.8446e-02 -5.7591e-01 +1.6303e-02 +3.6998e-01
9030 +6.219967282e+01 +6.219967282e+01 +2.261296728e+02 +2.261296728e+02 +1.1387e-01 -2.4464e-01 +2.1644e-01 +7.9038e-01 -8.9233e-02 +1.1336e-01 +4.0947e-03 -5.6758e-01 +8.5190e-03 +5.1686e-01
9293 +3.756756246e+01 +3.756756246e+01 +2.014975625e+02 +2.014975625e+02 +3.0404e-01 -5.8804e-01 +3.0644e-01 +9.5313e-01 -7.6644e-02 -5.3502e-02 -1.0929e-01 -4.6035e-01 +1.8057e-01 +4.6874e-01
9417 +2.057508886e+01 +2.057508886e+01 +1.845050889e+02 +1.845050889e+02 +1.9982e-01 -6.5875e-01 +4.9789e-01 +9.3273e-01 +9.0749e-02 +1.1014e-02 -1.2121e-01 -5.3770e-01 +7.6784e-02 +5.9030e-01
9473 +1.553482172e+01 +1.553482172e+01 +1.794648217e+02 +1.794648217e+02 +2.0099e-01 -6.1954e-01 +6.6380e-01 +9.4531e-01 +1.8790e-01 +4.4654e-02 -1.1498e-01 -6.2556e-01 -4.5190e-02 +5.6337e-01
9869 +9.985863938e+00 +9.985863938e+00 +1.739158639e+02 +1.739158639e+02 +1.6471e-01 -6.8871e-01 +8.2482e-01 +1.0184e+00 +1.4122e-01 +4.9149e-02 -8.4219e-02 -6.9621e-01 -9.9440e-02 +5.9664e-01
% function evaluation | noise-free fitness - Fopt (-5.002000000000e+01) | best noise-free fitness - Fopt | measured fitness | best measured fitness | x1 | x2...
1 +1.900849432e+05 +1.900849432e+05 +1.900349232e+05 +1.900349232e+05 -3.3090e+00 +2.8739e+00 -4.9222e+00 -6.3643e-01 +3.0392e+00 +3.5247e+00 +3.6832e+00 +3.0877e+00 -2.5585e+00 -3.7612e+00
4 +7.252431383e+04 +7.252431383e+04 +7.247429383e+04 +7.247429383e+04 +3.0113e+00 +3.8379e+00 +1.6180e+00 +5.4661e-01 +4.2068e+00 +2.3324e+00 +6.3088e-02 +4.5053e+00 -2.1631e-01 -6.9382e-01
37 +4.052749504e+04 +4.052749504e+04 +4.047747504e+04 +4.047747504e+04 -5.0590e-01 +3.5390e+00 -4.6079e-01 -2.9220e+00 -4.6746e-01 +2.5749e+00 -3.1983e+00 -2.5449e+00 +2.5388e+00 -9.5395e-01
38 +1.472354285e+04 +1.472354285e+04 +1.467352285e+04 +1.467352285e+04 +9.3412e-01 +1.1840e+00 -2.5006e+00 +1.9792e+00 +2.6998e+00 +2.0593e+00 -3.5544e+00 -4.0106e+00 +1.3510e+00 +7.4987e-02
83 +9.047300791e+03 +9.047300791e+03 +8.997280791e+03 +8.997280791e+03 -2.4099e+00 +2.8112e+00 +6.1997e-01 +1.6615e+00 +1.5709e+00 -4.4170e-01 -1.0484e+00 -3.7381e+00 -4.7819e-01 -1.6224e+00
156 +3.730385817e+03 +3.730385817e+03 +3.680365817e+03 +3.680365817e+03 -1.5022e-01 +1.1358e+00 -6.8145e-01 -9.7258e-01 -5.5059e-01 -4.4934e-01 +6.9471e-01 +4.7981e+00 -2.4051e-01 -2.5427e+00
174 +9.366477299e+02 +9.366477299e+02 +8.866277299e+02 +8.866277299e+02 -4.0043e-01 +1.1306e+00 +7.0956e-01 -8.0648e-01 -2.6831e-01 -6.3628e-01 -3.6168e-01 +3.6136e-01 -1.7132e+00 +8.4884e-01
4090 +5.689325667e+02 +5.689325667e+02 +5.189125667e+02 +5.189125667e+02 -1.5324e-01 +6.8831e-01 -7.7724e-01 +7.1512e-02 -5.6442e-01 +1.0372e+00 -8.1197e-01 -1.1081e-01 -9.8930e-01 -4.1803e-02
6833 +2.729855988e+02 +2.729855988e+02 +2.229655988e+02 +2.229655988e+02 -1.5523e-03 +6.3599e-01 -3.5702e-01 -1.1821e+00 -3.8493e-01 +7.3176e-01 -1.9163e-01 +1.4829e+00 -2.5244e-01 -7.3324e-02
6857 +1.239683717e+02 +1.239683717e+02 +7.394837167e+01 +7.394837167e+01 -1.4630e-01 +2.3684e-01 +1.1808e-01 -3.9552e-01 -1.2476e-01 +9.7734e-01 -4.9710e-01 +5.0242e-01 +3.9662e-01 -2.3223e-01
7564 +9.981096278e+01 +9.981096278e+01 +4.979096278e+01 +4.979096278e+01 -3.0127e-01 +2.5533e-01 +3.3933e-01 -1.7346e-01 -8.3404e-02 +6.5651e-01 -4.2380e-01 +2.9963e-01 +3.9173e-01 -5.7364e-01
8151 +6.288994513e+01 +6.288994513e+01 +1.286994513e+01 +1.286994513e+01 -3.5811e-01 -1.4585e-01 +6.1730e-02 -3.5285e-01 -1.6630e-01 +6.9875e-01 +7.1950e-02 +3.2595e-01 +1.3657e-01 -2.2470e-01
8344 +3.914489637e+01 +3.914489637e+01 -1.087510363e+01 -1.087510363e+01 +5.5354e-02 -6.3406e-03 -1.0201e-01 -5.6688e-01 -6.4637e-02 +8.3846e-01 -1.8237e-02 +4.0266e-01 +7.8118e-02 -3.4287e-01
8651 +2.333225889e+01 +2.333225889e+01 -2.668774111e+01 -2.668774111e+01 +2.3667e-01 +2.2086e-01 -9.6974e-02 -4.6657e-01 -9.2956e-02 +9.5428e-01 +7.8102e-02 +5.4148e-01 +7.0499e-02 -2.9916e-01
8828 +1.553348014e+01 +1.553348014e+01 -3.448651986e+01 -3.448651986e+01 +2.4676e-01 +1.6927e-01 -1.1857e-01 -2.3032e-01 -1.0270e-01 +8.7693e-01 +7.7021e-02 +5.5236e-01 +7.7509e-02 -3.0705e-01
9041 +9.648327415e+00 +9.648327415e+00 -4.037167258e+01 -4.037167258e+01 +2.9537e-01 +1.2631e-01 -1.3468e-01 -1.9975e-01 -9.3473e-02 +8.7165e-01 +7.4241e-02 +5.6100e-01 +1.3564e-01 -4.5301e-01
9311 +6.284947910e+00 +6.284947910e+00 -4.373505209e+01 -4.373505209e+01 +4.4131e-01 +1.0832e-01 -1.2557e-01 -2.2440e-01 -1.0157e-01 +8.2972e-01 +6.4611e-02 +5.2595e-01 +1.1654e-01 -5.4090e-01
% function evaluation | noise-free fitness - Fopt (5.888600000000e+02) | best noise-free fitness - Fopt | measured fitness | best measured fitness | x1 | x2...
1 +1.737921254e+05 +1.737921254e+05 +1.743809854e+05 +1.743809854e+05 +1.7785e-01 +2.6323e+00 +3.0573e-01 +3.4574e+00 +4.2055e+00 +6.7433e-01 -4.9621e+00 +3.8679e+00 -2.6805e+00 +2.4975e+00
2 +8.016942783e+04 +8.016942783e+04 +8.075828783e+04 +8.075828783e+04 -1.1597e+00 +3.0026e-01 -3.0511e+00 +3.1292e+00 -1.3492e+00 -3.3055e+00 -2.7605e+00 +1.9024e+00 -4.4030e+00 +2.5439e+00
8 +5.150175508e+04 +5.150175508e+04 +5.209061508e+04 +5.209061508e+04 -2.2586e+00 -7.4316e-01 +4.9051e-01 +3.5911e+00 -1.5549e+00 +1.2491e+00 -3.1123e+00 -3.3895e+00 +1.1717e-01 -4.0194e+00
17 +3.559092309e+04 +3.559092309e+04 +3.617978309e+04 +3.617978309e+04 -2.5365e-01 +2.1046e+00 -2.2930e+00 -2.3901e+00 +3.9141e+00 +1.9036e+00 -5.9080e-01 +1.8862e+00 +2.6202e-02 +3.7608e-01
39 +9.478680281e+03 +9.478680281e+03 +1.006754028e+04 +1.006754028e+04 +1.2885e+00 +2.9810e-01 -1.8607e+00 -1.8873e+00 -6.6498e-01 +2.6679e+00 -2.0396e+00 -4.7498e-02 +1.5483e+00 -2.3509e+00
92 +6.158057282e+03 +6.158057282e+03 +6.746917282e+03 +6.746917282e+03 +7.8982e-01 +1.3344e+00 +5.5410e-01 -9.8763e-01 +3.9733e-02 +2.4798e+00 -2.0945e+00 -3.2452e+00 +6.7927e-01 +9.5430e-02
210 +2.976247475e+03 +2.976247475e+03 +3.565107475e+03 +3.565107475e+03 -5.4481e-01 -6.9883e-01 +6.7545e-01 +5.9786e-01 -6.1311e-01 +2.5064e+00 +2.6877e-01 +3.8862e-01 -1.3842e+00 +1.1035e-01
2241 +2.208577888e+03 +2.208577888e+03 +2.797437888e+03 +2.797437888e+03 +3.4345e-01 -3.1577e-01 -1.3788e-01 +1.2426e+00 +7.1603e-01 +1.4356e+00 -2.2214e+00 +5.4339e-01 +9.1835e-02 +1.6880e+00
2299 +8.805228534e+02 +8.805228534e+02 +1.469382853e+03 +1.469382853e+03 -1.9845e+00 +6.8671e-02 -2.2738e+00 -1.1305e+00 +1.0692e+00 -7.9454e-01 -2.1886e+00 -5.5202e-01 -8.3609e-01 +6.1824e-01
5880 +4.451761208e+02 +4.451761208e+02 +1.034036121e+03 +1.034036121e+03 -1.8704e+00 +8.9970e-01 -2.2733e+00 -8.7337e-01 +1.4732e+00 -1.2159e+00 -2.9756e+00 -1.2920e+00 -1.9066e+00 +2.0435e+00
6891 +3.172910317e+02 +3.172910317e+02 +9.061510317e+02 +9.061510317e+02 -1.6375e+00 +5.1539e-01 -2.2971e+00 -7.7913e-01 +1.3253e+00 -5.2926e-01 -2.8255e+00 -1.2739e+00 -1.9972e+00 +1.9586e+00
7773 +2.178506373e+02 +2.178506373e+02 +8.067106373e+02 +8.067106373e+02 -1.4837e+00 +5.8022e-01 -2.2067e+00 -1.3147e+00 +1.9157e+00 -4.6041e-01 -2.1495e+00 -1.2367e+00 -1.6788e+00 +1.7402e+00
8051 +1.546600782e+02 +1.546600782e+02 +7.435200782e+02 +7.435200782e+02 -1.4500e+00 +5.5778e-01 -2.0259e+00 -1.3678e+00 +1.6473e+00 -4.8158e-01 -2.1429e+00 -1.1683e+00 -1.5269e+00 +1.6485e+00
% function evaluation | noise-free fitness - Fopt (-3.294000000000e+01) | best noise-free fitness - Fopt | measured fitness | best measured fitness | x1 | x2...
1 +1.040296217e+05 +1.040296217e+05 +1.039966817e+05 +1.039966817e+05 +3.4703e+00 +4.7564e+00 -2.4445e+00 +4.9426e+00 +2.3612e+00 +1.1003e+00 -2.3547e+00 -1.9189e+00 +2.5964e-01 +3.8173e+00
3 +8.844377646e+04 +8.844377646e+04 +8.841083646e+04 +8.841083646e+04 +2.4382e+00 +4.6006e+00 -6.3176e-01 -3.7728e+00 +3.8064e+00 +1.3064e+00 +1.2000e+00 -1.3621e-01 +1.7828e+00 +2.2491e+00
15 +5.914281714e+04 +5.914281714e+04 +5.910987714e+04 +5.910987714e+04 -1.3298e+00 +3.7500e+00 -3.0610e+00 +3.4866e+00 -2.9481e+00 +4.3033e-01 +2.8587e+00 -3.0186e+00 +3.0663e-01 -3.6749e+00
65 +2.185449769e+04 +2.185449769e+04 +2.182155769e+04 +2.182155769e+04 -1.7995e+00 +1.0250e+00 -8.3256e-01 -2.3486e+00 -2.4357e+00 +3.1826e-01 -2.4940e+00 +1.3924e+00 +2.4562e+00 +4.3523e-01
91 +1.203642924e+04 +1.203642924e+04 +1.200348924e+04 +1.200348924e+04 -1.8207e+00 -2.7575e+00 -1.6574e+00 -1.7980e+00 +2.5953e+00 +6.3707e-02 +7.5931e-01 +2.8019e+00 -2.2158e-02 -1.2944e+00
212 +9.124075657e+03 +9.124075657e+03 +9.091135657e+03 +9.091135657e+03 -2.5280e+00 -1.7775e+00 +1.1098e-01 -2.2762e+00 +1.5942e+00 +1.7599e+00 +5.8404e-01 -9.5567e-01 +6.7525e-01 +1.5943e+00
218 +2.661676818e+03 +2.661676818e+03 +2.628736818e+03 +2.628736818e+03 -1.2598e+00 -1.7554e-01 -4.5503e-01 -1.1228e+00 +1.2552e+00 -1.7285e+00 +5.0097e-01 +1.2928e+00 -1.2811e+00 -1.8753e-01
3185 +6.749126506e+02 +6.749126506e+02 +6.419726506e+02 +6.419726506e+02 -1.4205e+00 -3.9572e+00 +5.9249e-01 -5.9184e-01 +5.1056e-01 -9.1087e-01 +9.1511e-01 +4.8669e+00 -2.3795e+00 +2.4131e+00
5799 +5.542909296e+02 +5.542909296e+02 +5.213509296e+02 +5.213509296e+02 -1.7170e+00 -4.2819e+00 +8.1225e-01 -4.6767e-01 +2.7564e-01 -9.4899e-01 +1.0626e+00 +4.9302e+00 -2.4350e+00 +2.4104e+00
6981 +3.829154400e+02 +3.829154400e+02 +3.499754400e+02 +3.499754400e+02 -1.9986e+00 -4.0843e+00 +8.8361e-01 -4.7830e-01 -1.8121e-01 -9.2888e-01 +1.3523e+00 +4.8971e+00 -2.7019e+00 +2.4944e+00
7521 +2.370059779e+02 +2.370059779e+02 +2.040659779e+02 +2.040659779e+02 -1.6422e+00 -3.8470e+00 +8.2810e-01 -7.5394e-01 +2.5174e-01 -1.0097e+00 +1.2937e+00 +4.8956e+00 -2.5106e+00 +2.5409e+00
7987 +1.551086713e+02 +1.551086713e+02 +1.221686713e+02 +1.221686713e+02 -1.5850e+00 -3.8174e+00 +9.0664e-01 -8.7463e-01 +2.5358e-01 -1.0202e+00 +1.3111e+00 +4.9184e+00 -2.2653e+00 +2.5736e+00
8459 +9.959250720e+01 +9.959250720e+01 +6.665250720e+01 +6.665250720e+01 -1.6455e+00 -3.7285e+00 +1.0364e+00 -1.0906e+00 +2.5236e-01 -1.0552e+00 +1.3941e+00 +4.9069e+00 -2.2683e+00 +2.5526e+00
% function evaluation | noise-free fitness - Fopt (-1.116200000000e+02) | best noise-free fitness - Fopt | measured fitness | best measured fitness | x1 | x2...
1 +6.554976361e+04 +6.554976361e+04 +6.543814361e+04 +6.543814361e+04 -2.1552e+00 +2.7962e+00 +9.7434e-01 +3.0949e-01 -8.1418e-01 +2.1491e+00 -2.0288e+00 -3.1249e+00 -2.5008e+00 +3.3139e+00
4 +3.328407271e+04 +3.328407271e+04 +3.317245271e+04 +3.317245271e+04 -2.9841e+00 +1.5693e+00 +4.5503e-02 +3.7610e-01 -8.8055e-01 -1.0533e-01 -1.8601e+00 -4.2700e+00 +3.0777e-01 -7.4665e-01
32 +1.792569972e+04 +1.792569972e+04 +1.781407972e+04 +1.781407972e+04 -5.3265e-01 -1.3475e+00 +1.7564e-01 -2.5955e+00 +1.8971e+00 -6.6956e-01 +3.5013e-01 -2.8968e+00 -1.6293e+00 +2.8933e-01
37 +1.041327825e+04 +1.041327825e+04 +1.030165825e+04 +1.030165825e+04 +2.6163e+00 +1.7041e+00 -9.5065e-02 +3.5756e+00 -6.5915e-02 -5.8554e-01 +2.6211e+00 +2.8739e-01 +7.5681e-01 +6.8473e-01
84 +3.424376322e+03 +3.424376322e+03 +3.312756322e+03 +3.312756322e+03 +1.9069e+00 -9.5081e-01 +1.5890e+00 -3.2721e-01 -1.7132e+00 -4.5303e-01 +1.8863e+00 -1.2092e+00 -9.3331e-02 -1.4556e-01
240 +1.795051048e+03 +1.795051048e+03 +1.683431048e+03 +1.683431048e+03 -8.6439e-03 +3.7270e-01 -5.2680e-01 +1.7525e+00 -1.4007e+00 -4.1796e-01 +8.2456e-01 +5.3799e-01 +7.2143e-01 -1.6758e+00
242 +1.416443548e+03 +1.416443548e+03 +1.304823548e+03 +1.304823548e+03 +4.4181e-01 -1.3092e+00 +1.0706e+00 +2.2155e-01 -1.8228e+00 -3.1951e-01 +1.4964e+00 -9.5987e-01 +1.1005e+00 +1.2410e+00
496 +7.984677530e+02 +7.984677530e+02 +6.868477530e+02 +6.868477530e+02 -4.0389e-01 -6.9956e-01 -1.1648e-01 +1.9961e-01 -5.7694e-01 +1.1703e+00 -2.1834e-01 -3.1257e-01 -1.2547e+00 +7.4871e-01
4830 +6.100826234e+02 +6.100826234e+02 +4.984626234e+02 +4.984626234e+02 +6.3082e-02 -5.4564e-01 -7.4630e-01 +8.1198e-01 -1.0269e-02 +2.8132e+00 +9.0659e-01 +1.4376e+00 +4.1668e-01 -1.8658e+00
5607 +3.582092051e+02 +3.582092051e+02 +2.465892051e+02 +2.465892051e+02 +8.0392e-01 +5.7092e-01 -1.1138e+00 +3.0810e-01 -3.4568e-01 +1.6956e-01 -5.4091e-01 +1.0796e+00 +4.0988e-01 +3.4905e-01
8332 +1.527083390e+02 +1.527083390e+02 +4.108833903e+01 +4.108833903e+01 +2.4813e-01 -5.4750e-01 +3.7853e-01 -7.7287e-01 -8.8381e-01 +9.4726e-01 +4.0662e-01 +9.5577e-02 +1.6685e-01 +9.0468e-01
8784 +6.495474820e+01 +6.495474820e+01 -4.666525180e+01 -4.666525180e+01 +1.2999e-01 -7.7666e-01 +2.7053e-01 -6.9722e-01 -6.5876e-01 +4.5474e-01 +1.3291e-01 +5.5105e-01 +2.9608e-01 +9.4301e-01
8813 +5.670704713e+01 +5.670704713e+01 -5.491295287e+01 -5.491295287e+01 -3.6437e-02 -7.9523e-01 +2.2146e-02 -6.3848e-01 -7.0871e-01 +4.4908e-01 +2.8706e-01 +7.0907e-01 +1.1003e-01 +9.3347e-01
9003 +3.923974967e+01 +3.923974967e+01 -7.238025033e+01 -7.238025033e+01 +1.0447e-01 -6.8575e-01 +1.0581e-01 -1.8781e-01 -6.9780e-01 +4.2721e-01 +2.3631e-01 +3.6235e-01 -6.3038e-02 +9.3111e-01
9129 +2.065586589e+01 +2.065586589e+01 -9.096413411e+01 -9.096413411e+01 +1.5092e-01 -8.4294e-01 -3.7267e-02 -1.9502e-01 -7.1523e-01 +6.8745e-01 +3.0814e-01 +5.3903e-01 +1.5223e-01 +7.6296e-01
9255 +1.572316546e+01 +1.572316546e+01 -9.589683454e+01 -9.589683454e+01 +1.5489e-01 -8.6602e-01 -1.7483e-01 -1.9652e-01 -7.2177e-01 +6.6506e-01 +2.9537e-01 +5.5077e-01 +1.2240e-01 +6.7686e-01
9649 +9.960660401e+00 +9.960660401e+00 -1.016593396e+02 -1.016593396e+02 +2.1678e-01 -6.8268e-01 -2.3376e-01 -2.4975e-01 -7.4169e-01 +5.6514e-01 +2.0104e-01 +4.7080e-01 +9.0616e-02 +5.9703e-01
