% function evaluation | noise-free fitness - Fopt (2.997000000000e+01) | best noise-free fitness - Fopt | measured fitness | best measured fitness | x1 | x2...
1 +1.516854015e+03 +1.516854015e+03 +1.546824015e+03 +1.546824015e+03 -4.9915e+00 +1.6646e-01 +2.3187e+00
5 +9.807788983e+02 +9.807788983e+02 +1.010748898e+03 +1.010748898e+03 -4.5797e+00 -1.8907e+00 -2.6815e+00
6 +3.536354066e+02 +3.536354066e+02 +3.836054066e+02 +3.836054066e+02 -4.3101e-01 +4.2039e-01 -2.7997e+00
19 +2.470991301e+02 +2.470991301e+02 +2.770691301e+02 +2.770691301e+02 -1.1546e-01 -2.8779e+00 -3.4944e+00
54 +1.174658379e+02 +1.174658379e+02 +1.474358379e+02 +1.474358379e+02 -9.2028e-01 +1.0435e+00 -5.5632e+00
62 +9.923289846e+01 +9.923289846e+01 +1.292028985e+02 +1.292028985e+02 +8.8538e-01 -2.4779e+00 -3.7970e+00
76 +5.272725547e+01 +5.272725547e+01 +8.269725547e+01 +8.269725547e+01 -8.0749e-02 -6.8045e-01 -4.6162e+00
243 +3.389788833e+01 +3.389788833e+01 +6.386788833e+01 +6.386788833e+01 +1.0237e+00 -1.5632e+00 -3.6843e+00
272 +4.002860370e+00 +4.002860370e+00 +3.397286037e+01 +3.397286037e+01 +9.4378e-01 -1.8062e+00 -3.5999e+00
361 +3.519913357e+00 +3.519913357e+00 +3.348991336e+01 +3.348991336e+01 +7.2149e-01 -1.4738e+00 -3.8853e+00
451 +2.138068340e+00 +2.138068340e+00 +3.210806834e+01 +3.210806834e+01 +9.1549e-01 -1.7615e+00 -3.6244e+00
498 +7.312910803e-01 +7.312910803e-01 +3.070129108e+01 +3.070129108e+01 +8.2128e-01 -1.6202e+00 -3.7293e+00
562 +3.241174754e-01 +3.241174754e-01 +3.029411748e+01 +3.029411748e+01 +8.2469e-01 -1.6275e+00 -3.7279e+00
681 +1.839348385e-01 +1.839348385e-01 +3.015393484e+01 +3.015393484e+01 +9.0501e-01 -1.7492e+00 -3.6219e+00
705 +1.324395172e-01 +1.324395172e-01 +3.010243952e+01 +3.010243952e+01 +9.1236e-01 -1.7608e+00 -3.6101e+00
710 +9.748758577e-02 +9.748758577e-02 +3.006748759e+01 +3.006748759e+01 +8.5531e-01 -1.6757e+00 -3.6852e+00
751 +6.256518119e-02 +6.256518119e-02 +3.003256518e+01 +3.003256518e+01 +8.6373e-01 -1.6883e+00 -3.6743e+00
790 +3.051309988e-02 +3.051309988e-02 +3.000051310e+01 +3.000051310e+01 +8.8978e-01 -1.7266e+00 -3.6406e+00
863 +1.527627307e-02 +1.527627307e-02 +2.998527627e+01 +2.998527627e+01 +8.7331e-01 -1.7024e+00 -3.6623e+00
904 +5.628077934e-03 +5.628077934e-03 +2.997562808e+01 +2.997562808e+01 +8.7003e-01 -1.6975e+00 -3.6666e+00
1061 +3.654954221e-03 +3.654954221e-03 +2.997365495e+01 +2.997365495e+01 +8.8250e-01 -1.7160e+00 -3.6502e+00
1113 +2.420969305e-03 +2.420969305e-03 +2.997242097e+01 +2.997242097e+01 +8.8083e-01 -1.7135e+00 -3.6524e+00
1127 +1.574552959e-03 +1.574552959e-03 +2.997157455e+01 +2.997157455e+01 +8.8083e-01 -1.7135e+00 -3.6524e+00
1164 +3.886360250e-04 +3.886360250e-04 +2.997038864e+01 +2.997038864e+01 +8.7621e-01 -1.7067e+00 -3.6584e+00
1170 +2.501171571e-04 +2.501171571e-04 +2.997025012e+01 +2.997025012e+01 +8.7666e-01 -1.7074e+00 -3.6578e+00
1289 +1.146687091e-04 +1.146687091e-04 +2.997011467e+01 +2.997011467e+01 +8.7602e-01 -1.7064e+00 -3.6587e+00
1294 +9.014296893e-05 +9.014296893e-05 +2.997009014e+01 +2.997009014e+01 +8.7418e-01 -1.7037e+00 -3.6611e+00
1322 +4.084791438e-05 +4.084791438e-05 +2.997004085e+01 +2.997004085e+01 +8.7446e-01 -1.7041e+00 -3.6607e+00
1426 +3.966058514e-05 +3.966058514e-05 +2.997003966e+01 +2.997003966e+01 +8.7446e-01 -1.7041e+00 -3.6607e+00
1427 +9.180386687e-06 +9.180386687e-06 +2.997000918e+01 +2.997000918e+01 +8.7411e-01 -1.7036e+00 -3.6612e+00
1541 +4.843534569e-06 +4.843534569e-06 +2.997000484e+01 +2.997000484e+01 +8.7446e-01 -1.7041e+00 -3.6607e+00
1585 +3.557846373e-06 +3.557846373e-06 +2.997000356e+01 +2.997000356e+01 +8.7455e-01 -1.7042e+00 -3.6606e+00
1618 +1.980400146e-06 +1.980400146e-06 +2.997000198e+01 +2.997000198e+01 +8.7428e-01 -1.7038e+00 -3.6610e+00
1651 +1.553782198e-06 +1.553782198e-06 +2.997000155e+01 +2.997000155e+01 +8.7431e-01 -1.7039e+00 -3.6609e+00
1671 +4.201927233e-07 +4.201927233e-07 +2.997000042e+01 +2.997000042e+01 +8.7435e-01 -1.7039e+00 -3.6609e+00
1681 +3.637582111e-07 +3.637582111e-07 +2.997000036e+01 +2.997000036e+01 +8.7435e-01 -1.7039e+00 -3.6609e+00
1786 +2.377134507e-07 +2.377134507e-07 +2.997000024e+01 +2.997000024e+01 +8.7444e-01 -1.7041e+00 -3.6607e+00
1825 +1.557658855e-07 +1.557658855e-07 +2.997000016e+01 +2.997000016e+01 +8.7438e-01 -1.7040e+00 -3.6608e+00
1911 +8.164741061e-08 +8.164741061e-08 +2.997000008e+01 +2.997000008e+01 +8.7438e-01 -1.7040e+00 -3.6608e+00
1949 +3.059390963e-08 +3.059390963e-08 +2.997000003e+01 +2.997000003e+01 +8.7439e-01 -1.7040e+00 -3.6608e+00
1994 +9.782986865e-09 +9.782986865e-09 +2.997000001e+01 +2.997000001e+01 +8.7441e-01 -1.7040e+00 -3.6608e+00
% function evaluation | noise-free fitness - Fopt (-5.171000000000e+01) | best noise-free fitness - Fopt | measured fitness | best measured fitness | x1 | x2...
1 +8.252397898e+02 +8.252397898e+02 +7.735297898e+02 +7.735297898e+02 +1.5894e+00 +1.5840e+00 +1.1918e+00
2 +2.030931711e+02 +2.030931711e+02 +1.513831711e+02 +1.513831711e+02 +2.9847e+00 +3.8687e+00 -3.5913e+00
13 +1.091702051e+02 +1.091702051e+02 +5.746020507e+01 +5.746020507e+01 +4.4520e+00 +2.4879e+00 -2.8094e+00
46 +9.709679786e+01 +9.709679786e+01 +4.538679786e+01 +4.538679786e+01 +6.0425e+00 +1.8751e+00 -2.9411e+00
147 +4.232730236e+01 +4.232730236e+01 -9.382697635e+00 -9.382697635e+00 +6.6015e+00 +1.3754e+00 -2.9948e+00
214 +2.639124661e+01 +2.639124661e+01 -2.531875339e+01 -2.531875339e+01 +4.7472e+00 +2.2490e+00 -3.1757e+00
296 +2.346391126e+01 +2.346391126e+01 -2.824608874e+01 -2.824608874e+01 +1.0145e+00 +3.9180e+00 -3.6506e+00
319 +1.185241091e+01 +1.185241091e+01 -3.985758909e+01 -3.985758909e+01 +3.8993e+00 +2.5119e+00 -3.1652e+00
337 +7.300997736e+00 +7.300997736e+00 -4.440900226e+01 -4.440900226e+01 +1.5653e+00 +3.5880e+00 -3.4890e+00
394 +4.359198067e+00 +4.359198067e+00 -4.735080193e+01 -4.735080193e+01 +1.8320e+00 +3.4682e+00 -3.4339e+00
415 +7.519713126e-01 +7.519713126e-01 -5.095802869e+01 -5.095802869e+01 +2.9970e+00 +2.9526e+00 -3.3145e+00
542 +2.766289303e-01 +2.766289303e-01 -5.143337107e+01 -5.143337107e+01 +2.5509e+00 +3.1559e+00 -3.3676e+00
571 +9.844482050e-02 +9.844482050e-02 -5.161155518e+01 -5.161155518e+01 +2.5511e+00 +3.1564e+00 -3.3672e+00
739 +4.665657623e-02 +4.665657623e-02 -5.166334342e+01 -5.166334342e+01 +2.5492e+00 +3.1578e+00 -3.3678e+00
779 +1.903107496e-02 +1.903107496e-02 -5.169096893e+01 -5.169096893e+01 +2.6286e+00 +3.1216e+00 -3.3588e+00
782 +1.442723837e-02 +1.442723837e-02 -5.169557276e+01 -5.169557276e+01 +2.5804e+00 +3.1435e+00 -3.3643e+00
797 +6.143727218e-03 +6.143727218e-03 -5.170385627e+01 -5.170385627e+01 +2.6286e+00 +3.1216e+00 -3.3588e+00
838 +3.822590936e-03 +3.822590936e-03 -5.170617741e+01 -5.170617741e+01 +2.5945e+00 +3.1371e+00 -3.3627e+00
918 +1.224805792e-03 +1.224805792e-03 -5.170877519e+01 -5.170877519e+01 +2.5945e+00 +3.1371e+00 -3.3627e+00
934 +3.345543421e-04 +3.345543421e-04 -5.170966545e+01 -5.170966545e+01 +2.6074e+00 +3.1313e+00 -3.3612e+00
1020 +2.129246451e-04 +2.129246451e-04 -5.170978708e+01 -5.170978708e+01 +2.5961e+00 +3.1364e+00 -3.3625e+00
1081 +1.033410017e-04 +1.033410017e-04 -5.170989666e+01 -5.170989666e+01 +2.6021e+00 +3.1337e+00 -3.3618e+00
1129 +6.813926622e-05 +6.813926622e-05 -5.170993186e+01 -5.170993186e+01 +2.6025e+00 +3.1335e+00 -3.3618e+00
1161 +6.112779084e-05 +6.112779084e-05 -5.170993887e+01 -5.170993887e+01 +2.6032e+00 +3.1332e+00 -3.3617e+00
1231 +2.711632295e-05 +2.711632295e-05 -5.170997288e+01 -5.170997288e+01 +2.6032e+00 +3.1332e+00 -3.3617e+00
1252 +1.912601569e-05 +1.912601569e-05 -5.170998087e+01 -5.170998087e+01 +2.6025e+00 +3.1335e+00 -3.3618e+00
1291 +1.405605265e-05 +1.405605265e-05 -5.170998594e+01 -5.170998594e+01 +2.6031e+00 +3.1332e+00 -3.3617e+00
1342 +6.711084772e-06 +6.711084772e-06 -5.170999329e+01 -5.170999329e+01 +2.6050e+00 +3.1324e+00 -3.3615e+00
1392 +6.187988269e-06 +6.187988269e-06 -5.170999381e+01 -5.170999381e+01 +2.6048e+00 +3.1324e+00 -3.3615e+00
1446 +2.516902896e-06 +2.516902896e-06 -5.170999748e+01 -5.170999748e+01 +2.6047e+00 +3.1325e+00 -3.3615e+00
1466 +1.825047939e-06 +1.825047939e-06 -5.170999817e+01 -5.170999817e+01 +2.6032e+00 +3.1332e+00 -3.3617e+00
1477 +1.209585818e-06 +1.209585818e-06 -5.170999879e+01 -5.170999879e+01 +2.6041e+00 +3.1328e+00 -3.3616e+00
1513 +8.466752419e-07 +8.466752419e-07 -5.170999915e+01 -5.170999915e+01 +2.6039e+00 +3.1329e+00 -3.3616e+00
1518 +6.045711487e-07 +6.045711487e-07 -5.170999940e+01 -5.170999940e+01 +2.6036e+00 +3.1330e+00 -3.3616e+00
1565 +2.555355678e-07 +2.555355678e-07 -5.170999974e+01 -5.170999974e+01 +2.6039e+00 +3.1328e+00 -3.3616e+00
1610 +1.986702287e-07 +1.986702287e-07 -5.170999980e+01 -5.170999980e+01 +2.6039e+00 +3.1328e+00 -3.3616e+00
1627 +1.023086185e-07 +1.023086185e-07 -5.170999990e+01 -5.170999990e+01 +2.6039e+00 +3.1328e+00 -3.3616e+00
1641 +8.002168528e-08 +8.002168528e-08 -5.170999992e+01 -5.170999992e+01 +2.6040e+00 +3.1328e+00 -3.3616e+00
1728 +6.272897934e-08 +6.272897934e-08 -5.170999994e+01 -5.170999994e+01 +2.6040e+00 +3.1328e+00 -3.3616e+00
1744 +3.216023003e-08 +3.216023003e-08 -5.170999997e+01 -5.170999997e+01 +2.6040e+00 +3.1328e+00 -3.3616e+00
1778 +2.262764554e-08 +2.262764554e-08 -5.170999998e+01 -5.170999998e+01 +2.6039e+00 +3.1328e+00 -3.3616e+00
1808 +1.466732158e-08 +1.466732158e-08 -5.170999999e+01 -5.170999999e+01 +2.6040e+00 +3.1328e+00 -3.3616e+00
1835 +9.869815187e-09 +9.869815187e-09 -5.170999999e+01 -5.170999999e+01 +2.6040e+00 +3.1328e+00 -3.3616e+00
% function evaluation | noise-free fitness - Fopt (-2.799500000000e+02) | best noise-free fitness - Fopt | measured fitness | best measured fitness | x1 | x2...
1 +1.487830743e+03 +1.487830743e+03 +1.207880743e+03 +1.207880743e+03 +3.5633e+00 -3.5717e+00 -2.6117e+00
2 +2.060512593e+02 +2.060512593e+02 -7.389874071e+01 -7.389874071e+01 -4.8448e+00 -3.8149e+00 +2.4691e+00
16 +1.399878325e+02 +1.399878325e+02 -1.399621675e+02 -1.399621675e+02 -3.9461e+00 -4.8861e+00 +2.4691e+00
167 +9.655827261e+01 +9.655827261e+01 -1.833917274e+02 -1.833917274e+02 -3.3721e+00 -4.0532e+00 +3.6720e+00
196 +6.257677298e+01 +6.257677298e+01 -2.173732270e+02 -2.173732270e+02 -5.0901e+00 -2.9393e+00 +4.2709e+00
211 +3.826706199e+01 +3.826706199e+01 -2.416829380e+02 -2.416829380e+02 -3.3085e+00 -3.9601e+00 +3.1398e+00
387 +1.052062270e+01 +1.052062270e+01 -2.694293773e+02 -2.694293773e+02 -4.2613e+00 -3.4596e+00 +3.8871e+00
409 +3.865146119e+00 +3.865146119e+00 -2.760848539e+02 -2.760848539e+02 -4.1511e+00 -3.4801e+00 +3.8447e+00
529 +2.466699351e+00 +2.466699351e+00 -2.774833006e+02 -2.774833006e+02 -3.2949e+00 -4.2380e+00 +2.9503e+00
542 +1.505234970e+00 +1.505234970e+00 -2.784447650e+02 -2.784447650e+02 -3.8313e+00 -3.7644e+00 +3.5056e+00
621 +2.035740641e-01 +2.035740641e-01 -2.797464259e+02 -2.797464259e+02 -3.6534e+00 -3.9284e+00 +3.3148e+00
729 +1.349381950e-01 +1.349381950e-01 -2.798150618e+02 -2.798150618e+02 -3.5186e+00 -4.0474e+00 +3.1712e+00
779 +5.847720728e-02 +5.847720728e-02 -2.798915228e+02 -2.798915228e+02 -3.5822e+00 -3.9909e+00 +3.2389e+00
783 +3.776640762e-02 +3.776640762e-02 -2.799122336e+02 -2.799122336e+02 -3.6198e+00 -3.9578e+00 +3.2788e+00
811 +2.369849034e-02 +2.369849034e-02 -2.799263015e+02 -2.799263015e+02 -3.6202e+00 -3.9579e+00 +3.2786e+00
905 +1.541902898e-02 +1.541902898e-02 -2.799345810e+02 -2.799345810e+02 -3.6382e+00 -3.9417e+00 +3.2978e+00
942 +4.139431267e-03 +4.139431267e-03 -2.799458606e+02 -2.799458606e+02 -3.6167e+00 -3.9608e+00 +3.2751e+00
982 +2.186742212e-03 +2.186742212e-03 -2.799478133e+02 -2.799478133e+02 -3.6139e+00 -3.9632e+00 +3.2721e+00
1104 +1.302339614e-03 +1.302339614e-03 -2.799486977e+02 -2.799486977e+02 -3.6164e+00 -3.9611e+00 +3.2747e+00
1126 +7.687707339e-04 +7.687707339e-04 -2.799492312e+02 -2.799492312e+02 -3.6164e+00 -3.9611e+00 +3.2747e+00
1156 +5.112037364e-04 +5.112037364e-04 -2.799494888e+02 -2.799494888e+02 -3.6164e+00 -3.9611e+00 +3.2747e+00
1171 +1.860604485e-04 +1.860604485e-04 -2.799498139e+02 -2.799498139e+02 -3.6152e+00 -3.9621e+00 +3.2735e+00
1217 +1.474274251e-04 +1.474274251e-04 -2.799498526e+02 -2.799498526e+02 -3.6172e+00 -3.9603e+00 +3.2756e+00
1286 +5.708267639e-05 +5.708267639e-05 -2.799499429e+02 -2.799499429e+02 -3.6193e+00 -3.9585e+00 +3.2778e+00
1384 +3.293708039e-05 +3.293708039e-05 -2.799499671e+02 -2.799499671e+02 -3.6180e+00 -3.9596e+00 +3.2765e+00
1426 +2.445029656e-05 +2.445029656e-05 -2.799499755e+02 -2.799499755e+02 -3.6177e+00 -3.9599e+00 +3.2761e+00
1442 +1.210266271e-05 +1.210266271e-05 -2.799499879e+02 -2.799499879e+02 -3.6166e+00 -3.9609e+00 +3.2749e+00
1504 +6.229454073e-06 +6.229454073e-06 -2.799499938e+02 -2.799499938e+02 -3.6173e+00 -3.9603e+00 +3.2757e+00
1578 +3.837180884e-06 +3.837180884e-06 -2.799499962e+02 -2.799499962e+02 -3.6173e+00 -3.9603e+00 +3.2757e+00
1593 +2.383578931e-06 +2.383578931e-06 -2.799499976e+02 -2.799499976e+02 -3.6174e+00 -3.9601e+00 +3.2758e+00
1652 +1.449131162e-06 +1.449131162e-06 -2.799499986e+02 -2.799499986e+02 -3.6174e+00 -3.9602e+00 +3.2757e+00
1711 +6.955543768e-07 +6.955543768e-07 -2.799499993e+02 -2.799499993e+02 -3.6175e+00 -3.9601e+00 +3.2759e+00
1770 +6.258009080e-07 +6.258009080e-07 -2.799499994e+02 -2.799499994e+02 -3.6175e+00 -3.9601e+00 +3.2759e+00
1819 +3.125975923e-07 +3.125975923e-07 -2.799499997e+02 -2.799499997e+02 -3.6175e+00 -3.9601e+00 +3.2759e+00
1842 +2.271290782e-07 +2.271290782e-07 -2.799499998e+02 -2.799499998e+02 -3.6176e+00 -3.9600e+00 +3.2760e+00
1847 +1.009717607e-07 +1.009717607e-07 -2.799499999e+02 -2.799499999e+02 -3.6176e+00 -3.9600e+00 +3.2760e+00
1906 +9.615519048e-08 +9.615519048e-08 -2.799499999e+02 -2.799499999e+02 -3.6176e+00 -3.9600e+00 +3.2760e+00
1923 +1.456641030e-08 +1.456641030e-08 -2.799500000e+02 -2.799500000e+02 -3.6176e+00 -3.9600e+00 +3.2760e+00
2025 +7.397886748e-09 +7.397886748e-09 -2.799500000e+02 -2.799500000e+02 -3.6176e+00 -3.9600e+00 +3.2760e+00
% function evaluation | noise-free fitness - Fopt (9.319900000000e+02) | best noise-free fitness - Fopt | measured fitness | best measured fitness | x1 | x2...
1 +2.235147822e+02 +2.235147822e+02 +1.155504782e+03 +1.155504782e+03 -9.8676e-01 -4.2081e+00 +4.5343e+00
8 +1.256089708e+02 +1.256089708e+02 +1.057598971e+03 +1.057598971e+03 +1.9430e+00 +2.6687e+00 +3.5258e+00
102 +7.283449336e+01 +7.283449336e+01 +1.004824493e+03 +1.004824493e+03 +1.4815e+00 +1.3393e+00 +3.5476e+00
113 +4.102611107e+01 +4.102611107e+01 +9.730161111e+02 +9.730161111e+02 +8.0303e-01 +1.2684e-02 +3.1391e+00
192 +3.134254404e+01 +3.134254404e+01 +9.633325440e+02 +9.633325440e+02 +1.4406e+00 +8.6589e-01 +3.1208e+00
242 +1.658420905e+01 +1.658420905e+01 +9.485742090e+02 +9.485742090e+02 +1.4825e+00 +1.3453e+00 +2.7128e+00
244 +7.394320541e+00 +7.394320541e+00 +9.393843205e+02 +9.393843205e+02 +1.4442e+00 +1.1827e+00 +2.8986e+00
288 +3.727291274e+00 +3.727291274e+00 +9.357172913e+02 +9.357172913e+02 +1.3584e+00 +8.8951e-01 +2.9254e+00
316 +1.937842586e+00 +1.937842586e+00 +9.339278426e+02 +9.339278426e+02 +1.3514e+00 +8.9251e-01 +2.9253e+00
395 +1.063002351e+00 +1.063002351e+00 +9.330530024e+02 +9.330530024e+02 +1.3507e+00 +9.0041e-01 +2.9226e+00
436 +8.257082006e-01 +8.257082006e-01 +9.328157082e+02 +9.328157082e+02 +1.2664e+00 +7.1086e-01 +2.9737e+00
437 +5.767658882e-01 +5.767658882e-01 +9.325667659e+02 +9.325667659e+02 +1.3981e+00 +1.0255e+00 +2.8926e+00
503 +3.978999166e-01 +3.978999166e-01 +9.323878999e+02 +9.323878999e+02 +1.3423e+00 +8.9624e-01 +2.9248e+00
527 +1.615126813e-01 +1.615126813e-01 +9.321515127e+02 +9.321515127e+02 +1.3739e+00 +9.6519e-01 +2.9063e+00
561 +1.500335127e-01 +1.500335127e-01 +9.321400335e+02 +9.321400335e+02 +1.3443e+00 +8.9600e-01 +2.9270e+00
588 +8.749933843e-02 +8.749933843e-02 +9.320774993e+02 +9.320774993e+02 +1.3736e+00 +9.6533e-01 +2.9063e+00
647 +1.813587470e-02 +1.813587470e-02 +9.320081359e+02 +9.320081359e+02 +1.3274e+00 +8.5730e-01 +2.9371e+00
676 +1.187339775e-02 +1.187339775e-02 +9.320018734e+02 +9.320018734e+02 +1.3510e+00 +9.1266e-01 +2.9212e+00
709 +9.793039569e-03 +9.793039569e-03 +9.319997930e+02 +9.319997930e+02 +1.3404e+00 +8.8789e-01 +2.9283e+00
728 +3.071249807e-03 +3.071249807e-03 +9.319930712e+02 +9.319930712e+02 +1.3443e+00 +8.9694e-01 +2.9256e+00
887 +1.686302699e-03 +1.686302699e-03 +9.319916863e+02 +9.319916863e+02 +1.3434e+00 +8.9495e-01 +2.9262e+00
908 +1.468661444e-03 +1.468661444e-03 +9.319914687e+02 +9.319914687e+02 +1.3416e+00 +8.9063e-01 +2.9275e+00
972 +9.204227212e-04 +9.204227212e-04 +9.319909204e+02 +9.319909204e+02 +1.3368e+00 +8.7950e-01 +2.9307e+00
991 +2.798418735e-04 +2.798418735e-04 +9.319902798e+02 +9.319902798e+02 +1.3376e+00 +8.8131e-01 +2.9301e+00
1036 +2.047710558e-04 +2.047710558e-04 +9.319902048e+02 +9.319902048e+02 +1.3383e+00 +8.8305e-01 +2.9296e+00
1058 +9.835085655e-05 +9.835085655e-05 +9.319900984e+02 +9.319900984e+02 +1.3392e+00 +8.8512e-01 +2.9290e+00
1147 +5.658277018e-05 +5.658277018e-05 +9.319900566e+02 +9.319900566e+02 +1.3383e+00 +8.8305e-01 +2.9296e+00
1231 +3.132466657e-05 +3.132466657e-05 +9.319900313e+02 +9.319900313e+02 +1.3385e+00 +8.8339e-01 +2.9295e+00
1293 +2.163080887e-05 +2.163080887e-05 +9.319900216e+02 +9.319900216e+02 +1.3386e+00 +8.8360e-01 +2.9295e+00
1295 +6.694862805e-06 +6.694862805e-06 +9.319900067e+02 +9.319900067e+02 +1.3385e+00 +8.8339e-01 +2.9295e+00
1356 +1.109176310e-06 +1.109176310e-06 +9.319900011e+02 +9.319900011e+02 +1.3385e+00 +8.8347e-01 +2.9295e+00
1441 +8.485802709e-07 +8.485802709e-07 +9.319900008e+02 +9.319900008e+02 +1.3385e+00 +8.8332e-01 +2.9296e+00
1505 +3.179796977e-07 +3.179796977e-07 +9.319900003e+02 +9.319900003e+02 +1.3384e+00 +8.8318e-01 +2.9296e+00
1556 +2.146833822e-07 +2.146833822e-07 +9.319900002e+02 +9.319900002e+02 +1.3384e+00 +8.8328e-01 +2.9296e+00
1601 +1.480811989e-07 +1.480811989e-07 +9.319900001e+02 +9.319900001e+02 +1.3384e+00 +8.8324e-01 +2.9296e+00
1659 +6.852383194e-08 +6.852383194e-08 +9.319900001e+02 +9.319900001e+02 +1.3384e+00 +8.8325e-01 +2.9296e+00
1679 +3.963111794e-08 +3.963111794e-08 +9.319900000e+02 +9.319900000e+02 +1.3384e+00 +8.8323e-01 +2.9296e+00
1701 +1.394164428e-08 +1.394164428e-08 +9.319900000e+02 +9.319900000e+02 +1.3384e+00 +8.8322e-01 +2.9296e+00
1786 +8.355073078e-09 +8.355073078e-09 +9.319900000e+02 +9.319900000e+02 +1.3384e+00 +8.8319e-01 +2.9296e+00
% function evaluation | noise-free fitness - Fopt (1.133100000000e+02) | best noise-free fitness - Fopt | measured fitness | best measured fitness | x1 | x2...
1 +7.777137108e+02 +7.777137108e+02 +8.910237108e+02 +8.910237108e+02 +4.2178e+00 -1.6521e+00 -3.1765e+00
2 +2.484229706e+02 +2.484229706e+02 +3.617329706e+02 +3.617329706e+02 +2.3387e+00 +6.9926e-01 +7.9240e-01
19 +7.403414399e+01 +7.403414399e+01 +1.873441440e+02 +1.873441440e+02 +2.0454e+00 +1.6021e+00 +2.5491e+00
76 +5.980035456e+01 +5.980035456e+01 +1.731103546e+02 +1.731103546e+02 +1.8779e+00 +1.5388e+00 +2.4788e+00
88 +2.267961231e+01 +2.267961231e+01 +1.359896123e+02 +1.359896123e+02 +2.1389e+00 +3.5793e+00 +3.4273e-01
212 +1.306346822e+01 +1.306346822e+01 +1.263734682e+02 +1.263734682e+02 +2.0645e+00 +3.2407e+00 +6.3807e-01
245 +2.722434189e+00 +2.722434189e+00 +1.160324342e+02 +1.160324342e+02 +2.1606e+00 +3.3304e+00 +3.7975e-01
253 +7.064460584e-01 +7.064460584e-01 +1.140164461e+02 +1.140164461e+02 +2.1290e+00 +3.0803e+00 +6.6555e-01
365 +3.397581132e-01 +3.397581132e-01 +1.136497581e+02 +1.136497581e+02 +2.1333e+00 +3.1050e+00 +6.2907e-01
558 +1.289203803e-01 +1.289203803e-01 +1.134389204e+02 +1.134389204e+02 +2.1348e+00 +3.1514e+00 +5.8369e-01
596 +9.483544380e-02 +9.483544380e-02 +1.134048354e+02 +1.134048354e+02 +2.1340e+00 +3.1493e+00 +5.8645e-01
646 +4.816146075e-02 +4.816146075e-02 +1.133581615e+02 +1.133581615e+02 +2.1361e+00 +3.1796e+00 +5.5259e-01
651 +3.693125302e-02 +3.693125302e-02 +1.133469313e+02 +1.133469313e+02 +2.1344e+00 +3.1481e+00 +5.8645e-01
739 +2.461819237e-02 +2.461819237e-02 +1.133346182e+02 +1.133346182e+02 +2.1366e+00 +3.1880e+00 +5.4411e-01
772 +8.847363642e-03 +8.847363642e-03 +1.133188474e+02 +1.133188474e+02 +2.1348e+00 +3.1573e+00 +5.7676e-01
873 +5.732566423e-03 +5.732566423e-03 +1.133157326e+02 +1.133157326e+02 +2.1350e+00 +3.1615e+00 +5.7235e-01
887 +3.403141549e-03 +3.403141549e-03 +1.133134031e+02 +1.133134031e+02 +2.1345e+00 +3.1538e+00 +5.8053e-01
918 +1.616551710e-03 +1.616551710e-03 +1.133116166e+02 +1.133116166e+02 +2.1348e+00 +3.1594e+00 +5.7463e-01
976 +1.087794477e-03 +1.087794477e-03 +1.133110878e+02 +1.133110878e+02 +2.1348e+00 +3.1594e+00 +5.7463e-01
1022 +7.057789824e-04 +7.057789824e-04 +1.133107058e+02 +1.133107058e+02 +2.1349e+00 +3.1609e+00 +5.7296e-01
1066 +5.958027505e-04 +5.958027505e-04 +1.133105958e+02 +1.133105958e+02 +2.1350e+00 +3.1620e+00 +5.7178e-01
1102 +3.462234724e-04 +3.462234724e-04 +1.133103462e+02 +1.133103462e+02 +2.1352e+00 +3.1655e+00 +5.6806e-01
1136 +1.960632626e-04 +1.960632626e-04 +1.133101961e+02 +1.133101961e+02 +2.1352e+00 +3.1657e+00 +5.6788e-01
1157 +1.127889348e-04 +1.127889348e-04 +1.133101128e+02 +1.133101128e+02 +2.1352e+00 +3.1657e+00 +5.6788e-01
1172 +6.240142815e-05 +6.240142815e-05 +1.133100624e+02 +1.133100624e+02 +2.1352e+00 +3.1657e+00 +5.6788e-01
1215 +2.770045491e-05 +2.770045491e-05 +1.133100277e+02 +1.133100277e+02 +2.1352e+00 +3.1654e+00 +5.6818e-01
1266 +2.450626783e-05 +2.450626783e-05 +1.133100245e+02 +1.133100245e+02 +2.1352e+00 +3.1653e+00 +5.6827e-01
1377 +1.036988905e-05 +1.036988905e-05 +1.133100104e+02 +1.133100104e+02 +2.1352e+00 +3.1653e+00 +5.6832e-01
1390 +5.779954250e-06 +5.779954250e-06 +1.133100058e+02 +1.133100058e+02 +2.1352e+00 +3.1652e+00 +5.6840e-01
1445 +3.865141807e-06 +3.865141807e-06 +1.133100039e+02 +1.133100039e+02 +2.1352e+00 +3.1653e+00 +5.6828e-01
1491 +2.037864178e-06 +2.037864178e-06 +1.133100020e+02 +1.133100020e+02 +2.1352e+00 +3.1654e+00 +5.6819e-01
1504 +1.267605015e-06 +1.267605015e-06 +1.133100013e+02 +1.133100013e+02 +2.1352e+00 +3.1656e+00 +5.6803e-01
1519 +9.164307784e-07 +9.164307784e-07 +1.133100009e+02 +1.133100009e+02 +2.1352e+00 +3.1654e+00 +5.6817e-01
1543 +5.915915580e-07 +5.915915580e-07 +1.133100006e+02 +1.133100006e+02 +2.1352e+00 +3.1655e+00 +5.6810e-01
1580 +3.054390021e-07 +3.054390021e-07 +1.133100003e+02 +1.133100003e+02 +2.1352e+00 +3.1656e+00 +5.6803e-01
1632 +1.773234288e-07 +1.773234288e-07 +1.133100002e+02 +1.133100002e+02 +2.1352e+00 +3.1656e+00 +5.6804e-01
1644 +1.560777179e-07 +1.560777179e-07 +1.133100002e+02 +1.133100002e+02 +2.1352e+00 +3.1656e+00 +5.6798e-01
1663 +9.393970402e-08 +9.393970402e-08 +1.133100001e+02 +1.133100001e+02 +2.1352e+00 +3.1656e+00 +5.6796e-01
1732 +5.356233146e-08 +5.356233146e-08 +1.133100001e+02 +1.133100001e+02 +2.1352e+00 +3.1656e+00 +5.6803e-01
1748 +3.872460752e-08 +3.872460752e-08 +1.133100000e+02 +1.133100000e+02 +2.1352e+00 +3.1656e+00 +5.6798e-01
1802 +1.661733506e-08 +1.661733506e-08 +1.133100000e+02 +1.133100000e+02 +2.1352e+00 +3.1656e+00 +5.6801e-01
1874 +9.873517115e-09 +9.873517115e-09 +1.133100000e+02 +1.133100000e+02 +2.1352e+00 +3.1656e+00 +5.6802e-01
% function evaluation | noise-free fitness - Fopt (-3.000200000000e+02) | best noise-free fitness - Fopt | measured fitness | best measured fitness | x1 | x2...
1 +1.278204120e+03 +1.278204120e+03 +9.781841197e+02 +9.781841197e+02 -3.5513e+00 +4.5881e+00 +2.6522e+00
2 +8.497806481e+02 +8.497806481e+02 +5.497606481e+02 +5.497606481e+02 +5.7388e-01 -3.4027e+00 +2.9699e+00
4 +6.285532127e+02 +6.285532127e+02 +3.285332127e+02 +3.285332127e+02 -1.2946e+00 -2.7238e+00 -2.0113e-01
17 +2.134805356e+02 +2.134805356e+02 -8.653946438e+01 -8.653946438e+01 +2.1628e+00 +1.5643e+00 -3.6868e+00
65 +7.536808934e+01 +7.536808934e+01 -2.246519107e+02 -2.246519107e+02 -2.8514e+00 -9.3654e-01 +2.0817e+00
172 +5.049228884e+01 +5.049228884e+01 -2.495277112e+02 -2.495277112e+02 +1.3372e+00 +1.1968e+00 -3.5552e+00
212 +3.801357505e+01 +3.801357505e+01 -2.620064249e+02 -2.620064249e+02 +1.3162e+00 +1.3604e+00 -3.9426e+00
248 +1.431746263e+01 +1.431746263e+01 -2.857025374e+02 -2.857025374e+02 -1.5317e+00 +2.4498e-02 +5.2188e-03
286 +8.352156026e+00 +8.352156026e+00 -2.916678440e+02 -2.916678440e+02 -1.1909e+00 +2.0628e-01 -5.0300e-01
338 +4.641413298e-01 +4.641413298e-01 -2.995558587e+02 -2.995558587e+02 -6.1218e-01 +4.5928e-01 -1.2553e+00
562 +1.962487431e-01 +1.962487431e-01 -2.998237513e+02 -2.998237513e+02 -4.6407e-01 +5.3268e-01 -1.4553e+00
661 +1.458639298e-01 +1.458639298e-01 -2.998741361e+02 -2.998741361e+02 -4.2651e-01 +5.5161e-01 -1.5056e+00
735 +9.381432128e-02 +9.381432128e-02 -2.999261857e+02 -2.999261857e+02 -3.2356e-01 +6.0172e-01 -1.6434e+00
768 +9.379600370e-03 +9.379600370e-03 -3.000106204e+02 -3.000106204e+02 -2.9140e-01 +6.1822e-01 -1.6870e+00
909 +4.096969976e-03 +4.096969976e-03 -3.000159030e+02 -3.000159030e+02 -2.9300e-01 +6.1751e-01 -1.6849e+00
934 +1.296666523e-03 +1.296666523e-03 -3.000187033e+02 -3.000187033e+02 -2.9143e-01 +6.1827e-01 -1.6870e+00
1069 +7.079870382e-04 +7.079870382e-04 -3.000192920e+02 -3.000192920e+02 -2.9513e-01 +6.1642e-01 -1.6820e+00
1096 +4.832662998e-04 +4.832662998e-04 -3.000195167e+02 -3.000195167e+02 -2.9513e-01 +6.1642e-01 -1.6820e+00
1121 +3.867816360e-04 +3.867816360e-04 -3.000196132e+02 -3.000196132e+02 -2.9399e-01 +6.1699e-01 -1.6836e+00
1146 +1.866159089e-04 +1.866159089e-04 -3.000198134e+02 -3.000198134e+02 -3.0125e-01 +6.1337e-01 -1.6738e+00
1158 +1.194869121e-04 +1.194869121e-04 -3.000198805e+02 -3.000198805e+02 -3.0368e-01 +6.1217e-01 -1.6705e+00
1171 +9.826987889e-05 +9.826987889e-05 -3.000199017e+02 -3.000199017e+02 -3.0073e-01 +6.1363e-01 -1.6745e+00
1218 +4.527036219e-05 +4.527036219e-05 -3.000199547e+02 -3.000199547e+02 -3.0239e-01 +6.1281e-01 -1.6723e+00
1268 +3.057199598e-05 +3.057199598e-05 -3.000199694e+02 -3.000199694e+02 -3.0201e-01 +6.1300e-01 -1.6728e+00
1292 +1.949644457e-05 +1.949644457e-05 -3.000199805e+02 -3.000199805e+02 -3.0185e-01 +6.1308e-01 -1.6730e+00
1301 +1.577899531e-05 +1.577899531e-05 -3.000199842e+02 -3.000199842e+02 -3.0079e-01 +6.1360e-01 -1.6744e+00
1355 +9.767593781e-06 +9.767593781e-06 -3.000199902e+02 -3.000199902e+02 -3.0133e-01 +6.1334e-01 -1.6737e+00
1366 +2.084375126e-06 +2.084375126e-06 -3.000199979e+02 -3.000199979e+02 -3.0133e-01 +6.1334e-01 -1.6737e+00
1510 +1.577955516e-06 +1.577955516e-06 -3.000199984e+02 -3.000199984e+02 -3.0130e-01 +6.1335e-01 -1.6737e+00
1543 +8.801437161e-07 +8.801437161e-07 -3.000199991e+02 -3.000199991e+02 -3.0089e-01 +6.1356e-01 -1.6743e+00
1580 +5.091835646e-07 +5.091835646e-07 -3.000199995e+02 -3.000199995e+02 -3.0069e-01 +6.1366e-01 -1.6746e+00
1589 +2.464143449e-07 +2.464143449e-07 -3.000199998e+02 -3.000199998e+02 -3.0094e-01 +6.1353e-01 -1.6742e+00
1606 +1.235039804e-07 +1.235039804e-07 -3.000199999e+02 -3.000199999e+02 -3.0083e-01 +6.1359e-01 -1.6744e+00
1714 +8.896273584e-08 +8.896273584e-08 -3.000199999e+02 -3.000199999e+02 -3.0085e-01 +6.1357e-01 -1.6743e+00
1789 +5.364097433e-08 +5.364097433e-08 -3.000199999e+02 -3.000199999e+02 -3.0087e-01 +6.1357e-01 -1.6743e+00
1851 +3.289102324e-08 +3.289102324e-08 -3.000200000e+02 -3.000200000e+02 -3.0083e-01 +6.1358e-01 -1.6744e+00
1884 +2.470665095e-08 +2.470665095e-08 -3.000200000e+02 -3.000200000e+02 -3.0081e-01 +6.1360e-01 -1.6744e+00
1907 +1.238674940e-08 +1.238674940e-08 -3.000200000e+02 -3.000200000e+02 -3.0083e-01 +6.1358e-01 -1.6744e+00
1953 +3.407251370e-09 +3.407251370e-09 -3.000200000e+02 -3.000200000e+02 -3.0081e-01 +6.1360e-01 -1.6744e+00
% function evaluation | noise-free fitness - Fopt (4.471000000000e+01) | best noise-free fitness - Fopt | measured fitness | best measured fitness | x1 | x2...
1 +1.103735346e+03 +1.103735346e+03 +1.148445346e+03 +1.148445346e+03 +4.5225e+00 -2.3765e+00 -8.4158e-01
2 +5.446643709e+02 +5.446643709e+02 +5.893743709e+02 +5.893743709e+02 +2.3119e-01 -1.0567e+00 +4.7345e+00
6 +3.966482715e+02 +3.966482715e+02 +4.413582715e+02 +4.413582715e+02 -1.4395e-01 -4.9520e+00 +4.3732e+00
46 +1.236296499e+02 +1.236296499e+02 +1.683396499e+02 +1.683396499e+02 +3.9864e+00 -8.9980e-01 +2.1214e+00
101 +3.538550311e+01 +3.538550311e+01 +8.009550311e+01 +8.009550311e+01 +4.2876e+00 -4.8269e-01 +2.2430e+00
189 +2.186387000e+01 +2.186387000e+01 +6.657387000e+01 +6.657387000e+01 +4.9348e+00 +1.1270e-02 +1.9243e+00
246 +7.865336939e+00 +7.865336939e+00 +5.257533694e+01 +5.257533694e+01 +4.1285e+00 -3.8884e-01 +2.2241e+00
317 +3.738646880e+00 +3.738646880e+00 +4.844864688e+01 +4.844864688e+01 +2.8172e+00 -1.0504e+00 +2.6544e+00
331 +7.802969259e-01 +7.802969259e-01 +4.549029693e+01 +4.549029693e+01 +2.8161e+00 -1.0413e+00 +2.6648e+00
497 +5.102633275e-01 +5.102633275e-01 +4.522026333e+01 +4.522026333e+01 +2.8130e+00 -1.0374e+00 +2.6619e+00
505 +2.792407523e-01 +2.792407523e-01 +4.498924075e+01 +4.498924075e+01 +2.9968e+00 -9.4360e-01 +2.5990e+00
519 +2.282530878e-01 +2.282530878e-01 +4.493825309e+01 +4.493825309e+01 +2.8680e+00 -1.0098e+00 +2.6415e+00
662 +1.122515060e-01 +1.122515060e-01 +4.482225151e+01 +4.482225151e+01 +2.8948e+00 -9.9674e-01 +2.6336e+00
694 +9.887712950e-02 +9.887712950e-02 +4.480887713e+01 +4.480887713e+01 +2.8042e+00 -1.0436e+00 +2.6641e+00
699 +6.122014651e-02 +6.122014651e-02 +4.477122015e+01 +4.477122015e+01 +2.8482e+00 -1.0214e+00 +2.6494e+00
737 +3.504957394e-02 +3.504957394e-02 +4.474504957e+01 +4.474504957e+01 +2.8949e+00 -9.9704e-01 +2.6334e+00
781 +2.445206127e-02 +2.445206127e-02 +4.473445206e+01 +4.473445206e+01 +2.8595e+00 -1.0155e+00 +2.6456e+00
814 +8.663953040e-03 +8.663953040e-03 +4.471866395e+01 +4.471866395e+01 +2.9240e+00 -9.8231e-01 +2.6237e+00
891 +2.679606547e-03 +2.679606547e-03 +4.471267961e+01 +4.471267961e+01 +2.9332e+00 -9.7757e-01 +2.6206e+00
932 +1.965117858e-03 +1.965117858e-03 +4.471196512e+01 +4.471196512e+01 +2.9251e+00 -9.8173e-01 +2.6233e+00
947 +1.390733829e-03 +1.390733829e-03 +4.471139073e+01 +4.471139073e+01 +2.9230e+00 -9.8279e-01 +2.6240e+00
1011 +8.682397622e-04 +8.682397622e-04 +4.471086824e+01 +4.471086824e+01 +2.9255e+00 -9.8150e-01 +2.6232e+00
1070 +4.161282777e-04 +4.161282777e-04 +4.471041613e+01 +4.471041613e+01 +2.9183e+00 -9.8520e-01 +2.6256e+00
1073 +2.346020579e-04 +2.346020579e-04 +4.471023460e+01 +4.471023460e+01 +2.9198e+00 -9.8447e-01 +2.6251e+00
1235 +1.122298248e-04 +1.122298248e-04 +4.471011223e+01 +4.471011223e+01 +2.9178e+00 -9.8546e-01 +2.6258e+00
1263 +5.726618652e-05 +5.726618652e-05 +4.471005727e+01 +4.471005727e+01 +2.9163e+00 -9.8625e-01 +2.6263e+00
1291 +2.620954722e-05 +2.620954722e-05 +4.471002621e+01 +4.471002621e+01 +2.9178e+00 -9.8550e-01 +2.6258e+00
1302 +2.111577051e-05 +2.111577051e-05 +4.471002112e+01 +4.471002112e+01 +2.9179e+00 -9.8542e-01 +2.6258e+00
1385 +1.382484863e-05 +1.382484863e-05 +4.471001382e+01 +4.471001382e+01 +2.9173e+00 -9.8573e-01 +2.6260e+00
1458 +7.953280758e-06 +7.953280758e-06 +4.471000795e+01 +4.471000795e+01 +2.9173e+00 -9.8575e-01 +2.6260e+00
1463 +4.179002268e-06 +4.179002268e-06 +4.471000418e+01 +4.471000418e+01 +2.9169e+00 -9.8596e-01 +2.6261e+00
1471 +2.100177028e-06 +2.100177028e-06 +4.471000210e+01 +4.471000210e+01 +2.9164e+00 -9.8619e-01 +2.6263e+00
1569 +1.280800269e-06 +1.280800269e-06 +4.471000128e+01 +4.471000128e+01 +2.9159e+00 -9.8645e-01 +2.6264e+00
1601 +8.225351493e-07 +8.225351493e-07 +4.471000082e+01 +4.471000082e+01 +2.9158e+00 -9.8653e-01 +2.6265e+00
1620 +1.897152941e-07 +1.897152941e-07 +4.471000019e+01 +4.471000019e+01 +2.9160e+00 -9.8639e-01 +2.6264e+00
1743 +1.274781525e-07 +1.274781525e-07 +4.471000013e+01 +4.471000013e+01 +2.9161e+00 -9.8637e-01 +2.6264e+00
1745 +7.586893958e-08 +7.586893958e-08 +4.471000008e+01 +4.471000008e+01 +2.9160e+00 -9.8639e-01 +2.6264e+00
1761 +4.994676317e-08 +4.994676317e-08 +4.471000005e+01 +4.471000005e+01 +2.9159e+00 -9.8644e-01 +2.6264e+00
1834 +9.207028029e-09 +9.207028029e-09 +4.471000001e+01 +4.471000001e+01 +2.9160e+00 -9.8640e-01 +2.6264e+00
% function evaluation | noise-free fitness - Fopt (-1.000000000000e+03) | best noise-free fitness - Fopt | measured fitness | best measured fitness | x1 | x2...
1 +1.114531458e+03 +1.114531458e+03 +1.145314575e+02 +1.145314575e+02 +1.3074e-01 -1.6745e+00 +3.7290e+00
3 +4.453289070e+02 +4.453289070e+02 -5.546710930e+02 -5.546710930e+02 -4.3226e+00 +3.6915e+00 -5.5319e-01
4 +3.450453463e+02 +3.450453463e+02 -6.549546537e+02 -6.549546537e+02 -3.8364e+00 +9.2910e-01 +2.2091e+00
62 +1.214614047e+02 +1.214614047e+02 -8.785385953e+02 -8.785385953e+02 -2.5379e+00 +2.1787e+00 +2.9683e-01
77 +8.813210643e+01 +8.813210643e+01 -9.118678936e+02 -9.118678936e+02 -1.4998e+00 +2.1956e+00 +3.3604e+00
121 +6.246550154e+01 +6.246550154e+01 -9.375344985e+02 -9.375344985e+02 -2.3989e+00 +2.0388e+00 +5.2576e+00
137 +1.996746581e+01 +1.996746581e+01 -9.800325342e+02 -9.800325342e+02 -2.3857e+00 +2.3157e+00 +2.8629e+00
364 +1.090312881e+01 +1.090312881e+01 -9.890968712e+02 -9.890968712e+02 -2.1707e+00 +2.0788e+00 +4.2561e+00
378 +9.891712103e+00 +9.891712103e+00 -9.901082879e+02 -9.901082879e+02 -2.1121e+00 +2.1383e+00 +4.0046e+00
405 +2.622959773e+00 +2.622959773e+00 -9.973770402e+02 -9.973770402e+02 -2.2421e+00 +2.2021e+00 +3.4638e+00
427 +1.873022088e+00 +1.873022088e+00 -9.981269779e+02 -9.981269779e+02 -2.1934e+00 +2.1564e+00 +3.8230e+00
436 +9.205448747e-01 +9.205448747e-01 -9.990794551e+02 -9.990794551e+02 -2.2416e+00 +2.2129e+00 +3.3460e+00
513 +4.841117805e-01 +4.841117805e-01 -9.995158882e+02 -9.995158882e+02 -2.2654e+00 +2.2321e+00 +3.1407e+00
533 +2.680678701e-01 +2.680678701e-01 -9.997319321e+02 -9.997319321e+02 -2.2727e+00 +2.2477e+00 +3.0145e+00
580 +1.556234619e-01 +1.556234619e-01 -9.998443765e+02 -9.998443765e+02 -2.2452e+00 +2.2134e+00 +3.3140e+00
664 +4.627798664e-02 +4.627798664e-02 -9.999537220e+02 -9.999537220e+02 -2.2566e+00 +2.2269e+00 +3.1932e+00
721 +2.325021451e-02 +2.325021451e-02 -9.999767498e+02 -9.999767498e+02 -2.2547e+00 +2.2249e+00 +3.2106e+00
769 +7.372325420e-03 +7.372325420e-03 -9.999926277e+02 -9.999926277e+02 -2.2560e+00 +2.2268e+00 +3.1947e+00
781 +5.923617403e-03 +5.923617403e-03 -9.999940764e+02 -9.999940764e+02 -2.2534e+00 +2.2236e+00 +3.2223e+00
963 +3.846305354e-03 +3.846305354e-03 -9.999961537e+02 -9.999961537e+02 -2.2537e+00 +2.2239e+00 +3.2195e+00
1021 +2.155771796e-03 +2.155771796e-03 -9.999978442e+02 -9.999978442e+02 -2.2538e+00 +2.2241e+00 +3.2180e+00
1070 +5.006239667e-04 +5.006239667e-04 -9.999994994e+02 -9.999994994e+02 -2.2537e+00 +2.2240e+00 +3.2189e+00
1127 +3.777520486e-04 +3.777520486e-04 -9.999996222e+02 -9.999996222e+02 -2.2538e+00 +2.2241e+00 +3.2178e+00
1222 +1.276073592e-04 +1.276073592e-04 -9.999998724e+02 -9.999998724e+02 -2.2542e+00 +2.2246e+00 +3.2142e+00
1261 +3.772635239e-05 +3.772635239e-05 -9.999999623e+02 -9.999999623e+02 -2.2542e+00 +2.2246e+00 +3.2136e+00
1306 +2.391638213e-05 +2.391638213e-05 -9.999999761e+02 -9.999999761e+02 -2.2544e+00 +2.2248e+00 +3.2121e+00
1355 +1.220055378e-05 +1.220055378e-05 -9.999999878e+02 -9.999999878e+02 -2.2544e+00 +2.2248e+00 +3.2121e+00
1468 +9.603375247e-06 +9.603375247e-06 -9.999999904e+02 -9.999999904e+02 -2.2544e+00 +2.2248e+00 +3.2122e+00
1470 +2.260254519e-06 +2.260254519e-06 -9.999999977e+02 -9.999999977e+02 -2.2544e+00 +2.2248e+00 +3.2121e+00
1579 +7.442228025e-07 +7.442228025e-07 -9.999999993e+02 -9.999999993e+02 -2.2544e+00 +2.2248e+00 +3.2123e+00
1623 +5.868714652e-07 +5.868714652e-07 -9.999999994e+02 -9.999999994e+02 -2.2544e+00 +2.2248e+00 +3.2123e+00
1665 +1.872194844e-07 +1.872194844e-07 -9.999999998e+02 -9.999999998e+02 -2.2544e+00 +2.2248e+00 +3.2120e+00
1713 +1.390246780e-07 +1.390246780e-07 -9.999999999e+02 -9.999999999e+02 -2.2544e+00 +2.2248e+00 +3.2119e+00
1756 +7.572191407e-08 +7.572191407e-08 -9.999999999e+02 -9.999999999e+02 -2.2544e+00 +2.2248e+00 +3.2120e+00
1768 +5.072513432e-08 +5.072513432e-08 -9.999999999e+02 -9.999999999e+02 -2.2544e+00 +2.2248e+00 +3.2121e+00
1794 +2.288334144e-08 +2.288334144e-08 -1.000000000e+03 -1.000000000e+03 -2.2544e+00 +2.2248e+00 +3.2120e+00
1865 +9.868813322e-09 +9.868813322e-09 -1.000000000e+03 -1.000000000e+03 -2.2544e+00 +2.2248e+00 +3.2120e+00
% function evaluation | noise-free fitness - Fopt (3.042000000000e+02) | best noise-free fitness - Fopt | measured fitness | best measured fitness | x1 | x2...
1 +1.421849501e+03 +1.421849501e+03 +1.726049501e+03 +1.726049501e+03 +4.3118e+00 -2.4416e+00 -4.1251e+00
3 +4.011225611e+02 +4.011225611e+02 +7.053225611e+02 +7.053225611e+02 +1.1280e+00 +3.5031e+00 -9.1879e-01
5 +1.261400587e+02 +1.261400587e+02 +4.303400587e+02 +4.303400587e+02 -2.5306e+00 +2.2725e+00 -3.1345e-01
81 +7.638342250e+01 +7.638342250e+01 +3.805834225e+02 +3.805834225e+02 -3.3543e+00 +1.7831e+00 -3.8539e-02
140 +4.632821742e+01 +4.632821742e+01 +3.505282174e+02 +3.505282174e+02 -2.5193e+00 +3.2579e+00 +2.0134e-01
146 +2.994213358e+01 +2.994213358e+01 +3.341421336e+02 +3.341421336e+02 -3.4790e+00 +2.2907e+00 +1.6950e-01
187 +2.228585772e+01 +2.228585772e+01 +3.264858577e+02 +3.264858577e+02 -4.2092e+00 +1.4345e+00 +8.0159e-02
233 +9.358292768e+00 +9.358292768e+00 +3.135582928e+02 +3.135582928e+02 -2.5396e+00 +3.4215e+00 +9.1097e-02
287 +4.604202489e+00 +4.604202489e+00 +3.088042025e+02 +3.088042025e+02 -2.2793e+00 +3.8078e+00 +7.5494e-02
332 +3.400061918e+00 +3.400061918e+00 +3.076000619e+02 +3.076000619e+02 -3.0207e+00 +2.9496e+00 +9.9551e-02
376 +2.453832521e+00 +2.453832521e+00 +3.066538325e+02 +3.066538325e+02 -2.6026e+00 +3.4697e+00 +9.3212e-02
421 +1.228445715e+00 +1.228445715e+00 +3.054284457e+02 +3.054284457e+02 -2.5696e+00 +3.4797e+00 +8.7452e-02
450 +8.929258562e-01 +8.929258562e-01 +3.050929259e+02 +3.050929259e+02 -2.5855e+00 +3.4743e+00 +9.5450e-02
481 +1.957501531e-01 +1.957501531e-01 +3.043957502e+02 +3.043957502e+02 -2.4606e+00 +3.6170e+00 +9.2257e-02
571 +1.348392329e-01 +1.348392329e-01 +3.043348392e+02 +3.043348392e+02 -2.5659e+00 +3.4872e+00 +9.2604e-02
633 +5.964238928e-02 +5.964238928e-02 +3.042596424e+02 +3.042596424e+02 -2.5051e+00 +3.5635e+00 +9.2592e-02
651 +3.124886264e-02 +3.124886264e-02 +3.042312489e+02 +3.042312489e+02 -2.6033e+00 +3.4427e+00 +9.2760e-02
654 +6.089450396e-03 +6.089450396e-03 +3.042060895e+02 +3.042060895e+02 -2.5593e+00 +3.4970e+00 +9.2814e-02
796 +3.684455138e-03 +3.684455138e-03 +3.042036845e+02 +3.042036845e+02 -2.5612e+00 +3.4945e+00 +9.2793e-02
929 +1.671367134e-03 +1.671367134e-03 +3.042016714e+02 +3.042016714e+02 -2.5528e+00 +3.5048e+00 +9.2794e-02
991 +1.318467847e-03 +1.318467847e-03 +3.042013185e+02 +3.042013185e+02 -2.5611e+00 +3.4946e+00 +9.2803e-02
1011 +8.002081072e-04 +8.002081072e-04 +3.042008002e+02 +3.042008002e+02 -2.5568e+00 +3.4999e+00 +9.2800e-02
1037 +4.024199956e-04 +4.024199956e-04 +3.042004024e+02 +3.042004024e+02 -2.5543e+00 +3.5030e+00 +9.2801e-02
1048 +2.247083531e-04 +2.247083531e-04 +3.042002247e+02 +3.042002247e+02 -2.5537e+00 +3.5038e+00 +9.2801e-02
1198 +7.492033160e-05 +7.492033160e-05 +3.042000749e+02 +3.042000749e+02 -2.5510e+00 +3.5071e+00 +9.2800e-02
1207 +3.605845285e-05 +3.605845285e-05 +3.042000361e+02 +3.042000361e+02 -2.5484e+00 +3.5103e+00 +9.2800e-02
1322 +2.348177264e-05 +2.348177264e-05 +3.042000235e+02 +3.042000235e+02 -2.5497e+00 +3.5087e+00 +9.2800e-02
1352 +4.522225424e-06 +4.522225424e-06 +3.042000045e+02 +3.042000045e+02 -2.5494e+00 +3.5090e+00 +9.2800e-02
1478 +3.717432378e-06 +3.717432378e-06 +3.042000037e+02 +3.042000037e+02 -2.5499e+00 +3.5084e+00 +9.2800e-02
1487 +1.392336799e-06 +1.392336799e-06 +3.042000014e+02 +3.042000014e+02 -2.5495e+00 +3.5089e+00 +9.2800e-02
1517 +6.847531608e-07 +6.847531608e-07 +3.042000007e+02 +3.042000007e+02 -2.5495e+00 +3.5089e+00 +9.2800e-02
1578 +3.186897288e-07 +3.186897288e-07 +3.042000003e+02 +3.042000003e+02 -2.5497e+00 +3.5086e+00 +9.2800e-02
1630 +2.225738740e-07 +2.225738740e-07 +3.042000002e+02 +3.042000002e+02 -2.5496e+00 +3.5088e+00 +9.2800e-02
1651 +8.786764738e-08 +8.786764738e-08 +3.042000001e+02 +3.042000001e+02 -2.5496e+00 +3.5088e+00 +9.2800e-02
1741 +3.826727379e-08 +3.826727379e-08 +3.042000000e+02 +3.042000000e+02 -2.5496e+00 +3.5088e+00 +9.2800e-02
1773 +2.361485940e-08 +2.361485940e-08 +3.042000000e+02 +3.042000000e+02 -2.5496e+00 +3.5088e+00 +9.2800e-02
1827 +1.046123543e-08 +1.046123543e-08 +3.042000000e+02 +3.042000000e+02 -2.5496e+00 +3.5088e+00 +9.2800e-02
1828 +7.479229680e-09 +7.479229680e-09 +3.042000000e+02 +3.042000000e+02 -2.5496e+00 +3.5088e+00 +9.2800e-02
% function evaluation | noise-free fitness - Fopt (-1.046700000000e+02) | best noise-free fitness - Fopt | measured fitness | best measured fitness | x1 | x2...
1 +1.448369120e+03 +1.448369120e+03 +1.343699120e+03 +1.343699120e+03 -1.0156e+00 +4.2082e+00 +7.4886e-01
3 +2.930782563e+02 +2.930782563e+02 +1.884082563e+02 +1.884082563e+02 -4.5550e+00 -3.5712e-01 -5.4248e-01
10 +1.623707268e+02 +1.623707268e+02 +5.770072680e+01 +5.770072680e+01 -3.4845e+00 +1.6626e+00 -4.6682e+00
76 +1.011542285e+02 +1.011542285e+02 -3.515771476e+00 -3.515771476e+00 -3.5866e+00 +1.2736e+00 -4.7739e+00
109 +4.305410627e+01 +4.305410627e+01 -6.161589373e+01 -6.161589373e+01 -3.7024e+00 +1.1320e+00 -3.8008e+00
197 +2.143614013e+01 +2.143614013e+01 -8.323385987e+01 -8.323385987e+01 -3.5092e+00 +1.0335e+00 -3.4803e+00
257 +1.207862516e+01 +1.207862516e+01 -9.259137484e+01 -9.259137484e+01 -3.5815e+00 +1.0179e+00 -3.5495e+00
287 +6.141893594e+00 +6.141893594e+00 -9.852810641e+01 -9.852810641e+01 -2.9469e+00 +1.0661e+00 -4.1848e+00
319 +3.628521301e+00 +3.628521301e+00 -1.010414787e+02 -1.010414787e+02 -3.2344e+00 +1.0169e+00 -3.8485e+00
431 +2.075996178e+00 +2.075996178e+00 -1.025940038e+02 -1.025940038e+02 -3.5167e+00 +9.8081e-01 -3.5225e+00
467 +1.279857806e+00 +1.279857806e+00 -1.033901422e+02 -1.033901422e+02 -3.4702e+00 +9.8175e-01 -3.5759e+00
476 +7.922824691e-01 +7.922824691e-01 -1.038777175e+02 -1.038777175e+02 -3.6703e+00 +9.5358e-01 -3.3598e+00
506 +5.500888650e-01 +5.500888650e-01 -1.041199111e+02 -1.041199111e+02 -3.8695e+00 +9.2056e-01 -3.1289e+00
511 +1.976056193e-01 +1.976056193e-01 -1.044723944e+02 -1.044723944e+02 -3.8659e+00 +9.2099e-01 -3.1256e+00
573 +1.530955055e-01 +1.530955055e-01 -1.045169045e+02 -1.045169045e+02 -3.7878e+00 +9.3318e-01 -3.2146e+00
662 +3.479690556e-02 +3.479690556e-02 -1.046352031e+02 -1.046352031e+02 -3.8366e+00 +9.2587e-01 -3.1612e+00
785 +1.722487136e-02 +1.722487136e-02 -1.046527751e+02 -1.046527751e+02 -3.7875e+00 +9.3362e-01 -3.2170e+00
796 +1.388054315e-02 +1.388054315e-02 -1.046561195e+02 -1.046561195e+02 -3.8309e+00 +9.2665e-01 -3.1673e+00
832 +8.931044132e-03 +8.931044132e-03 -1.046610690e+02 -1.046610690e+02 -3.8071e+00 +9.3042e-01 -3.1946e+00
948 +5.799405352e-03 +5.799405352e-03 -1.046642006e+02 -1.046642006e+02 -3.7910e+00 +9.3301e-01 -3.2130e+00
956 +1.692754815e-03 +1.692754815e-03 -1.046683072e+02 -1.046683072e+02 -3.8004e+00 +9.3152e-01 -3.2023e+00
976 +1.388002154e-03 +1.388002154e-03 -1.046686120e+02 -1.046686120e+02 -3.8004e+00 +9.3152e-01 -3.2023e+00
995 +5.774718741e-04 +5.774718741e-04 -1.046694225e+02 -1.046694225e+02 -3.8057e+00 +9.3068e-01 -3.1963e+00
1067 +3.929437669e-04 +3.929437669e-04 -1.046696071e+02 -1.046696071e+02 -3.8003e+00 +9.3154e-01 -3.2024e+00
1126 +2.248432581e-04 +2.248432581e-04 -1.046697752e+02 -1.046697752e+02 -3.8036e+00 +9.3102e-01 -3.1987e+00
1142 +1.445046404e-04 +1.445046404e-04 -1.046698555e+02 -1.046698555e+02 -3.8055e+00 +9.3071e-01 -3.1965e+00
1201 +6.244098076e-05 +6.244098076e-05 -1.046699376e+02 -1.046699376e+02 -3.8020e+00 +9.3127e-01 -3.2005e+00
1248 +3.622481748e-05 +3.622481748e-05 -1.046699638e+02 -1.046699638e+02 -3.8013e+00 +9.3137e-01 -3.2012e+00
1323 +2.257124760e-05 +2.257124760e-05 -1.046699774e+02 -1.046699774e+02 -3.8021e+00 +9.3125e-01 -3.2004e+00
1324 +9.683902761e-06 +9.683902761e-06 -1.046699903e+02 -1.046699903e+02 -3.8026e+00 +9.3117e-01 -3.1998e+00
1397 +5.925622446e-06 +5.925622446e-06 -1.046699941e+02 -1.046699941e+02 -3.8025e+00 +9.3118e-01 -3.1999e+00
1445 +2.954777202e-06 +2.954777202e-06 -1.046699970e+02 -1.046699970e+02 -3.8021e+00 +9.3125e-01 -3.2004e+00
1453 +1.736799902e-06 +1.736799902e-06 -1.046699983e+02 -1.046699983e+02 -3.8021e+00 +9.3125e-01 -3.2004e+00
1549 +9.046760567e-07 +9.046760567e-07 -1.046699991e+02 -1.046699991e+02 -3.8025e+00 +9.3118e-01 -3.1999e+00
1621 +2.982960154e-07 +2.982960154e-07 -1.046699997e+02 -1.046699997e+02 -3.8025e+00 +9.3118e-01 -3.1998e+00
1636 +1.596740873e-07 +1.596740873e-07 -1.046699998e+02 -1.046699998e+02 -3.8025e+00 +9.3119e-01 -3.1999e+00
1659 +1.387543875e-07 +1.387543875e-07 -1.046699999e+02 -1.046699999e+02 -3.8025e+00 +9.3119e-01 -3.1999e+00
1701 +2.268039623e-08 +2.268039623e-08 -1.046700000e+02 -1.046700000e+02 -3.8024e+00 +9.3120e-01 -3.2000e+00
1780 +4.019511834e-09 +4.019511834e-09 -1.046700000e+02 -1.046700000e+02 -3.8024e+00 +9.3120e-01 -3.2000e+00
% function evaluation | noise-free fitness - Fopt (4.869500000000e+02) | best noise-free fitness - Fopt | measured fitness | best measured fitness | x1 | x2...
1 +1.541404282e+03 +1.541404282e+03 +2.028354282e+03 +2.028354282e+03 +5.0121e-01 -4.6165e+00 -4.9449e+00
2 +8.480669000e+02 +8.480669000e+02 +1.335016900e+03 +1.335016900e+03 -2.7908e+00 -4.5919e+00 -3.3011e+00
5 +5.457458997e+02 +5.457458997e+02 +1.032695900e+03 +1.032695900e+03 -3.6428e-01 +4.2168e-01 -1.3561e+00
7 +3.328957278e+02 +3.328957278e+02 +8.198457278e+02 +8.198457278e+02 -4.9474e+00 +2.3858e-01 -3.2944e+00
8 +2.087510770e+02 +2.087510770e+02 +6.957010770e+02 +6.957010770e+02 -4.1631e+00 +1.6834e+00 -8.2130e-01
40 +1.257925549e+02 +1.257925549e+02 +6.127425549e+02 +6.127425549e+02 -4.8706e+00 +1.3018e-01 -1.3312e+00
58 +8.346409772e+01 +8.346409772e+01 +5.704140977e+02 +5.704140977e+02 -4.7517e+00 -4.2109e-01 -1.3012e+00
88 +4.862263635e+01 +4.862263635e+01 +5.355726364e+02 +5.355726364e+02 -4.1261e+00 +4.1386e-01 -1.1968e+00
112 +2.966725273e+01 +2.966725273e+01 +5.166172527e+02 +5.166172527e+02 -3.9674e+00 +5.3275e-02 -1.0202e+00
157 +2.093642838e+01 +2.093642838e+01 +5.078864284e+02 +5.078864284e+02 -4.0995e+00 +6.5115e-02 -1.2805e+00
218 +1.354575357e+01 +1.354575357e+01 +5.004957536e+02 +5.004957536e+02 -4.1230e+00 -8.0456e-01 -1.0093e+00
234 +9.845399915e+00 +9.845399915e+00 +4.967953999e+02 +4.967953999e+02 -3.9556e+00 +2.5496e-01 -1.2352e+00
333 +3.740205818e+00 +3.740205818e+00 +4.906902058e+02 +4.906902058e+02 -4.0043e+00 -9.6811e-02 -1.1570e+00
378 +2.485622866e+00 +2.485622866e+00 +4.894356229e+02 +4.894356229e+02 -3.9257e+00 +1.5309e-02 -1.1461e+00
404 +1.563425308e+00 +1.563425308e+00 +4.885134253e+02 +4.885134253e+02 -4.0358e+00 -2.9472e-01 -1.1010e+00
439 +9.935239455e-01 +9.935239455e-01 +4.879435239e+02 +4.879435239e+02 -3.9132e+00 +1.3154e-01 -1.1766e+00
462 +6.109908486e-01 +6.109908486e-01 +4.875609908e+02 +4.875609908e+02 -3.9880e+00 -1.4596e-01 -1.1195e+00
534 +2.679367962e-01 +2.679367962e-01 +4.872179368e+02 +4.872179368e+02 -3.9798e+00 -9.8952e-02 -1.1331e+00
537 +2.189754935e-01 +2.189754935e-01 +4.871689755e+02 +4.871689755e+02 -3.9555e+00 -2.1668e-02 -1.1477e+00
602 +1.451408627e-01 +1.451408627e-01 +4.870951409e+02 +4.870951409e+02 -4.0116e+00 -2.1840e-01 -1.1086e+00
639 +9.629832471e-02 +9.629832471e-02 +4.870462983e+02 +4.870462983e+02 -3.9898e+00 -1.4318e-01 -1.1239e+00
687 +5.219774301e-02 +5.219774301e-02 +4.870021977e+02 +4.870021977e+02 -3.9782e+00 -1.0100e-01 -1.1324e+00
692 +3.372640185e-02 +3.372640185e-02 +4.869837264e+02 +4.869837264e+02 -3.9671e+00 -5.9095e-02 -1.1413e+00
740 +1.757027850e-02 +1.757027850e-02 +4.869675703e+02 +4.869675703e+02 -3.9781e+00 -9.9696e-02 -1.1329e+00
762 +1.431670473e-02 +1.431670473e-02 +4.869643167e+02 +4.869643167e+02 -3.9782e+00 -9.9817e-02 -1.1328e+00
782 +5.013494351e-03 +5.013494351e-03 +4.869550135e+02 +4.869550135e+02 -3.9749e+00 -8.7788e-02 -1.1354e+00
874 +1.937502303e-03 +1.937502303e-03 +4.869519375e+02 +4.869519375e+02 -3.9760e+00 -9.1819e-02 -1.1346e+00
962 +1.494851638e-03 +1.494851638e-03 +4.869514949e+02 +4.869514949e+02 -3.9756e+00 -9.0296e-02 -1.1349e+00
1051 +5.375308380e-04 +5.375308380e-04 +4.869505375e+02 +4.869505375e+02 -3.9738e+00 -8.3635e-02 -1.1363e+00
1123 +2.716065501e-04 +2.716065501e-04 +4.869502716e+02 +4.869502716e+02 -3.9751e+00 -8.8595e-02 -1.1352e+00
1156 +8.574202684e-05 +8.574202684e-05 +4.869500857e+02 +4.869500857e+02 -3.9752e+00 -8.8904e-02 -1.1352e+00
1231 +3.890511488e-05 +3.890511488e-05 +4.869500389e+02 +4.869500389e+02 -3.9755e+00 -8.9900e-02 -1.1350e+00
1376 +9.967372762e-06 +9.967372762e-06 +4.869500100e+02 +4.869500100e+02 -3.9751e+00 -8.8614e-02 -1.1352e+00
1487 +4.184125771e-06 +4.184125771e-06 +4.869500042e+02 +4.869500042e+02 -3.9751e+00 -8.8510e-02 -1.1353e+00
1501 +2.601852941e-06 +2.601852941e-06 +4.869500026e+02 +4.869500026e+02 -3.9751e+00 -8.8510e-02 -1.1353e+00
1518 +2.108930289e-06 +2.108930289e-06 +4.869500021e+02 +4.869500021e+02 -3.9753e+00 -8.9038e-02 -1.1352e+00
1527 +1.378892875e-06 +1.378892875e-06 +4.869500014e+02 +4.869500014e+02 -3.9752e+00 -8.8970e-02 -1.1352e+00
1580 +4.582906854e-07 +4.582906854e-07 +4.869500005e+02 +4.869500005e+02 -3.9752e+00 -8.8864e-02 -1.1352e+00
1681 +2.955775926e-07 +2.955775926e-07 +4.869500003e+02 +4.869500003e+02 -3.9752e+00 -8.8864e-02 -1.1352e+00
1757 +2.480170451e-07 +2.480170451e-07 +4.869500002e+02 +4.869500002e+02 -3.9752e+00 -8.8851e-02 -1.1352e+00
1801 +1.510736070e-07 +1.510736070e-07 +4.869500002e+02 +4.869500002e+02 -3.9752e+00 -8.8903e-02 -1.1352e+00
1846 +9.654911537e-08 +9.654911537e-08 +4.869500001e+02 +4.869500001e+02 -3.9752e+00 -8.8824e-02 -1.1352e+00
1897 +6.203606517e-08 +6.203606517e-08 +4.869500001e+02 +4.869500001e+02 -3.9752e+00 -8.8776e-02 -1.1352e+00
1951 +2.330347115e-08 +2.330347115e-08 +4.869500000e+02 +4.869500000e+02 -3.9752e+00 -8.8822e-02 -1.1352e+00
1972 +5.385686563e-09 +5.385686563e-09 +4.869500000e+02 +4.869500000e+02 -3.9752e+00 -8.8811e-02 -1.1352e+00
% function evaluation | noise-free fitness - Fopt (9.655000000000e+01) | best noise-free fitness - Fopt | measured fitness | best measured fitness | x1 | x2...
1 +1.139089539e+03 +1.139089539e+03 +1.235639539e+03 +1.235639539e+03 +1.4414e+00 -3.0047e+00 +1.6215e+00
3 +5.219165062e+02 +5.219165062e+02 +6.184665062e+02 +6.184665062e+02 +5.3093e-01 +1.4795e+00 +3.6499e+00
19 +2.603632992e+02 +2.603632992e+02 +3.569132992e+02 +3.569132992e+02 +4.1488e+00 +3.9530e+00 -2.3808e+00
47 +2.239613071e+02 +2.239613071e+02 +3.205113071e+02 +3.205113071e+02 +2.6160e+00 +4.7860e+00 -1.9565e+00
53 +9.906954277e+01 +9.906954277e+01 +1.956195428e+02 +1.956195428e+02 +2.7956e+00 +3.3044e+00 -1.9344e+00
96 +6.151891797e+01 +6.151891797e+01 +1.580689180e+02 +1.580689180e+02 +1.1707e+00 +2.8551e+00 -1.0120e+00
158 +3.414375609e+01 +3.414375609e+01 +1.306937561e+02 +1.306937561e+02 +2.4479e+00 +3.4803e+00 -2.1411e+00
213 +1.794196983e+01 +1.794196983e+01 +1.144919698e+02 +1.144919698e+02 +2.3621e+00 +3.4057e+00 -2.2059e+00
231 +1.166488486e+01 +1.166488486e+01 +1.082148849e+02 +1.082148849e+02 +2.4263e+00 +3.2952e+00 -2.5702e+00
324 +8.268612024e+00 +8.268612024e+00 +1.048186120e+02 +1.048186120e+02 +2.0339e+00 +3.2240e+00 -1.9480e+00
329 +5.523380017e+00 +5.523380017e+00 +1.020733800e+02 +1.020733800e+02 +2.1895e+00 +3.2363e+00 -2.0816e+00
379 +3.510096012e+00 +3.510096012e+00 +1.000600960e+02 +1.000600960e+02 +2.5029e+00 +3.3438e+00 -2.5717e+00
406 +1.989973827e+00 +1.989973827e+00 +9.853997383e+01 +9.853997383e+01 +2.5076e+00 +3.3377e+00 -2.5694e+00
454 +1.457105174e+00 +1.457105174e+00 +9.800710517e+01 +9.800710517e+01 +2.3509e+00 +3.3007e+00 -2.3442e+00
468 +7.255764615e-01 +7.255764615e-01 +9.727557646e+01 +9.727557646e+01 +2.3773e+00 +3.3079e+00 -2.3734e+00
546 +5.108817713e-01 +5.108817713e-01 +9.706088177e+01 +9.706088177e+01 +2.3623e+00 +3.3051e+00 -2.3489e+00
553 +3.215151627e-01 +3.215151627e-01 +9.687151516e+01 +9.687151516e+01 +2.3025e+00 +3.2943e+00 -2.2592e+00
588 +1.639292807e-01 +1.639292807e-01 +9.671392928e+01 +9.671392928e+01 +2.2043e+00 +3.2721e+00 -2.1128e+00
620 +1.101884438e-01 +1.101884438e-01 +9.666018844e+01 +9.666018844e+01 +2.1955e+00 +3.2707e+00 -2.0971e+00
669 +5.661236611e-02 +5.661236611e-02 +9.660661237e+01 +9.660661237e+01 +2.2576e+00 +3.2840e+00 -2.1914e+00
721 +3.770309911e-02 +3.770309911e-02 +9.658770310e+01 +9.658770310e+01 +2.2112e+00 +3.2743e+00 -2.1220e+00
761 +1.944415209e-02 +1.944415209e-02 +9.656944415e+01 +9.656944415e+01 +2.2097e+00 +3.2741e+00 -2.1191e+00
848 +5.446664876e-03 +5.446664876e-03 +9.655544666e+01 +9.655544666e+01 +2.2117e+00 +3.2745e+00 -2.1223e+00
903 +2.075453637e-03 +2.075453637e-03 +9.655207545e+01 +9.655207545e+01 +2.2096e+00 +3.2741e+00 -2.1192e+00
1008 +1.322853379e-03 +1.322853379e-03 +9.655132285e+01 +9.655132285e+01 +2.2112e+00 +3.2744e+00 -2.1216e+00
1028 +6.170948287e-04 +6.170948287e-04 +9.655061709e+01 +9.655061709e+01 +2.2068e+00 +3.2735e+00 -2.1150e+00
1142 +3.347456269e-04 +3.347456269e-04 +9.655033475e+01 +9.655033475e+01 +2.2112e+00 +3.2744e+00 -2.1216e+00
1156 +1.712413605e-04 +1.712413605e-04 +9.655017124e+01 +9.655017124e+01 +2.2112e+00 +3.2744e+00 -2.1216e+00
1190 +1.164279629e-04 +1.164279629e-04 +9.655011643e+01 +9.655011643e+01 +2.2119e+00 +3.2746e+00 -2.1227e+00
1252 +3.243031897e-05 +3.243031897e-05 +9.655003243e+01 +9.655003243e+01 +2.2116e+00 +3.2745e+00 -2.1222e+00
1326 +3.611657817e-06 +3.611657817e-06 +9.655000361e+01 +9.655000361e+01 +2.2114e+00 +3.2745e+00 -2.1220e+00
1501 +1.784749998e-06 +1.784749998e-06 +9.655000178e+01 +9.655000178e+01 +2.2112e+00 +3.2744e+00 -2.1216e+00
1518 +6.758570095e-07 +6.758570095e-07 +9.655000068e+01 +9.655000068e+01 +2.2113e+00 +3.2744e+00 -2.1217e+00
1576 +4.419454172e-07 +4.419454172e-07 +9.655000044e+01 +9.655000044e+01 +2.2111e+00 +3.2744e+00 -2.1215e+00
1648 +1.440509010e-07 +1.440509010e-07 +9.655000014e+01 +9.655000014e+01 +2.2112e+00 +3.2744e+00 -2.1216e+00
1727 +6.644003747e-08 +6.644003747e-08 +9.655000007e+01 +9.655000007e+01 +2.2112e+00 +3.2744e+00 -2.1217e+00
1759 +4.359334582e-08 +4.359334582e-08 +9.655000004e+01 +9.655000004e+01 +2.2112e+00 +3.2744e+00 -2.1216e+00
1801 +2.607409044e-08 +2.607409044e-08 +9.655000003e+01 +9.655000003e+01 +2.2112e+00 +3.2744e+00 -2.1216e+00
1816 +1.543530459e-08 +1.543530459e-08 +9.655000002e+01 +9.655000002e+01 +2.2112e+00 +3.2744e+00 -2.1216e+00
1897 +2.106901320e-09 +2.106901320e-09 +9.655000000e+01 +9.655000000e+01 +2.2112e+00 +3.2744e+00 -2.1216e+00
% function evaluation | noise-free fitness - Fopt (6.320000000000e+00) | best noise-free fitness - Fopt | measured fitness | best measured fitness | x1 | x2...
1 +1.396298862e+03 +1.396298862e+03 +1.402618862e+03 +1.402618862e+03 +1.2754e+00 -4.3497e+00 -4.5026e+00
2 +5.272031550e+02 +5.272031550e+02 +5.335231550e+02 +5.335231550e+02 +1.8088e-01 -4.6345e+00 +4.5184e+00
25 +3.286708104e+02 +3.286708104e+02 +3.349908104e+02 +3.349908104e+02 +1.8037e-01 +7.3962e-02 +4.0124e+00
34 +7.351375386e+01 +7.351375386e+01 +7.983375386e+01 +7.983375386e+01 +2.6939e+00 -1.0033e+00 +1.8866e+00
78 +2.935697435e+01 +2.935697435e+01 +3.567697435e+01 +3.567697435e+01 +2.9950e+00 -2.0548e+00 +1.7219e+00
185 +2.033693575e+01 +2.033693575e+01 +2.665693575e+01 +2.665693575e+01 +3.2690e+00 -1.7782e+00 +1.1514e+00
296 +9.709812657e+00 +9.709812657e+00 +1.602981266e+01 +1.602981266e+01 +3.8038e+00 -2.2807e+00 +4.2884e-01
354 +5.998146773e+00 +5.998146773e+00 +1.231814677e+01 +1.231814677e+01 +3.6208e+00 -2.1299e+00 +7.5072e-01
361 +3.691715518e+00 +3.691715518e+00 +1.001171552e+01 +1.001171552e+01 +3.6098e+00 -2.1337e+00 +7.4431e-01
461 +7.934906885e-01 +7.934906885e-01 +7.113490689e+00 +7.113490689e+00 +3.2167e+00 -1.9053e+00 +1.3419e+00
511 +4.763859518e-01 +4.763859518e-01 +6.796385952e+00 +6.796385952e+00 +3.3485e+00 -1.9868e+00 +1.1388e+00
541 +1.646877553e-01 +1.646877553e-01 +6.484687755e+00 +6.484687755e+00 +3.3488e+00 -1.9902e+00 +1.1403e+00
553 +8.948083256e-02 +8.948083256e-02 +6.409480833e+00 +6.409480833e+00 +3.2990e+00 -1.9612e+00 +1.2147e+00
676 +3.974645426e-02 +3.974645426e-02 +6.359746454e+00 +6.359746454e+00 +3.3195e+00 -1.9731e+00 +1.1844e+00
721 +8.771626475e-03 +8.771626475e-03 +6.328771626e+00 +6.328771626e+00 +3.2751e+00 -1.9466e+00 +1.2515e+00
770 +5.602395067e-03 +5.602395067e-03 +6.325602395e+00 +6.325602395e+00 +3.2799e+00 -1.9494e+00 +1.2443e+00
934 +3.647610185e-03 +3.647610185e-03 +6.323647610e+00 +6.323647610e+00 +3.3011e+00 -1.9621e+00 +1.2121e+00
1003 +7.526138659e-04 +7.526138659e-04 +6.320752614e+00 +6.320752614e+00 +3.2896e+00 -1.9552e+00 +1.2295e+00
1098 +2.460880142e-04 +2.460880142e-04 +6.320246088e+00 +6.320246088e+00 +3.2899e+00 -1.9554e+00 +1.2291e+00
1157 +6.267825782e-05 +6.267825782e-05 +6.320062678e+00 +6.320062678e+00 +3.2897e+00 -1.9552e+00 +1.2295e+00
1267 +1.420317166e-05 +1.420317166e-05 +6.320014203e+00 +6.320014203e+00 +3.2898e+00 -1.9553e+00 +1.2292e+00
1323 +8.537884831e-06 +8.537884831e-06 +6.320008538e+00 +6.320008538e+00 +3.2894e+00 -1.9551e+00 +1.2300e+00
1385 +4.981873427e-06 +4.981873427e-06 +6.320004982e+00 +6.320004982e+00 +3.2895e+00 -1.9552e+00 +1.2297e+00
1488 +2.950030387e-06 +2.950030387e-06 +6.320002950e+00 +6.320002950e+00 +3.2897e+00 -1.9552e+00 +1.2295e+00
1511 +2.437532261e-06 +2.437532261e-06 +6.320002438e+00 +6.320002438e+00 +3.2894e+00 -1.9551e+00 +1.2300e+00
1532 +4.674295475e-07 +4.674295475e-07 +6.320000467e+00 +6.320000467e+00 +3.2895e+00 -1.9552e+00 +1.2297e+00
1713 +2.914887176e-07 +2.914887176e-07 +6.320000291e+00 +6.320000291e+00 +3.2896e+00 -1.9552e+00 +1.2296e+00
1751 +2.034399236e-07 +2.034399236e-07 +6.320000203e+00 +6.320000203e+00 +3.2896e+00 -1.9552e+00 +1.2295e+00
1773 +1.203695339e-07 +1.203695339e-07 +6.320000120e+00 +6.320000120e+00 +3.2896e+00 -1.9552e+00 +1.2296e+00
1797 +4.712120383e-08 +4.712120383e-08 +6.320000047e+00 +6.320000047e+00 +3.2896e+00 -1.9552e+00 +1.2296e+00
1801 +3.979374785e-08 +3.979374785e-08 +6.320000040e+00 +6.320000040e+00 +3.2896e+00 -1.9552e+00 +1.2296e+00
1915 +2.366649721e-08 +2.366649721e-08 +6.320000024e+00 +6.320000024e+00 +3.2896e+00 -1.9552e+00 +1.2296e+00
1943 +1.282298268e-08 +1.282298268e-08 +6.320000013e+00 +6.320000013e+00 +3.2896e+00 -1.9552e+00 +1.2296e+00
1965 +7.927563495e-09 +7.927563495e-09 +6.320000008e+00 +6.320000008e+00 +3.2896e+00 -1.9552e+00 +1.2296e+00
% function evaluation | noise-free fitness - Fopt (-1.275100000000e+02) | best noise-free fitness - Fopt | measured fitness | best measured fitness | x1 | x2...
1 +1.026656427e+02 +1.026656427e+02 -2.484435735e+01 -2.484435735e+01 -2.5423e+00 -2.6036e+00 +2.6181e+00
40 +8.604208221e+01 +8.604208221e+01 -4.146791779e+01 -4.146791779e+01 -2.7361e+00 -2.4712e+00 +2.5426e+00
182 +3.590270750e+01 +3.590270750e+01 -9.160729250e+01 -9.160729250e+01 -3.5978e+00 -2.9430e+00 +8.6674e-01
239 +1.838822861e+01 +1.838822861e+01 -1.091217714e+02 -1.091217714e+02 -4.4178e+00 -3.6910e+00 +2.3660e-01
245 +3.183472527e+00 +3.183472527e+00 -1.243265275e+02 -1.243265275e+02 -3.8744e+00 -3.1787e+00 +8.4548e-01
372 +2.077150392e+00 +2.077150392e+00 -1.254328496e+02 -1.254328496e+02 -3.8408e+00 -3.1492e+00 +8.7702e-01
406 +1.388447865e+00 +1.388447865e+00 -1.261215521e+02 -1.261215521e+02 -3.8351e+00 -3.1481e+00 +8.7159e-01
483 +8.551981882e-01 +8.551981882e-01 -1.266548018e+02 -1.266548018e+02 -3.8514e+00 -3.1722e+00 +8.4875e-01
484 +1.233696940e-01 +1.233696940e-01 -1.273866303e+02 -1.273866303e+02 -3.7142e+00 -3.0372e+00 +1.0176e+00
496 +7.520520799e-02 +7.520520799e-02 -1.274347948e+02 -1.274347948e+02 -3.7267e+00 -3.0506e+00 +1.0021e+00
628 +5.255634711e-02 +5.255634711e-02 -1.274574437e+02 -1.274574437e+02 -3.7387e+00 -3.0624e+00 +9.8789e-01
701 +3.750195497e-02 +3.750195497e-02 -1.274724980e+02 -1.274724980e+02 -3.7523e+00 -3.0764e+00 +9.7123e-01
721 +2.408523224e-02 +2.408523224e-02 -1.274859148e+02 -1.274859148e+02 -3.7523e+00 -3.0764e+00 +9.7131e-01
737 +9.006675563e-03 +9.006675563e-03 -1.275009933e+02 -1.275009933e+02 -3.7372e+00 -3.0612e+00 +9.8993e-01
843 +4.964373628e-03 +4.964373628e-03 -1.275050356e+02 -1.275050356e+02 -3.7315e+00 -3.0555e+00 +9.9683e-01
866 +2.575877259e-03 +2.575877259e-03 -1.275074241e+02 -1.275074241e+02 -3.7400e+00 -3.0640e+00 +9.8652e-01
905 +1.585962977e-03 +1.585962977e-03 -1.275084140e+02 -1.275084140e+02 -3.7415e+00 -3.0655e+00 +9.8468e-01
925 +1.424186666e-03 +1.424186666e-03 -1.275085758e+02 -1.275085758e+02 -3.7309e+00 -3.0549e+00 +9.9758e-01
961 +9.156886906e-04 +9.156886906e-04 -1.275090843e+02 -1.275090843e+02 -3.7309e+00 -3.0549e+00 +9.9759e-01
984 +6.211394036e-04 +6.211394036e-04 -1.275093789e+02 -1.275093789e+02 -3.7345e+00 -3.0585e+00 +9.9321e-01
1051 +3.636418332e-04 +3.636418332e-04 -1.275096364e+02 -1.275096364e+02 -3.7360e+00 -3.0600e+00 +9.9133e-01
1055 +2.023595383e-04 +2.023595383e-04 -1.275097976e+02 -1.275097976e+02 -3.7361e+00 -3.0601e+00 +9.9126e-01
1090 +4.164461177e-05 +4.164461177e-05 -1.275099584e+02 -1.275099584e+02 -3.7363e+00 -3.0603e+00 +9.9097e-01
1143 +1.499648202e-05 +1.499648202e-05 -1.275099850e+02 -1.275099850e+02 -3.7365e+00 -3.0605e+00 +9.9078e-01
1246 +6.312720885e-06 +6.312720885e-06 -1.275099937e+02 -1.275099937e+02 -3.7369e+00 -3.0609e+00 +9.9027e-01
1293 +4.467260553e-06 +4.467260553e-06 -1.275099955e+02 -1.275099955e+02 -3.7370e+00 -3.0610e+00 +9.9012e-01
1336 +2.249922204e-06 +2.249922204e-06 -1.275099978e+02 -1.275099978e+02 -3.7369e+00 -3.0609e+00 +9.9025e-01
1351 +1.294668053e-06 +1.294668053e-06 -1.275099987e+02 -1.275099987e+02 -3.7369e+00 -3.0609e+00 +9.9034e-01
1427 +9.820796407e-07 +9.820796407e-07 -1.275099990e+02 -1.275099990e+02 -3.7369e+00 -3.0609e+00 +9.9029e-01
1514 +2.192711861e-07 +2.192711861e-07 -1.275099998e+02 -1.275099998e+02 -3.7368e+00 -3.0608e+00 +9.9040e-01
1531 +1.118494737e-07 +1.118494737e-07 -1.275099999e+02 -1.275099999e+02 -3.7368e+00 -3.0608e+00 +9.9040e-01
1578 +9.467717632e-08 +9.467717632e-08 -1.275099999e+02 -1.275099999e+02 -3.7368e+00 -3.0608e+00 +9.9039e-01
1621 +5.941033976e-08 +5.941033976e-08 -1.275099999e+02 -1.275099999e+02 -3.7368e+00 -3.0608e+00 +9.9039e-01
1700 +3.693712358e-08 +3.693712358e-08 -1.275100000e+02 -1.275100000e+02 -3.7368e+00 -3.0608e+00 +9.9039e-01
1715 +2.339520222e-08 +2.339520222e-08 -1.275100000e+02 -1.275100000e+02 -3.7368e+00 -3.0608e+00 +9.9039e-01
1756 +1.004148942e-08 +1.004148942e-08 -1.275100000e+02 -1.275100000e+02 -3.7368e+00 -3.0608e+00 +9.9041e-01
1787 +6.507917760e-09 +6.507917760e-09 -1.275100000e+02 -1.275100000e+02 -3.7368e+00 -3.0608e+00 +9.9042e-01
% function evaluation | noise-free fitness - Fopt (8.328000000000e+02) | best noise-free fitness - Fopt | measured fitness | best measured fitness | x1 | x2...
1 +1.934992383e+03 +1.934992383e+03 +2.767792383e+03 +2.767792383e+03 +4.3065e+00 +2.5286e+00 -8.0626e-01
2 +3.231658114e+02 +3.231658114e+02 +1.155965811e+03 +1.155965811e+03 -1.0181e+00 -4.0843e+00 +1.1121e+00
35 +2.502655543e+02 +2.502655543e+02 +1.083065554e+03 +1.083065554e+03 -1.5333e+00 -6.2790e-01 -1.7886e+00
107 +1.504085321e+02 +1.504085321e+02 +9.832085321e+02 +9.832085321e+02 +1.0568e+00 -4.8308e+00 -1.0398e-01
156 +6.095198984e+01 +6.095198984e+01 +8.937519898e+02 +8.937519898e+02 +1.2338e+00 -4.7919e+00 +4.0821e-01
248 +1.979960778e+01 +1.979960778e+01 +8.525996078e+02 +8.525996078e+02 -1.4058e+00 -2.1035e+00 -6.9172e-01
290 +3.503728572e+00 +3.503728572e+00 +8.363037286e+02 +8.363037286e+02 -1.7980e+00 -1.7881e+00 -8.3852e-01
346 +1.546041997e+00 +1.546041997e+00 +8.343460420e+02 +8.343460420e+02 -2.1459e+00 -1.4324e+00 -9.8321e-01
469 +4.166599278e-01 +4.166599278e-01 +8.332166599e+02 +8.332166599e+02 -2.5391e+00 -1.0337e+00 -1.1421e+00
605 +2.374313764e-01 +2.374313764e-01 +8.330374314e+02 +8.330374314e+02 -2.5515e+00 -1.0194e+00 -1.1471e+00
650 +1.137539865e-01 +1.137539865e-01 +8.329137540e+02 +8.329137540e+02 -2.8967e+00 -6.6922e-01 -1.2878e+00
667 +5.359406723e-02 +5.359406723e-02 +8.328535941e+02 +8.328535941e+02 -2.7669e+00 -8.0104e-01 -1.2349e+00
766 +3.464551616e-02 +3.464551616e-02 +8.328346455e+02 +8.328346455e+02 -2.8504e+00 -7.1653e-01 -1.2691e+00
796 +1.840578122e-02 +1.840578122e-02 +8.328184058e+02 +8.328184058e+02 -2.8044e+00 -7.6320e-01 -1.2503e+00
797 +1.196897910e-02 +1.196897910e-02 +8.328119690e+02 +8.328119690e+02 -2.7713e+00 -7.9683e-01 -1.2368e+00
857 +7.983215771e-03 +7.983215771e-03 +8.328079832e+02 +8.328079832e+02 -2.7677e+00 -8.0040e-01 -1.2354e+00
873 +6.052771413e-03 +6.052771413e-03 +8.328060528e+02 +8.328060528e+02 -2.7455e+00 -8.2291e-01 -1.2263e+00
908 +3.978291574e-03 +3.978291574e-03 +8.328039783e+02 +8.328039783e+02 -2.7790e+00 -7.8900e-01 -1.2399e+00
1037 +1.447834510e-03 +1.447834510e-03 +8.328014478e+02 +8.328014478e+02 -2.7729e+00 -7.9519e-01 -1.2374e+00
1086 +9.542336579e-05 +9.542336579e-05 +8.328000954e+02 +8.328000954e+02 -2.7774e+00 -7.9055e-01 -1.2393e+00
1251 +2.579252896e-05 +2.579252896e-05 +8.328000258e+02 +8.328000258e+02 -2.7769e+00 -7.9110e-01 -1.2391e+00
1321 +1.856659833e-05 +1.856659833e-05 +8.328000186e+02 +8.328000186e+02 -2.7757e+00 -7.9227e-01 -1.2386e+00
1339 +1.323241031e-05 +1.323241031e-05 +8.328000132e+02 +8.328000132e+02 -2.7762e+00 -7.9182e-01 -1.2388e+00
1385 +3.639446618e-06 +3.639446618e-06 +8.328000036e+02 +8.328000036e+02 -2.7754e+00 -7.9264e-01 -1.2385e+00
1501 +1.140579229e-06 +1.140579229e-06 +8.328000011e+02 +8.328000011e+02 -2.7754e+00 -7.9264e-01 -1.2385e+00
1607 +6.404408168e-07 +6.404408168e-07 +8.328000006e+02 +8.328000006e+02 -2.7750e+00 -7.9298e-01 -1.2383e+00
1625 +5.382850077e-07 +5.382850077e-07 +8.328000005e+02 +8.328000005e+02 -2.7753e+00 -7.9273e-01 -1.2384e+00
1687 +2.307832574e-07 +2.307832574e-07 +8.328000002e+02 +8.328000002e+02 -2.7750e+00 -7.9297e-01 -1.2383e+00
1748 +1.340114295e-07 +1.340114295e-07 +8.328000001e+02 +8.328000001e+02 -2.7751e+00 -7.9290e-01 -1.2384e+00
1795 +7.171138350e-08 +7.171138350e-08 +8.328000001e+02 +8.328000001e+02 -2.7753e+00 -7.9272e-01 -1.2384e+00
1833 +5.700724159e-08 +5.700724159e-08 +8.328000001e+02 +8.328000001e+02 -2.7753e+00 -7.9269e-01 -1.2384e+00
1891 +3.100160484e-08 +3.100160484e-08 +8.328000000e+02 +8.328000000e+02 -2.7753e+00 -7.9272e-01 -1.2384e+00
1909 +2.150670753e-08 +2.150670753e-08 +8.328000000e+02 +8.328000000e+02 -2.7752e+00 -7.9284e-01 -1.2384e+00
1938 +4.725848157e-09 +4.725848157e-09 +8.328000000e+02 +8.328000000e+02 -2.7752e+00 -7.9279e-01 -1.2384e+00
