% function evaluation | noise-free fitness - Fopt (7.948000000000e+01) | best noise-free fitness - Fopt | measured fitness | best measured fitness | x1 | x2...
1 +7.145182917e+00 +7.145182917e+00 +8.662518292e+01 +8.662518292e+01 -7.9601e-01 -3.1491e+00 +7.1685e-01
32 +4.018645892e-01 +4.018645892e-01 +7.988186459e+01 +7.988186459e+01 +2.0702e-01 -5.2479e-01 -7.0579e-01
112 +2.950917829e-01 +2.950917829e-01 +7.977509178e+01 +7.977509178e+01 +4.3879e-01 -1.3135e+00 -1.2097e+00
121 +1.213369191e-01 +1.213369191e-01 +7.960133692e+01 +7.960133692e+01 +3.4555e-01 -1.3592e+00 -9.9189e-01
167 +8.617692324e-02 +8.617692324e-02 +7.956617692e+01 +7.956617692e+01 +3.7776e-01 -1.2776e+00 -9.6059e-01
181 +4.948187308e-02 +4.948187308e-02 +7.952948187e+01 +7.952948187e+01 +4.3417e-01 -1.0536e+00 -8.0104e-01
275 +3.539468125e-02 +3.539468125e-02 +7.951539468e+01 +7.951539468e+01 +3.2734e-01 -1.0937e+00 -5.6321e-01
319 +2.181724675e-02 +2.181724675e-02 +7.950181725e+01 +7.950181725e+01 +3.7662e-01 -1.0861e+00 -7.6256e-01
348 +1.211814053e-02 +1.211814053e-02 +7.949211814e+01 +7.949211814e+01 +2.3064e-01 -1.1272e+00 -8.2770e-01
403 +7.678108650e-03 +7.678108650e-03 +7.948767811e+01 +7.948767811e+01 +2.6257e-01 -1.1140e+00 -6.4814e-01
420 +2.798893095e-03 +2.798893095e-03 +7.948279889e+01 +7.948279889e+01 +2.4557e-01 -1.1417e+00 -7.7418e-01
421 +2.369582230e-03 +2.369582230e-03 +7.948236958e+01 +7.948236958e+01 +2.6031e-01 -1.1937e+00 -7.5491e-01
484 +1.125601016e-03 +1.125601016e-03 +7.948112560e+01 +7.948112560e+01 +2.2410e-01 -1.1741e+00 -7.2584e-01
498 +3.754513411e-04 +3.754513411e-04 +7.948037545e+01 +7.948037545e+01 +2.3686e-01 -1.1571e+00 -7.1299e-01
560 +1.264350536e-04 +1.264350536e-04 +7.948012644e+01 +7.948012644e+01 +2.4389e-01 -1.1548e+00 -7.3056e-01
573 +6.530853585e-05 +6.530853585e-05 +7.948006531e+01 +7.948006531e+01 +2.5299e-01 -1.1537e+00 -7.3148e-01
616 +5.274157722e-05 +5.274157722e-05 +7.948005274e+01 +7.948005274e+01 +2.5543e-01 -1.1545e+00 -7.3036e-01
638 +7.852121414e-06 +7.852121414e-06 +7.948000785e+01 +7.948000785e+01 +2.5357e-01 -1.1595e+00 -7.2395e-01
703 +9.815568944e-07 +9.815568944e-07 +7.948000098e+01 +7.948000098e+01 +2.5334e-01 -1.1570e+00 -7.2480e-01
710 +5.490272912e-07 +5.490272912e-07 +7.948000055e+01 +7.948000055e+01 +2.5303e-01 -1.1563e+00 -7.2353e-01
815 +2.082059609e-07 +2.082059609e-07 +7.948000021e+01 +7.948000021e+01 +2.5283e-01 -1.1563e+00 -7.2398e-01
912 +2.350583372e-08 +2.350583372e-08 +7.948000002e+01 +7.948000002e+01 +2.5295e-01 -1.1568e+00 -7.2400e-01
1038 +1.435812180e-08 +1.435812180e-08 +7.948000001e+01 +7.948000001e+01 +2.5273e-01 -1.1567e+00 -7.2408e-01
1091 +5.201599151e-09 +5.201599151e-09 +7.948000001e+01 +7.948000001e+01 +2.5287e-01 -1.1568e+00 -7.2400e-01
1099 +3.289798656e-09 +3.289798656e-09 +7.948000000e+01 +7.948000000e+01 +2.5279e-01 -1.1568e+00 -7.2406e-01
1130 +1.246220904e-09 +1.246220904e-09 +7.948000000e+01 +7.948000000e+01 +2.5283e-01 -1.1568e+00 -7.2401e-01
1184 +3.332161214e-10 +3.332161214e-10 +7.948000000e+01 +7.948000000e+01 +2.5278e-01 -1.1568e+00 -7.2400e-01
1187 +1.611510925e-10 +1.611510925e-10 +7.948000000e+01 +7.948000000e+01 +2.5280e-01 -1.1568e+00 -7.2401e-01
1201 +1.440838560e-10 +1.440838560e-10 +7.948000000e+01 +7.948000000e+01 +2.5280e-01 -1.1568e+00 -7.2401e-01
1306 +4.730793535e-11 +4.730793535e-11 +7.948000000e+01 +7.948000000e+01 +2.5279e-01 -1.1568e+00 -7.2400e-01
1309 +2.893330020e-11 +2.893330020e-11 +7.948000000e+01 +7.948000000e+01 +2.5279e-01 -1.1568e+00 -7.2400e-01
1343 +1.935518412e-11 +1.935518412e-11 +7.948000000e+01 +7.948000000e+01 +2.5280e-01 -1.1568e+00 -7.2400e-01
1355 +7.716494110e-12 +7.716494110e-12 +7.948000000e+01 +7.948000000e+01 +2.5280e-01 -1.1568e+00 -7.2400e-01
1368 +1.762145985e-12 +1.762145985e-12 +7.948000000e+01 +7.948000000e+01 +2.5280e-01 -1.1568e+00 -7.2400e-01
1402 +1.165290087e-12 +1.165290087e-12 +7.948000000e+01 +7.948000000e+01 +2.5280e-01 -1.1568e+00 -7.2400e-01
1429 +5.684341886e-13 +5.684341886e-13 +7.948000000e+01 +7.948000000e+01 +2.5280e-01 -1.1568e+00 -7.2400e-01
1508 +9.947598301e-14 +9.947598301e-14 +7.948000000e+01 +7.948000000e+01 +2.5280e-01 -1.1568e+00 -7.2400e-01
1565 +2.842170943e-14 +2.842170943e-14 +7.948000000e+01 +7.948000000e+01 +2.5280e-01 -1.1568e+00 -7.2400e-01
1606 +1.421085472e-14 +1.421085472e-14 +7.948000000e+01 +7.948000000e+01 +2.5280e-01 -1.1568e+00 -7.2400e-01
1661 +0.000000000e+00 +0.000000000e+00 +7.948000000e+01 +7.948000000e+01 +2.5280e-01 -1.1568e+00 -7.2400e-01
% function evaluation | noise-free fitness - Fopt (3.944800000000e+02) | best noise-free fitness - Fopt | measured fitness | best measured fitness | x1 | x2...
1 +3.269258833e+01 +3.269258833e+01 +4.271725883e+02 +4.271725883e+02 +6.8000e-01 -6.0712e-01 -1.2495e+00
2 +1.320732567e+01 +1.320732567e+01 +4.076873257e+02 +4.076873257e+02 -4.0951e+00 -9.2927e-01 -7.4911e-01
9 +6.735611959e+00 +6.735611959e+00 +4.012156120e+02 +4.012156120e+02 -2.1123e+00 -1.0152e+00 -3.6319e+00
32 +3.230427295e+00 +3.230427295e+00 +3.977104273e+02 +3.977104273e+02 -2.9191e+00 -1.6754e+00 -2.9106e+00
77 +2.100899257e+00 +2.100899257e+00 +3.965808993e+02 +3.965808993e+02 -4.6348e+00 -1.7313e+00 -4.2663e+00
81 +8.350624772e-01 +8.350624772e-01 +3.953150625e+02 +3.953150625e+02 -4.7363e+00 -2.5768e+00 -3.9887e+00
155 +2.703001867e-01 +2.703001867e-01 +3.947503002e+02 +3.947503002e+02 -4.3323e+00 -3.1756e+00 -3.7751e+00
199 +2.479250123e-01 +2.479250123e-01 +3.947279250e+02 +3.947279250e+02 -4.1965e+00 -2.5033e+00 -3.7064e+00
207 +1.359714929e-01 +1.359714929e-01 +3.946159715e+02 +3.946159715e+02 -3.7879e+00 -2.5559e+00 -3.6934e+00
212 +1.443280825e-02 +1.443280825e-02 +3.944944328e+02 +3.944944328e+02 -3.8613e+00 -2.8704e+00 -3.9149e+00
295 +7.840531104e-03 +7.840531104e-03 +3.944878405e+02 +3.944878405e+02 -3.8253e+00 -2.8685e+00 -3.8474e+00
296 +4.942673214e-03 +4.942673214e-03 +3.944849427e+02 +3.944849427e+02 -3.9522e+00 -2.8877e+00 -3.7572e+00
301 +1.802610222e-03 +1.802610222e-03 +3.944818026e+02 +3.944818026e+02 -3.9312e+00 -2.8946e+00 -3.8290e+00
393 +3.172974835e-04 +3.172974835e-04 +3.944803173e+02 +3.944803173e+02 -3.9147e+00 -2.8835e+00 -3.8001e+00
395 +1.525603383e-04 +1.525603383e-04 +3.944801526e+02 +3.944801526e+02 -3.8948e+00 -2.9021e+00 -3.8006e+00
466 +8.352349596e-05 +8.352349596e-05 +3.944800835e+02 +3.944800835e+02 -3.8985e+00 -2.8990e+00 -3.7994e+00
528 +2.362176269e-05 +2.362176269e-05 +3.944800236e+02 +3.944800236e+02 -3.8966e+00 -2.8948e+00 -3.8033e+00
664 +1.055135652e-05 +1.055135652e-05 +3.944800106e+02 +3.944800106e+02 -3.9008e+00 -2.8888e+00 -3.8008e+00
682 +9.799129941e-06 +9.799129941e-06 +3.944800098e+02 +3.944800098e+02 -3.8980e+00 -2.8881e+00 -3.8003e+00
754 +2.049332977e-06 +2.049332977e-06 +3.944800020e+02 +3.944800020e+02 -3.8990e+00 -2.8916e+00 -3.8020e+00
757 +1.315363477e-06 +1.315363477e-06 +3.944800013e+02 +3.944800013e+02 -3.8982e+00 -2.8902e+00 -3.8013e+00
798 +3.698687578e-07 +3.698687578e-07 +3.944800004e+02 +3.944800004e+02 -3.8988e+00 -2.8901e+00 -3.8028e+00
880 +1.285343387e-07 +1.285343387e-07 +3.944800001e+02 +3.944800001e+02 -3.8983e+00 -2.8901e+00 -3.8024e+00
903 +5.410254289e-08 +5.410254289e-08 +3.944800001e+02 +3.944800001e+02 -3.8982e+00 -2.8905e+00 -3.8025e+00
917 +2.771213303e-08 +2.771213303e-08 +3.944800000e+02 +3.944800000e+02 -3.8985e+00 -2.8904e+00 -3.8025e+00
1006 +2.426173751e-08 +2.426173751e-08 +3.944800000e+02 +3.944800000e+02 -3.8985e+00 -2.8904e+00 -3.8025e+00
1020 +1.449132014e-08 +1.449132014e-08 +3.944800000e+02 +3.944800000e+02 -3.8984e+00 -2.8905e+00 -3.8024e+00
1036 +9.594202766e-09 +9.594202766e-09 +3.944800000e+02 +3.944800000e+02 -3.8984e+00 -2.8903e+00 -3.8023e+00
1048 +2.496960860e-09 +2.496960860e-09 +3.944800000e+02 +3.944800000e+02 -3.8984e+00 -2.8904e+00 -3.8024e+00
1140 +1.287730811e-09 +1.287730811e-09 +3.944800000e+02 +3.944800000e+02 -3.8984e+00 -2.8904e+00 -3.8024e+00
1141 +8.744791558e-10 +8.744791558e-10 +3.944800000e+02 +3.944800000e+02 -3.8984e+00 -2.8904e+00 -3.8024e+00
1156 +6.275513442e-11 +6.275513442e-11 +3.944800000e+02 +3.944800000e+02 -3.8984e+00 -2.8904e+00 -3.8024e+00
1235 +2.535216481e-11 +2.535216481e-11 +3.944800000e+02 +3.944800000e+02 -3.8984e+00 -2.8904e+00 -3.8024e+00
1280 +2.313527148e-11 +2.313527148e-11 +3.944800000e+02 +3.944800000e+02 -3.8984e+00 -2.8904e+00 -3.8024e+00
1293 +1.205080480e-11 +1.205080480e-11 +3.944800000e+02 +3.944800000e+02 -3.8984e+00 -2.8904e+00 -3.8024e+00
1299 +4.376943252e-12 +4.376943252e-12 +3.944800000e+02 +3.944800000e+02 -3.8984e+00 -2.8904e+00 -3.8024e+00
1349 +1.193711796e-12 +1.193711796e-12 +3.944800000e+02 +3.944800000e+02 -3.8984e+00 -2.8904e+00 -3.8024e+00
1358 +4.547473509e-13 +4.547473509e-13 +3.944800000e+02 +3.944800000e+02 -3.8984e+00 -2.8904e+00 -3.8024e+00
1367 +1.705302566e-13 +1.705302566e-13 +3.944800000e+02 +3.944800000e+02 -3.8984e+00 -2.8904e+00 -3.8024e+00
1479 +5.684341886e-14 +5.684341886e-14 +3.944800000e+02 +3.944800000e+02 -3.8984e+00 -2.8904e+00 -3.8024e+00
1566 +0.000000000e+00 +0.000000000e+00 +3.944800000e+02 +3.944800000e+02 -3.8984e+00 -2.8904e+00 -3.8024e+00
% function evaluation | noise-free fitness - Fopt (-2.471100000000e+02) | best noise-free fitness - Fopt | measured fitness | best measured fitness | x1 | x2...
1 +4.883574705e+01 +4.883574705e+01 -1.982742530e+02 -1.982742530e+02 +1.4911e+00 -2.7308e+00 +2.8086e+00
2 +4.200820860e+00 +4.200820860e+00 -2.429091791e+02 -2.429091791e+02 -4.8017e+00 -1.5834e+00 -7.3883e-01
35 +3.514072683e+00 +3.514072683e+00 -2.435959273e+02 -2.435959273e+02 -2.5193e+00 -5.8482e-02 -2.0364e+00
130 +1.230930024e+00 +1.230930024e+00 -2.458790700e+02 -2.458790700e+02 -4.4328e+00 -6.5454e-01 -3.8666e-01
145 +7.480253915e-01 +7.480253915e-01 -2.463619746e+02 -2.463619746e+02 -3.5232e+00 -5.4874e-01 -1.0182e+00
158 +6.240506951e-01 +6.240506951e-01 -2.464859493e+02 -2.464859493e+02 -3.9112e+00 +9.4116e-01 -4.3285e-01
183 +2.477180655e-01 +2.477180655e-01 -2.468622819e+02 -2.468622819e+02 -3.7833e+00 +6.2217e-01 -9.5944e-01
187 +9.475328755e-02 +9.475328755e-02 -2.470152467e+02 -2.470152467e+02 -3.5992e+00 +6.5150e-02 -5.0140e-01
211 +4.668527768e-02 +4.668527768e-02 -2.470633147e+02 -2.470633147e+02 -3.6055e+00 +2.3007e-01 -5.9766e-01
302 +3.849821580e-02 +3.849821580e-02 -2.470715018e+02 -2.470715018e+02 -3.7996e+00 +2.2095e-01 -8.8660e-01
316 +2.497131878e-02 +2.497131878e-02 -2.470850287e+02 -2.470850287e+02 -3.7546e+00 +2.1793e-01 -8.4231e-01
358 +1.577603730e-03 +1.577603730e-03 -2.471084224e+02 -2.471084224e+02 -3.8352e+00 +1.8875e-01 -6.9465e-01
392 +7.000887912e-04 +7.000887912e-04 -2.471092999e+02 -2.471092999e+02 -3.7959e+00 +1.9321e-01 -7.1557e-01
466 +3.867335402e-04 +3.867335402e-04 -2.471096133e+02 -2.471096133e+02 -3.8026e+00 +2.0378e-01 -7.1041e-01
556 +2.439668097e-04 +2.439668097e-04 -2.471097560e+02 -2.471097560e+02 -3.8050e+00 +1.9801e-01 -6.7805e-01
620 +3.181007696e-05 +3.181007696e-05 -2.471099682e+02 -2.471099682e+02 -3.8016e+00 +2.0146e-01 -6.9547e-01
683 +2.473886860e-05 +2.473886860e-05 -2.471099753e+02 -2.471099753e+02 -3.7944e+00 +2.0025e-01 -6.9117e-01
706 +1.504473110e-05 +1.504473110e-05 -2.471099850e+02 -2.471099850e+02 -3.7983e+00 +2.0643e-01 -6.8905e-01
736 +7.946794057e-06 +7.946794057e-06 -2.471099921e+02 -2.471099921e+02 -3.8002e+00 +2.0530e-01 -6.9068e-01
754 +7.698309048e-07 +7.698309048e-07 -2.471099992e+02 -2.471099992e+02 -3.7985e+00 +2.0254e-01 -6.9177e-01
811 +4.073501714e-07 +4.073501714e-07 -2.471099996e+02 -2.471099996e+02 -3.7988e+00 +2.0372e-01 -6.9131e-01
931 +1.582713196e-07 +1.582713196e-07 -2.471099998e+02 -2.471099998e+02 -3.7986e+00 +2.0318e-01 -6.9089e-01
995 +9.493885500e-08 +9.493885500e-08 -2.471099999e+02 -2.471099999e+02 -3.7984e+00 +2.0340e-01 -6.9143e-01
1046 +3.722036013e-08 +3.722036013e-08 -2.471100000e+02 -2.471100000e+02 -3.7983e+00 +2.0328e-01 -6.9107e-01
1083 +1.825270601e-08 +1.825270601e-08 -2.471100000e+02 -2.471100000e+02 -3.7984e+00 +2.0324e-01 -6.9108e-01
1126 +1.500433200e-08 +1.500433200e-08 -2.471100000e+02 -2.471100000e+02 -3.7984e+00 +2.0328e-01 -6.9111e-01
1133 +8.113715921e-09 +8.113715921e-09 -2.471100000e+02 -2.471100000e+02 -3.7985e+00 +2.0318e-01 -6.9122e-01
1147 +6.286910548e-09 +6.286910548e-09 -2.471100000e+02 -2.471100000e+02 -3.7984e+00 +2.0314e-01 -6.9115e-01
1171 +5.165361472e-10 +5.165361472e-10 -2.471100000e+02 -2.471100000e+02 -3.7984e+00 +2.0318e-01 -6.9120e-01
1249 +2.577564828e-10 +2.577564828e-10 -2.471100000e+02 -2.471100000e+02 -3.7984e+00 +2.0319e-01 -6.9120e-01
1291 +2.384581421e-10 +2.384581421e-10 -2.471100000e+02 -2.471100000e+02 -3.7984e+00 +2.0320e-01 -6.9120e-01
1315 +1.022613105e-10 +1.022613105e-10 -2.471100000e+02 -2.471100000e+02 -3.7984e+00 +2.0320e-01 -6.9121e-01
1369 +9.691802916e-11 +9.691802916e-11 -2.471100000e+02 -2.471100000e+02 -3.7984e+00 +2.0320e-01 -6.9121e-01
1398 +8.242295735e-12 +8.242295735e-12 -2.471100000e+02 -2.471100000e+02 -3.7984e+00 +2.0320e-01 -6.9120e-01
1550 +3.751665645e-12 +3.751665645e-12 -2.471100000e+02 -2.471100000e+02 -3.7984e+00 +2.0320e-01 -6.9120e-01
1571 +1.222133506e-12 +1.222133506e-12 -2.471100000e+02 -2.471100000e+02 -3.7984e+00 +2.0320e-01 -6.9120e-01
1591 +1.705302566e-13 +1.705302566e-13 -2.471100000e+02 -2.471100000e+02 -3.7984e+00 +2.0320e-01 -6.9120e-01
1696 +1.421085472e-13 +1.421085472e-13 -2.471100000e+02 -2.471100000e+02 -3.7984e+00 +2.0320e-01 -6.9120e-01
1733 +5.684341886e-14 +5.684341886e-14 -2.471100000e+02 -2.471100000e+02 -3.7984e+00 +2.0320e-01 -6.9120e-01
1759 +2.842170943e-14 +2.842170943e-14 -2.471100000e+02 -2.471100000e+02 -3.7984e+00 +2.0320e-01 -6.9120e-01
1818 +0.000000000e+00 +0.000000000e+00 -2.471100000e+02 -2.471100000e+02 -3.7984e+00 +2.0320e-01 -6.9120e-01
% function evaluation | noise-free fitness - Fopt (-1.520400000000e+02) | best noise-free fitness - Fopt | measured fitness | best measured fitness | x1 | x2...
1 +4.076348809e+01 +4.076348809e+01 -1.112765119e+02 -1.112765119e+02 -3.8466e+00 -2.2176e+00 -9.2046e-02
2 +3.326604050e+01 +3.326604050e+01 -1.187739595e+02 -1.187739595e+02 -1.7156e+00 -4.1473e+00 -4.2838e+00
9 +2.044986393e+01 +2.044986393e+01 -1.315901361e+02 -1.315901361e+02 +6.7885e-02 -2.3559e+00 -1.4652e+00
16 +8.846644510e+00 +8.846644510e+00 -1.431933555e+02 -1.431933555e+02 -1.2274e+00 +3.3691e+00 -1.8898e+00
27 +5.924229592e+00 +5.924229592e+00 -1.461157704e+02 -1.461157704e+02 -1.2274e+00 +2.3519e+00 -1.8898e+00
83 +4.204495110e-01 +4.204495110e-01 -1.516195505e+02 -1.516195505e+02 +1.0391e-01 +1.9489e+00 -4.0095e+00
91 +8.915268741e-02 +8.915268741e-02 -1.519508473e+02 -1.519508473e+02 -4.3974e-01 +1.6263e+00 -4.0607e+00
151 +1.419613061e-02 +1.419613061e-02 -1.520258039e+02 -1.520258039e+02 -3.2635e-01 +1.4221e+00 -4.0282e+00
346 +8.435752108e-03 +8.435752108e-03 -1.520315642e+02 -1.520315642e+02 -2.8851e-01 +1.3374e+00 -3.9029e+00
410 +1.981083954e-03 +1.981083954e-03 -1.520380189e+02 -1.520380189e+02 -3.0826e-01 +1.4211e+00 -3.9079e+00
478 +9.000749539e-04 +9.000749539e-04 -1.520390999e+02 -1.520390999e+02 -2.7467e-01 +1.4135e+00 -3.9519e+00
524 +2.717943438e-04 +2.717943438e-04 -1.520397282e+02 -1.520397282e+02 -2.7086e-01 +1.4361e+00 -3.9143e+00
551 +1.788104401e-04 +1.788104401e-04 -1.520398212e+02 -1.520398212e+02 -2.6438e-01 +1.4121e+00 -3.9193e+00
600 +1.510336656e-04 +1.510336656e-04 -1.520398490e+02 -1.520398490e+02 -2.7348e-01 +1.4150e+00 -3.9193e+00
637 +8.781745979e-05 +8.781745979e-05 -1.520399122e+02 -1.520399122e+02 -2.5891e-01 +1.4201e+00 -3.9229e+00
665 +1.714979490e-05 +1.714979490e-05 -1.520399829e+02 -1.520399829e+02 -2.6641e-01 +1.4209e+00 -3.9221e+00
676 +1.080211416e-05 +1.080211416e-05 -1.520399892e+02 -1.520399892e+02 -2.6980e-01 +1.4240e+00 -3.9228e+00
740 +7.937763939e-06 +7.937763939e-06 -1.520399921e+02 -1.520399921e+02 -2.6872e-01 +1.4218e+00 -3.9257e+00
741 +1.824897623e-06 +1.824897623e-06 -1.520399982e+02 -1.520399982e+02 -2.6764e-01 +1.4229e+00 -3.9255e+00
751 +1.071639701e-06 +1.071639701e-06 -1.520399989e+02 -1.520399989e+02 -2.6810e-01 +1.4245e+00 -3.9246e+00
766 +8.138430587e-07 +8.138430587e-07 -1.520399992e+02 -1.520399992e+02 -2.6777e-01 +1.4234e+00 -3.9252e+00
844 +3.911711701e-07 +3.911711701e-07 -1.520399996e+02 -1.520399996e+02 -2.6663e-01 +1.4242e+00 -3.9250e+00
866 +8.000793628e-08 +8.000793628e-08 -1.520399999e+02 -1.520399999e+02 -2.6706e-01 +1.4241e+00 -3.9250e+00
940 +5.610127118e-08 +5.610127118e-08 -1.520399999e+02 -1.520399999e+02 -2.6696e-01 +1.4240e+00 -3.9248e+00
955 +3.026556783e-08 +3.026556783e-08 -1.520400000e+02 -1.520400000e+02 -2.6713e-01 +1.4242e+00 -3.9248e+00
1014 +9.359723663e-09 +9.359723663e-09 -1.520400000e+02 -1.520400000e+02 -2.6715e-01 +1.4241e+00 -3.9248e+00
1057 +1.802050065e-09 +1.802050065e-09 -1.520400000e+02 -1.520400000e+02 -2.6717e-01 +1.4240e+00 -3.9248e+00
1083 +6.306493106e-10 +6.306493106e-10 -1.520400000e+02 -1.520400000e+02 -2.6721e-01 +1.4240e+00 -3.9248e+00
1153 +3.084608124e-10 +3.084608124e-10 -1.520400000e+02 -1.520400000e+02 -2.6720e-01 +1.4240e+00 -3.9248e+00
1156 +2.435456281e-10 +2.435456281e-10 -1.520400000e+02 -1.520400000e+02 -2.6720e-01 +1.4240e+00 -3.9248e+00
1192 +1.227249413e-10 +1.227249413e-10 -1.520400000e+02 -1.520400000e+02 -2.6720e-01 +1.4240e+00 -3.9248e+00
1209 +7.278799785e-11 +7.278799785e-11 -1.520400000e+02 -1.520400000e+02 -2.6721e-01 +1.4240e+00 -3.9248e+00
1232 +3.404920790e-11 +3.404920790e-11 -1.520400000e+02 -1.520400000e+02 -2.6720e-01 +1.4240e+00 -3.9248e+00
1347 +1.446665010e-11 +1.446665010e-11 -1.520400000e+02 -1.520400000e+02 -2.6720e-01 +1.4240e+00 -3.9248e+00
1382 +5.911715562e-12 +5.911715562e-12 -1.520400000e+02 -1.520400000e+02 -2.6720e-01 +1.4240e+00 -3.9248e+00
1396 +2.046363079e-12 +2.046363079e-12 -1.520400000e+02 -1.520400000e+02 -2.6720e-01 +1.4240e+00 -3.9248e+00
1443 +1.506350600e-12 +1.506350600e-12 -1.520400000e+02 -1.520400000e+02 -2.6720e-01 +1.4240e+00 -3.9248e+00
1471 +3.694822226e-13 +3.694822226e-13 -1.520400000e+02 -1.520400000e+02 -2.6720e-01 +1.4240e+00 -3.9248e+00
1546 +2.273736754e-13 +2.273736754e-13 -1.520400000e+02 -1.520400000e+02 -2.6720e-01 +1.4240e+00 -3.9248e+00
1577 +5.684341886e-14 +5.684341886e-14 -1.520400000e+02 -1.520400000e+02 -2.6720e-01 +1.4240e+00 -3.9248e+00
1581 +0.000000000e+00 +0.000000000e+00 -1.520400000e+02 -1.520400000e+02 -2.6720e-01 +1.4240e+00 -3.9248e+00
% function evaluation | noise-free fitness - Fopt (-2.525000000000e+01) | best noise-free fitness - Fopt | measured fitness | best measured fitness | x1 | x2...
1 +1.919535944e+01 +1.919535944e+01 -6.054640559e+00 -6.054640559e+00 +1.8584e+00 +2.5090e+00 -4.9713e+00
3 +1.170126439e+01 +1.170126439e+01 -1.354873561e+01 -1.354873561e+01 +3.3637e+00 -2.6771e+00 -6.0480e-01
9 +5.804798947e+00 +5.804798947e+00 -1.944520105e+01 -1.944520105e+01 +4.5117e+00 -1.5781e+00 -1.7391e+00
16 +2.584847291e+00 +2.584847291e+00 -2.266515271e+01 -2.266515271e+01 +4.5117e+00 +1.5070e+00 -2.4314e+00
64 +1.679664639e+00 +1.679664639e+00 -2.357033536e+01 -2.357033536e+01 +3.2503e+00 +2.1436e-02 -3.3976e-01
150 +1.139120941e+00 +1.139120941e+00 -2.411087906e+01 -2.411087906e+01 +3.3955e+00 -3.8991e-01 -1.6224e+00
160 +6.185437519e-01 +6.185437519e-01 -2.463145625e+01 -2.463145625e+01 +3.5659e+00 -1.1648e-01 -1.6478e+00
170 +1.355065185e-01 +1.355065185e-01 -2.511449348e+01 -2.511449348e+01 +3.8669e+00 +6.4995e-01 -1.1542e+00
213 +9.234909892e-02 +9.234909892e-02 -2.515765090e+01 -2.515765090e+01 +3.8755e+00 +6.6003e-01 -1.5751e+00
260 +3.389543694e-02 +3.389543694e-02 -2.521610456e+01 -2.521610456e+01 +3.4868e+00 +7.4487e-01 -1.4964e+00
287 +1.219480788e-02 +1.219480788e-02 -2.523780519e+01 -2.523780519e+01 +3.5870e+00 +5.3965e-01 -1.4697e+00
303 +4.203463696e-03 +4.203463696e-03 -2.524579654e+01 -2.524579654e+01 +3.6368e+00 +6.3996e-01 -1.4823e+00
365 +5.513084936e-04 +5.513084936e-04 -2.524944869e+01 -2.524944869e+01 +3.6205e+00 +6.5765e-01 -1.4247e+00
445 +3.538534311e-04 +3.538534311e-04 -2.524964615e+01 -2.524964615e+01 +3.6047e+00 +6.2920e-01 -1.4366e+00
498 +1.332130409e-04 +1.332130409e-04 -2.524986679e+01 -2.524986679e+01 +3.6079e+00 +6.4429e-01 -1.4188e+00
528 +5.047820563e-05 +5.047820563e-05 -2.524994952e+01 -2.524994952e+01 +3.6112e+00 +6.4155e-01 -1.4216e+00
542 +3.923596577e-05 +3.923596577e-05 -2.524996076e+01 -2.524996076e+01 +3.6196e+00 +6.3439e-01 -1.4250e+00
602 +7.944746937e-06 +7.944746937e-06 -2.524999206e+01 -2.524999206e+01 +3.6164e+00 +6.3711e-01 -1.4210e+00
648 +3.618643873e-06 +3.618643873e-06 -2.524999638e+01 -2.524999638e+01 +3.6130e+00 +6.3407e-01 -1.4222e+00
706 +5.072876945e-07 +5.072876945e-07 -2.524999949e+01 -2.524999949e+01 +3.6138e+00 +6.3491e-01 -1.4219e+00
791 +2.407471555e-08 +2.407471555e-08 -2.524999998e+01 -2.524999998e+01 +3.6145e+00 +6.3509e-01 -1.4215e+00
921 +1.229091495e-08 +1.229091495e-08 -2.524999999e+01 -2.524999999e+01 +3.6144e+00 +6.3513e-01 -1.4215e+00
994 +2.238845553e-09 +2.238845553e-09 -2.525000000e+01 -2.525000000e+01 +3.6144e+00 +6.3515e-01 -1.4216e+00
1081 +4.479012716e-10 +4.479012716e-10 -2.525000000e+01 -2.525000000e+01 +3.6144e+00 +6.3520e-01 -1.4216e+00
1171 +2.777831298e-10 +2.777831298e-10 -2.525000000e+01 -2.525000000e+01 +3.6144e+00 +6.3519e-01 -1.4216e+00
1219 +2.480433636e-10 +2.480433636e-10 -2.525000000e+01 -2.525000000e+01 +3.6144e+00 +6.3520e-01 -1.4216e+00
1309 +4.851941071e-11 +4.851941071e-11 -2.525000000e+01 -2.525000000e+01 +3.6144e+00 +6.3520e-01 -1.4216e+00
1324 +1.334043986e-11 +1.334043986e-11 -2.525000000e+01 -2.525000000e+01 +3.6144e+00 +6.3520e-01 -1.4216e+00
1411 +5.094591415e-12 +5.094591415e-12 -2.525000000e+01 -2.525000000e+01 +3.6144e+00 +6.3520e-01 -1.4216e+00
1426 +3.520739256e-12 +3.520739256e-12 -2.525000000e+01 -2.525000000e+01 +3.6144e+00 +6.3520e-01 -1.4216e+00
1513 +6.252776075e-13 +6.252776075e-13 -2.525000000e+01 -2.525000000e+01 +3.6144e+00 +6.3520e-01 -1.4216e+00
1573 +3.268496584e-13 +3.268496584e-13 -2.525000000e+01 -2.525000000e+01 +3.6144e+00 +6.3520e-01 -1.4216e+00
1580 +3.197442311e-14 +3.197442311e-14 -2.525000000e+01 -2.525000000e+01 +3.6144e+00 +6.3520e-01 -1.4216e+00
1651 +1.776356839e-14 +1.776356839e-14 -2.525000000e+01 -2.525000000e+01 +3.6144e+00 +6.3520e-01 -1.4216e+00
1768 +1.065814104e-14 +1.065814104e-14 -2.525000000e+01 -2.525000000e+01 +3.6144e+00 +6.3520e-01 -1.4216e+00
1774 +3.552713679e-15 +3.552713679e-15 -2.525000000e+01 -2.525000000e+01 +3.6144e+00 +6.3520e-01 -1.4216e+00
1831 +0.000000000e+00 +0.000000000e+00 -2.525000000e+01 -2.525000000e+01 +3.6144e+00 +6.3520e-01 -1.4216e+00
% function evaluation | noise-free fitness - Fopt (-2.017200000000e+02) | best noise-free fitness - Fopt | measured fitness | best measured fitness | x1 | x2...
1 +6.705581176e+01 +6.705581176e+01 -1.346641882e+02 -1.346641882e+02 -3.6109e+00 +4.9827e+00 -7.6320e-01
2 +3.721796945e+01 +3.721796945e+01 -1.645020306e+02 -1.645020306e+02 +4.2780e+00 -4.8638e+00 +6.5844e-03
10 +2.001107322e+01 +2.001107322e+01 -1.817089268e+02 -1.817089268e+02 -4.9982e+00 -1.5262e+00 +1.3589e+00
13 +7.485029638e+00 +7.485029638e+00 -1.942349704e+02 -1.942349704e+02 -2.8718e+00 -5.8840e-01 -8.4426e-01
21 +2.186054795e+00 +2.186054795e+00 -1.995339452e+02 -1.995339452e+02 -1.2867e+00 -3.0311e+00 -2.4127e+00
47 +1.054484604e+00 +1.054484604e+00 -2.006655154e+02 -2.006655154e+02 -1.0965e+00 -3.5909e+00 -1.6382e+00
76 +3.671764748e-02 +3.671764748e-02 -2.016832824e+02 -2.016832824e+02 -1.4555e+00 -2.7185e+00 -9.6781e-01
237 +1.885928333e-02 +1.885928333e-02 -2.017011407e+02 -2.017011407e+02 -1.4449e+00 -3.0183e+00 -8.7097e-01
257 +1.362189454e-02 +1.362189454e-02 -2.017063781e+02 -2.017063781e+02 -1.4251e+00 -2.7979e+00 -9.9040e-01
266 +5.482469451e-04 +5.482469451e-04 -2.017194518e+02 -2.017194518e+02 -1.4169e+00 -2.8825e+00 -9.4554e-01
468 +8.786234724e-05 +8.786234724e-05 -2.017199121e+02 -2.017199121e+02 -1.4150e+00 -2.9050e+00 -9.3830e-01
543 +2.755053109e-05 +2.755053109e-05 -2.017199724e+02 -2.017199724e+02 -1.4227e+00 -2.9007e+00 -9.4562e-01
572 +1.451799224e-05 +1.451799224e-05 -2.017199855e+02 -2.017199855e+02 -1.4175e+00 -2.9071e+00 -9.4442e-01
631 +6.616608147e-06 +6.616608147e-06 -2.017199934e+02 -2.017199934e+02 -1.4189e+00 -2.9044e+00 -9.4438e-01
647 +6.075771097e-06 +6.075771097e-06 -2.017199939e+02 -2.017199939e+02 -1.4192e+00 -2.9044e+00 -9.4421e-01
701 +3.742972979e-06 +3.742972979e-06 -2.017199963e+02 -2.017199963e+02 -1.4193e+00 -2.9048e+00 -9.4465e-01
712 +2.489674074e-06 +2.489674074e-06 -2.017199975e+02 -2.017199975e+02 -1.4221e+00 -2.9063e+00 -9.4497e-01
745 +6.108167838e-07 +6.108167838e-07 -2.017199994e+02 -2.017199994e+02 -1.4211e+00 -2.9052e+00 -9.4618e-01
767 +2.901974199e-07 +2.901974199e-07 -2.017199997e+02 -2.017199997e+02 -1.4213e+00 -2.9057e+00 -9.4564e-01
841 +1.320905199e-07 +1.320905199e-07 -2.017199999e+02 -2.017199999e+02 -1.4208e+00 -2.9057e+00 -9.4527e-01
870 +4.465331926e-08 +4.465331926e-08 -2.017200000e+02 -2.017200000e+02 -1.4208e+00 -2.9058e+00 -9.4545e-01
893 +1.646952796e-08 +1.646952796e-08 -2.017200000e+02 -2.017200000e+02 -1.4208e+00 -2.9056e+00 -9.4548e-01
1059 +1.092186608e-08 +1.092186608e-08 -2.017200000e+02 -2.017200000e+02 -1.4207e+00 -2.9055e+00 -9.4556e-01
1066 +8.317670108e-09 +8.317670108e-09 -2.017200000e+02 -2.017200000e+02 -1.4207e+00 -2.9055e+00 -9.4558e-01
1088 +4.783032637e-09 +4.783032637e-09 -2.017200000e+02 -2.017200000e+02 -1.4209e+00 -2.9056e+00 -9.4562e-01
1129 +3.484331046e-09 +3.484331046e-09 -2.017200000e+02 -2.017200000e+02 -1.4208e+00 -2.9056e+00 -9.4555e-01
1142 +2.096072649e-09 +2.096072649e-09 -2.017200000e+02 -2.017200000e+02 -1.4208e+00 -2.9056e+00 -9.4557e-01
1147 +1.164551122e-09 +1.164551122e-09 -2.017200000e+02 -2.017200000e+02 -1.4208e+00 -2.9056e+00 -9.4560e-01
1181 +8.122071904e-10 +8.122071904e-10 -2.017200000e+02 -2.017200000e+02 -1.4208e+00 -2.9056e+00 -9.4558e-01
1208 +1.578825959e-10 +1.578825959e-10 -2.017200000e+02 -2.017200000e+02 -1.4208e+00 -2.9056e+00 -9.4559e-01
1232 +6.750155990e-11 +6.750155990e-11 -2.017200000e+02 -2.017200000e+02 -1.4208e+00 -2.9056e+00 -9.4560e-01
1294 +3.424815986e-11 +3.424815986e-11 -2.017200000e+02 -2.017200000e+02 -1.4208e+00 -2.9056e+00 -9.4560e-01
1311 +1.932676241e-11 +1.932676241e-11 -2.017200000e+02 -2.017200000e+02 -1.4208e+00 -2.9056e+00 -9.4560e-01
1336 +1.139710548e-11 +1.139710548e-11 -2.017200000e+02 -2.017200000e+02 -1.4208e+00 -2.9056e+00 -9.4560e-01
1337 +6.338041203e-12 +6.338041203e-12 -2.017200000e+02 -2.017200000e+02 -1.4208e+00 -2.9056e+00 -9.4560e-01
1411 +5.144329407e-12 +5.144329407e-12 -2.017200000e+02 -2.017200000e+02 -1.4208e+00 -2.9056e+00 -9.4560e-01
1422 +6.252776075e-13 +6.252776075e-13 -2.017200000e+02 -2.017200000e+02 -1.4208e+00 -2.9056e+00 -9.4560e-01
1525 +1.705302566e-13 +1.705302566e-13 -2.017200000e+02 -2.017200000e+02 -1.4208e+00 -2.9056e+00 -9.4560e-01
1581 +5.684341886e-14 +5.684341886e-14 -2.017200000e+02 -2.017200000e+02 -1.4208e+00 -2.9056e+00 -9.4560e-01
1621 +2.842170943e-14 +2.842170943e-14 -2.017200000e+02 -2.017200000e+02 -1.4208e+00 -2.9056e+00 -9.4560e-01
1651 +0.000000000e+00 +0.000000000e+00 -2.017200000e+02 -2.017200000e+02 -1.4208e+00 -2.9056e+00 -9.4560e-01
% function evaluation | noise-free fitness - Fopt (-1.000000000000e+03) | best noise-free fitness - Fopt | measured fitness | best measured fitness | x1 | x2...
1 +7.024995151e+00 +7.024995151e+00 -9.929750048e+02 -9.929750048e+02 +2.5677e+00 +3.5962e-01 -1.6209e-06
20 +4.458488488e+00 +4.458488488e+00 -9.955415115e+02 -9.955415115e+02 +4.4260e-01 -9.7080e-02 +1.9007e+00
42 +3.719971736e+00 +3.719971736e+00 -9.962800283e+02 -9.962800283e+02 +1.2339e+00 +6.9909e-02 +1.2861e+00
80 +2.131563825e+00 +2.131563825e+00 -9.978684362e+02 -9.978684362e+02 +5.7484e-01 -1.0736e+00 -2.3307e-01
91 +1.083499106e+00 +1.083499106e+00 -9.989165009e+02 -9.989165009e+02 +5.7747e-01 +7.6039e-01 +4.8991e-01
122 +3.801438311e-01 +3.801438311e-01 -9.996198562e+02 -9.996198562e+02 -5.7983e-02 +8.1101e-01 -3.1973e-01
203 +1.962048520e-01 +1.962048520e-01 -9.998037951e+02 -9.998037951e+02 +3.3984e-01 +7.9738e-02 -1.4522e-01
211 +5.643712216e-02 +5.643712216e-02 -9.999435629e+02 -9.999435629e+02 +1.1050e-01 +1.8731e-01 -2.6035e-01
271 +2.398016832e-02 +2.398016832e-02 -9.999760198e+02 -9.999760198e+02 -1.1713e-01 +1.0365e-01 -3.6996e-02
304 +1.575419940e-02 +1.575419940e-02 -9.999842458e+02 -9.999842458e+02 -1.2144e-01 +3.0414e-01 -3.0755e-02
370 +1.590711540e-03 +1.590711540e-03 -9.999984093e+02 -9.999984093e+02 -8.3347e-02 +2.0799e-01 -8.6124e-02
384 +1.183747349e-03 +1.183747349e-03 -9.999988163e+02 -9.999988163e+02 -4.2527e-02 +2.3051e-01 -1.1833e-01
434 +8.945193904e-04 +8.945193904e-04 -9.999991055e+02 -9.999991055e+02 -1.0091e-01 +2.1172e-01 -1.1307e-01
437 +5.617684308e-04 +5.617684308e-04 -9.999994382e+02 -9.999994382e+02 -6.2379e-02 +2.2011e-01 -1.0292e-01
438 +1.869463437e-04 +1.869463437e-04 -9.999998131e+02 -9.999998131e+02 -7.0277e-02 +2.2017e-01 -1.1088e-01
526 +1.114958771e-04 +1.114958771e-04 -9.999998885e+02 -9.999998885e+02 -7.5897e-02 +2.3397e-01 -1.2866e-01
614 +8.111889406e-05 +8.111889406e-05 -9.999999189e+02 -9.999999189e+02 -8.2196e-02 +2.3389e-01 -1.2416e-01
619 +1.515000088e-05 +1.515000088e-05 -9.999999848e+02 -9.999999848e+02 -7.3884e-02 +2.2991e-01 -1.2174e-01
676 +5.758355769e-06 +5.758355769e-06 -9.999999942e+02 -9.999999942e+02 -7.5074e-02 +2.2634e-01 -1.2020e-01
760 +3.710888450e-06 +3.710888450e-06 -9.999999963e+02 -9.999999963e+02 -7.8501e-02 +2.2890e-01 -1.1996e-01
781 +1.075916430e-06 +1.075916430e-06 -9.999999989e+02 -9.999999989e+02 -7.7098e-02 +2.2702e-01 -1.1983e-01
826 +6.192670980e-07 +6.192670980e-07 -9.999999994e+02 -9.999999994e+02 -7.6558e-02 +2.2829e-01 -1.2069e-01
874 +3.481729891e-07 +3.481729891e-07 -9.999999997e+02 -9.999999997e+02 -7.7083e-02 +2.2812e-01 -1.2050e-01
890 +1.199041435e-07 +1.199041435e-07 -9.999999999e+02 -9.999999999e+02 -7.6643e-02 +2.2819e-01 -1.2024e-01
957 +4.054084002e-08 +4.054084002e-08 -1.000000000e+03 -1.000000000e+03 -7.6971e-02 +2.2792e-01 -1.1993e-01
976 +1.554849405e-08 +1.554849405e-08 -1.000000000e+03 -1.000000000e+03 -7.6864e-02 +2.2795e-01 -1.1991e-01
1047 +4.987668945e-09 +4.987668945e-09 -1.000000000e+03 -1.000000000e+03 -7.6741e-02 +2.2800e-01 -1.1996e-01
1067 +3.528839443e-10 +3.528839443e-10 -1.000000000e+03 -1.000000000e+03 -7.6792e-02 +2.2798e-01 -1.2000e-01
1182 +1.906528269e-10 +1.906528269e-10 -1.000000000e+03 -1.000000000e+03 -7.6812e-02 +2.2799e-01 -1.2000e-01
1246 +1.435864760e-10 +1.435864760e-10 -1.000000000e+03 -1.000000000e+03 -7.6799e-02 +2.2799e-01 -1.2001e-01
1317 +5.843503459e-11 +5.843503459e-11 -1.000000000e+03 -1.000000000e+03 -7.6797e-02 +2.2800e-01 -1.2000e-01
1367 +2.830802259e-11 +2.830802259e-11 -1.000000000e+03 -1.000000000e+03 -7.6800e-02 +2.2800e-01 -1.2000e-01
1383 +1.921307557e-11 +1.921307557e-11 -1.000000000e+03 -1.000000000e+03 -7.6801e-02 +2.2800e-01 -1.2000e-01
1415 +1.193711796e-11 +1.193711796e-11 -1.000000000e+03 -1.000000000e+03 -7.6799e-02 +2.2800e-01 -1.2000e-01
1427 +7.730704965e-12 +7.730704965e-12 -1.000000000e+03 -1.000000000e+03 -7.6799e-02 +2.2800e-01 -1.2000e-01
1448 +4.661160347e-12 +4.661160347e-12 -1.000000000e+03 -1.000000000e+03 -7.6801e-02 +2.2800e-01 -1.2000e-01
1482 +3.183231456e-12 +3.183231456e-12 -1.000000000e+03 -1.000000000e+03 -7.6798e-02 +2.2800e-01 -1.2000e-01
1509 +2.160049917e-12 +2.160049917e-12 -1.000000000e+03 -1.000000000e+03 -7.6801e-02 +2.2800e-01 -1.2000e-01
1513 +1.023181539e-12 +1.023181539e-12 -1.000000000e+03 -1.000000000e+03 -7.6799e-02 +2.2800e-01 -1.2000e-01
1554 +4.547473509e-13 +4.547473509e-13 -1.000000000e+03 -1.000000000e+03 -7.6800e-02 +2.2800e-01 -1.2000e-01
1611 +3.410605132e-13 +3.410605132e-13 -1.000000000e+03 -1.000000000e+03 -7.6800e-02 +2.2800e-01 -1.2000e-01
1659 +1.136868377e-13 +1.136868377e-13 -1.000000000e+03 -1.000000000e+03 -7.6800e-02 +2.2800e-01 -1.2000e-01
1742 +0.000000000e+00 +0.000000000e+00 -1.000000000e+03 -1.000000000e+03 -7.6800e-02 +2.2800e-01 -1.2000e-01
% function evaluation | noise-free fitness - Fopt (-4.290000000000e+01) | best noise-free fitness - Fopt | measured fitness | best measured fitness | x1 | x2...
1 +3.875100230e+01 +3.875100230e+01 -4.148997700e+00 -4.148997700e+00 +3.7549e+00 +3.7018e+00 -2.1153e+00
4 +2.227812785e+01 +2.227812785e+01 -2.062187215e+01 -2.062187215e+01 +4.0661e+00 +4.5621e+00 -8.4415e-02
17 +1.046841403e+01 +1.046841403e+01 -3.243158597e+01 -3.243158597e+01 +1.7164e+00 -5.4915e-01 +4.7510e+00
22 +7.480462671e+00 +7.480462671e+00 -3.541953733e+01 -3.541953733e+01 +3.7549e+00 +3.7018e+00 +1.7296e+00
31 +5.998949198e+00 +5.998949198e+00 -3.690105080e+01 -3.690105080e+01 +3.7549e+00 +2.8056e+00 +1.7296e+00
50 +1.275923346e+00 +1.275923346e+00 -4.162407665e+01 -4.162407665e+01 +2.6258e+00 +1.4824e+00 +3.2545e+00
61 +3.765089601e-02 +3.765089601e-02 -4.286234910e+01 -4.286234910e+01 +2.8232e+00 +2.3927e+00 +3.8587e+00
245 +8.813303795e-03 +8.813303795e-03 -4.289118670e+01 -4.289118670e+01 +2.5993e+00 +2.3934e+00 +3.9545e+00
287 +5.894200550e-03 +5.894200550e-03 -4.289410580e+01 -4.289410580e+01 +2.5814e+00 +2.4815e+00 +3.8911e+00
361 +2.591961150e-03 +2.591961150e-03 -4.289740804e+01 -4.289740804e+01 +2.6047e+00 +2.4549e+00 +3.8415e+00
392 +1.933308868e-03 +1.933308868e-03 -4.289806669e+01 -4.289806669e+01 +2.5976e+00 +2.4009e+00 +3.8724e+00
430 +1.284295096e-03 +1.284295096e-03 -4.289871570e+01 -4.289871570e+01 +2.6245e+00 +2.4075e+00 +3.9024e+00
470 +5.369226894e-04 +5.369226894e-04 -4.289946308e+01 -4.289946308e+01 +2.6315e+00 +2.4444e+00 +3.8582e+00
481 +3.713684764e-04 +3.713684764e-04 -4.289962863e+01 -4.289962863e+01 +2.6285e+00 +2.4436e+00 +3.8643e+00
511 +1.102237018e-04 +1.102237018e-04 -4.289988978e+01 -4.289988978e+01 +2.6260e+00 +2.4308e+00 +3.8664e+00
567 +4.845044058e-05 +4.845044058e-05 -4.289995155e+01 -4.289995155e+01 +2.6281e+00 +2.4238e+00 +3.8698e+00
676 +1.223008613e-05 +1.223008613e-05 -4.289998777e+01 -4.289998777e+01 +2.6346e+00 +2.4294e+00 +3.8757e+00
683 +9.106272053e-06 +9.106272053e-06 -4.289999089e+01 -4.289999089e+01 +2.6326e+00 +2.4289e+00 +3.8761e+00
721 +3.801493236e-06 +3.801493236e-06 -4.289999620e+01 -4.289999620e+01 +2.6312e+00 +2.4276e+00 +3.8726e+00
788 +1.443917988e-06 +1.443917988e-06 -4.289999856e+01 -4.289999856e+01 +2.6317e+00 +2.4276e+00 +3.8733e+00
847 +7.762372505e-07 +7.762372505e-07 -4.289999922e+01 -4.289999922e+01 +2.6333e+00 +2.4269e+00 +3.8729e+00
858 +5.883724299e-07 +5.883724299e-07 -4.289999941e+01 -4.289999941e+01 +2.6320e+00 +2.4273e+00 +3.8736e+00
881 +3.375310698e-07 +3.375310698e-07 -4.289999966e+01 -4.289999966e+01 +2.6330e+00 +2.4271e+00 +3.8730e+00
938 +1.777825318e-07 +1.777825318e-07 -4.289999982e+01 -4.289999982e+01 +2.6324e+00 +2.4271e+00 +3.8735e+00
958 +9.518039690e-08 +9.518039690e-08 -4.289999990e+01 -4.289999990e+01 +2.6328e+00 +2.4275e+00 +3.8738e+00
976 +5.801084768e-08 +5.801084768e-08 -4.289999994e+01 -4.289999994e+01 +2.6328e+00 +2.4274e+00 +3.8736e+00
998 +4.761929517e-09 +4.761929517e-09 -4.290000000e+01 -4.290000000e+01 +2.6329e+00 +2.4272e+00 +3.8736e+00
1106 +3.478689337e-09 +3.478689337e-09 -4.290000000e+01 -4.290000000e+01 +2.6328e+00 +2.4271e+00 +3.8736e+00
1131 +2.301170809e-09 +2.301170809e-09 -4.290000000e+01 -4.290000000e+01 +2.6328e+00 +2.4272e+00 +3.8736e+00
1143 +1.477907574e-09 +1.477907574e-09 -4.290000000e+01 -4.290000000e+01 +2.6328e+00 +2.4272e+00 +3.8736e+00
1144 +6.341238645e-10 +6.341238645e-10 -4.290000000e+01 -4.290000000e+01 +2.6328e+00 +2.4272e+00 +3.8736e+00
1192 +4.546336640e-10 +4.546336640e-10 -4.290000000e+01 -4.290000000e+01 +2.6328e+00 +2.4272e+00 +3.8736e+00
1216 +2.327809057e-10 +2.327809057e-10 -4.290000000e+01 -4.290000000e+01 +2.6328e+00 +2.4272e+00 +3.8736e+00
1284 +3.928590786e-11 +3.928590786e-11 -4.290000000e+01 -4.290000000e+01 +2.6328e+00 +2.4272e+00 +3.8736e+00
1336 +2.123812237e-11 +2.123812237e-11 -4.290000000e+01 -4.290000000e+01 +2.6328e+00 +2.4272e+00 +3.8736e+00
1390 +1.393374305e-11 +1.393374305e-11 -4.290000000e+01 -4.290000000e+01 +2.6328e+00 +2.4272e+00 +3.8736e+00
1413 +3.936406756e-12 +3.936406756e-12 -4.290000000e+01 -4.290000000e+01 +2.6328e+00 +2.4272e+00 +3.8736e+00
1428 +1.747935130e-12 +1.747935130e-12 -4.290000000e+01 -4.290000000e+01 +2.6328e+00 +2.4272e+00 +3.8736e+00
1528 +1.200817223e-12 +1.200817223e-12 -4.290000000e+01 -4.290000000e+01 +2.6328e+00 +2.4272e+00 +3.8736e+00
1531 +3.907985047e-13 +3.907985047e-13 -4.290000000e+01 -4.290000000e+01 +2.6328e+00 +2.4272e+00 +3.8736e+00
1534 +1.776356839e-13 +1.776356839e-13 -4.290000000e+01 -4.290000000e+01 +2.6328e+00 +2.4272e+00 +3.8736e+00
1548 +1.278976924e-13 +1.278976924e-13 -4.290000000e+01 -4.290000000e+01 +2.6328e+00 +2.4272e+00 +3.8736e+00
1637 +7.105427358e-14 +7.105427358e-14 -4.290000000e+01 -4.290000000e+01 +2.6328e+00 +2.4272e+00 +3.8736e+00
1661 +4.263256415e-14 +4.263256415e-14 -4.290000000e+01 -4.290000000e+01 +2.6328e+00 +2.4272e+00 +3.8736e+00
1696 +7.105427358e-15 +7.105427358e-15 -4.290000000e+01 -4.290000000e+01 +2.6328e+00 +2.4272e+00 +3.8736e+00
1835 +0.000000000e+00 +0.000000000e+00 -4.290000000e+01 -4.290000000e+01 +2.6328e+00 +2.4272e+00 +3.8736e+00
% function evaluation | noise-free fitness - Fopt (-1.013200000000e+02) | best noise-free fitness - Fopt | measured fitness | best measured fitness | x1 | x2...
1 +5.380675073e+01 +5.380675073e+01 -4.751324927e+01 -4.751324927e+01 +7.2129e-01 -2.8770e+00 -2.6235e+00
2 +7.612732577e+00 +7.612732577e+00 -9.370726742e+01 -9.370726742e+01 +3.7055e+00 +9.6172e-01 +2.5746e+00
7 +4.737783390e+00 +4.737783390e+00 -9.658221661e+01 -9.658221661e+01 +7.4345e-01 +4.3714e+00 +3.0767e+00
9 +3.609425173e+00 +3.609425173e+00 -9.771057483e+01 -9.771057483e+01 +3.4962e+00 +3.2820e+00 +2.2801e+00
61 +1.647051793e+00 +1.647051793e+00 -9.967294821e+01 -9.967294821e+01 +1.5817e+00 +1.4825e+00 +1.8556e+00
64 +1.131649283e+00 +1.131649283e+00 -1.001883507e+02 -1.001883507e+02 +1.7170e+00 +2.1058e+00 +1.1313e+00
77 +9.468394938e-01 +9.468394938e-01 -1.003731605e+02 -1.003731605e+02 +1.7499e+00 +1.7856e+00 +1.9113e+00
97 +6.182784251e-01 +6.182784251e-01 -1.007017216e+02 -1.007017216e+02 +1.8492e+00 +2.2933e+00 +2.5914e+00
108 +2.061974821e-01 +2.061974821e-01 -1.011138025e+02 -1.011138025e+02 +1.4991e+00 +2.6759e+00 +1.5726e+00
187 +1.117148566e-01 +1.117148566e-01 -1.012082851e+02 -1.012082851e+02 +1.4783e+00 +2.7430e+00 +2.2262e+00
240 +5.168296133e-02 +5.168296133e-02 -1.012683170e+02 -1.012683170e+02 +1.8244e+00 +2.8270e+00 +1.7997e+00
248 +2.330724075e-02 +2.330724075e-02 -1.012966928e+02 -1.012966928e+02 +1.6788e+00 +2.8558e+00 +1.8602e+00
249 +8.621903227e-03 +8.621903227e-03 -1.013113781e+02 -1.013113781e+02 +1.6089e+00 +2.7342e+00 +1.9525e+00
316 +1.544245709e-03 +1.544245709e-03 -1.013184558e+02 -1.013184558e+02 +1.6579e+00 +2.7554e+00 +1.9683e+00
399 +8.365717926e-04 +8.365717926e-04 -1.013191634e+02 -1.013191634e+02 +1.6840e+00 +2.7341e+00 +1.9585e+00
422 +1.236606631e-04 +1.236606631e-04 -1.013198763e+02 -1.013198763e+02 +1.7046e+00 +2.7480e+00 +1.9703e+00
495 +3.475467442e-05 +3.475467442e-05 -1.013199652e+02 -1.013199652e+02 +1.6983e+00 +2.7507e+00 +1.9770e+00
556 +2.408976445e-05 +2.408976445e-05 -1.013199759e+02 -1.013199759e+02 +1.6953e+00 +2.7533e+00 +1.9693e+00
627 +6.257151057e-06 +6.257151057e-06 -1.013199937e+02 -1.013199937e+02 +1.6954e+00 +2.7567e+00 +1.9722e+00
635 +3.425942666e-06 +3.425942666e-06 -1.013199966e+02 -1.013199966e+02 +1.6982e+00 +2.7542e+00 +1.9729e+00
677 +2.084861549e-06 +2.084861549e-06 -1.013199979e+02 -1.013199979e+02 +1.6966e+00 +2.7543e+00 +1.9747e+00
711 +1.048953223e-06 +1.048953223e-06 -1.013199990e+02 -1.013199990e+02 +1.6969e+00 +2.7556e+00 +1.9745e+00
724 +5.025245571e-07 +5.025245571e-07 -1.013199995e+02 -1.013199995e+02 +1.6972e+00 +2.7558e+00 +1.9735e+00
736 +1.138951120e-07 +1.138951120e-07 -1.013199999e+02 -1.013199999e+02 +1.6970e+00 +2.7554e+00 +1.9734e+00
773 +9.969726023e-08 +9.969726023e-08 -1.013199999e+02 -1.013199999e+02 +1.6967e+00 +2.7550e+00 +1.9734e+00
828 +3.499788193e-08 +3.499788193e-08 -1.013200000e+02 -1.013200000e+02 +1.6969e+00 +2.7554e+00 +1.9736e+00
888 +6.047287116e-09 +6.047287116e-09 -1.013200000e+02 -1.013200000e+02 +1.6968e+00 +2.7552e+00 +1.9737e+00
946 +1.058296561e-09 +1.058296561e-09 -1.013200000e+02 -1.013200000e+02 +1.6968e+00 +2.7552e+00 +1.9736e+00
1037 +6.579909950e-10 +6.579909950e-10 -1.013200000e+02 -1.013200000e+02 +1.6968e+00 +2.7552e+00 +1.9736e+00
1082 +5.519211754e-10 +5.519211754e-10 -1.013200000e+02 -1.013200000e+02 +1.6968e+00 +2.7552e+00 +1.9736e+00
1126 +1.100346481e-10 +1.100346481e-10 -1.013200000e+02 -1.013200000e+02 +1.6968e+00 +2.7552e+00 +1.9736e+00
1141 +4.693845312e-11 +4.693845312e-11 -1.013200000e+02 -1.013200000e+02 +1.6968e+00 +2.7552e+00 +1.9736e+00
1247 +3.574029961e-11 +3.574029961e-11 -1.013200000e+02 -1.013200000e+02 +1.6968e+00 +2.7552e+00 +1.9736e+00
1272 +2.347633199e-11 +2.347633199e-11 -1.013200000e+02 -1.013200000e+02 +1.6968e+00 +2.7552e+00 +1.9736e+00
1276 +9.904965736e-12 +9.904965736e-12 -1.013200000e+02 -1.013200000e+02 +1.6968e+00 +2.7552e+00 +1.9736e+00
1334 +5.982769835e-12 +5.982769835e-12 -1.013200000e+02 -1.013200000e+02 +1.6968e+00 +2.7552e+00 +1.9736e+00
1367 +3.737454790e-12 +3.737454790e-12 -1.013200000e+02 -1.013200000e+02 +1.6968e+00 +2.7552e+00 +1.9736e+00
1378 +5.400124792e-13 +5.400124792e-13 -1.013200000e+02 -1.013200000e+02 +1.6968e+00 +2.7552e+00 +1.9736e+00
1445 +3.126388037e-13 +3.126388037e-13 -1.013200000e+02 -1.013200000e+02 +1.6968e+00 +2.7552e+00 +1.9736e+00
1473 +1.563194019e-13 +1.563194019e-13 -1.013200000e+02 -1.013200000e+02 +1.6968e+00 +2.7552e+00 +1.9736e+00
1531 +4.263256415e-14 +4.263256415e-14 -1.013200000e+02 -1.013200000e+02 +1.6968e+00 +2.7552e+00 +1.9736e+00
1566 +2.842170943e-14 +2.842170943e-14 -1.013200000e+02 -1.013200000e+02 +1.6968e+00 +2.7552e+00 +1.9736e+00
1572 +1.421085472e-14 +1.421085472e-14 -1.013200000e+02 -1.013200000e+02 +1.6968e+00 +2.7552e+00 +1.9736e+00
1578 +0.000000000e+00 +0.000000000e+00 -1.013200000e+02 -1.013200000e+02 +1.6968e+00 +2.7552e+00 +1.9736e+00
% function evaluation | noise-free fitness - Fopt (3.650000000000e+00) | best noise-free fitness - Fopt | measured fitness | best measured fitness | x1 | x2...
1 +5.697941932e+01 +5.697941932e+01 +6.062941932e+01 +6.062941932e+01 +4.7975e+00 +2.8605e+00 -3.3554e+00
3 +3.820850757e+01 +3.820850757e+01 +4.185850757e+01 +4.185850757e+01 -4.4444e+00 -2.4756e-01 -2.7629e+00
6 +1.494090872e+01 +1.494090872e+01 +1.859090872e+01 +1.859090872e+01 +3.6639e+00 -3.4520e+00 +2.1755e+00
48 +4.958890511e+00 +4.958890511e+00 +8.608890511e+00 +8.608890511e+00 +1.8483e+00 -8.5886e-01 +1.9004e+00
84 +3.000468890e+00 +3.000468890e+00 +6.650468890e+00 +6.650468890e+00 -4.9598e-01 -3.3190e+00 +6.8797e-02
91 +1.499056500e+00 +1.499056500e+00 +5.149056500e+00 +5.149056500e+00 -2.1916e-01 -2.6602e+00 -1.9202e-01
114 +8.662806297e-01 +8.662806297e-01 +4.516280630e+00 +4.516280630e+00 +6.8882e-02 -1.4862e+00 +1.1973e+00
138 +1.814954570e-01 +1.814954570e-01 +3.831495457e+00 +3.831495457e+00 +4.5709e-01 -1.9246e+00 +1.0735e-01
154 +7.098956606e-02 +7.098956606e-02 +3.720989566e+00 +3.720989566e+00 +6.0872e-01 -2.2150e+00 +5.2194e-01
182 +4.581970276e-02 +4.581970276e-02 +3.695819703e+00 +3.695819703e+00 +3.6932e-01 -2.1045e+00 +4.1365e-01
308 +2.669076511e-02 +2.669076511e-02 +3.676690765e+00 +3.676690765e+00 +5.9229e-01 -1.9347e+00 +6.5343e-01
319 +2.002133222e-02 +2.002133222e-02 +3.670021332e+00 +3.670021332e+00 +5.2705e-01 -2.0091e+00 +3.9558e-01
392 +1.122210875e-02 +1.122210875e-02 +3.661222109e+00 +3.661222109e+00 +4.1156e-01 -1.9615e+00 +5.9356e-01
405 +7.799262276e-03 +7.799262276e-03 +3.657799262e+00 +3.657799262e+00 +4.1797e-01 -1.9689e+00 +5.7271e-01
468 +5.681745669e-03 +5.681745669e-03 +3.655681746e+00 +3.655681746e+00 +4.7245e-01 -1.9596e+00 +5.9937e-01
469 +3.839644797e-03 +3.839644797e-03 +3.653839645e+00 +3.653839645e+00 +4.3285e-01 -1.9719e+00 +5.2209e-01
481 +2.367469104e-03 +2.367469104e-03 +3.652367469e+00 +3.652367469e+00 +4.8351e-01 -1.9352e+00 +5.5553e-01
490 +6.328177496e-04 +6.328177496e-04 +3.650632818e+00 +3.650632818e+00 +5.1704e-01 -1.9727e+00 +5.1796e-01
511 +5.080604172e-04 +5.080604172e-04 +3.650508060e+00 +3.650508060e+00 +4.9162e-01 -1.9645e+00 +5.4885e-01
523 +2.557626897e-04 +2.557626897e-04 +3.650255763e+00 +3.650255763e+00 +4.9204e-01 -1.9590e+00 +5.2529e-01
601 +2.055907149e-04 +2.055907149e-04 +3.650205591e+00 +3.650205591e+00 +4.8447e-01 -1.9657e+00 +5.2325e-01
615 +1.179220797e-04 +1.179220797e-04 +3.650117922e+00 +3.650117922e+00 +4.9588e-01 -1.9642e+00 +5.2545e-01
676 +9.382759395e-05 +9.382759395e-05 +3.650093828e+00 +3.650093828e+00 +4.9265e-01 -1.9728e+00 +5.1940e-01
719 +4.784023575e-05 +4.784023575e-05 +3.650047840e+00 +3.650047840e+00 +4.9866e-01 -1.9701e+00 +5.2547e-01
750 +3.776012876e-05 +3.776012876e-05 +3.650037760e+00 +3.650037760e+00 +4.9809e-01 -1.9779e+00 +5.3229e-01
771 +2.018623012e-05 +2.018623012e-05 +3.650020186e+00 +3.650020186e+00 +4.9709e-01 -1.9720e+00 +5.2609e-01
778 +1.355812157e-05 +1.355812157e-05 +3.650013558e+00 +3.650013558e+00 +4.9668e-01 -1.9772e+00 +5.2817e-01
797 +6.964999165e-06 +6.964999165e-06 +3.650006965e+00 +3.650006965e+00 +4.9474e-01 -1.9751e+00 +5.2627e-01
811 +3.229769794e-06 +3.229769794e-06 +3.650003230e+00 +3.650003230e+00 +4.9325e-01 -1.9737e+00 +5.2760e-01
902 +4.220105989e-07 +4.220105989e-07 +3.650000422e+00 +3.650000422e+00 +4.9383e-01 -1.9745e+00 +5.2850e-01
971 +2.627031948e-07 +2.627031948e-07 +3.650000263e+00 +3.650000263e+00 +4.9443e-01 -1.9744e+00 +5.2931e-01
993 +4.150347976e-08 +4.150347976e-08 +3.650000042e+00 +3.650000042e+00 +4.9431e-01 -1.9746e+00 +5.2889e-01
1082 +1.196475141e-08 +1.196475141e-08 +3.650000012e+00 +3.650000012e+00 +4.9430e-01 -1.9744e+00 +5.2878e-01
1141 +1.462217902e-09 +1.462217902e-09 +3.650000001e+00 +3.650000001e+00 +4.9439e-01 -1.9744e+00 +5.2883e-01
1202 +8.136957774e-10 +8.136957774e-10 +3.650000001e+00 +3.650000001e+00 +4.9443e-01 -1.9744e+00 +5.2879e-01
1261 +3.327418341e-10 +3.327418341e-10 +3.650000000e+00 +3.650000000e+00 +4.9439e-01 -1.9744e+00 +5.2880e-01
1271 +8.127098994e-11 +8.127098994e-11 +3.650000000e+00 +3.650000000e+00 +4.9441e-01 -1.9744e+00 +5.2880e-01
1276 +5.617506460e-11 +5.617506460e-11 +3.650000000e+00 +3.650000000e+00 +4.9439e-01 -1.9744e+00 +5.2880e-01
1342 +2.677014166e-11 +2.677014166e-11 +3.650000000e+00 +3.650000000e+00 +4.9440e-01 -1.9744e+00 +5.2880e-01
1372 +2.395550425e-11 +2.395550425e-11 +3.650000000e+00 +3.650000000e+00 +4.9440e-01 -1.9744e+00 +5.2880e-01
1380 +4.653610830e-12 +4.653610830e-12 +3.650000000e+00 +3.650000000e+00 +4.9440e-01 -1.9744e+00 +5.2880e-01
1452 +7.105427358e-15 +7.105427358e-15 +3.650000000e+00 +3.650000000e+00 +4.9440e-01 -1.9744e+00 +5.2880e-01
1561 +6.217248938e-15 +6.217248938e-15 +3.650000000e+00 +3.650000000e+00 +4.9440e-01 -1.9744e+00 +5.2880e-01
1640 +3.108624469e-15 +3.108624469e-15 +3.650000000e+00 +3.650000000e+00 +4.9440e-01 -1.9744e+00 +5.2880e-01
1687 +2.220446049e-15 +2.220446049e-15 +3.650000000e+00 +3.650000000e+00 +4.9440e-01 -1.9744e+00 +5.2880e-01
1721 +8.881784197e-16 +8.881784197e-16 +3.650000000e+00 +3.650000000e+00 +4.9440e-01 -1.9744e+00 +5.2880e-01
1790 +4.440892099e-16 +4.440892099e-16 +3.650000000e+00 +3.650000000e+00 +4.9440e-01 -1.9744e+00 +5.2880e-01
1822 +0.000000000e+00 +0.000000000e+00 +3.650000000e+00 +3.650000000e+00 +4.9440e-01 -1.9744e+00 +5.2880e-01
% function evaluation | noise-free fitness - Fopt (2.205300000000e+02) | best noise-free fitness - Fopt | measured fitness | best measured fitness | x1 | x2...
1 +5.963526075e+01 +5.963526075e+01 +2.801652608e+02 +2.801652608e+02 -2.0793e+00 -1.7728e+00 -4.4843e+00
2 +3.443952166e+00 +3.443952166e+00 +2.239739522e+02 +2.239739522e+02 +4.0024e+00 -2.6433e+00 -3.7911e-02
79 +8.775827721e-01 +8.775827721e-01 +2.214075828e+02 +2.214075828e+02 +2.6514e+00 -4.4556e+00 +3.2900e-01
137 +2.670937451e-01 +2.670937451e-01 +2.207970937e+02 +2.207970937e+02 +3.5054e+00 -3.9394e+00 +9.6175e-01
153 +6.690246300e-02 +6.690246300e-02 +2.205969025e+02 +2.205969025e+02 +2.8437e+00 -3.6541e+00 +1.0294e+00
181 +3.573511245e-02 +3.573511245e-02 +2.205657351e+02 +2.205657351e+02 +2.9943e+00 -3.8935e+00 +1.1363e+00
345 +1.702351306e-02 +1.702351306e-02 +2.205470235e+02 +2.205470235e+02 +3.0367e+00 -3.9704e+00 +9.3158e-01
350 +9.777850923e-03 +9.777850923e-03 +2.205397779e+02 +2.205397779e+02 +2.9673e+00 -3.8984e+00 +8.7298e-01
386 +5.512192623e-03 +5.512192623e-03 +2.205355122e+02 +2.205355122e+02 +3.0312e+00 -3.8283e+00 +1.0156e+00
434 +3.609415639e-03 +3.609415639e-03 +2.205336094e+02 +2.205336094e+02 +2.9789e+00 -3.8562e+00 +8.9605e-01
447 +1.564372829e-03 +1.564372829e-03 +2.205315644e+02 +2.205315644e+02 +2.9620e+00 -3.8426e+00 +9.3470e-01
481 +4.788232849e-04 +4.788232849e-04 +2.205304788e+02 +2.205304788e+02 +2.9862e+00 -3.8481e+00 +9.3364e-01
498 +7.656553950e-05 +7.656553950e-05 +2.205300766e+02 +2.205300766e+02 +3.0025e+00 -3.8484e+00 +9.4621e-01
556 +4.119368620e-05 +4.119368620e-05 +2.205300412e+02 +2.205300412e+02 +2.9965e+00 -3.8428e+00 +9.4905e-01
638 +1.859068095e-05 +1.859068095e-05 +2.205300186e+02 +2.205300186e+02 +2.9974e+00 -3.8495e+00 +9.5680e-01
691 +1.572059952e-05 +1.572059952e-05 +2.205300157e+02 +2.205300157e+02 +2.9943e+00 -3.8486e+00 +9.5581e-01
717 +3.249989390e-06 +3.249989390e-06 +2.205300032e+02 +2.205300032e+02 +2.9985e+00 -3.8474e+00 +9.5294e-01
791 +1.556093594e-06 +1.556093594e-06 +2.205300016e+02 +2.205300016e+02 +2.9971e+00 -3.8474e+00 +9.5174e-01
805 +5.698760503e-07 +5.698760503e-07 +2.205300006e+02 +2.205300006e+02 +2.9965e+00 -3.8480e+00 +9.5351e-01
874 +4.695306188e-08 +4.695306188e-08 +2.205300000e+02 +2.205300000e+02 +2.9967e+00 -3.8478e+00 +9.5278e-01
953 +3.863007692e-08 +3.863007692e-08 +2.205300000e+02 +2.205300000e+02 +2.9969e+00 -3.8481e+00 +9.5285e-01
999 +1.185168230e-08 +1.185168230e-08 +2.205300000e+02 +2.205300000e+02 +2.9968e+00 -3.8481e+00 +9.5273e-01
1037 +5.786120028e-09 +5.786120028e-09 +2.205300000e+02 +2.205300000e+02 +2.9968e+00 -3.8481e+00 +9.5282e-01
1039 +1.232649538e-09 +1.232649538e-09 +2.205300000e+02 +2.205300000e+02 +2.9968e+00 -3.8480e+00 +9.5277e-01
1042 +6.834284250e-10 +6.834284250e-10 +2.205300000e+02 +2.205300000e+02 +2.9968e+00 -3.8480e+00 +9.5278e-01
1119 +5.582876383e-10 +5.582876383e-10 +2.205300000e+02 +2.205300000e+02 +2.9968e+00 -3.8480e+00 +9.5278e-01
1160 +3.443574315e-10 +3.443574315e-10 +2.205300000e+02 +2.205300000e+02 +2.9968e+00 -3.8480e+00 +9.5280e-01
1181 +1.498676738e-10 +1.498676738e-10 +2.205300000e+02 +2.205300000e+02 +2.9968e+00 -3.8480e+00 +9.5280e-01
1193 +4.018829713e-11 +4.018829713e-11 +2.205300000e+02 +2.205300000e+02 +2.9968e+00 -3.8480e+00 +9.5279e-01
1249 +3.936406756e-11 +3.936406756e-11 +2.205300000e+02 +2.205300000e+02 +2.9968e+00 -3.8480e+00 +9.5280e-01
1281 +5.684341886e-12 +5.684341886e-12 +2.205300000e+02 +2.205300000e+02 +2.9968e+00 -3.8480e+00 +9.5280e-01
1367 +3.581135388e-12 +3.581135388e-12 +2.205300000e+02 +2.205300000e+02 +2.9968e+00 -3.8480e+00 +9.5280e-01
1372 +2.074784788e-12 +2.074784788e-12 +2.205300000e+02 +2.205300000e+02 +2.9968e+00 -3.8480e+00 +9.5280e-01
1383 +1.023181539e-12 +1.023181539e-12 +2.205300000e+02 +2.205300000e+02 +2.9968e+00 -3.8480e+00 +9.5280e-01
1436 +8.810729923e-13 +8.810729923e-13 +2.205300000e+02 +2.205300000e+02 +2.9968e+00 -3.8480e+00 +9.5280e-01
1460 +5.684341886e-13 +5.684341886e-13 +2.205300000e+02 +2.205300000e+02 +2.9968e+00 -3.8480e+00 +9.5280e-01
1464 +1.705302566e-13 +1.705302566e-13 +2.205300000e+02 +2.205300000e+02 +2.9968e+00 -3.8480e+00 +9.5280e-01
1513 +1.136868377e-13 +1.136868377e-13 +2.205300000e+02 +2.205300000e+02 +2.9968e+00 -3.8480e+00 +9.5280e-01
1517 +2.842170943e-14 +2.842170943e-14 +2.205300000e+02 +2.205300000e+02 +2.9968e+00 -3.8480e+00 +9.5280e-01
1673 +0.000000000e+00 +0.000000000e+00 +2.205300000e+02 +2.205300000e+02 +2.9968e+00 -3.8480e+00 +9.5280e-01
% function evaluation | noise-free fitness - Fopt (4.212900000000e+02) | best noise-free fitness - Fopt | measured fitness | best measured fitness | x1 | x2...
1 +1.082372567e+02 +1.082372567e+02 +5.295272567e+02 +5.295272567e+02 +4.7547e+00 -2.3537e+00 +4.5643e-01
2 +1.418768507e+01 +1.418768507e+01 +4.354776851e+02 +4.354776851e+02 -6.6787e-01 +1.5302e+00 +5.7583e-01
3 +7.955733245e-01 +7.955733245e-01 +4.220855733e+02 +4.220855733e+02 -4.2224e+00 +4.1214e+00 +1.3054e+00
61 +4.676565559e-01 +4.676565559e-01 +4.217576566e+02 +4.217576566e+02 -4.3734e+00 +3.0501e+00 +1.5375e+00
132 +3.303262713e-01 +3.303262713e-01 +4.216203263e+02 +4.216203263e+02 -4.3822e+00 +3.2825e+00 +1.4446e+00
167 +2.443552443e-01 +2.443552443e-01 +4.215343552e+02 +4.215343552e+02 -4.0497e+00 +3.6236e+00 +1.4292e+00
205 +4.576750561e-02 +4.576750561e-02 +4.213357675e+02 +4.213357675e+02 -4.0168e+00 +3.3568e+00 +1.2605e+00
212 +3.654147435e-03 +3.654147435e-03 +4.212936541e+02 +4.212936541e+02 -4.0129e+00 +3.3144e+00 +1.0538e+00
346 +2.109803192e-03 +2.109803192e-03 +4.212921098e+02 +4.212921098e+02 -3.9317e+00 +3.3107e+00 +1.0222e+00
353 +1.132948150e-03 +1.132948150e-03 +4.212911329e+02 +4.212911329e+02 -3.9332e+00 +3.2801e+00 +1.0673e+00
369 +8.064781589e-04 +8.064781589e-04 +4.212908065e+02 +4.212908065e+02 -3.9564e+00 +3.2905e+00 +1.0390e+00
425 +5.384948057e-04 +5.384948057e-04 +4.212905385e+02 +4.212905385e+02 -3.9766e+00 +3.3034e+00 +1.0609e+00
455 +3.729431239e-04 +3.729431239e-04 +4.212903729e+02 +4.212903729e+02 -3.9498e+00 +3.3251e+00 +1.0593e+00
518 +1.940490251e-04 +1.940490251e-04 +4.212901940e+02 +4.212901940e+02 -3.9616e+00 +3.3165e+00 +1.0572e+00
527 +1.511127618e-04 +1.511127618e-04 +4.212901511e+02 +4.212901511e+02 -3.9578e+00 +3.3117e+00 +1.0522e+00
564 +2.968293910e-05 +2.968293910e-05 +4.212900297e+02 +4.212900297e+02 -3.9553e+00 +3.3108e+00 +1.0597e+00
589 +1.919961937e-05 +1.919961937e-05 +4.212900192e+02 +4.212900192e+02 -3.9569e+00 +3.3089e+00 +1.0610e+00
632 +1.549452963e-05 +1.549452963e-05 +4.212900155e+02 +4.212900155e+02 -3.9546e+00 +3.3087e+00 +1.0593e+00
633 +2.418197994e-06 +2.418197994e-06 +4.212900024e+02 +4.212900024e+02 -3.9549e+00 +3.3058e+00 +1.0630e+00
707 +1.582934090e-06 +1.582934090e-06 +4.212900016e+02 +4.212900016e+02 -3.9525e+00 +3.3063e+00 +1.0617e+00
711 +4.181335953e-07 +4.181335953e-07 +4.212900004e+02 +4.212900004e+02 -3.9531e+00 +3.3061e+00 +1.0622e+00
800 +1.764714739e-07 +1.764714739e-07 +4.212900002e+02 +4.212900002e+02 -3.9534e+00 +3.3068e+00 +1.0624e+00
827 +1.127917812e-07 +1.127917812e-07 +4.212900001e+02 +4.212900001e+02 -3.9537e+00 +3.3067e+00 +1.0624e+00
836 +2.387622544e-08 +2.387622544e-08 +4.212900000e+02 +4.212900000e+02 -3.9536e+00 +3.3063e+00 +1.0624e+00
956 +9.223413144e-09 +9.223413144e-09 +4.212900000e+02 +4.212900000e+02 -3.9536e+00 +3.3064e+00 +1.0625e+00
982 +3.583693342e-09 +3.583693342e-09 +4.212900000e+02 +4.212900000e+02 -3.9537e+00 +3.3064e+00 +1.0624e+00
992 +7.608491615e-10 +7.608491615e-10 +4.212900000e+02 +4.212900000e+02 -3.9536e+00 +3.3064e+00 +1.0624e+00
1008 +5.725837582e-10 +5.725837582e-10 +4.212900000e+02 +4.212900000e+02 -3.9536e+00 +3.3064e+00 +1.0624e+00
1094 +3.980176189e-10 +3.980176189e-10 +4.212900000e+02 +4.212900000e+02 -3.9536e+00 +3.3064e+00 +1.0624e+00
1185 +1.863895704e-10 +1.863895704e-10 +4.212900000e+02 +4.212900000e+02 -3.9536e+00 +3.3064e+00 +1.0624e+00
1205 +1.162447916e-10 +1.162447916e-10 +4.212900000e+02 +4.212900000e+02 -3.9536e+00 +3.3064e+00 +1.0624e+00
1218 +6.571099220e-11 +6.571099220e-11 +4.212900000e+02 +4.212900000e+02 -3.9536e+00 +3.3064e+00 +1.0624e+00
1232 +5.599076758e-11 +5.599076758e-11 +4.212900000e+02 +4.212900000e+02 -3.9536e+00 +3.3064e+00 +1.0624e+00
1266 +1.637090463e-11 +1.637090463e-11 +4.212900000e+02 +4.212900000e+02 -3.9536e+00 +3.3064e+00 +1.0624e+00
1337 +1.273292582e-11 +1.273292582e-11 +4.212900000e+02 +4.212900000e+02 -3.9536e+00 +3.3064e+00 +1.0624e+00
1367 +1.932676241e-12 +1.932676241e-12 +4.212900000e+02 +4.212900000e+02 -3.9536e+00 +3.3064e+00 +1.0624e+00
1463 +6.821210263e-13 +6.821210263e-13 +4.212900000e+02 +4.212900000e+02 -3.9536e+00 +3.3064e+00 +1.0624e+00
1477 +4.547473509e-13 +4.547473509e-13 +4.212900000e+02 +4.212900000e+02 -3.9536e+00 +3.3064e+00 +1.0624e+00
1486 +3.979039320e-13 +3.979039320e-13 +4.212900000e+02 +4.212900000e+02 -3.9536e+00 +3.3064e+00 +1.0624e+00
1503 +1.705302566e-13 +1.705302566e-13 +4.212900000e+02 +4.212900000e+02 -3.9536e+00 +3.3064e+00 +1.0624e+00
1534 +0.000000000e+00 +0.000000000e+00 +4.212900000e+02 +4.212900000e+02 -3.9536e+00 +3.3064e+00 +1.0624e+00
% function evaluation | noise-free fitness - Fopt (-7.900000000000e+01) | best noise-free fitness - Fopt | measured fitness | best measured fitness | x1 | x2...
1 +4.405250289e+01 +4.405250289e+01 -3.494749711e+01 -3.494749711e+01 +2.4796e+00 -1.9304e+00 +2.4311e+00
2 +1.907362815e+01 +1.907362815e+01 -5.992637185e+01 -5.992637185e+01 -3.8065e+00 -9.0545e-01 -3.3048e+00
10 +4.699189103e+00 +4.699189103e+00 -7.430081090e+01 -7.430081090e+01 -9.3892e-01 +8.0168e-01 +7.9984e-01
27 +2.457737174e+00 +2.457737174e+00 -7.654226283e+01 -7.654226283e+01 -3.9497e+00 +2.1807e+00 +1.2525e+00
62 +9.708011426e-01 +9.708011426e-01 -7.802919886e+01 -7.802919886e+01 -3.2755e+00 +7.8488e-01 +1.3390e+00
92 +3.169246766e-01 +3.169246766e-01 -7.868307532e+01 -7.868307532e+01 -3.3180e+00 +7.4309e-01 +7.0808e-01
167 +2.382041946e-01 +2.382041946e-01 -7.876179581e+01 -7.876179581e+01 -3.0009e+00 +7.8011e-01 +1.7345e-01
181 +1.121994788e-01 +1.121994788e-01 -7.888780052e+01 -7.888780052e+01 -3.0307e+00 +9.2153e-01 +2.3897e-01
215 +9.338987911e-02 +9.338987911e-02 -7.890661012e+01 -7.890661012e+01 -3.0321e+00 +1.4647e+00 +3.7800e-01
241 +6.301372938e-02 +6.301372938e-02 -7.893698627e+01 -7.893698627e+01 -3.0753e+00 +9.7247e-01 +3.1068e-01
252 +2.853769481e-02 +2.853769481e-02 -7.897146231e+01 -7.897146231e+01 -3.0009e+00 +1.1257e+00 +3.0587e-01
257 +8.690385772e-03 +8.690385772e-03 -7.899130961e+01 -7.899130961e+01 -3.1285e+00 +1.1659e+00 +5.0830e-01
377 +6.270595681e-03 +6.270595681e-03 -7.899372940e+01 -7.899372940e+01 -3.1093e+00 +1.1935e+00 +5.0646e-01
411 +2.196937138e-03 +2.196937138e-03 -7.899780306e+01 -7.899780306e+01 -3.0833e+00 +1.1778e+00 +4.9175e-01
439 +1.558464352e-03 +1.558464352e-03 -7.899844154e+01 -7.899844154e+01 -3.0179e+00 +1.1890e+00 +4.7985e-01
481 +7.081761459e-04 +7.081761459e-04 -7.899929182e+01 -7.899929182e+01 -3.0233e+00 +1.1772e+00 +4.6958e-01
527 +2.631787430e-04 +2.631787430e-04 -7.899973682e+01 -7.899973682e+01 -3.0322e+00 +1.1748e+00 +4.6106e-01
541 +2.009561776e-04 +2.009561776e-04 -7.899979904e+01 -7.899979904e+01 -3.0364e+00 +1.1793e+00 +4.6308e-01
571 +1.321925265e-04 +1.321925265e-04 -7.899986781e+01 -7.899986781e+01 -3.0434e+00 +1.1725e+00 +4.7205e-01
633 +3.917981293e-05 +3.917981293e-05 -7.899996082e+01 -7.899996082e+01 -3.0508e+00 +1.1741e+00 +4.6638e-01
692 +2.060764822e-05 +2.060764822e-05 -7.899997939e+01 -7.899997939e+01 -3.0495e+00 +1.1726e+00 +4.6564e-01
700 +1.315155616e-05 +1.315155616e-05 -7.899998685e+01 -7.899998685e+01 -3.0468e+00 +1.1686e+00 +4.5931e-01
706 +6.523258264e-06 +6.523258264e-06 -7.899999348e+01 -7.899999348e+01 -3.0490e+00 +1.1709e+00 +4.5927e-01
736 +3.988200220e-06 +3.988200220e-06 -7.899999601e+01 -7.899999601e+01 -3.0481e+00 +1.1706e+00 +4.5969e-01
751 +2.173371428e-06 +2.173371428e-06 -7.899999783e+01 -7.899999783e+01 -3.0489e+00 +1.1724e+00 +4.6129e-01
807 +7.893198983e-07 +7.893198983e-07 -7.899999921e+01 -7.899999921e+01 -3.0484e+00 +1.1714e+00 +4.6082e-01
812 +9.040745397e-08 +9.040745397e-08 -7.899999991e+01 -7.899999991e+01 -3.0478e+00 +1.1711e+00 +4.6142e-01
953 +2.777272812e-08 +2.777272812e-08 -7.899999997e+01 -7.899999997e+01 -3.0480e+00 +1.1714e+00 +4.6165e-01
958 +1.872368216e-08 +1.872368216e-08 -7.899999998e+01 -7.899999998e+01 -3.0481e+00 +1.1712e+00 +4.6156e-01
985 +1.559185137e-08 +1.559185137e-08 -7.899999998e+01 -7.899999998e+01 -3.0480e+00 +1.1713e+00 +4.6162e-01
1022 +2.462911652e-09 +2.462911652e-09 -7.900000000e+01 -7.900000000e+01 -3.0480e+00 +1.1712e+00 +4.6162e-01
1066 +1.087613555e-09 +1.087613555e-09 -7.900000000e+01 -7.900000000e+01 -3.0480e+00 +1.1712e+00 +4.6163e-01
1129 +1.872138000e-10 +1.872138000e-10 -7.900000000e+01 -7.900000000e+01 -3.0480e+00 +1.1712e+00 +4.6160e-01
1202 +6.247091733e-11 +6.247091733e-11 -7.900000000e+01 -7.900000000e+01 -3.0480e+00 +1.1712e+00 +4.6160e-01
1245 +2.255262643e-11 +2.255262643e-11 -7.900000000e+01 -7.900000000e+01 -3.0480e+00 +1.1712e+00 +4.6160e-01
1281 +8.284928299e-12 +8.284928299e-12 -7.900000000e+01 -7.900000000e+01 -3.0480e+00 +1.1712e+00 +4.6160e-01
1291 +2.103206498e-12 +2.103206498e-12 -7.900000000e+01 -7.900000000e+01 -3.0480e+00 +1.1712e+00 +4.6160e-01
1366 +5.258016245e-13 +5.258016245e-13 -7.900000000e+01 -7.900000000e+01 -3.0480e+00 +1.1712e+00 +4.6160e-01
1413 +2.842170943e-14 +2.842170943e-14 -7.900000000e+01 -7.900000000e+01 -3.0480e+00 +1.1712e+00 +4.6160e-01
1471 +1.421085472e-14 +1.421085472e-14 -7.900000000e+01 -7.900000000e+01 -3.0480e+00 +1.1712e+00 +4.6160e-01
1561 +0.000000000e+00 +0.000000000e+00 -7.900000000e+01 -7.900000000e+01 -3.0480e+00 +1.1712e+00 +4.6160e-01
% function evaluation | noise-free fitness - Fopt (-4.133000000000e+01) | best noise-free fitness - Fopt | measured fitness | best measured fitness | x1 | x2...
1 +1.568108181e+01 +1.568108181e+01 -2.564891819e+01 -2.564891819e+01 +1.6876e+00 -1.2319e+00 -4.6813e+00
3 +6.873399545e-01 +6.873399545e-01 -4.064266005e+01 -4.064266005e+01 +1.1945e+00 -1.7040e+00 -6.5408e-01
54 +3.907106848e-01 +3.907106848e-01 -4.093928932e+01 -4.093928932e+01 -9.5858e-02 -1.3812e+00 -1.2150e+00
126 +6.027699049e-02 +6.027699049e-02 -4.126972301e+01 -4.126972301e+01 +6.6285e-01 -1.5710e+00 -8.8520e-01
177 +2.920673562e-02 +2.920673562e-02 -4.130079326e+01 -4.130079326e+01 +2.9807e-01 -1.3900e+00 -9.6430e-01
196 +1.093584232e-02 +1.093584232e-02 -4.131906416e+01 -4.131906416e+01 +4.2282e-01 -1.4511e+00 -8.2488e-01
243 +6.093130004e-03 +6.093130004e-03 -4.132390687e+01 -4.132390687e+01 +4.2118e-01 -1.3979e+00 -9.7426e-01
279 +1.585508438e-03 +1.585508438e-03 -4.132841449e+01 -4.132841449e+01 +4.3637e-01 -1.4313e+00 -9.5612e-01
331 +5.583995870e-04 +5.583995870e-04 -4.132944160e+01 -4.132944160e+01 +4.3129e-01 -1.4430e+00 -9.3001e-01
424 +2.264323510e-04 +2.264323510e-04 -4.132977357e+01 -4.132977357e+01 +4.6050e-01 -1.4601e+00 -9.3190e-01
494 +1.301355651e-04 +1.301355651e-04 -4.132986986e+01 -4.132986986e+01 +4.5927e-01 -1.4565e+00 -9.1864e-01
496 +8.610410663e-05 +8.610410663e-05 -4.132991390e+01 -4.132991390e+01 +4.5496e-01 -1.4554e+00 -9.1838e-01
513 +6.168245459e-05 +6.168245459e-05 -4.132993832e+01 -4.132993832e+01 +4.5885e-01 -1.4529e+00 -9.2895e-01
520 +1.566247066e-05 +1.566247066e-05 -4.132998434e+01 -4.132998434e+01 +4.5433e-01 -1.4452e+00 -9.2621e-01
601 +3.642875043e-06 +3.642875043e-06 -4.132999636e+01 -4.132999636e+01 +4.5381e-01 -1.4479e+00 -9.2647e-01
639 +1.810577679e-06 +1.810577679e-06 -4.132999819e+01 -4.132999819e+01 +4.5489e-01 -1.4487e+00 -9.2442e-01
656 +1.256974898e-06 +1.256974898e-06 -4.132999874e+01 -4.132999874e+01 +4.5429e-01 -1.4496e+00 -9.2525e-01
692 +9.373134233e-07 +9.373134233e-07 -4.132999906e+01 -4.132999906e+01 +4.5443e-01 -1.4490e+00 -9.2526e-01
735 +3.431529194e-07 +3.431529194e-07 -4.132999966e+01 -4.132999966e+01 +4.5313e-01 -1.4491e+00 -9.2481e-01
746 +1.303969626e-07 +1.303969626e-07 -4.132999987e+01 -4.132999987e+01 +4.5362e-01 -1.4487e+00 -9.2444e-01
806 +7.840895933e-08 +7.840895933e-08 -4.132999992e+01 -4.132999992e+01 +4.5349e-01 -1.4489e+00 -9.2455e-01
837 +6.120121299e-08 +6.120121299e-08 -4.132999994e+01 -4.132999994e+01 +4.5383e-01 -1.4489e+00 -9.2485e-01
841 +1.557300067e-08 +1.557300067e-08 -4.132999998e+01 -4.132999998e+01 +4.5366e-01 -1.4488e+00 -9.2469e-01
872 +7.864443319e-09 +7.864443319e-09 -4.132999999e+01 -4.132999999e+01 +4.5353e-01 -1.4488e+00 -9.2476e-01
943 +3.049365205e-09 +3.049365205e-09 -4.133000000e+01 -4.133000000e+01 +4.5359e-01 -1.4488e+00 -9.2484e-01
950 +2.280344802e-09 +2.280344802e-09 -4.133000000e+01 -4.133000000e+01 +4.5362e-01 -1.4488e+00 -9.2483e-01
1039 +9.649028243e-10 +9.649028243e-10 -4.133000000e+01 -4.133000000e+01 +4.5361e-01 -1.4488e+00 -9.2482e-01
1046 +4.055777936e-11 +4.055777936e-11 -4.133000000e+01 -4.133000000e+01 +4.5360e-01 -1.4488e+00 -9.2480e-01
1096 +3.823430461e-11 +3.823430461e-11 -4.133000000e+01 -4.133000000e+01 +4.5360e-01 -1.4488e+00 -9.2480e-01
1126 +2.115285724e-11 +2.115285724e-11 -4.133000000e+01 -4.133000000e+01 +4.5360e-01 -1.4488e+00 -9.2480e-01
1154 +1.173106057e-11 +1.173106057e-11 -4.133000000e+01 -4.133000000e+01 +4.5360e-01 -1.4488e+00 -9.2480e-01
1167 +3.225864020e-12 +3.225864020e-12 -4.133000000e+01 -4.133000000e+01 +4.5360e-01 -1.4488e+00 -9.2480e-01
1201 +1.271871497e-12 +1.271871497e-12 -4.133000000e+01 -4.133000000e+01 +4.5360e-01 -1.4488e+00 -9.2480e-01
1237 +2.415845302e-13 +2.415845302e-13 -4.133000000e+01 -4.133000000e+01 +4.5360e-01 -1.4488e+00 -9.2480e-01
1278 +1.492139745e-13 +1.492139745e-13 -4.133000000e+01 -4.133000000e+01 +4.5360e-01 -1.4488e+00 -9.2480e-01
1328 +9.237055565e-14 +9.237055565e-14 -4.133000000e+01 -4.133000000e+01 +4.5360e-01 -1.4488e+00 -9.2480e-01
1385 +4.973799150e-14 +4.973799150e-14 -4.133000000e+01 -4.133000000e+01 +4.5360e-01 -1.4488e+00 -9.2480e-01
1397 +2.842170943e-14 +2.842170943e-14 -4.133000000e+01 -4.133000000e+01 +4.5360e-01 -1.4488e+00 -9.2480e-01
1398 +1.421085472e-14 +1.421085472e-14 -4.133000000e+01 -4.133000000e+01 +4.5360e-01 -1.4488e+00 -9.2480e-01
1471 +0.000000000e+00 +0.000000000e+00 -4.133000000e+01 -4.133000000e+01 +4.5360e-01 -1.4488e+00 -9.2480e-01
% function evaluation | noise-free fitness - Fopt (2.127500000000e+02) | best noise-free fitness - Fopt | measured fitness | best measured fitness | x1 | x2...
1 +7.804567586e+01 +7.804567586e+01 +2.907956759e+02 +2.907956759e+02 +2.3708e+00 -7.6951e-01 +2.6150e+00
2 +1.130168789e+01 +1.130168789e+01 +2.240516879e+02 +2.240516879e+02 -4.4078e+00 +5.7720e-01 -2.7070e+00
3 +5.848059287e+00 +5.848059287e+00 +2.185980593e+02 +2.185980593e+02 -2.3507e+00 -1.4062e+00 -4.7739e+00
97 +3.892005830e+00 +3.892005830e+00 +2.166420058e+02 +2.166420058e+02 -5.2819e+00 -1.4082e+00 -3.8550e+00
123 +2.511141756e+00 +2.511141756e+00 +2.152611418e+02 +2.152611418e+02 -2.8632e+00 -2.7765e+00 -2.1263e+00
124 +1.390576066e+00 +1.390576066e+00 +2.141405761e+02 +2.141405761e+02 -4.3897e+00 -2.8598e+00 -2.3297e+00
152 +4.183454132e-01 +4.183454132e-01 +2.131683454e+02 +2.131683454e+02 -3.8549e+00 -2.0424e+00 -3.5063e+00
169 +1.271085611e-01 +1.271085611e-01 +2.128771086e+02 +2.128771086e+02 -4.0864e+00 -2.4506e+00 -3.2131e+00
276 +1.645555803e-02 +1.645555803e-02 +2.127664556e+02 +2.127664556e+02 -3.8252e+00 -2.5666e+00 -3.2941e+00
301 +1.022409824e-02 +1.022409824e-02 +2.127602241e+02 +2.127602241e+02 -3.8644e+00 -2.6073e+00 -3.2859e+00
307 +7.251545464e-03 +7.251545464e-03 +2.127572515e+02 +2.127572515e+02 -3.9294e+00 -2.6943e+00 -3.3850e+00
409 +1.793564389e-03 +1.793564389e-03 +2.127517936e+02 +2.127517936e+02 -3.8654e+00 -2.6975e+00 -3.3926e+00
451 +3.906544657e-04 +3.906544657e-04 +2.127503907e+02 +2.127503907e+02 -3.8390e+00 -2.6715e+00 -3.3777e+00
541 +5.743713658e-05 +5.743713658e-05 +2.127500574e+02 +2.127500574e+02 -3.8554e+00 -2.6712e+00 -3.3670e+00
635 +2.290568992e-05 +2.290568992e-05 +2.127500229e+02 +2.127500229e+02 -3.8504e+00 -2.6706e+00 -3.3573e+00
678 +1.681935487e-06 +1.681935487e-06 +2.127500017e+02 +2.127500017e+02 -3.8501e+00 -2.6737e+00 -3.3625e+00
810 +8.023503710e-07 +8.023503710e-07 +2.127500008e+02 +2.127500008e+02 -3.8507e+00 -2.6735e+00 -3.3612e+00
853 +4.474013622e-07 +4.474013622e-07 +2.127500004e+02 +2.127500004e+02 -3.8500e+00 -2.6733e+00 -3.3618e+00
857 +2.878448413e-08 +2.878448413e-08 +2.127500000e+02 +2.127500000e+02 -3.8504e+00 -2.6728e+00 -3.3614e+00
950 +2.425517209e-08 +2.425517209e-08 +2.127500000e+02 +2.127500000e+02 -3.8504e+00 -2.6729e+00 -3.3617e+00
1007 +5.581142659e-09 +5.581142659e-09 +2.127500000e+02 +2.127500000e+02 -3.8505e+00 -2.6728e+00 -3.3616e+00
1165 +2.855585990e-09 +2.855585990e-09 +2.127500000e+02 +2.127500000e+02 -3.8504e+00 -2.6728e+00 -3.3616e+00
1181 +1.620463763e-09 +1.620463763e-09 +2.127500000e+02 +2.127500000e+02 -3.8504e+00 -2.6728e+00 -3.3616e+00
1186 +1.393004823e-09 +1.393004823e-09 +2.127500000e+02 +2.127500000e+02 -3.8504e+00 -2.6728e+00 -3.3616e+00
1232 +1.896296453e-10 +1.896296453e-10 +2.127500000e+02 +2.127500000e+02 -3.8504e+00 -2.6728e+00 -3.3616e+00
1238 +9.160316949e-11 +9.160316949e-11 +2.127500000e+02 +2.127500000e+02 -3.8504e+00 -2.6728e+00 -3.3616e+00
1345 +4.197886483e-11 +4.197886483e-11 +2.127500000e+02 +2.127500000e+02 -3.8504e+00 -2.6728e+00 -3.3616e+00
1385 +2.188471626e-11 +2.188471626e-11 +2.127500000e+02 +2.127500000e+02 -3.8504e+00 -2.6728e+00 -3.3616e+00
1408 +1.330136001e-11 +1.330136001e-11 +2.127500000e+02 +2.127500000e+02 -3.8504e+00 -2.6728e+00 -3.3616e+00
1471 +5.115907697e-12 +5.115907697e-12 +2.127500000e+02 +2.127500000e+02 -3.8504e+00 -2.6728e+00 -3.3616e+00
1516 +3.723243935e-12 +3.723243935e-12 +2.127500000e+02 +2.127500000e+02 -3.8504e+00 -2.6728e+00 -3.3616e+00
1518 +1.989519660e-12 +1.989519660e-12 +2.127500000e+02 +2.127500000e+02 -3.8504e+00 -2.6728e+00 -3.3616e+00
1584 +1.335820343e-12 +1.335820343e-12 +2.127500000e+02 +2.127500000e+02 -3.8504e+00 -2.6728e+00 -3.3616e+00
1591 +1.989519660e-13 +1.989519660e-13 +2.127500000e+02 +2.127500000e+02 -3.8504e+00 -2.6728e+00 -3.3616e+00
1640 +1.421085472e-13 +1.421085472e-13 +2.127500000e+02 +2.127500000e+02 -3.8504e+00 -2.6728e+00 -3.3616e+00
1683 +8.526512829e-14 +8.526512829e-14 +2.127500000e+02 +2.127500000e+02 -3.8504e+00 -2.6728e+00 -3.3616e+00
1685 +5.684341886e-14 +5.684341886e-14 +2.127500000e+02 +2.127500000e+02 -3.8504e+00 -2.6728e+00 -3.3616e+00
1718 +2.842170943e-14 +2.842170943e-14 +2.127500000e+02 +2.127500000e+02 -3.8504e+00 -2.6728e+00 -3.3616e+00
1741 +0.000000000e+00 +0.000000000e+00 +2.127500000e+02 +2.127500000e+02 -3.8504e+00 -2.6728e+00 -3.3616e+00
