% function evaluation | noise-free fitness - Fopt (7.948000000000e+01) | best noise-free fitness - Fopt | measured fitness | best measured fitness | x1 | x2...
1 +1.240327833e+02 +1.240327833e+02 +2.035127833e+02 +2.035127833e+02 +2.2812e+00 +2.2942e+00 -1.7382e+00 +2.4793e-01 +4.6425e+00 +2.0342e+00 +4.7683e+00 +1.2424e+00 +2.6526e+00 -9.3986e-01
4 +5.264236203e+01 +5.264236203e+01 +1.321223620e+02 +1.321223620e+02 -9.6523e-01 -5.8723e-01 +8.8842e-01 -1.0259e+00 -3.8035e+00 +2.1724e+00 +1.0728e+00 +4.5229e+00 -1.8276e+00 +7.4576e-01
105 +3.562743710e+01 +3.562743710e+01 +1.151074371e+02 +1.151074371e+02 +2.1351e+00 -1.1429e+00 -2.4851e+00 +4.7359e+00 -2.2888e+00 +8.6811e-02 +2.7810e+00 +6.7387e-02 +1.8778e+00 -2.8207e+00
253 +2.258144394e+01 +2.258144394e+01 +1.020614439e+02 +1.020614439e+02 +1.1499e+00 +7.8400e-01 +2.9414e-01 -3.1081e-01 -2.6262e+00 -4.5721e-01 -3.2403e+00 +2.6446e-01 -1.7983e+00 -1.8855e+00
296 +1.544326231e+01 +1.544326231e+01 +9.492326231e+01 +9.492326231e+01 -1.8974e+00 -1.5717e+00 -2.0753e+00 +1.8392e+00 -1.7552e+00 -1.9459e+00 -1.4608e-01 +1.1158e+00 -2.7646e+00 -2.9723e+00
353 +9.614007170e+00 +9.614007170e+00 +8.909400717e+01 +8.909400717e+01 +3.0749e-01 -7.1459e-01 -6.8963e-01 +3.3824e+00 -3.1543e+00 -1.0477e+00 +3.2941e-03 -2.4894e-01 -3.2411e+00 -1.5892e+00
655 +6.013215325e+00 +6.013215325e+00 +8.549321532e+01 +8.549321532e+01 +1.9860e-01 -1.2901e+00 -1.6201e-01 +3.0790e+00 -1.1786e+00 +1.0768e+00 +8.8778e-01 -2.2851e-01 -1.6809e+00 -2.3077e+00
666 +3.851142444e+00 +3.851142444e+00 +8.333114244e+01 +8.333114244e+01 +4.7418e-01 -1.8215e+00 -4.9315e-01 +2.3975e+00 -2.7298e+00 -3.4048e-01 +2.2499e-01 -1.1364e+00 -8.1449e-01 -3.3704e+00
851 +2.445636681e+00 +2.445636681e+00 +8.192563668e+01 +8.192563668e+01 -3.1500e-01 -1.9311e+00 -8.5379e-01 +1.6356e+00 -2.7640e+00 -2.0584e-01 -4.9082e-01 +6.6404e-01 -1.2082e+00 -3.6669e+00
1060 +1.457816333e+00 +1.457816333e+00 +8.093781633e+01 +8.093781633e+01 +6.7480e-01 -4.5274e-01 -6.8000e-01 +1.8789e+00 -2.4596e+00 +5.2655e-01 -4.1175e-01 +4.6240e-01 -1.6694e+00 -3.7709e+00
1253 +8.651437043e-01 +8.651437043e-01 +8.034514370e+01 +8.034514370e+01 +5.2255e-02 -6.4930e-01 -1.0485e+00 +2.1480e+00 -2.5035e+00 +4.2942e-01 -4.2113e-01 -1.7122e-01 -1.8086e+00 -2.6332e+00
1413 +2.990007855e-01 +2.990007855e-01 +7.977900079e+01 +7.977900079e+01 +3.1602e-01 -8.7610e-01 -8.7320e-01 +1.6801e+00 -2.7681e+00 +3.1523e-01 -4.0120e-02 +2.2679e-01 -1.4822e+00 -3.3136e+00
1626 +1.108335138e-01 +1.108335138e-01 +7.959083351e+01 +7.959083351e+01 +2.7771e-01 -1.2648e+00 -7.3641e-01 +2.0178e+00 -2.6617e+00 +5.5497e-01 -2.5471e-01 -7.1024e-02 -1.5655e+00 -3.1759e+00
2022 +8.093615073e-02 +8.093615073e-02 +7.956093615e+01 +7.956093615e+01 +1.3278e-01 -1.1550e+00 -8.4862e-01 +1.9755e+00 -2.8134e+00 +5.6679e-01 -1.3311e-01 +1.3879e-01 -1.5511e+00 -3.1325e+00
2202 +6.061227362e-02 +6.061227362e-02 +7.954061227e+01 +7.954061227e+01 +2.9437e-01 -1.1634e+00 -7.3483e-01 +1.8704e+00 -2.8206e+00 +5.0445e-01 +1.7904e-03 +2.4031e-01 -1.5878e+00 -3.0233e+00
2225 +3.879859545e-02 +3.879859545e-02 +7.951879860e+01 +7.951879860e+01 +2.9216e-01 -1.1416e+00 -7.3707e-01 +1.8995e+00 -2.5839e+00 +4.2130e-01 -8.2914e-02 +1.5186e-01 -1.4877e+00 -3.0934e+00
2471 +2.474749838e-02 +2.474749838e-02 +7.950474750e+01 +7.950474750e+01 +2.8482e-01 -1.1919e+00 -7.5132e-01 +1.8370e+00 -2.6894e+00 +4.2212e-01 -7.8558e-02 +1.5212e-01 -1.6613e+00 -3.1528e+00
2521 +1.363037022e-02 +1.363037022e-02 +7.949363037e+01 +7.949363037e+01 +3.0033e-01 -1.1633e+00 -6.8812e-01 +1.8614e+00 -2.6361e+00 +3.9567e-01 -9.2579e-02 +1.1468e-01 -1.6728e+00 -3.0598e+00
2825 +6.629342602e-03 +6.629342602e-03 +7.948662934e+01 +7.948662934e+01 +2.3772e-01 -1.1371e+00 -7.9237e-01 +1.9119e+00 -2.6732e+00 +4.5185e-01 -8.8855e-02 +1.1258e-01 -1.6421e+00 -3.0587e+00
2903 +6.273624491e-03 +6.273624491e-03 +7.948627362e+01 +7.948627362e+01 +2.6612e-01 -1.1583e+00 -7.7457e-01 +1.9289e+00 -2.6532e+00 +4.5782e-01 -1.1584e-01 +8.5243e-02 -1.6266e+00 -3.0843e+00
3167 +2.773380822e-03 +2.773380822e-03 +7.948277338e+01 +7.948277338e+01 +2.4307e-01 -1.1289e+00 -7.2160e-01 +1.9402e+00 -2.7005e+00 +4.3386e-01 -1.2681e-01 +1.2597e-01 -1.6598e+00 -3.0768e+00
3368 +2.352744515e-03 +2.352744515e-03 +7.948235274e+01 +7.948235274e+01 +2.5199e-01 -1.1297e+00 -7.5402e-01 +1.9299e+00 -2.6889e+00 +4.4871e-01 -1.2571e-01 +1.0800e-01 -1.6207e+00 -3.0447e+00
3551 +7.524867894e-04 +7.524867894e-04 +7.948075249e+01 +7.948075249e+01 +2.3312e-01 -1.1516e+00 -7.3866e-01 +1.9300e+00 -2.6801e+00 +4.3886e-01 -1.2681e-01 +1.1786e-01 -1.6377e+00 -3.0489e+00
3851 +3.112603175e-04 +3.112603175e-04 +7.948031126e+01 +7.948031126e+01 +2.5281e-01 -1.1546e+00 -7.1880e-01 +1.9273e+00 -2.6748e+00 +4.3912e-01 -1.2498e-01 +1.2979e-01 -1.6400e+00 -3.0598e+00
4203 +2.010370105e-04 +2.010370105e-04 +7.948020104e+01 +7.948020104e+01 +2.5352e-01 -1.1637e+00 -7.1682e-01 +1.9194e+00 -2.6777e+00 +4.3654e-01 -1.1892e-01 +1.2252e-01 -1.6354e+00 -3.0557e+00
4251 +1.340173186e-04 +1.340173186e-04 +7.948013402e+01 +7.948013402e+01 +2.5815e-01 -1.1558e+00 -7.2223e-01 +1.9250e+00 -2.6834e+00 +4.3696e-01 -1.1646e-01 +1.1726e-01 -1.6440e+00 -3.0574e+00
4414 +8.857541418e-05 +8.857541418e-05 +7.948008858e+01 +7.948008858e+01 +2.4883e-01 -1.1549e+00 -7.1773e-01 +1.9262e+00 -2.6799e+00 +4.3593e-01 -1.1769e-01 +1.1858e-01 -1.6414e+00 -3.0500e+00
4454 +5.851095989e-05 +5.851095989e-05 +7.948005851e+01 +7.948005851e+01 +2.5191e-01 -1.1600e+00 -7.2656e-01 +1.9230e+00 -2.6829e+00 +4.3656e-01 -1.1393e-01 +1.2288e-01 -1.6373e+00 -3.0525e+00
4853 +2.918626848e-05 +2.918626848e-05 +7.948002919e+01 +7.948002919e+01 +2.4965e-01 -1.1590e+00 -7.2534e-01 +1.9264e+00 -2.6805e+00 +4.3834e-01 -1.1584e-01 +1.2304e-01 -1.6381e+00 -3.0500e+00
% function evaluation | noise-free fitness - Fopt (3.944800000000e+02) | best noise-free fitness - Fopt | measured fitness | best measured fitness | x1 | x2...
1 +2.061628853e+02 +2.061628853e+02 +6.006428853e+02 +6.006428853e+02 +4.7583e+00 -3.2224e+00 +3.6696e+00 +3.8179e+00 -1.2015e+00 +1.0072e+00 -1.1745e+00 -2.9333e+00 +4.4615e+00 -3.1139e+00
2 +1.552883420e+02 +1.552883420e+02 +5.497683420e+02 +5.497683420e+02 -9.5668e-01 +1.9363e+00 -4.5241e+00 +1.8746e-01 +7.4046e-02 +4.2290e+00 -2.8967e-01 +2.4974e-01 -1.7906e+00 +2.7448e+00
49 +7.444606781e+01 +7.444606781e+01 +4.689260678e+02 +4.689260678e+02 -2.2145e+00 -2.5586e+00 -2.1078e+00 -2.0948e+00 -9.4842e-01 -4.5829e+00 +4.3327e+00 +2.2001e+00 -3.7255e-01 +4.6622e-01
61 +5.956335799e+01 +5.956335799e+01 +4.540433580e+02 +4.540433580e+02 -5.9934e-01 -5.2244e+00 -7.7406e+00 +2.0912e+00 -4.5831e-01 -4.8794e+00 +2.0694e+00 +2.1493e+00 -1.8409e+00 -8.3232e-01
254 +2.306994251e+01 +2.306994251e+01 +4.175499425e+02 +4.175499425e+02 -3.9002e+00 -2.1104e+00 -6.3594e+00 +4.6651e+00 +8.6674e-01 -3.7321e+00 +6.0411e+00 -2.4628e-01 +5.9932e-02 -1.1069e+00
602 +1.300929177e+01 +1.300929177e+01 +4.074892918e+02 +4.074892918e+02 -2.4654e+00 -2.2876e+00 -6.1566e+00 +4.1623e+00 +2.3795e+00 -2.9781e+00 +3.1195e+00 +3.4410e-01 +3.3816e-01 -3.3099e+00
605 +5.932509709e+00 +5.932509709e+00 +4.004125097e+02 +4.004125097e+02 -3.7145e+00 -2.4682e+00 -5.1505e+00 +4.1837e+00 -4.5528e-01 -3.2413e+00 +3.8519e+00 +1.6964e-01 -5.5249e-01 -2.6780e+00
1007 +3.857216890e+00 +3.857216890e+00 +3.983372169e+02 +3.983372169e+02 -3.4928e+00 -2.5395e+00 -3.5479e+00 +3.6671e+00 +9.1510e-01 -3.5460e+00 +4.6350e+00 -8.9298e-01 -5.1067e-01 -2.5549e+00
1304 +1.885698044e+00 +1.885698044e+00 +3.963656980e+02 +3.963656980e+02 -2.9226e+00 -2.5167e+00 -3.6567e+00 +3.3367e+00 +9.4612e-01 -2.3016e+00 +3.4126e+00 -5.3574e-01 -6.1643e-01 -3.6941e+00
1452 +1.535822857e+00 +1.535822857e+00 +3.960158229e+02 +3.960158229e+02 -3.6910e+00 -2.9231e+00 -3.0995e+00 +4.5306e+00 +1.2883e+00 -3.2607e+00 +3.7072e+00 -1.0179e+00 -1.0800e+00 -3.8517e+00
1604 +9.101080688e-01 +9.101080688e-01 +3.953901081e+02 +3.953901081e+02 -3.5834e+00 -2.6536e+00 -3.5722e+00 +4.0777e+00 +5.2569e-01 -2.9926e+00 +4.0230e+00 -8.9444e-01 -6.6825e-01 -4.0291e+00
1810 +5.005729354e-01 +5.005729354e-01 +3.949805729e+02 +3.949805729e+02 -3.9645e+00 -2.6486e+00 -3.9285e+00 +3.8716e+00 +9.3372e-01 -3.2271e+00 +3.4548e+00 -5.9366e-02 -1.0122e+00 -3.6903e+00
1907 +1.524005349e-01 +1.524005349e-01 +3.946324005e+02 +3.946324005e+02 -3.9903e+00 -2.9889e+00 -3.8665e+00 +3.9675e+00 +1.0879e+00 -3.0656e+00 +3.4382e+00 -4.7746e-01 -7.9251e-01 -3.8932e+00
2186 +7.765648987e-02 +7.765648987e-02 +3.945576565e+02 +3.945576565e+02 -3.8880e+00 -2.7675e+00 -3.6845e+00 +3.9676e+00 +6.9456e-01 -2.9395e+00 +3.3396e+00 -5.3648e-01 -9.0869e-01 -3.7105e+00
2503 +3.463187738e-02 +3.463187738e-02 +3.945146319e+02 +3.945146319e+02 -3.9235e+00 -2.8586e+00 -3.8847e+00 +3.9840e+00 +8.6808e-01 -3.0212e+00 +3.4071e+00 -5.6566e-01 -9.0689e-01 -3.6785e+00
2651 +1.855643110e-02 +1.855643110e-02 +3.944985564e+02 +3.944985564e+02 -3.8758e+00 -2.8761e+00 -3.7042e+00 +3.9439e+00 +8.7644e-01 -2.9392e+00 +3.4704e+00 -5.9915e-01 -8.9199e-01 -3.8024e+00
2751 +1.427164852e-02 +1.427164852e-02 +3.944942716e+02 +3.944942716e+02 -3.8828e+00 -2.8604e+00 -3.7198e+00 +3.9395e+00 +8.8064e-01 -2.9207e+00 +3.4616e+00 -5.9115e-01 -8.8332e-01 -3.7991e+00
2867 +8.688786205e-03 +8.688786205e-03 +3.944886888e+02 +3.944886888e+02 -3.9261e+00 -2.8366e+00 -3.8021e+00 +3.8956e+00 +9.0512e-01 -2.9346e+00 +3.4505e+00 -6.1181e-01 -8.4559e-01 -3.7554e+00
3071 +3.019922790e-03 +3.019922790e-03 +3.944830199e+02 +3.944830199e+02 -3.8817e+00 -2.8840e+00 -3.7824e+00 +3.9066e+00 +8.5104e-01 -2.9106e+00 +3.4555e+00 -5.6001e-01 -8.6207e-01 -3.7267e+00
3551 +2.375379913e-03 +2.375379913e-03 +3.944823754e+02 +3.944823754e+02 -3.9074e+00 -2.9265e+00 -3.8118e+00 +3.8801e+00 +8.5626e-01 -2.8974e+00 +3.4439e+00 -6.0373e-01 -8.6991e-01 -3.7310e+00
3565 +1.499813711e-03 +1.499813711e-03 +3.944814998e+02 +3.944814998e+02 -3.9034e+00 -2.9172e+00 -3.7915e+00 +3.8960e+00 +8.7536e-01 -2.9141e+00 +3.4460e+00 -6.1155e-01 -8.7511e-01 -3.7389e+00
3652 +9.757730820e-04 +9.757730820e-04 +3.944809758e+02 +3.944809758e+02 -3.8979e+00 -2.8835e+00 -3.8020e+00 +3.9112e+00 +8.5710e-01 -2.9231e+00 +3.4575e+00 -6.1730e-01 -8.7250e-01 -3.7359e+00
3913 +3.996909630e-04 +3.996909630e-04 +3.944803997e+02 +3.944803997e+02 -3.8980e+00 -2.8931e+00 -3.8122e+00 +3.9004e+00 +8.5775e-01 -2.9008e+00 +3.4535e+00 -6.0592e-01 -8.7121e-01 -3.7391e+00
4101 +3.567571431e-04 +3.567571431e-04 +3.944803568e+02 +3.944803568e+02 -3.8983e+00 -2.8907e+00 -3.7998e+00 +3.8987e+00 +8.6406e-01 -2.9066e+00 +3.4427e+00 -5.9395e-01 -8.7535e-01 -3.7216e+00
4306 +2.191414423e-04 +2.191414423e-04 +3.944802191e+02 +3.944802191e+02 -3.9076e+00 -2.8882e+00 -3.7957e+00 +3.9031e+00 +8.6016e-01 -2.9013e+00 +3.4464e+00 -6.0186e-01 -8.8540e-01 -3.7281e+00
4657 +1.475354571e-04 +1.475354571e-04 +3.944801475e+02 +3.944801475e+02 -3.9048e+00 -2.8933e+00 -3.7956e+00 +3.9034e+00 +8.6036e-01 -2.9040e+00 +3.4477e+00 -6.0066e-01 -8.7631e-01 -3.7347e+00
4921 +7.601171421e-05 +7.601171421e-05 +3.944800760e+02 +3.944800760e+02 -3.9031e+00 -2.8907e+00 -3.8056e+00 +3.9055e+00 +8.6285e-01 -2.9097e+00 +3.4446e+00 -5.9922e-01 -8.8447e-01 -3.7340e+00
4923 +5.796268096e-05 +5.796268096e-05 +3.944800580e+02 +3.944800580e+02 -3.8993e+00 -2.8924e+00 -3.8042e+00 +3.9105e+00 +8.6282e-01 -2.9044e+00 +3.4478e+00 -5.9981e-01 -8.8262e-01 -3.7334e+00
% function evaluation | noise-free fitness - Fopt (-2.471100000000e+02) | best noise-free fitness - Fopt | measured fitness | best measured fitness | x1 | x2...
1 +2.963562823e+02 +2.963562823e+02 +4.924628235e+01 +4.924628235e+01 +2.5286e+00 -1.3591e+00 -3.8483e+00 +3.5622e+00 +2.7163e+00 -4.7378e+00 +2.0762e-01 +3.9431e+00 -1.7350e+00 -3.0180e+00
3 +1.287464040e+02 +1.287464040e+02 -1.183635960e+02 -1.183635960e+02 -3.0612e+00 -2.7503e+00 -4.0350e+00 -1.8650e+00 +2.3241e+00 -3.4501e+00 -2.7903e+00 -4.6870e+00 +2.1116e+00 +3.7233e+00
7 +4.150723858e+01 +4.150723858e+01 -2.056027614e+02 -2.056027614e+02 -3.2624e+00 -1.9668e+00 +8.4818e-01 -2.5697e+00 -2.9835e+00 +4.8241e+00 +1.9114e+00 -2.5339e+00 +2.5253e+00 -1.2049e+00
49 +2.936726322e+01 +2.936726322e+01 -2.177427368e+02 -2.177427368e+02 -2.6270e+00 +1.3834e+00 +3.0021e+00 -4.9681e+00 -1.0085e+00 +6.8577e-01 +3.2502e+00 -2.5815e+00 -1.1857e+00 +1.6927e+00
60 +2.472895737e+01 +2.472895737e+01 -2.223810426e+02 -2.223810426e+02 -3.4835e+00 +1.7777e+00 +2.8310e+00 -4.4881e+00 -2.1486e+00 +1.8445e+00 +2.5353e+00 -3.5095e+00 +1.1054e+00 +3.8011e-01
301 +1.055376508e+01 +1.055376508e+01 -2.365562349e+02 -2.365562349e+02 -2.8258e+00 +3.9732e-01 +1.0843e+00 -3.8219e+00 -4.3265e+00 +7.1988e-01 +3.7738e+00 -4.2248e+00 +6.5218e-01 +1.6312e+00
723 +7.532333572e+00 +7.532333572e+00 -2.395776664e+02 -2.395776664e+02 -2.4129e+00 +3.5942e-01 +5.4556e-02 -2.6621e+00 -3.2025e+00 +1.1214e+00 +3.4805e+00 -4.1197e+00 +1.0216e+00 +1.7134e+00
904 +5.187514663e+00 +5.187514663e+00 -2.419224853e+02 -2.419224853e+02 -3.6992e+00 +1.9649e-01 +1.0891e-01 -2.8965e+00 -2.2632e+00 +1.0811e+00 +3.0981e+00 -3.2646e+00 +9.7023e-01 +3.2178e+00
1017 +3.956669239e+00 +3.956669239e+00 -2.431533308e+02 -2.431533308e+02 -2.6921e+00 -3.4936e-01 -2.0644e-01 -3.7969e+00 -3.8520e+00 +2.0427e+00 +4.3078e+00 -3.8979e+00 -5.7246e-01 +2.4992e+00
1055 +2.337940623e+00 +2.337940623e+00 -2.447720594e+02 -2.447720594e+02 -4.0947e+00 +6.6225e-01 +1.5255e-02 -3.8013e+00 -3.2807e+00 +1.3863e+00 +3.6044e+00 -3.2751e+00 +8.8119e-02 +2.6090e+00
1124 +8.473518669e-01 +8.473518669e-01 -2.462626481e+02 -2.462626481e+02 -3.7184e+00 +4.9765e-01 -4.8433e-01 -3.6275e+00 -3.3330e+00 +1.6972e+00 +3.0386e+00 -4.3026e+00 +2.1284e-01 +2.8987e+00
1510 +5.707059923e-01 +5.707059923e-01 -2.465392940e+02 -2.465392940e+02 -3.6525e+00 +2.4020e-01 -7.7038e-01 -3.9175e+00 -3.6339e+00 +2.0670e+00 +3.3509e+00 -4.2093e+00 -2.6338e-01 +2.7759e+00
1603 +3.214043682e-01 +3.214043682e-01 -2.467885956e+02 -2.467885956e+02 -3.8273e+00 +2.6552e-01 -5.1674e-01 -3.8509e+00 -2.8980e+00 +2.0839e+00 +3.0977e+00 -4.1324e+00 -3.9377e-01 +2.8097e+00
1657 +2.092387504e-01 +2.092387504e-01 -2.469007612e+02 -2.469007612e+02 -3.7047e+00 +3.4213e-01 -7.7217e-01 -3.5778e+00 -2.9156e+00 +2.2462e+00 +3.1216e+00 -3.8821e+00 -2.2138e-01 +3.1218e+00
1836 +1.465320971e-01 +1.465320971e-01 -2.469634679e+02 -2.469634679e+02 -3.8039e+00 +1.4092e-01 -6.4507e-01 -3.3669e+00 -3.2440e+00 +2.4132e+00 +3.1929e+00 -3.8837e+00 -7.1013e-02 +2.8796e+00
2251 +5.619255398e-02 +5.619255398e-02 -2.470538074e+02 -2.470538074e+02 -3.8397e+00 +2.7717e-01 -7.6106e-01 -3.7616e+00 -3.0678e+00 +2.3736e+00 +3.0771e+00 -3.8988e+00 +4.8240e-02 +2.8212e+00
2301 +3.818979424e-02 +3.818979424e-02 -2.470718102e+02 -2.470718102e+02 -3.7171e+00 +2.8885e-01 -6.9296e-01 -3.6387e+00 -2.9968e+00 +2.3301e+00 +3.1255e+00 -3.9248e+00 -3.2773e-02 +2.8404e+00
2564 +2.432373263e-02 +2.432373263e-02 -2.470856763e+02 -2.470856763e+02 -3.7837e+00 +2.5155e-01 -6.5461e-01 -3.7722e+00 -2.9958e+00 +2.3627e+00 +3.2200e+00 -3.9265e+00 -7.3159e-02 +2.8534e+00
2607 +7.832867203e-03 +7.832867203e-03 -2.471021671e+02 -2.471021671e+02 -3.7472e+00 +2.1151e-01 -7.2350e-01 -3.6821e+00 -3.0529e+00 +2.2831e+00 +3.2029e+00 -3.9061e+00 -5.5962e-02 +2.8331e+00
3054 +6.037721149e-03 +6.037721149e-03 -2.471039623e+02 -2.471039623e+02 -3.7447e+00 +2.0267e-01 -6.9473e-01 -3.6991e+00 -3.0974e+00 +2.3005e+00 +3.1709e+00 -3.9320e+00 -7.1977e-02 +2.8344e+00
3313 +2.833784073e-03 +2.833784073e-03 -2.471071662e+02 -2.471071662e+02 -3.7917e+00 +2.0022e-01 -7.0230e-01 -3.6918e+00 -3.0733e+00 +2.3077e+00 +3.2106e+00 -3.8931e+00 -7.3284e-02 +2.7865e+00
3508 +2.345936387e-03 +2.345936387e-03 -2.471076541e+02 -2.471076541e+02 -3.8009e+00 +1.8393e-01 -7.0107e-01 -3.6961e+00 -3.0890e+00 +2.2807e+00 +3.2158e+00 -3.9142e+00 -7.8881e-02 +2.8034e+00
3654 +1.398681701e-03 +1.398681701e-03 -2.471086013e+02 -2.471086013e+02 -3.7935e+00 +2.0177e-01 -6.8855e-01 -3.6988e+00 -3.0787e+00 +2.2947e+00 +3.2118e+00 -3.9232e+00 -6.4755e-02 +2.8069e+00
3757 +9.838615935e-04 +9.838615935e-04 -2.471090161e+02 -2.471090161e+02 -3.7822e+00 +2.0014e-01 -7.0239e-01 -3.7017e+00 -3.0927e+00 +2.3270e+00 +3.2142e+00 -3.9189e+00 -8.4460e-02 +2.8118e+00
3902 +4.141477643e-04 +4.141477643e-04 -2.471095859e+02 -2.471095859e+02 -3.7866e+00 +2.0401e-01 -6.9148e-01 -3.6932e+00 -3.1041e+00 +2.3189e+00 +3.2106e+00 -3.9096e+00 -7.8776e-02 +2.8150e+00
4184 +3.771810773e-04 +3.771810773e-04 -2.471096228e+02 -2.471096228e+02 -3.8003e+00 +1.8987e-01 -7.0101e-01 -3.6970e+00 -3.1031e+00 +2.3182e+00 +3.2254e+00 -3.9155e+00 -7.5349e-02 +2.8236e+00
4354 +2.123058482e-04 +2.123058482e-04 -2.471097877e+02 -2.471097877e+02 -3.8025e+00 +1.9521e-01 -6.8904e-01 -3.6897e+00 -3.0928e+00 +2.3200e+00 +3.2204e+00 -3.9105e+00 -6.6202e-02 +2.8181e+00
4557 +1.166511503e-04 +1.166511503e-04 -2.471098833e+02 -2.471098833e+02 -3.7940e+00 +2.0683e-01 -6.9243e-01 -3.6980e+00 -3.0999e+00 +2.3120e+00 +3.2223e+00 -3.9148e+00 -7.3879e-02 +2.8225e+00
4608 +9.842129427e-05 +9.842129427e-05 -2.471099016e+02 -2.471099016e+02 -3.7990e+00 +1.9684e-01 -6.9166e-01 -3.6954e+00 -3.1005e+00 +2.3209e+00 +3.2215e+00 -3.9186e+00 -6.8344e-02 +2.8203e+00
4862 +5.668487913e-05 +5.668487913e-05 -2.471099433e+02 -2.471099433e+02 -3.7991e+00 +2.0134e-01 -6.9488e-01 -3.6878e+00 -3.0994e+00 +2.3170e+00 +3.2156e+00 -3.9167e+00 -6.8720e-02 +2.8212e+00
4905 +3.025877757e-05 +3.025877757e-05 -2.471099697e+02 -2.471099697e+02 -3.8009e+00 +2.0203e-01 -6.9183e-01 -3.6918e+00 -3.1008e+00 +2.3150e+00 +3.2202e+00 -3.9136e+00 -6.8344e-02 +2.8210e+00
4918 +2.408663562e-05 +2.408663562e-05 -2.471099759e+02 -2.471099759e+02 -3.7988e+00 +2.0775e-01 -6.9150e-01 -3.6902e+00 -3.0986e+00 +2.3164e+00 +3.2197e+00 -3.9169e+00 -7.1136e-02 +2.8233e+00
% function evaluation | noise-free fitness - Fopt (-1.520400000000e+02) | best noise-free fitness - Fopt | measured fitness | best measured fitness | x1 | x2...
1 +1.944818233e+02 +1.944818233e+02 +4.244182328e+01 +4.244182328e+01 +3.2420e-01 -1.0083e+00 +1.3530e+00 -4.8401e+00 +2.6427e+00 +2.8681e+00 +2.3406e-01 +4.2755e+00 +4.6243e+00 -3.6573e+00
2 +8.524156118e+01 +8.524156118e+01 -6.679843882e+01 -6.679843882e+01 -4.0375e+00 +9.9549e-01 -5.9979e-01 -5.6408e-01 +2.6328e+00 -4.1480e+00 -4.5886e-01 -9.1742e-01 -3.4714e+00 +4.6730e+00
12 +4.896523506e+01 +4.896523506e+01 -1.030747649e+02 -1.030747649e+02 +1.9161e+00 -2.3069e+00 -2.8256e+00 +4.1153e+00 -1.2577e+00 -1.8100e+00 +9.6620e-03 -7.9411e-01 +4.4345e+00 +2.2042e+00
104 +2.722135024e+01 +2.722135024e+01 -1.248186498e+02 -1.248186498e+02 -5.7330e-01 +3.0203e+00 -1.8737e+00 +3.1385e+00 +9.1556e-01 -1.6548e+00 -9.5881e-01 -1.5134e+00 -1.9351e+00 +1.9442e+00
252 +2.200534368e+01 +2.200534368e+01 -1.300346563e+02 -1.300346563e+02 -4.5216e-01 +5.8621e-01 -1.7295e+00 +1.2706e+00 -9.3203e-02 -5.1953e-01 -1.0800e-01 -2.7990e+00 +2.2387e+00 +3.6842e+00
415 +1.343532932e+01 +1.343532932e+01 -1.386046707e+02 -1.386046707e+02 +2.6788e+00 +1.5895e+00 -2.7823e+00 +2.9228e+00 +3.2130e+00 +1.3281e+00 -1.7051e+00 -7.2911e-01 +2.1432e+00 +3.0706e+00
503 +9.168367540e+00 +9.168367540e+00 -1.428716325e+02 -1.428716325e+02 -3.6560e-01 +6.4569e-01 -2.1906e+00 +1.9712e+00 +2.3487e+00 +1.2936e+00 -1.0568e+00 -1.7084e+00 +4.5225e-01 +2.9048e+00
821 +3.182764454e+00 +3.182764454e+00 -1.488572355e+02 -1.488572355e+02 +4.1142e-01 +1.4872e+00 -2.5365e+00 +2.8518e+00 +2.7930e+00 +3.7014e-01 -6.5364e-01 -1.0990e+00 +1.1147e+00 +3.6981e+00
1156 +2.191630718e+00 +2.191630718e+00 -1.498483693e+02 -1.498483693e+02 +7.7675e-02 +1.6710e+00 -3.2013e+00 +3.5611e+00 +2.9762e+00 +3.4122e-01 -1.5941e+00 -5.4347e-01 +7.9717e-01 +3.2791e+00
1238 +1.176359552e+00 +1.176359552e+00 -1.508636404e+02 -1.508636404e+02 -3.5802e-01 +6.9200e-01 -3.3783e+00 +3.2878e+00 +2.4293e+00 +2.7098e-02 -6.7435e-01 -9.5060e-01 +1.6413e+00 +3.9216e+00
1414 +8.876994579e-01 +8.876994579e-01 -1.511523005e+02 -1.511523005e+02 -7.2464e-01 +1.5409e+00 -3.8323e+00 +3.1019e+00 +2.3238e+00 +6.0624e-02 -8.9320e-01 -8.8199e-01 +7.7509e-01 +3.6870e+00
1672 +4.998873916e-01 +4.998873916e-01 -1.515401126e+02 -1.515401126e+02 -1.7150e-01 +1.0495e+00 -3.9136e+00 +3.5833e+00 +2.4426e+00 -1.9292e-01 -1.0188e+00 -4.0045e-01 +1.6133e+00 +3.3162e+00
1751 +3.471887573e-01 +3.471887573e-01 -1.516928112e+02 -1.516928112e+02 -7.0862e-03 +1.2441e+00 -3.9018e+00 +3.4056e+00 +2.1892e+00 -2.0068e-01 -1.0430e+00 -5.9411e-01 +1.5190e+00 +3.3401e+00
1918 +2.163655948e-01 +2.163655948e-01 -1.518236344e+02 -1.518236344e+02 -1.9232e-01 +1.6795e+00 -3.8387e+00 +2.9974e+00 +2.4069e+00 +2.8480e-01 -8.4496e-01 -6.7340e-01 +1.4094e+00 +3.6226e+00
1961 +1.511254483e-01 +1.511254483e-01 -1.518888746e+02 -1.518888746e+02 -2.0603e-01 +1.3306e+00 -3.9412e+00 +3.1136e+00 +2.2737e+00 +3.4658e-01 -8.1277e-01 -5.6469e-01 +1.6416e+00 +3.5289e+00
2254 +8.954233980e-02 +8.954233980e-02 -1.519504577e+02 -1.519504577e+02 -9.3297e-02 +1.3861e+00 -3.8051e+00 +3.2691e+00 +2.3607e+00 +1.7674e-01 -8.8294e-01 -5.4267e-01 +1.6069e+00 +3.4338e+00
2322 +6.190287917e-02 +6.190287917e-02 -1.519780971e+02 -1.519780971e+02 -3.4027e-01 +1.5390e+00 -3.9868e+00 +3.1795e+00 +2.3607e+00 +1.5869e-01 -7.5890e-01 -7.3655e-01 +1.4306e+00 +3.5238e+00
2459 +3.284477210e-02 +3.284477210e-02 -1.520071552e+02 -1.520071552e+02 -3.0400e-01 +1.3687e+00 -3.9616e+00 +3.1676e+00 +2.3706e+00 +1.6984e-01 -8.9799e-01 -6.6979e-01 +1.4474e+00 +3.4213e+00
2707 +2.037598862e-02 +2.037598862e-02 -1.520196240e+02 -1.520196240e+02 -2.3541e-01 +1.4509e+00 -3.9613e+00 +3.3514e+00 +2.3707e+00 +7.8406e-02 -8.6884e-01 -7.5479e-01 +1.5290e+00 +3.4265e+00
2752 +1.269144518e-02 +1.269144518e-02 -1.520273086e+02 -1.520273086e+02 -3.1337e-01 +1.4522e+00 -3.9660e+00 +3.3300e+00 +2.3890e+00 +9.8438e-02 -9.1434e-01 -6.8834e-01 +1.4996e+00 +3.4372e+00
3003 +7.439514272e-03 +7.439514272e-03 -1.520325605e+02 -1.520325605e+02 -2.8501e-01 +1.4571e+00 -3.9136e+00 +3.3150e+00 +2.4076e+00 +1.3734e-01 -9.1835e-01 -6.9960e-01 +1.5421e+00 +3.4372e+00
3159 +4.375312115e-03 +4.375312115e-03 -1.520356247e+02 -1.520356247e+02 -2.5468e-01 +1.4252e+00 -3.9436e+00 +3.3207e+00 +2.4399e+00 +1.1816e-01 -9.0399e-01 -7.2086e-01 +1.4756e+00 +3.4677e+00
3351 +3.804877849e-03 +3.804877849e-03 -1.520361951e+02 -1.520361951e+02 -2.6494e-01 +1.4064e+00 -3.8961e+00 +3.2641e+00 +2.4018e+00 +1.6172e-01 -8.6179e-01 -6.7919e-01 +1.5203e+00 +3.4774e+00
3473 +2.117479048e-03 +2.117479048e-03 -1.520378825e+02 -1.520378825e+02 -2.6143e-01 +1.4580e+00 -3.9167e+00 +3.2841e+00 +2.4236e+00 +1.3899e-01 -8.9298e-01 -7.0883e-01 +1.4982e+00 +3.4643e+00
3479 +7.868646342e-04 +7.868646342e-04 -1.520392131e+02 -1.520392131e+02 -2.6875e-01 +1.4107e+00 -3.9323e+00 +3.2853e+00 +2.4097e+00 +1.4008e-01 -8.8592e-01 -6.8859e-01 +1.5000e+00 +3.4769e+00
3973 +3.888979956e-04 +3.888979956e-04 -1.520396111e+02 -1.520396111e+02 -2.6464e-01 +1.4260e+00 -3.9368e+00 +3.2927e+00 +2.4251e+00 +1.5407e-01 -8.8705e-01 -7.0666e-01 +1.4990e+00 +3.4884e+00
4153 +2.319431503e-04 +2.319431503e-04 -1.520397681e+02 -1.520397681e+02 -2.6091e-01 +1.4211e+00 -3.9319e+00 +3.2966e+00 +2.4188e+00 +1.5090e-01 -8.8361e-01 -6.9725e-01 +1.5032e+00 +3.4717e+00
4211 +1.024259626e-04 +1.024259626e-04 -1.520398976e+02 -1.520398976e+02 -2.6794e-01 +1.4236e+00 -3.9268e+00 +3.2940e+00 +2.4220e+00 +1.5767e-01 -8.7996e-01 -7.0277e-01 +1.5038e+00 +3.4838e+00
4301 +7.657028425e-05 +7.657028425e-05 -1.520399234e+02 -1.520399234e+02 -2.6766e-01 +1.4240e+00 -3.9259e+00 +3.2939e+00 +2.4171e+00 +1.5622e-01 -8.7854e-01 -6.9755e-01 +1.5041e+00 +3.4798e+00
4708 +5.556307258e-05 +5.556307258e-05 -1.520399444e+02 -1.520399444e+02 -2.6762e-01 +1.4262e+00 -3.9243e+00 +3.2950e+00 +2.4189e+00 +1.5542e-01 -8.7663e-01 -7.0085e-01 +1.4986e+00 +3.4767e+00
4803 +3.390989284e-05 +3.390989284e-05 -1.520399661e+02 -1.520399661e+02 -2.6962e-01 +1.4231e+00 -3.9274e+00 +3.2951e+00 +2.4202e+00 +1.5227e-01 -8.8004e-01 -7.0123e-01 +1.5008e+00 +3.4839e+00
4904 +1.909384318e-05 +1.909384318e-05 -1.520399809e+02 -1.520399809e+02 -2.6806e-01 +1.4228e+00 -3.9278e+00 +3.2954e+00 +2.4190e+00 +1.4910e-01 -8.7746e-01 -7.0185e-01 +1.5013e+00 +3.4810e+00
% function evaluation | noise-free fitness - Fopt (-2.525000000000e+01) | best noise-free fitness - Fopt | measured fitness | best measured fitness | x1 | x2...
1 +1.352316526e+02 +1.352316526e+02 +1.099816526e+02 +1.099816526e+02 +4.9204e+00 +1.9324e+00 +3.4140e+00 +4.1382e+00 -1.4818e+00 -1.4817e+00 -1.9454e+00 +2.8775e+00 -1.8395e-01 +1.7546e+00
4 +4.392213508e+01 +4.392213508e+01 +1.867213508e+01 +1.867213508e+01 +3.4595e+00 +3.8138e+00 -2.5592e+00 -2.0323e+00 +4.2408e+00 -2.7746e+00 -2.1726e+00 +3.0575e+00 +1.4208e+00 -1.8960e+00
25 +3.037504710e+01 +3.037504710e+01 +5.125047097e+00 +5.125047097e+00 +1.9655e+00 +2.6138e+00 -7.6695e-01 +2.0566e-01 +1.8779e+00 -2.7709e+00 -5.7562e-01 -3.0485e+00 -4.1018e-01 -1.9557e+00
159 +2.379600318e+01 +2.379600318e+01 -1.453996818e+00 -1.453996818e+00 +4.1401e+00 +5.1781e-01 -3.2651e+00 -4.9016e+00 +3.1267e+00 -2.2425e+00 -2.1695e+00 +3.2073e-01 +2.1157e-01 -1.2338e+00
252 +1.222184600e+01 +1.222184600e+01 -1.302815400e+01 -1.302815400e+01 +4.8263e+00 +5.4987e-01 -3.1974e+00 -1.6677e+00 +2.5574e+00 -2.1579e+00 -3.5079e+00 -2.0746e+00 +2.0967e+00 -1.7597e+00
508 +9.937218420e+00 +9.937218420e+00 -1.531278158e+01 -1.531278158e+01 +5.1556e+00 +7.5260e-01 -3.1271e+00 -2.5823e+00 +3.2184e+00 -1.0694e+00 -3.1858e+00 -1.9543e+00 +3.0208e+00 -2.9387e+00
604 +5.183978212e+00 +5.183978212e+00 -2.006602179e+01 -2.006602179e+01 +3.1411e+00 +2.0554e+00 -2.1873e+00 -1.5654e+00 +2.8413e+00 -1.2233e+00 -2.3856e+00 -1.8559e+00 +1.3608e+00 -1.9421e+00
801 +3.168162417e+00 +3.168162417e+00 -2.208183758e+01 -2.208183758e+01 +2.4439e+00 +1.1677e+00 -1.7247e+00 -1.8947e+00 +3.4188e+00 +2.4187e-01 -2.3212e+00 -2.8197e+00 +9.4386e-01 -2.9058e+00
959 +1.548492259e+00 +1.548492259e+00 -2.370150774e+01 -2.370150774e+01 +3.7875e+00 +9.7650e-01 -1.2010e+00 -2.1604e+00 +3.4887e+00 -9.6078e-01 -2.2874e+00 -1.7408e+00 +5.9478e-01 -2.8210e+00
1229 +7.411112490e-01 +7.411112490e-01 -2.450888875e+01 -2.450888875e+01 +3.5493e+00 +2.5473e-01 -1.3571e+00 -2.2652e+00 +3.0252e+00 -4.4087e-01 -2.1170e+00 -1.7632e+00 +9.5717e-01 -2.3137e+00
1416 +4.335357353e-01 +4.335357353e-01 -2.481646426e+01 -2.481646426e+01 +3.6018e+00 +6.6602e-01 -1.0769e+00 -1.8929e+00 +3.2517e+00 -2.4715e-01 -2.2066e+00 -1.8842e+00 +9.3253e-01 -2.7087e+00
1601 +3.886149054e-01 +3.886149054e-01 -2.486138509e+01 -2.486138509e+01 +3.5546e+00 +7.1527e-01 -1.1593e+00 -1.8853e+00 +3.4545e+00 -3.6725e-02 -2.2639e+00 -1.7616e+00 +9.1075e-01 -2.6763e+00
1763 +2.131080410e-01 +2.131080410e-01 -2.503689196e+01 -2.503689196e+01 +3.5635e+00 +7.3021e-01 -1.3876e+00 -2.1552e+00 +3.1205e+00 +2.4723e-01 -2.5568e+00 -1.7042e+00 +1.4693e+00 -2.6090e+00
1910 +9.223810520e-02 +9.223810520e-02 -2.515776189e+01 -2.515776189e+01 +3.7082e+00 +5.9801e-01 -1.3249e+00 -2.1265e+00 +3.2181e+00 -2.1053e-01 -2.6492e+00 -1.8857e+00 +1.3104e+00 -2.5360e+00
2272 +4.290918633e-02 +4.290918633e-02 -2.520709081e+01 -2.520709081e+01 +3.6832e+00 +6.6703e-01 -1.2817e+00 -2.1989e+00 +3.3487e+00 -9.8282e-02 -2.5111e+00 -1.7814e+00 +1.2192e+00 -2.6331e+00
2302 +3.401782008e-02 +3.401782008e-02 -2.521598218e+01 -2.521598218e+01 +3.6293e+00 +6.9424e-01 -1.3873e+00 -2.2015e+00 +3.3598e+00 -1.6427e-02 -2.4381e+00 -1.8218e+00 +1.2888e+00 -2.5564e+00
2604 +2.022124934e-02 +2.022124934e-02 -2.522977875e+01 -2.522977875e+01 +3.5756e+00 +6.4573e-01 -1.4506e+00 -2.1984e+00 +3.2148e+00 -1.2994e-02 -2.4969e+00 -1.8400e+00 +1.3078e+00 -2.6749e+00
2909 +1.264012888e-02 +1.264012888e-02 -2.523735987e+01 -2.523735987e+01 +3.6256e+00 +6.3591e-01 -1.4106e+00 -2.1467e+00 +3.2753e+00 -1.0575e-01 -2.5249e+00 -1.8178e+00 +1.2158e+00 -2.6723e+00
2922 +5.982962894e-03 +5.982962894e-03 -2.524401704e+01 -2.524401704e+01 +3.6134e+00 +6.0416e-01 -1.3985e+00 -2.1774e+00 +3.3185e+00 -9.5915e-02 -2.4692e+00 -1.8105e+00 +1.2757e+00 -2.6287e+00
3478 +3.731975503e-03 +3.731975503e-03 -2.524626802e+01 -2.524626802e+01 +3.6188e+00 +6.3767e-01 -1.4250e+00 -2.1738e+00 +3.2559e+00 -9.6123e-02 -2.4676e+00 -1.8110e+00 +1.2767e+00 -2.6595e+00
3604 +2.358448773e-03 +2.358448773e-03 -2.524764155e+01 -2.524764155e+01 +3.5769e+00 +6.4464e-01 -1.4418e+00 -2.1689e+00 +3.2944e+00 -9.8875e-02 -2.4776e+00 -1.8102e+00 +1.3240e+00 -2.6678e+00
3672 +1.482928202e-03 +1.482928202e-03 -2.524851707e+01 -2.524851707e+01 +3.6150e+00 +6.6744e-01 -1.4175e+00 -2.1414e+00 +3.2894e+00 -1.0517e-01 -2.4700e+00 -1.8127e+00 +1.3082e+00 -2.6596e+00
4002 +8.728444493e-04 +8.728444493e-04 -2.524912716e+01 -2.524912716e+01 +3.6096e+00 +6.4696e-01 -1.4277e+00 -2.1439e+00 +3.2922e+00 -9.5415e-02 -2.4666e+00 -1.7973e+00 +1.3057e+00 -2.6631e+00
4120 +5.943035072e-04 +5.943035072e-04 -2.524940570e+01 -2.524940570e+01 +3.6119e+00 +6.3925e-01 -1.4166e+00 -2.1394e+00 +3.2835e+00 -9.9817e-02 -2.4645e+00 -1.8209e+00 +1.3077e+00 -2.6690e+00
4251 +2.998669422e-04 +2.998669422e-04 -2.524970013e+01 -2.524970013e+01 +3.6158e+00 +6.3950e-01 -1.4188e+00 -2.1476e+00 +3.2939e+00 -1.0065e-01 -2.4647e+00 -1.8110e+00 +1.3027e+00 -2.6704e+00
4519 +2.301064957e-04 +2.301064957e-04 -2.524976989e+01 -2.524976989e+01 +3.6105e+00 +6.3972e-01 -1.4231e+00 -2.1495e+00 +3.2910e+00 -1.0502e-01 -2.4797e+00 -1.8116e+00 +1.3102e+00 -2.6630e+00
4573 +1.448371447e-04 +1.448371447e-04 -2.524985516e+01 -2.524985516e+01 +3.6158e+00 +6.2992e-01 -1.4239e+00 -2.1601e+00 +3.2974e+00 -1.0401e-01 -2.4757e+00 -1.8161e+00 +1.3191e+00 -2.6758e+00
4601 +7.656318532e-05 +7.656318532e-05 -2.524992344e+01 -2.524992344e+01 +3.6117e+00 +6.3455e-01 -1.4208e+00 -2.1563e+00 +3.2949e+00 -1.0564e-01 -2.4738e+00 -1.8169e+00 +1.3172e+00 -2.6762e+00
4902 +5.693732164e-05 +5.693732164e-05 -2.524994306e+01 -2.524994306e+01 +3.6117e+00 +6.3307e-01 -1.4228e+00 -2.1534e+00 +3.3018e+00 -1.0146e-01 -2.4715e+00 -1.8160e+00 +1.3108e+00 -2.6731e+00
% function evaluation | noise-free fitness - Fopt (-2.017200000000e+02) | best noise-free fitness - Fopt | measured fitness | best measured fitness | x1 | x2...
1 +1.669698702e+02 +1.669698702e+02 -3.475012981e+01 -3.475012981e+01 +5.6604e-01 +1.9751e+00 +1.4676e+00 -1.8036e+00 -2.2590e+00 -5.0808e-01 -2.7975e+00 -4.3373e+00 +4.3988e+00 +1.3679e+00
2 +1.129555493e+02 +1.129555493e+02 -8.876445068e+01 -8.876445068e+01 -1.2711e+00 +2.0286e+00 -1.3795e+00 +1.8755e+00 +4.6168e+00 +4.3022e+00 -1.1810e+00 -3.8209e+00 +3.5677e+00 -2.5286e+00
6 +8.678654944e+01 +8.678654944e+01 -1.149334506e+02 -1.149334506e+02 -1.1544e+00 +2.0279e+00 +1.5086e+00 -3.8437e+00 +2.8134e+00 -3.4929e+00 -3.3024e+00 +3.3019e+00 +5.7994e-01 -4.4650e+00
56 +1.438846481e+01 +1.438846481e+01 -1.873315352e+02 -1.873315352e+02 -1.0035e+00 -3.1672e+00 +1.2249e-01 +1.2363e+00 +2.1587e+00 +2.1126e+00 -1.4521e+00 +3.7453e+00 -2.5757e+00 -3.6512e+00
360 +5.851358286e+00 +5.851358286e+00 -1.958686417e+02 -1.958686417e+02 -1.3851e+00 -4.0314e+00 -2.0938e+00 +1.1286e+00 +3.1697e+00 +7.7695e-02 -2.1265e+00 +3.8143e+00 +2.6671e-01 -3.1403e+00
401 +3.170182707e+00 +3.170182707e+00 -1.985498173e+02 -1.985498173e+02 -1.7632e+00 -3.8085e+00 -9.8117e-01 +1.6057e+00 +2.5859e+00 +3.7345e-01 -2.1772e+00 +3.6310e+00 +8.8676e-01 -3.7570e+00
859 +1.938508646e+00 +1.938508646e+00 -1.997814914e+02 -1.997814914e+02 -9.3319e-01 -3.2782e+00 -9.2774e-01 +1.7258e+00 +2.9166e+00 +4.6093e-01 -1.9658e+00 +3.1432e+00 +1.4681e-01 -3.1965e+00
1001 +1.015647618e+00 +1.015647618e+00 -2.007043524e+02 -2.007043524e+02 -1.2150e+00 -3.1312e+00 -8.8057e-01 +1.9410e+00 +2.7739e+00 +5.7352e-01 -2.2806e+00 +3.3565e+00 +4.6113e-02 -3.3156e+00
1184 +7.504431836e-01 +7.504431836e-01 -2.009695568e+02 -2.009695568e+02 -1.0287e+00 -3.2319e+00 -8.8532e-01 +2.5406e+00 +2.5069e+00 +4.2781e-01 -2.5937e+00 +3.7171e+00 +1.6549e-01 -3.2181e+00
1402 +4.041028478e-01 +4.041028478e-01 -2.013158972e+02 -2.013158972e+02 -1.1290e+00 -2.7675e+00 -9.5358e-01 +2.1038e+00 +2.2651e+00 +6.0043e-01 -2.3192e+00 +3.1816e+00 +2.5448e-01 -3.1607e+00
1403 +3.405734885e-01 +3.405734885e-01 -2.013794265e+02 -2.013794265e+02 -1.3255e+00 -2.9603e+00 -1.2205e+00 +2.3724e+00 +2.1359e+00 +1.0269e-01 -2.3319e+00 +3.2755e+00 +4.4128e-01 -2.9430e+00
1411 +1.614691220e-01 +1.614691220e-01 -2.015585309e+02 -2.015585309e+02 -1.1179e+00 -2.7922e+00 -1.0332e+00 +2.3248e+00 +2.1166e+00 +3.9906e-01 -2.5901e+00 +3.4763e+00 +8.1536e-02 -3.1285e+00
1701 +1.421647796e-01 +1.421647796e-01 -2.015778352e+02 -2.015778352e+02 -1.1659e+00 -2.9025e+00 -9.6071e-01 +2.4472e+00 +2.1315e+00 +3.5534e-01 -2.5558e+00 +3.4874e+00 -6.7865e-02 -3.1294e+00
1705 +7.332656773e-02 +7.332656773e-02 -2.016466734e+02 -2.016466734e+02 -1.3924e+00 -2.8561e+00 -9.2660e-01 +2.4252e+00 +1.8403e+00 +2.8596e-01 -2.5510e+00 +3.3783e+00 +1.4268e-02 -3.1925e+00
2155 +4.607295796e-02 +4.607295796e-02 -2.016739270e+02 -2.016739270e+02 -1.4436e+00 -2.9735e+00 -1.0602e+00 +2.2928e+00 +1.9224e+00 +3.3313e-01 -2.4790e+00 +3.3366e+00 +1.6283e-01 -2.9495e+00
2436 +3.352985525e-02 +3.352985525e-02 -2.016864701e+02 -2.016864701e+02 -1.4870e+00 -2.8590e+00 -8.8564e-01 +2.3368e+00 +2.1158e+00 +3.7231e-01 -2.4940e+00 +3.4287e+00 +1.0915e-01 -2.9954e+00
2551 +2.505371313e-02 +2.505371313e-02 -2.016949463e+02 -2.016949463e+02 -1.4441e+00 -2.8234e+00 -8.8713e-01 +2.3830e+00 +2.0488e+00 +3.2231e-01 -2.5350e+00 +3.3969e+00 +1.6933e-02 -2.9740e+00
2630 +1.004249333e-02 +1.004249333e-02 -2.017099575e+02 -2.017099575e+02 -1.3614e+00 -2.8625e+00 -9.1575e-01 +2.3501e+00 +1.9908e+00 +3.0312e-01 -2.4754e+00 +3.3828e+00 +8.1412e-02 -3.0430e+00
2701 +8.365072491e-03 +8.365072491e-03 -2.017116349e+02 -2.017116349e+02 -1.3878e+00 -2.9236e+00 -9.2829e-01 +2.3502e+00 +1.9832e+00 +2.9674e-01 -2.4715e+00 +3.3891e+00 +3.0500e-02 -3.0617e+00
2927 +6.283000691e-03 +6.283000691e-03 -2.017137170e+02 -2.017137170e+02 -1.4513e+00 -2.9136e+00 -9.3645e-01 +2.3269e+00 +2.0158e+00 +2.8729e-01 -2.5332e+00 +3.3117e+00 +9.5173e-02 -3.0280e+00
3281 +3.206457316e-03 +3.206457316e-03 -2.017167935e+02 -2.017167935e+02 -1.4183e+00 -2.9163e+00 -9.5005e-01 +2.3401e+00 +2.0012e+00 +3.2155e-01 -2.5216e+00 +3.3589e+00 +2.5266e-02 -3.0144e+00
3406 +1.975390320e-03 +1.975390320e-03 -2.017180246e+02 -2.017180246e+02 -1.4104e+00 -2.9140e+00 -9.6104e-01 +2.3088e+00 +2.0169e+00 +3.1292e-01 -2.4866e+00 +3.3537e+00 +8.1301e-02 -3.0275e+00
3456 +1.407378776e-03 +1.407378776e-03 -2.017185926e+02 -2.017185926e+02 -1.4389e+00 -2.9032e+00 -9.4142e-01 +2.3309e+00 +2.0150e+00 +3.1366e-01 -2.5250e+00 +3.3490e+00 +5.8050e-02 -3.0302e+00
3906 +9.359263857e-04 +9.359263857e-04 -2.017190641e+02 -2.017190641e+02 -1.4171e+00 -2.9108e+00 -9.3028e-01 +2.3219e+00 +2.0152e+00 +3.1986e-01 -2.4929e+00 +3.3438e+00 +5.5745e-02 -3.0223e+00
4059 +6.112850107e-04 +6.112850107e-04 -2.017193887e+02 -2.017193887e+02 -1.4308e+00 -2.9080e+00 -9.3990e-01 +2.3441e+00 +2.0235e+00 +3.4313e-01 -2.4987e+00 +3.3468e+00 +5.8354e-02 -3.0419e+00
4097 +3.361594173e-04 +3.361594173e-04 -2.017196638e+02 -2.017196638e+02 -1.4273e+00 -2.9032e+00 -9.4784e-01 +2.3474e+00 +2.0123e+00 +3.3100e-01 -2.5074e+00 +3.3488e+00 +6.3193e-02 -3.0407e+00
4315 +1.657247555e-04 +1.657247555e-04 -2.017198343e+02 -2.017198343e+02 -1.4279e+00 -2.9035e+00 -9.4634e-01 +2.3302e+00 +2.0062e+00 +3.2741e-01 -2.4989e+00 +3.3442e+00 +7.0629e-02 -3.0440e+00
4605 +1.138263462e-04 +1.138263462e-04 -2.017198862e+02 -2.017198862e+02 -1.4226e+00 -2.8999e+00 -9.5025e-01 +2.3323e+00 +2.0129e+00 +3.2752e-01 -2.4995e+00 +3.3477e+00 +7.0682e-02 -3.0364e+00
4649 +5.968901559e-05 +5.968901559e-05 -2.017199403e+02 -2.017199403e+02 -1.4260e+00 -2.9072e+00 -9.4507e-01 +2.3329e+00 +2.0104e+00 +3.3098e-01 -2.4955e+00 +3.3436e+00 +6.6154e-02 -3.0385e+00
% function evaluation | noise-free fitness - Fopt (-1.000000000000e+03) | best noise-free fitness - Fopt | measured fitness | best measured fitness | x1 | x2...
1 +5.491749219e+01 +5.491749219e+01 -9.450825078e+02 -9.450825078e+02 -2.5308e+00 -4.8919e-01 -2.0967e+00 -1.7920e+00 +1.0905e+00 -4.8133e-01 +9.5641e-01 -4.3894e+00 +8.6201e-01 -2.6811e-01
66 +3.640138504e+01 +3.640138504e+01 -9.635986150e+02 -9.635986150e+02 +1.7686e+00 -7.8029e-01 -2.0181e+00 +3.4000e-01 +2.8055e+00 -4.2500e+00 +1.9835e+00 -3.0910e+00 -6.4882e-01 +1.6219e+00
295 +2.135261336e+01 +2.135261336e+01 -9.786473866e+02 -9.786473866e+02 -9.3660e-01 +4.4383e-01 -1.7421e+00 +6.4071e-01 +1.3852e+00 -9.8026e-02 -1.3653e-01 -2.5896e+00 -6.0607e+00 +5.3441e+00
451 +1.556806478e+01 +1.556806478e+01 -9.844319352e+02 -9.844319352e+02 +1.0833e+00 +1.4002e+00 +4.1733e-01 +6.5499e-01 +3.1206e+00 -2.4426e+00 +1.8162e+00 -2.1741e+00 -3.2365e+00 +5.9612e+00
556 +9.705166005e+00 +9.705166005e+00 -9.902948340e+02 -9.902948340e+02 +9.9922e-01 -1.7403e+00 -1.6562e+00 +2.3433e-01 +4.4582e+00 +1.6019e-01 +4.2522e-01 -4.4978e+00 -3.1041e+00 +3.4179e+00
705 +3.208784452e+00 +3.208784452e+00 -9.967912155e+02 -9.967912155e+02 -1.0197e+00 -3.6015e-01 -5.3119e-02 +3.2153e-01 +3.1804e+00 +1.0336e-01 +5.1709e-01 -3.9291e+00 -2.8523e+00 +4.5787e+00
978 +2.404664073e+00 +2.404664073e+00 -9.975953359e+02 -9.975953359e+02 -8.2339e-01 -3.6589e-01 +1.8352e-01 +3.1978e-01 +3.5509e+00 -1.0175e+00 +5.8581e-01 -3.1728e+00 -2.8667e+00 +4.0444e+00
1170 +1.488962842e+00 +1.488962842e+00 -9.985110372e+02 -9.985110372e+02 -5.1739e-01 -1.1304e-01 +4.5617e-01 +5.3382e-01 +3.0433e+00 -5.4627e-01 +8.8454e-01 -3.3503e+00 -3.5396e+00 +3.7266e+00
1261 +9.215820413e-01 +9.215820413e-01 -9.990784180e+02 -9.990784180e+02 -2.2147e-01 +3.7533e-01 +2.0692e-02 +4.1516e-01 +3.1094e+00 -3.9098e-01 +8.5793e-01 -3.9662e+00 -2.8239e+00 +3.8788e+00
1565 +6.028042910e-01 +6.028042910e-01 -9.993971957e+02 -9.993971957e+02 -5.1047e-02 -5.7120e-02 -3.3039e-01 -3.2155e-01 +3.2486e+00 -5.0424e-01 +1.3231e+00 -3.7059e+00 -3.1819e+00 +3.4337e+00
1754 +2.919662961e-01 +2.919662961e-01 -9.997080337e+02 -9.997080337e+02 -2.3523e-01 +1.5038e-01 -4.4642e-02 +1.2872e-02 +3.3890e+00 -7.0586e-01 +1.0669e+00 -3.6068e+00 -3.7136e+00 +3.5549e+00
1814 +2.435353988e-01 +2.435353988e-01 -9.997564646e+02 -9.997564646e+02 +1.0940e-01 +7.8692e-02 -3.0760e-01 +9.8162e-02 +3.5105e+00 -2.5504e-01 +1.0581e+00 -3.7339e+00 -3.1782e+00 +3.8505e+00
2053 +1.431621482e-01 +1.431621482e-01 -9.998568379e+02 -9.998568379e+02 -9.9504e-02 +1.8716e-01 -3.0698e-01 +9.6048e-02 +3.7170e+00 -3.6360e-01 +1.2754e+00 -3.9282e+00 -3.3017e+00 +3.7254e+00
2151 +9.270085309e-02 +9.270085309e-02 -9.999072991e+02 -9.999072991e+02 -6.3164e-02 +2.7195e-01 -1.1313e-01 +9.2049e-02 +3.7951e+00 -5.0355e-01 +1.1941e+00 -3.9216e+00 -3.4043e+00 +3.6005e+00
2374 +4.255734113e-02 +4.255734113e-02 -9.999574427e+02 -9.999574427e+02 +4.3950e-03 +3.1260e-01 -8.9675e-02 -4.3206e-02 +3.5191e+00 -5.7614e-01 +1.0077e+00 -3.7712e+00 -3.3735e+00 +3.7054e+00
2652 +2.893806924e-02 +2.893806924e-02 -9.999710619e+02 -9.999710619e+02 -1.5883e-02 +3.4963e-01 -9.0342e-02 +4.0781e-02 +3.5801e+00 -5.3286e-01 +1.0420e+00 -3.8482e+00 -3.3517e+00 +3.7401e+00
2759 +2.452448582e-02 +2.452448582e-02 -9.999754755e+02 -9.999754755e+02 -1.0282e-01 +1.6149e-01 -1.6712e-01 +2.7422e-02 +3.5481e+00 -4.9761e-01 +9.8879e-01 -3.8408e+00 -3.3922e+00 +3.6827e+00
3128 +1.325783883e-02 +1.325783883e-02 -9.999867422e+02 -9.999867422e+02 -7.6748e-02 +2.3705e-01 -1.3077e-01 +1.0687e-01 +3.5838e+00 -5.0008e-01 +1.0699e+00 -3.7959e+00 -3.4711e+00 +3.7035e+00
3389 +9.280135866e-03 +9.280135866e-03 -9.999907199e+02 -9.999907199e+02 -5.1067e-02 +2.4108e-01 -5.2781e-02 +3.9383e-02 +3.5924e+00 -4.9603e-01 +1.0833e+00 -3.8241e+00 -3.4104e+00 +3.6972e+00
3462 +3.866018670e-03 +3.866018670e-03 -9.999961340e+02 -9.999961340e+02 -4.1413e-02 +2.3134e-01 -1.1167e-01 +4.0931e-02 +3.6100e+00 -5.3778e-01 +1.0585e+00 -3.8041e+00 -3.4419e+00 +3.7516e+00
3743 +2.118074600e-03 +2.118074600e-03 -9.999978819e+02 -9.999978819e+02 -4.7923e-02 +2.2089e-01 -9.6413e-02 +2.0115e-02 +3.6165e+00 -4.9481e-01 +1.0676e+00 -3.8135e+00 -3.4252e+00 +3.7736e+00
3910 +1.464621080e-03 +1.464621080e-03 -9.999985354e+02 -9.999985354e+02 -7.0338e-02 +2.0806e-01 -1.0841e-01 +3.4176e-02 +3.6252e+00 -4.9303e-01 +1.0819e+00 -3.8198e+00 -3.4127e+00 +3.7587e+00
4095 +7.108245549e-04 +7.108245549e-04 -9.999992892e+02 -9.999992892e+02 -6.7829e-02 +2.1420e-01 -1.1338e-01 +1.8649e-02 +3.6155e+00 -5.0125e-01 +1.0586e+00 -3.8183e+00 -3.4237e+00 +3.7556e+00
4258 +4.277820983e-04 +4.277820983e-04 -9.999995722e+02 -9.999995722e+02 -7.9405e-02 +2.1530e-01 -1.1813e-01 +3.1226e-02 +3.6064e+00 -4.9355e-01 +1.0683e+00 -3.8167e+00 -3.4176e+00 +3.7529e+00
4395 +2.529329735e-04 +2.529329735e-04 -9.999997471e+02 -9.999997471e+02 -7.5643e-02 +2.2944e-01 -1.1099e-01 +1.8748e-02 +3.6108e+00 -5.0807e-01 +1.0783e+00 -3.8136e+00 -3.4143e+00 +3.7544e+00
4451 +2.039812415e-04 +2.039812415e-04 -9.999997960e+02 -9.999997960e+02 -7.5809e-02 +2.3180e-01 -1.1339e-01 +1.9138e-02 +3.6096e+00 -5.0850e-01 +1.0785e+00 -3.8139e+00 -3.4156e+00 +3.7543e+00
4602 +1.371307427e-04 +1.371307427e-04 -9.999998629e+02 -9.999998629e+02 -7.7983e-02 +2.3172e-01 -1.1780e-01 +1.3817e-02 +3.6027e+00 -5.0175e-01 +1.0711e+00 -3.8144e+00 -3.4149e+00 +3.7527e+00
4902 +9.926746145e-05 +9.926746145e-05 -9.999999007e+02 -9.999999007e+02 -7.9698e-02 +2.3086e-01 -1.2092e-01 +2.0185e-02 +3.6088e+00 -5.0392e-01 +1.0741e+00 -3.8161e+00 -3.4161e+00 +3.7552e+00
% function evaluation | noise-free fitness - Fopt (-4.290000000000e+01) | best noise-free fitness - Fopt | measured fitness | best measured fitness | x1 | x2...
1 +1.190176789e+02 +1.190176789e+02 +7.611767895e+01 +7.611767895e+01 +4.5678e+00 +2.2456e+00 -2.0653e+00 +1.5843e+00 -3.3577e+00 -1.4000e+00 -4.8254e+00 -2.9034e+00 -1.0031e+00 +1.0180e+00
5 +6.549660169e+01 +6.549660169e+01 +2.259660169e+01 +2.259660169e+01 +2.4147e-01 +2.6520e+00 +4.3492e+00 -4.2206e+00 -1.5207e+00 +1.6749e+00 -1.5007e+00 +2.2751e+00 -1.2137e+00 -3.7468e-01
32 +4.375044424e+01 +4.375044424e+01 +8.504442377e-01 +8.504442377e-01 +2.1121e-01 +2.4574e+00 +1.6314e+00 -6.7809e-01 +1.3386e+00 -3.2564e+00 -2.9060e+00 +5.2740e-01 +3.5651e+00 -4.7250e+00
41 +2.858869113e+01 +2.858869113e+01 -1.431130887e+01 -1.431130887e+01 +4.7520e+00 +2.2751e+00 +2.5944e+00 -1.6643e+00 -2.1464e+00 -2.0209e+00 -1.9075e+00 -2.1749e+00 -1.2877e-01 -2.2382e+00
206 +1.294487781e+01 +1.294487781e+01 -2.995512219e+01 -2.995512219e+01 +2.2557e+00 +3.3988e-01 +3.5094e+00 +7.8814e-02 -2.1837e+00 -5.5853e-01 -2.9172e-01 +5.9198e-01 +7.7366e-01 -2.7186e+00
323 +9.338764026e+00 +9.338764026e+00 -3.356123597e+01 -3.356123597e+01 +3.0249e+00 +2.1334e+00 +3.2620e+00 -4.8709e-01 -1.5992e+00 -2.3522e+00 +1.1322e+00 +2.3053e+00 +1.5578e+00 -3.2097e+00
602 +5.143958033e+00 +5.143958033e+00 -3.775604197e+01 -3.775604197e+01 +3.5029e+00 +2.2183e+00 +2.4567e+00 -9.6123e-02 -2.7487e+00 -1.6908e+00 +2.5246e-01 -3.8310e-01 +3.8471e+00 -4.1069e+00
717 +2.642617873e+00 +2.642617873e+00 -4.025738213e+01 -4.025738213e+01 +3.7020e+00 +2.4898e+00 +3.4450e+00 -2.7604e-01 -2.2205e+00 -1.1472e+00 +5.3487e-01 -2.5708e-01 +3.3057e+00 -3.9019e+00
819 +9.287797000e-01 +9.287797000e-01 -4.197122030e+01 -4.197122030e+01 +2.4958e+00 +2.5935e+00 +4.5514e+00 -4.7105e-01 -2.4731e+00 -1.3882e+00 +8.3875e-01 -3.0522e-02 +2.8001e+00 -3.8246e+00
1204 +3.738201200e-01 +3.738201200e-01 -4.252617988e+01 -4.252617988e+01 +2.4608e+00 +2.2659e+00 +4.1446e+00 -8.8303e-01 -3.0530e+00 -1.7465e+00 +6.1344e-01 +2.6903e-01 +2.8187e+00 -3.6238e+00
1609 +2.229614495e-01 +2.229614495e-01 -4.267703855e+01 -4.267703855e+01 +2.6411e+00 +2.3467e+00 +4.0884e+00 -6.4672e-01 -2.3914e+00 -1.7339e+00 +4.4022e-01 -9.6403e-02 +2.6842e+00 -3.5909e+00
1896 +1.422015928e-01 +1.422015928e-01 -4.275779841e+01 -4.275779841e+01 +2.6171e+00 +2.5811e+00 +3.9365e+00 -7.4169e-01 -2.5043e+00 -1.6178e+00 +5.9407e-01 +1.9202e-02 +3.0515e+00 -3.4273e+00
2001 +9.074199033e-02 +9.074199033e-02 -4.280925801e+01 -4.280925801e+01 +2.6736e+00 +2.2965e+00 +3.8053e+00 -9.4267e-01 -2.8272e+00 -1.8377e+00 +5.6719e-01 -1.7259e-02 +2.8148e+00 -3.5725e+00
2212 +5.505635656e-02 +5.505635656e-02 -4.284494364e+01 -4.284494364e+01 +2.6371e+00 +2.4516e+00 +3.9185e+00 -8.0776e-01 -2.6198e+00 -1.8660e+00 +5.6716e-01 -1.6738e-02 +2.6682e+00 -3.4937e+00
2318 +3.784997297e-02 +3.784997297e-02 -4.286215003e+01 -4.286215003e+01 +2.6133e+00 +2.4028e+00 +3.9387e+00 -8.8341e-01 -2.6262e+00 -1.7609e+00 +6.1375e-01 +1.2925e-01 +2.8125e+00 -3.6696e+00
2552 +2.250089382e-02 +2.250089382e-02 -4.287749911e+01 -4.287749911e+01 +2.6379e+00 +2.4258e+00 +3.9526e+00 -8.2492e-01 -2.7068e+00 -1.6615e+00 +6.4167e-01 +2.5308e-02 +2.7229e+00 -3.5130e+00
2720 +1.409117597e-02 +1.409117597e-02 -4.288590882e+01 -4.288590882e+01 +2.6308e+00 +2.4022e+00 +3.8265e+00 -8.8436e-01 -2.6152e+00 -1.7690e+00 +6.2775e-01 +6.6355e-03 +2.8238e+00 -3.4584e+00
3101 +5.823907336e-03 +5.823907336e-03 -4.289417609e+01 -4.289417609e+01 +2.5816e+00 +2.4150e+00 +3.8505e+00 -8.8114e-01 -2.6456e+00 -1.7009e+00 +6.0687e-01 +5.0575e-02 +2.8263e+00 -3.5005e+00
3351 +3.171082772e-03 +3.171082772e-03 -4.289682892e+01 -4.289682892e+01 +2.6197e+00 +2.4253e+00 +3.8879e+00 -8.4915e-01 -2.6233e+00 -1.7041e+00 +6.0170e-01 +1.2760e-02 +2.8168e+00 -3.4901e+00
3403 +1.826172662e-03 +1.826172662e-03 -4.289817383e+01 -4.289817383e+01 +2.6131e+00 +2.4399e+00 +3.8780e+00 -8.6238e-01 -2.6295e+00 -1.7105e+00 +6.0765e-01 +1.9228e-02 +2.8180e+00 -3.5041e+00
3558 +1.454019707e-03 +1.454019707e-03 -4.289854598e+01 -4.289854598e+01 +2.6538e+00 +2.4001e+00 +3.8804e+00 -8.6994e-01 -2.6371e+00 -1.6993e+00 +6.0902e-01 +2.3440e-02 +2.7964e+00 -3.5407e+00
3732 +9.223070160e-04 +9.223070160e-04 -4.289907769e+01 -4.289907769e+01 +2.6146e+00 +2.4288e+00 +3.8629e+00 -8.7391e-01 -2.6376e+00 -1.6993e+00 +6.0997e-01 +2.1581e-02 +2.7852e+00 -3.5236e+00
4051 +4.286181390e-04 +4.286181390e-04 -4.289957138e+01 -4.289957138e+01 +2.6314e+00 +2.4263e+00 +3.8714e+00 -8.7834e-01 -2.6301e+00 -1.7154e+00 +6.0937e-01 +2.1343e-02 +2.7907e+00 -3.5332e+00
4252 +3.697574729e-04 +3.697574729e-04 -4.289963024e+01 -4.289963024e+01 +2.6297e+00 +2.4325e+00 +3.8680e+00 -8.6728e-01 -2.6351e+00 -1.7158e+00 +6.1280e-01 +2.4728e-02 +2.7873e+00 -3.5335e+00
4356 +2.463069050e-04 +2.463069050e-04 -4.289975369e+01 -4.289975369e+01 +2.6318e+00 +2.4353e+00 +3.8710e+00 -8.6886e-01 -2.6414e+00 -1.7052e+00 +6.1469e-01 +3.4862e-02 +2.7978e+00 -3.5389e+00
4551 +1.552808260e-04 +1.552808260e-04 -4.289984472e+01 -4.289984472e+01 +2.6338e+00 +2.4314e+00 +3.8660e+00 -8.6955e-01 -2.6349e+00 -1.7022e+00 +6.1188e-01 +2.5021e-02 +2.7969e+00 -3.5268e+00
4582 +6.590277936e-05 +6.590277936e-05 -4.289993410e+01 -4.289993410e+01 +2.6339e+00 +2.4264e+00 +3.8758e+00 -8.6721e-01 -2.6326e+00 -1.7060e+00 +6.1774e-01 +2.8824e-02 +2.7966e+00 -3.5258e+00
4707 +4.110499709e-05 +4.110499709e-05 -4.289995890e+01 -4.289995890e+01 +2.6311e+00 +2.4263e+00 +3.8752e+00 -8.6528e-01 -2.6325e+00 -1.7020e+00 +6.1351e-01 +3.2958e-02 +2.8027e+00 -3.5298e+00
% function evaluation | noise-free fitness - Fopt (-1.013200000000e+02) | best noise-free fitness - Fopt | measured fitness | best measured fitness | x1 | x2...
1 +1.190982286e+02 +1.190982286e+02 +1.777822862e+01 +1.777822862e+01 +4.1010e-02 +1.6898e+00 +3.4825e+00 +3.4895e+00 -3.6777e+00 -4.3489e+00 +4.0714e+00 -3.5905e+00 +3.9211e+00 -5.2477e-01
7 +8.071009969e+01 +8.071009969e+01 -2.060990031e+01 -2.060990031e+01 +1.4236e+00 +3.1745e-01 +3.3465e+00 +1.0401e+00 -2.6281e-01 -1.4953e+00 -3.9319e+00 -3.4111e+00 -3.9067e+00 +1.6588e+00
26 +2.674400541e+01 +2.674400541e+01 -7.457599459e+01 -7.457599459e+01 +2.7211e+00 -1.3868e+00 +2.5697e+00 -3.4711e+00 -1.7012e+00 +2.0690e-02 +2.6614e+00 -2.9469e+00 -3.4489e+00 +4.3257e+00
72 +1.951118253e+01 +1.951118253e+01 -8.180881747e+01 -8.180881747e+01 +1.0950e+00 +5.0973e-01 -5.5167e-01 -2.9829e+00 -3.1281e+00 +7.3420e-02 +4.1117e+00 -4.1639e+00 -4.2856e+00 +3.1570e+00
311 +1.046563097e+01 +1.046563097e+01 -9.085436903e+01 -9.085436903e+01 +2.4760e+00 +2.9399e+00 +1.7025e+00 -2.3745e+00 -3.3695e+00 -7.9262e-01 +6.6084e-01 -1.9756e+00 -3.1300e+00 +4.2956e+00
610 +9.953939821e+00 +9.953939821e+00 -9.136606018e+01 -9.136606018e+01 +9.6307e-01 +4.3470e+00 +2.3565e+00 -2.7244e+00 -3.1109e+00 -3.6129e+00 +2.0585e+00 -2.8444e+00 -2.9992e+00 +3.4810e+00
725 +6.168443704e+00 +6.168443704e+00 -9.515155630e+01 -9.515155630e+01 +2.7089e+00 +2.5547e+00 +1.8064e+00 -3.4986e+00 -3.0408e+00 -6.1450e-01 +1.2577e+00 -3.4950e+00 -2.2652e+00 +3.0244e+00
1016 +3.545739205e+00 +3.545739205e+00 -9.777426080e+01 -9.777426080e+01 +1.3380e+00 +3.8167e+00 +2.3683e+00 -2.7925e+00 -2.5763e+00 -1.1696e+00 +2.3240e+00 -3.8439e+00 -3.1152e+00 +2.7876e+00
1057 +2.382749040e+00 +2.382749040e+00 -9.893725096e+01 -9.893725096e+01 +1.9787e+00 +2.8997e+00 +1.5916e+00 -2.3585e+00 -2.7987e+00 -1.2895e+00 +2.8896e+00 -1.6868e+00 -2.5709e+00 +2.6088e+00
1202 +9.480808920e-01 +9.480808920e-01 -1.003719191e+02 -1.003719191e+02 +1.4252e+00 +3.2433e+00 +2.5315e+00 -3.2279e+00 -3.4720e+00 -1.1941e+00 +2.5155e+00 -2.7983e+00 -2.9725e+00 +2.2733e+00
1408 +5.901812059e-01 +5.901812059e-01 -1.007298188e+02 -1.007298188e+02 +1.9249e+00 +2.9048e+00 +1.4214e+00 -3.1224e+00 -3.2023e+00 -1.2093e+00 +2.9203e+00 -2.8573e+00 -3.1899e+00 +2.0411e+00
1458 +2.802534856e-01 +2.802534856e-01 -1.010397465e+02 -1.010397465e+02 +1.7829e+00 +2.9009e+00 +1.7833e+00 -3.1360e+00 -2.8911e+00 -1.3387e+00 +3.0946e+00 -2.6789e+00 -3.0872e+00 +2.1841e+00
1601 +1.673042280e-01 +1.673042280e-01 -1.011526958e+02 -1.011526958e+02 +1.8730e+00 +2.6191e+00 +1.8635e+00 -3.1826e+00 -3.0698e+00 -1.4696e+00 +2.8115e+00 -2.8576e+00 -2.9299e+00 +2.3023e+00
1757 +1.577022495e-01 +1.577022495e-01 -1.011622978e+02 -1.011622978e+02 +1.6799e+00 +2.5654e+00 +1.7343e+00 -3.2567e+00 -3.3109e+00 -1.4155e+00 +2.8749e+00 -2.6338e+00 -3.1599e+00 +2.4354e+00
2009 +9.579266288e-02 +9.579266288e-02 -1.012242073e+02 -1.012242073e+02 +1.5879e+00 +2.7581e+00 +2.0161e+00 -3.0714e+00 -3.3745e+00 -1.3754e+00 +2.9420e+00 -2.6214e+00 -3.0290e+00 +2.4239e+00
2246 +5.772134531e-02 +5.772134531e-02 -1.012622787e+02 -1.012622787e+02 +1.7371e+00 +2.6816e+00 +1.8835e+00 -3.0573e+00 -3.0659e+00 -1.2914e+00 +2.8403e+00 -2.8162e+00 -3.1283e+00 +2.5068e+00
2320 +2.044390819e-02 +2.044390819e-02 -1.012995561e+02 -1.012995561e+02 +1.7084e+00 +2.7738e+00 +1.8694e+00 -3.0400e+00 -3.1719e+00 -1.3620e+00 +2.8758e+00 -2.7870e+00 -3.1392e+00 +2.4310e+00
2809 +7.947761258e-03 +7.947761258e-03 -1.013120522e+02 -1.013120522e+02 +1.6485e+00 +2.7221e+00 +2.0042e+00 -3.0635e+00 -3.1447e+00 -1.4101e+00 +2.8769e+00 -2.7193e+00 -3.1276e+00 +2.4339e+00
3002 +4.978452457e-03 +4.978452457e-03 -1.013150215e+02 -1.013150215e+02 +1.6802e+00 +2.7799e+00 +1.9564e+00 -3.1072e+00 -3.1700e+00 -1.3783e+00 +2.8598e+00 -2.7484e+00 -3.1623e+00 +2.4395e+00
3053 +2.771034405e-03 +2.771034405e-03 -1.013172290e+02 -1.013172290e+02 +1.6938e+00 +2.7471e+00 +1.9786e+00 -3.0905e+00 -3.1750e+00 -1.4466e+00 +2.8483e+00 -2.7469e+00 -3.1368e+00 +2.3922e+00
3544 +2.302100115e-03 +2.302100115e-03 -1.013176979e+02 -1.013176979e+02 +1.7156e+00 +2.7555e+00 +1.9709e+00 -3.0776e+00 -3.1626e+00 -1.4400e+00 +2.8373e+00 -2.7235e+00 -3.1292e+00 +2.3946e+00
3565 +1.510393234e-03 +1.510393234e-03 -1.013184896e+02 -1.013184896e+02 +1.7112e+00 +2.7660e+00 +1.9701e+00 -3.0896e+00 -3.1522e+00 -1.4065e+00 +2.8486e+00 -2.7367e+00 -3.1360e+00 +2.4161e+00
3691 +8.249973420e-04 +8.249973420e-04 -1.013191750e+02 -1.013191750e+02 +1.6767e+00 +2.7628e+00 +1.9781e+00 -3.0768e+00 -3.1638e+00 -1.4072e+00 +2.8296e+00 -2.7226e+00 -3.1552e+00 +2.4281e+00
3711 +4.581900291e-04 +4.581900291e-04 -1.013195418e+02 -1.013195418e+02 +1.6905e+00 +2.7597e+00 +1.9811e+00 -3.0616e+00 -3.1699e+00 -1.4152e+00 +2.8427e+00 -2.7267e+00 -3.1639e+00 +2.4095e+00
4006 +3.019521932e-04 +3.019521932e-04 -1.013196980e+02 -1.013196980e+02 +1.6920e+00 +2.7635e+00 +1.9746e+00 -3.0784e+00 -3.1702e+00 -1.4248e+00 +2.8376e+00 -2.7316e+00 -3.1468e+00 +2.4130e+00
4170 +1.817482694e-04 +1.817482694e-04 -1.013198183e+02 -1.013198183e+02 +1.6861e+00 +2.7539e+00 +1.9704e+00 -3.0738e+00 -3.1751e+00 -1.4101e+00 +2.8382e+00 -2.7293e+00 -3.1555e+00 +2.4137e+00
4301 +9.549104655e-05 +9.549104655e-05 -1.013199045e+02 -1.013199045e+02 +1.7001e+00 +2.7534e+00 +1.9702e+00 -3.0781e+00 -3.1680e+00 -1.4101e+00 +2.8383e+00 -2.7347e+00 -3.1569e+00 +2.4197e+00
4805 +4.668022474e-05 +4.668022474e-05 -1.013199533e+02 -1.013199533e+02 +1.7009e+00 +2.7538e+00 +1.9713e+00 -3.0735e+00 -3.1724e+00 -1.4150e+00 +2.8354e+00 -2.7322e+00 -3.1579e+00 +2.4190e+00
4814 +3.509209628e-05 +3.509209628e-05 -1.013199649e+02 -1.013199649e+02 +1.6998e+00 +2.7549e+00 +1.9704e+00 -3.0751e+00 -3.1696e+00 -1.4171e+00 +2.8343e+00 -2.7295e+00 -3.1549e+00 +2.4171e+00
% function evaluation | noise-free fitness - Fopt (3.650000000000e+00) | best noise-free fitness - Fopt | measured fitness | best measured fitness | x1 | x2...
1 +1.215597131e+02 +1.215597131e+02 +1.252097131e+02 +1.252097131e+02 +3.2343e+00 -1.0171e+00 +3.5270e+00 -2.1852e+00 -1.5874e+00 -1.4642e+00 +4.3540e+00 +4.4457e+00 -4.1697e+00 +4.5995e+00
8 +8.259393241e+01 +8.259393241e+01 +8.624393241e+01 +8.624393241e+01 -3.1434e+00 -9.1179e-01 +4.7099e+00 +4.7261e+00 -2.6393e+00 +3.7140e+00 +1.7212e+00 -6.6642e-01 -1.8458e+00 -2.0440e+00
14 +4.655137559e+01 +4.655137559e+01 +5.020137559e+01 +5.020137559e+01 +8.6291e-01 -2.7860e+00 +3.8988e+00 +3.5444e-01 -2.5338e+00 +4.3672e-01 +3.9782e+00 +1.7744e+00 -3.6848e+00 -4.6405e+00
103 +3.233636832e+01 +3.233636832e+01 +3.598636832e+01 +3.598636832e+01 -1.9701e+00 -1.7501e+00 -2.6114e-01 +1.4387e+00 -1.2413e+00 +2.8216e-01 +3.7573e+00 +2.2973e+00 -3.5186e+00 -3.7616e+00
356 +2.166091272e+01 +2.166091272e+01 +2.531091272e+01 +2.531091272e+01 -6.5617e-01 +1.0196e+00 +2.2182e+00 +1.2971e+00 -1.7853e+00 -1.6716e+00 +2.9151e+00 +2.1441e-01 -4.4732e+00 -2.0063e+00
402 +1.562661225e+01 +1.562661225e+01 +1.927661225e+01 +1.927661225e+01 +1.5743e+00 -9.8185e-01 -3.3069e-01 +1.8436e+00 -2.7218e+00 -2.0847e+00 +1.5859e+00 +1.3464e+00 -1.8526e+00 -3.6859e-01
720 +8.789092918e+00 +8.789092918e+00 +1.243909292e+01 +1.243909292e+01 +1.3450e+00 -7.5459e-01 -3.2146e-01 +2.5266e+00 -1.0636e+00 -3.8376e+00 +1.6765e+00 -6.3010e-01 -4.7926e+00 -1.4514e+00
801 +5.598437622e+00 +5.598437622e+00 +9.248437622e+00 +9.248437622e+00 +1.4141e+00 -1.9019e+00 -4.1808e-01 +2.8732e+00 -3.0973e+00 -1.9873e+00 +1.7439e+00 -8.2558e-01 -4.0441e+00 -2.1534e+00
1219 +2.451283382e+00 +2.451283382e+00 +6.101283382e+00 +6.101283382e+00 +5.0436e-01 -1.2368e+00 +4.0425e-01 +3.3118e+00 -3.3248e+00 -2.5303e+00 +2.0139e+00 +7.0406e-01 -3.6240e+00 -1.7071e+00
1303 +9.226842539e-01 +9.226842539e-01 +4.572684254e+00 +4.572684254e+00 +6.8914e-01 -2.4929e+00 +1.7225e-01 +3.7410e+00 -2.2626e+00 -2.8416e+00 +2.0565e+00 +7.6263e-01 -3.3332e+00 -2.1282e+00
1553 +5.564037234e-01 +5.564037234e-01 +4.206403723e+00 +4.206403723e+00 +7.0349e-01 -2.2158e+00 +2.1515e-01 +3.9804e+00 -2.4583e+00 -3.0017e+00 +2.0804e+00 +5.9703e-01 -3.6328e+00 -2.3860e+00
1594 +2.657326602e-01 +2.657326602e-01 +3.915732660e+00 +3.915732660e+00 +7.6663e-01 -2.0322e+00 +6.5584e-01 +3.6261e+00 -2.0832e+00 -3.1017e+00 +2.1128e+00 +5.5008e-01 -3.9911e+00 -1.8609e+00
1651 +1.605690115e-01 +1.605690115e-01 +3.810569012e+00 +3.810569012e+00 +6.9477e-01 -2.0519e+00 +5.4935e-01 +3.6667e+00 -2.0335e+00 -3.0302e+00 +1.9794e+00 +4.7394e-01 -4.0367e+00 -1.9220e+00
1919 +3.845692667e-02 +3.845692667e-02 +3.688456927e+00 +3.688456927e+00 +5.6709e-01 -2.0566e+00 +5.5823e-01 +3.7604e+00 -2.1680e+00 -2.9008e+00 +1.9687e+00 +3.0084e-01 -3.8833e+00 -2.2043e+00
2555 +2.240455451e-02 +2.240455451e-02 +3.672404555e+00 +3.672404555e+00 +5.4949e-01 -1.9833e+00 +5.2653e-01 +3.6940e+00 -2.2323e+00 -2.8876e+00 +1.9538e+00 +3.3820e-01 -3.8706e+00 -2.0428e+00
2816 +1.522532250e-02 +1.522532250e-02 +3.665225322e+00 +3.665225322e+00 +5.5432e-01 -1.9234e+00 +5.3112e-01 +3.6681e+00 -2.1483e+00 -2.8810e+00 +1.9823e+00 +4.1675e-01 -3.9269e+00 -2.1952e+00
3157 +9.554148417e-03 +9.554148417e-03 +3.659554148e+00 +3.659554148e+00 +4.4502e-01 -1.9610e+00 +5.5546e-01 +3.7048e+00 -2.1948e+00 -2.9322e+00 +1.9963e+00 +3.2883e-01 -3.9036e+00 -2.1446e+00
3259 +3.819584421e-03 +3.819584421e-03 +3.653819584e+00 +3.653819584e+00 +4.9096e-01 -1.9552e+00 +4.9556e-01 +3.6588e+00 -2.2415e+00 -2.9222e+00 +2.0285e+00 +4.0525e-01 -3.8932e+00 -2.1336e+00
3552 +1.995996218e-03 +1.995996218e-03 +3.651995996e+00 +3.651995996e+00 +4.8629e-01 -2.0022e+00 +5.3376e-01 +3.6524e+00 -2.2051e+00 -2.9283e+00 +1.9850e+00 +4.0184e-01 -3.9187e+00 -2.1561e+00
3651 +1.306659715e-03 +1.306659715e-03 +3.651306660e+00 +3.651306660e+00 +4.8411e-01 -1.9577e+00 +5.3130e-01 +3.6542e+00 -2.1927e+00 -2.9285e+00 +2.0223e+00 +3.9184e-01 -3.8965e+00 -2.1380e+00
3961 +5.936862764e-04 +5.936862764e-04 +3.650593686e+00 +3.650593686e+00 +4.8138e-01 -1.9826e+00 +5.2046e-01 +3.6630e+00 -2.2162e+00 -2.9098e+00 +2.0053e+00 +3.8694e-01 -3.9015e+00 -2.1464e+00
4153 +3.821070364e-04 +3.821070364e-04 +3.650382107e+00 +3.650382107e+00 +4.9185e-01 -1.9700e+00 +5.2168e-01 +3.6638e+00 -2.2162e+00 -2.9257e+00 +2.0009e+00 +3.9570e-01 -3.9168e+00 -2.1344e+00
4318 +2.477887034e-04 +2.477887034e-04 +3.650247789e+00 +3.650247789e+00 +4.9939e-01 -1.9806e+00 +5.3469e-01 +3.6714e+00 -2.2077e+00 -2.9196e+00 +2.0029e+00 +3.8952e-01 -3.9158e+00 -2.1472e+00
4560 +1.233589928e-04 +1.233589928e-04 +3.650123359e+00 +3.650123359e+00 +4.9414e-01 -1.9767e+00 +5.3183e-01 +3.6640e+00 -2.2022e+00 -2.9209e+00 +2.0076e+00 +3.8636e-01 -3.9054e+00 -2.1411e+00
4765 +4.750228932e-05 +4.750228932e-05 +3.650047502e+00 +3.650047502e+00 +4.9658e-01 -1.9752e+00 +5.3239e-01 +3.6644e+00 -2.2052e+00 -2.9143e+00 +2.0075e+00 +3.8748e-01 -3.9094e+00 -2.1409e+00
% function evaluation | noise-free fitness - Fopt (2.205300000000e+02) | best noise-free fitness - Fopt | measured fitness | best measured fitness | x1 | x2...
1 +1.442414748e+02 +1.442414748e+02 +3.647714748e+02 +3.647714748e+02 -2.4388e+00 -4.9275e+00 -4.3572e+00 +3.5381e+00 -1.5959e+00 -4.7169e+00 +2.2688e+00 +2.7931e+00 +4.9566e-01 -4.3113e-01
3 +5.994472745e+01 +5.994472745e+01 +2.804747274e+02 +2.804747274e+02 +1.2034e-02 -3.0837e+00 -2.5872e+00 -3.4546e+00 +2.5390e+00 +6.5992e-01 -1.0959e+00 +6.9001e-01 +4.5762e-01 +3.6209e+00
152 +3.655105098e+01 +3.655105098e+01 +2.570810510e+02 +2.570810510e+02 +3.3909e+00 -2.7626e+00 +2.0069e+00 -5.7384e-01 +2.5701e+00 +8.1441e-01 -1.2938e+00 -5.9993e-01 +5.3927e-02 +3.4094e+00
263 +2.355170167e+01 +2.355170167e+01 +2.440817017e+02 +2.440817017e+02 +1.6581e+00 -2.3217e+00 -6.8986e-02 -9.6251e-01 +4.2668e+00 +2.0401e-01 -2.6948e+00 +1.8412e+00 -9.9079e-01 +4.4782e+00
432 +1.197674605e+01 +1.197674605e+01 +2.325067460e+02 +2.325067460e+02 +2.0789e+00 -5.3078e+00 +1.0857e+00 +2.9859e-01 +3.4500e+00 -5.6857e-02 -2.6903e+00 +4.1549e+00 +3.4060e-01 +3.5885e+00
658 +9.991067691e+00 +9.991067691e+00 +2.305210677e+02 +2.305210677e+02 +2.1254e+00 -3.9671e+00 +1.3845e+00 -1.5692e+00 +3.1197e+00 -2.0901e+00 -2.6754e+00 +5.1779e+00 +1.2433e+00 +4.2535e+00
806 +5.584870111e+00 +5.584870111e+00 +2.261148701e+02 +2.261148701e+02 +3.3364e+00 -3.4480e+00 +1.4124e+00 -2.2719e-01 +4.1796e+00 -2.4941e+00 -1.6302e+00 +2.8086e+00 +3.0521e-01 +4.2774e+00
1001 +3.769930798e+00 +3.769930798e+00 +2.242999308e+02 +2.242999308e+02 +2.8067e+00 -4.0037e+00 +1.3251e+00 -2.4064e-01 +3.4828e+00 -2.3111e+00 -1.9620e+00 +3.8482e+00 +1.8552e+00 +3.6551e+00
1103 +2.367192017e+00 +2.367192017e+00 +2.228971920e+02 +2.228971920e+02 +2.7074e+00 -3.9447e+00 +1.3618e+00 -9.2944e-01 +3.5169e+00 -2.3095e+00 -3.2279e+00 +3.9471e+00 +1.3112e+00 +3.2240e+00
1202 +1.357928108e+00 +1.357928108e+00 +2.218879281e+02 +2.218879281e+02 +3.4494e+00 -3.4350e+00 +3.5996e-01 +2.1510e-01 +3.9441e+00 -2.5171e+00 -3.7548e+00 +2.8965e+00 +7.5669e-01 +3.1908e+00
1363 +9.496432745e-01 +9.496432745e-01 +2.214796433e+02 +2.214796433e+02 +2.8911e+00 -3.7800e+00 +1.3782e+00 +5.2800e-01 +3.6683e+00 -3.2977e+00 -3.0929e+00 +3.6806e+00 +1.2805e+00 +3.0189e+00
1603 +5.991351444e-01 +5.991351444e-01 +2.211291351e+02 +2.211291351e+02 +2.6779e+00 -3.7608e+00 +1.3186e+00 +3.4323e-01 +3.5568e+00 -2.8766e+00 -3.4927e+00 +3.6096e+00 +1.2056e+00 +3.4099e+00
1683 +3.460561624e-01 +3.460561624e-01 +2.208760562e+02 +2.208760562e+02 +3.1406e+00 -3.7598e+00 +1.1439e+00 +1.1880e-01 +3.6859e+00 -2.6099e+00 -3.6871e+00 +3.0875e+00 +9.9067e-01 +3.1553e+00
1946 +2.386656338e-01 +2.386656338e-01 +2.207686656e+02 +2.207686656e+02 +2.9653e+00 -3.9704e+00 +8.8727e-01 -9.5576e-02 +3.5547e+00 -3.1262e+00 -3.3327e+00 +3.2838e+00 +8.6619e-01 +3.1055e+00
2003 +1.522591057e-01 +1.522591057e-01 +2.206822591e+02 +2.206822591e+02 +3.0256e+00 -3.9220e+00 +9.3954e-01 +5.5001e-02 +3.4562e+00 -3.1030e+00 -3.3185e+00 +3.2631e+00 +8.8270e-01 +3.2188e+00
2068 +9.137602079e-02 +9.137602079e-02 +2.206213760e+02 +2.206213760e+02 +3.1172e+00 -3.8986e+00 +1.0522e+00 +1.0852e-01 +3.5470e+00 -2.6218e+00 -3.2787e+00 +3.2432e+00 +7.8477e-01 +3.0226e+00
2203 +5.971953850e-02 +5.971953850e-02 +2.205897195e+02 +2.205897195e+02 +2.8759e+00 -3.9157e+00 +1.0908e+00 +1.0807e-01 +3.6033e+00 -2.7317e+00 -3.2760e+00 +3.2030e+00 +9.4681e-01 +3.1250e+00
2351 +3.887906166e-02 +3.887906166e-02 +2.205688791e+02 +2.205688791e+02 +2.8979e+00 -3.8484e+00 +9.9512e-01 +8.7784e-02 +3.6704e+00 -2.7329e+00 -3.2255e+00 +3.2699e+00 +9.1800e-01 +3.1701e+00
2453 +2.343956902e-02 +2.343956902e-02 +2.205534396e+02 +2.205534396e+02 +2.9973e+00 -3.8778e+00 +8.6773e-01 +1.6899e-01 +3.5544e+00 -2.7683e+00 -3.2423e+00 +3.2555e+00 +7.8024e-01 +3.1836e+00
2808 +1.473872871e-02 +1.473872871e-02 +2.205447387e+02 +2.205447387e+02 +3.0414e+00 -3.8406e+00 +8.6337e-01 +1.9291e-01 +3.5400e+00 -2.7783e+00 -3.2368e+00 +3.3307e+00 +8.7318e-01 +3.1888e+00
3107 +9.443269565e-03 +9.443269565e-03 +2.205394433e+02 +2.205394433e+02 +3.0531e+00 -3.8675e+00 +9.1338e-01 +1.9350e-01 +3.5458e+00 -2.7824e+00 -3.2269e+00 +3.3185e+00 +8.9209e-01 +3.2027e+00
3154 +4.433306103e-03 +4.433306103e-03 +2.205344333e+02 +2.205344333e+02 +2.9855e+00 -3.8658e+00 +9.6219e-01 +1.5336e-01 +3.5466e+00 -2.7765e+00 -3.2685e+00 +3.3076e+00 +8.6545e-01 +3.1682e+00
3501 +3.615650082e-03 +3.615650082e-03 +2.205336157e+02 +2.205336157e+02 +2.9982e+00 -3.8703e+00 +9.3455e-01 +1.9648e-01 +3.5159e+00 -2.7806e+00 -3.2478e+00 +3.3014e+00 +9.0874e-01 +3.1753e+00
3678 +1.681850225e-03 +1.681850225e-03 +2.205316819e+02 +2.205316819e+02 +3.0066e+00 -3.8565e+00 +9.3060e-01 +1.9040e-01 +3.5455e+00 -2.7671e+00 -3.2335e+00 +3.2728e+00 +8.8220e-01 +3.1708e+00
3782 +1.507787911e-03 +1.507787911e-03 +2.205315078e+02 +2.205315078e+02 +3.0071e+00 -3.8336e+00 +9.3869e-01 +1.9164e-01 +3.5595e+00 -2.7811e+00 -3.2373e+00 +3.2965e+00 +9.1196e-01 +3.1673e+00
3851 +7.119205271e-04 +7.119205271e-04 +2.205307119e+02 +2.205307119e+02 +2.9935e+00 -3.8406e+00 +9.4840e-01 +1.8506e-01 +3.5477e+00 -2.7697e+00 -3.2518e+00 +3.2950e+00 +9.0572e-01 +3.1597e+00
4258 +4.817672326e-04 +4.817672326e-04 +2.205304818e+02 +2.205304818e+02 +2.9931e+00 -3.8436e+00 +9.5698e-01 +1.8422e-01 +3.5622e+00 -2.7723e+00 -3.2685e+00 +3.2682e+00 +8.9739e-01 +3.1644e+00
4462 +3.020323382e-04 +3.020323382e-04 +2.205303020e+02 +2.205303020e+02 +3.0024e+00 -3.8487e+00 +9.4093e-01 +1.8833e-01 +3.5622e+00 -2.7696e+00 -3.2613e+00 +3.2809e+00 +8.9522e-01 +3.1614e+00
4711 +1.000087243e-04 +1.000087243e-04 +2.205301000e+02 +2.205301000e+02 +2.9966e+00 -3.8413e+00 +9.5115e-01 +1.9633e-01 +3.5578e+00 -2.7764e+00 -3.2535e+00 +3.2732e+00 +8.9999e-01 +3.1619e+00
4964 +7.165313662e-05 +7.165313662e-05 +2.205300717e+02 +2.205300717e+02 +2.9940e+00 -3.8465e+00 +9.5207e-01 +1.9958e-01 +3.5533e+00 -2.7755e+00 -3.2575e+00 +3.2763e+00 +8.9702e-01 +3.1597e+00
% function evaluation | noise-free fitness - Fopt (4.212900000000e+02) | best noise-free fitness - Fopt | measured fitness | best measured fitness | x1 | x2...
1 +2.359426542e+02 +2.359426542e+02 +6.572326542e+02 +6.572326542e+02 +1.4174e+00 -4.3429e+00 -2.5184e+00 +2.4388e+00 +1.9290e+00 +4.0486e+00 -4.6712e+00 -4.6554e+00 +9.8191e-01 +2.6624e+00
2 +1.279924051e+02 +1.279924051e+02 +5.492824051e+02 +5.492824051e+02 -2.3711e+00 -2.3028e-01 +4.8791e-02 +3.5141e+00 +1.5247e+00 -2.1299e-01 -2.8879e+00 -1.2579e-02 +2.3377e+00 +4.2871e+00
9 +7.071255067e+01 +7.071255067e+01 +4.920025507e+02 +4.920025507e+02 -3.2580e+00 +1.7802e+00 +1.2615e+00 +8.6146e-01 -1.0180e+00 -1.7505e+00 +2.3491e+00 +3.6082e+00 +4.8356e+00 +1.5559e+00
21 +4.264572863e+01 +4.264572863e+01 +4.639357286e+02 +4.639357286e+02 -1.6036e+00 +4.2752e+00 +2.2014e+00 -2.6390e+00 -3.9099e+00 +2.7455e+00 +2.9423e+00 +6.8652e-02 +3.5310e+00 -2.7232e+00
156 +2.654090691e+01 +2.654090691e+01 +4.478309069e+02 +4.478309069e+02 -2.5792e+00 +1.1803e+00 -1.4489e+00 -2.6099e+00 +1.1924e+00 +8.0782e-01 -6.9718e-01 +4.1848e+00 +1.4075e+00 +1.1686e-01
177 +2.482141674e+01 +2.482141674e+01 +4.461114167e+02 +4.461114167e+02 -3.5652e+00 +3.0296e+00 -2.1464e-01 -1.0833e+00 +1.6993e+00 +3.2722e+00 -4.2208e-01 +4.7308e+00 -1.5958e+00 -2.8410e-01
259 +1.577964405e+01 +1.577964405e+01 +4.370696440e+02 +4.370696440e+02 -5.4707e+00 +1.7716e+00 +1.0472e-01 -3.0267e+00 -1.3350e+00 +1.0916e+00 +1.0965e+00 +4.5442e+00 +2.5247e+00 -2.6293e+00
563 +8.812756504e+00 +8.812756504e+00 +4.301027565e+02 +4.301027565e+02 -3.7547e+00 +9.1855e-01 +1.6220e+00 -3.0151e+00 +1.3878e-01 +2.9709e+00 -5.8726e-01 +3.1951e+00 +7.2150e-02 -2.5000e+00
764 +5.589237143e+00 +5.589237143e+00 +4.268792371e+02 +4.268792371e+02 -5.0418e+00 +3.8741e+00 +1.7261e+00 -2.8978e+00 -6.7307e-02 +3.0290e+00 +5.4546e-01 +4.4818e+00 +1.6059e+00 -2.7391e+00
1062 +3.893608309e+00 +3.893608309e+00 +4.251836083e+02 +4.251836083e+02 -3.9467e+00 +2.5182e+00 +6.3967e-01 -2.5055e+00 +6.8530e-01 +2.5022e+00 +1.6417e-01 +3.7132e+00 +1.4183e+00 -2.6691e+00
1205 +1.791253587e+00 +1.791253587e+00 +4.230812536e+02 +4.230812536e+02 -4.4483e+00 +3.3205e+00 +1.1436e+00 -2.3863e+00 -3.8353e-01 +2.9978e+00 +5.0769e-01 +3.0959e+00 +1.5504e+00 -2.7982e+00
1374 +1.326014842e+00 +1.326014842e+00 +4.226160148e+02 +4.226160148e+02 -3.6281e+00 +3.3947e+00 +1.4628e+00 -3.1198e+00 -1.0954e-01 +2.6820e+00 -1.1887e-01 +3.4369e+00 +2.0932e+00 -1.9987e+00
1626 +6.990370894e-01 +6.990370894e-01 +4.219890371e+02 +4.219890371e+02 -3.9818e+00 +3.2983e+00 +7.0564e-01 -2.5804e+00 -3.3545e-01 +3.1289e+00 -4.5207e-01 +2.7501e+00 +1.2517e+00 -2.3962e+00
1707 +4.027404101e-01 +4.027404101e-01 +4.216927404e+02 +4.216927404e+02 -3.8401e+00 +3.2858e+00 +6.5092e-01 -3.2015e+00 -5.4607e-01 +3.2713e+00 -3.5981e-01 +3.0287e+00 +1.5317e+00 -1.9489e+00
1902 +3.448043422e-01 +3.448043422e-01 +4.216348043e+02 +4.216348043e+02 -4.0367e+00 +3.6120e+00 +7.6610e-01 -3.0908e+00 -6.6396e-01 +3.2487e+00 -3.2172e-01 +3.1140e+00 +1.3877e+00 -1.8516e+00
2036 +8.280093299e-02 +8.280093299e-02 +4.213728009e+02 +4.213728009e+02 -3.9684e+00 +3.3874e+00 +9.5994e-01 -2.8177e+00 -4.7694e-01 +3.0698e+00 +7.9343e-02 +2.9473e+00 +1.3750e+00 -1.9973e+00
2301 +5.073567069e-02 +5.073567069e-02 +4.213407357e+02 +4.213407357e+02 -4.0873e+00 +3.3458e+00 +1.1018e+00 -2.8508e+00 -5.0167e-01 +2.9519e+00 -9.6151e-03 +2.9885e+00 +1.3150e+00 -1.9349e+00
2752 +3.636861351e-02 +3.636861351e-02 +4.213263686e+02 +4.213263686e+02 -3.9490e+00 +3.2245e+00 +1.0043e+00 -2.8517e+00 -5.5472e-01 +3.0579e+00 -2.2663e-01 +2.9782e+00 +1.3962e+00 -1.8093e+00
2801 +2.385589842e-02 +2.385589842e-02 +4.213138559e+02 +4.213138559e+02 -3.8515e+00 +3.2773e+00 +9.7794e-01 -2.9351e+00 -5.2705e-01 +2.9912e+00 -8.9259e-02 +3.0102e+00 +1.3464e+00 -1.8920e+00
2902 +1.207778526e-02 +1.207778526e-02 +4.213020778e+02 +4.213020778e+02 -3.9682e+00 +3.3663e+00 +1.0325e+00 -2.9160e+00 -5.0919e-01 +3.0622e+00 -1.5422e-01 +2.9241e+00 +1.3872e+00 -1.9522e+00
3314 +9.107330064e-03 +9.107330064e-03 +4.212991073e+02 +4.212991073e+02 -3.9420e+00 +3.2580e+00 +1.0724e+00 -2.9126e+00 -5.1838e-01 +3.0485e+00 -1.7450e-01 +2.9211e+00 +1.3864e+00 -1.9094e+00
3436 +4.783332207e-03 +4.783332207e-03 +4.212947833e+02 +4.212947833e+02 -3.9667e+00 +3.2980e+00 +1.0578e+00 -2.9094e+00 -5.3621e-01 +3.0239e+00 -1.8016e-01 +3.0010e+00 +1.4049e+00 -1.8881e+00
3680 +2.712794452e-03 +2.712794452e-03 +4.212927128e+02 +4.212927128e+02 -3.9711e+00 +3.2958e+00 +1.0689e+00 -2.9122e+00 -5.5106e-01 +3.0252e+00 -1.3784e-01 +3.0004e+00 +1.3620e+00 -1.8876e+00
3765 +1.619119259e-03 +1.619119259e-03 +4.212916191e+02 +4.212916191e+02 -3.9642e+00 +3.3102e+00 +1.0605e+00 -2.9225e+00 -5.1012e-01 +3.0242e+00 -1.6156e-01 +2.9894e+00 +1.3680e+00 -1.9176e+00
3928 +1.564748899e-03 +1.564748899e-03 +4.212915647e+02 +4.212915647e+02 -3.9674e+00 +3.3179e+00 +1.0545e+00 -2.9174e+00 -5.0371e-01 +3.0374e+00 -1.2992e-01 +2.9868e+00 +1.3509e+00 -1.8969e+00
4006 +8.324360880e-04 +8.324360880e-04 +4.212908324e+02 +4.212908324e+02 -3.9574e+00 +3.3171e+00 +1.0646e+00 -2.9345e+00 -5.1544e-01 +3.0194e+00 -1.3689e-01 +2.9741e+00 +1.3689e+00 -1.9055e+00
4331 +5.301992977e-04 +5.301992977e-04 +4.212905302e+02 +4.212905302e+02 -3.9505e+00 +3.2962e+00 +1.0583e+00 -2.9117e+00 -5.2866e-01 +3.0290e+00 -1.2689e-01 +2.9744e+00 +1.3686e+00 -1.9022e+00
4411 +3.963791482e-04 +3.963791482e-04 +4.212903964e+02 +4.212903964e+02 -3.9631e+00 +3.3003e+00 +1.0702e+00 -2.9189e+00 -5.1631e-01 +3.0351e+00 -1.3892e-01 +2.9794e+00 +1.3852e+00 -1.9054e+00
4615 +1.316318662e-04 +1.316318662e-04 +4.212901316e+02 +4.212901316e+02 -3.9532e+00 +3.3071e+00 +1.0613e+00 -2.9114e+00 -5.1093e-01 +3.0267e+00 -1.2852e-01 +2.9785e+00 +1.3807e+00 -1.9082e+00
4911 +5.200464278e-05 +5.200464278e-05 +4.212900520e+02 +4.212900520e+02 -3.9514e+00 +3.3077e+00 +1.0619e+00 -2.9151e+00 -5.1534e-01 +3.0262e+00 -1.2658e-01 +2.9806e+00 +1.3798e+00 -1.9064e+00
% function evaluation | noise-free fitness - Fopt (-7.900000000000e+01) | best noise-free fitness - Fopt | measured fitness | best measured fitness | x1 | x2...
1 +6.057714358e+01 +6.057714358e+01 -1.842285642e+01 -1.842285642e+01 -4.6617e+00 +3.0220e+00 +8.8915e-01 +4.0349e+00 -4.3474e+00 -4.9319e+00 -2.0579e+00 +3.8283e+00 -2.1847e+00 -2.1660e+00
57 +3.589846844e+01 +3.589846844e+01 -4.310153156e+01 -4.310153156e+01 -4.6617e+00 +3.0220e+00 +2.0849e+00 +4.0349e+00 -4.3474e+00 +4.1928e-01 -2.0579e+00 +3.8283e+00 +2.9143e-01 -1.3473e+00
205 +1.921046833e+01 +1.921046833e+01 -5.978953167e+01 -5.978953167e+01 -4.4099e+00 +1.4124e+00 +5.0581e-01 -6.0975e-01 -2.7584e+00 -3.7847e+00 +4.9726e-01 +1.6729e+00 +1.8399e+00 +1.1192e+00
351 +5.474708736e+00 +5.474708736e+00 -7.352529126e+01 -7.352529126e+01 -2.7842e+00 +9.9155e-01 +8.9452e-01 +3.1269e-01 -3.6728e+00 -1.8678e+00 -1.8205e+00 +2.9285e+00 +7.6400e-01 +2.0600e-01
479 +2.730409197e+00 +2.730409197e+00 -7.626959080e+01 -7.626959080e+01 -2.9287e+00 +2.1533e+00 +3.0148e-01 -1.6610e-01 -4.1391e+00 -1.1096e+00 -1.1647e+00 +4.2610e-01 +1.1961e+00 -2.4337e-01
752 +2.395666723e+00 +2.395666723e+00 -7.660433328e+01 -7.660433328e+01 -3.4188e+00 +7.1016e-01 +2.4091e-01 +1.2933e+00 -4.1744e+00 -9.3841e-01 -2.3507e+00 +1.5355e+00 +2.9436e-01 +4.5587e-01
887 +1.177142448e+00 +1.177142448e+00 -7.782285755e+01 -7.782285755e+01 -3.6248e+00 +1.2604e+00 +5.3100e-01 +5.2016e-01 -3.9279e+00 -2.4361e-01 -1.7755e+00 +9.5299e-01 +1.6075e-01 +7.7804e-01
1103 +7.102119096e-01 +7.102119096e-01 -7.828978809e+01 -7.828978809e+01 -3.5300e+00 +1.4032e+00 +5.7577e-01 +5.1473e-01 -3.9250e+00 -4.1439e-01 -1.9418e+00 +7.2733e-01 +6.8575e-01 +6.9584e-01
1308 +6.140253239e-01 +6.140253239e-01 -7.838597468e+01 -7.838597468e+01 -3.2512e+00 +1.7890e+00 +2.9907e-01 +5.5272e-01 -3.8613e+00 -7.5545e-01 -1.8608e+00 +9.3168e-01 +8.0293e-01 +7.7958e-01
1435 +3.831381956e-01 +3.831381956e-01 -7.861686180e+01 -7.861686180e+01 -3.3018e+00 +9.7677e-01 +2.5460e-01 +2.7116e-01 -3.6238e+00 -9.6452e-01 -1.4580e+00 +1.2633e+00 +6.6046e-01 +5.7649e-01
1602 +2.328353105e-01 +2.328353105e-01 -7.876716469e+01 -7.876716469e+01 -3.2497e+00 +1.1730e+00 +3.8995e-01 +2.0101e-01 -3.8015e+00 -1.1095e+00 -1.7672e+00 +7.9440e-01 +8.3584e-01 +5.9662e-01
1818 +1.452693692e-01 +1.452693692e-01 -7.885473063e+01 -7.885473063e+01 -3.0645e+00 +1.2525e+00 +5.9978e-01 +2.4176e-01 -3.8684e+00 -7.4998e-01 -1.5015e+00 +7.7923e-01 +6.1451e-01 +4.0287e-01
1861 +3.261519412e-02 +3.261519412e-02 -7.896738481e+01 -7.896738481e+01 -3.0169e+00 +1.1044e+00 +4.1734e-01 +4.4977e-01 -3.9560e+00 -8.7171e-01 -1.5829e+00 +1.0052e+00 +6.3850e-01 +6.1690e-01
2601 +2.000210708e-02 +2.000210708e-02 -7.897999789e+01 -7.897999789e+01 -3.0697e+00 +1.1397e+00 +4.8513e-01 +3.4336e-01 -3.8670e+00 -9.1230e-01 -1.5730e+00 +9.0817e-01 +6.7474e-01 +5.6495e-01
2680 +1.539131811e-02 +1.539131811e-02 -7.898460868e+01 -7.898460868e+01 -3.1323e+00 +1.2172e+00 +4.8753e-01 +4.1201e-01 -3.8717e+00 -9.0448e-01 -1.5887e+00 +9.9286e-01 +7.5273e-01 +5.3638e-01
2855 +4.539385789e-03 +4.539385789e-03 -7.899546061e+01 -7.899546061e+01 -3.0340e+00 +1.1860e+00 +4.5200e-01 +4.2813e-01 -3.9066e+00 -8.3427e-01 -1.6035e+00 +9.0624e-01 +7.6887e-01 +5.1354e-01
2959 +3.874195709e-03 +3.874195709e-03 -7.899612580e+01 -7.899612580e+01 -3.0472e+00 +1.1520e+00 +4.7333e-01 +4.0856e-01 -3.9291e+00 -8.5925e-01 -1.5657e+00 +9.2794e-01 +7.1189e-01 +5.2753e-01
3055 +1.926044605e-03 +1.926044605e-03 -7.899807396e+01 -7.899807396e+01 -3.0279e+00 +1.1797e+00 +4.5831e-01 +4.0547e-01 -3.9155e+00 -8.8914e-01 -1.5719e+00 +9.3812e-01 +7.4396e-01 +5.4815e-01
3561 +1.533898933e-03 +1.533898933e-03 -7.899846610e+01 -7.899846610e+01 -3.0392e+00 +1.1551e+00 +4.6442e-01 +4.3909e-01 -3.9125e+00 -8.6689e-01 -1.5929e+00 +9.3268e-01 +7.3743e-01 +5.3152e-01
3704 +9.987816623e-04 +9.987816623e-04 -7.899900122e+01 -7.899900122e+01 -3.0442e+00 +1.1648e+00 +4.6562e-01 +4.2379e-01 -3.9114e+00 -8.6757e-01 -1.5768e+00 +9.2912e-01 +7.7076e-01 +5.3308e-01
3912 +6.073361152e-04 +6.073361152e-04 -7.899939266e+01 -7.899939266e+01 -3.0462e+00 +1.1716e+00 +4.5350e-01 +4.0889e-01 -3.9189e+00 -8.5456e-01 -1.5863e+00 +9.5876e-01 +7.5133e-01 +5.4711e-01
4212 +3.276025603e-04 +3.276025603e-04 -7.899967240e+01 -7.899967240e+01 -3.0387e+00 +1.1807e+00 +4.6225e-01 +4.1432e-01 -3.9057e+00 -8.6457e-01 -1.5851e+00 +9.4796e-01 +7.5233e-01 +5.3713e-01
4406 +1.927404973e-04 +1.927404973e-04 -7.899980726e+01 -7.899980726e+01 -3.0489e+00 +1.1655e+00 +4.6645e-01 +4.1252e-01 -3.9001e+00 -8.5623e-01 -1.5837e+00 +9.4570e-01 +7.5924e-01 +5.4753e-01
4552 +1.042046738e-04 +1.042046738e-04 -7.899989580e+01 -7.899989580e+01 -3.0449e+00 +1.1708e+00 +4.6226e-01 +4.1884e-01 -3.9092e+00 -8.6227e-01 -1.5900e+00 +9.4577e-01 +7.5407e-01 +5.4183e-01
4762 +7.478013011e-05 +7.478013011e-05 -7.899992522e+01 -7.899992522e+01 -3.0503e+00 +1.1754e+00 +4.6368e-01 +4.1913e-01 -3.9064e+00 -8.6340e-01 -1.5876e+00 +9.4793e-01 +7.5550e-01 +5.4517e-01
4971 +4.819087643e-05 +4.819087643e-05 -7.899995181e+01 -7.899995181e+01 -3.0455e+00 +1.1680e+00 +4.6440e-01 +4.2043e-01 -3.9083e+00 -8.6099e-01 -1.5837e+00 +9.4818e-01 +7.5233e-01 +5.4810e-01
% function evaluation | noise-free fitness - Fopt (-4.133000000000e+01) | best noise-free fitness - Fopt | measured fitness | best measured fitness | x1 | x2...
1 +1.187133132e+02 +1.187133132e+02 +7.738331317e+01 +7.738331317e+01 +1.9297e+00 +2.0074e-01 -8.2379e-01 +4.8109e+00 -2.4595e+00 -1.5049e+00 -3.2823e+00 -3.9997e+00 -4.8279e+00 -4.7701e+00
5 +9.646325519e+01 +9.646325519e+01 +5.513325519e+01 +5.513325519e+01 +1.6623e+00 +1.3682e+00 -1.3382e+00 +4.0065e+00 +4.3221e+00 -2.4985e+00 +2.0987e+00 +8.9307e-01 -2.2221e+00 -8.2261e-01
10 +5.242345145e+01 +5.242345145e+01 +1.109345145e+01 +1.109345145e+01 -1.1218e+00 +2.2427e+00 +1.0295e+00 -2.6822e+00 +2.2003e+00 -2.6191e+00 -3.5749e+00 -4.8624e+00 +3.1880e+00 +8.8835e-01
114 +3.931130915e+01 +3.931130915e+01 -2.018690846e+00 -2.018690846e+00 -1.2890e+00 -2.5824e+00 -1.7711e+00 -4.8843e+00 -8.6884e-01 -8.2298e-01 -3.4509e+00 -2.1908e+00 -6.4584e-01 +2.8825e-01
323 +2.441249849e+01 +2.441249849e+01 -1.691750151e+01 -1.691750151e+01 -5.2065e-01 -3.4658e+00 -1.6658e+00 -2.3576e-01 +6.2566e-01 -1.4785e+00 -4.0723e-01 -1.7314e+00 -2.3870e+00 +1.5216e+00
458 +1.007027761e+01 +1.007027761e+01 -3.125972239e+01 -3.125972239e+01 +1.5933e+00 -1.8210e+00 -7.6071e-01 -9.2417e-01 +2.4042e+00 -2.9643e+00 -1.8973e+00 -3.8918e+00 -3.9156e+00 -5.2774e-01
604 +8.854049263e+00 +8.854049263e+00 -3.247595074e+01 -3.247595074e+01 -3.6223e-01 -1.8614e+00 -1.1974e+00 +1.0581e-02 +1.6710e+00 -2.5936e+00 -2.8532e+00 -3.1206e+00 -2.9595e+00 -4.3139e-01
751 +5.830860190e+00 +5.830860190e+00 -3.549913981e+01 -3.549913981e+01 -9.4384e-01 -1.3441e+00 -7.1498e-01 -1.6684e+00 +3.6026e+00 -2.9647e+00 -4.5664e+00 -3.8150e+00 -2.6317e+00 +8.9844e-01
756 +3.099281620e+00 +3.099281620e+00 -3.823071838e+01 -3.823071838e+01 +9.6892e-01 -9.9400e-01 -1.4851e+00 -1.3007e+00 +2.7485e+00 -2.7227e+00 -1.6912e+00 -3.9694e+00 -2.4378e+00 +1.9555e+00
1111 +2.169847400e+00 +2.169847400e+00 -3.916015260e+01 -3.916015260e+01 -1.7302e-01 -1.2703e+00 -5.5681e-01 -1.3191e+00 +2.9485e+00 -2.1564e+00 -3.4962e+00 -3.1442e+00 -1.8245e+00 +1.7674e+00
1209 +1.063389594e+00 +1.063389594e+00 -4.026661041e+01 -4.026661041e+01 +6.1204e-01 -1.0080e+00 -1.4906e+00 -1.5467e+00 +2.0779e+00 -3.2858e+00 -3.3733e+00 -3.6798e+00 -2.2847e+00 +1.5570e+00
1351 +6.537021335e-01 +6.537021335e-01 -4.067629787e+01 -4.067629787e+01 +3.4412e-01 -1.3105e+00 -1.5389e+00 -1.3948e+00 +2.3699e+00 -3.2054e+00 -3.3527e+00 -3.8245e+00 -2.2504e+00 +1.4982e+00
1512 +5.396087577e-01 +5.396087577e-01 -4.079039124e+01 -4.079039124e+01 +3.5462e-01 -1.3815e+00 -1.0534e+00 -1.4846e+00 +2.6063e+00 -2.9060e+00 -2.9083e+00 -3.4521e+00 -2.4737e+00 +8.8082e-01
1610 +3.222749252e-01 +3.222749252e-01 -4.100772507e+01 -4.100772507e+01 +5.3218e-01 -1.1964e+00 -9.5817e-01 -1.3569e+00 +2.8802e+00 -2.9252e+00 -3.2345e+00 -3.5222e+00 -2.4111e+00 +1.5829e+00
1965 +2.310919356e-01 +2.310919356e-01 -4.109890806e+01 -4.109890806e+01 +7.8494e-01 -1.2336e+00 -9.5993e-01 -1.4377e+00 +2.7380e+00 -2.8413e+00 -3.0677e+00 -3.7223e+00 -2.3428e+00 +1.3355e+00
2113 +1.078889756e-01 +1.078889756e-01 -4.122211102e+01 -4.122211102e+01 +4.4671e-01 -1.4008e+00 -9.4442e-01 -1.6600e+00 +2.6472e+00 -2.9411e+00 -3.0694e+00 -3.5628e+00 -2.2290e+00 +1.6818e+00
2253 +2.287407235e-02 +2.287407235e-02 -4.130712593e+01 -4.130712593e+01 +4.0921e-01 -1.4862e+00 -9.2081e-01 -1.6261e+00 +2.6883e+00 -2.9883e+00 -3.0362e+00 -3.6863e+00 -2.1881e+00 +1.4732e+00
2915 +1.098699626e-02 +1.098699626e-02 -4.131901300e+01 -4.131901300e+01 +4.6064e-01 -1.4685e+00 -8.7245e-01 -1.4891e+00 +2.5817e+00 -2.9570e+00 -3.0947e+00 -3.7532e+00 -2.2322e+00 +1.4859e+00
3118 +6.577243019e-03 +6.577243019e-03 -4.132342276e+01 -4.132342276e+01 +4.6343e-01 -1.4384e+00 -9.0565e-01 -1.5632e+00 +2.5665e+00 -2.9988e+00 -3.0729e+00 -3.7633e+00 -2.1964e+00 +1.4546e+00
3251 +4.338210363e-03 +4.338210363e-03 -4.132566179e+01 -4.132566179e+01 +4.7043e-01 -1.4341e+00 -9.2960e-01 -1.5533e+00 +2.5831e+00 -2.9830e+00 -3.0588e+00 -3.7812e+00 -2.1939e+00 +1.4658e+00
3328 +2.977857793e-03 +2.977857793e-03 -4.132702214e+01 -4.132702214e+01 +4.3741e-01 -1.4184e+00 -9.0831e-01 -1.5194e+00 +2.6225e+00 -2.9712e+00 -3.0092e+00 -3.7419e+00 -2.1903e+00 +1.4514e+00
3501 +1.310829669e-03 +1.310829669e-03 -4.132868917e+01 -4.132868917e+01 +4.4172e-01 -1.4297e+00 -9.1370e-01 -1.5168e+00 +2.6156e+00 -2.9448e+00 -3.0312e+00 -3.7534e+00 -2.2040e+00 +1.4539e+00
3851 +5.707821394e-04 +5.707821394e-04 -4.132942922e+01 -4.132942922e+01 +4.6165e-01 -1.4415e+00 -9.2005e-01 -1.5315e+00 +2.6082e+00 -2.9729e+00 -3.0385e+00 -3.7513e+00 -2.2078e+00 +1.4627e+00
4270 +3.204670485e-04 +3.204670485e-04 -4.132967953e+01 -4.132967953e+01 +4.5267e-01 -1.4456e+00 -9.2718e-01 -1.5315e+00 +2.6197e+00 -2.9718e+00 -3.0445e+00 -3.7495e+00 -2.2006e+00 +1.4596e+00
4351 +2.286855996e-04 +2.286855996e-04 -4.132977131e+01 -4.132977131e+01 +4.6087e-01 -1.4472e+00 -9.2790e-01 -1.5326e+00 +2.6165e+00 -2.9663e+00 -3.0429e+00 -3.7405e+00 -2.1974e+00 +1.4613e+00
4623 +1.554768462e-04 +1.554768462e-04 -4.132984452e+01 -4.132984452e+01 +4.5704e-01 -1.4481e+00 -9.1911e-01 -1.5313e+00 +2.6162e+00 -2.9597e+00 -3.0493e+00 -3.7406e+00 -2.1959e+00 +1.4551e+00
4652 +4.905374814e-05 +4.905374814e-05 -4.132995095e+01 -4.132995095e+01 +4.5104e-01 -1.4512e+00 -9.2226e-01 -1.5299e+00 +2.6113e+00 -2.9641e+00 -3.0433e+00 -3.7432e+00 -2.2010e+00 +1.4548e+00
4802 +2.777316060e-05 +2.777316060e-05 -4.132997223e+01 -4.132997223e+01 +4.5278e-01 -1.4464e+00 -9.2566e-01 -1.5313e+00 +2.6099e+00 -2.9635e+00 -3.0421e+00 -3.7430e+00 -2.2017e+00 +1.4514e+00
% function evaluation | noise-free fitness - Fopt (2.127500000000e+02) | best noise-free fitness - Fopt | measured fitness | best measured fitness | x1 | x2...
1 +1.460494175e+02 +1.460494175e+02 +3.587994175e+02 +3.587994175e+02 +3.9275e+00 +3.4892e+00 -3.3439e+00 -3.7693e+00 -6.6058e-01 -4.2867e-01 +1.0049e+00 +2.8967e+00 +2.5229e+00 +3.9725e+00
2 +8.077588391e+01 +8.077588391e+01 +2.935258839e+02 +2.935258839e+02 +1.9061e+00 -1.9409e+00 +9.0757e-02 -1.2986e+00 +1.1512e+00 -5.8374e-01 -7.8129e-01 -2.5014e+00 +2.4933e+00 +4.9596e+00
6 +6.256010286e+01 +6.256010286e+01 +2.753101029e+02 +2.753101029e+02 -3.7634e+00 -9.2195e-01 -1.4732e+00 +3.6424e+00 +2.5214e+00 -3.5152e+00 -1.5464e-01 -1.3025e+00 -3.7414e-01 -7.4802e-01
101 +3.841907009e+01 +3.841907009e+01 +2.511690701e+02 +2.511690701e+02 -1.5096e+00 -3.4669e+00 -1.6786e-01 -6.2852e-01 -2.6792e+00 -1.2963e+00 -5.2068e-01 +2.0859e+00 -8.3365e-01 +2.5159e+00
214 +2.158354149e+01 +2.158354149e+01 +2.343335415e+02 +2.343335415e+02 -1.3136e+00 -1.2279e+00 -1.1501e+00 -2.6211e+00 -2.1030e+00 -3.0922e+00 -3.8494e-01 -1.2882e+00 -2.2442e+00 +3.9914e+00
259 +7.752909370e+00 +7.752909370e+00 +2.205029094e+02 +2.205029094e+02 -3.1987e+00 -3.1601e+00 -3.6746e+00 -1.1143e+00 -2.8895e-01 -2.4622e+00 +2.4937e-01 -1.8750e+00 -1.9440e+00 +1.8070e+00
857 +5.454881796e+00 +5.454881796e+00 +2.182048818e+02 +2.182048818e+02 -2.6579e+00 -2.1296e+00 -3.1864e+00 -9.9556e-01 -1.9954e+00 -3.0062e+00 +4.2543e-02 -3.9515e-01 -5.0435e-01 +1.6541e+00
883 +3.771866159e+00 +3.771866159e+00 +2.165218662e+02 +2.165218662e+02 -3.2141e+00 -2.7100e+00 -3.5824e+00 -1.1491e+00 -1.4794e+00 -3.1022e+00 +1.1303e+00 -1.8036e+00 -1.0848e+00 +1.2347e+00
1053 +1.237731023e+00 +1.237731023e+00 +2.139877310e+02 +2.139877310e+02 -3.3099e+00 -2.9750e+00 -3.6144e+00 -1.1616e+00 -2.0573e+00 -3.5813e+00 +1.2379e+00 -1.6411e+00 -8.6834e-01 +2.2733e+00
1128 +9.380380555e-01 +9.380380555e-01 +2.136880381e+02 +2.136880381e+02 -3.5101e+00 -2.8576e+00 -2.9792e+00 -1.4109e+00 -1.0505e+00 -3.4406e+00 +1.0882e+00 -1.2487e+00 -5.3783e-01 +2.8843e+00
1512 +5.727689362e-01 +5.727689362e-01 +2.133227689e+02 +2.133227689e+02 -3.5775e+00 -2.2261e+00 -3.4562e+00 -1.2522e+00 -1.7043e+00 -3.3980e+00 +8.2760e-01 -1.1442e+00 -6.4329e-01 +2.5785e+00
1675 +3.885686780e-01 +3.885686780e-01 +2.131385687e+02 +2.131385687e+02 -3.8503e+00 -2.0928e+00 -3.4163e+00 -1.3013e+00 -1.6545e+00 -3.7491e+00 +9.2053e-01 -1.4578e+00 -5.9774e-01 +2.6222e+00
1754 +2.274055323e-01 +2.274055323e-01 +2.129774055e+02 +2.129774055e+02 -3.9013e+00 -2.8277e+00 -3.5638e+00 -1.3094e+00 -1.4871e+00 -3.5060e+00 +9.4636e-01 -1.5857e+00 -6.8849e-01 +2.8159e+00
2058 +1.186003839e-01 +1.186003839e-01 +2.128686004e+02 +2.128686004e+02 -3.9812e+00 -2.5143e+00 -3.5332e+00 -1.5402e+00 -1.6461e+00 -3.6841e+00 +7.7673e-01 -1.4782e+00 -3.9169e-01 +2.7000e+00
2279 +7.033162496e-02 +7.033162496e-02 +2.128203316e+02 +2.128203316e+02 -3.8471e+00 -2.7748e+00 -3.3245e+00 -1.2343e+00 -1.6175e+00 -3.8371e+00 +8.7515e-01 -1.4603e+00 -6.2114e-01 +2.7818e+00
2332 +4.519897810e-02 +4.519897810e-02 +2.127951990e+02 +2.127951990e+02 -3.8296e+00 -2.7484e+00 -3.3362e+00 -1.2563e+00 -1.5662e+00 -3.7064e+00 +8.0260e-01 -1.5679e+00 -4.9555e-01 +2.8362e+00
2504 +3.673796563e-02 +3.673796563e-02 +2.127867380e+02 +2.127867380e+02 -3.8884e+00 -2.7112e+00 -3.3894e+00 -1.2571e+00 -1.5764e+00 -3.6370e+00 +7.6631e-01 -1.5118e+00 -5.4707e-01 +2.7706e+00
2517 +1.737813363e-02 +1.737813363e-02 +2.127673781e+02 +2.127673781e+02 -3.8037e+00 -2.6722e+00 -3.3322e+00 -1.3421e+00 -1.6133e+00 -3.6993e+00 +7.1281e-01 -1.4767e+00 -4.6459e-01 +2.7901e+00
2802 +9.384818176e-03 +9.384818176e-03 +2.127593848e+02 +2.127593848e+02 -3.8568e+00 -2.6644e+00 -3.3213e+00 -1.3975e+00 -1.6344e+00 -3.6676e+00 +8.1688e-01 -1.4693e+00 -5.1655e-01 +2.7297e+00
2955 +6.175777519e-03 +6.175777519e-03 +2.127561758e+02 +2.127561758e+02 -3.8364e+00 -2.6351e+00 -3.3617e+00 -1.3040e+00 -1.6722e+00 -3.7241e+00 +7.8078e-01 -1.5072e+00 -4.7897e-01 +2.7503e+00
3059 +2.653581860e-03 +2.653581860e-03 +2.127526536e+02 +2.127526536e+02 -3.8371e+00 -2.6835e+00 -3.3302e+00 -1.3610e+00 -1.6586e+00 -3.7265e+00 +7.7311e-01 -1.4706e+00 -4.9755e-01 +2.7636e+00
3451 +1.610066874e-03 +1.610066874e-03 +2.127516101e+02 +2.127516101e+02 -3.8539e+00 -2.6650e+00 -3.3451e+00 -1.3404e+00 -1.6866e+00 -3.7270e+00 +8.0413e-01 -1.5052e+00 -5.0966e-01 +2.7508e+00
3501 +1.252108149e-03 +1.252108149e-03 +2.127512521e+02 +2.127512521e+02 -3.8596e+00 -2.6621e+00 -3.3497e+00 -1.3410e+00 -1.6811e+00 -3.7340e+00 +7.9295e-01 -1.5004e+00 -4.9879e-01 +2.7409e+00
3737 +7.723009148e-04 +7.723009148e-04 +2.127507723e+02 +2.127507723e+02 -3.8501e+00 -2.6646e+00 -3.3616e+00 -1.3607e+00 -1.6574e+00 -3.7204e+00 +7.8669e-01 -1.4892e+00 -4.8621e-01 +2.7583e+00
4001 +5.995032491e-04 +5.995032491e-04 +2.127505995e+02 +2.127505995e+02 -3.8485e+00 -2.6672e+00 -3.3683e+00 -1.3502e+00 -1.6720e+00 -3.7203e+00 +8.0338e-01 -1.4990e+00 -4.9392e-01 +2.7482e+00
4120 +3.713389983e-04 +3.713389983e-04 +2.127503713e+02 +2.127503713e+02 -3.8472e+00 -2.6664e+00 -3.3705e+00 -1.3557e+00 -1.6730e+00 -3.7190e+00 +7.9796e-01 -1.4984e+00 -4.9602e-01 +2.7479e+00
4405 +1.731168579e-04 +1.731168579e-04 +2.127501731e+02 +2.127501731e+02 -3.8447e+00 -2.6671e+00 -3.3555e+00 -1.3681e+00 -1.6749e+00 -3.7170e+00 +7.9059e-01 -1.4872e+00 -5.0290e-01 +2.7477e+00
4575 +1.486925647e-04 +1.486925647e-04 +2.127501487e+02 +2.127501487e+02 -3.8458e+00 -2.6695e+00 -3.3613e+00 -1.3689e+00 -1.6762e+00 -3.7158e+00 +7.9049e-01 -1.4875e+00 -4.9120e-01 +2.7459e+00
4759 +6.742160548e-05 +6.742160548e-05 +2.127500674e+02 +2.127500674e+02 -3.8501e+00 -2.6701e+00 -3.3585e+00 -1.3621e+00 -1.6824e+00 -3.7194e+00 +7.9312e-01 -1.4912e+00 -4.9739e-01 +2.7492e+00
4903 +5.399971650e-05 +5.399971650e-05 +2.127500540e+02 +2.127500540e+02 -3.8510e+00 -2.6722e+00 -3.3598e+00 -1.3596e+00 -1.6783e+00 -3.7208e+00 +7.9337e-01 -1.4892e+00 -4.9833e-01 +2.7479e+00
4955 +3.638269749e-05 +3.638269749e-05 +2.127500364e+02 +2.127500364e+02 -3.8520e+00 -2.6726e+00 -3.3628e+00 -1.3672e+00 -1.6784e+00 -3.7193e+00 +7.8957e-01 -1.4933e+00 -4.9525e-01 +2.7509e+00
