% function evaluation | noise-free fitness - Fopt (-1.694000000000e+01) | best noise-free fitness - Fopt | measured fitness | best measured fitness | x1 | x2...
1 +2.466047690e+01 +2.466047690e+01 +7.720476896e+00 +7.720476896e+00 +4.1886e+00 +6.1356e-01 +1.5859e+00 -3.4025e+00 +3.5089e+00 -4.9181e+00 +2.9995e+00 +2.3719e+00 -3.0171e+00 +2.4078e-01 -2.1051e-01 +1.2617e+00 -2.3237e+00 +2.5323e+00 +3.0678e+00 +3.8172e+00 -1.8920e+00 -4.7612e-01 -1.9129e+00 -1.6312e+00
16 +1.288100211e+01 +1.288100211e+01 -4.058997890e+00 -4.058997890e+00 +2.6735e+00 -2.8054e+00 +3.9777e+00 -2.3945e+00 +4.3447e+00 +2.4787e+00 +2.3116e+00 -1.3374e+00 +1.7421e+00 -4.6469e+00 +1.0658e+00 -4.9940e+00 -1.3298e+00 -3.4739e+00 -4.0898e-01 -1.1861e+00 +3.9743e+00 +6.8059e-01 +5.7396e-01 +1.7224e+00
55 +9.665394773e+00 +9.665394773e+00 -7.274605227e+00 -7.274605227e+00 +5.0000e+00 +7.4765e-01 +3.4360e+00 -1.7821e+00 +2.6774e+00 +1.4028e+00 +2.2978e-01 -2.0787e+00 -3.9759e-01 -4.2909e+00 +3.0505e+00 -1.3539e+00 +3.6483e-01 -3.7839e+00 +7.9805e-01 +1.2855e+00 +3.4364e+00 +1.4944e+00 -3.6223e-01 +1.6546e+00
1762 +6.010807158e+00 +6.010807158e+00 -1.092919284e+01 -1.092919284e+01 +3.1467e+00 -8.2099e-01 -1.7024e+00 +1.6048e+00 +4.7036e+00 -1.8437e+00 +3.0392e+00 -5.2785e-01 +1.9311e-01 -1.8583e-01 +2.8791e+00 +2.6197e+00 -1.9419e+00 -8.9661e-01 +5.0000e+00 +3.7665e+00 +5.0000e+00 -6.0956e-01 +3.3514e+00 +3.6696e+00
4291 +3.862706900e+00 +3.862706900e+00 -1.307729310e+01 -1.307729310e+01 +3.2537e+00 +1.6449e+00 +0.0000e+00 +6.1212e-01 +4.3750e+00 -3.0547e-01 +1.1674e+00 -9.4087e-01 -6.9083e-01 -1.4680e+00 +3.3631e+00 -8.6264e-01 -2.9187e+00 -1.3131e+00 +4.8000e+00 +3.3502e+00 +5.0000e+00 -1.2479e+00 -4.9869e-01 +3.0594e+00
9805 +2.329409828e+00 +2.329409828e+00 -1.461059017e+01 -1.461059017e+01 +3.5440e+00 +2.0256e+00 +0.0000e+00 +4.4828e-01 +3.7500e+00 -1.2500e+00 +2.5673e+00 -2.0521e-02 +0.0000e+00 -2.1304e+00 +3.8258e+00 -1.4138e+00 -1.4717e+00 -2.0533e+00 +4.7549e+00 +2.8549e+00 +4.9056e+00 -8.5927e-01 +6.1933e-01 +3.3157e+00
15930 +1.574368718e+00 +1.574368718e+00 -1.536563128e+01 -1.536563128e+01 +3.5887e+00 +1.5189e+00 -6.3787e-03 +4.6875e-01 +3.7500e+00 -1.0956e+00 +2.8302e+00 -2.6673e-02 -2.4430e-01 -2.0059e+00 +3.8917e+00 -1.7926e+00 -1.6797e+00 -2.0951e+00 +4.7637e+00 +3.1776e+00 +4.8622e+00 -6.3045e-01 +3.0088e-01 +3.4625e+00
% function evaluation | noise-free fitness - Fopt (1.881000000000e+01) | best noise-free fitness - Fopt | measured fitness | best measured fitness | x1 | x2...
1 +2.681401799e+01 +2.681401799e+01 +4.562401799e+01 +4.562401799e+01 -3.1082e+00 -3.3048e+00 +4.0760e+00 +9.8375e-01 -3.2920e+00 +2.6059e+00 -1.2116e+00 +3.7011e+00 +4.4304e+00 +1.4765e+00 -2.3881e+00 +2.5301e+00 -1.7133e+00 +4.0132e+00 -3.3370e+00 +3.5607e+00 -3.3459e+00 +3.4880e+00 +5.8034e-01 -4.3620e-01
4 +2.054600863e+01 +2.054600863e+01 +3.935600863e+01 +3.935600863e+01 -4.8187e-01 -4.0935e+00 +2.7579e+00 -4.2224e+00 -4.7916e+00 +2.3168e+00 +4.4570e+00 +4.4986e+00 +4.3740e+00 +1.2514e+00 -2.9890e+00 +4.4767e+00 +2.4976e+00 +1.1926e-01 +3.2162e+00 +4.6375e+00 -4.7113e+00 -2.5953e-01 +7.4508e-01 +4.3435e+00
37 +1.485162028e+01 +1.485162028e+01 +3.366162028e+01 +3.366162028e+01 +1.8227e+00 +2.4709e+00 +1.2500e+00 -8.4234e-01 -1.1456e+00 -5.2862e-01 +3.8524e+00 +1.0834e+00 -4.6417e+00 +3.8359e+00 +2.1721e+00 +3.8147e+00 +2.9308e+00 +5.1791e-01 -2.2280e+00 -2.9017e+00 -3.7461e+00 +4.7607e+00 -3.7001e-01 +1.4785e-01
126 +8.172767762e+00 +8.172767762e+00 +2.698276776e+01 +2.698276776e+01 +2.2585e+00 +5.2520e-01 -2.3227e+00 -1.2490e+00 -1.1059e+00 -1.1112e+00 +4.7979e+00 +5.1730e-01 -7.9832e-01 +5.0000e+00 -5.0000e+00 +4.7189e+00 +3.8461e+00 +3.4915e+00 -2.6044e+00 -4.6781e+00 -4.2702e+00 +2.2365e+00 +1.1395e+00 +1.8530e+00
634 +5.414956570e+00 +5.414956570e+00 +2.422495657e+01 +2.422495657e+01 +0.0000e+00 -1.5325e-01 -1.0114e+00 +3.7189e+00 +1.5019e+00 -2.5603e+00 +4.9324e+00 +2.5691e-01 +3.0180e+00 +1.8536e+00 -3.9788e+00 +4.2932e+00 +2.5312e+00 -4.5834e-01 -1.8066e+00 -2.9855e+00 -2.7361e+00 +1.9612e+00 +1.0218e-01 +2.4325e+00
5146 +3.630763999e+00 +3.630763999e+00 +2.244076400e+01 +2.244076400e+01 -1.6708e-01 +1.1381e+00 -8.9303e-01 +6.7281e-01 +7.1454e-01 -2.3931e+00 +4.0214e+00 +4.2055e-01 +1.5664e+00 +2.5000e+00 -2.9034e+00 +2.9425e+00 +2.9621e+00 -1.2321e+00 -2.4880e+00 -3.8212e+00 -2.5000e+00 +1.5487e+00 +7.9831e-01 +2.5683e+00
9356 +2.366312383e+00 +2.366312383e+00 +2.117631238e+01 +2.117631238e+01 +6.5331e-01 +1.2662e+00 -5.4801e-01 -7.4090e-01 +5.9197e-01 -3.3418e+00 +4.2976e+00 +2.5000e+00 +3.7221e+00 +1.4514e+00 -3.5288e+00 +3.0443e+00 +1.7537e+00 -1.6015e+00 -9.1216e-01 -3.8294e+00 -2.7959e+00 +1.7581e+00 -8.1062e-01 +2.5000e+00
11722 +1.498244963e+00 +1.498244963e+00 +2.030824496e+01 +2.030824496e+01 +5.0839e-01 +7.9062e-01 -9.1946e-01 -1.0776e+00 +3.2691e-01 -3.1747e+00 +3.8900e+00 +2.0938e+00 +2.7446e+00 +1.8355e+00 -3.0315e+00 +2.8592e+00 +3.3428e+00 -1.3585e+00 -1.6768e+00 -3.8271e+00 -2.7578e+00 +2.5000e+00 -3.1867e-01 +1.7074e+00
15055 +8.505101977e-01 +8.505101977e-01 +1.966051020e+01 +1.966051020e+01 +5.9570e-01 +1.5845e+00 -1.2068e+00 -8.4948e-01 +4.3951e-01 -3.1009e+00 +3.7500e+00 +2.0868e+00 +2.9767e+00 +2.2735e+00 -3.1250e+00 +3.0274e+00 +3.1892e+00 -1.0608e+00 -1.9269e+00 -3.7547e+00 -2.8059e+00 +2.5000e+00 -2.8592e-01 +1.7898e+00
% function evaluation | noise-free fitness - Fopt (2.731500000000e+02) | best noise-free fitness - Fopt | measured fitness | best measured fitness | x1 | x2...
1 +9.870138529e+01 +9.870138529e+01 +3.718513853e+02 +3.718513853e+02 +2.6139e-01 +4.6266e+00 -7.5720e-01 +4.2438e+00 -3.2674e-01 +2.5729e+00 -2.5251e+00 +4.4467e+00 -2.8712e+00 +4.9721e+00 +3.9493e+00 -1.5524e+00 -1.3048e+00 -3.6962e+00 -2.3192e+00 -1.2922e-01 -6.0427e-01 -4.1822e+00 +1.0250e+00 -3.3102e+00
10 +3.023200456e+01 +3.023200456e+01 +3.033820046e+02 +3.033820046e+02 -1.4090e+00 +1.6987e+00 -1.4574e+00 +1.4726e+00 -4.3713e+00 +4.0392e+00 +3.2293e+00 -4.8421e+00 -4.1707e+00 +7.6237e-01 -5.2357e-01 +3.4701e+00 -3.7346e+00 -1.3059e+00 -9.7861e-01 -4.9847e+00 +3.0516e+00 -1.3318e+00 +4.2926e+00 -2.1501e+00
52 +1.753350744e+01 +1.753350744e+01 +2.906835074e+02 +2.906835074e+02 -2.5446e+00 +4.3155e+00 +3.2929e-01 +5.0000e+00 -7.0740e-01 +1.2644e-01 +2.1144e+00 -3.9347e+00 -5.0000e+00 +6.2769e-01 +1.4145e+00 +7.2620e-01 -2.0855e-02 +8.1455e-01 -3.4888e+00 -5.0000e+00 +1.1519e+00 +3.4704e+00 +1.0864e+00 +1.5855e+00
110 +1.213165423e+01 +1.213165423e+01 +2.852816542e+02 +2.852816542e+02 -5.0000e+00 +4.0370e+00 +1.5828e+00 +5.0000e+00 -2.6481e-01 -2.8358e+00 -5.0794e-02 -4.7949e+00 -5.0000e+00 +4.4899e-01 +5.0000e+00 +2.5190e+00 -5.0000e+00 +5.0000e+00 +0.0000e+00 -5.0000e+00 +3.5308e+00 +3.6107e+00 +4.6726e+00 -3.1327e+00
329 +8.948425352e+00 +8.948425352e+00 +2.820984254e+02 +2.820984254e+02 -3.4631e+00 +3.4396e+00 +5.5949e-01 -8.3703e-01 +1.6217e+00 -4.5570e+00 +1.4447e+00 -1.0579e+00 -5.0000e+00 +3.2546e-01 +1.2539e+00 +3.8077e+00 -1.4092e+00 -1.0768e+00 +3.7835e+00 -1.6274e+00 +5.0000e+00 -7.7362e-01 +3.2949e+00 -3.9944e+00
553 +6.283422550e+00 +6.283422550e+00 +2.794334226e+02 +2.794334226e+02 -2.2324e+00 +3.0240e+00 -6.1074e-01 +3.2492e+00 +3.0356e+00 -2.4496e+00 -1.1025e+00 -3.7341e+00 -4.8193e+00 +2.2706e+00 +2.7784e-01 +5.0000e+00 -1.2496e+00 -4.5047e-01 +3.9342e+00 -3.5105e+00 +2.4088e+00 -1.0432e+00 +3.1496e+00 -4.7909e+00
5488 +3.727862079e+00 +3.727862079e+00 +2.768778621e+02 +2.768778621e+02 -5.0000e+00 +4.0981e+00 +1.7079e-01 +4.7630e+00 +2.3109e-01 -4.6999e+00 -9.7448e-01 -4.4258e+00 -3.2831e+00 +2.5727e+00 -2.6953e+00 +4.7160e+00 -4.4833e-01 +2.5000e+00 +4.9907e+00 -2.1220e+00 +2.2608e+00 -1.8502e-01 +1.6328e+00 -3.0257e+00
10313 +2.510224783e+00 +2.510224783e+00 +2.756602248e+02 +2.756602248e+02 -4.4295e+00 +3.1927e+00 +3.9688e-01 +4.7784e+00 +1.8528e-01 -4.8772e+00 -7.8272e-01 -3.8062e+00 -3.1929e+00 +2.7099e+00 -1.0561e+00 +4.5762e+00 -1.0953e+00 +2.3799e+00 +4.8857e+00 -2.2908e+00 +1.8813e+00 +4.3414e-01 +1.3413e+00 -3.7010e+00
17150 +1.572457959e+00 +1.572457959e+00 +2.747224580e+02 +2.747224580e+02 -4.3442e+00 +3.0444e+00 +9.8346e-01 +4.7011e+00 +1.3239e-01 -4.8714e+00 -7.7694e-01 -3.7500e+00 -3.4897e+00 +2.7400e+00 -7.6113e-01 +4.6172e+00 -1.6505e+00 +2.2874e+00 +4.8828e+00 -2.2770e+00 +2.2006e+00 +1.0045e+00 +1.5237e+00 -3.7500e+00
% function evaluation | noise-free fitness - Fopt (3.718000000000e+01) | best noise-free fitness - Fopt | measured fitness | best measured fitness | x1 | x2...
1 +2.402389699e+01 +2.402389699e+01 +6.120389699e+01 +6.120389699e+01 +1.5018e+00 -7.3549e-02 +3.9614e+00 -1.5966e+00 +1.8596e+00 -2.1095e+00 +3.6188e+00 +2.8845e+00 -8.1481e-01 -3.7530e+00 +1.9071e-01 +1.2017e+00 -4.1282e+00 +2.2453e+00 +3.1130e+00 +4.3154e+00 +3.5236e+00 +4.8429e+00 -2.0747e+00 +3.8036e+00
31 +1.456723077e+01 +1.456723077e+01 +5.174723077e+01 +5.174723077e+01 -4.1247e+00 -3.9432e+00 +3.7245e+00 +2.7778e+00 -1.3056e+00 -1.8875e+00 -1.4562e+00 -2.9987e+00 +5.1253e-01 +1.2165e+00 -4.5992e+00 +2.7520e+00 +2.1315e+00 +2.9467e+00 -1.8902e+00 +1.2500e+00 +1.2894e+00 +7.2320e-01 +1.5564e-01 +1.5130e+00
42 +9.825699505e+00 +9.825699505e+00 +4.700569951e+01 +4.700569951e+01 -3.2717e+00 +9.4594e-01 +1.2336e+00 +1.6291e+00 -5.0000e+00 -2.3133e+00 +8.7527e-01 -3.3940e+00 -1.5491e+00 +2.9452e+00 -8.3909e-01 -6.1852e-01 +1.3772e+00 +1.2683e+00 +5.0000e+00 +1.8772e+00 +4.2681e+00 -2.0857e+00 +1.6397e+00 -5.0000e+00
448 +5.767804850e+00 +5.767804850e+00 +4.294780485e+01 +4.294780485e+01 -5.0000e+00 +9.0739e-01 +4.4140e+00 -6.4180e-01 -1.3423e+00 +2.3118e-02 +1.1120e+00 -3.7612e+00 -1.7571e+00 +2.9411e+00 -5.2885e-01 -9.0049e-01 +5.4834e-01 -1.1839e+00 +5.0000e+00 +1.4434e+00 +0.0000e+00 -2.0726e-01 -2.4606e+00 -3.4506e-01
2515 +3.599037993e+00 +3.599037993e+00 +4.077903799e+01 +4.077903799e+01 -4.9995e+00 +1.1759e+00 +2.4556e+00 +5.3988e-01 -2.6924e+00 +2.5835e-02 -1.7885e+00 -2.6942e+00 -3.9959e+00 +4.4868e+00 +0.0000e+00 -3.4816e+00 -3.5901e-01 -1.8349e+00 +4.6865e+00 -3.5628e-03 +0.0000e+00 -2.0907e+00 +0.0000e+00 +8.4370e-01
6019 +2.467612101e+00 +2.467612101e+00 +3.964761210e+01 +3.964761210e+01 -4.9996e+00 +2.2534e+00 +2.7995e+00 -5.9165e-02 -2.7125e+00 -1.4725e+00 -7.6789e-01 -3.7202e+00 -1.7233e+00 +4.3932e+00 +1.1848e-01 -2.4398e+00 +1.7595e+00 -1.6457e+00 +4.2882e+00 -7.1976e-01 +5.6767e-01 -2.2564e-01 -1.6163e+00 +1.5002e+00
9862 +1.501727154e+00 +1.501727154e+00 +3.868172715e+01 +3.868172715e+01 -4.9997e+00 +1.5482e+00 +2.2897e+00 +6.3371e-01 -3.3774e+00 -7.9979e-01 -6.7829e-01 -4.2029e+00 -1.5529e+00 +3.7507e+00 +6.2187e-01 -2.8100e+00 +1.2984e+00 -1.8750e+00 +3.7500e+00 +4.7583e-01 -4.5922e-01 -1.3251e+00 -2.1804e+00 +1.4869e+00
12185 +9.784092915e-01 +9.784092915e-01 +3.815840929e+01 +3.815840929e+01 -4.9990e+00 +1.4121e+00 +2.2928e+00 +5.4309e-01 -3.3012e+00 -7.1129e-01 -1.9257e-01 -3.0668e+00 -2.4987e+00 +3.7500e+00 +5.1199e-01 -3.0914e+00 +1.1367e+00 -1.8750e+00 +3.7500e+00 +6.2589e-01 -4.2801e-01 -1.4144e+00 -1.8657e+00 +1.4155e+00
14631 +5.951014700e-01 +5.951014700e-01 +3.777510147e+01 +3.777510147e+01 -4.9991e+00 +1.5869e+00 +2.2700e+00 +5.2510e-01 -3.1501e+00 -7.3781e-01 -3.6772e-02 -3.6788e+00 -2.5000e+00 +3.7500e+00 +0.0000e+00 -2.9802e+00 +1.4265e+00 -1.8125e+00 +3.7500e+00 +6.1702e-01 -3.7450e-01 -1.2259e+00 -2.0235e+00 +1.2312e+00
17041 +3.911566175e-01 +3.911566175e-01 +3.757115662e+01 +3.757115662e+01 -4.9995e+00 +1.6298e+00 +2.3725e+00 +3.5816e-01 -3.2217e+00 -7.2186e-01 -9.3262e-02 -3.5652e+00 -2.4998e+00 +3.7500e+00 +1.5625e-01 -2.9688e+00 +1.2666e+00 -1.8337e+00 +3.7500e+00 +6.5377e-01 -2.2678e-01 -1.3256e+00 -2.0049e+00 +1.2017e+00
% function evaluation | noise-free fitness - Fopt (-1.479000000000e+02) | best noise-free fitness - Fopt | measured fitness | best measured fitness | x1 | x2...
1 +2.359308982e+01 +2.359308982e+01 -1.243069102e+02 -1.243069102e+02 +4.3090e+00 +3.0761e+00 +1.2927e+00 -9.4624e-01 +4.1056e+00 -5.8944e-02 +3.4751e+00 +1.3470e+00 +2.6355e+00 +1.2541e+00 -3.7378e+00 +2.1837e-01 -4.6157e+00 -2.9063e+00 -6.3410e-01 -3.9674e-01 -4.3506e-01 +3.5558e-02 +1.8407e+00 +2.5038e+00
14 +1.378431615e+01 +1.378431615e+01 -1.341156838e+02 -1.341156838e+02 +4.0783e-01 +1.7581e+00 -1.0036e+00 +2.5494e+00 -1.3316e+00 -2.8289e-01 -1.8929e+00 +6.6782e-01 -2.4686e+00 +1.0768e+00 -1.1780e+00 +2.2907e+00 -2.1159e-01 -2.9322e-01 -4.5034e+00 -3.3846e+00 -1.6371e+00 -2.6419e+00 -2.4912e+00 +6.8370e-02
409 +9.563139802e+00 +9.563139802e+00 -1.383368602e+02 -1.383368602e+02 +2.1527e+00 +3.6603e+00 +4.6081e+00 +2.9682e+00 +1.5879e+00 -1.9687e+00 +1.0450e+00 -2.5216e+00 -1.8619e+00 -2.3298e+00 -4.6998e+00 +3.1895e+00 -7.4742e-02 -2.6751e+00 +2.1850e+00 +5.0000e+00 -1.0369e+00 -4.9939e+00 -4.9724e+00 +1.2189e+00
1007 +6.304022451e+00 +6.304022451e+00 -1.415959775e+02 -1.415959775e+02 -3.4618e-01 +1.3656e+00 +3.7965e+00 -3.3019e+00 +1.7377e+00 -6.2831e-01 -2.8131e+00 -2.5758e+00 -3.7352e+00 +1.6404e+00 -4.3550e+00 -2.0356e-01 -1.2121e+00 -7.9789e-01 -4.8326e-01 +4.8291e+00 -1.0757e+00 +2.1886e-01 -3.3240e+00 +0.0000e+00
9557 +3.945796740e+00 +3.945796740e+00 -1.439542033e+02 -1.439542033e+02 -3.3965e-01 -5.5913e-01 +1.1222e+00 -1.1465e+00 -1.4023e+00 +1.4154e+00 -8.9917e-01 -4.3818e+00 -3.2425e+00 +1.3908e+00 -3.7500e+00 +2.4965e+00 -8.6374e-01 -1.5889e+00 +3.4121e-01 +4.7064e+00 -2.1734e+00 -4.4886e-02 -3.6423e+00 +3.0281e+00
20737 +2.482398642e+00 +2.482398642e+00 -1.454176014e+02 -1.454176014e+02 -4.3825e-01 +2.5247e-01 +1.0334e+00 -1.9956e+00 -3.0493e+00 +6.2500e-01 -1.0041e+00 -4.0373e+00 -3.2019e+00 +1.5217e+00 -4.4645e+00 +2.5000e+00 -1.1892e+00 -2.8265e+00 +5.5987e-01 +4.7266e+00 -4.5496e+00 -1.3186e-02 -2.4126e+00 +8.3448e-01
% function evaluation | noise-free fitness - Fopt (-2.218900000000e+02) | best noise-free fitness - Fopt | measured fitness | best measured fitness | x1 | x2...
1 +2.141501903e+01 +2.141501903e+01 -2.004749810e+02 -2.004749810e+02 +3.1056e+00 +2.8804e-01 -4.8273e+00 -4.7604e+00 -1.0424e+00 -6.4424e-01 +5.5875e-01 -1.6067e+00 -2.9424e+00 -5.9339e-01 -4.1469e+00 -3.6945e+00 -3.1459e+00 -2.1258e+00 +2.4941e+00 +4.9191e+00 -2.8881e+00 +1.5534e+00 +1.9635e+00 +2.0535e+00
14 +1.311434109e+01 +1.311434109e+01 -2.087756589e+02 -2.087756589e+02 -6.4397e-01 -8.2444e-01 -2.6579e+00 -3.7869e+00 +2.9183e+00 -9.6914e-01 +4.0661e+00 +1.6655e+00 -2.8454e+00 -1.5780e-01 -3.4328e+00 -3.7865e+00 -4.4803e+00 -4.3565e+00 -2.4886e+00 +9.3365e-01 -4.1013e-01 -1.1252e+00 -3.5620e+00 -5.3322e-01
151 +9.516201480e+00 +9.516201480e+00 -2.123737985e+02 -2.123737985e+02 +0.0000e+00 -1.8597e-01 +0.0000e+00 -2.3628e+00 +0.0000e+00 +6.3737e-01 +3.2613e+00 +4.4358e+00 -1.5371e+00 -1.1216e+00 -2.7364e+00 -2.6883e+00 -5.0000e+00 -7.3464e-01 +6.9859e-01 -1.8680e+00 +3.0333e-01 -5.0284e-01 +0.0000e+00 -5.0000e+00
1857 +5.569567854e+00 +5.569567854e+00 -2.163204321e+02 -2.163204321e+02 -1.5642e-01 -5.7837e-01 +4.2317e-01 +1.1160e+00 -3.6629e+00 +4.4510e-01 +4.2978e-01 +1.1601e+00 -1.9565e+00 +6.4685e-01 +2.7166e+00 -1.5564e+00 -5.0000e+00 +1.8108e+00 +0.0000e+00 -1.9765e+00 -2.2323e+00 -3.4956e-01 -1.6574e-01 -1.7507e+00
5339 +3.946804072e+00 +3.946804072e+00 -2.179431959e+02 -2.179431959e+02 -1.9866e+00 -5.7266e-01 +4.1864e-01 +1.1423e+00 -2.5000e+00 +3.6846e+00 +2.4999e+00 +2.0397e+00 +1.2873e+00 -1.0748e+00 +2.5000e+00 -2.3275e+00 -5.0000e+00 +4.4261e-01 -2.5094e+00 -1.5621e+00 -1.1161e+00 -4.4162e-01 -2.8720e+00 -2.5000e+00
9256 +2.411554250e+00 +2.411554250e+00 -2.194784458e+02 -2.194784458e+02 -1.9265e+00 -3.7374e-02 +1.4077e+00 -6.0607e-01 -2.1600e+00 +2.1595e+00 +3.1000e+00 +1.7547e+00 +9.1374e-01 +2.5264e-01 +1.2731e+00 -2.5551e+00 -5.0000e+00 -3.9271e-01 -1.2496e+00 -1.2423e+00 +4.9535e-02 -1.4222e+00 -7.0456e-01 -1.8792e+00
12310 +1.307514084e+00 +1.307514084e+00 -2.205824859e+02 -2.205824859e+02 -2.4295e+00 -3.1174e-01 +3.8587e-01 -6.0931e-02 -2.2876e+00 +2.4877e+00 +3.3682e+00 +1.2500e+00 +9.8379e-01 -5.2376e-01 +6.5429e-01 -2.9591e+00 -4.3758e+00 -8.5895e-01 -1.1627e+00 -1.7744e+00 -6.1297e-01 -1.8510e+00 -1.2500e+00 -1.5060e+00
15387 +9.966837514e-01 +9.966837514e-01 -2.208933162e+02 -2.208933162e+02 -2.3285e+00 -1.8344e-01 +3.7488e-01 -1.1636e-01 -2.4389e+00 +2.4856e+00 +3.2200e+00 +1.2500e+00 +8.8319e-01 -3.7216e-01 +1.2075e+00 -3.2522e+00 -4.1424e+00 -7.8045e-01 -1.0202e+00 -1.7902e+00 -6.2724e-01 -1.8750e+00 -1.2500e+00 -1.2858e+00
18363 +6.184346247e-01 +6.184346247e-01 -2.212715654e+02 -2.212715654e+02 -2.4862e+00 -2.7284e-01 +3.9479e-01 +3.8257e-01 -2.4032e+00 +2.5731e+00 +3.2031e+00 +1.2500e+00 +8.5299e-01 -5.2883e-01 +1.2500e+00 -3.2678e+00 -3.8245e+00 -4.1913e-01 -1.0970e+00 -2.0332e+00 -7.6263e-01 -1.8749e+00 -1.2500e+00 -1.2500e+00
% function evaluation | noise-free fitness - Fopt (1.195400000000e+02) | best noise-free fitness - Fopt | measured fitness | best measured fitness | x1 | x2...
1 +2.449148726e+01 +2.449148726e+01 +1.440314873e+02 +1.440314873e+02 -1.3362e-01 +4.4551e+00 +2.9817e-01 +9.2431e-01 +4.2360e+00 -2.1189e+00 -4.1814e+00 -6.9171e-01 -3.3432e+00 +2.4589e+00 +1.8264e+00 +3.1073e+00 -4.1936e+00 +2.3339e+00 -3.0399e+00 -4.0766e+00 +1.3788e+00 -4.0090e+00 -1.7360e+00 -3.2947e+00
15 +1.335496317e+01 +1.335496317e+01 +1.328949632e+02 +1.328949632e+02 +3.3053e+00 -4.8880e+00 +2.5844e+00 -4.2512e+00 +2.6466e+00 -4.6185e+00 +1.2185e-01 +2.8245e+00 -3.8402e-01 -3.2192e+00 -3.4867e+00 +9.0601e-01 +2.6317e+00 +4.6129e+00 -4.3718e-01 -1.9423e+00 -2.2300e+00 -2.8288e+00 -2.3197e+00 +3.6676e+00
90 +9.714555789e+00 +9.714555789e+00 +1.292545558e+02 +1.292545558e+02 +5.0000e+00 +2.1655e+00 -2.5183e+00 -5.0000e+00 +4.4199e+00 -5.0000e+00 +2.0048e+00 -2.1868e+00 -2.6563e+00 -1.9918e+00 -5.0000e+00 +1.2610e+00 +4.3218e-01 -4.2917e-01 +4.6097e-01 -5.0000e+00 +6.2209e-01 -3.8273e+00 -1.0682e+00 +2.7920e+00
168 +5.677663217e+00 +5.677663217e+00 +1.252176632e+02 +1.252176632e+02 +2.3356e+00 +1.2784e+00 -2.1391e+00 +0.0000e+00 +3.1081e+00 -1.7339e+00 +4.8385e+00 +2.6233e+00 -1.4437e+00 -4.0450e+00 +0.0000e+00 -2.6981e+00 +1.3395e+00 -2.6480e+00 -2.1258e+00 -3.5860e+00 +2.2153e+00 -7.6291e-01 -2.3742e+00 +2.7886e+00
3746 +3.651859874e+00 +3.651859874e+00 +1.231918599e+02 +1.231918599e+02 +2.0993e+00 +7.6147e-02 -3.4009e+00 -2.0096e-02 +3.2240e+00 -5.6513e-01 +1.8787e+00 +2.9608e+00 +1.8230e-01 -2.0360e+00 +9.6326e-01 -1.7338e+00 +1.9049e-01 -9.6440e-01 -3.9361e+00 -2.6308e+00 +2.4957e+00 -2.9268e+00 +2.7799e-01 +3.2331e+00
6133 +2.196367846e+00 +2.196367846e+00 +1.217363678e+02 +1.217363678e+02 +1.5418e+00 +7.5448e-01 -3.6673e+00 -4.3546e-01 +3.2866e+00 -1.1538e+00 +4.1054e+00 +4.6427e+00 +1.2849e-01 -1.7864e+00 +8.4251e-01 -1.4644e+00 +1.8414e+00 -1.7484e+00 -2.5000e+00 -2.5366e+00 +1.2474e+00 -1.6027e+00 +9.7785e-01 +2.0935e+00
7620 +1.220141880e+00 +1.220141880e+00 +1.207601419e+02 +1.207601419e+02 +1.0452e+00 +1.0409e+00 -3.5203e+00 +4.0182e-01 +4.3460e+00 -1.4194e+00 +3.7547e+00 +4.4543e+00 +5.1908e-01 -1.5694e+00 +8.3260e-01 -1.5307e+00 +1.2147e+00 -1.8627e+00 -3.9366e+00 -2.5243e+00 +1.1234e+00 -2.4120e+00 +1.7833e+00 +2.0568e+00
11019 +9.820431121e-01 +9.820431121e-01 +1.205220431e+02 +1.205220431e+02 +1.2219e+00 +1.2382e+00 -3.3653e+00 +0.0000e+00 +4.0876e+00 -1.0736e+00 +3.6750e+00 +3.6086e+00 -5.7238e-01 -1.4772e+00 -2.6454e-01 -1.4121e+00 +1.2861e+00 -1.9769e+00 -3.7500e+00 -2.5000e+00 +1.0965e+00 -2.2739e+00 +9.0543e-01 +2.5000e+00
17194 +5.724670831e-01 +5.724670831e-01 +1.201124671e+02 +1.201124671e+02 +1.3758e+00 +1.2294e+00 -3.3734e+00 +0.0000e+00 +4.0296e+00 -1.0613e+00 +3.7290e+00 +3.6767e+00 -5.0040e-01 -1.2442e+00 -6.0435e-02 -9.7783e-01 +1.3672e+00 -2.1721e+00 -3.5529e+00 -2.5187e+00 +8.5868e-01 -2.3619e+00 +8.3320e-01 +2.5000e+00
% function evaluation | noise-free fitness - Fopt (6.983000000000e+01) | best noise-free fitness - Fopt | measured fitness | best measured fitness | x1 | x2...
1 +4.698171281e+01 +4.698171281e+01 +1.168117128e+02 +1.168117128e+02 -3.5094e+00 +4.6249e+00 +1.4597e+00 -2.4584e+00 -2.7111e-01 +3.4137e+00 -8.8744e-01 +1.1694e+00 +4.0833e+00 +2.1859e+00 +9.2025e-02 -7.9099e-02 -5.6473e-01 +2.1310e-01 +4.9947e+00 +8.2906e-01 +4.3957e+00 +2.5260e+00 +2.8897e+00 +3.7839e+00
3 +3.519902523e+01 +3.519902523e+01 +1.050290252e+02 +1.050290252e+02 +6.4018e-01 -4.5226e+00 -2.8434e+00 +1.0960e+00 +4.7468e+00 +4.1820e+00 +3.1816e+00 +4.3180e+00 -6.1100e-01 +4.0908e+00 -3.8261e+00 -4.1269e+00 -3.3031e+00 +3.8906e+00 -2.6608e+00 +2.2150e+00 -1.4059e+00 -1.9429e+00 -3.2456e+00 -2.1439e+00
6 +2.443622092e+01 +2.443622092e+01 +9.426622092e+01 +9.426622092e+01 -3.3390e+00 -2.2502e+00 +4.6486e-01 +4.7234e+00 +1.1198e+00 +3.8663e+00 -1.7699e-01 +4.5276e+00 +9.6424e-01 -3.3243e+00 -3.6422e+00 -2.8016e-01 +4.7716e+00 -4.1365e+00 +8.5665e-01 -3.3263e+00 +4.4379e+00 -3.8582e+00 +2.5175e+00 -1.9280e+00
8 +1.326919247e+01 +1.326919247e+01 +8.309919247e+01 +8.309919247e+01 -1.6713e+00 -2.2146e+00 -4.3924e+00 -1.3973e+00 +3.0721e+00 +1.7534e+00 +1.0120e+00 +1.5697e+00 +9.7057e-01 +3.0436e+00 -2.3589e+00 +2.4524e+00 +1.0316e+00 +4.8448e+00 +1.5537e-01 -2.5126e+00 -1.9873e+00 +2.6523e+00 +2.4938e+00 +1.4610e+00
193 +8.971387120e+00 +8.971387120e+00 +7.880138712e+01 +7.880138712e+01 -1.2409e+00 -4.1804e+00 +1.1397e+00 +1.8243e+00 +4.9972e+00 +1.4950e-01 -3.3226e+00 +1.2270e+00 +3.9432e+00 +6.3813e-01 -5.0000e+00 +4.4904e+00 +0.0000e+00 +4.8306e+00 +1.6408e+00 -2.6809e-01 -3.4491e+00 +2.2362e+00 +8.0845e-01 +0.0000e+00
3562 +5.605017080e+00 +5.605017080e+00 +7.543501708e+01 +7.543501708e+01 -1.4778e+00 -4.6750e+00 -1.5273e+00 -2.1280e+00 +7.8469e-01 +4.8881e-01 -2.3730e+00 +4.8197e+00 +1.4945e+00 +4.6781e-01 -5.0000e+00 +1.1345e+00 +2.8346e+00 +3.2036e+00 -7.8320e-01 +1.9013e+00 -3.9580e+00 +2.2686e+00 +2.9481e+00 -2.6465e+00
5766 +3.863997829e+00 +3.863997829e+00 +7.369399783e+01 +7.369399783e+01 -3.1652e+00 -3.8065e+00 -2.7743e+00 -1.7541e+00 +2.4313e+00 +2.1047e+00 -1.9889e+00 +3.0802e+00 +1.9965e+00 -1.2115e+00 -4.9190e+00 -2.1470e+00 -1.5158e+00 +4.7824e+00 +1.4423e+00 +2.4041e+00 -3.4851e+00 +1.4442e+00 +4.8218e+00 -2.9288e+00
9208 +2.440303877e+00 +2.440303877e+00 +7.227030388e+01 +7.227030388e+01 -1.7742e+00 -3.8542e+00 -2.5575e+00 -2.0280e+00 +2.5000e+00 +2.5000e+00 -2.1254e+00 +2.8398e+00 +2.2062e+00 -2.1621e+00 -4.9677e+00 -1.0599e+00 -2.2706e+00 +4.5897e+00 +4.7488e-01 +3.2370e+00 -2.6836e+00 +2.2352e+00 +4.9938e+00 -2.5000e+00
12009 +1.552942200e+00 +1.552942200e+00 +7.138294220e+01 +7.138294220e+01 -2.5096e+00 -3.7500e+00 -2.8808e+00 -2.3464e+00 +2.4940e+00 +2.5000e+00 -1.9385e+00 +3.0821e+00 +2.2709e+00 -1.7466e+00 -4.9899e+00 -1.4940e+00 -1.5510e+00 +4.4364e+00 +2.2943e-01 +3.6647e+00 -2.7105e+00 +1.8750e+00 +4.8322e+00 -1.9536e+00
18756 +9.931976166e-01 +9.931976166e-01 +7.082319762e+01 +7.082319762e+01 -2.9284e+00 -3.7500e+00 -2.5910e+00 -2.1451e+00 +2.4969e+00 +2.5121e+00 -2.0313e+00 +3.0470e+00 +2.2313e+00 -1.9050e+00 -4.9571e+00 -1.5006e+00 -1.5280e+00 +4.4408e+00 +3.2765e-01 +3.7500e+00 -2.5938e+00 +1.9287e+00 +4.6335e+00 -2.1441e+00
% function evaluation | noise-free fitness - Fopt (7.000000000000e-02) | best noise-free fitness - Fopt | measured fitness | best measured fitness | x1 | x2...
1 +3.264350143e+01 +3.264350143e+01 +3.271350143e+01 +3.271350143e+01 -1.7876e+00 +3.6182e-01 -3.2951e+00 +4.6007e+00 +1.0612e-01 -1.1003e-01 -3.6613e+00 -1.0041e+00 +3.6042e+00 +8.1363e-01 +3.1253e+00 -1.6248e+00 +1.2403e+00 +2.8390e+00 +9.9016e-01 +3.7623e+00 -3.4836e+00 -3.0407e+00 +4.4982e+00 -2.8524e+00
8 +1.751152280e+01 +1.751152280e+01 +1.758152280e+01 +1.758152280e+01 +4.1366e-01 +2.9347e+00 +4.9299e-01 -1.9509e+00 -7.5358e-01 +7.4869e-01 -3.1929e+00 -3.2569e+00 -4.7618e+00 -3.2332e+00 +3.3669e-01 -1.6175e+00 +2.7822e-01 -3.7729e+00 -4.8692e-01 +9.1523e-01 +5.6907e-01 -2.5005e+00 +3.1280e-01 -3.8656e-01
43 +1.453200593e+01 +1.453200593e+01 +1.460200593e+01 +1.460200593e+01 +6.4488e-01 +2.6609e+00 -1.0677e+00 -2.5459e+00 -3.7805e-01 -1.2100e-02 -3.0975e-01 -1.1099e+00 -2.1393e+00 +7.3633e-01 +2.1690e+00 +1.6972e+00 +3.6607e+00 -2.8719e+00 -3.8862e+00 +7.0048e-01 +1.9483e+00 -3.4157e+00 +3.9002e+00 +1.4219e+00
169 +9.920704421e+00 +9.920704421e+00 +9.990704421e+00 +9.990704421e+00 +4.2030e+00 -1.5112e+00 +1.5833e+00 -3.7453e+00 +1.4096e+00 +0.0000e+00 -3.5146e+00 -1.8135e+00 -2.4636e+00 -9.1165e-01 +2.6325e+00 +9.1327e-01 +2.3814e+00 -4.9035e+00 -4.7720e+00 +3.6714e+00 +0.0000e+00 +1.7448e+00 -3.1280e+00 +0.0000e+00
812 +6.190946611e+00 +6.190946611e+00 +6.260946611e+00 +6.260946611e+00 +1.7950e+00 -1.2284e-02 +1.2991e+00 -1.2873e+00 +3.2210e+00 +7.4044e-01 +7.8927e-01 +9.4539e-01 -3.8071e-01 -6.5371e-01 +4.6963e+00 +2.4222e+00 +2.6886e+00 -2.3521e+00 +0.0000e+00 +5.0000e+00 -4.6286e+00 -7.9697e-01 -4.2185e+00 +3.7833e+00
3699 +3.806104052e+00 +3.806104052e+00 +3.876104052e+00 +3.876104052e+00 +3.5986e+00 -3.2930e+00 +2.6956e+00 -2.9122e+00 +1.4988e+00 +2.7939e+00 +1.9392e+00 -6.9116e-01 +0.0000e+00 +1.0794e+00 +4.9777e+00 +2.7042e+00 +3.8722e+00 -4.3377e+00 +2.9919e+00 +1.7183e+00 -7.0076e-01 -2.5291e+00 -4.4940e+00 +5.0000e+00
6282 +2.006984716e+00 +2.006984716e+00 +2.076984716e+00 +2.076984716e+00 +3.7500e+00 -1.7213e+00 +3.1994e+00 -3.3007e+00 +2.5000e+00 +1.2977e+00 +3.4954e+00 -6.5910e-01 -7.9534e-01 -1.2264e+00 +3.7500e+00 +3.2615e+00 +3.3704e+00 -4.4412e+00 +2.5883e+00 +3.0052e+00 -2.5000e+00 -2.3493e+00 -4.1001e+00 +4.6872e+00
9556 +1.493219786e+00 +1.493219786e+00 +1.563219786e+00 +1.563219786e+00 +3.6772e+00 -1.9129e+00 +3.0951e+00 -3.4612e+00 +2.3915e+00 +1.8362e+00 +3.1636e+00 -6.5749e-01 -8.3714e-01 -1.8351e-02 +3.8505e+00 +2.5889e+00 +3.7500e+00 -4.4256e+00 +2.5302e+00 +3.3605e+00 -2.0702e+00 -1.6352e+00 -4.2813e+00 +4.7613e+00
12006 +9.599135828e-01 +9.599135828e-01 +1.029913583e+00 +1.029913583e+00 +3.7500e+00 -1.9122e+00 +3.1945e+00 -3.6078e+00 +2.3978e+00 +1.8563e+00 +2.9192e+00 -5.7250e-01 -1.1390e+00 -1.1790e-01 +3.7500e+00 +2.7327e+00 +3.7476e+00 -4.2569e+00 +2.4410e+00 +3.0844e+00 -1.9183e+00 -1.5971e+00 -4.3750e+00 +4.7151e+00
16359 +6.081446284e-01 +6.081446284e-01 +6.781446284e-01 +6.781446284e-01 +3.7500e+00 -1.8780e+00 +3.0915e+00 -3.6075e+00 +2.4117e+00 +1.8750e+00 +3.0484e+00 -5.5940e-01 -1.1273e+00 -1.0588e-01 +3.7500e+00 +2.7988e+00 +3.7492e+00 -4.2700e+00 +2.5245e+00 +3.1255e+00 -1.9251e+00 -1.4648e+00 -4.3750e+00 +4.8036e+00
% function evaluation | noise-free fitness - Fopt (4.960000000000e+00) | best noise-free fitness - Fopt | measured fitness | best measured fitness | x1 | x2...
1 +1.274456308e+02 +1.274456308e+02 +1.324056308e+02 +1.324056308e+02 -3.7378e+00 +2.8150e+00 -2.3869e+00 +4.6726e+00 -4.6251e-01 +4.6624e+00 -4.5857e+00 -3.6122e+00 -1.6879e+00 -4.3371e+00 -4.3959e+00 -2.4441e+00 -1.0263e+00 -4.4921e+00 -4.3055e+00 -4.9310e+00 +1.8822e+00 -3.0413e-01 +2.0080e+00 -2.5872e+00
3 +3.003177038e+01 +3.003177038e+01 +3.499177038e+01 +3.499177038e+01 +2.2191e+00 -9.3847e-01 +2.9058e+00 +9.4231e-01 +3.1926e+00 -3.5485e-01 -9.6559e-01 +2.9274e+00 -4.8508e+00 -2.6804e+00 -4.0263e+00 +3.7436e+00 -3.7862e+00 +3.8565e+00 +4.5636e+00 +3.3717e+00 -2.2588e+00 +7.3906e-01 +1.4074e+00 +4.5692e+00
66 +2.197603505e+01 +2.197603505e+01 +2.693603505e+01 +2.693603505e+01 +7.1318e-01 -5.0000e+00 -2.1216e-01 -1.3325e+00 -4.2812e+00 +9.6875e-01 +5.0000e+00 -9.8037e-01 -5.0000e+00 -3.4508e+00 -5.6357e-01 -2.7826e+00 +3.7817e+00 -2.7493e-01 +1.1785e+00 +1.9885e+00 +1.4303e-01 -3.2699e+00 -5.7084e-02 +6.0218e-01
146 +1.533535603e+01 +1.533535603e+01 +2.029535603e+01 +2.029535603e+01 +2.1744e+00 -4.7383e+00 +1.8432e+00 +7.3528e-01 -3.7289e+00 +1.3606e-01 +3.2399e+00 -5.3208e-01 -3.5627e+00 -2.2570e+00 -1.6988e+00 -1.3094e+00 +1.9934e+00 +2.5762e+00 -7.6985e-01 -4.1183e-02 +3.1063e+00 +7.4083e-01 -1.4706e+00 -4.7605e-01
192 +9.682583582e+00 +9.682583582e+00 +1.464258358e+01 +1.464258358e+01 +3.2040e+00 -2.1775e+00 -6.8376e-01 +2.9636e-03 -3.5512e+00 +2.4105e+00 +3.9763e+00 +4.1880e+00 -5.0000e+00 -2.7601e+00 -2.2854e+00 +0.0000e+00 +1.3085e+00 +5.0000e+00 -3.6559e-01 -2.3200e+00 +1.9177e+00 -3.9313e-01 -1.1569e+00 +1.0862e+00
618 +6.232692370e+00 +6.232692370e+00 +1.119269237e+01 +1.119269237e+01 +2.1123e+00 +1.5907e+00 -3.7926e+00 -3.6077e+00 -3.4333e+00 -3.8968e+00 +1.9634e+00 +4.1260e+00 -3.6681e+00 -5.0000e+00 -2.1270e+00 +2.3720e+00 -4.6500e+00 +4.3663e+00 -1.2469e-01 -5.0000e+00 +4.0318e+00 -5.0000e+00 +1.0650e+00 +2.6797e+00
2790 +3.863164448e+00 +3.863164448e+00 +8.823164448e+00 +8.823164448e+00 +3.5670e+00 +1.9263e+00 -1.7109e+00 -4.9464e+00 -4.0219e+00 -2.0125e+00 +2.5000e+00 +3.4711e+00 -2.7441e+00 -4.2287e+00 -2.1586e+00 +0.0000e+00 -3.8217e+00 +4.4045e+00 +1.4401e-01 +0.0000e+00 +3.5449e+00 -4.6109e+00 +7.5823e-02 -9.6392e-01
4639 +2.293493956e+00 +2.293493956e+00 +7.253493956e+00 +7.253493956e+00 +3.7185e+00 +3.2276e+00 -1.6137e+00 -4.9947e+00 -3.9010e+00 -4.6696e+00 +2.5000e+00 +3.5153e+00 -2.9553e+00 -2.5521e+00 -1.8644e+00 +1.5902e+00 -4.4783e+00 +4.6037e+00 +2.1343e+00 +0.0000e+00 +4.8382e+00 -2.5325e+00 -6.1132e-01 -3.3369e-01
6933 +1.363412197e+00 +1.363412197e+00 +6.323412197e+00 +6.323412197e+00 +3.5829e+00 +1.6788e+00 -1.5792e+00 -4.9926e+00 -4.2940e+00 -3.8573e+00 +2.6777e+00 +2.1782e+00 -3.0821e+00 -2.6519e+00 -2.0830e+00 +1.6463e+00 -5.0000e+00 +3.5807e+00 +1.2201e+00 -4.4908e-01 +3.6651e+00 -2.9543e+00 -2.7268e-01 -6.7785e-01
8962 +9.938976016e-01 +9.938976016e-01 +5.953897602e+00 +5.953897602e+00 +3.7032e+00 +1.7963e+00 -1.3746e+00 -4.9863e+00 -3.7500e+00 -4.2081e+00 +2.5839e+00 +2.8251e+00 -2.8454e+00 -2.5201e+00 -2.1011e+00 +1.4609e+00 -4.9973e+00 +3.6365e+00 +1.7124e+00 -5.5380e-01 +3.3945e+00 -3.0927e+00 -3.3461e-01 -1.0917e+00
14230 +6.308360822e-01 +6.308360822e-01 +5.590836082e+00 +5.590836082e+00 +3.7500e+00 +1.8370e+00 -1.4064e+00 -4.8438e+00 -3.7500e+00 -3.8092e+00 +2.5599e+00 +2.6974e+00 -3.1250e+00 -2.5078e+00 -2.1875e+00 +1.6593e+00 -4.6875e+00 +3.5883e+00 +1.5311e+00 -5.4926e-01 +3.7500e+00 -2.9816e+00 +0.0000e+00 -8.0181e-01
% function evaluation | noise-free fitness - Fopt (1.923000000000e+02) | best noise-free fitness - Fopt | measured fitness | best measured fitness | x1 | x2...
1 +6.048733128e+01 +6.048733128e+01 +2.527873313e+02 +2.527873313e+02 -1.2681e+00 +1.9982e-01 -2.0315e+00 -1.4289e+00 +3.3500e+00 +3.1193e+00 +1.8989e+00 -3.2578e+00 +3.1864e+00 -5.3237e-01 +6.2672e-01 +4.4800e+00 -2.5813e+00 -1.0784e+00 +1.6525e+00 +1.8988e+00 -3.6791e+00 +4.2057e-01 +4.7464e+00 +4.4684e+00
3 +3.366193090e+01 +3.366193090e+01 +2.259619309e+02 +2.259619309e+02 +4.0829e+00 -4.3567e+00 -4.4408e+00 +3.3841e+00 +1.8745e+00 +4.7637e+00 -2.4998e+00 -2.3842e+00 -8.8167e-01 +3.1997e+00 +4.7698e+00 -2.8778e+00 +2.7042e+00 -3.7687e+00 -3.8889e+00 +3.8330e+00 -3.0871e+00 +2.5809e+00 +9.9334e-01 -3.4050e+00
12 +2.155167650e+01 +2.155167650e+01 +2.138516765e+02 +2.138516765e+02 -1.9211e+00 +4.2420e+00 -2.6078e+00 -4.2211e+00 +3.4273e-01 -4.7151e+00 -1.9417e+00 -2.0818e+00 +2.2559e+00 +1.0145e+00 -1.5702e+00 -3.2271e+00 -1.5152e+00 +4.5285e+00 -2.8266e+00 +2.0197e-01 +3.6542e+00 -2.6878e+00 -4.7063e+00 -2.6634e+00
49 +1.418428124e+01 +1.418428124e+01 +2.064842812e+02 +2.064842812e+02 +3.1984e-01 -2.1836e+00 -5.0000e+00 -4.7752e-01 -3.9273e+00 +3.8457e+00 -2.8624e+00 -2.9617e-01 -4.5082e-01 +2.6572e+00 +3.6156e+00 -2.5102e+00 +4.4951e+00 -4.9707e+00 +2.5577e+00 +5.1515e-01 -8.7418e-01 -5.0000e+00 +2.8881e+00 +5.0000e+00
197 +8.788297524e+00 +8.788297524e+00 +2.010882975e+02 +2.010882975e+02 -4.2481e+00 +5.0000e+00 -5.0000e+00 -2.9086e+00 -3.8504e+00 +5.9274e-01 -6.7244e-01 +0.0000e+00 +5.0000e+00 -2.6628e+00 +2.0364e+00 +0.0000e+00 +4.8452e-01 -3.9697e-01 +1.9643e+00 +2.5832e+00 -3.6162e-01 -4.9368e-01 -3.6701e-02 +1.2849e+00
2220 +6.168364481e+00 +6.168364481e+00 +1.984683645e+02 +1.984683645e+02 -2.5885e+00 +4.8630e+00 -2.9451e+00 -2.7463e+00 -3.7515e+00 +7.3845e-01 -2.7136e+00 -7.4906e-01 +4.9916e+00 -6.2723e-01 +4.5221e+00 +1.2600e+00 -1.3837e+00 -1.5282e+00 +4.7319e-01 +4.2287e-01 +7.6517e-01 -4.6109e-01 -1.1471e+00 +3.5354e+00
5555 +3.846499905e+00 +3.846499905e+00 +1.961464999e+02 +1.961464999e+02 -3.2436e+00 +5.0000e+00 -4.6090e+00 -2.0947e+00 -2.7990e+00 +1.2187e+00 +0.0000e+00 -3.9639e-02 +4.6652e+00 -2.4918e-01 +3.7500e+00 +1.1191e+00 -2.9946e+00 -6.9615e-01 +8.4447e-01 -3.5395e+00 -3.8685e-01 -2.4349e+00 -8.0028e-01 +2.6377e+00
9909 +1.752179174e+00 +1.752179174e+00 +1.940521792e+02 +1.940521792e+02 -3.2474e+00 +4.5000e+00 -4.4402e+00 -1.1490e+00 -3.3069e+00 +3.4718e-01 -1.1419e-02 +2.5000e+00 +4.7825e+00 -5.0419e-01 +3.9153e+00 +1.0744e+00 -1.9605e+00 -1.4028e+00 +3.6253e+00 -2.6391e+00 +4.8181e-01 -1.9491e+00 +2.3223e-01 +2.4642e+00
12919 +1.550258044e+00 +1.550258044e+00 +1.938502580e+02 +1.938502580e+02 -3.3414e+00 +4.4367e+00 -4.4710e+00 -1.1403e+00 -3.3601e+00 +4.8243e-01 -1.2461e-02 +2.5000e+00 +4.8728e+00 -3.0832e-01 +3.8424e+00 +1.1823e+00 -1.8627e+00 -1.4165e+00 +3.6053e+00 -2.6577e+00 +4.8694e-01 -1.8402e+00 +8.2977e-02 +2.4440e+00
18577 +9.894110739e-01 +9.894110739e-01 +1.932894111e+02 +1.932894111e+02 -3.3498e+00 +4.4333e+00 -4.3917e+00 -1.1396e+00 -3.3295e+00 +4.7559e-01 -1.5467e-02 +2.5000e+00 +4.7440e+00 -3.9448e-01 +3.8566e+00 +1.0654e+00 -1.8535e+00 -1.3761e+00 +3.5238e+00 -2.5761e+00 +5.2094e-01 -1.8949e+00 +2.0774e-01 +2.4998e+00
% function evaluation | noise-free fitness - Fopt (4.971000000000e+01) | best noise-free fitness - Fopt | measured fitness | best measured fitness | x1 | x2...
1 +1.625346924e+02 +1.625346924e+02 +2.122446924e+02 +2.122446924e+02 +3.3372e+00 +4.3065e+00 -1.9937e+00 +3.6276e-01 -4.0091e+00 -3.9492e+00 -1.3376e+00 -4.6957e+00 +3.3584e+00 +2.3833e+00 +2.3446e+00 -4.1143e+00 -1.7542e+00 -4.6460e+00 +2.7991e+00 -1.8665e+00 +3.6497e+00 +3.3236e+00 -3.9554e+00 +4.5674e+00
2 +1.049826377e+02 +1.049826377e+02 +1.546926377e+02 +1.546926377e+02 -3.0535e-01 -1.8645e+00 -2.9940e+00 -4.8584e-01 +4.8467e+00 -3.4131e+00 -1.0220e+00 +4.5798e+00 +4.8965e+00 +4.4277e+00 -3.0992e+00 +2.4412e-01 +2.5840e+00 -1.1084e+00 +1.8397e+00 +8.7497e-01 +3.9374e+00 +8.1212e-01 -4.6774e+00 -4.7640e+00
4 +9.307903853e+01 +9.307903853e+01 +1.427890385e+02 +1.427890385e+02 +4.6694e+00 +4.4689e+00 +2.1823e+00 -3.7858e+00 -1.4219e+00 +3.4342e+00 +1.9038e+00 -3.8418e+00 +2.5546e+00 -3.3113e+00 +1.0616e+00 -2.7839e-01 -4.1494e+00 +4.9855e+00 -2.0346e+00 +4.8939e+00 +1.6835e+00 +1.4475e+00 -9.8569e-01 +3.3900e+00
5 +3.472641109e+01 +3.472641109e+01 +8.443641109e+01 +8.443641109e+01 +1.0584e+00 -5.6405e-01 -8.2372e-01 +3.6793e+00 +6.3440e-01 +2.6963e+00 +1.1851e+00 -2.1110e+00 +1.7904e+00 +2.5449e+00 -1.1493e+00 +2.3002e+00 -5.4389e-01 +4.4230e+00 -1.4844e+00 -3.0229e+00 +4.4986e+00 +3.4020e-01 +5.1218e-01 -4.4870e-01
12 +2.380535244e+01 +2.380535244e+01 +7.351535244e+01 +7.351535244e+01 +4.1139e+00 +9.0368e-02 +1.4420e+00 +2.9429e+00 +2.3646e-01 +3.9814e+00 -2.4530e+00 -1.7427e+00 +4.9977e+00 +2.9820e+00 -4.6749e+00 +2.8274e+00 -2.7100e+00 -4.1496e+00 +2.0309e-01 +1.0076e+00 +2.1924e+00 -3.9348e+00 -6.9857e-01 +2.1145e+00
14 +1.113527986e+01 +1.113527986e+01 +6.084527986e+01 +6.084527986e+01 -3.6603e+00 -1.2849e+00 -2.3636e+00 +3.0301e+00 +1.1931e+00 +2.9224e+00 -4.1632e+00 +2.3498e+00 -2.5410e+00 +4.0412e+00 -3.0849e+00 +5.0302e-01 -9.0074e-01 +1.5868e+00 -4.6399e+00 +1.3387e+00 +1.0201e+00 +7.8469e-02 -3.1385e+00 -3.3488e-01
76 +9.011146990e+00 +9.011146990e+00 +5.872114699e+01 +5.872114699e+01 +2.1592e+00 -2.1997e+00 +8.0958e-01 +7.5076e-01 +4.3610e+00 -1.2352e+00 -2.8500e-01 -5.5089e-01 -3.2445e+00 +4.8770e+00 -1.1706e+00 +7.7224e-02 +2.0858e-01 +2.6488e+00 -1.4485e+00 +2.6524e+00 -1.7036e+00 +3.2446e-01 +6.7058e-01 +7.3181e-01
1013 +5.637527948e+00 +5.637527948e+00 +5.534752795e+01 +5.534752795e+01 +3.7534e+00 -2.9344e+00 +2.5335e-01 +2.3222e+00 -1.5607e+00 +4.8728e+00 -1.8083e+00 -2.3417e+00 -9.1034e-01 +2.2033e+00 -5.0000e+00 +1.0388e+00 +8.0600e-02 +4.0252e+00 -4.6724e+00 +3.7301e-01 -3.8230e+00 -6.0441e-01 +5.7372e-01 +1.7739e+00
3371 +3.698248030e+00 +3.698248030e+00 +5.340824803e+01 +5.340824803e+01 +4.9958e+00 -2.7130e+00 -2.0184e+00 +2.2266e+00 -8.3075e-01 +4.5349e+00 -2.3458e+00 -5.0422e-01 +0.0000e+00 +2.6701e+00 -4.1829e+00 +3.4859e+00 -4.9233e-01 +3.6877e+00 -2.5000e+00 +0.0000e+00 -3.0649e+00 -6.1874e-01 +0.0000e+00 +2.4927e+00
5860 +2.463143806e+00 +2.463143806e+00 +5.217314381e+01 +5.217314381e+01 +4.1282e+00 -4.9449e+00 -1.2999e+00 +1.8295e+00 -2.0088e+00 +4.4647e+00 -2.0070e+00 -1.7124e+00 -6.5779e-01 +2.9217e+00 -3.7500e+00 +2.0087e+00 -1.2403e+00 +3.4302e+00 -4.9316e-01 +6.6749e-01 -2.0465e+00 +1.4146e+00 +6.3924e-01 +2.6280e+00
9500 +1.440495446e+00 +1.440495446e+00 +5.115049545e+01 +5.115049545e+01 +3.8759e+00 -5.0000e+00 -1.8636e+00 +2.3115e+00 -1.5625e+00 +3.8925e+00 -2.3098e+00 -1.4746e+00 -5.1856e-01 +2.6597e+00 -3.8216e+00 +2.4578e+00 -8.6865e-01 +3.4765e+00 -1.3820e+00 +4.3623e-01 -2.3717e+00 +0.0000e+00 -3.2593e-01 +2.6563e+00
11836 +9.785764762e-01 +9.785764762e-01 +5.068857648e+01 +5.068857648e+01 +3.9725e+00 -4.6928e+00 -2.1348e+00 +2.5000e+00 -1.3684e+00 +4.0216e+00 -2.4063e+00 -1.6751e+00 -6.8755e-01 +2.6684e+00 -3.7548e+00 +2.9430e+00 -6.9840e-01 +3.4277e+00 -1.4901e+00 +3.1241e-01 -2.2153e+00 +5.0734e-01 -1.8245e-01 +2.5000e+00
17663 +6.308424731e-01 +6.308424731e-01 +5.034084247e+01 +5.034084247e+01 +4.0026e+00 -4.6875e+00 -2.0554e+00 +2.5000e+00 -1.4909e+00 +4.0458e+00 -2.3858e+00 -1.7600e+00 -4.9709e-01 +2.6885e+00 -3.7578e+00 +2.7546e+00 -7.5063e-01 +3.3782e+00 -1.4719e+00 +3.0687e-01 -2.3513e+00 +5.5896e-01 -1.1061e-01 +2.5000e+00
% function evaluation | noise-free fitness - Fopt (2.051200000000e+02) | best noise-free fitness - Fopt | measured fitness | best measured fitness | x1 | x2...
1 +3.902226899e+01 +3.902226899e+01 +2.441422690e+02 +2.441422690e+02 +1.3480e+00 -5.1047e-02 +2.4580e+00 +2.0216e+00 -5.4398e-01 +1.8171e+00 +2.6001e+00 -4.1745e+00 -9.0471e-01 -3.1999e+00 -4.9244e+00 +3.5735e+00 -3.9822e-01 +2.5744e+00 -1.1634e+00 -8.8012e-01 -6.3273e-01 -4.5162e+00 -2.9739e+00 -3.9182e+00
10 +1.962564076e+01 +1.962564076e+01 +2.247456408e+02 +2.247456408e+02 -2.4693e+00 +3.7252e-01 +2.7930e+00 +2.5766e-01 +3.5268e+00 +2.4157e+00 -6.2577e-01 -2.7322e-01 +3.4200e+00 +3.2743e+00 +1.7056e+00 +2.0554e+00 -3.1000e+00 -1.7627e+00 -8.1717e-01 -2.8731e+00 +3.8325e+00 -2.2651e+00 +2.9858e+00 -4.9185e+00
29 +1.390032350e+01 +1.390032350e+01 +2.190203235e+02 +2.190203235e+02 +4.4908e+00 +3.0379e+00 -5.9484e-01 -3.7373e+00 +1.8858e+00 +2.1498e+00 +2.0700e+00 -7.3187e-01 +2.1068e+00 -1.6101e+00 +3.4715e+00 -7.7647e-02 +3.4786e+00 -7.5148e-01 +7.5818e-01 +3.2707e+00 -3.2566e+00 +2.0719e+00 +2.9159e-01 +3.5521e+00
530 +8.575771392e+00 +8.575771392e+00 +2.136957714e+02 +2.136957714e+02 +0.0000e+00 +7.5687e-01 -2.7214e+00 -3.7644e+00 +0.0000e+00 -7.2287e-01 +2.2954e+00 +7.3978e-01 +3.1959e+00 +1.9958e+00 -5.8491e-01 +8.1346e-01 +2.8928e+00 -1.4618e+00 -6.6897e-01 -3.4791e+00 -3.8194e+00 +4.5542e-01 -2.9343e+00 +2.1799e-01
1905 +6.152407274e+00 +6.152407274e+00 +2.112724073e+02 +2.112724073e+02 -2.7805e+00 +2.5000e+00 -4.8695e-01 -1.9812e+00 +1.6102e+00 +5.7495e-01 +3.4495e+00 +5.0000e+00 +4.5630e+00 +2.1714e+00 +1.6408e+00 +1.7973e+00 +2.1270e-01 -1.2835e+00 +1.0639e-01 -2.8668e+00 -1.0960e+00 -2.2179e-01 +4.7266e+00 +4.5062e+00
3199 +3.498507393e+00 +3.498507393e+00 +2.086185074e+02 +2.086185074e+02 +3.4532e-01 +3.1034e+00 -2.0123e+00 -1.9309e+00 -1.6671e+00 +5.9999e-01 +2.4404e+00 +4.7750e+00 +4.9858e+00 +3.4979e+00 +3.6164e+00 +2.0542e+00 +5.2926e-02 -3.2090e+00 -7.3921e-01 -2.3658e+00 -3.7963e+00 -7.4293e-01 +3.5783e-01 +4.6327e+00
6078 +2.501292482e+00 +2.501292482e+00 +2.076212925e+02 +2.076212925e+02 -8.0227e-01 +3.7442e+00 -2.3022e+00 -3.0745e+00 -2.1957e+00 +1.0866e+00 +2.5000e+00 +3.4927e+00 +4.2383e+00 +3.6069e+00 +2.5486e+00 +2.7467e+00 -1.3222e+00 -2.5000e+00 +4.6657e-01 -3.5927e+00 -3.7527e+00 -5.4347e-01 +7.9756e-01 +4.2418e+00
6956 +1.538346404e+00 +1.538346404e+00 +2.066583464e+02 +2.066583464e+02 -1.1360e+00 +3.7042e+00 -3.4129e+00 -2.9453e+00 -1.8764e+00 +1.5797e+00 +3.1936e+00 +2.8570e+00 +3.8358e+00 +3.2762e+00 +2.3764e+00 +3.0953e+00 -6.7223e-01 -2.3380e+00 +3.0401e-01 -4.5713e+00 -3.7500e+00 +6.9431e-02 +7.5678e-01 +4.1334e+00
10088 +7.125638160e-01 +7.125638160e-01 +2.058325638e+02 +2.058325638e+02 -1.1455e+00 +3.6652e+00 -2.9678e+00 -2.2573e+00 -1.8750e+00 +1.6082e+00 +2.8904e+00 +4.0200e+00 +4.0088e+00 +3.0408e+00 +2.2239e+00 +3.1451e+00 -1.0318e+00 -2.3312e+00 -2.0841e-01 -3.3650e+00 -3.6992e+00 +3.7332e-01 +6.7203e-01 +4.1733e+00
10558 +6.227345919e-01 +6.227345919e-01 +2.057427346e+02 +2.057427346e+02 -1.0735e+00 +3.6789e+00 -3.0982e+00 -2.4082e+00 -2.1299e+00 +1.5696e+00 +2.9994e+00 +3.8134e+00 +3.9621e+00 +3.1095e+00 +2.2806e+00 +3.1787e+00 -1.0402e+00 -1.6929e+00 -2.6631e-01 -3.3738e+00 -3.4514e+00 +3.4604e-01 +6.7865e-01 +3.9926e+00
13196 +3.726085856e-01 +3.726085856e-01 +2.054926086e+02 +2.054926086e+02 -1.1215e+00 +3.8814e+00 -3.0865e+00 -2.1807e+00 -2.0437e+00 +1.6088e+00 +3.0587e+00 +3.9020e+00 +3.8622e+00 +3.1842e+00 +2.1956e+00 +3.3801e+00 -1.1316e+00 -2.1875e+00 -1.3788e-01 -3.3294e+00 -3.3684e+00 +5.3179e-01 +6.3548e-01 +3.9826e+00
15230 +2.509086613e-01 +2.509086613e-01 +2.053709087e+02 +2.053709087e+02 -1.2522e+00 +3.8896e+00 -3.3009e+00 -2.2897e+00 -1.9854e+00 +1.6154e+00 +3.0652e+00 +3.6458e+00 +3.8135e+00 +3.2305e+00 +2.3652e+00 +3.4375e+00 -1.0402e+00 -2.0343e+00 -2.0829e-01 -3.1472e+00 -3.4814e+00 +2.6254e-01 +6.4924e-01 +3.9892e+00
18711 +1.494536314e-01 +1.494536314e-01 +2.052694536e+02 +2.052694536e+02 -1.2729e+00 +3.9736e+00 -3.3295e+00 -2.2790e+00 -1.9848e+00 +1.6302e+00 +3.0765e+00 +3.6445e+00 +3.7586e+00 +3.2490e+00 +2.3236e+00 +3.3699e+00 -1.0172e+00 -2.1416e+00 -8.6569e-02 -3.1658e+00 -3.4077e+00 +2.5460e-01 +6.5370e-01 +3.9954e+00
20841 +9.473288854e-02 +9.473288854e-02 +2.052147329e+02 +2.052147329e+02 -1.2912e+00 +3.9568e+00 -3.3315e+00 -2.2709e+00 -1.9846e+00 +1.6136e+00 +3.0699e+00 +3.6301e+00 +3.7560e+00 +3.2547e+00 +2.3201e+00 +3.3700e+00 -1.0314e+00 -2.1474e+00 -1.1217e-01 -3.1692e+00 -3.3941e+00 +2.5351e-01 +6.4995e-01 +3.9844e+00
% function evaluation | noise-free fitness - Fopt (-1.729000000000e+02) | best noise-free fitness - Fopt | measured fitness | best measured fitness | x1 | x2...
1 +3.261041940e+01 +3.261041940e+01 -1.402895806e+02 -1.402895806e+02 +4.3945e+00 +1.0503e-02 +4.0445e+00 -1.8070e+00 +3.8230e+00 -2.6259e+00 -4.9456e+00 +2.2076e+00 -3.0399e+00 -1.2228e+00 +1.8317e+00 -3.0838e+00 -2.4279e+00 +2.8967e+00 -1.5414e+00 -4.6089e+00 -4.8484e+00 -5.3340e-01 -4.4846e+00 -2.9223e+00
5 +1.510203991e+01 +1.510203991e+01 -1.577979601e+02 -1.577979601e+02 +1.6645e+00 -2.9898e+00 +4.4696e+00 -5.6949e-01 +2.6663e+00 -7.4998e-01 -1.9550e+00 +1.7663e+00 -2.7329e+00 +1.9194e+00 +5.4203e-01 +1.8964e+00 -6.4906e-01 -4.2271e+00 +2.0760e+00 -1.4516e+00 -6.8610e-01 -4.9469e-01 -1.9194e-02 +3.7217e+00
125 +8.978243277e+00 +8.978243277e+00 -1.639217567e+02 -1.639217567e+02 +8.5851e-01 +3.4593e-01 +4.3313e+00 -5.0000e+00 -5.0000e+00 -1.7077e+00 +1.3705e+00 +1.3865e+00 -5.0000e+00 -2.5472e+00 +4.8358e+00 +2.1766e+00 -1.8207e+00 -5.0000e+00 +5.0000e+00 -1.6128e+00 -5.6504e-01 -1.6499e+00 -5.0000e+00 +5.0000e+00
1147 +5.638754543e+00 +5.638754543e+00 -1.672612455e+02 -1.672612455e+02 -4.1818e+00 -3.7610e-01 +3.7819e+00 -4.2544e+00 -5.0000e+00 +1.0096e+00 -3.5432e-01 +2.1631e+00 -2.9666e+00 +3.8016e-01 +2.3027e+00 +6.5640e-01 -4.2106e+00 -4.6448e+00 +5.0000e+00 -3.7694e-01 +1.7562e+00 -4.9019e+00 -5.0000e+00 +2.5000e+00
2354 +3.639099772e+00 +3.639099772e+00 -1.692609002e+02 -1.692609002e+02 -5.0000e+00 +1.1329e-01 +4.4168e+00 -3.5019e+00 -5.0000e+00 -7.1629e-01 +7.7392e-01 +1.2790e+00 -2.5000e+00 +1.5781e+00 +3.1095e+00 +4.3133e+00 -4.8564e+00 -4.5766e+00 +4.2037e+00 +9.4497e-01 +3.5338e-01 -5.0000e+00 -5.0000e+00 +1.6859e+00
5208 +2.511416423e+00 +2.511416423e+00 -1.703885836e+02 -1.703885836e+02 -4.9738e+00 -5.7385e-01 +5.0000e+00 -2.5000e+00 -5.0000e+00 -6.9524e-01 +2.0767e+00 +1.4242e+00 -3.3559e+00 -1.3045e+00 +2.5083e+00 +3.6708e+00 -4.9823e+00 -3.7500e+00 +4.1165e+00 -1.6212e+00 +1.1679e-03 -4.5980e+00 -5.0000e+00 +1.0316e+00
12476 +1.571025999e+00 +1.571025999e+00 -1.713289740e+02 -1.713289740e+02 -4.7293e+00 -6.9763e-01 +4.2708e+00 -2.5566e+00 -5.0000e+00 -1.1369e+00 +2.3737e+00 +2.1238e+00 -3.2598e+00 +8.8089e-01 +2.2751e+00 +3.6098e+00 -4.9760e+00 -3.7588e+00 +3.7500e+00 -6.1224e-01 +4.8422e-02 -4.7517e+00 -5.0000e+00 +7.7564e-01
18809 +9.975499057e-01 +9.975499057e-01 -1.719024501e+02 -1.719024501e+02 -4.7638e+00 -8.9265e-01 +4.3750e+00 -2.5724e+00 -5.0000e+00 -9.4950e-01 +2.4285e+00 +1.9011e+00 -2.9274e+00 +7.3275e-01 +2.2612e+00 +3.4646e+00 -4.9623e+00 -3.7810e+00 +3.6690e+00 -9.3750e-01 +6.9768e-02 -4.6414e+00 -5.0000e+00 +8.5334e-01
% function evaluation | noise-free fitness - Fopt (-3.506200000000e+02) | best noise-free fitness - Fopt | measured fitness | best measured fitness | x1 | x2...
1 +4.410778297e+01 +4.410778297e+01 -3.065122170e+02 -3.065122170e+02 -4.0676e+00 -3.8435e+00 -3.2011e+00 +4.8937e-01 +2.7793e+00 -2.1185e-01 +1.3842e+00 -2.6836e+00 +4.5063e+00 -1.9343e+00 -2.7925e-01 -4.1198e+00 -3.2664e+00 -2.0848e+00 -2.0898e+00 -3.8054e+00 -1.3372e+00 -4.8961e+00 +1.4125e-01 +4.6244e+00
2 +2.944987024e+01 +2.944987024e+01 -3.211701298e+02 -3.211701298e+02 -3.5067e+00 -1.7582e-01 +4.3766e+00 -1.8846e+00 -4.2811e+00 -4.6365e+00 -3.0727e+00 +3.6194e+00 -1.8828e+00 +3.6223e+00 -3.2929e-01 +1.1757e+00 -1.5680e+00 -2.9496e+00 +2.1525e+00 +3.3152e+00 -3.2100e+00 -1.3376e-01 +3.6436e+00 -1.9987e+00
13 +1.744109365e+01 +1.744109365e+01 -3.331789063e+02 -3.331789063e+02 -2.9562e+00 -4.3975e+00 +9.7278e-01 +7.2120e-01 +1.4667e+00 +2.8920e+00 +2.9496e+00 +3.1785e-01 +1.2351e+00 +1.7099e+00 +4.9955e+00 -2.9819e+00 +3.1303e+00 +4.1180e+00 +1.5579e+00 +1.3468e+00 +4.9517e+00 +2.0488e+00 -1.7621e+00 +7.2939e-01
64 +1.228329837e+01 +1.228329837e+01 -3.383367016e+02 -3.383367016e+02 -5.0000e+00 -4.1298e+00 +1.2694e-01 +8.1498e-01 -8.3755e-01 +1.7933e+00 -3.9000e-01 +1.3216e+00 +3.6091e-01 +6.5362e-01 +5.0000e+00 -2.2942e+00 -9.2370e-01 +2.2094e+00 -4.6977e-01 +8.4791e-01 +2.1578e+00 +1.9504e+00 +2.6690e+00 +1.4797e-01
293 +9.979526783e+00 +9.979526783e+00 -3.406404732e+02 -3.406404732e+02 -2.7049e+00 -4.8635e+00 +3.3171e+00 +3.6628e-01 +1.8998e+00 +4.1590e+00 +9.2923e-01 -2.7410e-01 +2.2529e+00 +1.4268e+00 +4.9981e+00 -3.8986e+00 +4.4614e+00 +2.1860e+00 +1.1175e+00 -1.1658e+00 +3.8267e-01 -9.2982e-01 +2.8091e+00 +1.4717e+00
878 +6.185825533e+00 +6.185825533e+00 -3.444341745e+02 -3.444341745e+02 -3.0615e+00 -3.5799e+00 -1.2738e+00 -3.9021e+00 +9.8245e-01 +4.3363e+00 +3.4250e+00 +1.2091e+00 -3.1578e+00 +2.6730e+00 +4.9976e+00 -2.9795e+00 +3.6580e+00 +2.7227e+00 +5.0000e+00 +2.9206e-02 -1.5632e+00 -1.8391e+00 +3.9139e+00 +3.8141e+00
3184 +3.503153632e+00 +3.503153632e+00 -3.471168464e+02 -3.471168464e+02 -3.8359e+00 -3.6035e+00 +2.0616e+00 -1.1376e+00 -1.0069e-01 +2.7191e+00 +3.6421e+00 +2.7923e+00 -7.1951e-01 +3.7500e+00 +5.0000e+00 -5.0000e+00 +1.9917e+00 +3.7808e+00 +5.0000e+00 -3.2943e+00 +8.5202e-01 -1.9950e+00 +2.4425e+00 +2.9583e+00
10754 +2.043097567e+00 +2.043097567e+00 -3.485769024e+02 -3.485769024e+02 -3.7883e+00 -4.0116e+00 +1.6303e+00 -1.6919e+00 +8.3941e-01 +3.2393e+00 +3.3964e+00 +2.9882e+00 -1.4522e-01 +4.0976e+00 +5.0000e+00 -5.0000e+00 +2.4355e+00 +3.1481e+00 +5.0000e+00 -3.5224e+00 -4.4907e-01 -1.7016e+00 +2.7185e+00 +3.5758e+00
18661 +1.579868607e+00 +1.579868607e+00 -3.490401314e+02 -3.490401314e+02 -3.8106e+00 -4.0271e+00 +1.6748e+00 -1.6999e+00 +8.6300e-01 +3.1565e+00 +3.4615e+00 +2.9145e+00 -1.3926e-01 +4.0925e+00 +5.0000e+00 -4.9987e+00 +2.4310e+00 +3.0896e+00 +5.0000e+00 -3.4462e+00 -3.2379e-01 -1.7520e+00 +2.6806e+00 +3.5617e+00
