% function evaluation | noise-free fitness - Fopt (7.948000000000e+01) | best noise-free fitness - Fopt | measured fitness | best measured fitness | x1 | x2...
1 +2.614354074e+02 +2.614354074e+02 +3.409154074e+02 +3.409154074e+02 +3.0364e+00 +9.1285e-01 +4.4491e+00 -1.7570e+00 -9.8533e-01 +1.1045e+00 +9.4208e-01 -2.2364e+00 +2.2671e+00 +4.9975e+00 -3.2770e+00 +5.8242e-01 -7.4975e-01 +1.6226e+00 -2.6483e+00 +2.7686e+00 +1.5842e+00 +6.1111e-01 -4.3221e+00 +2.9449e+00
3 +1.758687117e+02 +1.758687117e+02 +2.553487117e+02 +2.553487117e+02 +3.0291e+00 +2.2074e-01 +1.7492e+00 -2.4400e-01 +1.0445e+00 -3.1188e+00 -2.8922e+00 -2.6824e+00 +1.1128e+00 +2.0071e+00 +2.1261e+00 -8.8250e-01 -3.3561e+00 -1.8551e+00 +3.6205e+00 +3.5971e+00 -7.0540e-01 -9.8443e-01 +3.5914e+00 +2.8360e+00
21 +1.286285616e+02 +1.286285616e+02 +2.081085616e+02 +2.081085616e+02 +1.0167e-01 -2.9254e+00 -5.9274e-02 +4.6493e+00 -2.0196e+00 -3.9934e+00 +4.2970e+00 -7.3558e-01 +1.3774e+00 +5.5642e-02 +2.2012e+00 +2.8767e-01 +4.0913e+00 -5.4373e-01 +3.3500e+00 +3.5828e+00 +1.6172e-01 -3.6906e+00 +2.5336e+00 -1.6388e+00
91 +9.905250499e+01 +9.905250499e+01 +1.785325050e+02 +1.785325050e+02 -7.0495e-01 -1.6252e+00 +2.3109e+00 +9.5851e-01 -2.3623e+00 -2.8246e-01 -5.6885e-01 +1.1243e+00 -3.7716e+00 -7.4596e-01 -1.1281e+00 +4.6412e-01 +3.1543e+00 -1.1343e+00 +6.7599e-02 -1.2567e-02 -5.1937e-01 -1.9513e+00 -3.4917e+00 +2.7559e-01
1752 +6.097743740e+01 +6.097743740e+01 +1.404574374e+02 +1.404574374e+02 +8.1225e-01 -3.7604e+00 -1.1426e+00 +3.4130e+00 +2.6435e-01 +1.2175e+00 +3.0598e+00 -2.5332e+00 -3.4362e+00 -2.9835e+00 -5.0000e+00 +2.9899e+00 -8.9906e-01 -3.1262e+00 +5.0000e+00 +1.8249e+00 +4.0970e-01 -2.5107e+00 +1.4154e+00 +9.0064e-01
2884 +3.722198870e+01 +3.722198870e+01 +1.167019887e+02 +1.167019887e+02 +1.3030e+00 -1.9324e+00 -1.9099e+00 +3.1119e-01 -1.7110e+00 -7.7965e-01 +2.7635e+00 -1.2263e+00 -1.0932e-01 -4.3314e+00 -5.0000e+00 +2.6446e+00 -1.5274e-01 -2.5810e+00 +4.9443e+00 +2.7482e+00 +9.1355e-01 -4.3726e+00 +1.2291e+00 +2.4794e+00
3568 +2.181564741e+01 +2.181564741e+01 +1.012956474e+02 +1.012956474e+02 +5.1167e-01 -6.3364e-01 -6.4379e-02 +1.5469e+00 -2.3677e+00 -4.7138e-01 +3.1190e-01 -7.1348e-01 -8.8528e-01 -4.2126e+00 -4.9903e+00 +4.1154e+00 +2.2259e+00 -2.0056e+00 +4.9512e+00 +3.4645e+00 +1.2040e+00 -5.0000e+00 +2.4169e+00 +2.6102e+00
3726 +1.435791926e+01 +1.435791926e+01 +9.383791926e+01 +9.383791926e+01 +5.6019e-01 -1.2213e+00 -7.6920e-01 +1.9388e+00 -2.5258e+00 -8.1611e-01 -8.6646e-02 -2.8395e-01 -8.5003e-01 -4.1303e+00 -4.9789e+00 +3.7001e+00 +2.6413e+00 -4.0449e-03 +4.9518e+00 +3.7628e+00 +7.6782e-02 -5.0000e+00 +3.1106e+00 +1.3775e+00
3969 +9.029013195e+00 +9.029013195e+00 +8.850901320e+01 +8.850901320e+01 +1.1817e+00 -7.0939e-01 -6.6672e-01 +1.5125e+00 -2.3063e+00 -3.0123e-01 -4.6678e-01 +5.9603e-01 -7.9494e-01 -3.8650e+00 -4.9702e+00 +2.9180e+00 +1.0241e+00 +2.1234e-01 +4.9437e+00 +2.7857e+00 -1.8949e-01 -5.0000e+00 +2.5971e+00 +7.8969e-01
4206 +6.164012419e+00 +6.164012419e+00 +8.564401242e+01 +8.564401242e+01 +2.3137e-01 -8.5388e-01 -9.0460e-01 +1.8179e+00 -2.5546e+00 -1.8633e-01 -9.1814e-02 +1.5963e-01 -8.0936e-01 -3.3022e+00 -4.9784e+00 +2.7827e+00 +8.5846e-01 +1.3313e-03 +4.9437e+00 +2.7824e+00 -9.2531e-03 -5.0000e+00 +2.1234e+00 +1.5583e+00
% function evaluation | noise-free fitness - Fopt (3.944800000000e+02) | best noise-free fitness - Fopt | measured fitness | best measured fitness | x1 | x2...
1 +2.476190217e+02 +2.476190217e+02 +6.420990217e+02 +6.420990217e+02 -4.2748e+00 -3.7856e+00 +4.5245e+00 +4.6966e+00 -1.8073e+00 -4.5887e+00 -3.4554e+00 +3.5307e+00 +1.9969e+00 -2.5088e+00 +1.4907e+00 -1.2084e+00 -1.4533e+00 +6.2912e-01 +1.6370e+00 +1.6674e+00 +1.7022e+00 -3.6495e+00 -2.9372e+00 +1.0552e+00
19 +1.390667323e+02 +1.390667323e+02 +5.335467323e+02 +5.335467323e+02 -1.5449e+00 -8.0240e-01 +8.8848e-01 +3.1016e+00 +3.9829e+00 -2.4610e+00 +9.0526e-01 -1.2580e+00 -2.6905e+00 +2.3034e+00 +3.0266e+00 -1.4896e+00 -2.4291e+00 +3.7936e+00 -4.4765e+00 +3.0113e+00 -9.4244e-01 -3.5609e+00 +3.1201e+00 +3.9318e+00
83 +8.342140790e+01 +8.342140790e+01 +4.779014079e+02 +4.779014079e+02 -7.5130e-01 -1.9593e+00 -1.1250e+00 +6.1736e+00 +1.8113e+00 -1.6060e+00 +4.8860e+00 +2.3019e+00 -1.7136e+00 -2.3169e+00 -4.3700e-01 -2.1530e+00 -9.9534e-01 +1.1295e+00 -2.7318e+00 +1.6086e+00 -4.8785e+00 -3.6084e+00 +7.5956e-01 +2.5019e+00
203 +5.821863181e+01 +5.821863181e+01 +4.526986318e+02 +4.526986318e+02 -1.7452e+00 -2.2843e+00 -5.8752e-01 +4.2019e+00 -7.4499e-01 -4.4451e+00 +3.0386e+00 +5.1638e-02 +9.7150e-01 -1.1678e+00 -1.6386e+00 -9.8330e-01 +9.6910e-01 +3.4985e+00 -5.0244e+00 +4.5826e+00 -1.8912e+00 -2.7691e+00 +9.6889e-01 +1.1061e-01
2289 +3.376211040e+01 +3.376211040e+01 +4.282421104e+02 +4.282421104e+02 -5.0000e+00 -4.8966e+00 -4.9680e+00 +1.7202e+00 -3.7229e-01 -4.3666e+00 +4.2701e+00 -7.8542e-01 +7.5333e-01 -3.7712e+00 +2.8501e+00 -1.1410e+00 +1.0830e+00 +5.0000e+00 -4.4995e+00 +3.7138e+00 -1.4872e+00 -1.8005e-01 -1.4451e+00 +1.2948e+00
2676 +2.359692520e+01 +2.359692520e+01 +4.180769252e+02 +4.180769252e+02 -5.0000e+00 -4.7860e+00 -5.0000e+00 +3.4439e+00 +2.8843e+00 -3.7325e+00 +4.1853e+00 -2.0461e+00 -1.4896e+00 -3.7145e+00 +1.7095e+00 +9.0242e-01 +1.3790e+00 +5.0000e+00 -4.8833e+00 +2.2924e+00 -1.1029e+00 +1.1072e-01 +5.1661e-01 +1.9059e+00
3186 +1.509676174e+01 +1.509676174e+01 +4.095767617e+02 +4.095767617e+02 -5.0000e+00 -4.6490e+00 -3.2265e+00 +5.0000e+00 +8.8298e-01 -3.5776e+00 +3.7596e+00 +5.5862e-02 -1.1348e+00 -3.0785e+00 +1.8476e+00 +2.9597e+00 +1.7661e+00 +3.4483e+00 -4.9209e+00 +1.8102e+00 -2.8532e+00 -5.6750e-01 +1.2807e+00 +1.6987e+00
3298 +9.320891038e+00 +9.320891038e+00 +4.038008910e+02 +4.038008910e+02 -4.9678e+00 -4.3769e+00 -3.9777e+00 +4.9600e+00 +2.1821e+00 -2.8572e+00 +3.8582e+00 -2.5576e-01 -1.0599e+00 -4.4062e+00 +2.5301e+00 +1.4896e+00 +1.9031e+00 +3.6875e+00 -4.9286e+00 +2.8683e+00 -2.5694e+00 -1.1117e+00 -1.0238e-01 +7.5716e-01
3773 +5.737859334e+00 +5.737859334e+00 +4.002178593e+02 +4.002178593e+02 -4.9515e+00 -3.2037e+00 -3.9363e+00 +4.9285e+00 +1.4200e+00 -3.0124e+00 +3.7449e+00 -1.8585e-01 -3.8827e-01 -4.3442e+00 +2.2099e+00 +1.3069e+00 +1.8523e+00 +4.4996e+00 -5.0000e+00 +2.7496e+00 -2.8517e+00 -1.3852e+00 +2.5084e-01 +1.5869e+00
4060 +3.949795088e+00 +3.949795088e+00 +3.984297951e+02 +3.984297951e+02 -4.8338e+00 -2.7466e+00 -3.6254e+00 +4.8815e+00 +8.2483e-01 -2.9233e+00 +3.7060e+00 -4.8322e-01 -7.0498e-01 -4.2372e+00 +1.9147e+00 +1.2059e+00 +1.5745e+00 +4.1108e+00 -5.0000e+00 +3.0164e+00 -2.8209e+00 -1.0581e+00 +3.5111e-01 +1.2837e+00
4407 +2.389140150e+00 +2.389140150e+00 +3.968691401e+02 +3.968691401e+02 -4.7310e+00 -2.8296e+00 -3.8471e+00 +3.9375e+00 +6.6100e-01 -2.9890e+00 +3.6824e+00 -4.7269e-01 -9.7652e-01 -3.7901e+00 +2.0391e+00 +1.1945e+00 +1.4644e+00 +3.8764e+00 -5.0000e+00 +2.9175e+00 -2.8203e+00 -1.1833e+00 -2.3083e-02 +1.0735e+00
4813 +1.578311075e+00 +1.578311075e+00 +3.960583111e+02 +3.960583111e+02 -3.8832e+00 -2.8389e+00 -3.8988e+00 +3.8708e+00 +8.6485e-01 -3.0072e+00 +3.6838e+00 -3.8066e-01 -9.0725e-01 -3.7545e+00 +2.0164e+00 +1.1554e+00 +1.4831e+00 +3.8016e+00 -5.0000e+00 +2.9262e+00 -2.8529e+00 -1.3257e+00 +3.6712e-02 +1.2535e+00
% function evaluation | noise-free fitness - Fopt (-2.471100000000e+02) | best noise-free fitness - Fopt | measured fitness | best measured fitness | x1 | x2...
1 +3.264871611e+02 +3.264871611e+02 +7.937716108e+01 +7.937716108e+01 +2.4953e+00 -2.0183e+00 +4.0868e+00 -3.6297e+00 +4.2905e+00 -2.7966e-02 -3.3888e+00 -1.3773e+00 +9.8250e-01 -1.8419e+00 +2.3968e+00 -2.0244e-01 -2.1003e+00 +2.6223e+00 -4.5127e+00 +5.6637e-01 +1.4186e+00 +3.2669e+00 +2.7834e+00 -2.8492e+00
5 +2.498094735e+02 +2.498094735e+02 +2.699473468e+00 +2.699473468e+00 -3.0928e+00 -4.7054e+00 -3.2274e+00 -5.2583e-01 -1.4076e+00 +1.7443e-02 +6.5481e-01 -2.4551e+00 -4.1034e+00 +9.7261e-01 -1.7751e+00 +1.1227e+00 -2.2728e+00 +3.3773e+00 -3.6520e+00 +5.9061e-01 -2.9924e+00 -4.7427e+00 +3.3612e+00 -2.4347e+00
45 +9.239759673e+01 +9.239759673e+01 -1.547124033e+02 -1.547124033e+02 +1.8549e+00 +2.9457e-01 +1.7726e+00 -3.8057e+00 -5.0000e+00 +7.2678e-01 +2.3965e+00 -5.0000e+00 +8.9659e-01 -9.1734e-01 +3.2249e+00 +1.1687e+00 +2.7272e+00 +4.6721e+00 +1.3480e+00 -2.2269e+00 +2.0076e+00 +2.5727e-01 +2.6031e+00 -2.3181e-01
290 +4.225921092e+01 +4.225921092e+01 -2.048507891e+02 -2.048507891e+02 -2.0819e+00 -5.3493e-01 -1.6962e-01 +7.2808e-01 -1.9022e+00 +3.0095e+00 +3.9194e+00 -4.3804e+00 +4.5908e-01 +2.7137e+00 +2.6339e+00 +2.0212e+00 +3.6496e-01 -1.1593e-01 +3.6368e+00 +1.5385e+00 +2.9853e+00 -2.4194e+00 +1.3717e+00 -9.9429e-01
2471 +3.472557414e+01 +3.472557414e+01 -2.123844259e+02 -2.123844259e+02 -2.5967e+00 +1.2467e+00 +7.6131e-01 -1.3064e+00 -2.2003e+00 +3.4077e+00 +4.0592e+00 -4.6985e+00 -3.8509e+00 +1.9416e+00 +1.5353e+00 +2.1400e+00 +2.1688e+00 +1.2275e-01 +2.4042e+00 +4.9716e-01 +2.5557e+00 -1.2037e+00 +1.9354e+00 +4.2652e-01
2744 +2.501445391e+01 +2.501445391e+01 -2.220955461e+02 -2.220955461e+02 -2.5495e+00 +1.9850e-01 +1.4918e+00 -3.7025e+00 -3.6864e+00 +3.6789e+00 +3.3050e+00 -4.9747e+00 -2.9089e+00 +2.7366e+00 +1.1223e+00 +1.1586e+00 +1.8261e+00 +8.4676e-01 +3.5696e+00 -2.2359e-01 +1.7937e+00 -6.8555e-03 +3.3439e+00 +1.4702e+00
3215 +1.537912168e+01 +1.537912168e+01 -2.317308783e+02 -2.317308783e+02 -3.7468e+00 +4.2041e-01 +3.7337e-02 -5.2430e+00 -3.0782e+00 +3.8205e+00 +1.7676e+00 -4.5398e+00 -8.1140e-01 +1.7390e+00 +1.4127e+00 +1.3023e+00 +2.6886e+00 +1.3919e+00 +2.7622e+00 +7.6821e-01 +4.1759e+00 -2.1525e-01 +3.4895e+00 +6.8591e-01
3446 +8.564882844e+00 +8.564882844e+00 -2.385451172e+02 -2.385451172e+02 -3.4097e+00 -2.9457e-01 -2.0674e-02 -5.0000e+00 -2.4364e+00 +3.4830e+00 +2.9353e+00 -4.9970e+00 +3.6632e-01 +2.5666e+00 +2.5388e+00 +2.1406e+00 +1.9652e+00 +4.5329e-01 +3.8615e+00 +1.2664e+00 +2.5741e+00 -8.8842e-01 +2.2182e+00 +3.1419e-01
3563 +5.919820160e+00 +5.919820160e+00 -2.411901798e+02 -2.411901798e+02 -3.9981e+00 -4.3211e-01 -5.2488e-01 -5.0000e+00 -2.9308e+00 +3.2177e+00 +3.0399e+00 -5.0000e+00 +2.1224e-01 +2.1680e+00 +2.4911e+00 +2.1019e+00 +2.4556e+00 +4.7498e-01 +4.0008e+00 +8.8505e-01 +2.8652e+00 -3.3558e-01 +1.7768e+00 +2.4630e-01
4181 +3.793691169e+00 +3.793691169e+00 -2.433163088e+02 -2.433163088e+02 -4.1585e+00 -4.7521e-02 -6.8369e-01 -5.0000e+00 -2.9371e+00 +2.6987e+00 +3.1341e+00 -5.0000e+00 +2.4834e-01 +2.6758e+00 +2.0784e+00 +9.3329e-01 +2.9228e+00 +8.5274e-01 +3.8219e+00 +7.3372e-01 +2.8454e+00 -7.4760e-02 +2.3791e+00 +4.9118e-01
% function evaluation | noise-free fitness - Fopt (-1.520400000000e+02) | best noise-free fitness - Fopt | measured fitness | best measured fitness | x1 | x2...
1 +3.357115380e+02 +3.357115380e+02 +1.836715380e+02 +1.836715380e+02 +4.3584e+00 -1.6816e+00 +4.7991e+00 +4.1152e+00 +2.2010e-01 -5.0577e-01 +1.8750e+00 +4.8177e+00 -2.1727e+00 -2.6365e-01 +1.7268e+00 +2.4409e+00 +2.0876e+00 +3.5759e+00 +1.9017e+00 +1.4070e+00 -1.7374e-01 +3.6163e+00 +4.6757e+00 -2.7264e+00
2 +1.781287144e+02 +1.781287144e+02 +2.608871436e+01 +2.608871436e+01 -3.5173e+00 +4.1625e+00 +1.9807e-01 +1.5787e+00 +3.3512e+00 +3.6034e-01 +1.5371e+00 -4.7936e+00 +8.5072e-01 +1.8669e+00 +3.8981e+00 -1.7003e+00 -4.4367e+00 +2.1776e+00 +4.0977e+00 +1.5590e+00 -2.8295e+00 -4.5501e-01 +2.6805e+00 -2.2694e+00
18 +1.039701183e+02 +1.039701183e+02 -4.806988168e+01 -4.806988168e+01 -1.1296e+00 -2.1026e+00 -2.6547e+00 +3.5532e+00 -1.7850e+00 -1.8928e+00 -1.9158e+00 -1.7020e+00 +1.2466e+00 +3.1627e+00 -1.1011e+00 -2.8807e+00 +2.0195e-01 +4.1322e+00 +4.0981e+00 -1.3134e+00 +1.9273e+00 -3.9103e+00 -3.3063e+00 +4.6543e+00
104 +9.718864770e+01 +9.718864770e+01 -5.485135230e+01 -5.485135230e+01 +2.3137e+00 +1.1044e+00 -3.0056e+00 +5.0000e+00 -4.4643e-01 -2.6087e+00 +1.6814e+00 -1.5015e+00 -9.3130e-01 -1.6538e+00 -2.2527e+00 -3.4630e+00 -3.7984e+00 +5.0000e+00 +2.2728e+00 +1.4986e+00 +4.1335e+00 +7.7648e-01 +1.8810e+00 +2.2838e-01
280 +5.614761462e+01 +5.614761462e+01 -9.589238538e+01 -9.589238538e+01 -1.6527e+00 -3.5997e-01 -5.4703e+00 +1.8360e+00 +2.7411e-01 +8.3210e-01 -8.0780e-01 -1.4979e+00 +3.2927e-02 +2.1505e+00 -5.2744e-01 -1.7958e+00 +5.9303e-01 +4.1503e+00 -4.0921e-01 +1.2951e+00 +4.3443e-01 +3.5978e+00 +9.6456e-01 +3.8762e+00
2959 +3.710483737e+01 +3.710483737e+01 -1.149351626e+02 -1.149351626e+02 -1.9145e+00 +5.8675e-01 -4.3701e+00 +4.5800e+00 +8.4528e-01 -4.3257e-02 +2.0168e+00 -6.1645e-01 -7.4540e-01 +2.7752e+00 +1.3177e+00 -4.8736e-01 -3.6089e+00 +3.3922e+00 +3.3326e-01 +2.2483e+00 +2.5492e+00 -6.6307e-01 +1.5168e+00 +4.0455e+00
3338 +2.308361938e+01 +2.308361938e+01 -1.289563806e+02 -1.289563806e+02 -5.9002e-01 +7.0789e-01 -3.6357e+00 +3.7339e+00 +4.9270e-01 -5.9328e-01 +1.9181e+00 -1.9135e+00 +2.4708e+00 +4.2033e+00 +1.0734e-01 -2.5425e+00 -2.9087e+00 +3.6869e+00 +1.8578e+00 +2.0111e+00 +2.9462e+00 +1.1841e+00 -3.2829e-02 +3.2858e+00
3428 +1.544656034e+01 +1.544656034e+01 -1.365934397e+02 -1.365934397e+02 +7.3033e-01 +6.9277e-01 -3.3292e+00 +3.9918e+00 +1.0725e+00 -5.3405e-01 -7.0558e-01 +1.0322e+00 +1.5242e+00 +3.3063e+00 -3.0952e-01 -2.5809e+00 -2.9366e+00 +3.7908e+00 +1.8140e+00 +1.7554e+00 +3.4238e+00 +1.4430e+00 -5.1097e-01 +3.1380e+00
3779 +8.976186170e+00 +8.976186170e+00 -1.430638138e+02 -1.430638138e+02 -4.6311e-01 +1.9361e+00 -3.9167e+00 +4.4615e+00 +1.6418e+00 -8.1155e-01 -1.2920e+00 -7.9949e-01 +2.1640e+00 +3.3164e+00 +2.6278e-01 -2.3721e+00 -3.3871e+00 +3.2735e+00 +1.7072e+00 +9.1766e-01 +1.8327e+00 -4.0699e-01 -7.9461e-01 +3.3789e+00
3962 +6.050564945e+00 +6.050564945e+00 -1.459894351e+02 -1.459894351e+02 -3.4469e-01 +1.1910e+00 -4.0182e+00 +4.5010e+00 +1.9116e+00 -4.7025e-02 -1.2267e+00 -1.3624e+00 +1.6273e+00 +3.7160e+00 -2.5172e-01 -2.7795e+00 -3.7745e+00 +3.3367e+00 +1.5271e+00 +6.1273e-01 +1.5811e+00 -4.0039e-01 -7.1990e-01 +3.5835e+00
4122 +3.730062090e+00 +3.730062090e+00 -1.483099379e+02 -1.483099379e+02 +1.0397e-01 +1.2993e+00 -3.9996e+00 +4.4578e+00 +2.1095e+00 +3.1087e-01 -8.3681e-01 -1.3419e+00 +1.4673e+00 +3.6258e+00 -1.7077e-01 -2.6242e+00 -3.8183e+00 +3.3882e+00 +9.8414e-01 +8.7921e-01 +1.7091e+00 +3.6933e-01 -5.5153e-01 +3.5330e+00
4228 +1.923769564e+00 +1.923769564e+00 -1.501162304e+02 -1.501162304e+02 -1.9083e-01 +1.2972e+00 -3.9642e+00 +4.1604e+00 +2.3820e+00 +2.8439e-01 -6.9158e-01 -9.3547e-01 +1.5976e+00 +3.7761e+00 -5.2935e-01 -2.5691e+00 -4.0538e+00 +3.4034e+00 +7.7155e-01 +9.1751e-01 +1.8585e+00 +3.5678e-01 -1.5982e-01 +3.5494e+00
4302 +1.565352233e+00 +1.565352233e+00 -1.504746478e+02 -1.504746478e+02 +2.8564e-02 +1.1812e+00 -3.9380e+00 +3.9940e+00 +2.3114e+00 +1.2910e-01 -8.9598e-01 -7.2591e-01 +1.5882e+00 +3.7435e+00 -5.1097e-01 -2.5488e+00 -3.9142e+00 +3.4311e+00 +6.4582e-01 +9.6288e-01 +1.7238e+00 +4.1967e-01 -2.2324e-01 +3.5483e+00
4601 +9.397542254e-01 +9.397542254e-01 -1.511002458e+02 -1.511002458e+02 -2.7557e-01 +1.1007e+00 -3.8998e+00 +3.4266e+00 +2.6882e+00 +1.2024e-01 -8.6673e-01 -6.7744e-01 +1.7005e+00 +3.3476e+00 -8.1829e-01 -2.4856e+00 -3.8094e+00 +3.5256e+00 +6.2053e-01 +1.0772e+00 +1.7831e+00 +4.1968e-01 -2.7313e-01 +3.4197e+00
4712 +6.035552165e-01 +6.035552165e-01 -1.514364448e+02 -1.514364448e+02 -2.1797e-01 +1.1094e+00 -3.9224e+00 +3.2155e+00 +2.6280e+00 +2.5647e-01 -9.5227e-01 -6.5669e-01 +1.6567e+00 +3.3093e+00 -9.1240e-01 -2.5161e+00 -3.6820e+00 +3.6732e+00 +5.0623e-01 +1.2626e+00 +1.7901e+00 +3.3393e-01 -3.4505e-01 +3.5776e+00
4826 +3.973767501e-01 +3.973767501e-01 -1.516426232e+02 -1.516426232e+02 -2.2369e-01 +1.1413e+00 -3.9034e+00 +3.2339e+00 +2.4996e+00 +2.4393e-01 -9.7433e-01 -6.9603e-01 +1.6148e+00 +3.3207e+00 -9.3222e-01 -2.5150e+00 -3.6732e+00 +3.7025e+00 +3.6979e-01 +1.2380e+00 +1.7933e+00 +3.5186e-01 -3.5079e-01 +3.7152e+00
% function evaluation | noise-free fitness - Fopt (-2.525000000000e+01) | best noise-free fitness - Fopt | measured fitness | best measured fitness | x1 | x2...
1 +2.132676486e+02 +2.132676486e+02 +1.880176486e+02 +1.880176486e+02 +1.3732e+00 +4.0823e+00 +7.0996e-01 +3.1235e+00 +4.1667e+00 -3.0171e+00 -1.9402e+00 +3.9472e+00 +1.4772e+00 +2.9120e+00 +4.4920e+00 +1.5509e+00 +5.7356e-03 -1.0998e-02 -3.4904e+00 +3.1963e+00 +2.0973e+00 +2.3438e+00 -2.9404e+00 +1.8765e+00
43 +1.478323161e+02 +1.478323161e+02 +1.225823161e+02 +1.225823161e+02 +1.6392e-01 -5.0000e+00 +3.8529e-01 +9.4698e-01 +1.3122e+00 -5.0000e+00 -1.7706e+00 -1.7018e+00 +1.2511e-01 -3.0939e+00 +5.0000e+00 -2.5928e-01 -3.5450e+00 -7.1321e-01 -2.4108e+00 +1.0729e+00 +2.9354e+00 +2.9152e-01 +1.2512e+00 +2.8225e+00
79 +9.256248884e+01 +9.256248884e+01 +6.731248884e+01 +6.731248884e+01 +3.0608e-01 -2.4329e+00 -8.0699e-01 -3.9662e+00 +3.9212e+00 +6.1146e-01 -3.0894e+00 -3.5121e+00 +3.2972e-01 -1.7908e+00 -8.3083e-01 +5.0000e+00 -4.6826e-02 -9.6404e-01 +2.8971e+00 -5.7490e-01 +2.0602e+00 +2.3929e-01 +2.8768e+00 -4.4183e+00
238 +5.765431894e+01 +5.765431894e+01 +3.240431894e+01 +3.240431894e+01 +6.5117e+00 -1.1938e+00 +1.7183e-01 -9.9221e-01 +3.0479e+00 -4.3156e-01 -1.4972e-01 -4.3054e-01 +3.1124e+00 -2.9914e+00 -7.3021e-01 +1.6693e+00 -3.8571e-01 +1.7797e+00 +1.6994e+00 +1.2482e+00 -3.5533e-01 +1.3587e+00 +9.4435e-01 -2.9464e+00
1505 +3.163724266e+01 +3.163724266e+01 +6.387242664e+00 +6.387242664e+00 +5.0000e+00 -5.2823e-01 -1.3943e+00 -2.4732e+00 +5.0000e+00 +1.0074e+00 -1.6053e-01 -3.1317e-01 +1.5266e+00 -4.7769e-01 +2.3475e+00 +5.0951e-02 -1.2198e+00 +1.5765e+00 +7.1552e-01 +8.6356e-01 -1.7161e+00 -2.1541e+00 +5.9416e-01 +3.4113e-01
2893 +2.145314340e+01 +2.145314340e+01 -3.796856596e+00 -3.796856596e+00 +5.0000e+00 +3.6148e-01 -1.5421e+00 -1.3594e+00 +5.0000e+00 -2.0986e-01 -1.4322e+00 -8.7801e-01 +1.2260e+00 -1.1100e+00 +1.5675e+00 +1.3472e+00 -1.3729e+00 +1.2919e+00 +2.2662e+00 +3.2860e-01 +1.6174e+00 -1.7403e+00 -9.9512e-01 -7.6668e-01
3206 +1.376798938e+01 +1.376798938e+01 -1.148201062e+01 -1.148201062e+01 +5.0000e+00 +1.0520e+00 -1.8341e+00 -1.0852e+00 +5.0000e+00 +3.3845e-02 -2.2585e+00 -4.2590e-01 +6.2185e-01 -1.6598e+00 +1.6171e+00 +1.0134e+00 -2.4468e+00 +9.5061e-01 +1.8430e+00 +1.2542e-01 -7.8088e-01 -1.8518e+00 -9.3103e-01 -1.1642e+00
3474 +9.464668505e+00 +9.464668505e+00 -1.578533150e+01 -1.578533150e+01 +5.0000e+00 +7.5843e-01 -9.4516e-01 -9.9415e-01 +5.0000e+00 +8.6744e-01 -2.0646e+00 -1.3868e+00 +1.3318e+00 -2.4271e+00 +2.0905e+00 +7.2129e-01 -2.5189e+00 +2.7603e-01 +2.4231e+00 +7.8903e-01 +5.7001e-02 -1.8451e+00 +5.8433e-01 -1.1006e+00
3826 +6.255905445e+00 +6.255905445e+00 -1.899409456e+01 -1.899409456e+01 +5.0000e+00 +4.4360e-01 -1.2608e+00 -2.3962e+00 +5.0000e+00 +4.0399e-01 -2.2712e+00 -1.7956e+00 +9.2230e-01 -2.9036e+00 +2.1479e+00 +7.6136e-01 -2.9336e+00 +8.1583e-02 +2.2795e+00 +5.5865e-01 -6.4432e-01 -1.2717e+00 -8.5059e-03 -1.3760e+00
% function evaluation | noise-free fitness - Fopt (-2.017200000000e+02) | best noise-free fitness - Fopt | measured fitness | best measured fitness | x1 | x2...
1 +2.490142027e+02 +2.490142027e+02 +4.729420271e+01 +4.729420271e+01 -3.4888e+00 +1.6315e+00 -4.5726e+00 -9.2633e-01 -1.3806e+00 -2.3544e+00 -3.8323e+00 -3.2457e+00 -1.9539e+00 -8.7409e-01 -1.4902e+00 +6.2610e-01 +3.4103e+00 -2.7737e+00 -2.3530e+00 -1.4997e+00 -2.3321e+00 +1.2513e+00 +2.4550e+00 -1.6278e+00
5 +1.395436476e+02 +1.395436476e+02 -6.217635236e+01 -6.217635236e+01 -2.8850e+00 -1.0133e-01 -1.3024e+00 +3.6552e+00 -1.4428e+00 -1.6042e+00 -2.2984e+00 +1.0057e+00 +8.9189e-01 -1.8533e+00 -1.9913e-01 -4.2267e+00 +4.0438e+00 +2.5661e+00 -1.5607e+00 -1.4692e+00 +2.6835e+00 -5.1667e-01 -4.5877e+00 -1.7488e+00
90 +9.827259401e+01 +9.827259401e+01 -1.034474060e+02 -1.034474060e+02 -2.3574e+00 -1.4483e+00 -6.0735e-01 +3.8046e+00 -1.8743e+00 -1.0156e+00 +5.0856e-01 +2.3943e+00 +1.9023e+00 -1.5120e+00 +4.1063e+00 -1.9133e+00 -4.5127e+00 -3.5566e-04 -6.7200e-01 -2.0953e+00 -3.2698e-01 -2.9622e+00 -7.3743e+00 +1.5298e+00
257 +5.762695974e+01 +5.762695974e+01 -1.440930403e+02 -1.440930403e+02 -3.3315e+00 -1.4827e+00 -1.7304e+00 +4.7244e+00 +5.6757e-01 +1.4268e+00 -1.7796e+00 +4.9512e+00 +3.1538e+00 -2.8408e+00 +5.2025e+00 -4.1809e-01 -5.2020e-02 -6.1883e-01 -7.2006e-01 +1.9964e+00 +8.6104e-01 -4.4195e-01 -4.9280e+00 -5.6875e+00
1894 +3.621530566e+01 +3.621530566e+01 -1.655046943e+02 -1.655046943e+02 -8.5503e-01 -5.0000e+00 -1.5864e+00 +4.0983e+00 +7.5160e-01 -1.7737e+00 -2.2652e+00 +1.1111e+00 -1.1695e+00 -2.0600e+00 +2.6835e+00 -1.3033e+00 -5.0000e+00 -5.4213e-01 -2.0350e+00 +9.7702e-01 +1.2366e+00 +9.2800e-01 -4.3694e+00 -4.7662e+00
2960 +2.436639909e+01 +2.436639909e+01 -1.773536009e+02 -1.773536009e+02 -1.8733e+00 -3.3872e+00 -2.0746e+00 +2.6645e+00 +3.3897e+00 +7.0347e-01 -1.0509e+00 +9.8599e-01 -3.7394e-01 -3.0145e+00 +2.7879e+00 +2.8507e-01 -4.2242e+00 +1.3677e+00 -2.8103e+00 +1.5125e+00 +1.4142e+00 +1.4821e+00 -1.3707e+00 -2.8879e+00
3371 +1.540874337e+01 +1.540874337e+01 -1.863112566e+02 -1.863112566e+02 -2.2018e+00 -3.3408e+00 -2.8826e+00 +2.1881e+00 +2.7399e+00 +2.1843e+00 -2.9479e+00 +2.9074e+00 -6.9367e-01 -3.1703e+00 +2.3477e+00 +1.2096e+00 -3.3623e+00 +2.6817e-01 -2.7583e+00 +8.5475e-01 +1.5868e-01 +1.2651e-01 -2.5441e+00 -2.3924e+00
3690 +9.867405144e+00 +9.867405144e+00 -1.918525949e+02 -1.918525949e+02 -1.9425e+00 -3.0509e+00 -9.2933e-01 +1.2913e+00 +7.5792e-01 +9.4085e-01 -2.9072e+00 +3.1728e+00 -8.5123e-03 -2.0608e+00 +2.9927e+00 +1.7569e+00 -3.1222e+00 -6.1563e-01 -2.7620e+00 +3.6874e-01 -4.8194e-02 +5.7683e-01 -3.3174e+00 -2.3868e+00
3802 +6.090890568e+00 +6.090890568e+00 -1.956291094e+02 -1.956291094e+02 -2.3751e+00 -2.7340e+00 -8.3435e-01 +2.7306e+00 +1.2317e+00 +7.2906e-01 -2.3019e+00 +2.9383e+00 +1.5816e-01 -2.0574e+00 +2.4355e+00 +2.8471e-02 -3.0578e+00 -1.2545e-01 -2.8569e+00 +3.1807e-01 +4.3817e-01 +5.0233e-01 -3.7977e+00 -2.1932e+00
4043 +3.741082501e+00 +3.741082501e+00 -1.979789175e+02 -1.979789175e+02 -2.3344e+00 -3.2437e+00 -1.1626e+00 +2.7516e+00 +1.6494e+00 +3.7871e-01 -2.4462e+00 +2.8991e+00 +5.6845e-01 -2.5920e+00 +3.2830e+00 -4.4932e-01 -2.8240e+00 -4.4127e-01 -2.7336e+00 +3.6644e-01 +5.1642e-01 +6.2837e-01 -3.3564e+00 -2.2998e+00
4224 +2.450792413e+00 +2.450792413e+00 -1.992692076e+02 -1.992692076e+02 -2.3111e+00 -2.9742e+00 -8.2188e-01 +2.2357e+00 +1.8680e+00 +4.4195e-01 -2.4441e+00 +3.4271e+00 +1.9684e-01 -2.2781e+00 +3.0221e+00 +4.0849e-02 -2.9378e+00 -4.8074e-01 -2.4015e+00 +1.2218e+00 +2.6015e-01 +9.6625e-01 -3.5259e+00 -2.3266e+00
4495 +1.577590964e+00 +1.577590964e+00 -2.001424090e+02 -2.001424090e+02 -2.2879e+00 -2.7638e+00 -4.5584e-01 +2.4159e+00 +1.9709e+00 +4.9650e-01 -2.6758e+00 +3.5299e+00 -1.2095e-01 -2.8005e+00 +3.5220e+00 -9.7734e-02 -2.8612e+00 -3.7282e-01 -2.3324e+00 +1.0538e+00 +4.9412e-01 +5.8073e-01 -3.5788e+00 -2.3978e+00
4833 +9.527785548e-01 +9.527785548e-01 -2.007672214e+02 -2.007672214e+02 -2.2457e+00 -2.8168e+00 -9.6548e-01 +2.2840e+00 +1.8830e+00 +4.2634e-01 -2.6182e+00 +3.4442e+00 -3.6003e-02 -3.0418e+00 +3.5409e+00 +1.3889e-01 -3.0550e+00 -4.9736e-01 -2.2524e+00 +1.0829e+00 +5.1523e-01 +6.9652e-01 -3.5644e+00 -2.1627e+00
% function evaluation | noise-free fitness - Fopt (-1.000000000000e+03) | best noise-free fitness - Fopt | measured fitness | best measured fitness | x1 | x2...
1 +1.914162662e+02 +1.914162662e+02 -8.085837338e+02 -8.085837338e+02 +3.3431e+00 -1.4841e+00 -2.0735e+00 -1.6420e+00 +3.0655e+00 -2.0567e-01 -1.8849e+00 -1.4983e+00 +2.2822e+00 -9.0581e-01 +3.7092e+00 +5.1436e-02 -2.7428e+00 +2.1511e+00 -1.2555e+00 +2.0399e+00 +3.7687e-01 -2.1081e-01 -4.9518e-01 -3.3821e+00
7 +1.482412444e+02 +1.482412444e+02 -8.517587556e+02 -8.517587556e+02 -3.8156e-01 +2.4322e+00 +3.8316e+00 +2.4096e+00 +2.9057e+00 +3.5314e+00 +3.7044e+00 -4.4205e+00 +3.5570e+00 +3.2950e+00 -1.0942e+00 -4.8677e-01 +4.0270e+00 +2.0507e+00 +1.0144e+00 +2.8276e+00 -3.5295e-01 -3.7093e+00 +3.7036e+00 +3.9245e+00
100 +9.685374873e+01 +9.685374873e+01 -9.031462513e+02 -9.031462513e+02 -1.1471e+00 -8.7449e-01 -2.7805e-01 -2.3883e-01 +3.0013e+00 -4.3443e+00 +5.4814e-01 -1.0466e+00 +2.1350e+00 +8.1283e-01 -7.8409e-01 -1.9390e+00 +1.8441e-01 +1.1587e+00 +1.2369e+00 +2.7972e+00 +4.2172e+00 +5.0396e-01 -1.6999e+00 -1.3714e-01
122 +5.214934195e+01 +5.214934195e+01 -9.478506580e+02 -9.478506580e+02 -3.0103e-02 +2.1409e+00 +1.4445e+00 +2.7364e+00 +9.4693e-01 -8.4043e-01 +4.6946e+00 -1.6641e+00 -1.7874e+00 +4.2940e+00 -1.0228e+00 -4.5354e+00 +7.9966e-01 -2.3102e+00 -4.0553e-01 +3.2282e+00 +1.8296e-01 -7.4457e-01 +7.7036e-01 +2.1520e+00
2878 +3.749951421e+01 +3.749951421e+01 -9.625004858e+02 -9.625004858e+02 +4.6224e-01 +3.3529e+00 +1.4873e+00 +6.6197e-01 +4.5137e+00 +8.7766e-01 +6.0885e-01 -3.1219e+00 -1.3738e+00 +3.7452e+00 -1.7245e+00 -5.0000e+00 +2.9932e-01 -2.3026e+00 +2.3989e+00 +2.2378e+00 +1.5025e+00 -2.5372e-01 +6.1270e-01 -1.2509e-01
3201 +2.479776996e+01 +2.479776996e+01 -9.752022300e+02 -9.752022300e+02 -2.0230e+00 +1.4487e+00 +4.2782e-01 -1.6267e-01 +4.0540e+00 -1.2925e+00 -5.8592e-01 -2.3523e+00 -3.9053e+00 +4.2154e+00 -1.1223e+00 -5.0000e+00 -8.9923e-01 -2.2197e+00 +1.3180e+00 +3.3992e+00 +1.7154e+00 +1.4549e+00 +1.1569e+00 +1.4950e+00
3443 +1.522556442e+01 +1.522556442e+01 -9.847744356e+02 -9.847744356e+02 -9.0248e-01 +8.5824e-01 -8.7444e-02 +9.8528e-01 +3.5096e+00 -1.3244e-01 +1.4119e+00 -1.6421e+00 -2.8815e+00 +5.0000e+00 -8.6115e-01 -5.0000e+00 +1.0717e+00 +4.9522e-01 +2.6954e+00 +3.0983e+00 +1.9946e+00 -2.4921e-02 +2.0432e+00 +3.5958e+00
3913 +9.704420093e+00 +9.704420093e+00 -9.902955799e+02 -9.902955799e+02 -1.0887e+00 +3.5089e-01 -8.6032e-02 +9.5559e-01 +3.3431e+00 +3.5539e-01 +5.4579e-01 -3.9290e+00 -3.4632e+00 +5.0000e+00 -9.1570e-01 -4.9816e+00 +1.0952e+00 +3.9178e-01 +5.4629e-01 +2.9712e+00 +9.6603e-01 +4.5376e-02 +1.6546e+00 +3.4259e+00
4306 +5.956503867e+00 +5.956503867e+00 -9.940434961e+02 -9.940434961e+02 -4.8001e-01 -1.6275e-01 +3.6375e-01 +4.4898e-01 +3.6649e+00 -7.4138e-01 +7.6956e-01 -4.1688e+00 -3.9554e+00 +5.0000e+00 -7.9091e-01 -4.9968e+00 +1.1353e+00 -3.0653e-01 +1.4043e+00 +3.0405e+00 +8.9014e-01 -7.7983e-01 +1.1677e+00 +3.0066e+00
% function evaluation | noise-free fitness - Fopt (-4.290000000000e+01) | best noise-free fitness - Fopt | measured fitness | best measured fitness | x1 | x2...
1 +2.155443400e+02 +2.155443400e+02 +1.726443400e+02 +1.726443400e+02 +3.5264e+00 +1.0591e+00 +1.8868e+00 -3.4670e+00 -3.0000e+00 +1.6518e+00 +3.6069e+00 +3.1855e+00 -3.3119e+00 -7.7083e-01 +2.5315e+00 -3.6142e+00 -2.1870e+00 +4.1852e+00 +3.2994e+00 +3.3800e-01 +3.8698e+00 -2.8478e+00 -1.7062e+00 +3.5214e-01
24 +1.414090594e+02 +1.414090594e+02 +9.850905941e+01 +9.850905941e+01 +1.4639e+00 +3.1397e+00 +2.0232e+00 +1.1058e-01 -1.7965e+00 +2.6440e+00 -2.2071e+00 -2.7822e+00 +2.7565e+00 -4.9478e+00 +1.9232e-01 +1.4888e+00 +4.6453e+00 -5.8208e-01 -4.2917e+00 -4.4210e-01 +4.0928e-01 -4.9490e+00 +4.1312e+00 +3.5923e+00
82 +8.255720511e+01 +8.255720511e+01 +3.965720511e+01 +3.965720511e+01 +5.0000e+00 +2.3135e+00 +5.0000e+00 -3.1408e+00 -3.5009e+00 -5.0000e+00 +0.0000e+00 -3.4886e+00 +1.2967e+00 +0.0000e+00 +2.4428e+00 -2.8271e+00 +0.0000e+00 -2.8736e+00 +1.7791e+00 -1.2286e+00 +5.7810e-01 +0.0000e+00 +4.3125e+00 -1.9666e+00
212 +5.570681729e+01 +5.570681729e+01 +1.280681729e+01 +1.280681729e+01 +4.1292e+00 +1.4154e+00 +4.6759e+00 -1.5365e+00 -2.4124e+00 +1.3447e+00 +1.8878e+00 -3.6730e-01 -1.1554e+00 -4.0635e+00 +2.8149e+00 +5.2208e-01 +2.0624e+00 -5.0000e+00 +1.4651e+00 -1.5634e-01 +4.2439e-01 -2.0492e+00 +5.0000e+00 +3.5873e+00
2575 +3.764805559e+01 +3.764805559e+01 -5.251944409e+00 -5.251944409e+00 +1.6360e+00 +2.0630e+00 +4.1423e+00 +3.5197e-01 +1.2493e+00 -1.8533e+00 +1.1764e+00 -3.6197e-01 +1.6196e+00 -3.4363e+00 +3.2432e+00 -1.0134e+00 -1.5965e+00 -4.0298e+00 +2.0388e+00 +5.6762e-01 +2.6112e-01 -2.6775e+00 +5.2103e+00 +2.7260e+00
3245 +2.454320141e+01 +2.454320141e+01 -1.835679859e+01 -1.835679859e+01 +3.5146e+00 +6.8533e-01 +5.0000e+00 -2.8272e+00 -3.2963e+00 -2.8696e+00 +1.0313e+00 -8.3218e-01 +3.1909e+00 -2.2397e+00 +3.8266e+00 -3.1779e+00 +2.3550e+00 -4.2877e+00 -4.4108e-01 -7.3483e-01 -6.0160e-01 -2.9442e+00 +3.1065e+00 +2.1205e+00
3518 +1.386988315e+01 +1.386988315e+01 -2.903011685e+01 -2.903011685e+01 +2.2074e+00 +6.4140e-01 +4.5436e+00 -1.5515e+00 -2.5172e+00 -9.9813e-01 +9.9231e-01 -1.7195e-01 +3.3789e+00 -3.1172e+00 +4.0416e+00 -2.5131e+00 +2.1448e+00 -4.1047e+00 -5.4822e-02 -2.2383e+00 -1.4316e+00 -1.7176e+00 +1.8186e+00 +2.0580e+00
3743 +9.994505142e+00 +9.994505142e+00 -3.290549486e+01 -3.290549486e+01 +1.5818e+00 +1.5431e+00 +4.7526e+00 -1.5929e+00 -1.6185e+00 -9.0938e-01 +2.8589e-01 -2.8540e-01 +3.6274e+00 -4.4066e+00 +4.7735e+00 -3.4289e+00 +1.2156e-01 -3.5915e+00 +5.5206e-01 -2.5240e+00 -8.1176e-01 -1.2648e+00 +2.8388e+00 +2.3120e+00
4002 +6.033665652e+00 +6.033665652e+00 -3.686633435e+01 -3.686633435e+01 +2.3495e+00 +2.4542e+00 +5.0000e+00 -1.7326e+00 -1.9176e+00 -1.2866e+00 +2.4674e-01 -1.0040e+00 +3.5023e+00 -3.4943e+00 +4.4308e+00 -1.7431e+00 -8.5613e-03 -3.2042e+00 +6.7596e-01 -1.6448e+00 -9.0831e-01 -2.5902e+00 +2.9688e+00 +3.0070e+00
4172 +3.638627127e+00 +3.638627127e+00 -3.926137287e+01 -3.926137287e+01 +2.1470e+00 +2.5197e+00 +4.9530e+00 -8.8230e-01 -2.8463e+00 -1.5011e+00 +3.9698e-01 -7.5561e-01 +2.6450e+00 -2.9184e+00 +3.6568e+00 -2.5858e+00 +2.4707e-01 -3.3958e+00 +5.6878e-01 -1.5646e+00 -1.1980e+00 -2.1324e+00 +3.6161e+00 +2.3452e+00
4488 +2.401287305e+00 +2.401287305e+00 -4.049871270e+01 -4.049871270e+01 +2.8911e+00 +2.6038e+00 +4.8602e+00 -1.0647e+00 -2.7344e+00 -1.3256e+00 +3.2724e-01 -1.1543e-01 +2.5864e+00 -2.9545e+00 +3.9233e+00 -2.0060e+00 -2.8737e-02 -3.3083e+00 +4.5406e-01 -1.8660e+00 -1.1060e+00 -1.8941e+00 +3.4924e+00 +2.4468e+00
4571 +1.536805005e+00 +1.536805005e+00 -4.136319499e+01 -4.136319499e+01 +2.5365e+00 +2.6410e+00 +4.7239e+00 -9.3388e-01 -2.8662e+00 -1.5502e+00 +2.2253e-01 -6.0624e-02 +2.6390e+00 -3.6165e+00 +4.1101e+00 -1.9699e+00 +3.7484e-03 -3.4072e+00 +4.1618e-01 -1.6714e+00 -8.4206e-01 -1.9596e+00 +3.4116e+00 +2.5869e+00
4704 +8.002463027e-01 +8.002463027e-01 -4.209975370e+01 -4.209975370e+01 +2.7522e+00 +2.5856e+00 +4.1317e+00 -1.0636e+00 -2.8884e+00 -1.5910e+00 +3.2115e-01 -1.8775e-01 +2.8109e+00 -3.4221e+00 +4.1775e+00 -2.0882e+00 +1.6881e-03 -3.3763e+00 +4.1539e-01 -1.4888e+00 -7.6557e-01 -1.9093e+00 +3.3003e+00 +2.4170e+00
4753 +5.092124635e-01 +5.092124635e-01 -4.239078754e+01 -4.239078754e+01 +2.5993e+00 +2.5585e+00 +3.8972e+00 -9.5219e-01 -2.8521e+00 -1.8143e+00 +3.1544e-01 -1.1221e-01 +2.8758e+00 -3.5006e+00 +3.7563e+00 -2.0893e+00 -2.9850e-02 -3.3848e+00 +4.0624e-01 -1.3965e+00 -8.1794e-01 -1.8855e+00 +3.2002e+00 +2.4859e+00
% function evaluation | noise-free fitness - Fopt (-1.013200000000e+02) | best noise-free fitness - Fopt | measured fitness | best measured fitness | x1 | x2...
1 +2.810359606e+02 +2.810359606e+02 +1.797159606e+02 +1.797159606e+02 +3.5050e+00 -3.9584e+00 +3.4239e+00 -3.8298e+00 -1.5081e+00 -3.3835e+00 -1.7731e+00 -4.2066e+00 +3.2723e+00 -4.8938e+00 -3.1496e+00 -3.8271e+00 -2.7488e+00 -2.0490e+00 -2.6371e+00 +9.7471e-01 +1.1571e+00 -3.0655e+00 -2.6760e+00 -8.7878e-01
3 +2.294440756e+02 +2.294440756e+02 +1.281240756e+02 +1.281240756e+02 +3.3948e+00 -4.9123e+00 +2.9912e+00 -1.5291e+00 -4.7835e+00 -1.5849e+00 +3.3921e+00 +1.6446e+00 +1.3230e-01 -3.4914e+00 -3.5182e+00 -1.5258e+00 +2.0227e+00 +4.5613e+00 -1.0528e+00 -4.3702e+00 -3.4516e+00 +3.5736e+00 +6.3634e-01 -4.7613e+00
5 +1.386867109e+02 +1.386867109e+02 +3.736671088e+01 +3.736671088e+01 +4.9926e+00 +1.0255e+00 +1.1787e+00 -1.2930e+00 -1.8567e+00 -1.0389e-01 +2.1608e+00 +1.1004e+00 +5.5678e-01 -5.0207e-01 -3.5528e+00 -3.3336e+00 +2.6567e+00 -2.4635e-01 +5.2625e-01 +1.1690e+00 -2.7118e-01 -3.0331e+00 +1.7530e+00 +2.9736e-01
86 +8.742071410e+01 +8.742071410e+01 -1.389928590e+01 -1.389928590e+01 +1.1913e+00 +2.6203e+00 -6.9588e-01 -1.5178e+00 +1.2735e-01 +6.8087e-01 +2.6722e+00 +2.4448e+00 -3.2041e+00 +4.7509e+00 +5.1317e-01 -1.7874e+00 -2.4225e+00 +9.3480e-01 -9.6103e-01 -2.1926e+00 -8.5592e-01 -4.0384e+00 -2.4639e-01 +1.3099e+00
219 +4.025769346e+01 +4.025769346e+01 -6.106230654e+01 -6.106230654e+01 +2.6203e+00 +2.0463e-01 +2.0579e-01 -3.8588e+00 -3.7116e+00 -1.8830e+00 +4.8130e+00 -2.7999e+00 -1.6947e+00 +1.2495e+00 +1.9690e-01 -1.9769e+00 -1.7819e+00 +8.2724e-01 -2.2389e+00 -3.4130e+00 -2.6489e+00 -1.5538e-01 -1.1538e+00 +1.8829e+00
2034 +3.473212861e+01 +3.473212861e+01 -6.658787139e+01 -6.658787139e+01 +3.3360e+00 +9.5567e-01 +1.3409e+00 -4.3799e+00 -4.9795e+00 -1.2791e+00 +4.4537e+00 -1.8775e+00 -1.7162e+00 +2.9053e+00 +1.6902e+00 -2.2849e+00 -1.3713e+00 +1.3557e+00 -6.1337e-01 -4.5855e+00 -3.5472e+00 +8.4326e-01 -8.7710e-01 +1.8361e+00
2972 +2.469536862e+01 +2.469536862e+01 -7.662463138e+01 -7.662463138e+01 +2.4622e+00 +7.8725e-01 +2.3933e+00 -5.0000e+00 -4.3340e+00 -1.9180e+00 +5.0000e+00 -1.2517e+00 -3.0641e+00 +2.0577e+00 +1.4971e+00 -5.0000e+00 -1.7997e-01 +4.1779e+00 +8.7926e-01 -2.1868e+00 -4.4148e+00 -5.0777e-01 -7.5406e-01 +5.5465e-01
3713 +1.483297061e+01 +1.483297061e+01 -8.648702939e+01 -8.648702939e+01 +1.2205e+00 +2.7958e+00 +2.7296e+00 -3.6788e+00 -2.3126e+00 -1.0807e+00 +5.0000e+00 -3.0940e+00 -3.6806e+00 +2.7529e+00 +1.3078e+00 -5.0000e+00 -3.8723e-01 +3.3433e+00 +1.0240e+00 -2.2335e+00 -4.3616e+00 -9.8358e-01 -2.2235e+00 +4.7242e-01
4509 +9.996858324e+00 +9.996858324e+00 -9.132314168e+01 -9.132314168e+01 +1.9223e+00 +2.5885e+00 +1.7632e+00 -3.0824e+00 -3.1703e+00 -1.4282e+00 +5.0000e+00 -2.7834e+00 -3.0065e+00 +2.2461e+00 +8.2827e-01 -5.0000e+00 -5.5897e-01 +3.4257e+00 +5.9152e-01 -2.0151e+00 -3.8610e+00 -1.2384e+00 -1.1730e+00 +8.9256e-01
% function evaluation | noise-free fitness - Fopt (3.650000000000e+00) | best noise-free fitness - Fopt | measured fitness | best measured fitness | x1 | x2...
1 +2.782802672e+02 +2.782802672e+02 +2.819302672e+02 +2.819302672e+02 +1.5232e-01 +3.8276e+00 +1.2278e+00 -7.4478e-01 -7.4971e-01 +1.6718e+00 -4.8976e+00 +4.8913e+00 +1.6421e+00 -3.3798e-01 -4.8697e+00 -6.1210e-02 +3.3032e+00 +5.2236e-01 -4.8694e+00 +1.1518e+00 +3.4741e+00 +1.3905e-01 +8.0837e-01 +3.6952e+00
4 +2.346618697e+02 +2.346618697e+02 +2.383118697e+02 +2.383118697e+02 +2.8243e+00 -1.5401e+00 +1.2832e+00 -4.5337e+00 -4.8243e-01 -4.7394e+00 -1.5419e+00 +4.2424e+00 +1.0744e+00 +3.4010e+00 +2.1146e+00 -2.1082e+00 +3.5140e+00 +6.7225e-01 -9.1211e-02 -2.4382e+00 +1.2684e+00 -2.4072e+00 +2.0982e+00 +3.5448e+00
18 +1.068929587e+02 +1.068929587e+02 +1.105429587e+02 +1.105429587e+02 -1.7148e+00 -2.6479e+00 -2.1483e+00 +1.8346e+00 -3.3798e+00 -3.8717e+00 -1.9056e+00 -7.0852e-01 -8.2102e-01 -1.0036e+00 -4.4779e+00 +4.3889e+00 +1.8333e+00 -3.2357e+00 -1.2868e-01 -1.9468e-01 +2.4565e+00 -3.8467e+00 +6.1992e-01 +2.7774e+00
46 +5.918434756e+01 +5.918434756e+01 +6.283434756e+01 +6.283434756e+01 -2.7880e-01 -2.1661e+00 +5.9989e-01 +2.4746e+00 -3.1863e+00 -3.4848e+00 +1.5789e+00 -1.0859e+00 -2.5458e+00 -2.8531e+00 -8.8515e-01 +3.4195e+00 -1.3974e+00 +6.2824e+00 +7.6367e-02 +2.8704e+00 +1.9680e-01 -3.5483e+00 -1.7795e+00 +4.7659e+00
3438 +3.737787549e+01 +3.737787549e+01 +4.102787549e+01 +4.102787549e+01 +1.6221e+00 -1.9849e+00 +1.1664e+00 +2.8076e+00 -1.6974e+00 -2.6711e+00 +8.1857e-01 +4.2694e+00 -3.4857e+00 -1.6685e+00 +3.9302e+00 +4.6562e+00 -1.3851e+00 -4.0151e-01 -8.5359e-02 +1.6871e+00 +1.0337e+00 -3.1832e+00 -8.1013e-01 +4.3520e+00
3492 +2.442469079e+01 +2.442469079e+01 +2.807469079e+01 +2.807469079e+01 +1.7749e+00 -1.4350e+00 +4.3655e-02 +2.3148e+00 -1.6979e+00 -3.6191e+00 +7.2337e-01 +1.3282e+00 -3.2466e+00 -1.5643e+00 +2.4982e+00 +4.9039e+00 -1.0902e+00 +2.1059e-01 +3.1185e-02 -1.2009e-02 +2.4029e-01 -3.5200e+00 -1.2084e-01 +4.9802e+00
3972 +1.556673432e+01 +1.556673432e+01 +1.921673432e+01 +1.921673432e+01 +5.9919e-01 -3.6226e+00 -5.4410e-01 +2.7180e+00 -2.5557e+00 -3.4767e+00 +1.1859e+00 +8.7716e-01 -5.0000e+00 -1.2315e+00 +1.0269e+00 +4.0167e+00 -4.2684e-02 +2.4175e-01 +8.3924e-01 +2.2931e+00 +2.0007e+00 -3.8197e+00 +1.5482e+00 +2.7883e+00
4227 +9.964869521e+00 +9.964869521e+00 +1.361486952e+01 +1.361486952e+01 -7.0018e-01 -1.2825e+00 -6.6510e-01 +3.1375e+00 -3.2331e+00 -3.7332e+00 +1.2431e+00 +5.4101e-01 -5.0000e+00 -1.7146e+00 +1.1338e+00 +2.9653e+00 -2.8754e-01 -9.9993e-02 -1.8649e+00 +2.3089e+00 +6.3522e-02 -3.6101e+00 +1.3987e+00 +2.9746e+00
4452 +6.210667090e+00 +6.210667090e+00 +9.860667090e+00 +9.860667090e+00 +4.2223e-01 -2.2198e+00 -3.5707e-01 +2.9291e+00 -3.2493e+00 -3.4564e+00 +1.6493e+00 +1.9312e-01 -5.0000e+00 -1.6841e+00 +1.0784e+00 +3.1380e+00 -6.3995e-01 -8.0930e-02 -1.2871e+00 +2.1657e+00 +1.0680e-01 -3.5359e+00 +6.7622e-01 +3.0216e+00
4672 +3.946383169e+00 +3.946383169e+00 +7.596383169e+00 +7.596383169e+00 +7.6959e-01 -2.2741e+00 +6.0982e-01 +3.4320e+00 -3.1041e+00 -3.2844e+00 +2.4154e+00 +1.8466e-02 -5.0000e+00 -1.7094e+00 +1.0031e+00 +3.3496e+00 -2.3040e-01 +1.6484e-01 -1.3404e+00 +2.3040e+00 +2.2525e-01 -3.6484e+00 +1.4857e-01 +2.9928e+00
4908 +2.264935939e+00 +2.264935939e+00 +5.914935939e+00 +5.914935939e+00 +2.1087e-01 -2.0834e+00 +5.3796e-01 +3.4691e+00 -2.4119e+00 -3.2982e+00 +2.0801e+00 +3.8428e-01 -5.0000e+00 -1.7470e+00 +1.3294e+00 +3.4285e+00 -1.7255e-01 +2.4883e-01 -1.4561e+00 +2.3590e+00 +3.0885e-01 -3.9483e+00 +6.2786e-01 +3.0489e+00
% function evaluation | noise-free fitness - Fopt (2.205300000000e+02) | best noise-free fitness - Fopt | measured fitness | best measured fitness | x1 | x2...
1 +2.910164361e+02 +2.910164361e+02 +5.115464361e+02 +5.115464361e+02 -9.1386e-01 -4.9006e+00 -3.3702e+00 -2.3665e+00 -7.3366e-01 +4.5431e+00 -4.0276e+00 -1.4896e+00 -3.0667e+00 +6.2499e-01 +4.2513e+00 +4.0118e+00 -1.7277e+00 +8.3699e-02 +2.9220e+00 -4.1225e+00 -1.1652e+00 -3.7742e+00 +2.9154e+00 -2.0412e+00
5 +2.073116009e+02 +2.073116009e+02 +4.278416009e+02 +4.278416009e+02 +4.9969e+00 +1.9494e+00 +4.9048e+00 +4.1631e+00 +9.1256e-01 -4.4756e+00 -4.9963e+00 +3.1938e-01 +1.7224e-01 +1.1085e+00 +1.5786e+00 +3.8240e+00 +1.9593e+00 +2.3550e+00 +2.9713e+00 -2.6388e+00 -3.7902e+00 -1.1288e+00 -1.8613e+00 +9.2498e-01
18 +1.536956281e+02 +1.536956281e+02 +3.742256281e+02 +3.742256281e+02 +3.9928e+00 -4.2279e+00 +4.5540e+00 -1.2606e+00 +1.8126e+00 +1.1729e+00 +1.6979e+00 +1.7766e+00 -2.7990e+00 +4.3593e+00 +3.0487e+00 +2.7683e+00 -3.0519e+00 +1.3101e+00 -3.4927e+00 -4.3479e+00 +2.6912e+00 +1.4330e+00 -2.1275e+00 -1.5732e+00
134 +8.161638932e+01 +8.161638932e+01 +3.021463893e+02 +3.021463893e+02 +1.1037e+00 -4.6353e+00 -1.3336e-01 +9.1648e-01 +3.2102e+00 +9.8049e-01 -1.2013e+00 +4.5711e+00 -2.5473e+00 +3.6847e+00 +2.6424e+00 +9.4391e-01 -1.7634e+00 +1.8021e+00 -4.6858e-01 -2.9763e+00 +2.2060e+00 -1.8906e+00 +1.7894e+00 +2.1165e+00
207 +5.993486924e+01 +5.993486924e+01 +2.804648692e+02 +2.804648692e+02 +2.2912e-01 -1.4596e+00 +1.9758e+00 -6.5698e-01 +1.9648e-01 -1.4051e+00 +9.2093e-01 +1.6673e+00 +6.0180e-02 +2.2090e+00 -1.2588e+00 +2.1518e+00 -4.3860e+00 +2.4950e+00 -3.0292e+00 -1.1296e+00 +1.2328e+00 +3.9108e-01 +1.9551e+00 +2.5486e+00
2722 +3.614036784e+01 +3.614036784e+01 +2.566703678e+02 +2.566703678e+02 +2.6885e+00 -2.7934e+00 +1.0228e+00 -2.0349e-01 +2.8897e+00 -4.1019e+00 -1.2380e+00 +4.3207e-01 +1.5806e+00 +3.3371e+00 -8.2987e-01 +3.0470e+00 -1.8483e+00 -3.4166e-01 -1.7432e+00 -2.4769e+00 +8.9478e-02 +1.0997e+00 +1.0323e+00 +1.9272e+00
3354 +2.304317951e+01 +2.304317951e+01 +2.435731795e+02 +2.435731795e+02 +2.7216e+00 -2.7978e+00 +9.6446e-01 +1.5217e-01 +2.8915e+00 -4.3817e+00 -1.4015e+00 +8.5155e-01 +1.1545e+00 +2.2914e+00 -2.0911e+00 +1.6287e+00 -9.1252e-01 +3.4911e+00 -2.9869e+00 -2.5684e+00 +8.9038e-01 +1.3281e+00 +1.6239e+00 +2.3233e+00
3588 +1.414504966e+01 +1.414504966e+01 +2.346750497e+02 +2.346750497e+02 +3.2258e+00 -3.6990e+00 +7.1079e-01 +1.2036e+00 +2.7804e+00 -3.5602e+00 -2.2764e+00 +1.7720e+00 +1.4849e+00 +2.3894e+00 -2.0826e+00 +7.8054e-01 -3.4096e+00 +5.0000e+00 -1.7868e+00 -1.4823e+00 +4.6572e-02 +1.7044e+00 +1.9513e+00 +2.7722e+00
3729 +9.241588293e+00 +9.241588293e+00 +2.297715883e+02 +2.297715883e+02 +2.4500e+00 -3.8422e+00 +9.5566e-01 +4.8757e-01 +4.1326e+00 -2.7773e+00 -2.4982e+00 +3.7102e+00 +1.0636e+00 +2.4832e+00 -1.7575e+00 +1.3390e+00 -3.2364e+00 +5.0000e+00 -2.5582e+00 -1.2184e+00 -1.8085e-01 +1.9702e+00 +1.9765e+00 +2.4725e+00
4110 +6.216177939e+00 +6.216177939e+00 +2.267461779e+02 +2.267461779e+02 +2.6358e+00 -4.0022e+00 +1.0145e+00 +4.8700e-01 +3.8975e+00 -2.4932e+00 -3.4776e+00 +2.8078e+00 +5.3986e-01 +2.9385e+00 -1.5618e+00 +1.0931e+00 -3.0078e+00 +5.0000e+00 -3.1015e+00 -2.5876e+00 -6.3150e-01 +1.9273e+00 +1.7702e+00 +2.3920e+00
% function evaluation | noise-free fitness - Fopt (4.212900000000e+02) | best noise-free fitness - Fopt | measured fitness | best measured fitness | x1 | x2...
1 +3.001327548e+02 +3.001327548e+02 +7.214227548e+02 +7.214227548e+02 -4.4061e+00 -4.6470e-01 +9.4733e-01 -4.5799e-01 -1.3896e+00 +4.9095e+00 -3.9645e+00 +3.0572e+00 -4.8149e+00 +9.9260e-01 -2.5444e+00 +3.7625e+00 -6.4832e-01 +4.7796e+00 -3.9572e+00 +3.0260e+00 +4.5940e+00 +4.5687e+00 +3.5562e-01 -4.8000e+00
4 +2.430375801e+02 +2.430375801e+02 +6.643275801e+02 +6.643275801e+02 +1.7948e+00 +1.7624e+00 +2.8309e+00 +3.0540e+00 -2.7991e+00 -9.3627e-01 -3.3569e+00 +4.9132e+00 +4.5511e+00 -2.8226e+00 +4.6461e+00 -1.3343e+00 +3.3748e+00 +9.9128e-03 +1.4934e+00 -7.8472e-02 -4.7514e+00 -2.8434e+00 -4.8190e+00 +9.6033e-01
19 +1.574191693e+02 +1.574191693e+02 +5.787091693e+02 +5.787091693e+02 -4.6256e+00 +4.0949e+00 -1.1537e+00 -1.9024e+00 +4.0775e+00 +7.0976e-01 -4.3087e-01 -1.6115e+00 +8.8004e-01 +3.9350e-01 +4.5296e+00 +3.3104e+00 -3.6949e-01 -4.0880e+00 -1.2375e+00 +4.6172e-01 -3.3730e+00 -6.2359e-01 +2.9614e+00 -1.8753e+00
118 +7.688540207e+01 +7.688540207e+01 +4.981754021e+02 +4.981754021e+02 -1.5765e+00 +4.0024e+00 +3.2243e-01 -5.0000e+00 +1.5450e-01 +6.8318e-01 +2.5367e+00 +2.5303e+00 +5.0000e+00 -3.2165e+00 -1.2240e+00 +1.9997e+00 +1.0010e+00 +5.8725e-01 +5.0000e+00 +1.2916e+00 -2.1391e+00 -1.2192e+00 +3.9906e+00 +9.9230e-01
123 +4.378988243e+01 +4.378988243e+01 +4.650798824e+02 +4.650798824e+02 -2.7583e+00 +1.0982e+00 -5.0769e-01 -8.5528e-01 -1.7996e+00 +1.4956e+00 +2.2256e+00 +3.0229e+00 +2.7779e+00 -7.1030e-02 +8.0981e-01 -3.0824e+00 +1.3899e+00 -1.3715e+00 +2.9754e+00 +5.1936e+00 -1.3562e+00 +2.3622e+00 +1.8805e+00 +2.7458e+00
3006 +3.942274570e+01 +3.942274570e+01 +4.607127457e+02 +4.607127457e+02 -5.3663e+00 +2.5701e+00 +2.2074e+00 -2.5256e+00 +1.5036e+00 +2.2134e+00 -2.4610e+00 +3.4777e+00 +2.5165e+00 -4.6901e-01 -1.5628e+00 -1.3147e+00 -5.8667e-01 -4.4339e-01 +4.2421e+00 +5.9603e+00 -7.5140e-01 +6.1142e-01 +5.0008e+00 -2.9280e-01
3492 +2.468652787e+01 +2.468652787e+01 +4.459765279e+02 +4.459765279e+02 -4.7256e+00 +1.8902e+00 +1.7459e+00 -2.4245e+00 -5.4013e-02 +3.4176e+00 +2.0819e+00 +3.0053e+00 +1.9488e-01 -1.3896e+00 +3.2723e-01 -1.8373e+00 -1.4265e+00 +7.0685e-02 +3.4740e+00 +4.6815e+00 -7.6865e-01 +1.9797e+00 +4.8277e+00 -1.5585e-02
3867 +1.552975441e+01 +1.552975441e+01 +4.368197544e+02 +4.368197544e+02 -4.5005e+00 +1.8248e+00 +2.1835e+00 -3.1901e+00 -2.7174e-01 +2.2787e+00 +4.2519e-01 +3.6673e+00 +1.8437e+00 -2.5004e+00 +9.0402e-02 -1.4553e+00 -1.3265e+00 -2.5759e-02 +3.9199e+00 +4.5068e+00 -1.7032e+00 +9.5989e-01 +4.5857e+00 +2.9992e-01
4220 +9.503492740e+00 +9.503492740e+00 +4.307934927e+02 +4.307934927e+02 -4.4991e+00 +2.6013e+00 +1.7717e+00 -2.9134e+00 -1.1044e+00 +3.2092e+00 -2.1863e-01 +3.3750e+00 +1.6326e+00 -1.8349e+00 +6.6142e-01 -1.6541e+00 -4.1266e-01 -6.1209e-01 +3.5108e+00 +4.2540e+00 -1.3098e+00 +1.1596e+00 +4.3720e+00 +1.1582e+00
4416 +5.767518783e+00 +5.767518783e+00 +4.270575188e+02 +4.270575188e+02 -4.5599e+00 +2.5435e+00 +9.2268e-01 -2.7321e+00 -3.4950e-01 +2.4809e+00 +1.5728e-01 +2.8730e+00 +1.8102e+00 -1.9785e+00 +3.8221e-01 -1.3876e+00 +9.4630e-02 -1.6824e+00 +3.7821e+00 +3.9613e+00 -2.0870e+00 +1.2573e+00 +3.4025e+00 +1.3735e+00
4521 +3.851845659e+00 +3.851845659e+00 +4.251418457e+02 +4.251418457e+02 -4.5501e+00 +2.7254e+00 +9.6796e-01 -2.6527e+00 -6.9848e-01 +2.7611e+00 -1.5139e-01 +2.8621e+00 +1.1034e+00 -1.9955e+00 -5.4836e-02 -1.4733e+00 -5.7750e-01 -1.4932e+00 +3.6414e+00 +3.4881e+00 -2.0050e+00 +8.8082e-01 +3.3016e+00 +1.3639e+00
4601 +2.484915385e+00 +2.484915385e+00 +4.237749154e+02 +4.237749154e+02 -4.4662e+00 +2.9704e+00 +1.1029e+00 -2.6607e+00 -1.1721e+00 +2.7367e+00 -2.6820e-01 +2.8793e+00 +9.2827e-01 -2.0154e+00 +5.9222e-01 -1.5208e+00 -2.0061e-01 -1.3745e+00 +3.7583e+00 +3.5815e+00 -1.9028e+00 +8.0783e-01 +2.4322e+00 +1.2432e+00
4694 +1.488217749e+00 +1.488217749e+00 +4.227782177e+02 +4.227782177e+02 -4.4796e+00 +3.0227e+00 +9.9873e-01 -2.6853e+00 -5.4065e-01 +3.0530e+00 -2.9170e-01 +2.7257e+00 +1.0638e+00 -2.2239e+00 +6.9522e-01 -1.6387e+00 -9.0913e-01 -1.4596e+00 +3.6427e+00 +3.5978e+00 -2.0376e+00 +8.8407e-01 +1.7280e+00 +1.1770e+00
4837 +9.299899607e-01 +9.299899607e-01 +4.222199900e+02 +4.222199900e+02 -4.4094e+00 +3.2257e+00 +9.1124e-01 -2.7568e+00 -5.2291e-01 +3.1093e+00 -1.5384e-01 +2.5775e+00 +1.1794e+00 -2.0840e+00 +4.5564e-01 -1.3371e+00 -8.9630e-01 -1.2238e+00 +3.6940e+00 +3.5727e+00 -1.9396e+00 +9.4396e-01 +2.0017e+00 +1.1094e+00
% function evaluation | noise-free fitness - Fopt (-7.900000000000e+01) | best noise-free fitness - Fopt | measured fitness | best measured fitness | x1 | x2...
1 +2.338268657e+02 +2.338268657e+02 +1.548268657e+02 +1.548268657e+02 -1.0397e+00 -2.6800e-01 -1.4555e+00 -3.3560e+00 +4.7774e+00 +1.0376e+00 +4.4041e+00 +1.0454e+00 +1.1541e+00 -3.9324e+00 +2.3532e+00 -3.9057e-01 +1.1794e+00 -2.4690e+00 -3.4864e+00 -2.8384e+00 +4.3385e+00 +2.2951e+00 -2.8242e+00 +3.7331e+00
21 +1.422411213e+02 +1.422411213e+02 +6.324112133e+01 +6.324112133e+01 -4.8788e-01 -4.3620e-01 -3.8735e+00 +4.0342e+00 -4.3143e+00 -1.9866e-01 +1.8829e+00 +2.1106e+00 +1.2704e+00 -1.0885e-01 +3.2940e+00 -2.7063e+00 +2.6171e+00 -3.2913e+00 -3.9075e+00 +3.0782e+00 -3.3183e-01 +8.5276e-01 -2.4518e-01 +4.1084e+00
50 +9.449042691e+01 +9.449042691e+01 +1.549042691e+01 +1.549042691e+01 -2.9807e+00 +9.1710e-01 -4.2535e+00 +1.8149e+00 -2.2968e+00 -1.2715e+00 -1.7729e+00 +1.9188e-01 +1.4519e+00 +4.6074e-01 -2.3124e+00 -1.5815e+00 +3.4862e+00 -3.7650e+00 -3.5205e+00 +1.8627e+00 -3.1939e+00 -1.9377e+00 -3.0336e+00 +4.3727e+00
258 +4.521451591e+01 +4.521451591e+01 -3.378548409e+01 -3.378548409e+01 -3.4197e+00 +1.7185e-01 -1.4504e+00 -2.5180e+00 -2.2296e+00 -2.4866e+00 -9.5009e-01 +8.3901e-01 +1.4925e+00 -7.3251e-01 -3.9843e+00 +4.2835e+00 +1.1014e+00 -4.5917e+00 -4.5733e+00 -1.5896e+00 +4.1767e+00 +6.7677e-01 +4.1338e-01 +6.8329e-01
2390 +3.541580168e+01 +3.541580168e+01 -4.358419832e+01 -4.358419832e+01 -2.1899e+00 +1.4963e+00 +1.5580e-02 +6.5456e-01 -2.8769e+00 -2.0170e+00 -1.8613e+00 -6.2344e-01 -2.0102e-01 -1.5651e-01 -3.2641e+00 +2.1935e+00 -6.3568e-01 -4.0465e+00 -3.3025e+00 -1.5403e+00 +2.4165e+00 -2.7675e+00 -1.3401e+00 -1.9624e+00
3290 +2.497611616e+01 +2.497611616e+01 -5.402388384e+01 -5.402388384e+01 -3.0980e+00 +6.1802e-01 +8.7044e-01 +3.4374e-01 -3.2892e+00 +3.0408e-01 -1.0020e+00 +3.6704e-01 +5.1958e-01 -4.8594e-01 -4.4678e+00 +2.2781e+00 -2.8337e+00 -3.4246e+00 -2.6905e+00 -8.2672e-01 -2.4987e-01 +5.2937e-01 +7.1239e-01 +4.5425e-01
3718 +1.499839037e+01 +1.499839037e+01 -6.400160963e+01 -6.400160963e+01 -3.5109e+00 +4.6797e-01 +6.4899e-01 +1.0561e+00 -2.6763e+00 -1.0797e+00 -8.4208e-01 +2.2360e-01 -5.1350e-01 +1.1391e-01 -3.2221e+00 +3.2848e+00 +5.6301e-01 -2.6811e+00 -2.2292e+00 +2.6776e-01 +2.1038e+00 +1.7240e+00 +1.0544e+00 +2.0928e+00
4163 +9.769978540e+00 +9.769978540e+00 -6.923002146e+01 -6.923002146e+01 -2.1745e+00 +3.8745e-01 +1.1929e+00 +1.2845e+00 -2.9059e+00 -7.6436e-01 -2.1023e+00 +1.1077e-01 +8.8118e-01 +6.5235e-01 -3.6745e+00 +2.9980e+00 +1.2507e+00 -1.9859e+00 -3.0978e+00 +4.6503e-01 +1.2434e+00 -1.8451e-01 +2.7825e-01 +2.7908e+00
4457 +5.975494392e+00 +5.975494392e+00 -7.302450561e+01 -7.302450561e+01 -2.3405e+00 +3.9120e-01 +2.3192e-01 +1.2756e+00 -2.8492e+00 -3.0681e-01 -2.0053e+00 +6.5854e-01 +9.0904e-01 +5.1376e-01 -2.6379e+00 +2.5669e+00 +8.0690e-01 -3.3296e+00 -3.5134e+00 +9.4611e-01 +1.7516e+00 -2.0789e-01 -2.4255e-01 +2.7797e+00
4733 +3.866429963e+00 +3.866429963e+00 -7.513357004e+01 -7.513357004e+01 -2.5194e+00 +4.2004e-01 +2.4189e-01 +1.2866e+00 -2.8482e+00 -8.7363e-01 -1.7992e+00 +6.3918e-01 +9.4176e-01 +4.9295e-01 -2.5809e+00 +2.3775e+00 +6.9465e-01 -3.4038e+00 -2.9634e+00 +7.5517e-01 +1.1615e+00 -4.0287e-01 -4.6215e-02 +2.4008e+00
4921 +2.460337313e+00 +2.460337313e+00 -7.653966269e+01 -7.653966269e+01 -2.9385e+00 +4.1901e-01 +1.4436e-01 +9.7454e-01 -3.1739e+00 -7.6978e-01 -1.8497e+00 +1.1608e+00 +9.2252e-01 +5.7749e-01 -2.5549e+00 +2.4062e+00 +5.1997e-01 -3.6991e+00 -2.8994e+00 +6.5410e-01 +1.1735e+00 -1.5226e-01 +1.9763e-01 +1.8689e+00
% function evaluation | noise-free fitness - Fopt (-4.133000000000e+01) | best noise-free fitness - Fopt | measured fitness | best measured fitness | x1 | x2...
1 +3.269120544e+02 +3.269120544e+02 +2.855820544e+02 +2.855820544e+02 +1.7361e+00 -1.9969e+00 +5.2988e-01 +4.3058e+00 -2.3607e+00 -7.4353e-02 +3.7314e+00 -3.4177e+00 -3.2566e+00 -1.8074e+00 +4.5884e+00 -9.0094e-01 +3.5360e+00 +2.5512e+00 -9.8766e-02 -1.8226e+00 +4.6353e+00 +4.0091e+00 -3.3085e+00 -1.5344e+00
6 +2.237660999e+02 +2.237660999e+02 +1.824360999e+02 +1.824360999e+02 -1.4784e+00 -1.3527e+00 -1.0187e+00 -5.9344e-01 -8.6398e-02 -2.3013e+00 +4.2002e+00 -8.7862e-01 -4.5396e+00 +9.7384e-01 +1.3745e+00 +4.4327e+00 -4.5479e+00 -2.1662e+00 -3.3309e+00 -2.6087e-01 -1.0519e+00 +3.9707e+00 +6.6587e-01 -4.0192e+00
8 +1.194820697e+02 +1.194820697e+02 +7.815206969e+01 +7.815206969e+01 -2.8281e+00 -1.1205e+00 +9.8667e-01 +1.2051e+00 +9.8481e-01 -3.1387e+00 -1.1581e+00 -4.8762e+00 -2.8759e+00 -8.8317e-01 -2.2816e+00 -2.7804e+00 +1.2624e+00 -3.6281e+00 -1.5172e+00 -4.6888e+00 -9.3035e-01 -1.5751e+00 +2.8637e-01 +1.3321e+00
114 +9.736697691e+01 +9.736697691e+01 +5.603697691e+01 +5.603697691e+01 -1.4222e+00 -9.7708e-01 -1.7762e+00 -3.3711e-01 +3.6451e+00 -1.1702e+00 +2.3385e+00 -5.0000e+00 -6.9229e-01 -3.8176e+00 +1.9961e-01 +1.3055e+00 +4.4253e+00 -5.0000e+00 -1.2606e+00 -4.6613e+00 -3.1273e+00 -3.8305e+00 -3.7473e-01 -4.1750e-01
316 +6.280188378e+01 +6.280188378e+01 +2.147188378e+01 +2.147188378e+01 -2.0543e+00 -2.7553e+00 +1.0123e+00 -4.0643e+00 +9.5711e-01 -2.7672e+00 -4.1320e+00 -2.0165e+00 -7.8404e-01 +1.0593e+00 +7.5353e-01 +1.4381e+00 +1.5841e-01 -3.6644e+00 -3.3664e+00 -3.0467e+00 -4.3953e+00 -3.9631e+00 -2.5546e-02 -4.2456e-01
2487 +3.529322406e+01 +3.529322406e+01 -6.036775939e+00 -6.036775939e+00 +4.4731e-01 -1.9014e+00 -4.3333e-02 -2.4081e+00 +3.9750e+00 -5.5690e+00 -2.6927e+00 -1.4538e+00 -2.8121e+00 -5.2418e-01 +1.0011e+00 +2.1941e+00 +4.8553e+00 -3.2717e-01 -2.9175e+00 -3.0134e+00 -3.4242e+00 -4.4713e+00 +4.0647e-01 -1.4683e+00
2957 +1.897807208e+01 +1.897807208e+01 -2.235192792e+01 -2.235192792e+01 +4.0379e-01 -1.9468e+00 -1.1089e+00 -1.8938e+00 +1.1919e+00 -2.7501e+00 -2.2352e+00 -2.4032e+00 -2.4893e+00 +6.4915e-01 +5.8537e-01 +2.1922e+00 +4.2246e+00 -1.3557e+00 -1.9017e+00 -2.3659e+00 -4.0224e+00 -1.3383e+00 +1.3653e+00 -2.8189e+00
3262 +1.487852277e+01 +1.487852277e+01 -2.645147723e+01 -2.645147723e+01 +1.1549e+00 -2.7391e+00 -1.2671e+00 -1.8278e+00 +1.5335e+00 -2.8769e+00 -2.6034e+00 -3.3224e+00 -2.5539e+00 +2.1330e+00 +1.1443e+00 +1.6721e+00 +4.3763e+00 -1.6914e+00 -2.4803e+00 -2.6302e+00 -3.4993e+00 -1.6124e+00 +1.8910e+00 -3.1068e+00
3486 +9.931048901e+00 +9.931048901e+00 -3.139895110e+01 -3.139895110e+01 +1.7703e-01 -9.2767e-01 -5.1922e-01 -1.0964e+00 +2.5995e+00 -3.9476e+00 -2.4627e+00 -3.9715e+00 -2.3330e+00 +1.7916e+00 +4.2321e-01 +2.0896e+00 +3.8429e+00 -3.0002e+00 -2.3921e+00 -2.6255e+00 -3.8590e+00 -3.5168e+00 +2.4182e+00 -2.1874e+00
4063 +4.807227568e+00 +4.807227568e+00 -3.652277243e+01 -3.652277243e+01 +3.0122e-01 -1.3825e+00 -1.1243e+00 -2.0298e+00 +3.1853e+00 -2.6475e+00 -3.4961e+00 -3.9994e+00 -1.8153e+00 +1.3404e+00 +3.9868e-01 +2.3011e+00 +4.1285e+00 -3.0352e+00 -1.4312e+00 -3.1858e+00 -2.3165e+00 -4.6120e+00 +1.2440e+00 -4.7885e+00
4101 +3.942139644e+00 +3.942139644e+00 -3.738786036e+01 -3.738786036e+01 +3.2328e-01 -1.8203e+00 -1.4124e+00 -1.9214e+00 +3.2094e+00 -2.6646e+00 -3.1427e+00 -3.9396e+00 -1.5386e+00 +1.1972e+00 +2.3318e-01 +2.4674e+00 +4.5417e+00 -2.6795e+00 -2.4439e+00 -2.7264e+00 -1.9443e+00 -4.6504e+00 +1.2863e+00 -4.1937e+00
4319 +2.363584791e+00 +2.363584791e+00 -3.896641521e+01 -3.896641521e+01 +4.2960e-01 -1.7178e+00 -1.3815e+00 -2.0549e+00 +3.1296e+00 -2.9066e+00 -2.8403e+00 -3.9545e+00 -2.1575e+00 +1.0724e+00 +3.3214e-01 +2.5742e+00 +3.9095e+00 -2.3827e+00 -1.8582e+00 -3.2333e+00 -1.9497e+00 -4.2960e+00 +1.6969e+00 -4.2100e+00
4402 +1.440087735e+00 +1.440087735e+00 -3.988991227e+01 -3.988991227e+01 +5.5502e-01 -1.5386e+00 -1.3847e+00 -2.0364e+00 +3.0858e+00 -2.8790e+00 -2.9671e+00 -3.9379e+00 -2.2407e+00 +1.1425e+00 +3.9135e-01 +2.8155e+00 +3.8614e+00 -2.4422e+00 -2.0545e+00 -3.5899e+00 -2.1185e+00 -3.8996e+00 +1.6758e+00 -4.1530e+00
4521 +5.867487946e-01 +5.867487946e-01 -4.074325121e+01 -4.074325121e+01 +4.3982e-01 -1.5053e+00 -1.1018e+00 -1.8753e+00 +2.8781e+00 -2.9314e+00 -3.1407e+00 -3.9814e+00 -2.2629e+00 +1.2261e+00 +4.8310e-01 +2.9648e+00 +3.8655e+00 -2.4745e+00 -2.2551e+00 -3.6124e+00 -2.2949e+00 -3.8438e+00 +1.4699e+00 -4.0243e+00
4651 +3.844260433e-01 +3.844260433e-01 -4.094557396e+01 -4.094557396e+01 +6.5230e-01 -1.5360e+00 -9.7460e-01 -1.8112e+00 +2.6738e+00 -3.0156e+00 -3.2513e+00 -3.9932e+00 -2.2593e+00 +1.3289e+00 +5.9364e-01 +2.7893e+00 +3.8580e+00 -2.4575e+00 -2.3633e+00 -3.3462e+00 -2.3081e+00 -3.8208e+00 +1.4662e+00 -3.9429e+00
4844 +2.371932138e-01 +2.371932138e-01 -4.109280679e+01 -4.109280679e+01 +4.8391e-01 -1.5440e+00 -9.8059e-01 -1.8174e+00 +2.5902e+00 -2.9614e+00 -3.1783e+00 -3.9842e+00 -2.2794e+00 +1.3902e+00 +6.2260e-01 +2.8600e+00 +3.8310e+00 -2.4671e+00 -2.4057e+00 -3.3415e+00 -2.2038e+00 -3.8022e+00 +1.4627e+00 -3.8369e+00
% function evaluation | noise-free fitness - Fopt (2.127500000000e+02) | best noise-free fitness - Fopt | measured fitness | best measured fitness | x1 | x2...
1 +3.016352315e+02 +3.016352315e+02 +5.143852315e+02 +5.143852315e+02 +2.6058e+00 +8.2310e-01 -2.8090e+00 +2.5731e+00 +3.7435e+00 -1.6649e+00 +4.1942e+00 +4.2801e+00 +2.5786e+00 -4.6922e+00 -4.0291e+00 -1.7006e-01 +3.0948e-01 -1.6207e+00 +6.6082e-01 +3.7010e+00 -4.5597e+00 +3.2076e+00 -3.0706e-01 -4.3404e+00
3 +1.065161106e+02 +1.065161106e+02 +3.192661106e+02 +3.192661106e+02 -2.1470e+00 -4.7192e+00 +9.0859e-01 -4.9123e+00 +1.3272e+00 -2.7497e+00 -2.1032e+00 -1.0465e+00 +6.8521e-01 +1.9051e+00 +1.3167e+00 +1.5904e+00 +7.3228e-01 -2.5261e+00 -1.4319e+00 +1.8481e+00 -4.0571e+00 -1.8906e+00 -1.5396e+00 -4.0154e+00
86 +9.256677350e+01 +9.256677350e+01 +3.053167735e+02 +3.053167735e+02 +1.0151e-01 -1.7565e+00 +1.0557e+00 -3.8829e+00 +6.7999e-01 -1.9359e+00 +1.1740e+00 -3.6106e+00 +4.8951e-01 +3.2368e+00 +2.4108e+00 +2.8734e+00 -2.3616e+00 -1.4612e+00 -2.9831e-01 +2.2037e+00 -2.3318e+00 +3.3594e+00 -2.6361e+00 -8.2848e-01
417 +5.923453820e+01 +5.923453820e+01 +2.719845382e+02 +2.719845382e+02 -5.0000e+00 -2.6134e+00 -3.6584e+00 -2.3746e+00 +1.5528e+00 -2.6836e+00 -1.5777e+00 -1.2218e-01 +1.0959e+00 +3.8263e+00 +4.9969e+00 +5.0000e+00 +0.0000e+00 +1.4918e+00 +2.0126e+00 +3.4231e+00 -3.8432e+00 +1.0303e+00 -2.1822e+00 +1.2981e+00
1897 +3.845454910e+01 +3.845454910e+01 +2.512045491e+02 +2.512045491e+02 -4.5743e+00 -4.1640e+00 -8.3760e-01 +1.7741e+00 -1.7047e+00 -3.5883e+00 +3.8815e+00 -1.0239e-01 +4.7481e-01 +3.6947e+00 +3.0463e+00 +8.9598e-01 -2.7142e-01 +4.2498e-01 +3.3860e+00 +5.0481e+00 -3.3855e+00 -6.7902e-01 -1.4386e+00 -7.0239e-03
2539 +2.468945056e+01 +2.468945056e+01 +2.374394506e+02 +2.374394506e+02 -5.0000e+00 -5.0000e+00 -2.4691e+00 -8.7473e-01 -2.2758e+00 -4.9311e+00 +2.0395e+00 -1.2460e+00 -2.2586e+00 +4.2287e+00 +1.6955e+00 +9.9881e-01 -4.3640e-01 -1.1567e+00 +1.9372e+00 +3.6933e+00 -3.2429e+00 +1.4346e+00 -3.7774e+00 -1.7533e+00
3480 +1.457559369e+01 +1.457559369e+01 +2.273255937e+02 +2.273255937e+02 -4.2184e+00 -4.9991e+00 -4.1620e+00 -1.8262e+00 -3.0978e+00 -4.3034e+00 +1.3170e+00 -1.2799e+00 +6.1707e-01 +3.6082e+00 +2.5804e+00 +1.0664e+00 -1.7973e-01 -9.0944e-01 +2.7158e+00 +3.6463e+00 -2.6285e+00 +4.2363e-02 -3.9371e+00 -4.1082e-01
3805 +9.925854553e+00 +9.925854553e+00 +2.226758546e+02 +2.226758546e+02 -4.0082e+00 -4.9976e+00 -2.7724e+00 -1.5596e+00 -1.4714e+00 -3.6347e+00 +5.1917e-01 -1.4683e+00 -2.2649e-01 +3.6281e+00 +2.6574e+00 +6.2169e-01 -2.7932e-01 -1.1483e+00 +2.4934e+00 +4.1026e+00 -3.0413e+00 -5.6881e-01 -3.5136e+00 -6.2484e-01
4379 +6.183933452e+00 +6.183933452e+00 +2.189339335e+02 +2.189339335e+02 -3.6478e+00 -4.9905e+00 -3.6504e+00 -1.3476e+00 -1.6240e+00 -3.6244e+00 +1.1429e+00 -1.4286e+00 -8.2297e-01 +2.6158e+00 +2.4344e+00 +1.0370e+00 -9.3566e-01 +5.2863e-03 +2.9992e+00 +3.8221e+00 -2.8216e+00 -3.3283e-01 -3.2379e+00 -9.9221e-01
