% function evaluation | noise-free fitness - Fopt (-4.620900000000e+02) | best noise-free fitness - Fopt | measured fitness | best measured fitness | x1 | x2...
1 +8.736349820e+02 +8.736349820e+02 +4.115449820e+02 +4.115449820e+02 +4.9908e+00 -1.6025e+00 +7.2320e-02
2 +4.585134337e+02 +4.585134337e+02 -3.576566271e+00 -3.576566271e+00 +4.2705e+00 +1.3471e+00 -4.8434e-01
3 +3.068962634e+02 +3.068962634e+02 -1.551937366e+02 -1.551937366e+02 +3.8567e+00 +2.5415e+00 +1.0031e-01
4 +1.817331567e+02 +1.817331567e+02 -2.803568433e+02 -2.803568433e+02 -3.1841e+00 -1.2731e+00 -6.4954e-01
5 +9.477981981e+01 +9.477981981e+01 -3.673101802e+02 -3.673101802e+02 +1.3022e+00 +4.9068e+00 -3.7095e-01
34 +4.361339102e+01 +4.361339102e+01 -4.184766090e+02 -4.184766090e+02 -1.9631e+00 +2.2069e+00 +2.2677e+00
54 +2.408613034e+01 +2.408613034e+01 -4.380038697e+02 -4.380038697e+02 +2.2090e+00 +2.2518e+00 +1.3142e+00
482 +5.391419347e+00 +5.391419347e+00 -4.566985807e+02 -4.566985807e+02 +3.4341e-01 +1.7252e+00 +2.2054e+00
1150 +2.801498906e+00 +2.801498906e+00 -4.592885011e+02 -4.592885011e+02 +1.4084e+00 +2.2840e+00 +2.2054e+00
1390 +2.381412685e+00 +2.381412685e+00 -4.597085873e+02 -4.597085873e+02 +2.2363e+00 +2.3211e+00 +2.2054e+00
1625 +1.375004307e+00 +1.375004307e+00 -4.607149957e+02 -4.607149957e+02 +1.3439e+00 +2.3211e+00 +2.2059e+00
% function evaluation | noise-free fitness - Fopt (7.766000000000e+01) | best noise-free fitness - Fopt | measured fitness | best measured fitness | x1 | x2...
1 +4.351523452e+03 +4.351523452e+03 +4.429183452e+03 +4.429183452e+03 +2.1305e+00 -4.6367e+00 +3.3192e+00
2 +2.747518217e+03 +2.747518217e+03 +2.825178217e+03 +2.825178217e+03 +4.8311e+00 +2.8675e+00 +2.6613e+00
4 +2.148391659e+03 +2.148391659e+03 +2.226051659e+03 +2.226051659e+03 +2.6718e+00 +1.0723e+00 +2.8055e+00
6 +1.181033423e+02 +1.181033423e+02 +1.957633423e+02 +1.957633423e+02 -2.5578e+00 -5.0253e-01 -1.4054e+00
13 +9.155775236e+01 +9.155775236e+01 +1.692177524e+02 +1.692177524e+02 +1.7375e+00 +7.4424e-01 -1.0017e+00
23 +4.460659027e+01 +4.460659027e+01 +1.222665903e+02 +1.222665903e+02 -1.8097e+00 -1.3373e-02 +1.2520e+00
73 +3.443068638e+01 +3.443068638e+01 +1.120906864e+02 +1.120906864e+02 +2.3533e+00 -1.8768e+00 +4.0926e-01
614 +2.096015215e+01 +2.096015215e+01 +9.862015215e+01 +9.862015215e+01 +2.5346e+00 -1.4330e+00 +1.0020e+00
669 +6.410161814e+00 +6.410161814e+00 +8.407016181e+01 +8.407016181e+01 +4.8346e-01 -1.4095e+00 +1.2523e+00
692 +2.326824295e+00 +2.326824295e+00 +7.998682429e+01 +7.998682429e+01 +2.3533e+00 -1.4330e+00 +1.2520e+00
1875 +1.426375716e+00 +1.426375716e+00 +7.908637572e+01 +7.908637572e+01 +2.3647e+00 -1.4330e+00 +1.2657e+00
% function evaluation | noise-free fitness - Fopt (1.156800000000e+02) | best noise-free fitness - Fopt | measured fitness | best measured fitness | x1 | x2...
1 +1.839961778e+04 +1.839961778e+04 +1.851529778e+04 +1.851529778e+04 -3.3909e-01 -2.9196e+00 +4.5176e+00
2 +6.119630518e+02 +6.119630518e+02 +7.276430518e+02 +7.276430518e+02 -4.2289e+00 -3.6124e+00 +1.0389e+00
5 +2.146544423e+02 +2.146544423e+02 +3.303344423e+02 +3.303344423e+02 -1.8236e+00 -3.0172e+00 -3.8138e+00
7 +7.936553838e+01 +7.936553838e+01 +1.950455384e+02 +1.950455384e+02 +2.8670e+00 -1.9333e+00 -3.5215e-01
47 +4.916802849e+01 +4.916802849e+01 +1.648480285e+02 +1.648480285e+02 +1.2574e+00 -3.4866e+00 +2.5469e-02
142 +2.894691907e+01 +2.894691907e+01 +1.446269191e+02 +1.446269191e+02 +3.0698e-01 -7.9525e-01 +3.1901e-01
290 +1.909789558e+01 +1.909789558e+01 +1.347778956e+02 +1.347778956e+02 +2.0985e+00 -2.4996e+00 -1.2370e-01
637 +1.036791646e+01 +1.036791646e+01 +1.260479165e+02 +1.260479165e+02 +2.2704e+00 -8.7569e-01 -4.4681e-02
731 +9.817939464e+00 +9.817939464e+00 +1.254979395e+02 +1.254979395e+02 +2.2704e+00 +1.0227e-01 +2.0332e-01
1116 +6.030465585e+00 +6.030465585e+00 +1.217104656e+02 +1.217104656e+02 +2.1073e+00 +1.0227e-01 +2.3350e-01
1247 +3.915707125e+00 +3.915707125e+00 +1.195957071e+02 +1.195957071e+02 +2.1142e+00 -1.6050e+00 -4.5052e-02
1827 +2.495272773e+00 +2.495272773e+00 +1.181752728e+02 +1.181752728e+02 +2.1220e+00 -1.6050e+00 +2.2617e-01
1913 +1.069082302e+00 +1.069082302e+00 +1.167490823e+02 +1.167490823e+02 +2.1137e+00 -9.8274e-01 +2.3154e-01
2385 +9.290063939e-01 +9.290063939e-01 +1.166090064e+02 +1.166090064e+02 +2.1137e+00 -9.8274e-01 +2.3398e-01
2668 +4.258634721e-01 +4.258634721e-01 +1.161058635e+02 +1.161058635e+02 +2.1728e+00 -9.9963e-01 +2.3343e-01
2744 +3.471727506e-01 +3.471727506e-01 +1.160271728e+02 +1.160271728e+02 +2.1723e+00 -9.9579e-01 +2.3350e-01
2867 +5.336756958e-02 +5.336756958e-02 +1.157333676e+02 +1.157333676e+02 +2.1777e+00 -9.8274e-01 +2.4003e-01
2926 +2.810731645e-02 +2.810731645e-02 +1.157081073e+02 +1.157081073e+02 +2.1748e+00 -9.7933e-01 +2.4204e-01
% function evaluation | noise-free fitness - Fopt (-3.710000000000e+00) | best noise-free fitness - Fopt | measured fitness | best measured fitness | x1 | x2...
1 +8.416078626e+01 +8.416078626e+01 +8.045078626e+01 +8.045078626e+01 +3.7906e+00 -2.4932e+00 +9.9271e-01
19 +6.296980053e+01 +6.296980053e+01 +5.925980053e+01 +5.925980053e+01 +1.8345e+00 -4.8133e+00 +1.5380e+00
74 +2.691789978e+01 +2.691789978e+01 +2.320789978e+01 +2.320789978e+01 +3.5471e+00 -1.2213e+00 +1.8388e+00
75 +1.615612424e+01 +1.615612424e+01 +1.244612424e+01 +1.244612424e+01 +1.2157e+00 -2.8801e+00 +1.6934e+00
146 +1.324349022e+01 +1.324349022e+01 +9.533490223e+00 +9.533490223e+00 +3.3272e+00 -2.7605e+00 +1.4904e+00
442 +8.917051164e+00 +8.917051164e+00 +5.207051164e+00 +5.207051164e+00 +3.0664e+00 -2.8803e+00 +1.8566e+00
890 +1.969179261e+00 +1.969179261e+00 -1.740820739e+00 -1.740820739e+00 +3.0939e+00 -2.2592e+00 +1.4814e+00
1026 +3.457834089e-01 +3.457834089e-01 -3.364216591e+00 -3.364216591e+00 +3.1085e+00 -2.2742e+00 +1.7789e+00
1630 +1.857072020e-01 +1.857072020e-01 -3.524292798e+00 -3.524292798e+00 +3.0939e+00 -2.2917e+00 +1.7789e+00
2063 +1.552454408e-01 +1.552454408e-01 -3.554754559e+00 -3.554754559e+00 +3.0940e+00 -2.2912e+00 +1.7809e+00
2077 +6.535494589e-02 +6.535494589e-02 -3.644645054e+00 -3.644645054e+00 +3.1100e+00 -2.2927e+00 +1.7789e+00
2256 +4.913178355e-02 +4.913178355e-02 -3.660868216e+00 -3.660868216e+00 +3.1202e+00 -2.2925e+00 +1.7789e+00
2770 +1.408589962e-02 +1.408589962e-02 -3.695914100e+00 -3.695914100e+00 +3.1173e+00 -2.2927e+00 +1.7810e+00
% function evaluation | noise-free fitness - Fopt (1.321800000000e+02) | best noise-free fitness - Fopt | measured fitness | best measured fitness | x1 | x2...
1 +4.203343892e+02 +4.203343892e+02 +5.525143892e+02 +5.525143892e+02 +1.7922e+00 +1.3418e+00 -3.2889e+00
3 +8.360618922e+01 +8.360618922e+01 +2.157861892e+02 +2.157861892e+02 -4.3582e-01 -1.9415e+00 +3.0078e+00
72 +5.295197335e+01 +5.295197335e+01 +1.851319734e+02 +1.851319734e+02 +4.3131e+00 +7.2944e-01 +2.7573e+00
232 +3.713302559e+01 +3.713302559e+01 +1.693130256e+02 +1.693130256e+02 +3.7851e+00 +2.6174e+00 +2.5559e+00
515 +2.225006120e+01 +2.225006120e+01 +1.544300612e+02 +1.544300612e+02 +1.4906e+00 +1.9480e+00 +3.4968e+00
727 +9.944207563e+00 +9.944207563e+00 +1.421242076e+02 +1.421242076e+02 +2.7723e+00 +2.5632e+00 +2.7590e+00
1034 +3.455671059e+00 +3.455671059e+00 +1.356356711e+02 +1.356356711e+02 +3.7291e+00 +8.4122e-01 +3.4338e+00
1624 +1.317634381e+00 +1.317634381e+00 +1.334976344e+02 +1.334976344e+02 +3.7293e+00 +1.4743e+00 +3.4963e+00
2444 +3.568745850e-01 +3.568745850e-01 +1.325368746e+02 +1.325368746e+02 +3.7288e+00 +1.4743e+00 +3.4572e+00
2710 +1.227873292e-01 +1.227873292e-01 +1.323027873e+02 +1.323027873e+02 +3.7449e+00 +1.4738e+00 +3.4592e+00
% function evaluation | noise-free fitness - Fopt (-5.847300000000e+02) | best noise-free fitness - Fopt | measured fitness | best measured fitness | x1 | x2...
1 +2.943661427e+03 +2.943661427e+03 +2.358931427e+03 +2.358931427e+03 +3.1604e+00 -2.1405e+00 +4.1126e+00
3 +2.338880162e+03 +2.338880162e+03 +1.754150162e+03 +1.754150162e+03 +1.0289e+00 +4.3862e+00 +3.8552e+00
4 +2.353193290e+02 +2.353193290e+02 -3.494106710e+02 -3.494106710e+02 +2.0812e+00 +4.1607e+00 +1.4125e+00
9 +8.561616033e+01 +8.561616033e+01 -4.991138397e+02 -4.991138397e+02 +1.1240e+00 -1.4568e+00 +7.5151e-01
40 +5.158847652e+01 +5.158847652e+01 -5.331415235e+02 -5.331415235e+02 +2.2611e+00 -4.7211e+00 +1.7452e+00
140 +3.418611232e+01 +3.418611232e+01 -5.505438877e+02 -5.505438877e+02 -7.4083e-02 -2.3865e+00 +1.9923e+00
625 +2.110313807e+01 +2.110313807e+01 -5.636268619e+02 -5.636268619e+02 +7.4335e-01 -3.0542e+00 +1.7453e+00
713 +1.187848029e+01 +1.187848029e+01 -5.728515197e+02 -5.728515197e+02 +2.6198e+00 -4.0847e+00 +1.6660e+00
890 +2.104821222e+00 +2.104821222e+00 -5.826251788e+02 -5.826251788e+02 +1.6915e+00 -3.0311e+00 +2.2905e+00
1114 +5.508196441e-01 +5.508196441e-01 -5.841791804e+02 -5.841791804e+02 +2.6199e+00 -3.0311e+00 +2.2905e+00
1725 +3.032672200e-01 +3.032672200e-01 -5.844267328e+02 -5.844267328e+02 +2.6199e+00 -3.0311e+00 +2.2949e+00
1914 +2.381961550e-01 +2.381961550e-01 -5.844918038e+02 -5.844918038e+02 +2.6193e+00 -3.0232e+00 +2.2983e+00
2553 +1.022202151e-01 +1.022202151e-01 -5.846277798e+02 -5.846277798e+02 +2.6346e+00 -3.0311e+00 +2.2983e+00
% function evaluation | noise-free fitness - Fopt (-3.654000000000e+01) | best noise-free fitness - Fopt | measured fitness | best measured fitness | x1 | x2...
1 +8.509251152e+03 +8.509251152e+03 +8.472711152e+03 +8.472711152e+03 -2.3545e+00 +2.3392e+00 +2.9422e+00
2 +1.066964009e+02 +1.066964009e+02 +7.015640087e+01 +7.015640087e+01 +9.9321e-01 -1.9239e-01 +7.5391e-02
4 +4.118107841e+01 +4.118107841e+01 +4.641078412e+00 +4.641078412e+00 -3.7462e+00 -3.9120e+00 -9.4570e-01
15 +3.588661565e+01 +3.588661565e+01 -6.533843534e-01 -6.533843534e-01 -7.5705e-01 -8.6630e-01 -6.0231e-01
247 +7.489444109e+00 +7.489444109e+00 -2.905055589e+01 -2.905055589e+01 -8.5001e-01 -2.1902e+00 +9.2013e-02
877 +4.584199598e+00 +4.584199598e+00 -3.195580040e+01 -3.195580040e+01 -8.5001e-01 -1.6852e+00 -2.8768e-01
1170 +3.283081763e+00 +3.283081763e+00 -3.325691824e+01 -3.325691824e+01 -8.5001e-01 -2.2242e+00 -2.8768e-01
1984 +1.296010733e+00 +1.296010733e+00 -3.524398927e+01 -3.524398927e+01 -7.7302e-01 -2.2237e+00 +2.0118e-02
% function evaluation | noise-free fitness - Fopt (1.000000000000e+03) | best noise-free fitness - Fopt | measured fitness | best measured fitness | x1 | x2...
1 +9.560626947e+02 +9.560626947e+02 +1.956062695e+03 +1.956062695e+03 +8.3053e-01 -3.3110e+00 +1.1448e+00
2 +1.583381126e+02 +1.583381126e+02 +1.158338113e+03 +1.158338113e+03 -2.7070e+00 +2.0119e-01 -3.3188e+00
11 +3.254194749e+01 +3.254194749e+01 +1.032541947e+03 +1.032541947e+03 -3.6236e-01 -8.3128e-01 -1.2267e+00
106 +1.673224413e+01 +1.673224413e+01 +1.016732244e+03 +1.016732244e+03 +1.5200e+00 -8.3612e-01 -1.0164e+00
495 +5.468177519e+00 +5.468177519e+00 +1.005468178e+03 +1.005468178e+03 -3.6285e-01 -8.3128e-01 -1.2716e-01
996 +2.782384002e+00 +2.782384002e+00 +1.002782384e+03 +1.002782384e+03 +1.5430e+00 -7.8470e-01 -1.5839e-01
1348 +1.971757123e+00 +1.971757123e+00 +1.001971757e+03 +1.001971757e+03 +1.5200e+00 -8.3116e-01 -1.2764e-01
1760 +1.284272115e+00 +1.284272115e+00 +1.001284272e+03 +1.001284272e+03 +1.5430e+00 -8.3129e-01 +2.0383e-01
2719 +6.475991843e-01 +6.475991843e-01 +1.000647599e+03 +1.000647599e+03 +1.5430e+00 -8.3759e-01 +1.5840e-01
2734 +5.281736919e-01 +5.281736919e-01 +1.000528174e+03 +1.000528174e+03 +1.5513e+00 -8.3602e-01 +1.5828e-01
2807 +3.778823240e-01 +3.778823240e-01 +1.000377882e+03 +1.000377882e+03 +1.5513e+00 -8.1896e-01 +1.5829e-01
% function evaluation | noise-free fitness - Fopt (4.661000000000e+01) | best noise-free fitness - Fopt | measured fitness | best measured fitness | x1 | x2...
1 +1.027220222e+02 +1.027220222e+02 +1.493320222e+02 +1.493320222e+02 -3.3464e+00 +8.8144e-01 +3.7941e-01
9 +6.932902130e+01 +6.932902130e+01 +1.159390213e+02 +1.159390213e+02 -4.9615e+00 +4.0582e+00 +7.7088e-01
93 +5.391815805e+01 +5.391815805e+01 +1.005281580e+02 +1.005281580e+02 -1.3882e-01 +3.7622e+00 +3.8558e-01
101 +2.897059719e+01 +2.897059719e+01 +7.558059719e+01 +7.558059719e+01 -8.0445e-01 +3.3435e+00 +7.1354e-01
333 +1.541861314e+01 +1.541861314e+01 +6.202861314e+01 +6.202861314e+01 +6.3166e-01 +4.4599e+00 +1.0784e+00
761 +9.131275045e+00 +9.131275045e+00 +5.574127505e+01 +5.574127505e+01 -1.4614e-01 +4.4600e+00 +1.0784e+00
1058 +6.159960029e+00 +6.159960029e+00 +5.276996003e+01 +5.276996003e+01 -1.4614e-01 +4.4600e+00 +1.6713e+00
1449 +1.247096859e+00 +1.247096859e+00 +4.785709686e+01 +4.785709686e+01 +8.0446e-01 +4.4599e+00 +1.7149e+00
% function evaluation | noise-free fitness - Fopt (-2.643100000000e+02) | best noise-free fitness - Fopt | measured fitness | best measured fitness | x1 | x2...
1 +5.698600502e+02 +5.698600502e+02 +3.055500502e+02 +3.055500502e+02 -1.6610e+00 +3.6852e+00 +3.3174e+00
2 +9.287791985e+01 +9.287791985e+01 -1.714320801e+02 -1.714320801e+02 -1.6085e+00 +3.9424e-01 +4.8373e-01
9 +3.576464593e+01 +3.576464593e+01 -2.285453541e+02 -2.285453541e+02 +2.0378e-01 +3.6041e-01 +1.9123e+00
176 +1.941206219e+01 +1.941206219e+01 -2.448979378e+02 -2.448979378e+02 +3.0807e+00 -2.5461e+00 +1.7223e+00
399 +1.385871374e+01 +1.385871374e+01 -2.504512863e+02 -2.504512863e+02 +2.2162e+00 -2.5914e+00 +2.3450e+00
703 +9.965125453e+00 +9.965125453e+00 -2.543448745e+02 -2.543448745e+02 +2.3842e+00 -1.9704e+00 +2.6776e+00
940 +4.592347173e+00 +4.592347173e+00 -2.597176528e+02 -2.597176528e+02 +2.2444e+00 -1.9704e+00 +2.6776e+00
1129 +3.936091157e+00 +3.936091157e+00 -2.603739088e+02 -2.603739088e+02 +2.2442e+00 -1.9707e+00 +2.6925e+00
1173 +1.473932012e+00 +1.473932012e+00 -2.628360680e+02 -2.628360680e+02 +3.2054e+00 -2.0465e+00 +2.6945e+00
1431 +9.762020391e-01 +9.762020391e-01 -2.633337980e+02 -2.633337980e+02 +3.1789e+00 -1.4703e+00 +2.6925e+00
1614 +6.168018514e-01 +6.168018514e-01 -2.636931981e+02 -2.636931981e+02 +3.2034e+00 -1.4703e+00 +2.6925e+00
2121 +1.502384078e-01 +1.502384078e-01 -2.641597616e+02 -2.641597616e+02 +3.2366e+00 -1.4703e+00 +2.6945e+00
2320 +9.541902782e-02 +9.541902782e-02 -2.642145810e+02 -2.642145810e+02 +3.2442e+00 -1.4693e+00 +2.6945e+00
% function evaluation | noise-free fitness - Fopt (7.273000000000e+01) | best noise-free fitness - Fopt | measured fitness | best measured fitness | x1 | x2...
1 +1.279033984e+02 +1.279033984e+02 +2.006333984e+02 +2.006333984e+02 +3.5679e-01 -3.0143e+00 -1.0296e+00
3 +6.519430320e+01 +6.519430320e+01 +1.379243032e+02 +1.379243032e+02 +7.1227e-02 -6.2161e-01 +1.9384e+00
18 +3.546232769e+01 +3.546232769e+01 +1.081923277e+02 +1.081923277e+02 +5.2158e-01 -3.0798e+00 +1.0912e+00
328 +2.272245155e+01 +2.272245155e+01 +9.545245155e+01 +9.545245155e+01 +1.4192e+00 -3.4170e+00 +1.4142e+00
564 +1.265108362e+01 +1.265108362e+01 +8.538108362e+01 +8.538108362e+01 +2.4991e+00 -3.0005e+00 +1.8177e+00
890 +8.105170407e+00 +8.105170407e+00 +8.083517041e+01 +8.083517041e+01 +1.4835e+00 -1.7184e+00 +1.7871e+00
1342 +5.883373610e+00 +5.883373610e+00 +7.861337361e+01 +7.861337361e+01 +2.4991e+00 -1.7822e+00 +1.7722e+00
1461 +2.287502509e+00 +2.287502509e+00 +7.501750251e+01 +7.501750251e+01 +2.4981e+00 -2.2822e+00 +1.7723e+00
1777 +1.204583525e+00 +1.204583525e+00 +7.393458353e+01 +7.393458353e+01 +2.4992e+00 -2.2836e+00 +2.0840e+00
1953 +7.978375365e-01 +7.978375365e-01 +7.352783754e+01 +7.352783754e+01 +2.5177e+00 -2.2834e+00 +2.0840e+00
2820 +3.342969037e-01 +3.342969037e-01 +7.306429690e+01 +7.306429690e+01 +2.5802e+00 -2.2973e+00 +2.0840e+00
2830 +8.494208500e-02 +8.494208500e-02 +7.281494208e+01 +7.281494208e+01 +2.5802e+00 -2.2836e+00 +2.0840e+00
% function evaluation | noise-free fitness - Fopt (1.368700000000e+02) | best noise-free fitness - Fopt | measured fitness | best measured fitness | x1 | x2...
1 +3.622695854e+02 +3.622695854e+02 +4.991395854e+02 +4.991395854e+02 +6.1682e-01 -1.3866e+00 -1.2210e+00
5 +2.288399530e+02 +2.288399530e+02 +3.657099530e+02 +3.657099530e+02 +1.3870e+00 -2.5243e+00 +6.3138e-01
9 +6.845524045e+01 +6.845524045e+01 +2.053252405e+02 +2.053252405e+02 -1.8717e+00 +2.8758e+00 +2.4395e+00
11 +4.961639592e+01 +4.961639592e+01 +1.864863959e+02 +1.864863959e+02 +1.5503e-02 +2.9320e+00 +3.7523e+00
60 +3.103326944e+01 +3.103326944e+01 +1.679032694e+02 +1.679032694e+02 -1.7337e+00 +3.0441e+00 +3.8233e+00
77 +2.452846215e+01 +2.452846215e+01 +1.613984622e+02 +1.613984622e+02 +1.9187e+00 +3.5948e+00 +3.2409e+00
657 +1.497800814e+01 +1.497800814e+01 +1.518480081e+02 +1.518480081e+02 +2.7745e+00 +3.5948e+00 +3.8530e+00
727 +5.955817034e+00 +5.955817034e+00 +1.428258170e+02 +1.428258170e+02 +2.4924e+00 +3.5948e+00 +3.5840e+00
935 +1.493189919e+00 +1.493189919e+00 +1.383631899e+02 +1.383631899e+02 +2.4923e+00 +3.5948e+00 +3.8530e+00
1918 +3.288912175e-01 +3.288912175e-01 +1.371988912e+02 +1.371988912e+02 +3.4923e+00 +3.5938e+00 +3.8530e+00
2377 +1.673907942e-01 +1.673907942e-01 +1.370373908e+02 +1.370373908e+02 +3.4923e+00 +3.6026e+00 +3.8529e+00
2577 +1.347927149e-01 +1.347927149e-01 +1.370047927e+02 +1.370047927e+02 +3.4923e+00 +3.6055e+00 +3.8546e+00
% function evaluation | noise-free fitness - Fopt (2.196000000000e+01) | best noise-free fitness - Fopt | measured fitness | best measured fitness | x1 | x2...
1 +1.829088480e+02 +1.829088480e+02 +2.048688480e+02 +2.048688480e+02 -4.1588e+00 +4.8735e+00 +2.5500e-01
10 +1.430675099e+02 +1.430675099e+02 +1.650275099e+02 +1.650275099e+02 -3.4349e+00 +8.0025e-01 -3.9571e-01
12 +5.692357564e+01 +5.692357564e+01 +7.888357564e+01 +7.888357564e+01 -1.4146e+00 -6.2419e-01 +1.8286e+00
45 +3.932338394e+01 +3.932338394e+01 +6.128338394e+01 +6.128338394e+01 +1.8511e+00 +1.4892e+00 +1.6730e+00
483 +2.082854135e+01 +2.082854135e+01 +4.278854135e+01 +4.278854135e+01 +4.2985e-01 -6.4010e-01 +1.6407e+00
752 +1.223350872e+01 +1.223350872e+01 +3.419350872e+01 +3.419350872e+01 +3.0916e+00 -6.4010e-01 +1.6417e+00
796 +9.948108279e+00 +9.948108279e+00 +3.190810828e+01 +3.190810828e+01 +3.0907e+00 -6.7135e-01 +1.3662e+00
1017 +3.017697420e+00 +3.017697420e+00 +2.497769742e+01 +2.497769742e+01 +2.3546e+00 -6.4010e-01 +1.6730e+00
1145 +1.664604570e+00 +1.664604570e+00 +2.362460457e+01 +2.362460457e+01 +3.2544e+00 -6.2321e-01 +1.3739e+00
1371 +1.128690578e+00 +1.128690578e+00 +2.308869058e+01 +2.308869058e+01 +3.2544e+00 -6.4013e-01 +1.6730e+00
1555 +9.118799127e-01 +9.118799127e-01 +2.287187991e+01 +2.287187991e+01 +3.2544e+00 -6.5474e-01 +1.6798e+00
1823 +5.553359199e-01 +5.553359199e-01 +2.251533592e+01 +2.251533592e+01 +3.2623e+00 -6.3912e-01 +1.6798e+00
1997 +1.871381872e-01 +1.871381872e-01 +2.214713819e+01 +2.214713819e+01 +3.2702e+00 -6.3912e-01 +1.6866e+00
2640 +1.319683000e-01 +1.319683000e-01 +2.209196830e+01 +2.209196830e+01 +3.2779e+00 -6.3912e-01 +1.6866e+00
2724 +9.623203311e-02 +9.623203311e-02 +2.205623203e+01 +2.205623203e+01 +3.2853e+00 -6.3985e-01 +1.6866e+00
% function evaluation | noise-free fitness - Fopt (-2.139000000000e+01) | best noise-free fitness - Fopt | measured fitness | best measured fitness | x1 | x2...
1 +4.443036039e+02 +4.443036039e+02 +4.229136039e+02 +4.229136039e+02 -4.2237e+00 -2.9185e+00 -4.4290e+00
2 +2.699008531e+02 +2.699008531e+02 +2.485108531e+02 +2.485108531e+02 +1.9081e+00 +4.0465e+00 -3.6153e+00
6 +1.211804135e+02 +1.211804135e+02 +9.979041348e+01 +9.979041348e+01 +3.8335e+00 +3.4086e+00 -9.8237e-01
25 +6.062409563e+01 +6.062409563e+01 +3.923409563e+01 +3.923409563e+01 +9.1014e-01 +4.6545e+00 -3.7906e-01
331 +2.373784918e+01 +2.373784918e+01 +2.347849180e+00 +2.347849180e+00 +2.3516e+00 +1.6812e+00 +8.9238e-01
668 +8.071926110e+00 +8.071926110e+00 -1.331807389e+01 -1.331807389e+01 +3.1002e+00 +1.7494e+00 +8.2291e-01
1361 +4.357356724e+00 +4.357356724e+00 -1.703264328e+01 -1.703264328e+01 +3.1004e+00 +3.3207e+00 +8.2291e-01
1433 +3.557649981e+00 +3.557649981e+00 -1.783235002e+01 -1.783235002e+01 +3.1200e+00 +3.3207e+00 +8.2291e-01
2871 +2.294659526e+00 +2.294659526e+00 -1.909534047e+01 -1.909534047e+01 +3.1706e+00 +3.3403e+00 +8.2386e-01
% function evaluation | noise-free fitness - Fopt (5.176600000000e+02) | best noise-free fitness - Fopt | measured fitness | best measured fitness | x1 | x2...
1 +4.372489894e+02 +4.372489894e+02 +9.549089894e+02 +9.549089894e+02 -2.5020e+00 -2.8568e+00 -4.8809e+00
4 +1.468617644e+02 +1.468617644e+02 +6.645217644e+02 +6.645217644e+02 -7.3216e-01 +9.9803e-02 -1.7633e+00
11 +8.456784360e+01 +8.456784360e+01 +6.022278436e+02 +6.022278436e+02 -8.2001e-02 +7.5986e-01 -9.8232e-01
74 +6.237666528e+01 +6.237666528e+01 +5.800366653e+02 +5.800366653e+02 +4.2109e+00 +2.9188e+00 +4.6804e-01
285 +3.222294461e+01 +3.222294461e+01 +5.498829446e+02 +5.498829446e+02 +2.9873e+00 +4.5669e+00 +5.6184e-01
449 +9.545363440e+00 +9.545363440e+00 +5.272053634e+02 +5.272053634e+02 +2.9873e+00 +3.7497e+00 +5.6184e-01
1147 +5.684612202e+00 +5.684612202e+00 +5.233446122e+02 +5.233446122e+02 +3.8040e+00 +3.7497e+00 +5.9323e-01
1587 +3.346135348e+00 +3.346135348e+00 +5.210061353e+02 +5.210061353e+02 +3.7962e+00 +3.1168e+00 +5.8442e-01
1824 +1.863226202e+00 +1.863226202e+00 +5.195232262e+02 +5.195232262e+02 +3.8196e+00 +3.7040e+00 +5.8436e-01
2215 +1.551330058e+00 +1.551330058e+00 +5.192113301e+02 +5.192113301e+02 +3.8665e+00 +3.1406e+00 +5.9309e-01
2594 +7.935819920e-01 +7.935819920e-01 +5.184535820e+02 +5.184535820e+02 +3.8665e+00 +3.1406e+00 +5.9114e-01
2908 +3.925842534e-01 +3.925842534e-01 +5.180525843e+02 +5.180525843e+02 +3.8535e+00 +3.1718e+00 +5.8247e-01
