% function evaluation | noise-free fitness - Fopt (-4.620900000000e+02) | best noise-free fitness - Fopt | measured fitness | best measured fitness | x1 | x2...
1 +6.383429448e+01 +6.383429448e+01 -3.982557055e+02 -3.982557055e+02 +1.2144e+00 +1.3729e+00 +4.1098e-01
32 +4.177798836e+01 +4.177798836e+01 -4.203120116e+02 -4.203120116e+02 +2.3409e+00 -5.8443e-01 +1.8039e+00
54 +3.868577370e+01 +3.868577370e+01 -4.234042263e+02 -4.234042263e+02 -1.2785e+00 +2.3656e+00 +2.1547e+00
119 +2.252648166e+01 +2.252648166e+01 -4.395635183e+02 -4.395635183e+02 +1.1793e+00 +2.1832e+00 +1.5479e+00
199 +9.308098407e+00 +9.308098407e+00 -4.527819016e+02 -4.527819016e+02 +2.1628e+00 +2.8247e+00 +1.8834e+00
512 +5.575866397e+00 +5.575866397e+00 -4.565141336e+02 -4.565141336e+02 +1.4108e+00 +1.7807e+00 +2.2007e+00
693 +2.846488203e+00 +2.846488203e+00 -4.592435118e+02 -4.592435118e+02 +1.3818e+00 +2.8350e+00 +2.2010e+00
1048 +1.042689620e+00 +1.042689620e+00 -4.610473104e+02 -4.610473104e+02 +1.3363e+00 +2.2952e+00 +2.2120e+00
2179 +9.990569473e-01 +9.990569473e-01 -4.610909431e+02 -4.610909431e+02 +1.3423e+00 +2.2995e+00 +2.2125e+00
% function evaluation | noise-free fitness - Fopt (7.766000000000e+01) | best noise-free fitness - Fopt | measured fitness | best measured fitness | x1 | x2...
1 +1.125517505e+04 +1.125517505e+04 +1.133283505e+04 +1.133283505e+04 +3.9471e+00 +1.0318e-02 +4.6808e+00
2 +2.578490678e+02 +2.578490678e+02 +3.355090678e+02 +3.355090678e+02 +3.5347e+00 +3.4812e+00 +5.0340e-01
8 +2.018405351e+02 +2.018405351e+02 +2.795005351e+02 +2.795005351e+02 +1.5672e+00 -4.5242e+00 -2.2756e+00
34 +1.046175334e+02 +1.046175334e+02 +1.822775334e+02 +1.822775334e+02 +8.9943e-01 +3.4812e+00 +5.0340e-01
40 +8.277659867e+01 +8.277659867e+01 +1.604365987e+02 +1.604365987e+02 -4.9945e+00 -2.2047e+00 +3.2296e-01
45 +4.472300427e+01 +4.472300427e+01 +1.223830043e+02 +1.223830043e+02 +2.4523e+00 -1.6700e+00 +5.3184e-01
123 +2.851488678e+01 +2.851488678e+01 +1.061748868e+02 +1.061748868e+02 +1.2463e+00 -4.3022e-01 +6.2788e-01
138 +1.524301816e+01 +1.524301816e+01 +9.290301816e+01 +9.290301816e+01 +6.3304e-01 -3.1511e-01 +9.1220e-01
277 +8.968831971e+00 +8.968831971e+00 +8.662883197e+01 +8.662883197e+01 +2.3638e+00 -1.5524e+00 +5.7482e-01
496 +5.472606246e+00 +5.472606246e+00 +8.313260625e+01 +8.313260625e+01 +3.8980e-01 -8.6532e-01 +9.5403e-01
% function evaluation | noise-free fitness - Fopt (1.156800000000e+02) | best noise-free fitness - Fopt | measured fitness | best measured fitness | x1 | x2...
1 +2.440075883e+02 +2.440075883e+02 +3.596875883e+02 +3.596875883e+02 +1.8543e+00 +2.6642e+00 -3.6634e+00
12 +5.474690863e+01 +5.474690863e+01 +1.704269086e+02 +1.704269086e+02 -1.6418e+00 -1.8219e+00 +2.9422e-01
16 +3.325993496e+01 +3.325993496e+01 +1.489399350e+02 +1.489399350e+02 +1.2411e+00 -3.2488e+00 +2.9422e-01
91 +2.091321434e+01 +2.091321434e+01 +1.365932143e+02 +1.365932143e+02 +1.1892e+00 -3.3490e+00 +2.1849e-01
320 +7.162254264e+00 +7.162254264e+00 +1.228422543e+02 +1.228422543e+02 +2.7163e-01 -1.5208e+00 -6.7106e-02
632 +6.109174726e+00 +6.109174726e+00 +1.217891747e+02 +1.217891747e+02 +2.5234e-01 -1.5774e+00 -6.0654e-02
% function evaluation | noise-free fitness - Fopt (-3.710000000000e+00) | best noise-free fitness - Fopt | measured fitness | best measured fitness | x1 | x2...
1 +6.335962369e+03 +6.335962369e+03 +6.332252369e+03 +6.332252369e+03 +2.8997e+00 +3.2745e-01 +4.1447e+00
2 +2.084683427e+02 +2.084683427e+02 +2.047583427e+02 +2.047583427e+02 -2.3279e+00 -1.7579e+00 -2.1187e+00
6 +6.886728818e+01 +6.886728818e+01 +6.515728818e+01 +6.515728818e+01 -2.4938e+00 -1.4689e+00 +1.0626e+00
7 +5.704314390e+01 +5.704314390e+01 +5.333314390e+01 +5.333314390e+01 -2.5869e+00 -1.7559e+00 +1.0544e+00
50 +3.245860518e+01 +3.245860518e+01 +2.874860518e+01 +2.874860518e+01 -9.6851e-01 -2.2120e+00 +1.8753e+00
138 +2.397900047e+01 +2.397900047e+01 +2.026900047e+01 +2.026900047e+01 -9.5072e-01 -2.3272e+00 +1.7283e+00
181 +1.287849448e+01 +1.287849448e+01 +9.168494477e+00 +9.168494477e+00 +1.0525e+00 -1.7209e+00 +1.1114e+00
438 +8.867385106e+00 +8.867385106e+00 +5.157385106e+00 +5.157385106e+00 +1.1100e+00 -2.3256e+00 +1.0972e+00
% function evaluation | noise-free fitness - Fopt (1.321800000000e+02) | best noise-free fitness - Fopt | measured fitness | best measured fitness | x1 | x2...
1 +1.447346787e+02 +1.447346787e+02 +2.769146787e+02 +2.769146787e+02 -1.5546e+00 +1.6241e+00 +2.1701e-01
13 +8.133840892e+01 +8.133840892e+01 +2.135184089e+02 +2.135184089e+02 -2.8221e+00 +2.1714e+00 +2.5917e+00
35 +3.219918737e+01 +3.219918737e+01 +1.643791874e+02 +1.643791874e+02 +8.0009e-01 +1.2807e+00 +2.7523e+00
101 +2.469543632e+01 +2.469543632e+01 +1.568754363e+02 +1.568754363e+02 +2.5490e+00 +4.2775e-01 +3.5258e+00
121 +1.480350355e+01 +1.480350355e+01 +1.469835036e+02 +1.469835036e+02 +2.6380e+00 +1.5765e+00 +3.1319e+00
421 +9.043644715e+00 +9.043644715e+00 +1.412236447e+02 +1.412236447e+02 +2.0167e+00 +8.9601e-01 +3.4588e+00
962 +6.103955928e+00 +6.103955928e+00 +1.382839559e+02 +1.382839559e+02 +3.6627e+00 +2.5574e+00 +3.4594e+00
1418 +3.675498644e+00 +3.675498644e+00 +1.358554986e+02 +1.358554986e+02 +2.7846e+00 +2.0272e+00 +3.1399e+00
% function evaluation | noise-free fitness - Fopt (-5.847300000000e+02) | best noise-free fitness - Fopt | measured fitness | best measured fitness | x1 | x2...
1 +2.002569182e+03 +2.002569182e+03 +1.417839182e+03 +1.417839182e+03 -2.4289e+00 +5.8701e-01 +3.5894e+00
2 +5.004222143e+02 +5.004222143e+02 -8.430778567e+01 -8.430778567e+01 -6.0364e-01 -9.1926e-01 -4.8223e+00
4 +2.271494042e+02 +2.271494042e+02 -3.575805958e+02 -3.575805958e+02 +4.0060e+00 -3.4581e+00 +1.0970e+00
15 +5.771141511e+01 +5.771141511e+01 -5.270185849e+02 -5.270185849e+02 +1.0050e+00 -2.1634e+00 +8.6126e-01
34 +3.828740744e+01 +3.828740744e+01 -5.464425926e+02 -5.464425926e+02 +4.4054e-01 -2.4874e+00 +8.9822e-01
123 +2.162692284e+01 +2.162692284e+01 -5.631030772e+02 -5.631030772e+02 +7.1685e-01 -2.9635e+00 +1.3898e+00
153 +9.684272068e+00 +9.684272068e+00 -5.750457279e+02 -5.750457279e+02 +1.8092e+00 -3.0308e+00 +2.0013e+00
565 +6.241516014e+00 +6.241516014e+00 -5.784884840e+02 -5.784884840e+02 +1.6273e+00 -3.0647e+00 +1.9590e+00
651 +2.791835989e+00 +2.791835989e+00 -5.819381640e+02 -5.819381640e+02 +2.6460e+00 -3.0135e+00 +1.9696e+00
779 +9.490908669e-01 +9.490908669e-01 -5.837809091e+02 -5.837809091e+02 +2.5791e+00 -3.0174e+00 +2.3056e+00
1072 +4.055895693e-01 +4.055895693e-01 -5.843244104e+02 -5.843244104e+02 +2.6044e+00 -3.0235e+00 +2.3044e+00
1094 +3.526117703e-01 +3.526117703e-01 -5.843773882e+02 -5.843773882e+02 +2.6166e+00 -3.0125e+00 +2.3050e+00
1156 +2.434626507e-01 +2.434626507e-01 -5.844865373e+02 -5.844865373e+02 +2.6398e+00 -3.0097e+00 +2.3036e+00
1191 +1.554849804e-02 +1.554849804e-02 -5.847144515e+02 -5.847144515e+02 +2.6400e+00 -3.0278e+00 +2.3029e+00
1296 +5.404153639e-03 +5.404153639e-03 -5.847245958e+02 -5.847245958e+02 +2.6443e+00 -3.0265e+00 +2.3047e+00
1446 +1.197994783e-03 +1.197994783e-03 -5.847288020e+02 -5.847288020e+02 +2.6440e+00 -3.0287e+00 +2.3045e+00
1529 +8.723210358e-04 +8.723210358e-04 -5.847291277e+02 -5.847291277e+02 +2.6452e+00 -3.0286e+00 +2.3046e+00
1536 +2.601433138e-04 +2.601433138e-04 -5.847297399e+02 -5.847297399e+02 +2.6448e+00 -3.0294e+00 +2.3045e+00
1546 +1.244718319e-04 +1.244718319e-04 -5.847298755e+02 -5.847298755e+02 +2.6455e+00 -3.0294e+00 +2.3048e+00
1561 +9.490133618e-05 +9.490133618e-05 -5.847299051e+02 -5.847299051e+02 +2.6452e+00 -3.0294e+00 +2.3048e+00
1606 +3.809536940e-05 +3.809536940e-05 -5.847299619e+02 -5.847299619e+02 +2.6453e+00 -3.0294e+00 +2.3048e+00
1666 +1.322852518e-05 +1.322852518e-05 -5.847299868e+02 -5.847299868e+02 +2.6456e+00 -3.0295e+00 +2.3048e+00
1712 +5.842264159e-06 +5.842264159e-06 -5.847299942e+02 -5.847299942e+02 +2.6454e+00 -3.0296e+00 +2.3048e+00
1833 +3.854555416e-06 +3.854555416e-06 -5.847299961e+02 -5.847299961e+02 +2.6455e+00 -3.0296e+00 +2.3048e+00
1841 +1.476720627e-06 +1.476720627e-06 -5.847299985e+02 -5.847299985e+02 +2.6456e+00 -3.0296e+00 +2.3048e+00
1849 +7.821616919e-07 +7.821616919e-07 -5.847299992e+02 -5.847299992e+02 +2.6456e+00 -3.0296e+00 +2.3048e+00
1873 +4.228628541e-07 +4.228628541e-07 -5.847299996e+02 -5.847299996e+02 +2.6456e+00 -3.0296e+00 +2.3048e+00
1954 +2.427537993e-07 +2.427537993e-07 -5.847299998e+02 -5.847299998e+02 +2.6456e+00 -3.0296e+00 +2.3048e+00
1986 +9.146822322e-08 +9.146822322e-08 -5.847299999e+02 -5.847299999e+02 +2.6456e+00 -3.0296e+00 +2.3048e+00
2045 +6.005961950e-08 +6.005961950e-08 -5.847299999e+02 -5.847299999e+02 +2.6456e+00 -3.0296e+00 +2.3048e+00
2061 +1.498608526e-08 +1.498608526e-08 -5.847300000e+02 -5.847300000e+02 +2.6456e+00 -3.0296e+00 +2.3048e+00
2064 +9.103473531e-09 +9.103473531e-09 -5.847300000e+02 -5.847300000e+02 +2.6456e+00 -3.0296e+00 +2.3048e+00
2073 +3.286118044e-09 +3.286118044e-09 -5.847300000e+02 -5.847300000e+02 +2.6456e+00 -3.0296e+00 +2.3048e+00
2121 +1.699049790e-09 +1.699049790e-09 -5.847300000e+02 -5.847300000e+02 +2.6456e+00 -3.0296e+00 +2.3048e+00
2211 +8.689085007e-10 +8.689085007e-10 -5.847300000e+02 -5.847300000e+02 +2.6456e+00 -3.0296e+00 +2.3048e+00
2297 +6.215259418e-10 +6.215259418e-10 -5.847300000e+02 -5.847300000e+02 +2.6456e+00 -3.0296e+00 +2.3048e+00
2342 +2.877413863e-10 +2.877413863e-10 -5.847300000e+02 -5.847300000e+02 +2.6456e+00 -3.0296e+00 +2.3048e+00
2405 +1.897433322e-10 +1.897433322e-10 -5.847300000e+02 -5.847300000e+02 +2.6456e+00 -3.0296e+00 +2.3048e+00
2418 +1.368789526e-10 +1.368789526e-10 -5.847300000e+02 -5.847300000e+02 +2.6456e+00 -3.0296e+00 +2.3048e+00
2478 +8.037659427e-11 +8.037659427e-11 -5.847300000e+02 -5.847300000e+02 +2.6456e+00 -3.0296e+00 +2.3048e+00
2501 +2.853539627e-11 +2.853539627e-11 -5.847300000e+02 -5.847300000e+02 +2.6456e+00 -3.0296e+00 +2.3048e+00
2528 +1.773514668e-11 +1.773514668e-11 -5.847300000e+02 -5.847300000e+02 +2.6456e+00 -3.0296e+00 +2.3048e+00
2542 +1.000444172e-11 +1.000444172e-11 -5.847300000e+02 -5.847300000e+02 +2.6456e+00 -3.0296e+00 +2.3048e+00
2586 +4.547473509e-12 +4.547473509e-12 -5.847300000e+02 -5.847300000e+02 +2.6456e+00 -3.0296e+00 +2.3048e+00
2598 +1.818989404e-12 +1.818989404e-12 -5.847300000e+02 -5.847300000e+02 +2.6456e+00 -3.0296e+00 +2.3048e+00
2644 +1.477928890e-12 +1.477928890e-12 -5.847300000e+02 -5.847300000e+02 +2.6456e+00 -3.0296e+00 +2.3048e+00
2648 +3.410605132e-13 +3.410605132e-13 -5.847300000e+02 -5.847300000e+02 +2.6456e+00 -3.0296e+00 +2.3048e+00
2737 +2.273736754e-13 +2.273736754e-13 -5.847300000e+02 -5.847300000e+02 +2.6456e+00 -3.0296e+00 +2.3048e+00
2753 +1.136868377e-13 +1.136868377e-13 -5.847300000e+02 -5.847300000e+02 +2.6456e+00 -3.0296e+00 +2.3048e+00
2822 +0.000000000e+00 +0.000000000e+00 -5.847300000e+02 -5.847300000e+02 +2.6456e+00 -3.0296e+00 +2.3048e+00
% function evaluation | noise-free fitness - Fopt (-3.654000000000e+01) | best noise-free fitness - Fopt | measured fitness | best measured fitness | x1 | x2...
1 +1.516107747e+04 +1.516107747e+04 +1.512453747e+04 +1.512453747e+04 -2.9234e+00 +1.4617e+00 +3.9282e+00
2 +1.893871119e+03 +1.893871119e+03 +1.857331119e+03 +1.857331119e+03 -2.3792e-01 -4.6009e+00 +1.2727e+00
3 +1.042119265e+02 +1.042119265e+02 +6.767192650e+01 +6.767192650e+01 -1.9082e+00 +1.9119e+00 -8.1264e-01
12 +5.206271405e+01 +5.206271405e+01 +1.552271405e+01 +1.552271405e+01 -4.4089e-03 -1.2102e+00 -1.7475e+00
125 +2.680546921e+01 +2.680546921e+01 -9.734530793e+00 -9.734530793e+00 -1.7454e+00 -2.7658e+00 -4.9085e-01
150 +2.391917243e+01 +2.391917243e+01 -1.262082757e+01 -1.262082757e+01 -1.8620e+00 -4.0337e-01 -3.4372e-01
320 +1.274889656e+01 +1.274889656e+01 -2.379110344e+01 -2.379110344e+01 -7.2355e-01 -2.6748e+00 -8.6360e-03
454 +5.945414222e+00 +5.945414222e+00 -3.059458578e+01 -3.059458578e+01 -7.4578e-01 -2.7468e+00 -2.9324e-01
783 +3.384178466e+00 +3.384178466e+00 -3.315582153e+01 -3.315582153e+01 +1.4270e-01 -2.8202e+00 -2.6808e-01
1090 +2.112393991e+00 +2.112393991e+00 -3.442760601e+01 -3.442760601e+01 +1.9339e-01 -2.7688e+00 +1.8007e-02
1190 +1.554450208e+00 +1.554450208e+00 -3.498554979e+01 -3.498554979e+01 +1.8917e-01 -2.8670e+00 +1.8180e-02
1791 +9.990194936e-01 +9.990194936e-01 -3.554098051e+01 -3.554098051e+01 +1.9930e-01 -2.8281e+00 +2.3679e-02
% function evaluation | noise-free fitness - Fopt (1.000000000000e+03) | best noise-free fitness - Fopt | measured fitness | best measured fitness | x1 | x2...
1 +4.421762482e+02 +4.421762482e+02 +1.442176248e+03 +1.442176248e+03 +3.0866e+00 -1.8038e+00 -4.1616e+00
2 +2.691278016e+02 +2.691278016e+02 +1.269127802e+03 +1.269127802e+03 +2.7182e+00 -3.1436e+00 -2.3119e+00
5 +1.299452240e+02 +1.299452240e+02 +1.129945224e+03 +1.129945224e+03 -2.2544e+00 +1.0165e+00 -3.0319e+00
21 +6.528773436e+01 +6.528773436e+01 +1.065287734e+03 +1.065287734e+03 -3.6140e+00 +1.3982e+00 -9.8497e-01
53 +6.031039244e+01 +6.031039244e+01 +1.060310392e+03 +1.060310392e+03 -2.8454e+00 -1.5869e+00 -5.8319e-01
102 +2.666690950e+01 +2.666690950e+01 +1.026666910e+03 +1.026666910e+03 -2.2318e+00 -1.4069e+00 -4.9116e-01
186 +1.103568679e+01 +1.103568679e+01 +1.011035687e+03 +1.011035687e+03 -3.1969e-01 -8.9066e-01 +1.7481e-01
198 +8.582169004e+00 +8.582169004e+00 +1.008582169e+03 +1.008582169e+03 +6.1525e-01 -8.7881e-01 -9.7076e-02
335 +5.962716302e+00 +5.962716302e+00 +1.005962716e+03 +1.005962716e+03 +5.1241e-01 -1.3468e+00 -1.4002e-01
691 +2.658188827e+00 +2.658188827e+00 +1.002658189e+03 +1.002658189e+03 +5.4735e-01 -8.0033e-01 -1.3410e-01
1009 +2.361102244e+00 +2.361102244e+00 +1.002361102e+03 +1.002361102e+03 +1.5559e+00 -7.6047e-01 +1.6253e-01
1045 +1.469714197e+00 +1.469714197e+00 +1.001469714e+03 +1.001469714e+03 +1.5660e+00 -7.7501e-01 +1.6795e-01
1130 +7.103412034e-01 +7.103412034e-01 +1.000710341e+03 +1.000710341e+03 +1.5727e+00 -7.8431e-01 +1.6723e-01
1188 +5.968244502e-01 +5.968244502e-01 +1.000596824e+03 +1.000596824e+03 +1.5314e+00 -8.0586e-01 +1.6452e-01
1210 +3.371794407e-01 +3.371794407e-01 +1.000337179e+03 +1.000337179e+03 +1.5566e+00 -8.0145e-01 +1.6486e-01
1352 +1.942309314e-01 +1.942309314e-01 +1.000194231e+03 +1.000194231e+03 +1.5445e+00 -8.2812e-01 +1.6935e-01
1409 +6.470731893e-02 +6.470731893e-02 +1.000064707e+03 +1.000064707e+03 +1.5646e+00 -8.1984e-01 +1.6565e-01
1547 +3.372272295e-02 +3.372272295e-02 +1.000033723e+03 +1.000033723e+03 +1.5733e+00 -8.1656e-01 +1.6756e-01
1652 +1.614201698e-02 +1.614201698e-02 +1.000016142e+03 +1.000016142e+03 +1.5727e+00 -8.2118e-01 +1.6754e-01
1682 +1.225718986e-02 +1.225718986e-02 +1.000012257e+03 +1.000012257e+03 +1.5691e+00 -8.2395e-01 +1.6925e-01
1711 +4.106339513e-03 +4.106339513e-03 +1.000004106e+03 +1.000004106e+03 +1.5715e+00 -8.2032e-01 +1.7054e-01
1741 +5.270431373e-04 +5.270431373e-04 +1.000000527e+03 +1.000000527e+03 +1.5716e+00 -8.2031e-01 +1.7015e-01
1861 +2.265169284e-04 +2.265169284e-04 +1.000000227e+03 +1.000000227e+03 +1.5724e+00 -8.2026e-01 +1.7037e-01
1982 +4.502023614e-05 +4.502023614e-05 +1.000000045e+03 +1.000000045e+03 +1.5727e+00 -8.2102e-01 +1.7031e-01
2057 +2.448634177e-06 +2.448634177e-06 +1.000000002e+03 +1.000000002e+03 +1.5728e+00 -8.2084e-01 +1.7038e-01
2221 +1.363503657e-06 +1.363503657e-06 +1.000000001e+03 +1.000000001e+03 +1.5727e+00 -8.2082e-01 +1.7039e-01
2254 +4.533256970e-07 +4.533256970e-07 +1.000000000e+03 +1.000000000e+03 +1.5728e+00 -8.2081e-01 +1.7039e-01
2316 +3.918195262e-07 +3.918195262e-07 +1.000000000e+03 +1.000000000e+03 +1.5728e+00 -8.2082e-01 +1.7039e-01
2351 +2.455510639e-07 +2.455510639e-07 +1.000000000e+03 +1.000000000e+03 +1.5728e+00 -8.2079e-01 +1.7039e-01
2393 +9.390555533e-08 +9.390555533e-08 +1.000000000e+03 +1.000000000e+03 +1.5728e+00 -8.2080e-01 +1.7039e-01
2404 +3.664013093e-09 +3.664013093e-09 +1.000000000e+03 +1.000000000e+03 +1.5728e+00 -8.2080e-01 +1.7040e-01
2536 +2.131628207e-09 +2.131628207e-09 +1.000000000e+03 +1.000000000e+03 +1.5728e+00 -8.2080e-01 +1.7040e-01
2612 +1.121406967e-09 +1.121406967e-09 +1.000000000e+03 +1.000000000e+03 +1.5728e+00 -8.2080e-01 +1.7040e-01
2622 +4.240519047e-10 +4.240519047e-10 +1.000000000e+03 +1.000000000e+03 +1.5728e+00 -8.2080e-01 +1.7040e-01
2641 +3.250306690e-10 +3.250306690e-10 +1.000000000e+03 +1.000000000e+03 +1.5728e+00 -8.2080e-01 +1.7040e-01
2680 +2.200977178e-10 +2.200977178e-10 +1.000000000e+03 +1.000000000e+03 +1.5728e+00 -8.2080e-01 +1.7040e-01
2692 +1.209627953e-10 +1.209627953e-10 +1.000000000e+03 +1.000000000e+03 +1.5728e+00 -8.2080e-01 +1.7040e-01
2693 +6.582467904e-11 +6.582467904e-11 +1.000000000e+03 +1.000000000e+03 +1.5728e+00 -8.2080e-01 +1.7040e-01
2769 +4.808953236e-11 +4.808953236e-11 +1.000000000e+03 +1.000000000e+03 +1.5728e+00 -8.2080e-01 +1.7040e-01
2825 +3.194600140e-11 +3.194600140e-11 +1.000000000e+03 +1.000000000e+03 +1.5728e+00 -8.2080e-01 +1.7040e-01
2836 +1.909938874e-11 +1.909938874e-11 +1.000000000e+03 +1.000000000e+03 +1.5728e+00 -8.2080e-01 +1.7040e-01
2840 +8.981260180e-12 +8.981260180e-12 +1.000000000e+03 +1.000000000e+03 +1.5728e+00 -8.2080e-01 +1.7040e-01
2862 +1.477928890e-12 +1.477928890e-12 +1.000000000e+03 +1.000000000e+03 +1.5728e+00 -8.2080e-01 +1.7040e-01
2974 +9.094947018e-13 +9.094947018e-13 +1.000000000e+03 +1.000000000e+03 +1.5728e+00 -8.2080e-01 +1.7040e-01
2986 +1.136868377e-13 +1.136868377e-13 +1.000000000e+03 +1.000000000e+03 +1.5728e+00 -8.2080e-01 +1.7040e-01
% function evaluation | noise-free fitness - Fopt (4.661000000000e+01) | best noise-free fitness - Fopt | measured fitness | best measured fitness | x1 | x2...
1 +4.225068204e+01 +4.225068204e+01 +8.886068204e+01 +8.886068204e+01 -2.2772e+00 +3.2135e+00 +3.0773e-01
33 +2.669047949e+01 +2.669047949e+01 +7.330047949e+01 +7.330047949e+01 +7.8192e-01 +2.6353e+00 +1.7119e+00
93 +1.048492749e+01 +1.048492749e+01 +5.709492749e+01 +5.709492749e+01 -5.1648e-02 +3.9116e+00 +1.3627e+00
121 +9.817267791e+00 +9.817267791e+00 +5.642726779e+01 +5.642726779e+01 -2.5523e-01 +3.9326e+00 +1.6606e+00
376 +4.953787714e+00 +4.953787714e+00 +5.156378771e+01 +5.156378771e+01 -1.9844e-01 +3.9151e+00 +1.4368e+00
526 +3.882180825e+00 +3.882180825e+00 +5.049218082e+01 +5.049218082e+01 +8.0142e-01 +4.4814e+00 +1.3914e+00
1495 +2.160678163e+00 +2.160678163e+00 +4.877067816e+01 +4.877067816e+01 +8.2038e-01 +3.3438e+00 +1.4081e+00
1556 +1.474670048e+00 +1.474670048e+00 +4.808467005e+01 +4.808467005e+01 +7.9105e-01 +3.9154e+00 +1.4022e+00
2058 +9.979111991e-01 +9.979111991e-01 +4.760791120e+01 +4.760791120e+01 +8.3317e-01 +3.9219e+00 +1.4061e+00
% function evaluation | noise-free fitness - Fopt (-2.643100000000e+02) | best noise-free fitness - Fopt | measured fitness | best measured fitness | x1 | x2...
1 +3.080919492e+03 +3.080919492e+03 +2.816609492e+03 +2.816609492e+03 -2.4031e+00 -1.6048e+00 +4.5370e+00
2 +3.662219745e+02 +3.662219745e+02 +1.019119745e+02 +1.019119745e+02 +2.7286e+00 +3.7339e+00 -2.3102e+00
4 +1.335921532e+02 +1.335921532e+02 -1.307178468e+02 -1.307178468e+02 -2.4612e+00 +9.9808e-01 +9.9846e-01
5 +3.867541254e+01 +3.867541254e+01 -2.256345875e+02 -2.256345875e+02 +1.0830e-01 -2.6980e+00 +2.6455e+00
128 +1.120715816e+01 +1.120715816e+01 -2.531028418e+02 -2.531028418e+02 +1.1409e+00 -1.4382e+00 +1.9883e+00
269 +5.693811665e+00 +5.693811665e+00 -2.586161883e+02 -2.586161883e+02 +1.3589e+00 -2.0468e+00 +2.6835e+00
1533 +3.231333207e+00 +3.231333207e+00 -2.610786668e+02 -2.610786668e+02 +2.2336e+00 -2.0301e+00 +2.6744e+00
1606 +2.338075532e+00 +2.338075532e+00 -2.619719245e+02 -2.619719245e+02 +2.2083e+00 -1.4393e+00 +2.6839e+00
1698 +1.522844921e+00 +1.522844921e+00 -2.627871551e+02 -2.627871551e+02 +2.2330e+00 -1.4461e+00 +2.6845e+00
1996 +9.999916871e-01 +9.999916871e-01 -2.633100083e+02 -2.633100083e+02 +2.2556e+00 -1.4546e+00 +2.6959e+00
% function evaluation | noise-free fitness - Fopt (7.273000000000e+01) | best noise-free fitness - Fopt | measured fitness | best measured fitness | x1 | x2...
1 +4.510845693e+02 +4.510845693e+02 +5.238145693e+02 +5.238145693e+02 -3.4531e+00 +3.4812e+00 -3.5541e+00
8 +3.854863060e+02 +3.854863060e+02 +4.582163060e+02 +4.582163060e+02 +3.3912e+00 -4.0461e+00 -3.5208e+00
11 +2.302951811e+02 +2.302951811e+02 +3.030251811e+02 +3.030251811e+02 -1.4894e+00 +1.2009e+00 +2.5137e+00
15 +7.637262312e+01 +7.637262312e+01 +1.491026231e+02 +1.491026231e+02 -3.2140e+00 -3.7067e+00 +1.4792e+00
29 +4.239861975e+01 +4.239861975e+01 +1.151286197e+02 +1.151286197e+02 +1.5286e+00 -5.2302e+00 +1.4419e+00
94 +3.893615471e+01 +3.893615471e+01 +1.116661547e+02 +1.116661547e+02 +2.4762e+00 -1.0975e+00 +1.5434e+00
166 +2.488789369e+01 +2.488789369e+01 +9.761789369e+01 +9.761789369e+01 +1.5469e+00 -1.9467e+00 +2.0937e+00
197 +1.566441542e+01 +1.566441542e+01 +8.839441542e+01 +8.839441542e+01 +2.4909e+00 -3.3868e+00 +1.1194e+00
334 +6.907718222e+00 +6.907718222e+00 +7.963771822e+01 +7.963771822e+01 +5.2679e-01 -1.7430e+00 +2.0668e+00
460 +4.626179346e+00 +4.626179346e+00 +7.735617935e+01 +7.735617935e+01 +1.5773e+00 -2.2483e+00 +1.8082e+00
631 +3.215856268e+00 +3.215856268e+00 +7.594585627e+01 +7.594585627e+01 +1.6348e+00 -2.2589e+00 +1.7865e+00
874 +2.377320309e+00 +2.377320309e+00 +7.510732031e+01 +7.510732031e+01 +1.6157e+00 -2.2789e+00 +1.7827e+00
% function evaluation | noise-free fitness - Fopt (1.368700000000e+02) | best noise-free fitness - Fopt | measured fitness | best measured fitness | x1 | x2...
1 +2.430324937e+02 +2.430324937e+02 +3.799024937e+02 +3.799024937e+02 -4.6702e+00 +3.4729e+00 -2.3783e-01
6 +1.105143361e+02 +1.105143361e+02 +2.473843361e+02 +2.473843361e+02 +1.3201e+00 +6.7844e-01 +1.3531e+00
25 +9.229706087e+01 +9.229706087e+01 +2.291670609e+02 +2.291670609e+02 -1.5679e+00 +4.3284e+00 +1.6997e+00
47 +5.375723077e+01 +5.375723077e+01 +1.906272308e+02 +1.906272308e+02 +3.4416e+00 +3.2351e+00 +2.5185e+00
65 +2.931866778e+01 +2.931866778e+01 +1.661886678e+02 +1.661886678e+02 +2.5938e+00 +2.5006e+00 +2.9660e+00
79 +2.203827593e+01 +2.203827593e+01 +1.589082759e+02 +1.589082759e+02 +1.2549e+00 +2.0464e+00 +3.8499e+00
293 +1.226357169e+01 +1.226357169e+01 +1.491335717e+02 +1.491335717e+02 +2.4922e+00 +3.1573e+00 +3.8073e+00
334 +9.373061443e+00 +9.373061443e+00 +1.462430614e+02 +1.462430614e+02 +2.4161e+00 +3.5208e+00 +3.8481e+00
487 +5.039651049e+00 +5.039651049e+00 +1.419096510e+02 +1.419096510e+02 +3.3688e+00 +3.6158e+00 +3.8387e+00
690 +2.904189309e+00 +2.904189309e+00 +1.397741893e+02 +1.397741893e+02 +2.5228e+00 +3.5546e+00 +3.8539e+00
692 +2.386520752e+00 +2.386520752e+00 +1.392565208e+02 +1.392565208e+02 +2.5287e+00 +3.6298e+00 +3.8305e+00
872 +1.411978754e+00 +1.411978754e+00 +1.382819788e+02 +1.382819788e+02 +2.5334e+00 +3.6141e+00 +3.8422e+00
1127 +9.998494340e-01 +9.998494340e-01 +1.378698494e+02 +1.378698494e+02 +2.5174e+00 +3.6102e+00 +3.8545e+00
% function evaluation | noise-free fitness - Fopt (2.196000000000e+01) | best noise-free fitness - Fopt | measured fitness | best measured fitness | x1 | x2...
1 +3.849031945e+03 +3.849031945e+03 +3.870991945e+03 +3.870991945e+03 +2.4454e+00 +3.9614e+00 +3.6624e+00
2 +3.996455871e+02 +3.996455871e+02 +4.216055871e+02 +4.216055871e+02 +4.5286e-01 -2.5915e+00 -4.4329e+00
4 +1.531634890e+02 +1.531634890e+02 +1.751234890e+02 +1.751234890e+02 -2.2393e+00 +1.6003e+00 -1.1537e+00
16 +9.363171591e+01 +9.363171591e+01 +1.155917159e+02 +1.155917159e+02 -6.6767e-01 -4.7446e+00 +1.0780e+00
50 +3.905812942e+01 +3.905812942e+01 +6.101812942e+01 +6.101812942e+01 +2.6939e+00 -1.1929e+00 +5.3583e-01
76 +1.612035678e+01 +1.612035678e+01 +3.808035678e+01 +3.808035678e+01 +3.2382e+00 -5.8974e-01 +1.4754e+00
222 +1.520506013e+01 +1.520506013e+01 +3.716506013e+01 +3.716506013e+01 +3.5954e+00 -5.8078e-01 +1.6952e+00
289 +6.338348882e+00 +6.338348882e+00 +2.829834888e+01 +2.829834888e+01 +2.3520e+00 -1.2863e+00 +1.6601e+00
653 +2.248501321e+00 +2.248501321e+00 +2.420850132e+01 +2.420850132e+01 +2.3479e+00 -6.5706e-01 +1.6918e+00
1047 +1.506780725e+00 +1.506780725e+00 +2.346678072e+01 +2.346678072e+01 +2.2692e+00 -6.1775e-01 +1.6909e+00
1370 +9.991918476e-01 +9.991918476e-01 +2.295919185e+01 +2.295919185e+01 +2.2962e+00 -6.3854e-01 +1.6926e+00
% function evaluation | noise-free fitness - Fopt (-2.139000000000e+01) | best noise-free fitness - Fopt | measured fitness | best measured fitness | x1 | x2...
1 +2.135227772e+02 +2.135227772e+02 +1.921327772e+02 +1.921327772e+02 -3.0765e+00 +2.3652e+00 -2.9754e+00
3 +7.281385386e+01 +7.281385386e+01 +5.142385386e+01 +5.142385386e+01 +3.2388e+00 +1.0644e+00 -7.1935e-01
4 +3.567130393e+01 +3.567130393e+01 +1.428130393e+01 +1.428130393e+01 +3.0685e+00 +3.9752e+00 +3.6251e-01
76 +2.096091717e+01 +2.096091717e+01 -4.290828294e-01 -4.290828294e-01 +2.0676e+00 +2.8725e+00 +1.2195e+00
120 +1.381154500e+01 +1.381154500e+01 -7.578455003e+00 -7.578455003e+00 +1.4602e+00 +2.2253e+00 +1.0823e+00
214 +8.391765328e+00 +8.391765328e+00 -1.299823467e+01 -1.299823467e+01 +1.3072e+00 +1.7268e+00 +1.1273e+00
513 +5.877963505e+00 +5.877963505e+00 -1.551203650e+01 -1.551203650e+01 +3.0648e+00 +2.1793e+00 +1.1125e+00
531 +3.311680794e+00 +3.311680794e+00 -1.807831921e+01 -1.807831921e+01 +3.1240e+00 +2.2559e+00 +1.1131e+00
662 +2.027193933e+00 +2.027193933e+00 -1.936280607e+01 -1.936280607e+01 +3.1596e+00 +2.2000e+00 +1.1135e+00
805 +1.140329451e+00 +1.140329451e+00 -2.024967055e+01 -2.024967055e+01 +3.2030e+00 +2.2286e+00 +1.1295e+00
1011 +9.973511492e-01 +9.973511492e-01 -2.039264885e+01 -2.039264885e+01 +3.2023e+00 +2.2045e+00 +1.1298e+00
% function evaluation | noise-free fitness - Fopt (5.176600000000e+02) | best noise-free fitness - Fopt | measured fitness | best measured fitness | x1 | x2...
1 +1.519694232e+04 +1.519694232e+04 +1.571460232e+04 +1.571460232e+04 -3.5578e+00 -2.0469e+00 +4.4910e+00
3 +3.362200682e+03 +3.362200682e+03 +3.879860682e+03 +3.879860682e+03 -2.3235e+00 -4.7915e+00 +2.4509e+00
5 +2.460339348e+02 +2.460339348e+02 +7.636939348e+02 +7.636939348e+02 -2.1126e+00 +4.7154e+00 -3.3367e+00
9 +8.258989014e+01 +8.258989014e+01 +6.002498901e+02 +6.002498901e+02 -1.6034e+00 +2.4572e+00 -1.1973e+00
90 +5.755468462e+01 +5.755468462e+01 +5.752146846e+02 +5.752146846e+02 -1.2798e+00 +1.4964e+00 +3.1291e-02
123 +3.057450354e+01 +3.057450354e+01 +5.482345035e+02 +5.482345035e+02 -7.8330e-02 +2.1441e+00 +2.2952e-01
147 +2.503073671e+01 +2.503073671e+01 +5.426907367e+02 +5.426907367e+02 +7.1892e-01 +2.5738e+00 +3.6106e-01
199 +1.579013690e+01 +1.579013690e+01 +5.334501369e+02 +5.334501369e+02 +2.7991e+00 +3.2720e+00 -6.5982e-02
408 +5.282174430e+00 +5.282174430e+00 +5.229421744e+02 +5.229421744e+02 +3.9006e+00 +3.1477e+00 +2.6324e-01
539 +3.548040322e+00 +3.548040322e+00 +5.212080403e+02 +5.212080403e+02 +3.8462e+00 +3.1741e+00 +3.1115e-01
543 +1.465126388e+00 +1.465126388e+00 +5.191251264e+02 +5.191251264e+02 +3.8527e+00 +3.1802e+00 +2.7356e-01
993 +9.980534774e-01 +9.980534774e-01 +5.186580535e+02 +5.186580535e+02 +3.8854e+00 +3.1712e+00 +2.8103e-01
