% function evaluation | noise-free fitness - Fopt (-1.000000000000e+03) | best noise-free fitness - Fopt | measured fitness | best measured fitness | x1 | x2...
1 +8.513946958e+01 +8.513946958e+01 -9.148605304e+02 -9.148605304e+02 +5.7775e-01 +4.6818e+00 -4.5931e+00 -2.3796e+00 +2.0536e+00 -7.3284e-01 -1.0862e+00 +3.3942e+00 -2.0010e+00 -1.3074e+00
367 +6.111409708e+01 +6.111409708e+01 -9.388859029e+02 -9.388859029e+02 +2.4006e-01 +1.4825e+00 +2.7323e-01 +1.5149e+00 +1.1509e+00 -5.6615e-01 +6.7886e-01 +1.1208e+00 +3.7082e-01 +1.3734e+00
460 +2.859678835e+01 +2.859678835e+01 -9.714032117e+02 -9.714032117e+02 -6.6937e-02 +1.1760e+00 -5.0989e-01 +2.6835e+00 +2.6509e+00 -9.5987e-03 +9.1659e-01 +2.0531e-01 +4.3853e+00 +1.3880e+00
469 +1.543585794e+01 +1.543585794e+01 -9.845641421e+02 -9.845641421e+02 +6.6486e-01 +4.5817e-01 -8.7855e-02 +2.1686e+00 +2.2694e+00 -9.6684e-01 -2.0802e-01 +1.3284e+00 +4.1344e+00 +1.8567e+00
651 +8.108031603e+00 +8.108031603e+00 -9.918919684e+02 -9.918919684e+02 +3.6827e-01 +7.1450e-01 +6.3872e-01 +3.3199e+00 +3.0484e+00 -1.0197e-01 -1.3201e-01 +3.4436e+00 +3.8435e+00 +1.4153e+00
1381 +4.397130234e+00 +4.397130234e+00 -9.956028698e+02 -9.956028698e+02 +1.8115e+00 +3.9052e-01 -4.4896e-02 +3.1765e+00 +2.8701e+00 -6.4969e-01 +2.6756e-01 +2.5833e+00 +3.6907e+00 +1.3516e+00
1412 +2.301203662e+00 +2.301203662e+00 -9.976987963e+02 -9.976987963e+02 +1.4905e+00 +7.9613e-01 -7.2084e-03 +3.7804e+00 +3.3501e+00 -9.8786e-01 +8.7647e-01 +3.1503e+00 +3.7218e+00 +8.3328e-01
% function evaluation | noise-free fitness - Fopt (1.000000000000e+03) | best noise-free fitness - Fopt | measured fitness | best measured fitness | x1 | x2...
1 +7.726074525e+01 +7.726074525e+01 +1.077260745e+03 +1.077260745e+03 -3.8600e+00 +3.6936e+00 +2.3682e+00 -1.4107e+00 -2.7526e+00 +3.4153e+00 -4.8227e+00 -3.6331e+00 +1.7533e+00 +3.5556e+00
420 +5.104296829e+01 +5.104296829e+01 +1.051042968e+03 +1.051042968e+03 -3.4641e+00 +2.9853e+00 -2.9388e+00 -3.1477e+00 +2.3911e-01 +5.2347e-02 -7.3645e-01 -2.2022e-01 -5.2356e-01 -1.4929e+00
607 +3.358550802e+01 +3.358550802e+01 +1.033585508e+03 +1.033585508e+03 -2.0257e+00 +2.5566e+00 -5.4183e+00 -1.8762e+00 -3.1024e+00 +7.4749e-01 +1.1787e+00 +8.8000e-01 -6.0948e-01 -1.1557e+00
657 +1.107434366e+01 +1.107434366e+01 +1.011074344e+03 +1.011074344e+03 -2.6448e+00 +2.7161e+00 -4.9758e+00 -3.3992e+00 -4.4758e-01 +1.7085e+00 +2.6836e+00 -7.4741e-01 -3.9857e+00 -2.9498e+00
1327 +9.176576543e+00 +9.176576543e+00 +1.009176577e+03 +1.009176577e+03 -2.0141e+00 +3.1681e+00 -5.1698e+00 -4.0037e+00 -3.0785e-01 +1.4662e+00 +1.8385e+00 +3.7796e-01 -3.1190e+00 -2.7044e+00
1718 +5.129405214e+00 +5.129405214e+00 +1.005129405e+03 +1.005129405e+03 -2.3216e+00 +2.6119e+00 -4.8780e+00 -2.0525e+00 -7.7884e-01 +8.2821e-01 +1.0936e+00 -1.4288e-01 -3.2012e+00 -2.1713e+00
1754 +3.308753082e+00 +3.308753082e+00 +1.003308753e+03 +1.003308753e+03 -2.3692e+00 +2.7012e+00 -5.0314e+00 -2.2896e+00 +9.3131e-02 +1.0155e+00 +7.1853e-01 +2.2558e-01 -2.8548e+00 -2.7281e+00
2204 +2.347820121e+00 +2.347820121e+00 +1.002347820e+03 +1.002347820e+03 -2.4514e+00 +2.9598e+00 -5.0471e+00 -2.2235e+00 -2.9261e-01 +1.3166e+00 +9.6662e-01 +7.0692e-01 -2.9148e+00 -2.6239e+00
% function evaluation | noise-free fitness - Fopt (-4.913000000000e+01) | best noise-free fitness - Fopt | measured fitness | best measured fitness | x1 | x2...
1 +8.553862779e+01 +8.553862779e+01 +3.640862779e+01 +3.640862779e+01 +3.6596e+00 +1.6525e+00 -7.3596e-01 +7.0254e-01 -2.3621e+00 +4.2792e+00 +2.1382e-01 +4.5089e+00 -2.4163e+00 -2.4572e+00
132 +5.845166338e+01 +5.845166338e+01 +9.321663383e+00 +9.321663383e+00 +1.8977e+00 -6.2819e-01 -1.5661e+00 -2.0838e+00 -2.2481e+00 -4.7824e+00 -4.3944e+00 +2.4141e+00 -6.9774e-01 +2.5162e+00
282 +3.418808431e+01 +3.418808431e+01 -1.494191569e+01 -1.494191569e+01 -3.2415e+00 +3.1709e+00 -2.3219e+00 -2.6212e+00 +1.7348e+00 -2.7526e+00 -1.0505e+00 +1.5066e+00 +4.2475e+00 -2.7054e+00
659 +1.944469665e+01 +1.944469665e+01 -2.968530335e+01 -2.968530335e+01 +4.7206e+00 -4.3856e+00 -8.9247e-01 -4.4179e-01 +1.4598e+00 +1.2355e+00 +5.8898e-01 +8.9273e-01 -1.2819e+00 +1.7936e+00
1740 +1.439510529e+01 +1.439510529e+01 -3.473489471e+01 -3.473489471e+01 +3.9270e+00 -3.1054e+00 -2.1376e+00 +2.0735e-01 +1.2901e+00 +1.3164e+00 -1.4696e+00 +1.1257e+00 -2.3707e+00 +2.0162e+00
2094 +9.960350862e+00 +9.960350862e+00 -3.916964914e+01 -3.916964914e+01 +4.8315e+00 -1.1873e+00 -1.4577e+00 -1.3779e+00 -1.7412e+00 -4.1610e+00 -4.0839e+00 +4.0673e-01 +1.4260e+00 +2.8650e+00
2109 +3.369762871e+00 +3.369762871e+00 -4.576023713e+01 -4.576023713e+01 +4.2447e+00 +7.5635e-02 -2.4342e+00 +8.7908e-02 -2.0191e+00 -5.3762e+00 -4.8077e+00 -3.3052e-02 +8.8088e-01 +2.6580e+00
2321 +2.197972565e+00 +2.197972565e+00 -4.693202743e+01 -4.693202743e+01 +5.0735e+00 +7.6941e-02 -1.5998e+00 +1.9024e-03 -2.6006e+00 -3.9110e+00 -4.7498e+00 -2.1309e-01 +1.4088e+00 +4.0236e+00
3113 +1.358188147e+00 +1.358188147e+00 -4.777181185e+01 -4.777181185e+01 +4.8950e+00 -7.4819e-03 -1.9005e+00 -1.3837e-01 -2.3459e+00 -4.3569e+00 -4.5958e+00 -2.1729e-01 +1.2056e+00 +3.0992e+00
3367 +9.316922594e-01 +9.316922594e-01 -4.819830774e+01 -4.819830774e+01 +4.2029e+00 +2.3591e-01 -1.9964e+00 +1.6987e-01 -2.6048e+00 -4.4018e+00 -4.8494e+00 -2.9575e-01 +1.3958e+00 +3.0378e+00
% function evaluation | noise-free fitness - Fopt (2.977300000000e+02) | best noise-free fitness - Fopt | measured fitness | best measured fitness | x1 | x2...
1 +8.496942685e+01 +8.496942685e+01 +3.826994268e+02 +3.826994268e+02 -3.4399e+00 -2.3923e+00 -3.6531e+00 -3.5776e-01 -4.2596e-01 -1.5022e+00 +1.2056e+00 -1.9613e+00 -2.2037e-02 -1.3073e+00
36 +5.996012462e+01 +5.996012462e+01 +3.576901246e+02 +3.576901246e+02 +1.5962e+00 +1.4246e-01 +1.5834e-01 -1.4120e+00 +4.4313e-01 +4.4970e-01 +4.1651e+00 +4.6633e+00 +3.0208e+00 +3.1318e+00
545 +3.395703311e+01 +3.395703311e+01 +3.316870331e+02 +3.316870331e+02 +3.6151e+00 -3.2128e+00 +4.9063e+00 -1.4332e-01 -4.3364e+00 +6.8416e-01 -1.8893e+00 +1.7235e+00 +4.0422e+00 +2.5612e+00
667 +1.675477105e+01 +1.675477105e+01 +3.144847711e+02 +3.144847711e+02 +3.5281e+00 -5.4451e-01 +3.9808e+00 -2.4615e+00 -4.1132e+00 -3.3754e-01 -3.9228e+00 +8.6137e-01 +4.6211e+00 +6.8355e-01
711 +1.198650479e+01 +1.198650479e+01 +3.097165048e+02 +3.097165048e+02 +5.6854e+00 -1.2174e+00 +3.6153e+00 -6.2037e-01 -4.0839e+00 -4.6406e-02 -3.9169e+00 +1.6187e+00 +4.7815e+00 +3.1054e+00
806 +9.211202519e+00 +9.211202519e+00 +3.069412025e+02 +3.069412025e+02 +5.8260e+00 -1.0212e+00 +3.8872e+00 -2.4631e+00 -4.6385e+00 -1.3128e+00 -3.3719e+00 +9.9991e-02 +3.1602e+00 +1.3908e+00
1270 +6.255057655e+00 +6.255057655e+00 +3.039850577e+02 +3.039850577e+02 +5.2300e+00 -2.1311e+00 +3.5412e+00 -8.3087e-01 -4.9162e+00 -5.9450e-01 -4.7096e+00 -1.9149e-02 +4.0352e+00 +2.2680e+00
1761 +3.564313418e+00 +3.564313418e+00 +3.012943134e+02 +3.012943134e+02 +4.5110e+00 -2.4229e+00 +2.9603e+00 -1.0010e+00 -4.4532e+00 -4.7751e-01 -4.1305e+00 +2.7647e-01 +4.0163e+00 +2.7298e+00
1768 +1.862386968e+00 +1.862386968e+00 +2.995923870e+02 +2.995923870e+02 +4.3719e+00 -1.8032e+00 +3.0433e+00 -1.5533e+00 -4.6139e+00 -3.2876e-01 -3.7651e+00 +2.1905e-01 +3.4045e+00 +2.3967e+00
2106 +1.471621449e+00 +1.471621449e+00 +2.992016214e+02 +2.992016214e+02 +4.6554e+00 -1.6971e+00 +3.4892e+00 -1.4349e+00 -4.7874e+00 -7.7707e-01 -3.6201e+00 +6.6219e-01 +3.1101e+00 +2.5499e+00
2373 +8.976252037e-01 +8.976252037e-01 +2.986276252e+02 +2.986276252e+02 +4.4732e+00 -1.6919e+00 +3.3919e+00 -1.7869e+00 -4.6107e+00 -7.1381e-01 -3.6312e+00 +5.4794e-01 +3.5196e+00 +2.2735e+00
% function evaluation | noise-free fitness - Fopt (5.157000000000e+01) | best noise-free fitness - Fopt | measured fitness | best measured fitness | x1 | x2...
1 +8.589424862e+01 +8.589424862e+01 +1.374642486e+02 +1.374642486e+02 +2.6613e+00 -4.7921e+00 -2.1071e+00 -3.7074e-01 -3.3655e-01 -3.5559e+00 -1.4366e+00 +2.8214e+00 +2.9435e+00 +1.6927e+00
451 +3.902205338e+01 +3.902205338e+01 +9.059205338e+01 +9.059205338e+01 -1.9378e+00 +1.5061e+00 -3.9302e-01 -2.4340e+00 -6.8087e-01 +1.4935e+00 +2.4362e-01 -2.7571e+00 -1.8325e+00 +5.8866e+00
1101 +2.500428982e+01 +2.500428982e+01 +7.657428982e+01 +7.657428982e+01 -1.7077e+00 -1.0567e+00 -1.4793e+00 -2.4456e+00 -7.2659e-01 +9.8284e-01 -1.6958e-01 -2.6234e+00 -1.7900e+00 +4.8009e+00
% function evaluation | noise-free fitness - Fopt (3.943000000000e+01) | best noise-free fitness - Fopt | measured fitness | best measured fitness | x1 | x2...
1 +8.383938902e+01 +8.383938902e+01 +1.232693890e+02 +1.232693890e+02 +9.1470e-01 +3.6810e+00 -3.7510e-01 -1.0626e+00 -4.8495e-01 -1.0550e+00 -3.2064e+00 -4.8216e+00 -2.2682e-01 -3.3313e+00
205 +5.378085565e+01 +5.378085565e+01 +9.321085565e+01 +9.321085565e+01 +1.1737e+00 +2.7885e+00 -1.6625e+00 -3.7451e-01 +2.9318e+00 +1.0485e+00 -2.4621e+00 -3.3709e+00 -2.1183e+00 -3.5489e-01
1403 +3.816863430e+01 +3.816863430e+01 +7.759863430e+01 +7.759863430e+01 +1.8731e+00 +2.9163e+00 -9.7559e-01 -1.1806e+00 +3.7250e+00 +4.2227e+00 -2.4521e+00 -2.2961e+00 -5.5725e+00 -6.6327e-01
% function evaluation | noise-free fitness - Fopt (1.322900000000e+02) | best noise-free fitness - Fopt | measured fitness | best measured fitness | x1 | x2...
1 +8.565708487e+01 +8.565708487e+01 +2.179470849e+02 +2.179470849e+02 -4.2177e+00 +9.1642e-01 -1.9188e+00 -4.6181e-01 -4.1701e+00 -3.5478e+00 +3.6731e+00 -3.1969e-01 -4.0899e+00 -5.3450e-01
17 +4.358621279e+01 +4.358621279e+01 +1.758762128e+02 +1.758762128e+02 -1.3942e+00 -1.0078e+00 -2.6242e+00 +1.2034e+00 +2.9624e-01 +1.6157e+00 -3.7425e+00 -3.6793e+00 -2.3206e+00 -1.9139e-01
763 +2.979655787e+01 +2.979655787e+01 +1.620865579e+02 +1.620865579e+02 +7.2248e-01 +3.2702e+00 -5.0132e+00 +4.4920e+00 +2.6842e-01 -2.0245e+00 +3.9304e-01 +2.0098e+00 -4.4746e+00 -4.9751e+00
1951 +2.257585976e+01 +2.257585976e+01 +1.548658598e+02 +1.548658598e+02 +1.3616e+00 +2.7725e+00 -4.8647e+00 +4.7250e+00 +3.5596e-01 -2.2307e+00 +9.4554e-01 +2.0683e+00 -3.4679e+00 -4.4728e+00
3672 +1.512020552e+01 +1.512020552e+01 +1.474102055e+02 +1.474102055e+02 +9.2318e-01 +2.8467e+00 -4.2256e+00 +4.2710e+00 +1.4614e+00 -3.2451e+00 +1.5342e+00 +2.7598e+00 -3.0721e+00 -4.5589e+00
% function evaluation | noise-free fitness - Fopt (-4.871000000000e+01) | best noise-free fitness - Fopt | measured fitness | best measured fitness | x1 | x2...
1 +8.048328563e+01 +8.048328563e+01 +3.177328563e+01 +3.177328563e+01 -2.2603e+00 -1.7171e+00 -3.7342e+00 -1.4864e+00 -1.7034e-01 -1.3245e+00 -3.1113e+00 +3.4458e+00 +2.4190e-01 -1.0990e+00
686 +5.699455720e+01 +5.699455720e+01 +8.284557198e+00 +8.284557198e+00 +4.6424e+00 +2.6843e+00 -1.8631e+00 -3.0161e-01 +7.8832e-01 -1.5278e+00 -1.6377e+00 -3.8660e+00 +5.0247e+00 +2.1362e-01
692 +3.842240174e+01 +3.842240174e+01 -1.028759826e+01 -1.028759826e+01 +4.9281e+00 +2.2253e+00 -9.4975e-01 -1.3302e-01 -1.0510e+00 -2.0053e+00 +7.6560e-01 -4.4229e+00 +4.5842e+00 +6.0231e-01
1104 +1.950452939e+01 +1.950452939e+01 -2.920547061e+01 -2.920547061e+01 +3.5624e+00 +3.3747e+00 -8.2342e-01 -1.7013e+00 -4.7862e-01 -3.0165e+00 +6.2978e-01 -5.0073e+00 +4.2224e+00 +3.9332e-01
1151 +1.426182079e+01 +1.426182079e+01 -3.444817921e+01 -3.444817921e+01 +4.0174e+00 +3.8536e+00 -1.3433e+00 -2.0940e+00 -1.6599e+00 -2.8228e+00 -7.4812e-02 -5.5930e+00 +4.5303e+00 +8.7884e-01
1852 +9.962153769e+00 +9.962153769e+00 -3.874784623e+01 -3.874784623e+01 +3.8427e+00 +4.5251e+00 -8.9499e-01 -8.0103e-01 -1.4127e+00 -3.3426e+00 +1.4896e-02 -4.2601e+00 +4.6699e+00 +7.7504e-01
% function evaluation | noise-free fitness - Fopt (-2.833000000000e+01) | best noise-free fitness - Fopt | measured fitness | best measured fitness | x1 | x2...
1 +8.594828541e+01 +8.594828541e+01 +5.761828541e+01 +5.761828541e+01 +4.8480e+00 -2.1079e+00 -9.9350e-01 +4.2190e+00 +3.2236e+00 +3.0754e+00 -3.6542e+00 +9.7231e-02 -3.7817e+00 -3.8219e+00
492 +6.252814765e+01 +6.252814765e+01 +3.419814765e+01 +3.419814765e+01 +4.4372e+00 +1.4671e+00 +3.9674e+00 +3.7661e+00 +3.8186e+00 +3.9390e+00 -1.3882e+00 +2.2872e+00 -4.5810e-01 -1.2874e+00
1200 +3.077820297e+01 +3.077820297e+01 +2.448202968e+00 +2.448202968e+00 -2.3351e+00 +2.4546e+00 +7.3876e-01 -1.7874e-01 -2.7845e-02 +2.9242e+00 +3.3019e+00 -5.8975e-01 -4.1815e+00 +1.3398e+00
1239 +2.059534014e+01 +2.059534014e+01 -7.734659864e+00 -7.734659864e+00 -1.1563e+00 +4.6740e+00 +1.8218e-01 +3.7754e-02 -2.2367e+00 +2.8321e+00 +1.7913e+00 -1.0518e+00 -2.8438e+00 +4.4813e-01
1426 +1.356043639e+01 +1.356043639e+01 -1.476956361e+01 -1.476956361e+01 -5.8908e-01 +4.8808e+00 +1.0205e+00 -1.0888e+00 -2.5668e+00 +3.0705e+00 +2.6785e+00 -1.6741e+00 -3.2463e+00 -3.7510e-01
1856 +9.526024431e+00 +9.526024431e+00 -1.880397557e+01 -1.880397557e+01 -1.4240e+00 +3.5457e+00 +1.3875e+00 -7.3592e-01 -2.9835e+00 +2.9200e+00 +1.1955e+00 -1.3990e+00 -3.0525e+00 +3.2877e-01
2363 +4.166392978e+00 +4.166392978e+00 -2.416360702e+01 -2.416360702e+01 -1.1225e+00 +5.5351e+00 +2.0456e+00 -1.8897e+00 -2.3287e+00 +3.4799e+00 +1.7911e+00 -9.5993e-01 -2.6270e+00 -1.0373e+00
2403 +3.144818958e+00 +3.144818958e+00 -2.518518104e+01 -2.518518104e+01 -1.7133e+00 +4.4001e+00 +1.1371e+00 -1.1977e+00 -2.0915e+00 +2.7450e+00 +2.0249e+00 -1.0690e+00 -2.3848e+00 -5.8342e-01
2615 +2.264107747e+00 +2.264107747e+00 -2.606589225e+01 -2.606589225e+01 -1.3515e+00 +4.4168e+00 +1.7419e+00 -1.2962e+00 -2.4373e+00 +3.0739e+00 +1.8605e+00 -6.1283e-01 -2.8159e+00 -5.2172e-01
% function evaluation | noise-free fitness - Fopt (-1.516100000000e+02) | best noise-free fitness - Fopt | measured fitness | best measured fitness | x1 | x2...
1 +8.580845659e+01 +8.580845659e+01 -6.580154341e+01 -6.580154341e+01 +1.5645e+00 +4.8886e+00 -2.0473e+00 -3.1496e+00 +3.8936e+00 -2.9320e-01 -2.9805e+00 -2.9454e+00 +7.0655e-01 +2.7763e-02
520 +6.170290583e+01 +6.170290583e+01 -8.990709417e+01 -8.990709417e+01 -3.0180e+00 -1.4231e+00 +3.6736e+00 -3.9900e+00 -1.8872e+00 -7.9423e-01 +3.0199e+00 +1.9998e+00 -3.3655e+00 +1.6422e+00
904 +3.385031812e+01 +3.385031812e+01 -1.177596819e+02 -1.177596819e+02 -3.0874e+00 +6.1185e-01 +1.9390e+00 -1.3916e+00 -1.7127e+00 +2.5411e-01 +4.7301e+00 +3.5496e-01 -4.3795e+00 +8.0309e-01
955 +2.511085789e+01 +2.511085789e+01 -1.264991421e+02 -1.264991421e+02 -3.0907e+00 +1.3890e+00 +1.4450e+00 -1.5148e+00 -2.1804e+00 +1.5102e+00 +3.4264e+00 +5.9809e-01 -3.8724e+00 +3.9694e-01
1814 +1.404054585e+01 +1.404054585e+01 -1.375694541e+02 -1.375694541e+02 -4.1833e+00 +6.5851e-01 +2.1713e+00 -2.4094e+00 -3.1856e+00 +2.1741e+00 +3.7998e+00 +1.9538e+00 -3.4312e+00 +6.1293e-01
% function evaluation | noise-free fitness - Fopt (-1.069900000000e+02) | best noise-free fitness - Fopt | measured fitness | best measured fitness | x1 | x2...
1 +8.562929260e+01 +8.562929260e+01 -2.136070740e+01 -2.136070740e+01 +2.9578e+00 +4.4917e+00 -2.2655e+00 -9.5356e-01 +4.3213e+00 +1.9393e+00 +4.6104e+00 -3.1248e+00 -3.9718e-01 +3.9175e+00
20 +5.932981075e+01 +5.932981075e+01 -4.766018925e+01 -4.766018925e+01 -2.0440e+00 +5.3705e-01 +1.2578e+00 +4.6211e+00 +4.0781e+00 +1.9363e+00 +1.0274e+00 -9.1953e-01 +4.0162e+00 +9.7107e-02
754 +3.167887755e+01 +3.167887755e+01 -7.531112245e+01 -7.531112245e+01 +1.3501e+00 -1.9816e+00 +6.8840e-01 +5.0428e-01 +5.7073e-01 +1.1020e+00 -1.8373e+00 +3.0273e+00 +2.0290e+00 -2.1114e+00
1024 +2.436500678e+01 +2.436500678e+01 -8.262499322e+01 -8.262499322e+01 +4.0321e+00 -3.7721e+00 +2.0543e+00 +1.9340e+00 +2.3883e+00 +1.1270e+00 -2.9059e+00 +4.1630e+00 +3.3656e+00 -5.4277e-02
1157 +1.468691228e+01 +1.468691228e+01 -9.230308772e+01 -9.230308772e+01 +3.1392e+00 -3.8437e+00 +7.0406e-02 -8.4866e-01 +4.3012e-01 -2.9325e-01 -2.8092e+00 +2.9943e+00 +1.5505e+00 -6.3292e-01
1259 +8.672689796e+00 +8.672689796e+00 -9.831731020e+01 -9.831731020e+01 +3.4991e+00 -3.7510e+00 +7.6000e-01 -5.4074e-01 +1.3916e+00 +4.7685e-01 -3.8021e+00 +5.0801e+00 +1.5607e+00 -2.1970e-01
1451 +5.936574289e+00 +5.936574289e+00 -1.010534257e+02 -1.010534257e+02 +3.0104e+00 -3.4763e+00 +7.2811e-01 +3.5691e-01 +1.0980e+00 +2.5534e-01 -3.1632e+00 +4.3717e+00 +1.9702e+00 -2.8618e-01
1931 +2.942125211e+00 +2.942125211e+00 -1.040478748e+02 -1.040478748e+02 +3.3477e+00 -4.2571e+00 +1.6588e+00 +1.7132e-01 +1.3600e+00 -3.4053e-01 -3.0377e+00 +4.1124e+00 +2.4675e+00 -1.1514e+00
2003 +2.371741872e+00 +2.371741872e+00 -1.046182581e+02 -1.046182581e+02 +2.7747e+00 -4.5994e+00 +1.9612e+00 -1.5090e-01 +1.1465e+00 -4.3509e-01 -3.1215e+00 +4.2337e+00 +2.4810e+00 -1.2230e+00
% function evaluation | noise-free fitness - Fopt (1.000300000000e+02) | best noise-free fitness - Fopt | measured fitness | best measured fitness | x1 | x2...
1 +8.435016158e+01 +8.435016158e+01 +1.843801616e+02 +1.843801616e+02 +1.1802e+00 -4.4831e+00 +1.4174e+00 -1.8606e+00 -1.7858e-01 +2.2006e+00 -3.6988e+00 +3.3778e+00 -2.4289e+00 -3.1194e+00
451 +5.943568006e+01 +5.943568006e+01 +1.594656801e+02 +1.594656801e+02 -2.9104e+00 +1.1456e+00 -1.3428e+00 +2.3891e+00 -4.2714e+00 -1.9510e+00 -2.1305e+00 +1.8077e+00 +3.4874e+00 +3.0289e+00
458 +3.838742602e+01 +3.838742602e+01 +1.384174260e+02 +1.384174260e+02 -1.8298e+00 +2.0197e+00 -2.0003e+00 +2.9751e+00 -3.9806e+00 -1.2078e+00 -3.9347e+00 +2.5387e-01 +2.0054e+00 +1.3259e+00
801 +2.283341025e+01 +2.283341025e+01 +1.228634103e+02 +1.228634103e+02 -1.3452e+00 +2.0186e+00 -1.9957e+00 +2.5715e+00 -3.9920e+00 -1.6295e+00 -3.8834e+00 +1.1276e-01 +1.8147e+00 +1.1199e+00
1172 +1.000935381e+01 +1.000935381e+01 +1.100393538e+02 +1.100393538e+02 -1.6366e+00 +1.1220e+00 -2.3826e+00 +2.1179e+00 -5.5119e+00 -2.0743e+00 -4.3289e+00 -2.5254e-01 +2.8667e+00 +1.7079e+00
1417 +5.309450857e+00 +5.309450857e+00 +1.053394509e+02 +1.053394509e+02 -2.0852e+00 +8.3241e-01 -2.6978e+00 +1.8631e+00 -5.1531e+00 -7.7851e-01 -4.6017e+00 +6.8935e-01 +3.8548e+00 +2.4131e+00
2853 +3.164344665e+00 +3.164344665e+00 +1.031943447e+02 +1.031943447e+02 -2.0214e+00 -8.0603e-01 -5.6681e-01 +1.9501e+00 -3.3830e+00 -9.2228e-01 -3.5104e+00 +4.8426e-01 +2.3773e+00 +8.2235e-01
2901 +2.069237413e+00 +2.069237413e+00 +1.020992374e+02 +1.020992374e+02 -1.8419e+00 -5.3704e-01 -5.6393e-01 +2.0582e+00 -3.4402e+00 -7.5751e-01 -3.4345e+00 +3.7771e-01 +2.3126e+00 +8.0854e-01
3512 +4.867800991e-01 +4.867800991e-01 +1.005167801e+02 +1.005167801e+02 -1.5224e+00 +8.0784e-02 -4.5517e-01 +8.9962e-01 -3.5723e+00 -8.6339e-01 -3.1170e+00 +3.4437e-01 +1.8741e+00 +1.0072e-01
4581 +2.004507429e-01 +2.004507429e-01 +1.002304507e+02 +1.002304507e+02 -1.6992e+00 -5.3016e-02 -6.8821e-01 +1.0505e+00 -3.4315e+00 -5.0258e-01 -3.3942e+00 +2.3583e-02 +1.9438e+00 +4.1892e-01
4668 +1.468995642e-01 +1.468995642e-01 +1.001768996e+02 +1.001768996e+02 -1.9168e+00 -1.9663e-01 -6.2518e-01 +1.5341e+00 -3.3582e+00 -5.5668e-01 -3.2148e+00 -3.3837e-01 +1.7614e+00 +5.4553e-01
% function evaluation | noise-free fitness - Fopt (-2.788900000000e+02) | best noise-free fitness - Fopt | measured fitness | best measured fitness | x1 | x2...
1 +8.629023080e+01 +8.629023080e+01 -1.925997692e+02 -1.925997692e+02 +3.9884e+00 +1.1896e+00 -2.6099e+00 +4.0845e+00 -2.9591e+00 +2.8227e+00 +4.0480e+00 -4.8591e+00 -2.5013e+00 +4.3308e+00
58 +6.118144189e+01 +6.118144189e+01 -2.177085581e+02 -2.177085581e+02 -2.8963e+00 -7.8331e-01 +6.2668e-01 +3.8569e-02 -2.4396e-01 -2.3740e+00 +1.4347e+00 -3.4701e+00 +1.7721e+00 -1.4113e+00
103 +2.884460505e+01 +2.884460505e+01 -2.500453950e+02 -2.500453950e+02 -4.3683e+00 -2.9021e+00 +2.0989e+00 -1.9424e-01 -1.2510e+00 -3.1838e+00 +3.2987e+00 -3.2187e+00 +1.3709e+00 +8.1991e-01
1254 +1.431127730e+01 +1.431127730e+01 -2.645787227e+02 -2.645787227e+02 -2.5935e+00 -3.5003e+00 +2.3120e+00 -2.6264e+00 -1.3126e+00 -4.6458e+00 +5.1374e+00 -2.1665e+00 +2.9506e+00 -6.4958e-02
1603 +7.671780022e+00 +7.671780022e+00 -2.712182200e+02 -2.712182200e+02 -3.2251e+00 -2.7517e+00 +7.5963e-01 -1.0119e+00 -1.5523e+00 -2.7553e+00 +3.6688e+00 -2.9999e+00 +1.6061e+00 -7.0379e-02
2554 +3.340680809e+00 +3.340680809e+00 -2.755493192e+02 -2.755493192e+02 -2.9537e+00 -1.9747e+00 +9.4711e-01 -1.8393e+00 -5.3663e-02 -3.4048e+00 +4.2212e+00 -3.0251e+00 +2.8882e+00 -4.6678e-01
3356 +2.174698664e+00 +2.174698664e+00 -2.767153013e+02 -2.767153013e+02 -2.5010e+00 -2.7786e+00 +4.3007e-01 -1.5385e+00 -4.8185e-01 -3.2623e+00 +3.8134e+00 -3.3594e+00 +3.1373e+00 -5.5290e-01
4437 +1.273179229e+00 +1.273179229e+00 -2.776168208e+02 -2.776168208e+02 -2.5860e+00 -3.4154e+00 +9.4133e-01 -1.4320e+00 -1.4684e+00 -3.2933e+00 +4.6140e+00 -2.3120e+00 +2.0449e+00 -2.1335e-01
% function evaluation | noise-free fitness - Fopt (5.142200000000e+02) | best noise-free fitness - Fopt | measured fitness | best measured fitness | x1 | x2...
1 +8.604244951e+01 +8.604244951e+01 +6.002624495e+02 +6.002624495e+02 -2.7182e+00 -3.6339e+00 -4.2904e+00 +4.1605e+00 -1.2562e+00 -4.0910e+00 +2.6221e+00 +3.9883e+00 -1.5176e+00 +4.9410e+00
710 +4.475811105e+01 +4.475811105e+01 +5.589781110e+02 +5.589781110e+02 -2.7793e+00 -1.3351e+00 +1.3803e+00 +5.4051e+00 +1.9289e+00 -1.8637e+00 -4.1640e+00 +1.3477e+00 -3.2974e+00 -2.1778e+00
901 +3.906986256e+01 +3.906986256e+01 +5.532898626e+02 +5.532898626e+02 -3.6464e+00 -1.6075e+00 +1.4649e+00 +4.9840e+00 +1.9783e+00 -2.5321e+00 -4.4521e+00 +1.4021e+00 -2.9094e+00 -1.6288e+00
1323 +1.899811268e+01 +1.899811268e+01 +5.332181127e+02 +5.332181127e+02 -7.6536e-01 -1.9546e+00 +2.9246e+00 +2.0306e+00 +2.4780e+00 +1.2785e+00 -4.0662e+00 +9.9207e-01 -4.7200e+00 -2.3675e+00
1552 +1.353399234e+01 +1.353399234e+01 +5.277539923e+02 +5.277539923e+02 -1.7917e+00 -1.7052e+00 +3.6504e+00 +3.3082e+00 +2.8179e+00 +2.8434e-01 -4.4962e+00 +1.8294e+00 -3.7360e+00 -1.8958e+00
2059 +9.443100862e+00 +9.443100862e+00 +5.236631009e+02 +5.236631009e+02 -2.0258e+00 -1.2019e+00 +3.9198e+00 +2.8598e+00 +3.9587e+00 +1.2348e-02 -4.7701e+00 +2.3996e+00 -3.7580e+00 -2.6197e+00
% function evaluation | noise-free fitness - Fopt (6.098800000000e+02) | best noise-free fitness - Fopt | measured fitness | best measured fitness | x1 | x2...
1 +7.688080459e+01 +7.688080459e+01 +6.867608046e+02 +6.867608046e+02 -5.7885e-01 -3.9331e+00 +3.0534e-01 -1.5699e-01 +2.5758e+00 +1.1235e+00 -8.1227e-01 -3.1163e+00 -4.9714e+00 +2.4069e+00
70 +3.266710232e+01 +3.266710232e+01 +6.425471023e+02 +6.425471023e+02 +4.4256e+00 -1.8089e-01 -1.8922e+00 +1.7199e+00 +1.1901e+00 +7.9202e-01 -4.0998e+00 +1.0019e+00 +2.2573e+00 -3.3842e-01
731 +2.099964734e+01 +2.099964734e+01 +6.308796473e+02 +6.308796473e+02 +2.9848e+00 -1.4937e-01 -1.1861e+00 +2.4878e+00 -5.4878e-01 -5.4478e-01 -3.8307e+00 -1.3122e+00 +4.0509e+00 -6.7473e-02
804 +6.477549252e+00 +6.477549252e+00 +6.163575493e+02 +6.163575493e+02 +2.6141e+00 -1.8648e+00 -2.0478e+00 +2.1134e+00 +2.6815e-01 +1.5111e-02 -5.0800e+00 -2.7614e+00 +1.0704e+00 +3.5918e-01
1528 +5.803300380e+00 +5.803300380e+00 +6.156833004e+02 +6.156833004e+02 +2.6520e+00 -2.1519e+00 -3.8093e+00 +1.1263e+00 -1.3957e+00 +5.2941e-01 -3.6192e+00 -4.7125e-01 +9.3135e-01 +7.2323e-02
1955 +2.061708439e+00 +2.061708439e+00 +6.119417084e+02 +6.119417084e+02 +1.9223e+00 -3.0589e-01 -2.2956e+00 +1.7267e+00 +8.2803e-02 -1.5178e-01 -4.6339e+00 -2.1575e+00 +1.7634e+00 -1.2235e-01
2607 +1.311110310e+00 +1.311110310e+00 +6.111911103e+02 +6.111911103e+02 +1.9111e+00 -1.2125e-01 -2.8461e+00 +2.0941e+00 -3.8775e-01 +3.1175e-01 -4.7486e+00 -1.3147e+00 +1.8973e+00 +3.8223e-02
2951 +9.870707951e-01 +9.870707951e-01 +6.108670708e+02 +6.108670708e+02 +1.5795e+00 -2.7812e-02 -2.7599e+00 +2.0117e+00 -3.9219e-01 +1.8687e-01 -4.8550e+00 -1.4635e+00 +1.6020e+00 -1.8643e-01
