% function evaluation | noise-free fitness - Fopt (1.026100000000e+02) | best noise-free fitness - Fopt | measured fitness | best measured fitness | x1 | x2...
1 +3.109553031e+02 +3.109553031e+02 +4.135653031e+02 +4.135653031e+02 -3.3498e+00 +3.2669e+00 +2.3312e+00 -1.4396e+00 -4.7779e-01 -3.0072e+00 +9.6856e-01 +1.3451e+00 +4.6462e+00 -1.3712e-01
6 +1.886179537e+02 +1.886179537e+02 +2.912279537e+02 +2.912279537e+02 +3.0605e+00 +2.5019e+00 -1.1515e-01 +2.0815e+00 -1.9797e+00 -5.5009e-01 +1.4286e+00 -3.9570e+00 -2.1587e-01 -4.1522e-01
138 +1.473611196e+02 +1.473611196e+02 +2.499711196e+02 +2.499711196e+02 +3.1215e+00 -2.5117e+00 -2.9193e+00 +3.2509e+00 +4.6240e-01 -5.1700e-01 +2.0461e+00 -2.3829e+00 +1.8481e+00 +9.2517e-01
525 +8.727210830e+01 +8.727210830e+01 +1.898821083e+02 +1.898821083e+02 +3.8800e-01 -1.4064e+00 -1.1720e+00 +7.3648e-01 -8.3572e-01 +4.9555e-01 +2.4729e+00 +1.7932e-02 +1.2533e+00 +1.3987e+00
3018 +6.256588336e+01 +6.256588336e+01 +1.651758834e+02 +1.651758834e+02 -1.3661e+00 -1.0572e+00 -1.4217e+00 +1.1449e+00 -1.3364e+00 +1.2725e+00 +1.0061e+00 -4.2455e-01 +2.2255e+00 +8.0938e-01
23451 +3.840720596e+01 +3.840720596e+01 +1.410172060e+02 +1.410172060e+02 -3.0193e-01 -5.0999e-01 -1.5457e+00 +1.6528e+00 -1.8665e+00 +1.0493e+00 +2.1696e+00 -5.2858e-01 +9.5383e-01 +1.3581e+00
% function evaluation | noise-free fitness - Fopt (9.330000000000e+01) | best noise-free fitness - Fopt | measured fitness | best measured fitness | x1 | x2...
1 +2.334813511e+02 +2.334813511e+02 +3.267813511e+02 +3.267813511e+02 +1.0756e+00 +2.0145e+00 -3.5709e+00 +3.0070e+00 +3.6579e-01 -4.3559e-01 +4.2865e+00 +2.7683e+00 -2.8122e-01 -8.9723e-01
117 +1.450626586e+02 +1.450626586e+02 +2.383626586e+02 +2.383626586e+02 +6.9979e-01 -7.9566e-01 +1.5552e+00 -1.5109e-02 +6.6832e-01 +9.1632e-04 -2.0422e+00 +0.0000e+00 -2.5801e+00 -7.5115e-01
725 +9.685577442e+01 +9.685577442e+01 +1.901557744e+02 +1.901557744e+02 +1.1117e+00 -1.8717e+00 -3.0469e-01 +2.2977e+00 -1.0405e-01 +1.6294e+00 -1.2741e+00 -7.3609e-01 -2.1316e+00 -1.4763e+00
2289 +4.111925079e+01 +4.111925079e+01 +1.344192508e+02 +1.344192508e+02 +5.2579e-01 -1.0383e+00 +1.4967e+00 +1.9715e+00 -3.1104e-01 +7.5148e-01 -1.3729e+00 -2.2226e-01 -1.4756e+00 -1.2271e+00
6075 +3.660476740e+01 +3.660476740e+01 +1.299047674e+02 +1.299047674e+02 +6.3364e-01 -1.1216e+00 +1.0961e+00 +1.3070e+00 -3.3131e-01 +7.7142e-01 -1.7455e+00 -2.0771e+00 -1.4122e+00 -1.0723e+00
18981 +2.417488872e+01 +2.417488872e+01 +1.174748887e+02 +1.174748887e+02 +6.3566e-01 -1.1368e+00 +1.1290e+00 +1.3024e+00 -3.3777e-01 +7.7525e-01 -1.7570e+00 -2.0859e+00 -1.4218e+00 -1.0351e+00
32901 +1.582450279e+01 +1.582450279e+01 +1.091245028e+02 +1.091245028e+02 +6.3550e-01 -1.1440e+00 +1.1361e+00 +1.3043e+00 -3.2747e-01 +7.9835e-01 -1.7581e+00 -2.0852e+00 -1.4161e+00 -1.0271e+00
% function evaluation | noise-free fitness - Fopt (1.364000000000e+01) | best noise-free fitness - Fopt | measured fitness | best measured fitness | x1 | x2...
1 +2.685531144e+02 +2.685531144e+02 +2.821931144e+02 +2.821931144e+02 -2.6951e+00 -3.6233e+00 -2.5769e+00 +5.6610e-01 -1.8641e+00 +3.4619e-01 -2.2734e+00 +4.3165e+00 +3.0473e+00 -6.0096e-01
28 +2.315615798e+02 +2.315615798e+02 +2.452015798e+02 +2.452015798e+02 +4.1364e+00 +1.2031e+00 +8.4730e-01 -2.8556e+00 +9.6700e-01 +2.0792e+00 +3.5467e+00 -4.8198e-01 -2.1763e+00 +1.3805e+00
108 +1.499246547e+02 +1.499246547e+02 +1.635646547e+02 +1.635646547e+02 +0.0000e+00 +1.4550e+00 +2.2732e+00 -2.9953e+00 -1.5414e+00 +1.2822e+00 -2.1052e-01 -7.1717e-02 -1.6539e+00 -5.4204e-01
247 +8.454127196e+01 +8.454127196e+01 +9.818127196e+01 +9.818127196e+01 +1.4694e+00 +1.6008e+00 -5.4033e-01 -2.3218e+00 -1.2836e+00 +2.8779e+00 +9.3096e-01 -1.3567e-01 -2.1738e+00 -1.7363e+00
1507 +5.327593548e+01 +5.327593548e+01 +6.691593548e+01 +6.691593548e+01 +1.8015e+00 +5.6961e-01 -8.0261e-01 -2.5822e+00 -8.4507e-01 +1.7461e+00 +7.6689e-01 -2.0338e-01 -1.6117e+00 -1.8235e+00
17528 +3.421583911e+01 +3.421583911e+01 +4.785583911e+01 +4.785583911e+01 +1.9758e+00 +5.4735e-01 -7.9768e-01 -2.5829e+00 -8.5020e-01 +1.8953e+00 +7.9546e-01 -1.9699e-01 -1.6266e+00 -1.7412e+00
45807 +2.507745726e+01 +2.507745726e+01 +3.871745726e+01 +3.871745726e+01 +1.9856e+00 +5.2613e-01 -7.8911e-01 -2.5894e+00 -8.5792e-01 +1.8913e+00 +7.9692e-01 -1.8379e-01 -1.6140e+00 -1.7132e+00
% function evaluation | noise-free fitness - Fopt (1.948000000000e+02) | best noise-free fitness - Fopt | measured fitness | best measured fitness | x1 | x2...
1 +2.909669654e+02 +2.909669654e+02 +4.857669654e+02 +4.857669654e+02 +2.0523e+00 -1.9635e+00 -4.7016e-01 -4.6010e+00 +2.6674e+00 +1.0670e+00 -1.0590e+00 +4.2079e+00 -3.8338e+00 -2.8548e+00
2 +1.815988223e+02 +1.815988223e+02 +3.763988223e+02 +3.763988223e+02 -2.5913e+00 +1.3605e+00 +1.0897e+00 -4.9980e+00 -4.3400e-01 +2.7387e-01 +4.6260e+00 +2.6176e+00 -1.5750e+00 -3.0074e+00
65 +1.007087734e+02 +1.007087734e+02 +2.955087734e+02 +2.955087734e+02 -2.1009e+00 -1.2010e+00 +1.5648e+00 -8.9074e-01 -2.6544e+00 +2.7098e+00 +8.0853e-02 +1.5499e+00 -1.1500e+00 +1.6309e+00
126 +9.821661184e+01 +9.821661184e+01 +2.930166118e+02 +2.930166118e+02 -1.4280e+00 -8.4878e-01 +2.5715e+00 -1.7897e-02 -3.2184e+00 +1.4679e+00 +7.1844e-01 +0.0000e+00 -1.0190e+00 -3.5542e+00
1573 +5.788950497e+01 +5.788950497e+01 +2.526895050e+02 +2.526895050e+02 -2.2272e+00 -5.8812e-01 +1.4439e+00 -2.1688e+00 -2.3949e+00 +1.1405e+00 +1.2257e+00 +8.2179e-01 -1.5343e+00 -1.6005e+00
19804 +3.725045903e+01 +3.725045903e+01 +2.320504590e+02 +2.320504590e+02 -1.5615e+00 -5.9696e-01 +7.3465e-01 -1.9877e+00 -2.5161e+00 +1.1536e+00 +1.2018e+00 +7.7815e-01 -1.5814e+00 -1.6724e+00
26275 +2.449671461e+01 +2.449671461e+01 +2.192967146e+02 +2.192967146e+02 -1.5641e+00 -5.8557e-01 +7.3770e-01 -2.0114e+00 -2.5163e+00 +1.1588e+00 +1.2081e+00 +7.8685e-01 -1.5844e+00 -1.6506e+00
% function evaluation | noise-free fitness - Fopt (-1.335900000000e+02) | best noise-free fitness - Fopt | measured fitness | best measured fitness | x1 | x2...
1 +3.483872798e+02 +3.483872798e+02 +2.147972798e+02 +2.147972798e+02 -3.3825e+00 -4.2433e+00 +7.9875e-01 +3.2751e-02 -4.6502e+00 +8.8907e-01 -3.9113e+00 -3.2640e+00 -3.7430e+00 -7.2537e-01
5 +2.402872618e+02 +2.402872618e+02 +1.066972618e+02 +1.066972618e+02 -2.2584e+00 +3.5561e+00 -1.4306e+00 +2.7214e+00 -4.9699e+00 +1.7877e+00 -4.1045e-01 +4.6072e-01 +4.0572e-01 +2.3467e+00
45 +1.556426778e+02 +1.556426778e+02 +2.205267781e+01 +2.205267781e+01 -1.3652e+00 +1.9758e+00 +1.9865e+00 +5.2361e-01 +3.0054e-02 -7.0618e-01 +7.9644e-01 +8.5850e-01 -4.0242e+00 -7.2492e-01
227 +9.150844139e+01 +9.150844139e+01 -4.208155861e+01 -4.208155861e+01 -3.1317e+00 +1.7221e+00 +1.9106e+00 -5.4091e-01 +6.9565e-01 +7.5684e-01 +1.2121e+00 -9.5986e-01 -2.7233e+00 +1.3415e-01
2011 +6.305100269e+01 +6.305100269e+01 -7.053899731e+01 -7.053899731e+01 -2.6147e+00 +2.1694e+00 +1.6411e+00 -2.2670e+00 -1.5736e+00 +2.6660e+00 +1.3599e+00 -1.2764e+00 -1.5260e+00 +2.4423e+00
5537 +3.366116792e+01 +3.366116792e+01 -9.992883208e+01 -9.992883208e+01 -2.6184e+00 +1.8784e+00 +1.5257e+00 -1.9508e+00 -1.4161e+00 +1.9610e+00 +1.7802e+00 -1.7130e+00 -1.5523e+00 +2.4130e+00
13737 +2.509527025e+01 +2.509527025e+01 -1.084947297e+02 -1.084947297e+02 -2.6259e+00 +1.8991e+00 +1.5258e+00 -1.9496e+00 -1.4184e+00 +1.9634e+00 +1.7941e+00 -1.7176e+00 -1.5531e+00 +2.4086e+00
% function evaluation | noise-free fitness - Fopt (1.543700000000e+02) | best noise-free fitness - Fopt | measured fitness | best measured fitness | x1 | x2...
1 +3.973153457e+02 +3.973153457e+02 +5.516853457e+02 +5.516853457e+02 +5.5192e-01 -4.8314e+00 -1.2990e+00 -9.4871e-01 -1.1943e+00 +3.6776e+00 -1.8182e+00 -1.1329e+00 +2.3015e-01 +4.4825e+00
9 +1.903771988e+02 +1.903771988e+02 +3.447471988e+02 +3.447471988e+02 -1.4095e-01 +4.8327e-01 +2.4982e+00 -2.9617e+00 -3.6333e-01 +6.9211e-01 -4.2421e-01 -2.1441e+00 -1.2373e+00 -1.4807e+00
44 +1.439630227e+02 +1.439630227e+02 +2.983330227e+02 +2.983330227e+02 -1.9396e+00 +1.0121e+00 +7.7463e-01 -3.5434e+00 +6.0712e-01 -2.6115e+00 +8.8285e-01 -4.6376e+00 -1.7638e+00 +5.0000e+00
480 +8.559961531e+01 +8.559961531e+01 +2.399696153e+02 +2.399696153e+02 -2.6534e+00 +2.1225e-01 +1.9769e+00 -2.3874e+00 +8.9551e-01 -3.2235e+00 +1.2755e+00 -2.3302e+00 +7.1985e-01 +1.4752e+00
2792 +5.486652815e+01 +5.486652815e+01 +2.092365281e+02 +2.092365281e+02 -1.8653e+00 +2.0043e+00 +2.0099e-01 -1.8306e+00 +1.1880e+00 -1.4943e+00 +9.8309e-01 -1.3381e+00 +1.7823e+00 +2.1503e+00
22663 +3.154687431e+01 +3.154687431e+01 +1.859168743e+02 +1.859168743e+02 -1.6832e+00 +1.8894e+00 +4.2173e-01 -1.8960e+00 +1.1281e+00 -1.9607e+00 +8.0957e-01 -8.2250e-01 +1.7740e+00 +1.2258e+00
% function evaluation | noise-free fitness - Fopt (-2.883300000000e+02) | best noise-free fitness - Fopt | measured fitness | best measured fitness | x1 | x2...
1 +3.358371928e+02 +3.358371928e+02 +4.750719284e+01 +4.750719284e+01 +4.4073e-01 -2.3354e+00 +4.2724e+00 -4.9613e+00 -1.9018e-01 -4.5047e+00 -4.0451e+00 +2.7572e+00 +3.0582e+00 -4.8773e+00
2 +1.790214799e+02 +1.790214799e+02 -1.093085201e+02 -1.093085201e+02 -1.0873e+00 +2.2698e+00 +2.3915e+00 +1.4258e+00 +2.3950e+00 -1.7846e+00 -1.3273e+00 +1.9260e+00 -1.5032e+00 +4.3444e-01
75 +1.504477466e+02 +1.504477466e+02 -1.378822534e+02 -1.378822534e+02 +1.0276e+00 +1.7041e+00 -3.4731e-01 +2.3933e+00 -1.0911e+00 +1.0946e+00 +1.0382e+00 -1.6045e+00 -3.2445e+00 -1.0552e+00
963 +9.785132056e+01 +9.785132056e+01 -1.904786794e+02 -1.904786794e+02 -1.8636e+00 +9.6610e-01 -2.8525e-01 -4.5174e-01 +2.3522e+00 -6.9145e-01 -1.3227e+00 -2.2274e+00 +4.7006e-02 -2.0144e+00
3264 +6.065277786e+01 +6.065277786e+01 -2.276772221e+02 -2.276772221e+02 -1.4139e+00 +2.1320e+00 +4.2747e-01 -9.7186e-02 +1.0440e+00 -9.3380e-01 -4.1638e-01 -2.1650e+00 +1.3545e+00 -1.9284e+00
% function evaluation | noise-free fitness - Fopt (-5.381100000000e+02) | best noise-free fitness - Fopt | measured fitness | best measured fitness | x1 | x2...
1 +3.426438062e+02 +3.426438062e+02 -1.954661938e+02 -1.954661938e+02 +1.8814e+00 +3.9486e+00 +1.2878e+00 +3.9220e+00 -4.2686e+00 +3.7043e+00 -3.4901e+00 -1.2844e+00 -8.4457e-01 -1.1429e+00
12 +2.176118258e+02 +2.176118258e+02 -3.204981742e+02 -3.204981742e+02 -2.5488e+00 -2.7656e+00 -5.8427e-01 -1.3898e+00 -3.1858e+00 -4.3371e+00 -7.7979e-01 -2.3736e-01 -2.8688e+00 +3.4420e+00
91 +1.435085357e+02 +1.435085357e+02 -3.946014643e+02 -3.946014643e+02 -2.1560e+00 -8.7979e-01 +3.3323e+00 +7.2332e-01 -1.7671e+00 +4.4725e-01 +0.0000e+00 +1.7809e+00 -1.7832e+00 -2.8655e-01
387 +9.621592665e+01 +9.621592665e+01 -4.418940734e+02 -4.418940734e+02 -2.1999e+00 -9.7374e-01 +1.3310e+00 -2.6177e+00 -3.9417e+00 +6.8707e-01 -5.2332e-01 -6.9509e-01 -5.9188e-01 -1.0777e-01
11743 +6.084254119e+01 +6.084254119e+01 -4.772674588e+02 -4.772674588e+02 -1.4426e+00 -3.4194e-01 +2.2130e+00 -2.5301e+00 -3.2420e+00 +1.5267e+00 -1.6945e+00 -2.7399e+00 -3.5192e-01 +4.4625e-01
% function evaluation | noise-free fitness - Fopt (7.478200000000e+02) | best noise-free fitness - Fopt | measured fitness | best measured fitness | x1 | x2...
1 +2.059109980e+02 +2.059109980e+02 +9.537309980e+02 +9.537309980e+02 -8.8088e-01 -1.8420e+00 +4.1565e-01 +1.7802e+00 +1.4199e-01 -1.2172e+00 +3.5000e+00 -1.6267e+00 +2.0138e+00 -3.7914e+00
154 +1.527012927e+02 +1.527012927e+02 +9.005212927e+02 +9.005212927e+02 -1.0980e+00 -4.0296e+00 -2.9633e+00 -6.2902e-02 -1.8572e+00 -1.4345e+00 +1.8141e+00 -5.1536e-01 -1.0826e+00 +0.0000e+00
425 +9.712743538e+01 +9.712743538e+01 +8.449474354e+02 +8.449474354e+02 -7.5154e-01 -2.3761e+00 -1.1526e+00 +4.6052e-01 -1.0655e+00 -3.2457e-01 +7.1360e-01 -8.1092e-01 -2.7503e+00 +1.0376e+00
3042 +6.293878716e+01 +6.293878716e+01 +8.107587872e+02 +8.107587872e+02 -8.5897e-01 -2.3629e+00 -2.2901e+00 +6.5832e-01 -2.4390e+00 -1.6789e+00 +1.4565e+00 -1.4942e+00 -1.4806e+00 +1.8645e+00
14772 +3.350458634e+01 +3.350458634e+01 +7.813245863e+02 +7.813245863e+02 -1.6691e+00 -2.9920e+00 -2.2860e+00 +1.3009e+00 -2.0620e+00 -1.0329e+00 +1.0134e+00 -1.5510e+00 -1.2964e+00 +1.8640e+00
% function evaluation | noise-free fitness - Fopt (1.667000000000e+01) | best noise-free fitness - Fopt | measured fitness | best measured fitness | x1 | x2...
1 +4.152704410e+02 +4.152704410e+02 +4.319404410e+02 +4.319404410e+02 +3.5492e+00 +9.8403e-02 +2.5253e+00 +4.8983e+00 +6.2165e-01 -4.7270e+00 +4.8496e+00 +4.1692e+00 -1.1197e+00 -1.4363e+00
3 +3.156474926e+02 +3.156474926e+02 +3.323174926e+02 +3.323174926e+02 -2.2968e+00 -2.2201e+00 +3.7412e-01 -2.2913e+00 +7.7261e-01 +2.5351e+00 +1.6173e+00 -2.3811e+00 -4.0775e+00 -2.8710e+00
17 +2.488618874e+02 +2.488618874e+02 +2.655318874e+02 +2.655318874e+02 +2.6874e+00 +1.0338e+00 +1.5523e+00 +4.1077e+00 +2.1337e+00 -1.9620e+00 +3.4273e+00 -9.2653e-01 +2.1752e+00 -2.2944e+00
98 +1.423605279e+02 +1.423605279e+02 +1.590305279e+02 +1.590305279e+02 +2.5393e-01 -1.2202e+00 +2.8858e+00 -3.2895e-01 +0.0000e+00 +2.1519e+00 +2.4896e+00 -1.1610e+00 -4.3010e-01 -7.8257e-02
529 +8.831720707e+01 +8.831720707e+01 +1.049872071e+02 +1.049872071e+02 -3.9916e-01 -5.6327e-01 +1.0232e+00 -1.7623e+00 -2.9132e+00 +1.7182e+00 +8.9332e-01 +2.4093e+00 -3.0615e+00 +8.3156e-02
1080 +6.183864553e+01 +6.183864553e+01 +7.850864553e+01 +7.850864553e+01 +5.2502e-01 -1.8838e+00 -1.0704e-01 -7.1304e-01 -1.9825e+00 +1.8906e+00 +1.3840e+00 +1.4306e+00 -1.0487e+00 +1.3181e+00
10721 +3.484605420e+01 +3.484605420e+01 +5.151605420e+01 +5.151605420e+01 -1.0001e+00 -1.9651e+00 +4.2168e-01 -6.3139e-01 -2.0268e+00 +1.3949e+00 -2.8139e-01 +1.4053e+00 -1.0112e+00 +1.1115e+00
24481 +2.504962371e+01 +2.504962371e+01 +4.171962371e+01 +4.171962371e+01 -9.8206e-01 -1.9317e+00 +4.2731e-01 -6.5219e-01 -2.0297e+00 +1.3953e+00 -2.9235e-01 +1.3957e+00 -1.0128e+00 +1.1135e+00
% function evaluation | noise-free fitness - Fopt (-6.277000000000e+01) | best noise-free fitness - Fopt | measured fitness | best measured fitness | x1 | x2...
1 +3.643140329e+02 +3.643140329e+02 +3.015440329e+02 +3.015440329e+02 -4.1771e+00 -2.5799e+00 +1.4391e+00 +4.5002e+00 -3.0881e+00 -2.9964e+00 -1.8747e+00 -2.5822e+00 +1.4031e+00 +1.0080e+00
3 +2.354816579e+02 +2.354816579e+02 +1.727116579e+02 +1.727116579e+02 +1.9575e-01 +1.7466e+00 +2.7895e+00 -3.7301e+00 -1.3059e+00 -5.4426e-02 +1.5289e+00 +9.1887e-01 +1.9728e+00 -3.2115e+00
65 +1.571477004e+02 +1.571477004e+02 +9.437770043e+01 +9.437770043e+01 +1.6896e+00 +7.4751e-01 +1.0291e+00 -2.4125e+00 +3.7729e-01 +1.1740e+00 -1.2793e+00 -1.9815e+00 -1.5928e+00 +5.5127e-01
781 +9.479358770e+01 +9.479358770e+01 +3.202358770e+01 +3.202358770e+01 -4.9036e-01 +4.4629e-01 +7.2106e-01 -1.3727e+00 +1.4343e+00 +6.0163e-01 -1.2693e+00 -6.5370e-01 -1.4551e+00 -2.2045e+00
2086 +6.142312031e+01 +6.142312031e+01 -1.346879686e+00 -1.346879686e+00 -6.7719e-01 +2.1180e+00 +6.9788e-01 -7.0498e-01 -1.6475e+00 +1.6917e+00 -1.4423e+00 -6.3383e-01 -1.5896e+00 -2.9413e+00
25086 +3.981066831e+01 +3.981066831e+01 -2.295933169e+01 -2.295933169e+01 -6.3318e-01 +2.0975e+00 +7.4119e-01 -1.6907e+00 -2.1475e+00 +1.6873e+00 -1.4312e+00 -1.8518e-01 -1.8415e+00 -1.2912e+00
% function evaluation | noise-free fitness - Fopt (1.096000000000e+01) | best noise-free fitness - Fopt | measured fitness | best measured fitness | x1 | x2...
1 +2.920475082e+02 +2.920475082e+02 +3.030075082e+02 +3.030075082e+02 -2.7923e+00 -2.2736e+00 -4.3920e-01 -2.9558e+00 +2.2542e+00 -1.2715e-01 +2.9550e+00 -3.8225e+00 -1.8230e+00 -2.6898e+00
8 +2.126955611e+02 +2.126955611e+02 +2.236555611e+02 +2.236555611e+02 -2.5654e+00 -4.3100e+00 -2.6113e+00 +2.8004e+00 +3.2940e+00 +1.6315e+00 -2.7955e+00 +4.2465e+00 -1.3735e+00 -2.7991e+00
81 +1.365726324e+02 +1.365726324e+02 +1.475326324e+02 +1.475326324e+02 -9.3275e-01 -1.2379e+00 -9.8142e-01 +0.0000e+00 +3.7121e+00 -1.0223e+00 -4.7113e-01 +3.7150e+00 -3.9263e+00 -1.2397e+00
218 +9.906124209e+01 +9.906124209e+01 +1.100212421e+02 +1.100212421e+02 +2.4713e+00 -2.0271e+00 -1.2480e+00 +1.6801e+00 +2.5280e+00 +1.0416e+00 -2.2307e+00 +4.0757e+00 -2.6947e+00 +1.6374e+00
6873 +6.050647792e+01 +6.050647792e+01 +7.146647792e+01 +7.146647792e+01 +1.1436e+00 -6.3776e-01 -6.8969e-01 +2.5098e+00 +2.2934e+00 +1.4294e-02 -2.4005e+00 +2.0281e+00 -2.7685e+00 +1.7631e+00
30774 +3.917131449e+01 +3.917131449e+01 +5.013131449e+01 +5.013131449e+01 +1.7390e+00 -1.0671e+00 -1.6856e+00 +1.6086e+00 +2.2666e+00 +9.8193e-01 -1.9515e+00 +1.8584e+00 -1.4097e+00 +1.8146e+00
% function evaluation | noise-free fitness - Fopt (9.038000000000e+01) | best noise-free fitness - Fopt | measured fitness | best measured fitness | x1 | x2...
1 +3.478298559e+02 +3.478298559e+02 +4.382098559e+02 +4.382098559e+02 -1.9017e+00 -6.4258e-01 -5.6806e-02 +6.0332e-01 +3.7628e-01 -2.6247e+00 -3.8371e+00 +2.1119e-01 -4.2139e+00 +4.1000e+00
17 +2.421652448e+02 +2.421652448e+02 +3.325452448e+02 +3.325452448e+02 -7.6375e-01 -7.8028e-01 +8.4523e-01 +4.0957e+00 +1.5788e+00 +1.3327e+00 -7.6023e-01 +4.4154e+00 -1.6473e+00 -2.4700e+00
84 +1.403143538e+02 +1.403143538e+02 +2.306943538e+02 +2.306943538e+02 +1.7024e+00 -4.5750e-01 -1.5032e+00 +7.7567e-01 -5.0000e+00 +2.0181e+00 +2.5365e-01 +1.3854e+00 +3.6267e-01 -1.4011e+00
409 +8.249308628e+01 +8.249308628e+01 +1.728730863e+02 +1.728730863e+02 -2.8672e+00 -9.7769e-01 -1.2988e+00 -9.9358e-01 -2.6321e+00 +1.8234e+00 -1.5578e-01 +1.6237e+00 +6.8082e-01 -7.7538e-01
3726 +5.979860011e+01 +5.979860011e+01 +1.501786001e+02 +1.501786001e+02 -1.9358e+00 -2.3319e+00 -1.8482e+00 -4.0387e-01 -7.1803e-01 +1.8901e+00 -2.1633e+00 +1.4239e+00 +2.8217e+00 -1.2195e+00
3895 +3.706131272e+01 +3.706131272e+01 +1.274413127e+02 +1.274413127e+02 -1.7594e+00 -2.2917e+00 -4.7880e-01 -1.9258e+00 -1.8759e+00 +2.3370e+00 -1.3363e+00 +7.9596e-01 +2.1716e+00 -1.1837e+00
% function evaluation | noise-free fitness - Fopt (-2.635200000000e+02) | best noise-free fitness - Fopt | measured fitness | best measured fitness | x1 | x2...
1 +3.845651160e+02 +3.845651160e+02 +1.210451160e+02 +1.210451160e+02 +1.6003e+00 +4.0604e+00 -3.3489e+00 +3.9546e+00 -4.7441e+00 +2.1172e+00 +3.1857e+00 -3.5271e-01 -1.6775e+00 +2.4225e-01
10 +2.358611711e+02 +2.358611711e+02 -2.765882892e+01 -2.765882892e+01 +2.6929e+00 -3.5244e-01 +3.3230e+00 -2.1681e+00 -1.6219e+00 +2.6322e+00 -2.5212e+00 -2.1167e+00 +4.0249e+00 +1.4030e+00
163 +1.456220178e+02 +1.456220178e+02 -1.178979822e+02 -1.178979822e+02 +2.0137e-01 -2.2764e+00 +2.2907e+00 +1.9281e-02 +8.6075e-02 +9.0731e-01 -1.7522e-01 +1.0797e+00 +2.6262e+00 +2.8474e+00
369 +7.848707443e+01 +7.848707443e+01 -1.850329256e+02 -1.850329256e+02 +1.1653e-01 -1.7265e+00 +2.3598e+00 -2.9222e+00 -1.3331e+00 +8.5598e-02 +6.9862e-01 -1.4704e+00 +1.1847e+00 +6.0815e-01
3346 +6.155593786e+01 +6.155593786e+01 -2.019640621e+02 -2.019640621e+02 +4.3673e-01 -1.7414e+00 +2.2165e+00 -2.5646e+00 -1.5135e+00 -7.9126e-01 +1.0694e+00 -1.4436e+00 +7.1743e-01 +7.4496e-01
7710 +3.666981913e+01 +3.666981913e+01 -2.268501809e+02 -2.268501809e+02 +7.2753e-01 -1.4687e+00 +2.3243e+00 -2.1696e+00 -6.6258e-01 +8.2125e-01 +3.7230e-01 -1.5434e+00 +1.1549e+00 +1.2888e+00
17752 +2.460136031e+01 +2.460136031e+01 -2.389186397e+02 -2.389186397e+02 +7.2750e-01 -1.4671e+00 +2.3272e+00 -2.1686e+00 -6.5554e-01 +8.2763e-01 +3.7110e-01 -1.5669e+00 +1.1583e+00 +1.3117e+00
30190 +1.584080318e+01 +1.584080318e+01 -2.476791968e+02 -2.476791968e+02 +7.5182e-01 -1.4629e+00 +2.3270e+00 -2.1531e+00 -6.5391e-01 +8.2835e-01 +3.6964e-01 -1.5517e+00 +1.1431e+00 +1.3039e+00
% function evaluation | noise-free fitness - Fopt (3.101900000000e+02) | best noise-free fitness - Fopt | measured fitness | best measured fitness | x1 | x2...
1 +2.835354667e+02 +2.835354667e+02 +5.937254667e+02 +5.937254667e+02 -6.7371e-01 -2.9158e+00 +2.1059e+00 -2.8933e+00 +1.3604e+00 -5.9605e-01 +4.7873e+00 +4.7228e+00 +2.7530e+00 -3.9808e+00
4 +2.347663082e+02 +2.347663082e+02 +5.449563082e+02 +5.449563082e+02 -1.5581e+00 -2.6754e+00 +2.5989e+00 -1.7522e+00 +2.7731e-01 +1.8344e+00 -2.4020e+00 +8.0416e-01 -2.6966e+00 -8.8646e-02
176 +1.251544808e+02 +1.251544808e+02 +4.353444808e+02 +4.353444808e+02 -1.1981e+00 +2.0437e+00 -1.0597e+00 -1.4860e+00 +2.9651e-01 -1.4900e+00 +1.8950e+00 -9.3539e-01 -5.5925e-03 -3.6255e-01
201 +9.650991394e+01 +9.650991394e+01 +4.066999139e+02 +4.066999139e+02 -1.7747e+00 +3.7274e+00 -3.2116e+00 -7.1286e-01 -3.3189e-01 -9.7904e-01 +1.1162e+00 +1.3339e+00 +2.3658e+00 -1.1930e+00
2229 +6.001601634e+01 +6.001601634e+01 +3.702060163e+02 +3.702060163e+02 -9.8349e-01 +5.5488e-01 -2.3486e+00 -4.7339e-01 +1.9239e+00 -1.8578e+00 +1.0786e+00 +2.3484e+00 +1.6152e+00 -3.2603e-01
5415 +3.974101839e+01 +3.974101839e+01 +3.499310184e+02 +3.499310184e+02 -9.8277e-01 +1.6334e+00 -2.4641e+00 -5.7729e-01 +1.1497e+00 -2.4369e+00 +1.0809e+00 +2.3949e+00 +1.6331e+00 -3.5033e-01
19828 +2.511700301e+01 +2.511700301e+01 +3.353070030e+02 +3.353070030e+02 -9.6223e-01 +1.6351e+00 -2.4921e+00 -5.7264e-01 +1.1492e+00 -2.4497e+00 +1.0767e+00 +2.3964e+00 +1.5934e+00 -3.9913e-01
