% function evaluation | noise-free fitness - Fopt (-1.694000000000e+01) | best noise-free fitness - Fopt | measured fitness | best measured fitness | x1 | x2...
1 +5.177967149e+01 +5.177967149e+01 +3.483967149e+01 +3.483967149e+01 +2.2895e+00 -2.3877e+00 +9.8174e-01 +7.3752e-01 +3.9299e+00 -3.2175e+00 -1.7427e+00 +2.2906e+00 -1.4501e+00 -3.0176e+00 +1.4014e+00 -3.7853e+00 +1.2173e+00 -2.1851e-01 -3.0370e+00 +4.5710e+00 -2.4065e+00 +4.0692e+00 -3.1649e+00 -3.7894e+00
12 +3.948981448e+01 +3.948981448e+01 +2.254981448e+01 +2.254981448e+01 -4.4815e-01 +3.6095e+00 -2.6099e+00 -6.6619e-01 +1.8528e+00 +3.4317e+00 -2.5519e+00 +4.7626e+00 -4.4574e+00 +1.7645e-01 +3.9447e-01 -1.4330e-01 +2.3037e+00 -4.0712e+00 +2.0654e-01 -2.4335e+00 +1.5030e+00 +4.8367e+00 +1.1505e+00 -3.7273e+00
49 +1.283228258e+01 +1.283228258e+01 -4.107717418e+00 -4.107717418e+00 +2.4622e+00 +1.7620e+00 +1.7362e+00 -2.6647e+00 -1.0986e+00 +2.3496e-01 +3.3364e+00 +7.6470e-01 +3.8647e+00 -4.7954e+00 +3.0733e+00 -2.7004e+00 -7.9049e-01 -9.0673e-01 +2.0111e+00 +4.8636e+00 +4.6684e+00 -1.8102e-01 -2.1650e+00 +4.4961e+00
901 +9.026242386e+00 +9.026242386e+00 -7.913757614e+00 -7.913757614e+00 +3.7036e+00 +1.8744e+00 +4.4618e-01 +1.7983e+00 +4.8058e+00 -2.7097e+00 +1.5234e+00 -1.5035e+00 +3.9716e-01 -3.0644e+00 +3.1088e+00 +4.0430e+00 -6.8000e-01 -3.1877e-01 -1.9842e-01 +3.5882e+00 +4.4777e+00 -1.5600e-01 -1.6771e+00 -4.1449e+00
1713 +5.005649205e+00 +5.005649205e+00 -1.193435080e+01 -1.193435080e+01 +3.9907e+00 +8.2718e-01 +2.1405e+00 +8.2158e-01 +3.0312e+00 +2.3521e-01 +3.3207e+00 -1.5025e+00 +3.9716e-01 -3.0644e+00 +3.1049e+00 -1.4330e-01 -7.9049e-01 -9.0673e-01 +2.0111e+00 +4.8641e+00 +4.6684e+00 -1.8102e-01 -2.1650e+00 +4.4961e+00
3162 +3.965719179e+00 +3.965719179e+00 -1.297428082e+01 -1.297428082e+01 +2.4622e+00 +8.2718e-01 +2.1405e+00 +8.2158e-01 +3.0312e+00 +2.4516e-01 +2.4992e+00 -1.5035e+00 +3.9716e-01 -3.0644e+00 +3.1049e+00 -1.7888e+00 -8.0611e-01 -9.0673e-01 +2.0151e+00 +4.8636e+00 +4.1684e+00 -1.8102e-01 -2.1650e+00 +3.5786e+00
% function evaluation | noise-free fitness - Fopt (1.881000000000e+01) | best noise-free fitness - Fopt | measured fitness | best measured fitness | x1 | x2...
1 +5.232405401e+01 +5.232405401e+01 +7.113405401e+01 +7.113405401e+01 -1.9541e+00 +3.9096e+00 -2.9594e+00 +2.1079e+00 -1.4544e+00 -4.9052e+00 -5.2006e-01 +1.6342e+00 -8.6921e-01 -1.7276e+00 -1.3801e+00 +3.8605e+00 -1.0558e+00 +3.8049e+00 +4.4415e+00 -3.2368e+00 +4.1658e+00 -1.8913e+00 +4.9361e+00 +4.6052e+00
2 +2.923121961e+01 +2.923121961e+01 +4.804121961e+01 +4.804121961e+01 -3.6380e-01 -2.1133e+00 +3.0547e-01 -3.7679e+00 -1.0661e-01 +4.2462e+00 -2.8806e+00 +3.8142e+00 +4.5715e+00 +4.7905e+00 -3.3766e+00 +2.2427e+00 -4.8438e+00 +3.7285e+00 -1.1867e+00 +8.9241e-01 -2.3870e+00 -4.4834e+00 -4.1182e+00 -1.2693e+00
4 +2.034137249e+01 +2.034137249e+01 +3.915137249e+01 +3.915137249e+01 -1.5087e+00 -8.5985e-01 +2.0252e-01 +1.3280e+00 +2.0877e+00 -6.0693e-01 +3.2988e+00 -1.5349e+00 -2.7668e+00 -3.7391e+00 -4.1638e+00 +2.5132e+00 -4.2428e+00 -4.0397e+00 +2.3917e+00 -2.5173e+00 -2.6210e+00 +2.6617e+00 +2.7471e+00 +4.4933e+00
12 +1.422838451e+01 +1.422838451e+01 +3.303838451e+01 +3.303838451e+01 +1.8037e+00 +1.1587e+00 -3.9876e+00 -4.3410e+00 +4.4084e+00 -2.5349e+00 -2.2134e+00 +2.0219e+00 +4.1474e+00 +2.9966e+00 -3.4279e+00 +2.6219e+00 +4.5228e+00 -2.9330e+00 -2.3539e+00 +1.2449e+00 -2.8046e+00 +1.2151e+00 -1.1531e+00 +1.1662e+00
184 +9.930236755e+00 +9.930236755e+00 +2.874023675e+01 +2.874023675e+01 -1.7873e+00 +1.4537e+00 +2.2195e+00 -3.2610e+00 +1.8102e+00 -4.4506e+00 -3.6657e-01 +4.5015e+00 +3.3010e+00 -1.1888e+00 -4.2413e+00 +2.9867e+00 +8.7030e-01 -2.1913e+00 -2.9909e+00 +7.2568e-01 -3.2121e+00 +1.0755e+00 -2.8164e-01 +1.1968e+00
1540 +5.728389339e+00 +5.728389339e+00 +2.453838934e+01 +2.453838934e+01 +1.3055e+00 -1.5340e+00 +5.4535e-01 +1.0034e+00 -1.8067e-01 -2.9936e+00 +4.2235e+00 +2.1745e+00 +2.6640e+00 +4.5785e+00 -3.4279e+00 +2.6219e+00 +4.5228e+00 -2.9330e+00 -2.3539e+00 -1.2053e+00 -1.2106e+00 +3.1352e+00 +1.1560e+00 +6.2277e-01
3491 +3.728067601e+00 +3.728067601e+00 +2.253806760e+01 +2.253806760e+01 +7.2111e-02 -5.3400e-01 +5.4535e-01 +1.0034e+00 +1.8670e+00 -2.9956e+00 +1.1368e+00 -6.9534e-03 +3.0384e-01 +7.2872e-01 -2.5175e+00 +4.1364e+00 +1.7033e+00 +5.9032e-01 -3.4983e+00 -2.2499e+00 -1.2661e+00 +2.6353e+00 -1.3225e+00 +2.1615e+00
% function evaluation | noise-free fitness - Fopt (2.731500000000e+02) | best noise-free fitness - Fopt | measured fitness | best measured fitness | x1 | x2...
1 +9.114571417e+01 +9.114571417e+01 +3.642957142e+02 +3.642957142e+02 +3.2403e+00 +1.3031e+00 +4.6135e+00 -8.5554e-01 +4.8190e+00 +2.3766e+00 -3.9087e+00 -2.8759e+00 +2.2866e+00 +3.2138e+00 -1.2837e+00 +1.3079e+00 -3.8728e-01 +1.2745e+00 -3.4257e+00 -9.2238e-01 +4.6657e+00 +5.9901e-02 -4.4044e+00 +1.9317e+00
2 +5.152421100e+01 +5.152421100e+01 +3.246742110e+02 +3.246742110e+02 -7.1414e-01 +2.2915e+00 -2.0321e+00 +3.9991e+00 +3.0093e+00 -2.0062e+00 -2.3047e+00 -1.1715e+00 -3.8254e+00 -4.2946e+00 -8.7627e-01 -3.8174e-01 -3.9079e+00 -4.0164e+00 +2.3561e+00 -1.1730e+00 -4.3103e+00 +1.8861e+00 -1.0853e+00 -2.0391e+00
5 +2.496926305e+01 +2.496926305e+01 +2.981192631e+02 +2.981192631e+02 -2.5855e+00 +1.6514e+00 +1.8162e+00 -4.8552e+00 -7.4085e-01 -3.1801e+00 -4.4939e+00 -2.6007e+00 -2.6012e+00 +9.8700e-01 +3.1371e+00 -4.0035e+00 -3.4171e+00 -3.3781e+00 +2.8991e+00 -1.9962e+00 +1.6477e+00 +1.1917e+00 +1.1231e+00 -3.0975e+00
179 +1.300862132e+01 +1.300862132e+01 +2.861586213e+02 +2.861586213e+02 -3.5177e+00 +1.9686e+00 +2.5975e+00 -8.3848e-01 +2.9186e+00 -3.7113e+00 -2.1290e+00 +9.6611e-01 -3.1794e+00 +3.2261e-01 -3.8472e+00 +1.0588e+00 -4.9613e+00 +5.0803e-01 -1.0000e+00 -4.7755e+00 +4.0556e+00 +9.2260e-02 +4.3338e+00 -3.6578e+00
800 +9.126647135e+00 +9.126647135e+00 +2.822766471e+02 +2.822766471e+02 -3.5177e+00 +1.9686e+00 +2.5975e+00 -8.3848e-01 +2.9186e+00 -3.9613e+00 -2.1290e+00 +9.6611e-01 -3.1794e+00 +3.2261e-01 -3.8472e+00 +1.7371e+00 +1.0032e+00 +3.4272e-01 +7.4840e-01 -4.9296e+00 +4.0341e+00 +9.2260e-02 +4.3338e+00 -3.6578e+00
1764 +5.361840967e+00 +5.361840967e+00 +2.785118410e+02 +2.785118410e+02 -3.9966e+00 +4.6230e+00 -3.3460e-01 +1.4983e+00 +2.4410e+00 -4.4902e+00 -4.5203e-01 -1.8751e+00 -3.1794e+00 +3.2261e-01 -3.8472e+00 +1.7371e+00 +1.0032e+00 +3.4272e-01 +3.3260e+00 -3.9100e+00 +4.0556e+00 +9.2260e-02 +4.3338e+00 -3.6578e+00
2851 +3.628595678e+00 +3.628595678e+00 +2.767785957e+02 +2.767785957e+02 -3.5177e+00 +3.4360e+00 -3.3460e-01 +1.4983e+00 +2.4410e+00 -4.9466e+00 -2.1290e+00 -9.6611e-01 -3.5978e+00 +4.4673e+00 -1.2947e+00 -8.2789e-01 -2.1831e+00 +5.9728e-01 +3.3255e+00 -3.9100e+00 +4.1591e+00 +9.2260e-02 +4.3338e+00 -3.6578e+00
4365 +2.373644198e+00 +2.373644198e+00 +2.755236442e+02 +2.755236442e+02 -3.5177e+00 +3.9686e+00 -3.3460e-01 +1.4670e+00 +2.4410e+00 -4.4902e+00 -1.4677e+00 -6.0653e-01 -3.4458e+00 +3.6985e+00 -1.9144e+00 +1.0588e+00 -1.4555e+00 +3.5936e-01 +3.8837e+00 -3.7461e+00 +4.0549e+00 +9.2748e-02 +4.3338e+00 -3.6578e+00
% function evaluation | noise-free fitness - Fopt (3.718000000000e+01) | best noise-free fitness - Fopt | measured fitness | best measured fitness | x1 | x2...
1 +1.333442536e+02 +1.333442536e+02 +1.705242536e+02 +1.705242536e+02 -1.0268e+00 -4.8770e+00 -1.1305e+00 +9.1089e-01 -4.4569e-01 -4.2207e+00 +1.5872e-01 +3.3284e+00 +1.2400e+00 -4.8006e+00 +4.5688e+00 -2.0951e+00 -7.9413e-01 -3.3071e+00 +3.5784e+00 -1.2120e+00 -4.4408e+00 +3.5803e+00 -2.7618e+00 -1.5729e+00
2 +5.122821024e+01 +5.122821024e+01 +8.840821024e+01 +8.840821024e+01 +2.9901e+00 -3.7110e+00 +5.0161e-01 +4.0526e+00 +2.4690e+00 +3.2545e+00 -1.8579e+00 +2.1421e+00 +4.7498e+00 +4.8778e+00 -2.2223e+00 +2.3478e+00 +3.6325e+00 +1.0912e+00 +6.1048e-01 -2.2423e+00 +3.0175e-01 +1.4946e+00 +4.8750e+00 +1.6612e+00
3 +3.509387569e+01 +3.509387569e+01 +7.227387569e+01 +7.227387569e+01 -4.0758e+00 -1.5740e+00 -1.2481e+00 +8.3943e-01 +4.3914e+00 -1.5823e+00 -1.5138e+00 -1.5631e-02 +3.4383e+00 +3.1871e+00 -3.1313e+00 +1.3788e+00 +4.2939e+00 -3.5291e+00 +4.3011e+00 +1.0173e-02 +2.1683e+00 -4.8216e+00 -2.7995e-01 -2.5956e+00
4 +2.316262764e+01 +2.316262764e+01 +6.034262764e+01 +6.034262764e+01 +4.8438e+00 -1.3620e+00 -4.5322e+00 +1.7667e+00 +3.0066e+00 +4.6652e+00 +3.4840e+00 -3.2964e+00 -3.0247e+00 -2.8416e+00 -2.0258e-01 -2.3017e+00 -4.1813e+00 +2.7168e+00 +4.5580e+00 +6.9841e-01 -8.2797e-01 +1.7973e-01 -2.2797e-01 +1.0380e-01
6 +1.376774955e+01 +1.376774955e+01 +5.094774955e+01 +5.094774955e+01 -4.1275e+00 -3.6077e+00 +3.3908e-01 +2.6400e+00 -1.2575e+00 +2.5231e+00 -2.6239e-01 -4.0029e+00 +1.5419e+00 +3.8143e+00 -1.1241e+00 +1.4127e+00 +2.7531e+00 +2.0843e+00 +1.6792e+00 -6.1598e-01 +3.2282e+00 -2.8119e+00 -3.3623e+00 +4.8419e+00
424 +9.616690626e+00 +9.616690626e+00 +4.679669063e+01 +4.679669063e+01 -1.1563e+00 -3.9355e-01 -1.0479e+00 -7.5977e-01 -1.7298e+00 -2.1134e+00 -4.3390e+00 -3.4900e+00 +4.9504e-01 +3.9297e+00 -2.1750e-01 -4.8549e+00 +2.7313e+00 -1.9105e+00 +4.9001e+00 +4.7353e+00 -2.4045e+00 -1.9618e+00 +3.5156e+00 -1.9152e-01
1601 +6.157733136e+00 +6.157733136e+00 +4.333773314e+01 +4.333773314e+01 -2.9122e+00 -2.2625e+00 +1.8995e+00 +9.4833e-01 -1.9293e+00 -6.7147e-01 -2.0307e+00 -3.7498e+00 -1.5104e+00 +2.5077e+00 +2.7066e+00 -3.3883e+00 +3.7983e+00 +1.0403e-01 +3.5734e+00 +3.2859e+00 +3.6959e+00 +1.6363e-01 -4.8402e+00 +3.2464e+00
3124 +3.476829245e+00 +3.476829245e+00 +4.065682924e+01 +4.065682924e+01 -4.1862e+00 +2.8899e+00 +1.8996e+00 +9.6396e-01 -1.9293e+00 +7.6231e-01 -1.4304e+00 -2.8010e+00 -1.5455e+00 +4.9859e+00 +4.9204e-01 -3.6038e+00 +1.4378e+00 -4.8518e-01 +4.0571e+00 +1.0203e+00 -3.3361e-01 -1.7378e+00 -1.3457e+00 +9.4816e-01
4244 +1.959785691e+00 +1.959785691e+00 +3.913978569e+01 +3.913978569e+01 -4.1823e+00 +2.8860e+00 +1.8996e+00 +6.0220e-01 -3.0593e+00 -3.7333e-01 -1.3681e+00 -2.8635e+00 -2.1893e+00 +2.8546e+00 +1.6895e+00 -3.0706e+00 +1.1111e+00 -2.4403e+00 +3.6970e+00 +8.1767e-01 -3.3263e-01 -1.7378e+00 -3.0537e+00 +9.4816e-01
% function evaluation | noise-free fitness - Fopt (-1.479000000000e+02) | best noise-free fitness - Fopt | measured fitness | best measured fitness | x1 | x2...
1 +6.555094007e+01 +6.555094007e+01 -8.234905993e+01 -8.234905993e+01 +1.9556e+00 -4.9987e+00 +7.3629e-01 +5.7918e-01 -4.9620e+00 -2.0009e+00 +1.4441e+00 +2.5877e+00 -6.3991e-01 -4.2815e+00 +4.3180e+00 +3.8348e+00 -5.4783e-01 +4.7041e+00 -3.2053e+00 +9.1009e-01 -1.1758e+00 -2.8731e+00 +2.7255e+00 -7.4832e-01
2 +2.114712182e+01 +2.114712182e+01 -1.267528782e+02 -1.267528782e+02 +1.9134e+00 +1.6612e+00 -5.2625e-01 -3.3866e+00 +3.1859e+00 -3.1127e+00 +4.2492e+00 -4.9737e+00 -3.1570e+00 +2.7106e+00 +1.6223e+00 +2.7970e+00 -1.3174e+00 +4.0149e+00 -3.3351e+00 -2.3626e+00 -1.4473e+00 -4.7484e+00 +4.2829e+00 +4.4862e+00
4 +1.534071506e+01 +1.534071506e+01 -1.325592849e+02 -1.325592849e+02 -1.6769e+00 -3.0467e+00 -2.7734e+00 -2.0745e+00 +1.2912e-01 +2.4369e+00 +4.0292e+00 -3.6755e+00 -4.5956e+00 +6.2487e-02 -2.3231e-01 -7.4228e-01 +1.0865e+00 -1.3284e+00 +3.8386e+00 +4.9723e+00 +2.7092e+00 +1.1029e+00 -3.3495e+00 +3.0742e+00
708 +9.853949307e+00 +9.853949307e+00 -1.380460507e+02 -1.380460507e+02 -1.9472e+00 -9.8925e-01 +1.2420e+00 -4.9146e+00 +2.2589e+00 -4.4812e+00 -7.3918e-01 -3.0567e+00 -1.0748e+00 -4.4367e+00 -1.1825e+00 -4.8725e-01 +1.8597e+00 +6.1589e-01 +2.9385e+00 -1.6947e-01 -1.8572e+00 -3.5283e-01 -1.1516e+00 +2.3243e+00
1785 +6.300673662e+00 +6.300673662e+00 -1.415993263e+02 -1.415993263e+02 +1.6223e+00 -8.2089e-01 +1.2087e-01 -3.2306e-01 -2.0814e+00 +1.6507e+00 +6.2005e-01 +5.1612e-01 -8.4761e-01 +1.6278e+00 -4.8734e-01 +2.6898e+00 -1.2446e-01 -3.3983e+00 +3.9503e+00 +1.0097e+00 -4.1727e+00 -3.7898e+00 -4.0832e-01 +2.0165e+00
3030 +3.873836738e+00 +3.873836738e+00 -1.440261633e+02 -1.440261633e+02 +9.7443e-02 +1.4040e+00 +2.4437e+00 -2.3201e+00 -3.1296e+00 +1.3756e+00 -1.6608e+00 -2.9954e+00 -2.2760e+00 +1.6634e+00 -4.8782e-01 +2.6898e+00 -1.2446e-01 -3.3983e+00 +2.1217e-02 +1.3274e+00 -2.7710e+00 -2.0424e+00 -3.5830e+00 +1.7816e+00
% function evaluation | noise-free fitness - Fopt (-2.218900000000e+02) | best noise-free fitness - Fopt | measured fitness | best measured fitness | x1 | x2...
1 +4.589288173e+01 +4.589288173e+01 -1.759971183e+02 -1.759971183e+02 -1.2034e+00 +4.0965e+00 +1.9349e+00 +4.9026e+00 +3.7940e+00 +3.8432e+00 +3.7702e+00 -9.7527e-01 -3.3393e+00 -4.7987e+00 +1.2864e+00 -3.8527e+00 +1.9613e+00 -9.4339e-01 -4.4599e+00 +1.9046e+00 -3.0559e+00 -2.3181e+00 -1.9105e+00 +1.1416e+00
3 +2.988818980e+01 +2.988818980e+01 -1.920018102e+02 -1.920018102e+02 -3.4556e+00 +4.0918e+00 +2.1641e+00 +4.5350e+00 +2.5607e+00 +1.8709e+00 -4.8935e+00 +1.5077e+00 +1.2253e+00 +3.7051e+00 +1.2374e+00 +2.9530e+00 -4.1674e+00 +3.7977e+00 -1.3148e+00 -4.3595e+00 +1.6317e+00 +2.3988e+00 -1.2515e+00 +2.7784e+00
4 +1.919919669e+01 +1.919919669e+01 -2.026908033e+02 -2.026908033e+02 -3.5085e+00 -2.8532e+00 -2.9564e+00 -3.6851e+00 -3.5442e+00 +4.6404e+00 +3.9754e+00 -1.9887e+00 +4.9417e+00 -2.3226e+00 +6.9344e-03 +1.2273e+00 -2.4433e+00 +9.0624e-01 -4.0856e+00 -2.3961e+00 -4.0907e+00 -3.5373e+00 +4.8216e+00 -4.6590e+00
7 +1.559372297e+01 +1.559372297e+01 -2.062962770e+02 -2.062962770e+02 -1.0600e+00 +8.5932e-01 +3.0614e+00 -3.2692e+00 -3.5816e+00 -2.0501e+00 +1.3570e+00 -4.2154e+00 -2.0132e+00 -4.5163e+00 +4.3873e+00 -2.0100e+00 -1.9200e+00 +1.7233e+00 -3.2175e+00 +4.1621e+00 +1.9841e+00 -2.1700e+00 -8.9309e-01 -3.8814e+00
197 +9.830884309e+00 +9.830884309e+00 -2.120591157e+02 -2.120591157e+02 -3.7200e-01 +3.2426e+00 +2.3423e+00 -9.6101e-01 -3.4020e+00 -1.0633e+00 +1.1211e+00 +2.1810e+00 +1.6641e+00 -1.1884e+00 +3.1719e-01 -2.3160e-02 -2.6829e+00 +2.8053e+00 -3.4983e-01 -3.4386e+00 +4.0613e+00 +1.0096e+00 -2.8225e+00 -4.7916e+00
1715 +6.102923478e+00 +6.102923478e+00 -2.157870765e+02 -2.157870765e+02 +2.1181e-01 +9.0117e-01 +1.6861e+00 +7.2572e-01 -2.2714e+00 +1.9845e-01 +4.0919e+00 -4.6208e-01 -1.9239e+00 -3.1607e+00 +7.2244e-01 -2.6689e+00 -4.0421e+00 -5.2221e-01 -6.6292e-01 -5.8710e-01 -6.5582e-01 -7.6676e-01 -3.5952e+00 +7.3272e-01
2880 +3.745546371e+00 +3.745546371e+00 -2.181444536e+02 -2.181444536e+02 -1.9097e+00 +1.6739e-01 +1.6861e+00 +5.9900e-01 -4.5701e-01 +1.0382e+00 +9.3643e-01 +1.8317e+00 -5.1473e-02 -2.1494e+00 +3.2114e+00 -2.6689e+00 -4.2921e+00 -5.2221e-01 -6.6292e-01 -2.5291e+00 -6.5594e-01 -7.6676e-01 -2.5952e+00 +5.5573e-01
% function evaluation | noise-free fitness - Fopt (1.195400000000e+02) | best noise-free fitness - Fopt | measured fitness | best measured fitness | x1 | x2...
1 +2.768683210e+01 +2.768683210e+01 +1.472268321e+02 +1.472268321e+02 -4.1203e+00 +1.4986e-01 -2.2871e+00 -4.1100e+00 +1.9502e+00 -4.0977e+00 +3.2286e+00 -3.4666e+00 +1.5914e+00 -2.7812e+00 -5.0024e-01 -3.5421e+00 -3.0106e+00 +3.5917e+00 +3.2531e+00 -4.2339e+00 -8.0126e-01 +4.3762e+00 +2.4118e+00 -3.8195e+00
3 +1.350548339e+01 +1.350548339e+01 +1.330454834e+02 +1.330454834e+02 +4.5854e+00 -2.4110e+00 -4.2769e+00 -2.2237e+00 -6.1697e-02 +2.3255e+00 -3.6494e+00 +3.6789e+00 +2.8740e+00 -1.6158e-01 -1.0435e+00 +1.3405e+00 -1.9267e+00 -1.5350e+00 +3.1092e+00 +1.9691e+00 +1.1257e+00 -4.2122e+00 -2.0773e+00 +2.4205e+00
580 +9.630600344e+00 +9.630600344e+00 +1.291706003e+02 +1.291706003e+02 +4.6141e+00 +4.2381e+00 +6.3961e-01 -3.6061e+00 +1.9525e+00 -4.3523e+00 +1.0934e+00 +1.1986e+00 +2.4604e-01 -7.2890e-01 -9.8165e-01 -3.6808e+00 +2.3344e+00 +3.6898e+00 -2.8136e+00 -3.4000e+00 -1.2595e+00 +1.6816e+00 +4.1914e+00 +5.1827e-01
2516 +5.331822372e+00 +5.331822372e+00 +1.248718224e+02 +1.248718224e+02 +1.8230e+00 +1.6053e+00 -4.5584e+00 -4.6284e+00 +3.5439e+00 -1.2780e+00 +2.6832e+00 +1.6271e+00 -6.4210e-01 +6.0989e-01 -9.8214e-01 +6.8995e-01 +1.5464e+00 -7.5151e-01 -2.8256e+00 -8.2958e-01 +9.6899e-01 -1.0512e+00 -1.7505e+00 -9.7239e-01
3185 +3.798371626e+00 +3.798371626e+00 +1.233383716e+02 +1.233383716e+02 +2.7692e+00 +1.2247e+00 -3.1942e+00 -1.6742e+00 +3.7885e+00 -3.5715e+00 +1.0934e+00 +1.1986e+00 +2.4604e-01 -1.0444e+00 +8.9466e-01 +6.8995e-01 +1.5464e+00 -7.5151e-01 -2.8256e+00 -1.3887e+00 +9.6899e-01 -2.7421e+00 -1.3298e+00 +6.7096e-01
% function evaluation | noise-free fitness - Fopt (6.983000000000e+01) | best noise-free fitness - Fopt | measured fitness | best measured fitness | x1 | x2...
1 +2.927798950e+01 +2.927798950e+01 +9.910798950e+01 +9.910798950e+01 +7.3598e-01 -2.0078e+00 +2.4673e+00 -4.0929e+00 -9.8277e-01 -1.8257e+00 +1.7703e-01 -5.3512e-01 -8.6122e-01 -3.8321e+00 +4.5190e+00 +2.1855e+00 +3.0827e+00 -6.0021e-01 -1.0823e+00 +2.6011e+00 -1.3688e+00 -4.3366e+00 +6.7577e-01 +2.8144e+00
11 +2.499245147e+01 +2.499245147e+01 +9.482245147e+01 +9.482245147e+01 +2.7570e-01 -3.6209e-01 -4.6367e+00 -2.9318e+00 -3.8139e+00 -4.4625e+00 +3.2451e+00 -4.8238e+00 +4.8504e+00 +4.9152e+00 -4.4318e+00 -3.2695e+00 +2.5916e+00 +4.6827e+00 +3.1614e+00 +3.4293e+00 -9.2417e-01 +4.1776e+00 +1.1006e+00 +3.8735e+00
57 +1.471624924e+01 +1.471624924e+01 +8.454624924e+01 +8.454624924e+01 -4.4356e+00 -4.3438e+00 +7.1021e-01 +3.7478e+00 +1.3589e+00 -3.5136e+00 -1.5608e+00 -2.4584e+00 +3.8518e+00 -8.7137e-01 +1.4710e+00 -1.2666e+00 -1.9322e+00 +4.5781e+00 +3.6418e+00 +1.8164e+00 -3.7689e+00 +1.4695e+00 -1.4977e+00 -3.7561e-01
595 +9.600993863e+00 +9.600993863e+00 +7.943099386e+01 +7.943099386e+01 -3.5641e+00 -1.0878e+00 -4.3645e+00 -3.4671e+00 -5.0166e-01 +4.8919e+00 -6.4862e-01 +3.7642e+00 +4.1689e+00 -2.4079e+00 -1.6029e+00 +1.3592e+00 -1.4068e+00 +2.8639e+00 -3.8376e+00 +4.0980e+00 -3.6900e-01 -3.5217e+00 +1.0980e+00 -3.1469e+00
2652 +5.485672311e+00 +5.485672311e+00 +7.531567231e+01 +7.531567231e+01 -3.5641e+00 -4.3438e+00 -2.3171e+00 -4.0803e-01 +1.5769e+00 +2.2262e+00 -2.0823e+00 +3.3204e+00 +1.9668e+00 -2.9126e-01 -2.7794e+00 +1.3592e+00 -1.4225e+00 +2.0295e+00 +1.7636e+00 +8.1987e-01 -3.3197e+00 +2.7333e+00 +1.8369e+00 +8.9918e-01
3821 +3.673490448e+00 +3.673490448e+00 +7.350349045e+01 +7.350349045e+01 -3.5641e+00 -8.2870e-01 -2.0259e+00 -3.4671e+00 +7.4425e-01 +3.9279e+00 -5.4116e-01 +3.3204e+00 +1.9671e+00 -5.9405e-01 -3.7583e+00 -2.2357e+00 -2.6010e+00 +3.9004e+00 +1.6418e+00 +7.5737e-01 -1.3127e+00 +2.5413e+00 +2.7912e+00 -3.3264e+00
% function evaluation | noise-free fitness - Fopt (7.000000000000e-02) | best noise-free fitness - Fopt | measured fitness | best measured fitness | x1 | x2...
1 +8.553729666e+01 +8.553729666e+01 +8.560729666e+01 +8.560729666e+01 +2.5712e+00 +3.2820e+00 +2.3626e-01 -2.4357e+00 -2.6221e+00 -1.3473e+00 +4.0661e+00 +5.5075e-01 +2.7224e+00 -2.4519e+00 -3.8369e+00 +3.3780e+00 +7.7113e-01 +4.1565e+00 -1.5880e+00 -3.5181e+00 +3.6543e+00 +4.1391e+00 -2.3083e+00 -6.7787e-01
2 +2.881501393e+01 +2.881501393e+01 +2.888501393e+01 +2.888501393e+01 +2.4698e+00 +5.9015e-02 +2.5238e+00 -2.8700e+00 -1.0370e+00 +1.8948e+00 -9.3896e-01 -1.2702e+00 +4.2866e-01 -2.7351e+00 +1.8911e-01 -4.6423e-01 -3.6843e+00 +2.4630e+00 +2.1039e+00 -1.8066e+00 -4.0095e+00 -4.0039e+00 +1.9531e-01 +4.6021e+00
11 +1.465828232e+01 +1.465828232e+01 +1.472828232e+01 +1.472828232e+01 +9.1589e-01 +4.7888e+00 +1.8343e+00 -1.3718e+00 +1.7156e+00 +3.4796e+00 -4.1781e+00 -4.6270e+00 -1.2242e+00 -4.2160e-01 +2.0944e+00 -8.9837e-01 +3.3979e+00 -3.2623e-01 -1.8953e+00 -3.7164e-01 -3.0150e+00 -3.1646e+00 +2.7700e+00 +4.4095e+00
726 +8.596870495e+00 +8.596870495e+00 +8.666870495e+00 +8.666870495e+00 +3.7043e+00 +1.3517e+00 +2.1584e+00 -3.3055e+00 -3.0939e+00 +1.7242e+00 -2.4452e+00 -1.2016e+00 -2.7364e+00 -2.7476e-01 +2.6729e+00 +3.6725e+00 -1.5108e+00 -4.7870e+00 +1.4257e+00 +2.4263e+00 -1.3441e+00 -3.4582e+00 -6.7246e-01 +1.5440e+00
2091 +5.917720013e+00 +5.917720013e+00 +5.987720013e+00 +5.987720013e+00 +3.9543e+00 +1.3517e+00 +2.1584e+00 -1.8466e+00 +3.6031e+00 +1.1646e+00 +1.7134e+00 -4.5075e+00 -1.1840e+00 -2.9568e-01 +3.1286e+00 +3.0901e-01 +3.0686e+00 -2.7324e+00 +6.3201e-01 +4.4611e+00 -3.2650e+00 -3.1646e+00 -1.7851e+00 +1.6216e+00
3929 +3.898731045e+00 +3.898731045e+00 +3.968731045e+00 +3.968731045e+00 +1.2784e+00 -4.8244e-01 +1.7012e+00 -3.0671e+00 +2.6125e-01 +1.7064e+00 +1.7708e+00 -2.9710e+00 -1.0897e+00 +7.8995e-01 +1.2675e+00 +2.7500e+00 +3.9528e+00 -2.7324e+00 +2.1682e+00 +3.8216e+00 +7.5103e-01 -2.0811e-01 -4.5942e+00 +4.9905e+00
% function evaluation | noise-free fitness - Fopt (4.960000000000e+00) | best noise-free fitness - Fopt | measured fitness | best measured fitness | x1 | x2...
1 +7.925658368e+01 +7.925658368e+01 +8.421658368e+01 +8.421658368e+01 +3.3732e+00 -2.9317e+00 -1.7193e+00 -4.0048e+00 +2.0890e-01 -3.1728e+00 -3.3330e-01 -2.2726e+00 +3.6810e+00 +4.3212e+00 -1.8651e+00 +5.6637e-01 +4.1627e+00 -7.8098e-01 -2.1276e+00 +4.2535e+00 +4.1839e+00 -3.3851e+00 -3.0832e+00 +1.1683e+00
8 +5.199219860e+01 +5.199219860e+01 +5.695219860e+01 +5.695219860e+01 +2.8284e+00 +7.3411e-01 -3.0416e+00 -4.2989e+00 +4.2439e+00 -4.6907e-01 -4.5200e+00 -3.5050e+00 -1.6471e+00 -4.7610e+00 -1.8865e+00 +2.8729e+00 -5.8232e-01 -1.7645e+00 +2.4408e+00 +3.0873e+00 +2.8504e+00 +2.6083e+00 +4.8236e+00 -7.8223e-01
20 +3.058581174e+01 +3.058581174e+01 +3.554581174e+01 +3.554581174e+01 +2.2012e+00 -3.8350e+00 -4.1186e+00 -3.2572e+00 -3.5663e+00 +2.9990e+00 -4.7431e+00 +1.8090e+00 -1.8422e+00 -2.4543e+00 -1.5498e+00 -4.9201e+00 +8.9650e-01 +1.1162e+00 +2.1651e+00 -2.7637e+00 +2.8344e+00 -2.3394e+00 -1.1767e+00 -4.6419e+00
48 +2.400071592e+01 +2.400071592e+01 +2.896071592e+01 +2.896071592e+01 +4.0874e+00 -3.8190e+00 +2.4118e-01 -2.2324e-02 -3.2535e+00 -2.0114e+00 +4.7287e+00 -3.3535e-01 -4.4883e+00 +2.4606e+00 +3.2243e+00 +4.7980e+00 -1.8724e+00 +1.9971e+00 -1.8402e+00 +3.4137e+00 +2.7590e+00 +2.1473e+00 -2.8572e+00 -4.1788e+00
92 +1.436611307e+01 +1.436611307e+01 +1.932611307e+01 +1.932611307e+01 +2.4979e+00 +8.2151e-01 +2.3870e+00 -3.6218e+00 -3.2650e+00 -1.0342e+00 +4.1368e+00 +2.8670e+00 -3.3268e+00 -3.4052e+00 +1.2530e+00 -9.3286e-01 +1.9327e+00 -6.2081e-01 +4.7715e+00 +3.8181e+00 +4.1395e+00 +7.4767e-01 -2.3506e+00 -3.0203e+00
865 +8.641767386e+00 +8.641767386e+00 +1.360176739e+01 +1.360176739e+01 +4.2761e+00 +8.2151e-01 +2.3870e+00 -3.6218e+00 -3.2650e+00 -1.0342e+00 +4.1368e+00 +4.1101e+00 -2.3440e+00 -3.6069e+00 +2.1829e+00 +3.7532e+00 +8.6787e-01 +8.0094e-01 +3.9031e+00 -2.5150e+00 +3.9039e-01 -2.6387e+00 +8.1585e-01 -1.1297e+00
1994 +5.838229290e+00 +5.838229290e+00 +1.079822929e+01 +1.079822929e+01 +1.2541e+00 +8.2151e-01 +3.8704e-01 -3.6218e+00 -3.2650e+00 -1.0342e+00 +2.7363e+00 +4.3564e+00 -3.7354e+00 -2.6582e+00 -6.5412e-01 +1.2980e+00 -3.5297e+00 +2.6444e+00 +1.9113e+00 -1.9598e+00 +3.2539e+00 -4.0075e+00 +1.3618e+00 +3.5379e+00
3059 +3.964717389e+00 +3.964717389e+00 +8.924717389e+00 +8.924717389e+00 +2.9471e+00 +1.0785e+00 +1.1876e+00 -3.3230e+00 -3.2650e+00 -1.5342e+00 +2.7363e+00 +1.1945e+00 -4.2451e+00 -2.1466e+00 -6.5412e-01 +3.2980e+00 -3.5297e+00 +2.6444e+00 +1.9113e+00 -1.9598e+00 +3.2539e+00 -2.0514e+00 +2.2167e+00 -1.0806e+00
% function evaluation | noise-free fitness - Fopt (1.923000000000e+02) | best noise-free fitness - Fopt | measured fitness | best measured fitness | x1 | x2...
1 +1.153753065e+02 +1.153753065e+02 +3.076753065e+02 +3.076753065e+02 -1.6118e+00 +3.2090e+00 +1.3292e+00 -3.8007e+00 +2.3162e+00 +6.2678e-01 -4.7265e+00 -4.3974e+00 -2.0978e+00 +4.7329e-01 +3.8932e+00 -3.5220e+00 -1.4522e+00 -3.8507e+00 -4.7927e+00 +2.8721e+00 -2.8841e+00 +4.4497e+00 +1.4663e-01 +3.8117e+00
2 +4.229499568e+01 +4.229499568e+01 +2.345949957e+02 +2.345949957e+02 -5.3639e-01 +3.5505e-01 -1.2018e+00 -4.1089e+00 +1.8153e+00 +2.2478e+00 +4.6228e+00 -2.8278e+00 -1.4938e+00 +4.6369e+00 -1.5882e-01 -3.2780e+00 -1.9820e+00 -4.1763e+00 +4.6849e+00 -4.4969e+00 +3.4149e+00 +1.5283e-01 +4.3081e+00 -1.4929e+00
4 +3.257220800e+01 +3.257220800e+01 +2.248722080e+02 +2.248722080e+02 -1.5334e+00 +4.5109e+00 -3.8660e+00 -4.1950e+00 +3.5928e+00 +3.9030e+00 -2.4487e+00 +1.9484e+00 -3.8040e+00 -4.8846e+00 +4.0822e+00 -2.2610e+00 -3.3875e+00 -4.5545e+00 +6.3864e-01 +4.0263e+00 -2.0068e+00 +5.7785e-01 -3.4910e+00 +2.9518e-01
5 +1.561175431e+01 +1.561175431e+01 +2.079117543e+02 +2.079117543e+02 -1.3749e+00 -4.7828e+00 -3.2677e+00 +3.3491e+00 -2.2958e+00 -1.8600e+00 +4.6007e+00 +2.7218e+00 -1.6776e-02 +5.2822e-01 +3.9897e+00 +1.7589e+00 -4.1728e+00 +3.8925e+00 +2.8449e+00 +1.0528e+00 +3.1252e-01 +4.6410e+00 -5.4751e-01 -5.7039e-02
315 +8.432740438e+00 +8.432740438e+00 +2.007327404e+02 +2.007327404e+02 +4.9432e-01 +2.0734e+00 -1.7333e+00 -3.1646e+00 -2.9671e+00 +5.1984e-01 +4.1621e-01 +2.0232e+00 +1.1607e+00 +2.5883e+00 +3.3336e+00 -2.3649e+00 -1.3520e+00 -2.0590e+00 -1.0799e+00 -2.7377e+00 +3.1880e+00 -3.0518e+00 +2.3120e-01 +3.3061e+00
1254 +6.238949994e+00 +6.238949994e+00 +1.985389500e+02 +1.985389500e+02 -3.0669e+00 +2.0734e+00 -1.7845e+00 +2.8146e+00 -3.7936e+00 +6.8656e-02 -3.4100e+00 +4.0618e+00 +2.8787e+00 +1.4122e+00 +3.2943e+00 +2.1212e+00 -2.2071e+00 -2.0600e+00 -1.0799e+00 -2.7377e+00 +3.1880e+00 -3.0518e+00 +2.3120e-01 +3.3061e+00
2905 +3.421196888e+00 +3.421196888e+00 +1.957211969e+02 +1.957211969e+02 -3.5887e+00 +4.3578e+00 -3.2326e+00 -2.6236e+00 -3.7936e+00 +6.8656e-02 -7.1973e-01 +5.4907e-01 +4.9496e+00 +1.7496e+00 +1.9224e+00 +1.2680e+00 -8.8228e-01 -2.0341e+00 +2.4534e+00 -3.7558e+00 +1.0010e+00 -2.6197e+00 +2.3119e-01 +2.6209e+00
3977 +2.509254541e+00 +2.509254541e+00 +1.948092545e+02 +1.948092545e+02 -3.5422e+00 +2.7769e+00 -3.2326e+00 -2.6236e+00 -3.7955e+00 +6.8652e-02 -7.1973e-01 +1.5491e+00 +3.8826e+00 +4.1314e-01 +1.7974e+00 +1.2680e+00 -7.5728e-01 -2.0340e+00 +2.4534e+00 -3.7558e+00 +1.0010e+00 -2.6197e+00 +4.7016e-01 +1.2187e+00
% function evaluation | noise-free fitness - Fopt (4.971000000000e+01) | best noise-free fitness - Fopt | measured fitness | best measured fitness | x1 | x2...
1 +2.236463795e+01 +2.236463795e+01 +7.207463795e+01 +7.207463795e+01 +1.1230e+00 -4.5293e+00 +3.3746e+00 +2.7673e+00 -7.3296e-01 +5.0765e-01 -3.8005e-01 +1.9318e+00 +3.7266e+00 +2.1476e+00 -3.5472e+00 +3.8301e+00 +1.6921e+00 +4.6436e-01 -7.2011e-01 -2.7719e+00 +2.9726e+00 +7.6512e-01 +2.1591e+00 -6.2316e-01
15 +1.362467401e+01 +1.362467401e+01 +6.333467401e+01 +6.333467401e+01 +3.4786e-01 -1.9553e+00 -3.1444e+00 +1.8921e+00 -1.7453e-01 +2.2494e+00 -3.0046e+00 -2.8790e+00 -1.1142e+00 -2.9835e+00 -2.9949e+00 +4.4816e-01 +7.0160e-01 +5.9990e-01 -2.5998e+00 +1.7077e+00 +3.8856e+00 -7.2732e-01 -8.9014e-01 +1.7672e+00
288 +9.435925490e+00 +9.435925490e+00 +5.914592549e+01 +5.914592549e+01 +3.4470e+00 -1.9253e+00 +8.6530e-01 +1.9157e+00 +3.8614e+00 +4.8148e+00 -1.5752e+00 -3.3256e-01 -3.2097e+00 +2.1779e+00 -1.4841e-01 -1.5144e+00 +3.8451e+00 -1.4161e+00 -2.4792e+00 -1.7312e+00 -7.0881e-01 -2.5873e-01 +3.3349e+00 +2.8485e+00
1923 +5.943081565e+00 +5.943081565e+00 +5.565308156e+01 +5.565308156e+01 +3.1410e+00 -4.5680e+00 -1.0614e+00 +2.1218e+00 -3.8967e+00 +3.9361e+00 -1.7631e+00 -2.2008e+00 -4.2738e-01 +3.6386e+00 -2.5298e+00 -4.1620e-01 +7.0160e-01 +5.9990e-01 -2.5998e+00 +1.7077e+00 -7.0881e-01 -1.4657e+00 +6.1556e-01 +3.2861e+00
2831 +3.706248538e+00 +3.706248538e+00 +5.341624854e+01 +5.341624854e+01 +4.6904e+00 -2.7134e+00 -1.1597e+00 +1.6421e+00 -1.7551e-01 +2.2494e+00 -3.0046e+00 -8.7903e-01 -4.2738e-01 +3.6386e+00 -3.4864e+00 +3.8004e+00 +7.0201e-01 +1.8084e+00 -5.4995e-01 +1.8723e+00 -2.9247e+00 -7.3421e-01 -1.7485e+00 +3.7048e+00
% function evaluation | noise-free fitness - Fopt (2.051200000000e+02) | best noise-free fitness - Fopt | measured fitness | best measured fitness | x1 | x2...
1 +1.700370081e+01 +1.700370081e+01 +2.221237008e+02 +2.221237008e+02 -1.3431e-01 +2.0435e+00 +1.3841e+00 +4.3692e+00 -3.9156e+00 +4.9002e+00 +3.0593e+00 +2.5586e+00 -9.5513e-01 +4.8242e+00 +4.0925e-01 -5.3857e-01 +4.1068e+00 -4.7062e+00 +6.3237e-01 -2.0417e+00 +4.4934e+00 +4.5361e+00 -6.4050e-01 +2.9758e+00
11 +1.398644158e+01 +1.398644158e+01 +2.191064416e+02 +2.191064416e+02 +1.6906e+00 +3.8741e-01 -2.1040e-02 -2.1504e+00 -1.0873e+00 +3.7538e-01 +1.8345e+00 -4.3951e+00 +2.9877e+00 -2.3777e+00 -3.3122e+00 -4.0465e-01 -1.1831e+00 -5.4546e-02 +1.2622e+00 -2.2348e+00 -2.9543e+00 -1.0739e+00 +2.8631e+00 +3.4106e+00
871 +8.899020763e+00 +8.899020763e+00 +2.140190208e+02 +2.140190208e+02 +3.1696e-01 +4.0778e+00 -3.3095e+00 -4.3360e+00 -4.7744e+00 +2.8506e+00 +3.1076e+00 +3.3492e+00 -1.3371e+00 +2.6437e+00 -4.7257e-01 +4.4977e+00 -2.4251e+00 -3.3639e+00 -2.1575e-01 -4.8881e+00 -1.3787e+00 -3.0005e+00 +6.7455e-01 +3.3832e+00
1712 +4.752778635e+00 +4.752778635e+00 +2.098727786e+02 +2.098727786e+02 -2.1057e+00 +3.0192e+00 -3.1959e+00 -4.2531e+00 -3.2500e+00 -2.8490e-01 +1.9286e+00 +3.9225e+00 +3.7864e+00 +3.3426e+00 +3.6158e+00 +4.2316e+00 +7.9836e-01 -2.4376e+00 +7.8651e-01 -4.8203e+00 -2.1530e+00 -1.7912e-01 +6.9965e-01 +4.9064e+00
3063 +3.776204941e+00 +3.776204941e+00 +2.088962049e+02 +2.088962049e+02 -2.1057e+00 +4.5661e+00 -3.1959e+00 -3.6447e+00 -4.4896e-03 +3.7841e+00 -8.4365e-02 +3.1257e+00 +2.9493e+00 +2.8854e+00 +2.1508e+00 +3.6737e+00 -1.1831e+00 -1.8877e+00 +7.8627e-01 -2.3537e+00 -2.1529e+00 -1.7912e-01 +6.6154e-01 +2.7811e+00
% function evaluation | noise-free fitness - Fopt (-1.729000000000e+02) | best noise-free fitness - Fopt | measured fitness | best measured fitness | x1 | x2...
1 +5.361630160e+01 +5.361630160e+01 -1.192836984e+02 -1.192836984e+02 -4.3635e+00 -1.3922e+00 -1.2872e-01 +4.8413e+00 +7.3790e-01 +4.6168e+00 -2.7068e+00 -3.3636e+00 +2.4909e-01 +4.9358e+00 -4.3943e-01 -2.3452e+00 -4.4478e+00 -2.1117e+00 +1.3655e+00 -3.2671e+00 -4.3995e+00 -3.7672e-01 +4.1937e-01 +4.9310e+00
2 +3.184955268e+01 +3.184955268e+01 -1.410504473e+02 -1.410504473e+02 -3.2590e+00 +1.8167e-01 +1.1940e+00 -5.2325e-01 -3.2996e+00 -4.4881e+00 +7.8806e-01 +3.1680e+00 +3.4714e+00 -2.7302e+00 -4.6408e-01 +4.2520e+00 +8.7017e-01 +4.2769e+00 -2.6512e+00 +4.6253e+00 -2.3822e+00 +8.9763e-01 -4.7792e+00 +6.5814e-01
8 +2.162041417e+01 +2.162041417e+01 -1.512795858e+02 -1.512795858e+02 +8.1585e-01 +2.2124e+00 +4.4769e-01 +4.9336e+00 -4.4818e+00 -2.8561e+00 +1.2648e+00 -8.1897e-01 -1.8523e+00 -1.1327e+00 +4.6505e-01 +1.5164e+00 -3.5085e+00 +1.5775e+00 +3.0320e+00 +6.9766e-01 +1.8798e+00 -1.8968e-01 +3.5075e+00 -2.2120e+00
354 +1.456285782e+01 +1.456285782e+01 -1.583371422e+02 -1.583371422e+02 -3.6592e+00 -1.0612e+00 +4.9265e+00 +5.1090e-01 -3.9398e+00 +1.5818e+00 +1.9509e-01 -4.3373e+00 -1.6146e+00 -3.8585e+00 -2.1877e+00 +4.9431e+00 -3.3780e+00 +1.0656e+00 +3.1850e+00 -2.7813e+00 +2.0781e+00 +1.4639e+00 -3.4842e+00 -3.1220e+00
995 +8.160290448e+00 +8.160290448e+00 -1.647397096e+02 -1.647397096e+02 -2.8236e+00 -2.8965e+00 +2.9261e+00 -1.3582e+00 -4.0516e+00 +1.0312e+00 -1.4686e-01 +3.3074e+00 -2.9082e+00 +1.8796e+00 +1.4104e+00 +9.9264e-01 -1.7980e+00 -3.9886e+00 -1.6826e-01 -1.1495e+00 +6.0993e-01 +9.9251e-01 -2.3969e+00 -6.0144e-01
1996 +6.005575900e+00 +6.005575900e+00 -1.668944241e+02 -1.668944241e+02 -2.2008e+00 -8.9854e-01 +4.1023e+00 -1.3582e+00 -4.0516e+00 +1.0312e+00 -1.4686e-01 +3.3074e+00 -2.9082e+00 +1.8796e+00 +3.3764e+00 +2.2602e+00 -4.0071e+00 -4.4525e+00 +1.8812e+00 -1.1495e+00 +6.0996e-01 -3.9766e+00 -1.2217e+00 +1.5519e+00
3496 +3.850538223e+00 +3.850538223e+00 -1.690494618e+02 -1.690494618e+02 -3.2028e+00 -8.9854e-01 +4.1023e+00 -1.3582e+00 -4.0535e+00 -1.6306e+00 +5.8650e-01 +3.3074e+00 -2.9082e+00 +1.8796e+00 +1.4104e+00 +2.2602e+00 -4.0227e+00 -3.9886e+00 -1.6827e-01 -1.1495e+00 +5.4743e-01 -3.3272e+00 -4.1528e+00 +1.5519e+00
% function evaluation | noise-free fitness - Fopt (-3.506200000000e+02) | best noise-free fitness - Fopt | measured fitness | best measured fitness | x1 | x2...
1 +4.276147924e+01 +4.276147924e+01 -3.078585208e+02 -3.078585208e+02 -1.3384e+00 +2.1285e+00 -3.9346e+00 -4.3419e+00 -4.4804e+00 +1.5807e+00 +3.6932e+00 -2.2738e+00 -4.1912e+00 +2.8924e+00 +1.4748e+00 +3.3004e+00 -3.7479e+00 -4.7868e+00 -1.0288e+00 +1.3225e+00 -4.6930e+00 -4.8667e+00 +1.9120e+00 +1.6527e-02
6 +3.572670708e+01 +3.572670708e+01 -3.148932929e+02 -3.148932929e+02 +1.1184e+00 -9.7038e-01 +9.6373e-01 -3.9766e+00 +2.8204e+00 +3.1034e+00 -2.0371e+00 +1.0103e+00 -2.6926e+00 +3.3199e+00 -4.8100e+00 -2.3106e+00 -4.1116e+00 +2.8576e+00 +1.1619e+00 +1.2428e+00 -1.0988e+00 +4.3200e+00 -2.7442e+00 +2.4382e+00
55 +2.277455891e+01 +2.277455891e+01 -3.278454411e+02 -3.278454411e+02 -1.2009e-01 -4.2539e+00 +8.6340e-01 +1.4557e+00 +3.7070e+00 +3.4865e+00 +4.4189e+00 -1.5791e-01 -4.5552e+00 -1.8710e+00 -3.2742e-01 -4.8681e+00 +1.0697e+00 +2.2056e+00 -9.3558e-01 -2.3544e+00 -4.9489e+00 -1.1026e+00 -4.4163e+00 +1.7470e+00
225 +1.284526923e+01 +1.284526923e+01 -3.377747308e+02 -3.377747308e+02 -1.7225e+00 -4.9791e+00 +1.9978e+00 -5.4716e-01 +2.2296e+00 +3.2476e+00 +7.1478e-01 -3.3504e+00 +3.3163e-01 +1.5986e+00 +8.4868e-01 -4.0045e+00 -2.7018e+00 +3.9707e+00 +3.5059e+00 -3.7636e+00 +2.6777e-01 -3.6435e-01 +4.6493e+00 -4.5044e-01
902 +9.475105637e+00 +9.475105637e+00 -3.411448944e+02 -3.411448944e+02 -2.8397e+00 -4.9843e+00 -1.8349e+00 +1.5216e+00 -4.5236e+00 +1.5650e+00 +3.7244e+00 -2.2738e+00 -4.1912e+00 +2.3924e+00 +1.4746e+00 -4.4662e+00 -9.5388e-01 +2.8088e+00 +3.5059e+00 -3.7636e+00 -1.3438e+00 -4.8318e+00 +2.4779e+00 +1.5708e+00
2083 +5.976057067e+00 +5.976057067e+00 -3.446439429e+02 -3.446439429e+02 -3.5364e+00 -4.6877e+00 +1.0094e+00 +1.3166e+00 +2.2296e+00 +3.2476e+00 +2.6596e+00 +3.2697e+00 -1.0125e+00 +4.2073e+00 +1.1196e+00 -4.9624e+00 -2.9431e-01 +4.0603e+00 +3.8982e+00 -1.8524e+00 -2.6429e+00 -2.9265e+00 +1.0266e+00 +4.5434e+00
3412 +3.915780691e+00 +3.915780691e+00 -3.467042193e+02 -3.467042193e+02 -4.2111e+00 -4.6877e+00 -1.7509e+00 +2.2333e+00 -5.5674e-01 +4.4448e+00 +3.1321e+00 +1.6405e+00 +5.9876e-01 +4.2236e+00 +1.1196e+00 -4.5664e+00 +2.6620e+00 +3.3468e+00 +3.6301e+00 -1.8524e+00 -2.0971e+00 -1.4315e+00 +2.1527e+00 +2.8809e+00
