% function evaluation | noise-free fitness - Fopt (7.135000000000e+01) | best noise-free fitness - Fopt | measured fitness | best measured fitness | x1 | x2...
1 +5.580336308e+01 +5.580336308e+01 +1.271533631e+02 +1.271533631e+02 +1.5719e+00 -1.2234e+00 +1.3018e+00
5 +2.455123359e+01 +2.455123359e+01 +9.590123359e+01 +9.590123359e+01 -2.3768e-01 -4.1303e+00 -1.0786e+00
57 +1.443722765e+01 +1.443722765e+01 +8.578722765e+01 +8.578722765e+01 +3.6309e+00 +1.1640e+00 -3.6447e+00
77 +5.197129589e+00 +5.197129589e+00 +7.654712959e+01 +7.654712959e+01 +4.4854e+00 +3.3899e+00 +3.0746e+00
916 +2.222923361e+00 +2.222923361e+00 +7.357292336e+01 +7.357292336e+01 +5.3062e+00 -8.4037e-01 +4.4671e+00
1066 +1.556196259e+00 +1.556196259e+00 +7.290619626e+01 +7.290619626e+01 +5.2714e+00 -8.4037e-01 +4.4671e+00
2095 +7.743967325e-01 +7.743967325e-01 +7.212439673e+01 +7.212439673e+01 +2.5006e+00 +5.3890e-01 +1.9437e+00
2823 +4.214340746e-01 +4.214340746e-01 +7.177143407e+01 +7.177143407e+01 +2.7012e+00 +2.6253e-01 +1.9970e+00
% function evaluation | noise-free fitness - Fopt (-3.552200000000e+02) | best noise-free fitness - Fopt | measured fitness | best measured fitness | x1 | x2...
1 +2.044057132e+02 +2.044057132e+02 -1.508142868e+02 -1.508142868e+02 -4.1705e+00 +8.4590e-01 -3.4489e+00
2 +1.063086393e+02 +1.063086393e+02 -2.489113607e+02 -2.489113607e+02 -1.3285e+00 +4.9128e+00 +4.8239e+00
3 +9.895848317e+01 +9.895848317e+01 -2.562615168e+02 -2.562615168e+02 -3.6091e+00 +1.8584e+00 -4.0228e+00
4 +2.309994624e+01 +2.309994624e+01 -3.321200538e+02 -3.321200538e+02 +4.5469e+00 -4.2716e+00 -2.4535e+00
45 +1.191663642e+01 +1.191663642e+01 -3.433033636e+02 -3.433033636e+02 +4.8609e+00 -2.2952e+00 +4.1545e+00
83 +7.982191412e+00 +7.982191412e+00 -3.472378086e+02 -3.472378086e+02 +1.5787e-01 +2.7273e+00 +1.6702e+00
106 +3.860831248e+00 +3.860831248e+00 -3.513591688e+02 -3.513591688e+02 +1.7254e+00 +2.1295e+00 -3.6703e+00
361 +5.643592755e-01 +5.643592755e-01 -3.546556407e+02 -3.546556407e+02 +1.7254e+00 +1.9035e+00 -4.3962e+00
1623 +1.926052192e-01 +1.926052192e-01 -3.550273948e+02 -3.550273948e+02 +1.7212e+00 +2.0506e+00 -4.1915e+00
1626 +5.188824978e-02 +5.188824978e-02 -3.551681118e+02 -3.551681118e+02 +1.7208e+00 +2.0638e+00 -4.0789e+00
1697 +2.312911991e-02 +2.312911991e-02 -3.551968709e+02 -3.551968709e+02 +1.7212e+00 +2.0506e+00 -4.1150e+00
1848 +1.177672878e-02 +1.177672878e-02 -3.552082233e+02 -3.552082233e+02 +1.7208e+00 +2.0638e+00 -4.1363e+00
1906 +7.605706841e-03 +7.605706841e-03 -3.552123943e+02 -3.552123943e+02 +1.7169e+00 +2.0720e+00 -4.1363e+00
1936 +2.204464913e-03 +2.204464913e-03 -3.552177955e+02 -3.552177955e+02 +1.7169e+00 +2.0648e+00 -4.1363e+00
2213 +1.276653686e-03 +1.276653686e-03 -3.552187233e+02 -3.552187233e+02 +1.7179e+00 +2.0558e+00 -4.1405e+00
2221 +8.635433789e-04 +8.635433789e-04 -3.552191365e+02 -3.552191365e+02 +1.7176e+00 +2.0558e+00 -4.1405e+00
2300 +5.624043849e-04 +5.624043849e-04 -3.552194376e+02 -3.552194376e+02 +1.7177e+00 +2.0541e+00 -4.1340e+00
2316 +1.159231352e-04 +1.159231352e-04 -3.552198841e+02 -3.552198841e+02 +1.7175e+00 +2.0448e+00 -4.1469e+00
2393 +7.790569833e-05 +7.790569833e-05 -3.552199221e+02 -3.552199221e+02 +1.7169e+00 +2.0465e+00 -4.1438e+00
2431 +3.901253035e-05 +3.901253035e-05 -3.552199610e+02 -3.552199610e+02 +1.7172e+00 +2.0465e+00 -4.1438e+00
2506 +1.822932489e-05 +1.822932489e-05 -3.552199818e+02 -3.552199818e+02 +1.7173e+00 +2.0465e+00 -4.1438e+00
2538 +3.675890355e-06 +3.675890355e-06 -3.552199963e+02 -3.552199963e+02 +1.7174e+00 +2.0474e+00 -4.1431e+00
2689 +1.423389392e-06 +1.423389392e-06 -3.552199986e+02 -3.552199986e+02 +1.7174e+00 +2.0473e+00 -4.1433e+00
2709 +3.087124014e-07 +3.087124014e-07 -3.552199997e+02 -3.552199997e+02 +1.7174e+00 +2.0471e+00 -4.1434e+00
2777 +2.383064839e-07 +2.383064839e-07 -3.552199998e+02 -3.552199998e+02 +1.7174e+00 +2.0471e+00 -4.1433e+00
2846 +1.054775112e-07 +1.054775112e-07 -3.552199999e+02 -3.552199999e+02 +1.7174e+00 +2.0471e+00 -4.1433e+00
2911 +7.535402347e-08 +7.535402347e-08 -3.552199999e+02 -3.552199999e+02 +1.7174e+00 +2.0471e+00 -4.1433e+00
% function evaluation | noise-free fitness - Fopt (9.917000000000e+01) | best noise-free fitness - Fopt | measured fitness | best measured fitness | x1 | x2...
1 +1.861774333e+02 +1.861774333e+02 +2.853474333e+02 +2.853474333e+02 -7.9785e-01 +3.8790e+00 -2.0042e+00
2 +1.171411783e+02 +1.171411783e+02 +2.163111783e+02 +2.163111783e+02 +3.0005e+00 +2.6257e+00 -2.2784e+00
4 +3.413642207e+01 +3.413642207e+01 +1.333064221e+02 +1.333064221e+02 -3.4913e+00 +2.7459e+00 +4.5845e+00
29 +1.371917495e+01 +1.371917495e+01 +1.128891750e+02 +1.128891750e+02 -1.5185e+00 -8.7388e-01 -1.7747e+00
184 +6.442373940e+00 +6.442373940e+00 +1.056123739e+02 +1.056123739e+02 +6.2950e-01 -6.2135e-01 -7.2673e-02
249 +4.640405200e+00 +4.640405200e+00 +1.038104052e+02 +1.038104052e+02 -9.0363e-01 -2.8305e+00 -3.5554e+00
391 +1.896069986e+00 +1.896069986e+00 +1.010660700e+02 +1.010660700e+02 -9.0363e-01 -2.6710e+00 -3.5554e+00
721 +5.947153090e-01 +5.947153090e-01 +9.976471531e+01 +9.976471531e+01 -8.3367e-01 -2.6710e+00 -3.5554e+00
2552 +3.259112675e-01 +3.259112675e-01 +9.949591127e+01 +9.949591127e+01 -7.1171e-01 -2.6077e+00 -3.9526e+00
2702 +2.384939048e-01 +2.384939048e-01 +9.940849390e+01 +9.940849390e+01 -8.0094e-01 -2.6383e+00 -3.7609e+00
% function evaluation | noise-free fitness - Fopt (-5.179100000000e+02) | best noise-free fitness - Fopt | measured fitness | best measured fitness | x1 | x2...
1 +1.144753046e+02 +1.144753046e+02 -4.034346954e+02 -4.034346954e+02 +4.4205e-01 -3.6286e+00 +3.9911e+00
2 +5.130758912e+01 +5.130758912e+01 -4.666024109e+02 -4.666024109e+02 -6.0416e-01 -9.6457e-01 +1.5249e+00
4 +3.416415477e+01 +3.416415477e+01 -4.837458452e+02 -4.837458452e+02 +7.4352e-01 -1.6141e+00 +3.7177e+00
24 +2.088658337e+01 +2.088658337e+01 -4.970234166e+02 -4.970234166e+02 -4.3074e+00 +2.0941e+00 +2.9542e+00
41 +8.539683460e+00 +8.539683460e+00 -5.093703165e+02 -5.093703165e+02 -1.5897e+00 +4.2082e+00 +2.0397e+00
114 +4.077991398e+00 +4.077991398e+00 -5.138320086e+02 -5.138320086e+02 -1.9924e+00 -1.6547e+00 +2.9610e+00
121 +3.685265901e+00 +3.685265901e+00 -5.142247341e+02 -5.142247341e+02 -1.9924e+00 -1.6947e+00 +2.9610e+00
188 +5.084363664e-01 +5.084363664e-01 -5.174015636e+02 -5.174015636e+02 -2.2734e+00 -1.4365e+00 +2.6930e+00
416 +1.569906225e-01 +1.569906225e-01 -5.177530094e+02 -5.177530094e+02 -2.3010e+00 -1.4152e+00 +2.6197e+00
527 +8.831096906e-02 +8.831096906e-02 -5.178216890e+02 -5.178216890e+02 -2.2879e+00 -1.3780e+00 +2.6730e+00
753 +4.052615889e-02 +4.052615889e-02 -5.178694738e+02 -5.178694738e+02 -2.2360e+00 -1.4427e+00 +2.7118e+00
832 +1.365241281e-02 +1.365241281e-02 -5.178963476e+02 -5.178963476e+02 -2.2121e+00 -1.4735e+00 +2.7481e+00
968 +3.433669673e-03 +3.433669673e-03 -5.179065663e+02 -5.179065663e+02 -2.2355e+00 -1.4480e+00 +2.7334e+00
1036 +5.336012916e-04 +5.336012916e-04 -5.179094664e+02 -5.179094664e+02 -2.2339e+00 -1.4480e+00 +2.7382e+00
1381 +3.500722687e-04 +3.500722687e-04 -5.179096499e+02 -5.179096499e+02 -2.2339e+00 -1.4480e+00 +2.7379e+00
1723 +8.301548837e-05 +8.301548837e-05 -5.179099170e+02 -5.179099170e+02 -2.2304e+00 -1.4488e+00 +2.7435e+00
1760 +5.968978110e-05 +5.968978110e-05 -5.179099403e+02 -5.179099403e+02 -2.2307e+00 -1.4491e+00 +2.7429e+00
1794 +2.599498441e-05 +2.599498441e-05 -5.179099740e+02 -5.179099740e+02 -2.2312e+00 -1.4492e+00 +2.7419e+00
1852 +1.048787794e-05 +1.048787794e-05 -5.179099895e+02 -5.179099895e+02 -2.2309e+00 -1.4491e+00 +2.7433e+00
1985 +6.965431453e-06 +6.965431453e-06 -5.179099930e+02 -5.179099930e+02 -2.2311e+00 -1.4490e+00 +2.7423e+00
1993 +4.810108862e-06 +4.810108862e-06 -5.179099952e+02 -5.179099952e+02 -2.2315e+00 -1.4485e+00 +2.7423e+00
1996 +3.421547149e-06 +3.421547149e-06 -5.179099966e+02 -5.179099966e+02 -2.2314e+00 -1.4485e+00 +2.7423e+00
2090 +8.494539543e-07 +8.494539543e-07 -5.179099992e+02 -5.179099992e+02 -2.2313e+00 -1.4486e+00 +2.7423e+00
2242 +4.740339818e-07 +4.740339818e-07 -5.179099995e+02 -5.179099995e+02 -2.2313e+00 -1.4488e+00 +2.7422e+00
2350 +1.920941486e-07 +1.920941486e-07 -5.179099998e+02 -5.179099998e+02 -2.2312e+00 -1.4489e+00 +2.7425e+00
2367 +1.422852165e-07 +1.422852165e-07 -5.179099999e+02 -5.179099999e+02 -2.2311e+00 -1.4489e+00 +2.7424e+00
2586 +3.668822046e-08 +3.668822046e-08 -5.179100000e+02 -5.179100000e+02 -2.2312e+00 -1.4488e+00 +2.7425e+00
2692 +4.833509593e-09 +4.833509593e-09 -5.179100000e+02 -5.179100000e+02 -2.2312e+00 -1.4488e+00 +2.7424e+00
2762 +3.743139132e-09 +3.743139132e-09 -5.179100000e+02 -5.179100000e+02 -2.2312e+00 -1.4488e+00 +2.7424e+00
2879 +2.283172762e-09 +2.283172762e-09 -5.179100000e+02 -5.179100000e+02 -2.2312e+00 -1.4488e+00 +2.7424e+00
% function evaluation | noise-free fitness - Fopt (-5.721000000000e+01) | best noise-free fitness - Fopt | measured fitness | best measured fitness | x1 | x2...
1 +1.419064381e+02 +1.419064381e+02 +8.469643807e+01 +8.469643807e+01 +5.5439e-01 +3.7798e+00 -5.0226e-02
3 +3.887657186e+01 +3.887657186e+01 -1.833342814e+01 -1.833342814e+01 +3.0019e+00 -3.5515e+00 -2.6058e+00
5 +1.709955084e+01 +1.709955084e+01 -4.011044916e+01 -4.011044916e+01 +3.0132e+00 -1.5191e+00 +3.7801e+00
10 +1.119451916e+01 +1.119451916e+01 -4.601548084e+01 -4.601548084e+01 +1.9171e+00 +3.1715e+00 -1.7545e+00
194 +2.413644739e+00 +2.413644739e+00 -5.479635526e+01 -5.479635526e+01 +6.1483e-01 +1.6491e+00 +2.4819e+00
799 +9.533064702e-01 +9.533064702e-01 -5.625669353e+01 -5.625669353e+01 -4.5641e+00 +3.4203e+00 +3.2899e+00
% function evaluation | noise-free fitness - Fopt (-2.778000000000e+01) | best noise-free fitness - Fopt | measured fitness | best measured fitness | x1 | x2...
1 +1.030284204e+01 +1.030284204e+01 -1.747715796e+01 -1.747715796e+01 +3.0694e+00 +1.9522e+00 -2.1814e+00
6 +9.907838936e+00 +9.907838936e+00 -1.787216106e+01 -1.787216106e+01 +4.6031e+00 -3.7570e+00 +5.9150e-01
181 +4.146436035e+00 +4.146436035e+00 -2.363356397e+01 -2.363356397e+01 +4.6031e+00 -2.6194e+00 +2.4657e+00
183 +2.971430322e+00 +2.971430322e+00 -2.480856968e+01 -2.480856968e+01 -1.0045e-01 -3.2231e+00 -5.5536e-01
796 +2.085920862e+00 +2.085920862e+00 -2.569407914e+01 -2.569407914e+01 -4.5549e-01 -4.0757e+00 -1.4151e+00
976 +4.738273577e-01 +4.738273577e-01 -2.730617264e+01 -2.730617264e+01 -6.3898e-01 -4.5164e+00 -1.8595e+00
1938 +2.877518997e-01 +2.877518997e-01 -2.749224810e+01 -2.749224810e+01 -6.3898e-01 -4.5838e+00 -1.8595e+00
2015 +1.567619222e-01 +1.567619222e-01 -2.762323808e+01 -2.762323808e+01 -6.1051e-01 -4.5345e+00 -1.7682e+00
2056 +8.622945492e-02 +8.622945492e-02 -2.769377055e+01 -2.769377055e+01 -6.5605e-01 -4.5345e+00 -1.8176e+00
2087 +5.994981287e-03 +5.994981287e-03 -2.777400502e+01 -2.777400502e+01 -6.4688e-01 -4.5636e+00 -1.8262e+00
2281 +3.364511709e-03 +3.364511709e-03 -2.777663549e+01 -2.777663549e+01 -6.5295e-01 -4.5636e+00 -1.8262e+00
2377 +2.615052300e-04 +2.615052300e-04 -2.777973849e+01 -2.777973849e+01 -6.4938e-01 -4.5640e+00 -1.8265e+00
2476 +1.807014125e-04 +1.807014125e-04 -2.777981930e+01 -2.777981930e+01 -6.4938e-01 -4.5637e+00 -1.8265e+00
2628 +1.109941316e-04 +1.109941316e-04 -2.777988901e+01 -2.777988901e+01 -6.5002e-01 -4.5628e+00 -1.8277e+00
2784 +2.248264794e-05 +2.248264794e-05 -2.777997752e+01 -2.777997752e+01 -6.4980e-01 -4.5630e+00 -1.8284e+00
2853 +9.705882448e-06 +9.705882448e-06 -2.777999029e+01 -2.777999029e+01 -6.5009e-01 -4.5637e+00 -1.8290e+00
2911 +6.173324238e-06 +6.173324238e-06 -2.777999383e+01 -2.777999383e+01 -6.5009e-01 -4.5636e+00 -1.8290e+00
2999 +2.200432508e-06 +2.200432508e-06 -2.777999780e+01 -2.777999780e+01 -6.4993e-01 -4.5635e+00 -1.8286e+00
% function evaluation | noise-free fitness - Fopt (-4.871000000000e+01) | best noise-free fitness - Fopt | measured fitness | best measured fitness | x1 | x2...
1 +6.688926246e+01 +6.688926246e+01 +1.817926246e+01 +1.817926246e+01 -4.8834e+00 +1.0954e+00 +1.9270e+00
2 +1.919627553e+01 +1.919627553e+01 -2.951372447e+01 -2.951372447e+01 -1.3923e+00 -2.8824e+00 -2.9582e+00
90 +1.406190879e+01 +1.406190879e+01 -3.464809121e+01 -3.464809121e+01 +9.9820e-02 -2.0168e+00 +9.6661e-01
502 +6.001720448e+00 +6.001720448e+00 -4.270827955e+01 -4.270827955e+01 +3.2527e+00 +3.7683e+00 -1.1984e+00
2084 +2.402176319e+00 +2.402176319e+00 -4.630782368e+01 -4.630782368e+01 +2.2562e+00 +5.0605e+00 +1.0568e+00
2221 +1.556540382e+00 +1.556540382e+00 -4.715345962e+01 -4.715345962e+01 +2.2562e+00 +5.0122e+00 +1.0568e+00
2656 +7.952260186e-01 +7.952260186e-01 -4.791477398e+01 -4.791477398e+01 +2.2562e+00 +4.9779e+00 +1.0568e+00
2956 +5.982629787e-01 +5.982629787e-01 -4.811173702e+01 -4.811173702e+01 +2.8395e+00 +5.0305e+00 +1.5927e+00
% function evaluation | noise-free fitness - Fopt (-1.667900000000e+02) | best noise-free fitness - Fopt | measured fitness | best measured fitness | x1 | x2...
1 +5.448873949e+01 +5.448873949e+01 -1.123012605e+02 -1.123012605e+02 -1.9742e-01 -3.1129e+00 +4.2397e+00
6 +2.259141382e+01 +2.259141382e+01 -1.441985862e+02 -1.441985862e+02 -2.5497e+00 -4.0019e+00 -3.7624e+00
12 +1.315391691e+01 +1.315391691e+01 -1.536360831e+02 -1.536360831e+02 +2.0083e+00 +1.6908e+00 +4.0183e+00
91 +5.756168721e+00 +5.756168721e+00 -1.610338313e+02 -1.610338313e+02 +2.0083e+00 +1.6908e+00 +4.3907e+00
103 +3.098495258e+00 +3.098495258e+00 -1.636915047e+02 -1.636915047e+02 +3.0743e-01 +4.3312e+00 +4.1890e+00
855 +1.178761961e+00 +1.178761961e+00 -1.656112380e+02 -1.656112380e+02 +2.6865e-01 +3.7326e+00 +3.9196e+00
1425 +3.515577688e-01 +3.515577688e-01 -1.664384422e+02 -1.664384422e+02 +1.8256e-01 +3.3315e+00 +3.8565e+00
1507 +2.281392660e-01 +2.281392660e-01 -1.665618607e+02 -1.665618607e+02 +1.3420e-01 +3.1063e+00 +3.9144e+00
1637 +8.945681844e-02 +8.945681844e-02 -1.667005432e+02 -1.667005432e+02 +1.9080e-01 +3.3802e+00 +3.8920e+00
1726 +5.829002009e-02 +5.829002009e-02 -1.667317100e+02 -1.667317100e+02 +1.8444e-01 +3.3802e+00 +3.9067e+00
1885 +1.653228327e-02 +1.653228327e-02 -1.667734677e+02 -1.667734677e+02 +1.6025e-01 +3.3583e+00 +3.9500e+00
1908 +4.229672390e-03 +4.229672390e-03 -1.667857703e+02 -1.667857703e+02 +1.6494e-01 +3.3918e+00 +3.9688e+00
1953 +3.187936000e-03 +3.187936000e-03 -1.667868121e+02 -1.667868121e+02 +1.6504e-01 +3.3939e+00 +3.9740e+00
2059 +1.448642009e-03 +1.448642009e-03 -1.667885514e+02 -1.667885514e+02 +1.6216e-01 +3.3886e+00 +3.9692e+00
2107 +8.140970059e-04 +8.140970059e-04 -1.667891859e+02 -1.667891859e+02 +1.6131e-01 +3.3882e+00 +3.9708e+00
2137 +2.276589451e-04 +2.276589451e-04 -1.667897723e+02 -1.667897723e+02 +1.6033e-01 +3.3846e+00 +3.9672e+00
2246 +1.012905816e-04 +1.012905816e-04 -1.667898987e+02 -1.667898987e+02 +1.5792e-01 +3.3812e+00 +3.9681e+00
2260 +7.880525754e-05 +7.880525754e-05 -1.667899212e+02 -1.667899212e+02 +1.5979e-01 +3.3834e+00 +3.9666e+00
2439 +4.447959844e-05 +4.447959844e-05 -1.667899555e+02 -1.667899555e+02 +1.5853e-01 +3.3819e+00 +3.9681e+00
2465 +3.861749693e-05 +3.861749693e-05 -1.667899614e+02 -1.667899614e+02 +1.5858e-01 +3.3812e+00 +3.9681e+00
2544 +2.167052628e-05 +2.167052628e-05 -1.667899783e+02 -1.667899783e+02 +1.5811e-01 +3.3821e+00 +3.9682e+00
2921 +8.075675112e-06 +8.075675112e-06 -1.667899919e+02 -1.667899919e+02 +1.5905e-01 +3.3835e+00 +3.9685e+00
2956 +2.222382534e-06 +2.222382534e-06 -1.667899978e+02 -1.667899978e+02 +1.5901e-01 +3.3835e+00 +3.9685e+00
% function evaluation | noise-free fitness - Fopt (1.000000000000e+03) | best noise-free fitness - Fopt | measured fitness | best measured fitness | x1 | x2...
1 +2.972665615e+01 +2.972665615e+01 +1.029726656e+03 +1.029726656e+03 +3.5568e+00 -1.2858e+00 -1.9978e+00
12 +1.605589642e+01 +1.605589642e+01 +1.016055896e+03 +1.016055896e+03 +1.0435e+00 +6.4217e-01 -1.2439e+00
15 +5.885369147e-01 +5.885369147e-01 +1.000588537e+03 +1.000588537e+03 -6.3084e-02 -1.6595e+00 +1.8756e+00
1096 +3.633617967e-01 +3.633617967e-01 +1.000363362e+03 +1.000363362e+03 -3.8187e-02 -1.6714e+00 +1.8756e+00
1171 +2.042507012e-01 +2.042507012e-01 +1.000204251e+03 +1.000204251e+03 -4.9001e-02 -1.6662e+00 +1.8756e+00
2177 +1.203970457e-01 +1.203970457e-01 +1.000120397e+03 +1.000120397e+03 -6.0345e-02 -1.6695e+00 +1.8621e+00
2299 +8.254805272e-02 +8.254805272e-02 +1.000082548e+03 +1.000082548e+03 -7.6680e-02 -1.6758e+00 +1.8539e+00
2429 +5.956229978e-02 +5.956229978e-02 +1.000059562e+03 +1.000059562e+03 -6.8453e-02 -1.6727e+00 +1.8636e+00
% function evaluation | noise-free fitness - Fopt (-1.847000000000e+01) | best noise-free fitness - Fopt | measured fitness | best measured fitness | x1 | x2...
1 +1.846179894e+02 +1.846179894e+02 +1.661479894e+02 +1.661479894e+02 +1.1148e+00 -1.4786e+00 -1.0751e+00
2 +8.187415109e+01 +8.187415109e+01 +6.340415109e+01 +6.340415109e+01 -3.6021e+00 +1.8846e+00 -4.2088e+00
3 +3.975601314e+01 +3.975601314e+01 +2.128601314e+01 +2.128601314e+01 +4.9462e+00 +1.0112e+00 -4.7874e-01
6 +1.307927346e+01 +1.307927346e+01 -5.390726545e+00 -5.390726545e+00 +3.6977e+00 +2.3296e+00 -1.3688e+00
9 +9.058227699e+00 +9.058227699e+00 -9.411772301e+00 -9.411772301e+00 +2.5344e+00 -1.2367e+00 -3.8755e+00
91 +5.187683627e+00 +5.187683627e+00 -1.328231637e+01 -1.328231637e+01 +2.5344e+00 -1.2367e+00 -4.0367e+00
121 +3.402635827e+00 +3.402635827e+00 -1.506736417e+01 -1.506736417e+01 +2.5344e+00 -1.2817e+00 -4.0367e+00
384 +1.466814741e+00 +1.466814741e+00 -1.700318526e+01 -1.700318526e+01 +2.6052e+00 -1.3707e+00 -4.1645e+00
558 +6.726406165e-01 +6.726406165e-01 -1.779735938e+01 -1.779735938e+01 +2.5771e+00 -1.3048e+00 -4.2736e+00
563 +6.076558116e-01 +6.076558116e-01 -1.786234419e+01 -1.786234419e+01 +2.6052e+00 -1.3298e+00 -4.2081e+00
613 +2.588091910e-01 +2.588091910e-01 -1.821119081e+01 -1.821119081e+01 +2.7876e+00 -1.3949e+00 -4.3858e+00
661 +1.232047182e-01 +1.232047182e-01 -1.834679528e+01 -1.834679528e+01 +2.7876e+00 -1.3949e+00 -4.4457e+00
751 +7.870780533e-02 +7.870780533e-02 -1.839129219e+01 -1.839129219e+01 +2.9757e+00 -1.3949e+00 -4.4457e+00
871 +5.237312519e-02 +5.237312519e-02 -1.841762687e+01 -1.841762687e+01 +2.8839e+00 -1.3906e+00 -4.4594e+00
875 +3.793773363e-02 +3.793773363e-02 -1.843206227e+01 -1.843206227e+01 +2.9342e+00 -1.3861e+00 -4.4632e+00
934 +1.205573882e-02 +1.205573882e-02 -1.845794426e+01 -1.845794426e+01 +2.9289e+00 -1.3949e+00 -4.4495e+00
975 +8.140639224e-03 +8.140639224e-03 -1.846185936e+01 -1.846185936e+01 +2.9321e+00 -1.3958e+00 -4.4448e+00
1031 +5.715847143e-03 +5.715847143e-03 -1.846428415e+01 -1.846428415e+01 +2.9329e+00 -1.3961e+00 -4.4436e+00
1122 +1.522662483e-03 +1.522662483e-03 -1.846847734e+01 -1.846847734e+01 +2.9174e+00 -1.3939e+00 -4.4421e+00
1156 +2.026464239e-04 +2.026464239e-04 -1.846979735e+01 -1.846979735e+01 +2.9174e+00 -1.3939e+00 -4.4368e+00
1284 +1.345470111e-04 +1.345470111e-04 -1.846986545e+01 -1.846986545e+01 +2.9184e+00 -1.3939e+00 -4.4369e+00
1402 +4.441243553e-05 +4.441243553e-05 -1.846995559e+01 -1.846995559e+01 +2.9178e+00 -1.3937e+00 -4.4384e+00
1456 +1.685817371e-05 +1.685817371e-05 -1.846998314e+01 -1.846998314e+01 +2.9178e+00 -1.3937e+00 -4.4378e+00
1534 +1.464943090e-05 +1.464943090e-05 -1.846998535e+01 -1.846998535e+01 +2.9176e+00 -1.3936e+00 -4.4378e+00
1593 +7.808675409e-06 +7.808675409e-06 -1.846999219e+01 -1.846999219e+01 +2.9183e+00 -1.3937e+00 -4.4380e+00
1607 +2.320173596e-06 +2.320173596e-06 -1.846999768e+01 -1.846999768e+01 +2.9181e+00 -1.3936e+00 -4.4381e+00
1727 +1.429090233e-06 +1.429090233e-06 -1.846999857e+01 -1.846999857e+01 +2.9183e+00 -1.3936e+00 -4.4381e+00
1823 +8.896073957e-07 +8.896073957e-07 -1.846999911e+01 -1.846999911e+01 +2.9182e+00 -1.3936e+00 -4.4382e+00
1847 +4.264033109e-07 +4.264033109e-07 -1.846999957e+01 -1.846999957e+01 +2.9182e+00 -1.3936e+00 -4.4382e+00
1923 +2.257323928e-07 +2.257323928e-07 -1.846999977e+01 -1.846999977e+01 +2.9184e+00 -1.3936e+00 -4.4383e+00
1951 +4.848526558e-08 +4.848526558e-08 -1.846999995e+01 -1.846999995e+01 +2.9184e+00 -1.3935e+00 -4.4383e+00
2045 +3.165560614e-08 +3.165560614e-08 -1.846999997e+01 -1.846999997e+01 +2.9183e+00 -1.3936e+00 -4.4382e+00
2149 +1.255734716e-08 +1.255734716e-08 -1.846999999e+01 -1.846999999e+01 +2.9184e+00 -1.3935e+00 -4.4383e+00
2228 +3.737849141e-09 +3.737849141e-09 -1.847000000e+01 -1.847000000e+01 +2.9184e+00 -1.3935e+00 -4.4382e+00
2251 +1.856754750e-09 +1.856754750e-09 -1.847000000e+01 -1.847000000e+01 +2.9184e+00 -1.3935e+00 -4.4382e+00
2296 +1.387771675e-09 +1.387771675e-09 -1.847000000e+01 -1.847000000e+01 +2.9184e+00 -1.3935e+00 -4.4383e+00
2324 +2.063984539e-10 +2.063984539e-10 -1.847000000e+01 -1.847000000e+01 +2.9184e+00 -1.3935e+00 -4.4383e+00
2327 +1.403321903e-11 +1.403321903e-11 -1.847000000e+01 -1.847000000e+01 +2.9184e+00 -1.3935e+00 -4.4383e+00
2494 +5.151434834e-13 +5.151434834e-13 -1.847000000e+01 -1.847000000e+01 +2.9184e+00 -1.3935e+00 -4.4383e+00
2507 +0.000000000e+00 +0.000000000e+00 -1.847000000e+01 -1.847000000e+01 +2.9184e+00 -1.3935e+00 -4.4383e+00
% function evaluation | noise-free fitness - Fopt (-5.971000000000e+01) | best noise-free fitness - Fopt | measured fitness | best measured fitness | x1 | x2...
1 +4.605175127e+01 +4.605175127e+01 -1.365824873e+01 -1.365824873e+01 -6.9822e-01 -1.6056e+00 -2.7516e+00
17 +3.944637746e+01 +3.944637746e+01 -2.026362254e+01 -2.026362254e+01 +1.0574e+00 -1.3752e+00 -3.1727e+00
48 +7.686563578e+00 +7.686563578e+00 -5.202343642e+01 -5.202343642e+01 -6.9822e-01 -2.3858e+00 -2.7516e+00
209 +5.378842222e+00 +5.378842222e+00 -5.433115778e+01 -5.433115778e+01 +3.2562e+00 +5.7065e-01 +9.9327e-01
350 +3.888494339e+00 +3.888494339e+00 -5.582150566e+01 -5.582150566e+01 +3.5193e+00 +1.6454e-01 -8.0599e-01
781 +2.001402579e+00 +2.001402579e+00 -5.770859742e+01 -5.770859742e+01 +2.9698e+00 -2.6209e+00 -3.8206e+00
888 +8.500587590e-01 +8.500587590e-01 -5.885994124e+01 -5.885994124e+01 +3.0606e+00 +5.7065e-01 +8.6297e-01
1219 +4.113277806e-01 +4.113277806e-01 -5.929867222e+01 -5.929867222e+01 +3.0422e+00 +5.4120e-01 +9.2663e-01
1587 +2.422680333e-01 +2.422680333e-01 -5.946773197e+01 -5.946773197e+01 +3.0274e+00 +5.1697e-01 +9.7902e-01
1773 +1.545534196e-01 +1.545534196e-01 -5.955544658e+01 -5.955544658e+01 +3.0348e+00 +5.1677e-01 +9.5521e-01
1888 +6.645351606e-02 +6.645351606e-02 -5.964354648e+01 -5.964354648e+01 +3.0816e+00 +5.5544e-01 +9.9669e-01
1948 +5.759171915e-02 +5.759171915e-02 -5.965240828e+01 -5.965240828e+01 +3.0822e+00 +5.5246e-01 +1.0021e+00
1987 +3.292773741e-02 +3.292773741e-02 -5.967707226e+01 -5.967707226e+01 +3.1034e+00 +6.0341e-01 +1.0015e+00
2102 +2.174848828e-02 +2.174848828e-02 -5.968825151e+01 -5.968825151e+01 +3.0978e+00 +5.9033e-01 +1.0017e+00
2581 +1.328066863e-02 +1.328066863e-02 -5.969671933e+01 -5.969671933e+01 +3.1007e+00 +5.9231e-01 +1.0065e+00
% function evaluation | noise-free fitness - Fopt (-9.684000000000e+01) | best noise-free fitness - Fopt | measured fitness | best measured fitness | x1 | x2...
1 +1.824887171e+01 +1.824887171e+01 -7.859112829e+01 -7.859112829e+01 +3.1134e+00 +2.6661e+00 +2.1534e-01
84 +1.407754275e+01 +1.407754275e+01 -8.276245725e+01 -8.276245725e+01 -4.0377e-01 +5.8012e+00 +3.9481e+00
319 +8.251360964e+00 +8.251360964e+00 -8.858863904e+01 -8.858863904e+01 -1.8612e+00 +4.3831e+00 +4.8074e-01
466 +3.343464786e+00 +3.343464786e+00 -9.349653521e+01 -9.349653521e+01 -1.8612e+00 +2.3911e+00 +4.8074e-01
664 +1.509062417e+00 +1.509062417e+00 -9.533093758e+01 -9.533093758e+01 -5.2615e+00 +5.3738e-01 +4.4466e+00
1616 +7.396503982e-01 +7.396503982e-01 -9.610034960e+01 -9.610034960e+01 +3.3576e-01 -1.3932e+00 +3.7919e+00
2257 +5.928767454e-01 +5.928767454e-01 -9.624712325e+01 -9.624712325e+01 +2.5454e-01 -1.4824e+00 +3.9456e+00
2299 +6.815634947e-02 +6.815634947e-02 -9.677184365e+01 -9.677184365e+01 +1.3427e-01 -1.2943e+00 +3.9519e+00
2938 +5.008701861e-02 +5.008701861e-02 -9.678991298e+01 -9.678991298e+01 +1.6976e-01 -1.3307e+00 +3.9602e+00
% function evaluation | noise-free fitness - Fopt (3.207000000000e+01) | best noise-free fitness - Fopt | measured fitness | best measured fitness | x1 | x2...
1 +8.929645809e+00 +8.929645809e+00 +4.099964581e+01 +4.099964581e+01 -2.1065e-01 -1.8240e+00 +3.8325e-01
32 +2.056216693e+00 +2.056216693e+00 +3.412621669e+01 +3.412621669e+01 -4.0411e+00 -2.7079e+00 +3.6963e+00
677 +6.286669011e-01 +6.286669011e-01 +3.269866690e+01 +3.269866690e+01 -1.3069e+00 +5.3550e-01 +3.6783e+00
1848 +2.520037990e-01 +2.520037990e-01 +3.232200380e+01 +3.232200380e+01 -1.2897e+00 +5.9684e-01 +3.6481e+00
1868 +8.207412914e-02 +8.207412914e-02 +3.215207413e+01 +3.215207413e+01 -1.2870e+00 +5.6412e-01 +3.6265e+00
1973 +3.579248222e-02 +3.579248222e-02 +3.210579248e+01 +3.210579248e+01 -1.3166e+00 +5.7468e-01 +3.6788e+00
2256 +2.022000621e-02 +2.022000621e-02 +3.209022001e+01 +3.209022001e+01 -1.2908e+00 +5.8041e-01 +3.6648e+00
2311 +5.764367225e-03 +5.764367225e-03 +3.207576437e+01 +3.207576437e+01 -1.2693e+00 +5.8041e-01 +3.6401e+00
2441 +8.685634031e-04 +8.685634031e-04 +3.207086856e+01 +3.207086856e+01 -1.2512e+00 +5.7727e-01 +3.6042e+00
2673 +5.375287967e-04 +5.375287967e-04 +3.207053753e+01 +3.207053753e+01 -1.2514e+00 +5.7880e-01 +3.6080e+00
2798 +3.864507124e-04 +3.864507124e-04 +3.207038645e+01 +3.207038645e+01 -1.2524e+00 +5.7691e-01 +3.6052e+00
2858 +2.272568807e-04 +2.272568807e-04 +3.207022726e+01 +3.207022726e+01 -1.2529e+00 +5.7684e-01 +3.6063e+00
2927 +1.500766778e-04 +1.500766778e-04 +3.207015008e+01 +3.207015008e+01 -1.2557e+00 +5.7748e-01 +3.6128e+00
% function evaluation | noise-free fitness - Fopt (2.624000000000e+01) | best noise-free fitness - Fopt | measured fitness | best measured fitness | x1 | x2...
1 +3.503007750e+01 +3.503007750e+01 +6.127007750e+01 +6.127007750e+01 +3.5452e+00 +3.7733e+00 -4.7575e-02
10 +2.131952171e+01 +2.131952171e+01 +4.755952171e+01 +4.755952171e+01 -1.4858e+00 -3.9677e+00 -1.2873e+00
19 +4.645554352e+00 +4.645554352e+00 +3.088555435e+01 +3.088555435e+01 -2.8666e+00 -1.8084e+00 -2.6308e+00
132 +2.919703836e+00 +2.919703836e+00 +2.915970384e+01 +2.915970384e+01 -2.3809e+00 +1.2976e+00 +2.0296e-01
289 +2.032698531e+00 +2.032698531e+00 +2.827269853e+01 +2.827269853e+01 +3.0856e+00 +3.4158e+00 +5.4751e-01
1760 +1.461651210e+00 +1.461651210e+00 +2.770165121e+01 +2.770165121e+01 -2.3809e+00 +1.2976e+00 +3.2527e-01
% function evaluation | noise-free fitness - Fopt (-1.610000000000e+01) | best noise-free fitness - Fopt | measured fitness | best measured fitness | x1 | x2...
1 +1.270250592e+02 +1.270250592e+02 +1.109250592e+02 +1.109250592e+02 -1.5849e+00 +1.0348e+00 +3.6660e+00
2 +2.003583711e+01 +2.003583711e+01 +3.935837110e+00 +3.935837110e+00 +9.6253e-01 +4.0144e-01 -4.6343e+00
48 +1.022060530e+01 +1.022060530e+01 -5.879394696e+00 -5.879394696e+00 +5.3641e+00 +1.9693e+00 -6.0152e+00
76 +6.650567344e+00 +6.650567344e+00 -9.449432656e+00 -9.449432656e+00 +5.3641e+00 +1.9693e+00 -5.7782e+00
466 +1.988091000e+00 +1.988091000e+00 -1.411190900e+01 -1.411190900e+01 +5.3641e+00 +1.7277e+00 -2.2134e+00
721 +1.566333403e+00 +1.566333403e+00 -1.453366660e+01 -1.453366660e+01 +5.3641e+00 +1.7277e+00 -2.7190e+00
1052 +8.714651319e-01 +8.714651319e-01 -1.522853487e+01 -1.522853487e+01 +5.3641e+00 +1.7277e+00 -2.4536e+00
1231 +6.010685505e-01 +6.010685505e-01 -1.549893145e+01 -1.549893145e+01 +5.3641e+00 +1.6810e+00 -2.4536e+00
2851 +3.970512880e-01 +3.970512880e-01 -1.570294871e+01 -1.570294871e+01 +5.3284e+00 +1.7050e+00 -2.4932e+00
