% function evaluation | noise-free fitness - Fopt (1.238300000000e+02) | best noise-free fitness - Fopt | measured fitness | best measured fitness | x1 | x2...
1 +1.027419253e+06 +1.027419253e+06 +1.027543083e+06 +1.027543083e+06
2 +7.503355394e+05 +7.503355394e+05 +7.504593694e+05 +7.504593694e+05
5 +5.083097076e+05 +5.083097076e+05 +5.084335376e+05 +5.084335376e+05
9 +3.862324139e+05 +3.862324139e+05 +3.863562439e+05 +3.863562439e+05
111 +2.031944504e+05 +2.031944504e+05 +2.033182804e+05 +2.033182804e+05
125 +1.403296849e+05 +1.403296849e+05 +1.404535149e+05 +1.404535149e+05
226 +5.703557143e+04 +5.703557143e+04 +5.715940143e+04 +5.715940143e+04
528 +3.423440849e+04 +3.423440849e+04 +3.435823849e+04 +3.435823849e+04
816 +1.972629976e+04 +1.972629976e+04 +1.985012976e+04 +1.985012976e+04
1231 +1.480250268e+04 +1.480250268e+04 +1.492633268e+04 +1.492633268e+04
2254 +9.127793626e+03 +9.127793626e+03 +9.251623626e+03 +9.251623626e+03
3683 +5.288316285e+03 +5.288316285e+03 +5.412146285e+03 +5.412146285e+03
4235 +3.897933990e+03 +3.897933990e+03 +4.021763990e+03 +4.021763990e+03
5082 +2.481129222e+03 +2.481129222e+03 +2.604959222e+03 +2.604959222e+03
6297 +1.514663673e+03 +1.514663673e+03 +1.638493673e+03 +1.638493673e+03
6865 +9.499046572e+02 +9.499046572e+02 +1.073734657e+03 +1.073734657e+03
7666 +6.048879639e+02 +6.048879639e+02 +7.287179639e+02 +7.287179639e+02
9666 +3.806977967e+02 +3.806977967e+02 +5.045277967e+02 +5.045277967e+02
12437 +2.493892855e+02 +2.493892855e+02 +3.732192855e+02 +3.732192855e+02
17228 +1.578117009e+02 +1.578117009e+02 +2.816417009e+02 +2.816417009e+02
42780 +9.999887634e+01 +9.999887634e+01 +2.238288763e+02 +2.238288763e+02
% function evaluation | noise-free fitness - Fopt (4.751000000000e+01) | best noise-free fitness - Fopt | measured fitness | best measured fitness | x1 | x2...
1 +1.474203239e+06 +1.474203239e+06 +1.474250749e+06 +1.474250749e+06
3 +6.623691004e+05 +6.623691004e+05 +6.624166104e+05 +6.624166104e+05
4 +2.989296023e+05 +2.989296023e+05 +2.989771123e+05 +2.989771123e+05
70 +2.420268561e+05 +2.420268561e+05 +2.420743661e+05 +2.420743661e+05
99 +1.349701770e+05 +1.349701770e+05 +1.350176870e+05 +1.350176870e+05
383 +9.101438110e+04 +9.101438110e+04 +9.106189110e+04 +9.106189110e+04
465 +6.103003094e+04 +6.103003094e+04 +6.107754094e+04 +6.107754094e+04
703 +3.543755909e+04 +3.543755909e+04 +3.548506909e+04 +3.548506909e+04
1346 +2.111462369e+04 +2.111462369e+04 +2.116213369e+04 +2.116213369e+04
2017 +1.582882992e+04 +1.582882992e+04 +1.587633992e+04 +1.587633992e+04
2821 +9.101980133e+03 +9.101980133e+03 +9.149490133e+03 +9.149490133e+03
4168 +6.244812886e+03 +6.244812886e+03 +6.292322886e+03 +6.292322886e+03
8777 +3.936111950e+03 +3.936111950e+03 +3.983621950e+03 +3.983621950e+03
11821 +2.501449756e+03 +2.501449756e+03 +2.548959756e+03 +2.548959756e+03
12235 +1.565149719e+03 +1.565149719e+03 +1.612659719e+03 +1.612659719e+03
12435 +9.746062703e+02 +9.746062703e+02 +1.022116270e+03 +1.022116270e+03
12595 +5.766700281e+02 +5.766700281e+02 +6.241800281e+02 +6.241800281e+02
15036 +3.946451663e+02 +3.946451663e+02 +4.421551663e+02 +4.421551663e+02
23552 +2.511209876e+02 +2.511209876e+02 +2.986309876e+02 +2.986309876e+02
36998 +1.581321427e+02 +1.581321427e+02 +2.056421427e+02 +2.056421427e+02
% function evaluation | noise-free fitness - Fopt (5.534000000000e+01) | best noise-free fitness - Fopt | measured fitness | best measured fitness | x1 | x2...
1 +1.117741190e+06 +1.117741190e+06 +1.117796530e+06 +1.117796530e+06
3 +9.499392094e+05 +9.499392094e+05 +9.499945494e+05 +9.499945494e+05
5 +4.430941069e+05 +4.430941069e+05 +4.431494469e+05 +4.431494469e+05
45 +3.763767208e+05 +3.763767208e+05 +3.764320608e+05 +3.764320608e+05
92 +2.270064578e+05 +2.270064578e+05 +2.270617978e+05 +2.270617978e+05
119 +1.253149463e+05 +1.253149463e+05 +1.253702863e+05 +1.253702863e+05
141 +6.684042359e+04 +6.684042359e+04 +6.689576359e+04 +6.689576359e+04
215 +6.201899647e+04 +6.201899647e+04 +6.207433647e+04 +6.207433647e+04
1024 +3.735055876e+04 +3.735055876e+04 +3.740589876e+04 +3.740589876e+04
1407 +2.273057114e+04 +2.273057114e+04 +2.278591114e+04 +2.278591114e+04
1696 +1.497318278e+04 +1.497318278e+04 +1.502852278e+04 +1.502852278e+04
2198 +7.972735778e+03 +7.972735778e+03 +8.028075778e+03 +8.028075778e+03
2244 +5.856863600e+03 +5.856863600e+03 +5.912203600e+03 +5.912203600e+03
2767 +3.374641215e+03 +3.374641215e+03 +3.429981215e+03 +3.429981215e+03
4283 +2.429179565e+03 +2.429179565e+03 +2.484519565e+03 +2.484519565e+03
5101 +1.532713919e+03 +1.532713919e+03 +1.588053919e+03 +1.588053919e+03
6949 +9.912410028e+02 +9.912410028e+02 +1.046581003e+03 +1.046581003e+03
11939 +6.291160827e+02 +6.291160827e+02 +6.844560827e+02 +6.844560827e+02
18095 +3.704599000e+02 +3.704599000e+02 +4.257999000e+02 +4.257999000e+02
21120 +2.503100222e+02 +2.503100222e+02 +3.056500222e+02 +3.056500222e+02
24790 +1.584406214e+02 +1.584406214e+02 +2.137806214e+02 +2.137806214e+02
27110 +9.750390855e+01 +9.750390855e+01 +1.528439085e+02 +1.528439085e+02
30216 +6.101464991e+01 +6.101464991e+01 +1.163546499e+02 +1.163546499e+02
36579 +3.975608066e+01 +3.975608066e+01 +9.509608066e+01 +9.509608066e+01
% function evaluation | noise-free fitness - Fopt (-9.033000000000e+01) | best noise-free fitness - Fopt | measured fitness | best measured fitness | x1 | x2...
1 +4.563223135e+05 +4.563223135e+05 +4.562319835e+05 +4.562319835e+05
15 +3.973121863e+05 +3.973121863e+05 +3.972218563e+05 +3.972218563e+05
59 +2.508235784e+05 +2.508235784e+05 +2.507332484e+05 +2.507332484e+05
126 +1.516862817e+05 +1.516862817e+05 +1.515959517e+05 +1.515959517e+05
145 +9.160377275e+04 +9.160377275e+04 +9.151344275e+04 +9.151344275e+04
488 +5.181481988e+04 +5.181481988e+04 +5.172448988e+04 +5.172448988e+04
870 +3.714557466e+04 +3.714557466e+04 +3.705524466e+04 +3.705524466e+04
1520 +1.936826284e+04 +1.936826284e+04 +1.927793284e+04 +1.927793284e+04
1851 +1.549213150e+04 +1.549213150e+04 +1.540180150e+04 +1.540180150e+04
2662 +8.970525014e+03 +8.970525014e+03 +8.880195014e+03 +8.880195014e+03
2874 +6.184222569e+03 +6.184222569e+03 +6.093892569e+03 +6.093892569e+03
3034 +3.740497454e+03 +3.740497454e+03 +3.650167454e+03 +3.650167454e+03
3952 +2.486992402e+03 +2.486992402e+03 +2.396662402e+03 +2.396662402e+03
4632 +1.511087353e+03 +1.511087353e+03 +1.420757353e+03 +1.420757353e+03
5404 +9.995221698e+02 +9.995221698e+02 +9.091921698e+02 +9.091921698e+02
6894 +5.979719817e+02 +5.979719817e+02 +5.076419817e+02 +5.076419817e+02
8087 +3.963160612e+02 +3.963160612e+02 +3.059860612e+02 +3.059860612e+02
10412 +2.440949548e+02 +2.440949548e+02 +1.537649548e+02 +1.537649548e+02
12086 +1.540131515e+02 +1.540131515e+02 +6.368315145e+01 +6.368315145e+01
14284 +9.921326827e+01 +9.921326827e+01 +8.883268268e+00 +8.883268268e+00
16239 +6.303176974e+01 +6.303176974e+01 -2.729823026e+01 -2.729823026e+01
23212 +3.969398125e+01 +3.969398125e+01 -5.063601875e+01 -5.063601875e+01
% function evaluation | noise-free fitness - Fopt (6.561000000000e+01) | best noise-free fitness - Fopt | measured fitness | best measured fitness | x1 | x2...
1 +1.166801070e+06 +1.166801070e+06 +1.166866680e+06 +1.166866680e+06
2 +8.389425552e+05 +8.389425552e+05 +8.390081652e+05 +8.390081652e+05
8 +5.280356328e+05 +5.280356328e+05 +5.281012428e+05 +5.281012428e+05
15 +3.312075333e+05 +3.312075333e+05 +3.312731433e+05 +3.312731433e+05
91 +2.288728484e+05 +2.288728484e+05 +2.289384584e+05 +2.289384584e+05
111 +1.075176371e+05 +1.075176371e+05 +1.075832471e+05 +1.075832471e+05
254 +8.289574552e+04 +8.289574552e+04 +8.296135552e+04 +8.296135552e+04
541 +5.933758121e+04 +5.933758121e+04 +5.940319121e+04 +5.940319121e+04
607 +3.609954116e+04 +3.609954116e+04 +3.616515116e+04 +3.616515116e+04
1274 +2.249867714e+04 +2.249867714e+04 +2.256428714e+04 +2.256428714e+04
1704 +1.390239967e+04 +1.390239967e+04 +1.396800967e+04 +1.396800967e+04
1794 +9.483069357e+03 +9.483069357e+03 +9.548679357e+03 +9.548679357e+03
2217 +5.869921354e+03 +5.869921354e+03 +5.935531354e+03 +5.935531354e+03
2495 +3.909423200e+03 +3.909423200e+03 +3.975033200e+03 +3.975033200e+03
3234 +2.450438763e+03 +2.450438763e+03 +2.516048763e+03 +2.516048763e+03
3914 +1.500070892e+03 +1.500070892e+03 +1.565680892e+03 +1.565680892e+03
4891 +8.868604213e+02 +8.868604213e+02 +9.524704213e+02 +9.524704213e+02
5697 +6.249108611e+02 +6.249108611e+02 +6.905208611e+02 +6.905208611e+02
6956 +3.888352269e+02 +3.888352269e+02 +4.544452269e+02 +4.544452269e+02
9633 +2.439299761e+02 +2.439299761e+02 +3.095399761e+02 +3.095399761e+02
13222 +1.578223840e+02 +1.578223840e+02 +2.234323840e+02 +2.234323840e+02
19379 +9.907293947e+01 +9.907293947e+01 +1.646829395e+02 +1.646829395e+02
22478 +6.292483385e+01 +6.292483385e+01 +1.285348339e+02 +1.285348339e+02
31267 +3.979984806e+01 +3.979984806e+01 +1.054098481e+02 +1.054098481e+02
% function evaluation | noise-free fitness - Fopt (-2.900800000000e+02) | best noise-free fitness - Fopt | measured fitness | best measured fitness | x1 | x2...
1 +6.153218635e+05 +6.153218635e+05 +6.150317835e+05 +6.150317835e+05
63 +3.897124814e+05 +3.897124814e+05 +3.894224014e+05 +3.894224014e+05
80 +1.750949798e+05 +1.750949798e+05 +1.748048998e+05 +1.748048998e+05
95 +1.456514985e+05 +1.456514985e+05 +1.453614185e+05 +1.453614185e+05
172 +9.394241952e+04 +9.394241952e+04 +9.365233952e+04 +9.365233952e+04
289 +5.160703123e+04 +5.160703123e+04 +5.131695123e+04 +5.131695123e+04
624 +3.034651857e+04 +3.034651857e+04 +3.005643857e+04 +3.005643857e+04
1058 +2.454056963e+04 +2.454056963e+04 +2.425048963e+04 +2.425048963e+04
1321 +1.525417885e+04 +1.525417885e+04 +1.496409885e+04 +1.496409885e+04
2179 +9.307717723e+03 +9.307717723e+03 +9.017637723e+03 +9.017637723e+03
3309 +5.398342754e+03 +5.398342754e+03 +5.108262754e+03 +5.108262754e+03
3591 +2.879186836e+03 +2.879186836e+03 +2.589106836e+03 +2.589106836e+03
3992 +2.454664196e+03 +2.454664196e+03 +2.164584196e+03 +2.164584196e+03
4902 +1.499772876e+03 +1.499772876e+03 +1.209692876e+03 +1.209692876e+03
5982 +9.951234105e+02 +9.951234105e+02 +7.050434105e+02 +7.050434105e+02
7302 +6.192472795e+02 +6.192472795e+02 +3.291672795e+02 +3.291672795e+02
7915 +3.882254726e+02 +3.882254726e+02 +9.814547259e+01 +9.814547259e+01
9231 +2.467134257e+02 +2.467134257e+02 -4.336657426e+01 -4.336657426e+01
11564 +1.577705310e+02 +1.577705310e+02 -1.323094690e+02 -1.323094690e+02
13789 +9.686112628e+01 +9.686112628e+01 -1.932188737e+02 -1.932188737e+02
16422 +6.186861451e+01 +6.186861451e+01 -2.282113855e+02 -2.282113855e+02
23274 +3.967707765e+01 +3.967707765e+01 -2.504029223e+02 -2.504029223e+02
% function evaluation | noise-free fitness - Fopt (2.510000000000e+01) | best noise-free fitness - Fopt | measured fitness | best measured fitness | x1 | x2...
1 +4.507480394e+05 +4.507480394e+05 +4.507731394e+05 +4.507731394e+05
37 +3.285809746e+05 +3.285809746e+05 +3.286060746e+05 +3.286060746e+05
95 +1.760222916e+05 +1.760222916e+05 +1.760473916e+05 +1.760473916e+05
161 +1.152106823e+05 +1.152106823e+05 +1.152357823e+05 +1.152357823e+05
294 +9.189963820e+04 +9.189963820e+04 +9.192473820e+04 +9.192473820e+04
478 +5.632520476e+04 +5.632520476e+04 +5.635030476e+04 +5.635030476e+04
1297 +3.931175837e+04 +3.931175837e+04 +3.933685837e+04 +3.933685837e+04
1505 +2.325318782e+04 +2.325318782e+04 +2.327828782e+04 +2.327828782e+04
1972 +1.107455918e+04 +1.107455918e+04 +1.109965918e+04 +1.109965918e+04
2305 +8.632329387e+03 +8.632329387e+03 +8.657429387e+03 +8.657429387e+03
3027 +6.027251708e+03 +6.027251708e+03 +6.052351708e+03 +6.052351708e+03
3787 +3.919614149e+03 +3.919614149e+03 +3.944714149e+03 +3.944714149e+03
4817 +2.027313503e+03 +2.027313503e+03 +2.052413503e+03 +2.052413503e+03
5519 +1.545080107e+03 +1.545080107e+03 +1.570180107e+03 +1.570180107e+03
7001 +9.181745916e+02 +9.181745916e+02 +9.432745916e+02 +9.432745916e+02
8085 +5.986237854e+02 +5.986237854e+02 +6.237237854e+02 +6.237237854e+02
10428 +3.966915914e+02 +3.966915914e+02 +4.217915914e+02 +4.217915914e+02
12493 +2.444835588e+02 +2.444835588e+02 +2.695835588e+02 +2.695835588e+02
14354 +1.565430833e+02 +1.565430833e+02 +1.816430833e+02 +1.816430833e+02
17874 +9.885360850e+01 +9.885360850e+01 +1.239536085e+02 +1.239536085e+02
21103 +6.276319495e+01 +6.276319495e+01 +8.786319495e+01 +8.786319495e+01
29386 +3.977454258e+01 +3.977454258e+01 +6.487454258e+01 +6.487454258e+01
% function evaluation | noise-free fitness - Fopt (-8.756000000000e+01) | best noise-free fitness - Fopt | measured fitness | best measured fitness | x1 | x2...
1 +3.957820345e+05 +3.957820345e+05 +3.956944745e+05 +3.956944745e+05
56 +2.243282946e+05 +2.243282946e+05 +2.242407346e+05 +2.242407346e+05
99 +1.546019586e+05 +1.546019586e+05 +1.545143986e+05 +1.545143986e+05
239 +8.229059417e+04 +8.229059417e+04 +8.220303417e+04 +8.220303417e+04
498 +4.320324964e+04 +4.320324964e+04 +4.311568964e+04 +4.311568964e+04
635 +2.420556531e+04 +2.420556531e+04 +2.411800531e+04 +2.411800531e+04
947 +1.537352041e+04 +1.537352041e+04 +1.528596041e+04 +1.528596041e+04
1663 +6.784073550e+03 +6.784073550e+03 +6.696513550e+03 +6.696513550e+03
2123 +6.180403893e+03 +6.180403893e+03 +6.092843893e+03 +6.092843893e+03
2480 +3.956730701e+03 +3.956730701e+03 +3.869170701e+03 +3.869170701e+03
2920 +2.470356173e+03 +2.470356173e+03 +2.382796173e+03 +2.382796173e+03
3032 +1.191898305e+03 +1.191898305e+03 +1.104338305e+03 +1.104338305e+03
3457 +9.911758404e+02 +9.911758404e+02 +9.036158404e+02 +9.036158404e+02
4741 +6.279474646e+02 +6.279474646e+02 +5.403874646e+02 +5.403874646e+02
6446 +3.980952358e+02 +3.980952358e+02 +3.105352358e+02 +3.105352358e+02
8498 +2.503148156e+02 +2.503148156e+02 +1.627548156e+02 +1.627548156e+02
10446 +1.582820020e+02 +1.582820020e+02 +7.072200199e+01 +7.072200199e+01
15722 +9.989299336e+01 +9.989299336e+01 +1.233299336e+01 +1.233299336e+01
26608 +6.246687892e+01 +6.246687892e+01 -2.509312108e+01 -2.509312108e+01
35722 +3.964165595e+01 +3.964165595e+01 -4.791834405e+01 -4.791834405e+01
% function evaluation | noise-free fitness - Fopt (6.007000000000e+01) | best noise-free fitness - Fopt | measured fitness | best measured fitness | x1 | x2...
1 +8.333559797e+05 +8.333559797e+05 +8.334160497e+05 +8.334160497e+05
4 +5.777831058e+05 +5.777831058e+05 +5.778431758e+05 +5.778431758e+05
25 +3.305827162e+05 +3.305827162e+05 +3.306427862e+05 +3.306427862e+05
111 +1.556368302e+05 +1.556368302e+05 +1.556969002e+05 +1.556969002e+05
125 +6.694604675e+04 +6.694604675e+04 +6.700611675e+04 +6.700611675e+04
372 +5.515541203e+04 +5.515541203e+04 +5.521548203e+04 +5.521548203e+04
709 +3.429892715e+04 +3.429892715e+04 +3.435899715e+04 +3.435899715e+04
986 +2.494560570e+04 +2.494560570e+04 +2.500567570e+04 +2.500567570e+04
1106 +1.417446836e+04 +1.417446836e+04 +1.423453836e+04 +1.423453836e+04
1411 +9.442980578e+03 +9.442980578e+03 +9.503050578e+03 +9.503050578e+03
1592 +4.297624145e+03 +4.297624145e+03 +4.357694145e+03 +4.357694145e+03
2198 +3.960762265e+03 +3.960762265e+03 +4.020832265e+03 +4.020832265e+03
3193 +2.330070046e+03 +2.330070046e+03 +2.390140046e+03 +2.390140046e+03
3406 +1.463535101e+03 +1.463535101e+03 +1.523605101e+03 +1.523605101e+03
5438 +9.211399906e+02 +9.211399906e+02 +9.812099906e+02 +9.812099906e+02
6206 +6.127763407e+02 +6.127763407e+02 +6.728463407e+02 +6.728463407e+02
8772 +3.932032271e+02 +3.932032271e+02 +4.532732271e+02 +4.532732271e+02
14414 +2.433113965e+02 +2.433113965e+02 +3.033813965e+02 +3.033813965e+02
% function evaluation | noise-free fitness - Fopt (-1.366300000000e+02) | best noise-free fitness - Fopt | measured fitness | best measured fitness | x1 | x2...
1 +1.004530489e+06 +1.004530489e+06 +1.004393859e+06 +1.004393859e+06
3 +6.830343291e+05 +6.830343291e+05 +6.828976991e+05 +6.828976991e+05
4 +4.987136698e+05 +4.987136698e+05 +4.985770398e+05 +4.985770398e+05
32 +3.252846284e+05 +3.252846284e+05 +3.251479984e+05 +3.251479984e+05
84 +2.278298178e+05 +2.278298178e+05 +2.276931878e+05 +2.276931878e+05
153 +1.371459533e+05 +1.371459533e+05 +1.370093233e+05 +1.370093233e+05
499 +5.604150807e+04 +5.604150807e+04 +5.590487807e+04 +5.590487807e+04
936 +3.938365916e+04 +3.938365916e+04 +3.924702916e+04 +3.924702916e+04
1056 +2.057500838e+04 +2.057500838e+04 +2.043837838e+04 +2.043837838e+04
1355 +1.481815312e+04 +1.481815312e+04 +1.468152312e+04 +1.468152312e+04
2111 +8.881871045e+03 +8.881871045e+03 +8.745241045e+03 +8.745241045e+03
2664 +5.841650307e+03 +5.841650307e+03 +5.705020307e+03 +5.705020307e+03
3565 +3.834014384e+03 +3.834014384e+03 +3.697384384e+03 +3.697384384e+03
4139 +2.482814838e+03 +2.482814838e+03 +2.346184838e+03 +2.346184838e+03
5436 +1.565435707e+03 +1.565435707e+03 +1.428805707e+03 +1.428805707e+03
6710 +9.650046107e+02 +9.650046107e+02 +8.283746107e+02 +8.283746107e+02
8345 +6.104304008e+02 +6.104304008e+02 +4.738004008e+02 +4.738004008e+02
9495 +3.943426285e+02 +3.943426285e+02 +2.577126285e+02 +2.577126285e+02
12024 +2.340181519e+02 +2.340181519e+02 +9.738815185e+01 +9.738815185e+01
14786 +1.571726547e+02 +1.571726547e+02 +2.054265466e+01 +2.054265466e+01
17784 +9.958333755e+01 +9.958333755e+01 -3.704666245e+01 -3.704666245e+01
20464 +6.309467208e+01 +6.309467208e+01 -7.353532792e+01 -7.353532792e+01
32347 +3.976889289e+01 +3.976889289e+01 -9.686110711e+01 -9.686110711e+01
% function evaluation | noise-free fitness - Fopt (1.639300000000e+02) | best noise-free fitness - Fopt | measured fitness | best measured fitness | x1 | x2...
1 +1.083678428e+06 +1.083678428e+06 +1.083842358e+06 +1.083842358e+06
3 +8.127577463e+05 +8.127577463e+05 +8.129216763e+05 +8.129216763e+05
9 +6.032636018e+05 +6.032636018e+05 +6.034275318e+05 +6.034275318e+05
53 +1.576941699e+05 +1.576941699e+05 +1.578580999e+05 +1.578580999e+05
192 +6.564400387e+04 +6.564400387e+04 +6.580793387e+04 +6.580793387e+04
317 +6.254488734e+04 +6.254488734e+04 +6.270881734e+04 +6.270881734e+04
712 +3.030681037e+04 +3.030681037e+04 +3.047074037e+04 +3.047074037e+04
1041 +2.058063943e+04 +2.058063943e+04 +2.074456943e+04 +2.074456943e+04
1794 +1.378221638e+04 +1.378221638e+04 +1.394614638e+04 +1.394614638e+04
2338 +9.889231693e+03 +9.889231693e+03 +1.005316169e+04 +1.005316169e+04
3403 +5.520608847e+03 +5.520608847e+03 +5.684538847e+03 +5.684538847e+03
3710 +3.360949334e+03 +3.360949334e+03 +3.524879334e+03 +3.524879334e+03
4533 +2.317511423e+03 +2.317511423e+03 +2.481441423e+03 +2.481441423e+03
5647 +1.462185929e+03 +1.462185929e+03 +1.626115929e+03 +1.626115929e+03
6244 +9.993482902e+02 +9.993482902e+02 +1.163278290e+03 +1.163278290e+03
7967 +6.305941526e+02 +6.305941526e+02 +7.945241526e+02 +7.945241526e+02
9481 +3.971547564e+02 +3.971547564e+02 +5.610847564e+02 +5.610847564e+02
12087 +2.490841929e+02 +2.490841929e+02 +4.130141929e+02 +4.130141929e+02
17262 +1.569679500e+02 +1.569679500e+02 +3.208979500e+02 +3.208979500e+02
21127 +9.545231827e+01 +9.545231827e+01 +2.593823183e+02 +2.593823183e+02
23730 +6.233107635e+01 +6.233107635e+01 +2.262610764e+02 +2.262610764e+02
32303 +3.971537843e+01 +3.971537843e+01 +2.036453784e+02 +2.036453784e+02
% function evaluation | noise-free fitness - Fopt (-5.002000000000e+01) | best noise-free fitness - Fopt | measured fitness | best measured fitness | x1 | x2...
1 +5.780325575e+05 +5.780325575e+05 +5.779825375e+05 +5.779825375e+05
34 +2.995529024e+05 +2.995529024e+05 +2.995028824e+05 +2.995028824e+05
49 +2.486481243e+05 +2.486481243e+05 +2.485981043e+05 +2.485981043e+05
86 +1.086823612e+05 +1.086823612e+05 +1.086323412e+05 +1.086323412e+05
124 +9.639504095e+04 +9.639504095e+04 +9.634502095e+04 +9.634502095e+04
450 +4.864047767e+04 +4.864047767e+04 +4.859045767e+04 +4.859045767e+04
568 +3.901125733e+04 +3.901125733e+04 +3.896123733e+04 +3.896123733e+04
650 +2.330967153e+04 +2.330967153e+04 +2.325965153e+04 +2.325965153e+04
1229 +1.428469393e+04 +1.428469393e+04 +1.423467393e+04 +1.423467393e+04
1386 +7.933810313e+03 +7.933810313e+03 +7.883790313e+03 +7.883790313e+03
1971 +6.024014444e+03 +6.024014444e+03 +5.973994444e+03 +5.973994444e+03
2466 +3.952284692e+03 +3.952284692e+03 +3.902264692e+03 +3.902264692e+03
4016 +2.454293657e+03 +2.454293657e+03 +2.404273657e+03 +2.404273657e+03
7202 +1.579546384e+03 +1.579546384e+03 +1.529526384e+03 +1.529526384e+03
10721 +9.977557230e+02 +9.977557230e+02 +9.477357230e+02 +9.477357230e+02
22124 +6.307304008e+02 +6.307304008e+02 +5.807104008e+02 +5.807104008e+02
32153 +3.954234198e+02 +3.954234198e+02 +3.454034198e+02 +3.454034198e+02
37078 +2.494738726e+02 +2.494738726e+02 +1.994538726e+02 +1.994538726e+02
42973 +1.565465281e+02 +1.565465281e+02 +1.065265281e+02 +1.065265281e+02
46403 +9.997531733e+01 +9.997531733e+01 +4.995531733e+01 +4.995531733e+01
% function evaluation | noise-free fitness - Fopt (5.888600000000e+02) | best noise-free fitness - Fopt | measured fitness | best measured fitness | x1 | x2...
1 +1.210595718e+06 +1.210595718e+06 +1.211184578e+06 +1.211184578e+06
2 +9.581525057e+05 +9.581525057e+05 +9.587413657e+05 +9.587413657e+05
5 +6.000054929e+05 +6.000054929e+05 +6.005943529e+05 +6.005943529e+05
13 +3.899760115e+05 +3.899760115e+05 +3.905648715e+05 +3.905648715e+05
107 +2.349846832e+05 +2.349846832e+05 +2.355735432e+05 +2.355735432e+05
165 +1.530590449e+05 +1.530590449e+05 +1.536479049e+05 +1.536479049e+05
316 +8.331430767e+04 +8.331430767e+04 +8.390316767e+04 +8.390316767e+04
466 +5.617287543e+04 +5.617287543e+04 +5.676173543e+04 +5.676173543e+04
677 +3.300673502e+04 +3.300673502e+04 +3.359559502e+04 +3.359559502e+04
1116 +2.203116173e+04 +2.203116173e+04 +2.262002173e+04 +2.262002173e+04
1342 +1.081167753e+04 +1.081167753e+04 +1.140053753e+04 +1.140053753e+04
1443 +8.435470545e+03 +8.435470545e+03 +9.024330545e+03 +9.024330545e+03
1901 +5.783959105e+03 +5.783959105e+03 +6.372819105e+03 +6.372819105e+03
2584 +3.978468658e+03 +3.978468658e+03 +4.567328658e+03 +4.567328658e+03
3297 +2.384142502e+03 +2.384142502e+03 +2.973002502e+03 +2.973002502e+03
4177 +1.404457506e+03 +1.404457506e+03 +1.993317506e+03 +1.993317506e+03
5113 +9.953924957e+02 +9.953924957e+02 +1.584252496e+03 +1.584252496e+03
6658 +6.305610490e+02 +6.305610490e+02 +1.219421049e+03 +1.219421049e+03
8210 +3.921914429e+02 +3.921914429e+02 +9.810514429e+02 +9.810514429e+02
9753 +2.468927818e+02 +2.468927818e+02 +8.357527818e+02 +8.357527818e+02
12513 +1.572851411e+02 +1.572851411e+02 +7.461451411e+02 +7.461451411e+02
14368 +9.944384887e+01 +9.944384887e+01 +6.883038489e+02 +6.883038489e+02
17471 +6.296497547e+01 +6.296497547e+01 +6.518249755e+02 +6.518249755e+02
27981 +3.980760301e+01 +3.980760301e+01 +6.286676030e+02 +6.286676030e+02
% function evaluation | noise-free fitness - Fopt (-3.294000000000e+01) | best noise-free fitness - Fopt | measured fitness | best measured fitness | x1 | x2...
1 +1.568491861e+06 +1.568491861e+06 +1.568458921e+06 +1.568458921e+06
2 +8.610600666e+05 +8.610600666e+05 +8.610271266e+05 +8.610271266e+05
7 +4.633236027e+05 +4.633236027e+05 +4.632906627e+05 +4.632906627e+05
41 +3.548179496e+05 +3.548179496e+05 +3.547850096e+05 +3.547850096e+05
105 +1.732221435e+05 +1.732221435e+05 +1.731892035e+05 +1.731892035e+05
121 +1.346456457e+05 +1.346456457e+05 +1.346127057e+05 +1.346127057e+05
202 +7.752045131e+04 +7.752045131e+04 +7.748751131e+04 +7.748751131e+04
399 +6.113794262e+04 +6.113794262e+04 +6.110500262e+04 +6.110500262e+04
708 +3.647444152e+04 +3.647444152e+04 +3.644150152e+04 +3.644150152e+04
816 +2.366233967e+04 +2.366233967e+04 +2.362939967e+04 +2.362939967e+04
1343 +1.581901624e+04 +1.581901624e+04 +1.578607624e+04 +1.578607624e+04
2026 +7.052930454e+03 +7.052930454e+03 +7.019990454e+03 +7.019990454e+03
2186 +6.048577448e+03 +6.048577448e+03 +6.015637448e+03 +6.015637448e+03
2917 +3.472451852e+03 +3.472451852e+03 +3.439511852e+03 +3.439511852e+03
3737 +2.243876691e+03 +2.243876691e+03 +2.210936691e+03 +2.210936691e+03
4808 +1.291179158e+03 +1.291179158e+03 +1.258239158e+03 +1.258239158e+03
5145 +9.176018886e+02 +9.176018886e+02 +8.846618886e+02 +8.846618886e+02
6351 +6.247108641e+02 +6.247108641e+02 +5.917708641e+02 +5.917708641e+02
7546 +3.879835780e+02 +3.879835780e+02 +3.550435780e+02 +3.550435780e+02
8915 +2.420729208e+02 +2.420729208e+02 +2.091329208e+02 +2.091329208e+02
11520 +1.562919084e+02 +1.562919084e+02 +1.233519084e+02 +1.233519084e+02
13676 +9.947570902e+01 +9.947570902e+01 +6.653570902e+01 +6.653570902e+01
17343 +6.222119802e+01 +6.222119802e+01 +2.928119802e+01 +2.928119802e+01
24250 +3.977527200e+01 +3.977527200e+01 +6.835272000e+00 +6.835272000e+00
% function evaluation | noise-free fitness - Fopt (-1.116200000000e+02) | best noise-free fitness - Fopt | measured fitness | best measured fitness | x1 | x2...
1 +7.459216625e+05 +7.459216625e+05 +7.458100425e+05 +7.458100425e+05
5 +5.507543897e+05 +5.507543897e+05 +5.506427697e+05 +5.506427697e+05
41 +3.918728985e+05 +3.918728985e+05 +3.917612785e+05 +3.917612785e+05
54 +2.499132339e+05 +2.499132339e+05 +2.498016139e+05 +2.498016139e+05
100 +1.046826129e+05 +1.046826129e+05 +1.045709929e+05 +1.045709929e+05
463 +9.739303889e+04 +9.739303889e+04 +9.728141889e+04 +9.728141889e+04
567 +4.510761684e+04 +4.510761684e+04 +4.499599684e+04 +4.499599684e+04
948 +3.743001826e+04 +3.743001826e+04 +3.731839826e+04 +3.731839826e+04
1106 +2.496981704e+04 +2.496981704e+04 +2.485819704e+04 +2.485819704e+04
1731 +1.390912106e+04 +1.390912106e+04 +1.379750106e+04 +1.379750106e+04
2286 +9.201248371e+03 +9.201248371e+03 +9.089628371e+03 +9.089628371e+03
3027 +6.269785236e+03 +6.269785236e+03 +6.158165236e+03 +6.158165236e+03
3980 +3.733918921e+03 +3.733918921e+03 +3.622298921e+03 +3.622298921e+03
4297 +2.502456076e+03 +2.502456076e+03 +2.390836076e+03 +2.390836076e+03
5132 +1.471438207e+03 +1.471438207e+03 +1.359818207e+03 +1.359818207e+03
5697 +9.307413099e+02 +9.307413099e+02 +8.191213099e+02 +8.191213099e+02
6172 +6.015210265e+02 +6.015210265e+02 +4.899010265e+02 +4.899010265e+02
7486 +3.973789510e+02 +3.973789510e+02 +2.857589510e+02 +2.857589510e+02
9720 +2.479824128e+02 +2.479824128e+02 +1.363624128e+02 +1.363624128e+02
13586 +1.579536423e+02 +1.579536423e+02 +4.633364231e+01 +4.633364231e+01
