% function evaluation | noise-free fitness - Fopt (-1.000000000000e+03) | best noise-free fitness - Fopt | measured fitness | best measured fitness | x1 | x2...
1 +8.267479868e+01 +8.267479868e+01 -9.173252013e+02 -9.173252013e+02 +4.9538e+00 +7.0568e-01 +7.5664e-01
3 +6.002162352e+01 +6.002162352e+01 -9.399783765e+02 -9.399783765e+02 -2.6635e-02 -2.5076e+00 -2.8083e+00
6 +3.472891194e+01 +3.472891194e+01 -9.652710881e+02 -9.652710881e+02 -2.4331e+00 -4.3777e+00 -9.7683e-01
15 +2.395807363e+01 +2.395807363e+01 -9.760419264e+02 -9.760419264e+02 +6.1985e-01 -1.6056e+00 -1.6548e+00
20 +8.045317005e+00 +8.045317005e+00 -9.919546830e+02 -9.919546830e+02 +2.9617e+00 -4.6393e+00 -4.2718e+00
27 +2.050700214e+00 +2.050700214e+00 -9.979492998e+02 -9.979492998e+02 +3.4021e+00 +4.3497e+00 -8.8507e-01
347 +1.582900056e+00 +1.582900056e+00 -9.984170999e+02 -9.984170999e+02 +2.1419e+00 +1.6874e+00 +3.2591e+00
470 +1.426556431e-01 +1.426556431e-01 -9.998573444e+02 -9.998573444e+02 +2.9531e+00 +1.6874e+00 +3.2588e+00
1498 +8.252618340e-02 +8.252618340e-02 -9.999174738e+02 -9.999174738e+02 -2.0731e-01 -1.7772e-01 +2.0212e+00
1814 +3.272635329e-02 +3.272635329e-02 -9.999672736e+02 -9.999672736e+02 +2.6497e+00 +1.6874e+00 +3.2588e+00
2667 +3.625605742e-03 +3.625605742e-03 -9.999963744e+02 -9.999963744e+02 +6.1575e-01 +1.5640e-01 +2.2825e+00
% function evaluation | noise-free fitness - Fopt (1.000000000000e+03) | best noise-free fitness - Fopt | measured fitness | best measured fitness | x1 | x2...
1 +6.901882682e+01 +6.901882682e+01 +1.069018827e+03 +1.069018827e+03 -2.0464e+00 +3.8988e+00 -2.9054e+00
3 +4.771308518e+01 +4.771308518e+01 +1.047713085e+03 +1.047713085e+03 +3.7770e+00 -3.8569e+00 -4.5572e+00
6 +1.246475904e+01 +1.246475904e+01 +1.012464759e+03 +1.012464759e+03 -3.6142e+00 -2.3049e+00 +3.5158e+00
34 +4.035830367e+00 +4.035830367e+00 +1.004035830e+03 +1.004035830e+03 +4.3803e+00 +3.0692e+00 -2.8503e+00
212 +1.764200001e+00 +1.764200001e+00 +1.001764200e+03 +1.001764200e+03 +1.7486e+00 -4.3939e+00 -2.5920e+00
608 +5.691184700e-01 +5.691184700e-01 +1.000569118e+03 +1.000569118e+03 -2.4818e+00 +6.5874e-01 -2.3883e+00
712 +3.120417927e-01 +3.120417927e-01 +1.000312042e+03 +1.000312042e+03 -2.4818e+00 +6.5874e-01 -1.6489e+00
% function evaluation | noise-free fitness - Fopt (-4.913000000000e+01) | best noise-free fitness - Fopt | measured fitness | best measured fitness | x1 | x2...
1 +7.310620489e+01 +7.310620489e+01 +2.397620489e+01 +2.397620489e+01 -4.1776e+00 +3.0915e+00 -4.9164e+00
3 +2.414390745e+01 +2.414390745e+01 -2.498609255e+01 -2.498609255e+01 -1.8816e+00 +1.0626e+00 -2.3489e+00
14 +1.115180309e-01 +1.115180309e-01 -4.901848197e+01 -4.901848197e+01 +4.5333e+00 +3.8588e+00 +3.5375e+00
2010 +9.410744527e-02 +9.410744527e-02 -4.903589255e+01 -4.903589255e+01 +4.5346e+00 +3.7068e+00 +3.5375e+00
% function evaluation | noise-free fitness - Fopt (2.977300000000e+02) | best noise-free fitness - Fopt | measured fitness | best measured fitness | x1 | x2...
1 +5.855304165e+01 +5.855304165e+01 +3.562830416e+02 +3.562830416e+02 -3.1791e+00 -2.5331e-01 -1.9230e+00
2 +1.437707560e+01 +1.437707560e+01 +3.121070756e+02 +3.121070756e+02 +4.7530e+00 +7.5614e-01 -2.7594e+00
29 +7.503987655e+00 +7.503987655e+00 +3.052339877e+02 +3.052339877e+02 +1.7268e+00 -4.7787e+00 -1.7265e+00
34 +1.685260392e+00 +1.685260392e+00 +2.994152604e+02 +2.994152604e+02 -3.7970e+00 +2.3769e-01 +4.6784e+00
407 +1.286940747e+00 +1.286940747e+00 +2.990169407e+02 +2.990169407e+02 -1.5761e+00 +4.5236e+00 +1.5722e+00
470 +1.910183174e-01 +1.910183174e-01 +2.979210183e+02 +2.979210183e+02 -4.3789e+00 +6.4385e-01 +4.1430e+00
% function evaluation | noise-free fitness - Fopt (5.157000000000e+01) | best noise-free fitness - Fopt | measured fitness | best measured fitness | x1 | x2...
1 +8.574655139e+01 +8.574655139e+01 +1.373165514e+02 +1.373165514e+02 -4.0246e+00 +1.4041e+00 +3.6829e+00
3 +2.487759216e+01 +2.487759216e+01 +7.644759216e+01 +7.644759216e+01 -1.2344e+00 +1.2149e+00 -2.8610e+00
45 +1.533191359e+01 +1.533191359e+01 +6.690191359e+01 +6.690191359e+01 +1.8841e+00 -3.9979e+00 +3.1947e+00
132 +8.378943518e+00 +8.378943518e+00 +5.994894352e+01 +5.994894352e+01 +3.7865e+00 +1.0286e+00 -4.0856e-01
276 +5.798618637e+00 +5.798618637e+00 +5.736861864e+01 +5.736861864e+01 +8.5324e-01 -4.3367e+00 +4.4792e+00
417 +1.426742522e+00 +1.426742522e+00 +5.299674252e+01 +5.299674252e+01 +1.6867e+00 -1.7239e+00 +4.6712e+00
1224 +9.480783786e-01 +9.480783786e-01 +5.251807838e+01 +5.251807838e+01 +1.6867e+00 -1.7239e+00 +4.4788e+00
1699 +4.990956678e-01 +4.990956678e-01 +5.206909567e+01 +5.206909567e+01 +2.2259e+00 +1.5895e+00 -2.8605e+00
1815 +3.632886905e-01 +3.632886905e-01 +5.193328869e+01 +5.193328869e+01 +1.8995e+00 +1.5895e+00 -2.8605e+00
2009 +2.018853429e-01 +2.018853429e-01 +5.177188534e+01 +5.177188534e+01 +1.6867e+00 +1.5739e+00 -2.8610e+00
% function evaluation | noise-free fitness - Fopt (3.943000000000e+01) | best noise-free fitness - Fopt | measured fitness | best measured fitness | x1 | x2...
1 +5.356819276e+01 +5.356819276e+01 +9.299819276e+01 +9.299819276e+01 +4.1744e-01 +2.4984e+00 +2.5715e+00
3 +2.442439710e+01 +2.442439710e+01 +6.385439710e+01 +6.385439710e+01 -2.1913e+00 -3.9329e+00 +3.2568e+00
12 +7.175254049e+00 +7.175254049e+00 +4.660525405e+01 +4.660525405e+01 +3.0101e+00 -4.9600e+00 -1.2050e-01
45 +1.803703233e+00 +1.803703233e+00 +4.123370323e+01 +4.123370323e+01 +3.9394e+00 -4.0909e+00 -3.0984e-01
192 +8.233740652e-01 +8.233740652e-01 +4.025337407e+01 +4.025337407e+01 -4.0828e+00 -4.0890e+00 +3.3040e+00
721 +3.248328982e-01 +3.248328982e-01 +3.975483290e+01 +3.975483290e+01 -2.2434e+00 -6.3092e-01 +3.7442e+00
1382 +1.294848933e-01 +1.294848933e-01 +3.955948489e+01 +3.955948489e+01 -2.2434e+00 -6.3092e-01 +3.6817e+00
2403 +9.352348789e-02 +9.352348789e-02 +3.952352349e+01 +3.952352349e+01 -1.9506e+00 -6.3202e-01 +3.6817e+00
3056 +5.559803518e-02 +5.559803518e-02 +3.948559804e+01 +3.948559804e+01 -1.8588e+00 -6.3202e-01 +3.6544e+00
% function evaluation | noise-free fitness - Fopt (1.322900000000e+02) | best noise-free fitness - Fopt | measured fitness | best measured fitness | x1 | x2...
1 +2.783751190e+01 +2.783751190e+01 +1.601275119e+02 +1.601275119e+02 +7.1936e-01 -4.5633e+00 -7.8803e-01
8 +1.113067296e+01 +1.113067296e+01 +1.434206730e+02 +1.434206730e+02 -2.8865e+00 +9.2415e-01 +2.5234e-01
27 +5.302644572e+00 +5.302644572e+00 +1.375926446e+02 +1.375926446e+02 +4.4401e+00 +4.9731e-01 -5.7457e-01
51 +2.073481411e+00 +2.073481411e+00 +1.343634814e+02 +1.343634814e+02 -3.2278e+00 -1.4686e+00 -9.2644e-01
55 +3.705523084e-01 +3.705523084e-01 +1.326605523e+02 +1.326605523e+02 -2.6594e+00 -2.0891e-01 -1.4474e+00
120 +1.975856084e-01 +1.975856084e-01 +1.324875856e+02 +1.324875856e+02 -2.7653e+00 -2.0246e+00 -1.0193e+00
286 +1.327194859e-01 +1.327194859e-01 +1.324227195e+02 +1.324227195e+02 -1.8750e+00 +2.1917e+00 -2.0475e+00
313 +9.552755927e-02 +9.552755927e-02 +1.323855276e+02 +1.323855276e+02 -2.3384e+00 +1.2094e+00 -1.7253e+00
779 +1.335566696e-02 +1.335566696e-02 +1.323033557e+02 +1.323033557e+02 -1.9471e+00 +3.2020e-01 -1.7771e+00
1099 +6.007397856e-03 +6.007397856e-03 +1.322960074e+02 +1.322960074e+02 -2.0152e+00 +1.0166e+00 -1.8269e+00
1527 +2.303373867e-03 +2.303373867e-03 +1.322923034e+02 +1.322923034e+02 -2.0883e+00 +3.5406e-01 -1.7253e+00
1781 +9.899814728e-04 +9.899814728e-04 +1.322909900e+02 +1.322909900e+02 -2.0152e+00 +3.2020e-01 -1.7224e+00
2108 +1.999671951e-04 +1.999671951e-04 +1.322902000e+02 +1.322902000e+02 -2.0883e+00 +3.1995e-01 -1.6941e+00
% function evaluation | noise-free fitness - Fopt (-4.871000000000e+01) | best noise-free fitness - Fopt | measured fitness | best measured fitness | x1 | x2...
1 +4.138646583e-01 +4.138646583e-01 -4.829613534e+01 -4.829613534e+01 +2.9937e+00 +4.0974e+00 +1.5129e+00
241 +1.637019553e-01 +1.637019553e-01 -4.854629804e+01 -4.854629804e+01 +3.8384e+00 +1.2903e+00 +6.8533e-02
783 +7.666001073e-02 +7.666001073e-02 -4.863333999e+01 -4.863333999e+01 +4.0292e+00 +2.6129e+00 +5.6493e-01
1153 +6.263233571e-02 +6.263233571e-02 -4.864736766e+01 -4.864736766e+01 +3.9981e+00 +2.6130e+00 +5.6493e-01
1205 +1.922417495e-02 +1.922417495e-02 -4.869077583e+01 -4.869077583e+01 +3.8418e+00 +2.4898e+00 +5.8055e-01
1798 +1.487902704e-02 +1.487902704e-02 -4.869512097e+01 -4.869512097e+01 +3.7331e+00 +2.4898e+00 +6.1278e-01
% function evaluation | noise-free fitness - Fopt (-2.833000000000e+01) | best noise-free fitness - Fopt | measured fitness | best measured fitness | x1 | x2...
1 +8.043042564e+01 +8.043042564e+01 +5.210042564e+01 +5.210042564e+01 -4.9774e+00 -6.2883e-01 -1.7250e+00
2 +5.047847982e+01 +5.047847982e+01 +2.214847982e+01 +2.214847982e+01 -4.2407e+00 +2.1122e+00 -3.4935e+00
3 +2.561554742e+01 +2.561554742e+01 -2.714452575e+00 -2.714452575e+00 +3.9341e+00 +3.3847e+00 +7.8724e-01
5 +1.143882147e+01 +1.143882147e+01 -1.689117853e+01 -1.689117853e+01 -2.8311e+00 -3.0217e-01 +1.0773e+00
49 +7.334304373e+00 +7.334304373e+00 -2.099569563e+01 -2.099569563e+01 +2.2406e+00 -4.6816e+00 +5.7037e-01
97 +3.501078365e+00 +3.501078365e+00 -2.482892164e+01 -2.482892164e+01 +3.2762e+00 +1.4346e+00 +3.5429e+00
390 +1.428784036e+00 +1.428784036e+00 -2.690121596e+01 -2.690121596e+01 +3.4715e+00 +2.1852e+00 +3.5468e+00
717 +9.957504703e-01 +9.957504703e-01 -2.733424953e+01 -2.733424953e+01 -7.0734e-01 -1.7917e-01 +1.1574e+00
937 +2.162693544e-01 +2.162693544e-01 -2.811373065e+01 -2.811373065e+01 +7.8536e-01 +8.6113e-02 +1.8975e+00
1050 +7.175752721e-05 +7.175752721e-05 -2.832992824e+01 -2.832992824e+01 +2.1412e+00 +1.5724e+00 +2.8191e+00
% function evaluation | noise-free fitness - Fopt (-1.516100000000e+02) | best noise-free fitness - Fopt | measured fitness | best measured fitness | x1 | x2...
1 +6.801408363e+01 +6.801408363e+01 -8.359591637e+01 -8.359591637e+01 +3.2263e+00 -5.8756e-02 -2.2718e+00
2 +5.957393039e+01 +5.957393039e+01 -9.203606961e+01 -9.203606961e+01 +2.1419e+00 +8.2839e-01 +2.1408e+00
3 +3.909417974e+01 +3.909417974e+01 -1.125158203e+02 -1.125158203e+02 -3.1673e+00 -2.0930e+00 +1.5596e+00
4 +1.791194339e+01 +1.791194339e+01 -1.336980566e+02 -1.336980566e+02 -4.3426e+00 -3.2463e+00 +7.6280e-01
26 +1.192855349e+01 +1.192855349e+01 -1.396814465e+02 -1.396814465e+02 -4.5477e+00 +1.9228e+00 -5.9313e-01
81 +8.653317108e+00 +8.653317108e+00 -1.429566829e+02 -1.429566829e+02 -2.1359e+00 +3.4184e+00 -4.1020e+00
293 +4.968245614e+00 +4.968245614e+00 -1.466417544e+02 -1.466417544e+02 -1.8761e+00 +2.5075e+00 +4.2515e+00
376 +5.680108268e-01 +5.680108268e-01 -1.510419892e+02 -1.510419892e+02 -2.4008e+00 +1.3853e+00 +3.4142e+00
564 +1.201476009e-01 +1.201476009e-01 -1.514898524e+02 -1.514898524e+02 -2.1753e+00 +1.4432e+00 +3.7807e+00
692 +6.330910290e-02 +6.330910290e-02 -1.515466909e+02 -1.515466909e+02 -2.3867e+00 +1.4432e+00 +3.7807e+00
829 +4.914275394e-02 +4.914275394e-02 -1.515608572e+02 -1.515608572e+02 -1.8839e+00 +1.4593e+00 +4.2515e+00
842 +2.936419935e-02 +2.936419935e-02 -1.515806358e+02 -1.515806358e+02 -3.4427e+00 +1.4228e+00 +3.7690e+00
1048 +1.272619476e-02 +1.272619476e-02 -1.515972738e+02 -1.515972738e+02 -2.4210e+00 +1.4593e+00 +4.0041e+00
1677 +4.006875360e-03 +4.006875360e-03 -1.516059931e+02 -1.516059931e+02 -3.4427e+00 +1.4431e+00 +3.7534e+00
1755 +3.678664967e-03 +3.678664967e-03 -1.516063213e+02 -1.516063213e+02 -2.9210e+00 +1.4593e+00 +3.8079e+00
1761 +1.559775610e-04 +1.559775610e-04 -1.516098440e+02 -1.516098440e+02 -3.4446e+00 +1.4671e+00 +3.7690e+00
2085 +2.841381888e-05 +2.841381888e-05 -1.516099716e+02 -1.516099716e+02 -3.4427e+00 +1.4749e+00 +3.8079e+00
2507 +2.499538274e-05 +2.499538274e-05 -1.516099750e+02 -1.516099750e+02 -3.4739e+00 +1.4745e+00 +3.7680e+00
2583 +3.410212912e-08 +3.410212912e-08 -1.516100000e+02 -1.516100000e+02 -3.4417e+00 +1.4867e+00 +3.8116e+00
% function evaluation | noise-free fitness - Fopt (-1.069900000000e+02) | best noise-free fitness - Fopt | measured fitness | best measured fitness | x1 | x2...
1 +6.576171560e+01 +6.576171560e+01 -4.122828440e+01 -4.122828440e+01 -2.8730e+00 +4.4585e+00 -3.9065e+00
2 +3.115993165e+01 +3.115993165e+01 -7.583006835e+01 -7.583006835e+01 -2.2413e+00 +2.8014e+00 +2.2481e+00
5 +1.319472297e+01 +1.319472297e+01 -9.379527703e+01 -9.379527703e+01 +2.1089e+00 +2.1272e+00 -1.8099e+00
55 +2.852907424e-01 +2.852907424e-01 -1.067047093e+02 -1.067047093e+02 +6.8828e-01 -1.5247e+00 -2.2510e+00
1272 +1.376047684e-01 +1.376047684e-01 -1.068523952e+02 -1.068523952e+02 +3.1304e-01 -1.5247e+00 -2.1111e+00
% function evaluation | noise-free fitness - Fopt (1.000300000000e+02) | best noise-free fitness - Fopt | measured fitness | best measured fitness | x1 | x2...
1 +4.598319400e+01 +4.598319400e+01 +1.460131940e+02 +1.460131940e+02 -4.3463e+00 +4.1148e+00 +9.9142e-01
4 +2.071317342e+01 +2.071317342e+01 +1.207431734e+02 +1.207431734e+02 -2.8685e+00 -1.5207e+00 +2.2967e+00
54 +7.530929684e+00 +7.530929684e+00 +1.075609297e+02 +1.075609297e+02 +5.9725e-01 +3.3954e+00 -2.2433e+00
72 +5.023101773e+00 +5.023101773e+00 +1.050531018e+02 +1.050531018e+02 +1.9670e+00 -3.1508e+00 -1.4628e+00
92 +3.759186010e+00 +3.759186010e+00 +1.037891860e+02 +1.037891860e+02 -3.8144e+00 +2.6296e+00 +2.0710e-01
94 +1.172603569e+00 +1.172603569e+00 +1.012026036e+02 +1.012026036e+02 -2.9766e+00 -1.1971e+00 +8.0721e-01
180 +4.632978151e-01 +4.632978151e-01 +1.004932978e+02 +1.004932978e+02 -2.8864e+00 -2.7136e-01 +1.4216e+00
777 +1.395248194e-01 +1.395248194e-01 +1.001695248e+02 +1.001695248e+02 -3.3565e+00 -2.7136e-01 +1.4216e+00
1233 +1.173844322e-02 +1.173844322e-02 +1.000417384e+02 +1.000417384e+02 -2.3774e+00 -9.6645e-01 +7.9275e-01
2838 +8.975174869e-03 +8.975174869e-03 +1.000389752e+02 +1.000389752e+02 -2.3774e+00 -9.5083e-01 +7.9275e-01
% function evaluation | noise-free fitness - Fopt (-2.788900000000e+02) | best noise-free fitness - Fopt | measured fitness | best measured fitness | x1 | x2...
1 +7.508523772e+01 +7.508523772e+01 -2.038047623e+02 -2.038047623e+02 -6.4255e-01 -2.5608e+00 +1.2128e+00
2 +3.890169996e+01 +3.890169996e+01 -2.399883000e+02 -2.399883000e+02 +1.6497e+00 -2.2809e+00 +4.1989e+00
4 +1.079433550e+01 +1.079433550e+01 -2.680956645e+02 -2.680956645e+02 -5.3265e-01 -1.8108e+00 -4.5856e+00
233 +7.286546830e+00 +7.286546830e+00 -2.716034532e+02 -2.716034532e+02 +2.0857e+00 -3.1921e+00 +3.9296e+00
364 +1.285279010e+00 +1.285279010e+00 -2.776047210e+02 -2.776047210e+02 -1.7617e+00 -4.0016e+00 -2.6993e-01
450 +1.598687605e-01 +1.598687605e-01 -2.787301312e+02 -2.787301312e+02 -2.7336e+00 -3.9184e+00 +4.7547e-01
1014 +1.101365667e-01 +1.101365667e-01 -2.787798634e+02 -2.787798634e+02 -2.7335e+00 -3.9184e+00 +4.4227e-01
1954 +6.665205887e-02 +6.665205887e-02 -2.788233479e+02 -2.788233479e+02 -2.7336e+00 -3.9965e+00 +4.9061e-01
2250 +1.560427821e-02 +1.560427821e-02 -2.788743957e+02 -2.788743957e+02 -2.7335e+00 -3.9184e+00 +3.3060e-01
% function evaluation | noise-free fitness - Fopt (5.142200000000e+02) | best noise-free fitness - Fopt | measured fitness | best measured fitness | x1 | x2...
1 +7.058124846e+01 +7.058124846e+01 +5.848012485e+02 +5.848012485e+02 -2.6793e+00 -1.6226e+00 -3.1080e+00
3 +5.566933046e+01 +5.566933046e+01 +5.698893305e+02 +5.698893305e+02 +6.8460e-01 -4.5583e+00 +6.1925e-01
14 +2.596635059e+01 +2.596635059e+01 +5.401863506e+02 +5.401863506e+02 +6.5039e-01 -1.2991e+00 +4.0450e+00
22 +1.658083682e+01 +1.658083682e+01 +5.308008368e+02 +5.308008368e+02 -1.0353e+00 +9.2634e-01 +1.6471e+00
29 +9.890534221e+00 +9.890534221e+00 +5.241105342e+02 +5.241105342e+02 +4.4002e-01 -3.7508e+00 -3.8631e-01
127 +2.905199583e-01 +2.905199583e-01 +5.145105200e+02 +5.145105200e+02 -6.3500e-01 -3.7261e+00 -1.0041e+00
1152 +2.052958628e-01 +2.052958628e-01 +5.144252959e+02 +5.144252959e+02 -8.4927e-01 -3.4740e+00 -1.5521e+00
1668 +1.578082564e-01 +1.578082564e-01 +5.143778083e+02 +5.143778083e+02 -8.4543e-01 -3.7261e+00 -1.1722e+00
2004 +3.325829168e-02 +3.325829168e-02 +5.142532583e+02 +5.142532583e+02 -1.2428e-01 -3.1539e+00 -1.5518e+00
% function evaluation | noise-free fitness - Fopt (6.098800000000e+02) | best noise-free fitness - Fopt | measured fitness | best measured fitness | x1 | x2...
1 +6.405531017e+01 +6.405531017e+01 +6.739353102e+02 +6.739353102e+02 +4.7992e-01 -3.5159e-01 +4.7673e+00
2 +1.783152542e+01 +1.783152542e+01 +6.277115254e+02 +6.277115254e+02 -4.3409e+00 -8.9647e-01 +3.4128e+00
18 +1.093216712e+01 +1.093216712e+01 +6.208121671e+02 +6.208121671e+02 -1.2882e+00 +2.4821e+00 -2.0839e+00
43 +8.989675277e+00 +8.989675277e+00 +6.188696753e+02 +6.188696753e+02 -4.3049e+00 +2.3741e+00 +1.0104e+00
195 +3.226261060e+00 +3.226261060e+00 +6.131062611e+02 +6.131062611e+02 -3.3802e+00 +2.6430e+00 +2.2932e-01
216 +1.743242997e+00 +1.743242997e+00 +6.116232430e+02 +6.116232430e+02 -4.7747e+00 +4.1988e+00 -8.6356e-01
1626 +1.415303658e+00 +1.415303658e+00 +6.112953037e+02 +6.112953037e+02 -4.8997e+00 +4.1983e+00 -1.0348e+00
