% function evaluation | noise-free fitness - Fopt (9.294000000000e+01) | best noise-free fitness - Fopt | measured fitness | best measured fitness | x1 | x2...
1 +5.432993952e+02 +5.432993952e+02 +6.362393952e+02 +6.362393952e+02 -2.5276e+00 +4.6976e+00 -1.3678e+00
2 +2.613640877e+02 +2.613640877e+02 +3.543040877e+02 +3.543040877e+02 -2.4407e+00 +4.9710e+00 +3.9775e+00
3 +1.053978511e+02 +1.053978511e+02 +1.983378511e+02 +1.983378511e+02 +6.2765e-01 +1.3591e+00 -3.6550e+00
8 +2.518016926e+01 +2.518016926e+01 +1.181201693e+02 +1.181201693e+02 +6.8699e-02 +1.6891e+00 +4.8696e+00
16 +7.891689096e+00 +7.891689096e+00 +1.008316891e+02 +1.008316891e+02 +6.8699e-02 +2.6938e+00 +6.0472e+00
27 +5.076304303e+00 +5.076304303e+00 +9.801630430e+01 +9.801630430e+01 -1.0812e+00 +4.9385e-01 -1.3678e+00
41 +3.937393770e+00 +3.937393770e+00 +9.687739377e+01 +9.687739377e+01 -3.2606e-01 -6.0016e-02 -3.0434e+00
93 +1.658298254e+00 +1.658298254e+00 +9.459829825e+01 +9.459829825e+01 -5.1704e-01 +2.7665e-01 -1.3414e+00
109 +1.602672098e-01 +1.602672098e-01 +9.310026721e+01 +9.310026721e+01 -2.4621e-01 +8.0238e-01 +6.0002e-01
232 +7.962646677e-02 +7.962646677e-02 +9.301962647e+01 +9.301962647e+01 -2.2396e-01 +5.7766e-01 -6.9722e-02
261 +5.159204028e-02 +5.159204028e-02 +9.299159204e+01 +9.299159204e+01 -3.1665e-01 +7.7421e-01 +4.0941e-01
262 +2.334413837e-02 +2.334413837e-02 +9.296334414e+01 +9.296334414e+01 -1.9131e-01 +7.7929e-01 +5.3610e-01
298 +5.180641918e-03 +5.180641918e-03 +9.294518064e+01 +9.294518064e+01 -2.1552e-01 +7.4118e-01 +3.4084e-01
346 +3.227848726e-03 +3.227848726e-03 +9.294322785e+01 +9.294322785e+01 -2.1562e-01 +6.9134e-01 +1.5474e-01
357 +1.247044565e-07 +1.247044565e-07 +9.294000012e+01 +9.294000012e+01 -2.1815e-01 +7.2450e-01 +2.9390e-01
381 +7.873552477e-08 +7.873552477e-08 +9.294000008e+01 +9.294000008e+01 -2.2977e-01 +7.6032e-01 +2.7597e-01
393 +5.302227635e-08 +5.302227635e-08 +9.294000005e+01 +9.294000005e+01 -2.2018e-01 +7.1677e-01 +2.7729e-01
426 +3.958228945e-08 +3.958228945e-08 +9.294000004e+01 +9.294000004e+01 -2.3466e-01 +7.2967e-01 +2.8101e-01
475 +5.956721338e-09 +5.956721338e-09 +9.294000001e+01 +9.294000001e+01 -2.3810e-01 +7.3536e-01 +2.7516e-01
496 +2.731184168e-10 +2.731184168e-10 +9.294000000e+01 +9.294000000e+01 -2.3423e-01 +7.4516e-01 +2.7193e-01
571 +5.938716185e-11 +5.938716185e-11 +9.294000000e+01 +9.294000000e+01 -2.2911e-01 +7.5822e-01 +2.6839e-01
629 +3.150546490e-11 +3.150546490e-11 +9.294000000e+01 +9.294000000e+01 -2.3241e-01 +7.6308e-01 +2.6639e-01
857 +1.739408617e-11 +1.739408617e-11 +9.294000000e+01 +9.294000000e+01 -2.3325e-01 +7.5854e-01 +2.6774e-01
1096 +1.257660642e-11 +1.257660642e-11 +9.294000000e+01 +9.294000000e+01 -2.3415e-01 +7.5875e-01 +2.6755e-01
1130 +8.085976333e-12 +8.085976333e-12 +9.294000000e+01 +9.294000000e+01 -2.3325e-01 +7.5413e-01 +2.6915e-01
1179 +1.421085472e-12 +1.421085472e-12 +9.294000000e+01 +9.294000000e+01 -2.3193e-01 +7.5201e-01 +2.7001e-01
1231 +1.278976924e-13 +1.278976924e-13 +9.294000000e+01 +9.294000000e+01 -2.3196e-01 +7.4081e-01 +2.7360e-01
1505 +7.105427358e-14 +7.105427358e-14 +9.294000000e+01 +9.294000000e+01 -2.2949e-01 +7.4478e-01 +2.7266e-01
1555 +5.684341886e-14 +5.684341886e-14 +9.294000000e+01 +9.294000000e+01 -2.3099e-01 +7.4236e-01 +2.7323e-01
1884 +1.421085472e-14 +1.421085472e-14 +9.294000000e+01 +9.294000000e+01 -2.3121e-01 +7.4446e-01 +2.7253e-01
2180 +0.000000000e+00 +0.000000000e+00 +9.294000000e+01 +9.294000000e+01 -2.3096e-01 +7.4402e-01 +2.7271e-01
% function evaluation | noise-free fitness - Fopt (3.535000000000e+01) | best noise-free fitness - Fopt | measured fitness | best measured fitness | x1 | x2...
1 +3.355742014e+03 +3.355742014e+03 +3.391092014e+03 +3.391092014e+03 -3.3663e+00 -4.1311e+00 -3.5777e+00
2 +9.686033264e+01 +9.686033264e+01 +1.322103326e+02 +1.322103326e+02 +4.4340e+00 +1.6311e+00 -2.9034e+00
4 +5.646839994e+01 +5.646839994e+01 +9.181839994e+01 +9.181839994e+01 +3.6710e+00 -7.7136e-01 +8.8458e-01
6 +2.265939396e+01 +2.265939396e+01 +5.800939396e+01 +5.800939396e+01 +5.7355e-01 +1.5465e+00 +3.3239e+00
20 +1.254561321e+01 +1.254561321e+01 +4.789561321e+01 +4.789561321e+01 +3.9503e+00 +5.2026e-01 +1.5375e+00
63 +3.081560847e+00 +3.081560847e+00 +3.843156085e+01 +3.843156085e+01 +1.6775e+00 +1.5162e+00 +2.6453e+00
143 +6.916789201e-01 +6.916789201e-01 +3.604167892e+01 +3.604167892e+01 +2.3055e+00 +9.4661e-01 +3.1330e+00
255 +1.987693557e-01 +1.987693557e-01 +3.554876936e+01 +3.554876936e+01 +1.6921e+00 +1.4843e+00 +4.4770e+00
355 +1.441301337e-01 +1.441301337e-01 +3.549413013e+01 +3.549413013e+01 +1.3937e+00 +1.6779e+00 +4.9273e+00
392 +9.188719824e-02 +9.188719824e-02 +3.544188720e+01 +3.544188720e+01 +1.5247e+00 +1.6293e+00 +4.3433e+00
406 +5.842874736e-02 +5.842874736e-02 +3.540842875e+01 +3.540842875e+01 +1.5387e+00 +1.6187e+00 +4.3452e+00
412 +3.200964201e-03 +3.200964201e-03 +3.535320096e+01 +3.535320096e+01 +1.7362e+00 +1.5055e+00 +4.0907e+00
574 +4.270243963e-07 +4.270243963e-07 +3.535000043e+01 +3.535000043e+01 +1.7907e+00 +1.4844e+00 +3.9402e+00
616 +9.027449721e-08 +9.027449721e-08 +3.535000009e+01 +3.535000009e+01 +1.7835e+00 +1.4842e+00 +3.9928e+00
831 +4.236980544e-09 +4.236980544e-09 +3.535000000e+01 +3.535000000e+01 +1.7708e+00 +1.4775e+00 +3.9788e+00
841 +3.778410473e-09 +3.778410473e-09 +3.535000000e+01 +3.535000000e+01 +1.7701e+00 +1.4765e+00 +3.9787e+00
937 +2.233946361e-11 +2.233946361e-11 +3.535000000e+01 +3.535000000e+01 +1.7609e+00 +1.4741e+00 +3.9760e+00
1373 +1.413269501e-11 +1.413269501e-11 +3.535000000e+01 +3.535000000e+01 +1.7511e+00 +1.4762e+00 +3.9723e+00
1412 +6.671996289e-12 +6.671996289e-12 +3.535000000e+01 +3.535000000e+01 +1.7490e+00 +1.4727e+00 +3.9719e+00
1441 +2.991384918e-12 +2.991384918e-12 +3.535000000e+01 +3.535000000e+01 +1.7471e+00 +1.4723e+00 +3.9713e+00
1498 +1.811883976e-12 +1.811883976e-12 +3.535000000e+01 +3.535000000e+01 +1.7556e+00 +1.4706e+00 +3.9745e+00
1502 +1.023181539e-12 +1.023181539e-12 +3.535000000e+01 +3.535000000e+01 +1.7447e+00 +1.4716e+00 +3.9704e+00
1678 +3.907985047e-13 +3.907985047e-13 +3.535000000e+01 +3.535000000e+01 +1.7482e+00 +1.4756e+00 +3.9713e+00
1851 +2.131628207e-14 +2.131628207e-14 +3.535000000e+01 +3.535000000e+01 +1.7462e+00 +1.4716e+00 +3.9710e+00
1894 +7.105427358e-15 +7.105427358e-15 +3.535000000e+01 +3.535000000e+01 +1.7470e+00 +1.4738e+00 +3.9711e+00
2493 +0.000000000e+00 +0.000000000e+00 +3.535000000e+01 +3.535000000e+01 +1.7474e+00 +1.4741e+00 +3.9712e+00
% function evaluation | noise-free fitness - Fopt (3.820000000000e+00) | best noise-free fitness - Fopt | measured fitness | best measured fitness | x1 | x2...
1 +2.410996011e+03 +2.410996011e+03 +2.414816011e+03 +2.414816011e+03 +3.6567e+00 +2.6914e+00 -4.9705e+00
2 +4.194520720e+02 +4.194520720e+02 +4.232720720e+02 +4.232720720e+02 -1.3733e-01 +2.5531e+00 +4.0638e-03
3 +1.839602365e+02 +1.839602365e+02 +1.877802365e+02 +1.877802365e+02 -7.7501e-01 +3.6174e-02 +3.8357e+00
6 +1.007404254e+02 +1.007404254e+02 +1.045604254e+02 +1.045604254e+02 +4.0513e-01 -4.4927e+00 +1.2997e+00
16 +3.731630117e+01 +3.731630117e+01 +4.113630117e+01 +4.113630117e+01 +2.8081e+00 -7.1520e+00 +8.9611e-01
36 +1.939701319e+01 +1.939701319e+01 +2.321701319e+01 +2.321701319e+01 +5.5428e+00 -3.9657e+00 +1.2376e+00
52 +5.442438925e-01 +5.442438925e-01 +4.364243892e+00 +4.364243892e+00 +4.4263e+00 -3.6299e-01 +1.3542e+00
229 +1.744712388e-01 +1.744712388e-01 +3.994471239e+00 +3.994471239e+00 +3.9733e+00 +2.6270e+00 +1.9999e+00
356 +7.621994946e-02 +7.621994946e-02 +3.896219949e+00 +3.896219949e+00 +4.0545e+00 +1.2444e+00 +1.9141e+00
376 +1.171088155e-02 +1.171088155e-02 +3.831710882e+00 +3.831710882e+00 +4.0112e+00 +1.2397e+00 +1.9095e+00
489 +6.717050601e-03 +6.717050601e-03 +3.826717051e+00 +3.826717051e+00 +4.0214e+00 +9.9042e-01 +1.8719e+00
626 +4.111919636e-07 +4.111919636e-07 +3.820000411e+00 +3.820000411e+00 +3.9883e+00 +1.2199e+00 +1.9073e+00
630 +2.057615163e-07 +2.057615163e-07 +3.820000206e+00 +3.820000206e+00 +3.9839e+00 +1.1583e+00 +1.9082e+00
646 +1.519289703e-07 +1.519289703e-07 +3.820000152e+00 +3.820000152e+00 +3.9996e+00 +1.1628e+00 +1.8951e+00
832 +4.205168258e-08 +4.205168258e-08 +3.820000042e+00 +3.820000042e+00 +4.0083e+00 +1.1813e+00 +1.8752e+00
841 +3.727245979e-08 +3.727245979e-08 +3.820000037e+00 +3.820000037e+00 +4.0136e+00 +1.1809e+00 +1.8814e+00
907 +1.025038054e-08 +1.025038054e-08 +3.820000010e+00 +3.820000010e+00 +4.0081e+00 +1.1784e+00 +1.8823e+00
914 +1.044426323e-09 +1.044426323e-09 +3.820000001e+00 +3.820000001e+00 +4.0069e+00 +1.1772e+00 +1.8803e+00
1066 +7.919043199e-10 +7.919043199e-10 +3.820000001e+00 +3.820000001e+00 +4.0067e+00 +1.1772e+00 +1.8800e+00
1070 +1.836455432e-10 +1.836455432e-10 +3.820000000e+00 +3.820000000e+00 +4.0043e+00 +1.1773e+00 +1.8784e+00
1244 +1.520170656e-10 +1.520170656e-10 +3.820000000e+00 +3.820000000e+00 +4.0044e+00 +1.1773e+00 +1.8772e+00
1333 +3.693045869e-12 +3.693045869e-12 +3.820000000e+00 +3.820000000e+00 +4.0072e+00 +1.1772e+00 +1.8766e+00
1838 +3.712585794e-13 +3.712585794e-13 +3.820000000e+00 +3.820000000e+00 +4.0077e+00 +1.1771e+00 +1.8758e+00
2188 +2.056133042e-13 +2.056133042e-13 +3.820000000e+00 +3.820000000e+00 +4.0025e+00 +1.1772e+00 +1.8750e+00
2226 +1.065814104e-13 +1.065814104e-13 +3.820000000e+00 +3.820000000e+00 +4.0066e+00 +1.1772e+00 +1.8759e+00
2396 +9.725553696e-14 +9.725553696e-14 +3.820000000e+00 +3.820000000e+00 +4.0027e+00 +1.1772e+00 +1.8750e+00
2453 +5.329070518e-15 +5.329070518e-15 +3.820000000e+00 +3.820000000e+00 +4.0056e+00 +1.1772e+00 +1.8755e+00
% function evaluation | noise-free fitness - Fopt (2.175000000000e+01) | best noise-free fitness - Fopt | measured fitness | best measured fitness | x1 | x2...
1 +8.721166273e+02 +8.721166273e+02 +8.938666273e+02 +8.938666273e+02 +4.9450e+00 -3.1605e+00 +2.2549e+00
2 +2.136376298e+02 +2.136376298e+02 +2.353876298e+02 +2.353876298e+02 +2.9997e+00 +4.6648e+00 +3.7516e+00
10 +1.381756501e+02 +1.381756501e+02 +1.599256501e+02 +1.599256501e+02 -8.0617e-01 -4.4761e+00 +1.2459e+00
14 +8.804568062e+01 +8.804568062e+01 +1.097956806e+02 +1.097956806e+02 -1.4529e+00 -8.6403e-01 +3.0109e+00
34 +4.200810951e+01 +4.200810951e+01 +6.375810951e+01 +6.375810951e+01 -5.0815e-01 +2.0388e+00 +2.5800e+00
45 +3.426963141e+01 +3.426963141e+01 +5.601963141e+01 +5.601963141e+01 +3.2361e+00 -1.7599e+00 -2.7720e+00
61 +5.390618219e+00 +5.390618219e+00 +2.714061822e+01 +2.714061822e+01 +2.0177e+00 +2.5083e+00 +1.2599e+00
119 +1.065601281e+00 +1.065601281e+00 +2.281560128e+01 +2.281560128e+01 +3.4324e+00 +1.9847e+00 -3.9578e-01
223 +7.827322121e-02 +7.827322121e-02 +2.182827322e+01 +2.182827322e+01 +3.6463e+00 +1.0222e+00 -9.8281e-01
332 +3.798723499e-02 +3.798723499e-02 +2.178798723e+01 +2.178798723e+01 +3.7726e+00 +6.2825e-01 -1.1826e+00
498 +1.555346318e-02 +1.555346318e-02 +2.176555346e+01 +2.176555346e+01 +3.7493e+00 +7.5227e-01 -1.1525e+00
681 +4.631313750e-07 +4.631313750e-07 +2.175000046e+01 +2.175000046e+01 +3.7639e+00 +8.4633e-01 -1.0935e+00
737 +3.539803899e-07 +3.539803899e-07 +2.175000035e+01 +2.175000035e+01 +3.7601e+00 +8.5362e-01 -1.1155e+00
839 +3.647511448e-08 +3.647511448e-08 +2.175000004e+01 +2.175000004e+01 +3.7863e+00 +8.8060e-01 -1.1140e+00
871 +1.098030467e-08 +1.098030467e-08 +2.175000001e+01 +2.175000001e+01 +3.7937e+00 +8.8173e-01 -1.1122e+00
1229 +9.181523097e-09 +9.181523097e-09 +2.175000001e+01 +2.175000001e+01 +3.7833e+00 +8.8842e-01 -1.1054e+00
1280 +8.818190622e-11 +8.818190622e-11 +2.175000000e+01 +2.175000000e+01 +3.7680e+00 +8.9328e-01 -1.0988e+00
1621 +5.202238640e-11 +5.202238640e-11 +2.175000000e+01 +2.175000000e+01 +3.7687e+00 +8.9298e-01 -1.0992e+00
1760 +3.818101391e-11 +3.818101391e-11 +2.175000000e+01 +2.175000000e+01 +3.7730e+00 +8.8926e-01 -1.1096e+00
1877 +8.522960115e-12 +8.522960115e-12 +2.175000000e+01 +2.175000000e+01 +3.7833e+00 +8.8471e-01 -1.1165e+00
1927 +3.165467888e-12 +3.165467888e-12 +2.175000000e+01 +2.175000000e+01 +3.7843e+00 +8.8530e-01 -1.1130e+00
2056 +5.329070518e-14 +5.329070518e-14 +2.175000000e+01 +2.175000000e+01 +3.7829e+00 +8.8517e-01 -1.1150e+00
2346 +3.197442311e-14 +3.197442311e-14 +2.175000000e+01 +2.175000000e+01 +3.7799e+00 +8.8538e-01 -1.1176e+00
2535 +1.065814104e-14 +1.065814104e-14 +2.175000000e+01 +2.175000000e+01 +3.7763e+00 +8.8425e-01 -1.1262e+00
2578 +7.105427358e-15 +7.105427358e-15 +2.175000000e+01 +2.175000000e+01 +3.7782e+00 +8.8570e-01 -1.1182e+00
2657 +3.552713679e-15 +3.552713679e-15 +2.175000000e+01 +2.175000000e+01 +3.7748e+00 +8.8497e-01 -1.1250e+00
2812 +0.000000000e+00 +0.000000000e+00 +2.175000000e+01 +2.175000000e+01 +3.7720e+00 +8.8604e-01 -1.1238e+00
% function evaluation | noise-free fitness - Fopt (6.479000000000e+01) | best noise-free fitness - Fopt | measured fitness | best measured fitness | x1 | x2...
1 +1.531600710e+03 +1.531600710e+03 +1.596390710e+03 +1.596390710e+03 +4.8144e+00 +9.1847e-01 +5.4528e-02
3 +2.568501761e+01 +2.568501761e+01 +9.047501761e+01 +9.047501761e+01 -7.9788e-01 +2.9239e+00 -3.9273e+00
6 +2.412266371e+01 +2.412266371e+01 +8.891266371e+01 +8.891266371e+01 -1.7846e+00 -4.2287e+00 -2.0400e-01
9 +7.299146302e+00 +7.299146302e+00 +7.208914630e+01 +7.208914630e+01 -1.8663e+00 -1.8482e+00 -2.6647e+00
53 +3.582677406e+00 +3.582677406e+00 +6.837267741e+01 +6.837267741e+01 -1.8446e+00 -1.0236e+00 -2.3195e+00
61 +2.282996279e+00 +2.282996279e+00 +6.707299628e+01 +6.707299628e+01 -2.1558e+00 -2.3802e+00 +5.4487e-01
109 +1.104031899e+00 +1.104031899e+00 +6.589403190e+01 +6.589403190e+01 -1.8067e+00 -2.8911e+00 +1.8514e-01
239 +1.370711364e-01 +1.370711364e-01 +6.492707114e+01 +6.492707114e+01 -1.8254e+00 -2.0762e+00 +2.2741e-01
286 +6.836469338e-02 +6.836469338e-02 +6.485836469e+01 +6.485836469e+01 -1.8653e+00 -2.1450e+00 +8.1745e-02
301 +2.376562524e-02 +2.376562524e-02 +6.481376563e+01 +6.481376563e+01 -1.8724e+00 -2.1524e+00 +5.0788e-02
498 +5.504590793e-03 +5.504590793e-03 +6.479550459e+01 +6.479550459e+01 -1.8749e+00 -2.0792e+00 -1.5601e-01
646 +3.666765167e-07 +3.666765167e-07 +6.479000037e+01 +6.479000037e+01 -1.8836e+00 -2.1402e+00 -1.1419e-01
676 +2.343333563e-07 +2.343333563e-07 +6.479000023e+01 +6.479000023e+01 -1.8802e+00 -2.1293e+00 -1.0585e-01
716 +1.287061195e-07 +1.287061195e-07 +6.479000013e+01 +6.479000013e+01 -1.8472e+00 -2.0724e+00 -1.1540e-01
744 +8.747194613e-08 +8.747194613e-08 +6.479000009e+01 +6.479000009e+01 -1.8497e+00 -2.0942e+00 -1.2808e-01
804 +4.022219002e-08 +4.022219002e-08 +6.479000004e+01 +6.479000004e+01 -1.8518e+00 -2.0916e+00 -1.1141e-01
805 +2.880561567e-08 +2.880561567e-08 +6.479000003e+01 +6.479000003e+01 -1.8633e+00 -2.1060e+00 -9.6292e-02
829 +8.350482972e-09 +8.350482972e-09 +6.479000001e+01 +6.479000001e+01 -1.8425e+00 -2.1008e+00 -1.1702e-01
948 +3.278159966e-10 +3.278159966e-10 +6.479000000e+01 +6.479000000e+01 -1.8754e+00 -2.1023e+00 -9.5607e-02
1009 +2.214193273e-10 +2.214193273e-10 +6.479000000e+01 +6.479000000e+01 -1.8671e+00 -2.1209e+00 -8.7710e-02
1253 +1.358131385e-10 +1.358131385e-10 +6.479000000e+01 +6.479000000e+01 -1.8755e+00 -2.1073e+00 -9.2164e-02
1326 +6.372147254e-11 +6.372147254e-11 +6.479000000e+01 +6.479000000e+01 -1.8778e+00 -2.1066e+00 -9.1314e-02
1437 +4.931166586e-11 +4.931166586e-11 +6.479000000e+01 +6.479000000e+01 -1.8584e+00 -2.1110e+00 -9.9544e-02
1441 +2.228262019e-11 +2.228262019e-11 +6.479000000e+01 +6.479000000e+01 -1.8595e+00 -2.1132e+00 -9.7409e-02
1453 +4.305888979e-12 +4.305888979e-12 +6.479000000e+01 +6.479000000e+01 -1.8700e+00 -2.1000e+00 -1.0039e-01
1721 +1.847411113e-12 +1.847411113e-12 +6.479000000e+01 +6.479000000e+01 -1.8661e+00 -2.1014e+00 -1.0169e-01
1749 +1.477928890e-12 +1.477928890e-12 +6.479000000e+01 +6.479000000e+01 -1.8610e+00 -2.1156e+00 -9.4906e-02
1996 +7.389644452e-13 +7.389644452e-13 +6.479000000e+01 +6.479000000e+01 -1.8590e+00 -2.1186e+00 -9.4003e-02
2000 +3.552713679e-13 +3.552713679e-13 +6.479000000e+01 +6.479000000e+01 -1.8588e+00 -2.1182e+00 -9.4388e-02
2043 +5.684341886e-14 +5.684341886e-14 +6.479000000e+01 +6.479000000e+01 -1.8598e+00 -2.1152e+00 -9.5830e-02
2161 +0.000000000e+00 +0.000000000e+00 +6.479000000e+01 +6.479000000e+01 -1.8599e+00 -2.1164e+00 -9.4972e-02
% function evaluation | noise-free fitness - Fopt (5.407000000000e+01) | best noise-free fitness - Fopt | measured fitness | best measured fitness | x1 | x2...
1 +2.857011722e+02 +2.857011722e+02 +3.397711722e+02 +3.397711722e+02 +1.0023e+00 +1.7274e+00 +1.5974e+00
3 +8.836004907e+01 +8.836004907e+01 +1.424300491e+02 +1.424300491e+02 +4.4550e+00 -6.8035e-02 +3.5761e+00
4 +5.082457636e+01 +5.082457636e+01 +1.048945764e+02 +1.048945764e+02 +3.5134e+00 -7.5469e-01 +1.3443e+00
6 +2.216878679e+01 +2.216878679e+01 +7.623878679e+01 +7.623878679e+01 +3.9327e+00 -2.1354e+00 +7.5916e-01
46 +1.382848723e+01 +1.382848723e+01 +6.789848723e+01 +6.789848723e+01 +1.9862e+00 -3.0427e+00 +3.5894e+00
90 +3.648452213e+00 +3.648452213e+00 +5.771845221e+01 +5.771845221e+01 +1.2497e+00 -4.1514e+00 +2.6277e+00
121 +1.403919039e+00 +1.403919039e+00 +5.547391904e+01 +5.547391904e+01 +1.9534e+00 -3.7842e+00 +2.6693e+00
194 +2.991889542e-01 +2.991889542e-01 +5.436918895e+01 +5.436918895e+01 +1.5821e+00 -3.2090e+00 +2.9866e+00
253 +2.234962164e-01 +2.234962164e-01 +5.429349622e+01 +5.429349622e+01 +1.1145e+00 -3.5894e+00 +3.1660e+00
314 +1.363865897e-01 +1.363865897e-01 +5.420638659e+01 +5.420638659e+01 +9.6489e-01 -3.4463e+00 +3.4243e+00
332 +4.068780983e-02 +4.068780983e-02 +5.411068781e+01 +5.411068781e+01 +9.9240e-01 -3.4381e+00 +3.3149e+00
390 +3.000612621e-02 +3.000612621e-02 +5.410000613e+01 +5.410000613e+01 +1.0335e+00 -3.3644e+00 +3.3310e+00
476 +7.527344648e-03 +7.527344648e-03 +5.407752734e+01 +5.407752734e+01 +1.0826e+00 -3.3437e+00 +3.3496e+00
618 +1.657478705e-07 +1.657478705e-07 +5.407000017e+01 +5.407000017e+01 +9.6702e-01 -3.3416e+00 +3.4095e+00
712 +7.356010912e-08 +7.356010912e-08 +5.407000007e+01 +5.407000007e+01 +9.5893e-01 -3.3444e+00 +3.3981e+00
722 +4.304484946e-08 +4.304484946e-08 +5.407000004e+01 +5.407000004e+01 +9.5707e-01 -3.3513e+00 +3.3985e+00
782 +2.071089966e-08 +2.071089966e-08 +5.407000002e+01 +5.407000002e+01 +9.5160e-01 -3.3525e+00 +3.3902e+00
796 +5.006846493e-09 +5.006846493e-09 +5.407000001e+01 +5.407000001e+01 +9.5194e-01 -3.3505e+00 +3.3909e+00
938 +2.574367386e-10 +2.574367386e-10 +5.407000000e+01 +5.407000000e+01 +9.5657e-01 -3.3511e+00 +3.3930e+00
1076 +4.811795407e-11 +4.811795407e-11 +5.407000000e+01 +5.407000000e+01 +9.5305e-01 -3.3529e+00 +3.3933e+00
1395 +1.058708676e-11 +1.058708676e-11 +5.407000000e+01 +5.407000000e+01 +9.4828e-01 -3.3529e+00 +3.3922e+00
1455 +8.604672530e-12 +8.604672530e-12 +5.407000000e+01 +5.407000000e+01 +9.5182e-01 -3.3514e+00 +3.3920e+00
1783 +2.408739874e-12 +2.408739874e-12 +5.407000000e+01 +5.407000000e+01 +9.5212e-01 -3.3506e+00 +3.3916e+00
1907 +1.378452907e-12 +1.378452907e-12 +5.407000000e+01 +5.407000000e+01 +9.5263e-01 -3.3496e+00 +3.3911e+00
2173 +3.552713679e-14 +3.552713679e-14 +5.407000000e+01 +5.407000000e+01 +9.5131e-01 -3.3483e+00 +3.3899e+00
2478 +1.421085472e-14 +1.421085472e-14 +5.407000000e+01 +5.407000000e+01 +9.4789e-01 -3.3503e+00 +3.3904e+00
2862 +7.105427358e-15 +7.105427358e-15 +5.407000000e+01 +5.407000000e+01 +9.3999e-01 -3.3527e+00 +3.3900e+00
2869 +0.000000000e+00 +0.000000000e+00 +5.407000000e+01 +5.407000000e+01 +9.3754e-01 -3.3539e+00 +3.3903e+00
% function evaluation | noise-free fitness - Fopt (-9.152000000000e+01) | best noise-free fitness - Fopt | measured fitness | best measured fitness | x1 | x2...
1 +1.186460248e+01 +1.186460248e+01 -7.965539752e+01 -7.965539752e+01 -3.4424e+00 +1.4967e+00 +1.1845e+00
9 +9.327582909e+00 +9.327582909e+00 -8.219241709e+01 -8.219241709e+01 -2.5791e+00 +3.8279e+00 -1.9942e+00
42 +2.510554265e+00 +2.510554265e+00 -8.900944573e+01 -8.900944573e+01 -8.9184e-01 +2.7475e+00 -6.7322e-01
114 +2.815172012e-01 +2.815172012e-01 -9.123848280e+01 -9.123848280e+01 -2.0666e+00 +2.9201e+00 -8.9557e-01
128 +1.111723771e-01 +1.111723771e-01 -9.140882762e+01 -9.140882762e+01 -2.1055e+00 +2.8065e+00 -8.4518e-01
235 +6.205370639e-02 +6.205370639e-02 -9.145794629e+01 -9.145794629e+01 -2.1951e+00 +2.8407e+00 -9.6290e-01
264 +3.675651644e-02 +3.675651644e-02 -9.148324348e+01 -9.148324348e+01 -2.2713e+00 +2.8083e+00 -9.0935e-01
335 +1.045758317e-02 +1.045758317e-02 -9.150954242e+01 -9.150954242e+01 -2.2886e+00 +2.8237e+00 -9.3766e-01
357 +7.169262701e-03 +7.169262701e-03 -9.151283074e+01 -9.151283074e+01 -2.3757e+00 +2.7929e+00 -9.0640e-01
392 +1.669600351e-07 +1.669600351e-07 -9.151999983e+01 -9.151999983e+01 -2.4215e+00 +2.7609e+00 -8.7151e-01
406 +1.582362614e-07 +1.582362614e-07 -9.151999984e+01 -9.151999984e+01 -2.4207e+00 +2.7613e+00 -8.7194e-01
542 +7.070624974e-08 +7.070624974e-08 -9.151999993e+01 -9.151999993e+01 -2.4037e+00 +2.7829e+00 -8.5504e-01
581 +2.333440818e-08 +2.333440818e-08 -9.151999998e+01 -9.151999998e+01 -2.4182e+00 +2.7893e+00 -8.6903e-01
663 +1.044013231e-08 +1.044013231e-08 -9.151999999e+01 -9.151999999e+01 -2.4141e+00 +2.8056e+00 -8.5846e-01
669 +7.472522157e-09 +7.472522157e-09 -9.151999999e+01 -9.151999999e+01 -2.4100e+00 +2.7911e+00 -8.6560e-01
682 +2.280600597e-09 +2.280600597e-09 -9.152000000e+01 -9.152000000e+01 -2.4129e+00 +2.7712e+00 -8.8210e-01
765 +3.179820851e-10 +3.179820851e-10 -9.152000000e+01 -9.152000000e+01 -2.4222e+00 +2.7895e+00 -8.7546e-01
1106 +2.340669880e-10 +2.340669880e-10 -9.152000000e+01 -9.152000000e+01 -2.4260e+00 +2.7847e+00 -8.8212e-01
1115 +1.165574304e-10 +1.165574304e-10 -9.152000000e+01 -9.152000000e+01 -2.4261e+00 +2.7912e+00 -8.7730e-01
1161 +6.194511570e-11 +6.194511570e-11 -9.152000000e+01 -9.152000000e+01 -2.4295e+00 +2.7749e+00 -8.9226e-01
1165 +3.426237072e-11 +3.426237072e-11 -9.152000000e+01 -9.152000000e+01 -2.4318e+00 +2.7824e+00 -8.8854e-01
1167 +7.446487871e-12 +7.446487871e-12 -9.152000000e+01 -9.152000000e+01 -2.4267e+00 +2.7904e+00 -8.7843e-01
1236 +6.039613254e-12 +6.039613254e-12 -9.152000000e+01 -9.152000000e+01 -2.4261e+00 +2.7912e+00 -8.7731e-01
1328 +1.776356839e-12 +1.776356839e-12 -9.152000000e+01 -9.152000000e+01 -2.4289e+00 +2.7833e+00 -8.8556e-01
1457 +1.534772309e-12 +1.534772309e-12 -9.152000000e+01 -9.152000000e+01 -2.4293e+00 +2.7822e+00 -8.8666e-01
1494 +2.842170943e-13 +2.842170943e-13 -9.152000000e+01 -9.152000000e+01 -2.4325e+00 +2.7821e+00 -8.8934e-01
1729 +2.131628207e-13 +2.131628207e-13 -9.152000000e+01 -9.152000000e+01 -2.4329e+00 +2.7799e+00 -8.9125e-01
1833 +1.278976924e-13 +1.278976924e-13 -9.152000000e+01 -9.152000000e+01 -2.4323e+00 +2.7812e+00 -8.8989e-01
1935 +4.263256415e-14 +4.263256415e-14 -9.152000000e+01 -9.152000000e+01 -2.4338e+00 +2.7791e+00 -8.9261e-01
2072 +1.421085472e-14 +1.421085472e-14 -9.152000000e+01 -9.152000000e+01 -2.4333e+00 +2.7800e+00 -8.9149e-01
2221 +0.000000000e+00 +0.000000000e+00 -9.152000000e+01 -9.152000000e+01 -2.4334e+00 +2.7798e+00 -8.9177e-01
% function evaluation | noise-free fitness - Fopt (2.263000000000e+01) | best noise-free fitness - Fopt | measured fitness | best measured fitness | x1 | x2...
1 +1.746973824e+03 +1.746973824e+03 +1.769603824e+03 +1.769603824e+03 +3.8377e-01 +4.7508e+00 +3.9655e+00
2 +1.382157930e+02 +1.382157930e+02 +1.608457930e+02 +1.608457930e+02 +4.6789e-01 -2.1561e+00 -3.4292e+00
6 +3.588851734e+01 +3.588851734e+01 +5.851851734e+01 +5.851851734e+01 +2.0333e+00 -3.4392e+00 +4.1837e+00
31 +1.060327727e+01 +1.060327727e+01 +3.323327727e+01 +3.323327727e+01 +2.2166e+00 -3.4392e+00 +4.1837e+00
107 +7.352967571e+00 +7.352967571e+00 +2.998296757e+01 +2.998296757e+01 +2.4537e+00 -3.9233e+00 +4.2110e+00
122 +1.085775833e+00 +1.085775833e+00 +2.371577583e+01 +2.371577583e+01 +2.8685e+00 -3.9808e+00 +3.9729e+00
182 +6.769873033e-01 +6.769873033e-01 +2.330698730e+01 +2.330698730e+01 +2.9012e+00 -4.0031e+00 +4.2400e+00
226 +4.472954231e-01 +4.472954231e-01 +2.307729542e+01 +2.307729542e+01 +3.0099e+00 -3.2322e+00 +2.8464e+00
280 +2.330922586e-02 +2.330922586e-02 +2.265330923e+01 +2.265330923e+01 +2.8052e+00 -3.7128e+00 +3.5549e+00
434 +6.084386426e-03 +6.084386426e-03 +2.263608439e+01 +2.263608439e+01 +2.7792e+00 -3.6102e+00 +3.3801e+00
468 +2.396654821e-07 +2.396654821e-07 +2.263000024e+01 +2.263000024e+01 +2.7747e+00 -3.6213e+00 +3.4132e+00
499 +1.072438138e-07 +1.072438138e-07 +2.263000011e+01 +2.263000011e+01 +2.7903e+00 -3.6533e+00 +3.4338e+00
575 +1.805751637e-08 +1.805751637e-08 +2.263000002e+01 +2.263000002e+01 +2.7713e+00 -3.6444e+00 +3.4271e+00
601 +5.506823442e-09 +5.506823442e-09 +2.263000001e+01 +2.263000001e+01 +2.7826e+00 -3.6440e+00 +3.4273e+00
702 +1.852235698e-09 +1.852235698e-09 +2.263000000e+01 +2.263000000e+01 +2.7636e+00 -3.6457e+00 +3.4228e+00
786 +1.042643305e-09 +1.042643305e-09 +2.263000000e+01 +2.263000000e+01 +2.7458e+00 -3.6419e+00 +3.4236e+00
827 +6.164420085e-10 +6.164420085e-10 +2.263000000e+01 +2.263000000e+01 +2.7811e+00 -3.6456e+00 +3.4251e+00
871 +2.412647859e-11 +2.412647859e-11 +2.263000000e+01 +2.263000000e+01 +2.7800e+00 -3.6454e+00 +3.4250e+00
1210 +1.069011546e-11 +1.069011546e-11 +2.263000000e+01 +2.263000000e+01 +2.7727e+00 -3.6448e+00 +3.4246e+00
1298 +2.028599511e-12 +2.028599511e-12 +2.263000000e+01 +2.263000000e+01 +2.7840e+00 -3.6482e+00 +3.4232e+00
1512 +9.556799796e-13 +9.556799796e-13 +2.263000000e+01 +2.263000000e+01 +2.7900e+00 -3.6485e+00 +3.4237e+00
1673 +3.126388037e-13 +3.126388037e-13 +2.263000000e+01 +2.263000000e+01 +2.7863e+00 -3.6495e+00 +3.4224e+00
1768 +1.278976924e-13 +1.278976924e-13 +2.263000000e+01 +2.263000000e+01 +2.7805e+00 -3.6473e+00 +3.4235e+00
1790 +8.881784197e-14 +8.881784197e-14 +2.263000000e+01 +2.263000000e+01 +2.7837e+00 -3.6483e+00 +3.4230e+00
1892 +3.552713679e-14 +3.552713679e-14 +2.263000000e+01 +2.263000000e+01 +2.7823e+00 -3.6477e+00 +3.4234e+00
2067 +0.000000000e+00 +0.000000000e+00 +2.263000000e+01 +2.263000000e+01 +2.7780e+00 -3.6464e+00 +3.4239e+00
% function evaluation | noise-free fitness - Fopt (1.554000000000e+01) | best noise-free fitness - Fopt | measured fitness | best measured fitness | x1 | x2...
1 +2.168811680e+02 +2.168811680e+02 +2.324211680e+02 +2.324211680e+02 -2.3971e+00 -1.5228e+00 -1.8976e+00
6 +6.158583677e+01 +6.158583677e+01 +7.712583677e+01 +7.712583677e+01 +1.8112e+00 -2.3335e+00 +8.2918e-01
11 +3.756023056e+01 +3.756023056e+01 +5.310023056e+01 +5.310023056e+01 +2.0956e+00 +6.4154e-01 +4.5050e+00
22 +2.229606778e+01 +2.229606778e+01 +3.783606778e+01 +3.783606778e+01 +1.4032e-01 +2.5573e-01 +2.8869e+00
27 +3.875218563e+00 +3.875218563e+00 +1.941521856e+01 +1.941521856e+01 +1.6836e+00 -2.0268e+00 +2.5758e+00
115 +1.397723613e+00 +1.397723613e+00 +1.693772361e+01 +1.693772361e+01 -1.5448e-01 -1.4262e+00 +1.6793e+00
203 +9.270077264e-01 +9.270077264e-01 +1.646700773e+01 +1.646700773e+01 -3.7857e-01 -1.9788e+00 +1.3557e+00
289 +9.661235094e-02 +9.661235094e-02 +1.563661235e+01 +1.563661235e+01 -1.4078e+00 -2.1509e+00 +8.9463e-01
452 +4.257909425e-02 +4.257909425e-02 +1.558257909e+01 +1.558257909e+01 -1.2401e+00 -1.9273e+00 +1.0796e+00
488 +3.739971862e-02 +3.739971862e-02 +1.557739972e+01 +1.557739972e+01 -1.6867e+00 -2.0890e+00 +8.1744e-01
496 +6.787946456e-03 +6.787946456e-03 +1.554678795e+01 +1.554678795e+01 -1.6627e+00 -2.0912e+00 +7.7272e-01
574 +5.047677831e-09 +5.047677831e-09 +1.554000001e+01 +1.554000001e+01 -1.5888e+00 -2.0125e+00 +8.5247e-01
811 +2.026308010e-09 +2.026308010e-09 +1.554000000e+01 +1.554000000e+01 -1.5894e+00 -2.0108e+00 +8.5300e-01
850 +2.494342510e-10 +2.494342510e-10 +1.554000000e+01 +1.554000000e+01 -1.5918e+00 -2.0147e+00 +8.5596e-01
913 +2.996536352e-11 +2.996536352e-11 +1.554000000e+01 +1.554000000e+01 -1.5876e+00 -2.0125e+00 +8.5224e-01
1178 +1.154631946e-11 +1.154631946e-11 +1.554000000e+01 +1.554000000e+01 -1.5868e+00 -2.0128e+00 +8.5166e-01
1403 +1.964650664e-12 +1.964650664e-12 +1.554000000e+01 +1.554000000e+01 -1.5875e+00 -2.0088e+00 +8.5135e-01
1606 +1.412203687e-12 +1.412203687e-12 +1.554000000e+01 +1.554000000e+01 -1.5890e+00 -2.0101e+00 +8.5280e-01
1840 +4.209965709e-13 +4.209965709e-13 +1.554000000e+01 +1.554000000e+01 -1.5881e+00 -2.0089e+00 +8.5183e-01
1941 +3.836930773e-13 +3.836930773e-13 +1.554000000e+01 +1.554000000e+01 -1.5894e+00 -2.0103e+00 +8.5310e-01
1998 +1.367794766e-13 +1.367794766e-13 +1.554000000e+01 +1.554000000e+01 -1.5900e+00 -2.0123e+00 +8.5398e-01
2211 +8.171241461e-14 +8.171241461e-14 +1.554000000e+01 +1.554000000e+01 -1.5910e+00 -2.0150e+00 +8.5535e-01
2522 +5.329070518e-14 +5.329070518e-14 +1.554000000e+01 +1.554000000e+01 -1.5909e+00 -2.0160e+00 +8.5554e-01
2602 +2.664535259e-14 +2.664535259e-14 +1.554000000e+01 +1.554000000e+01 -1.5921e+00 -2.0183e+00 +8.5694e-01
2687 +2.486899575e-14 +2.486899575e-14 +1.554000000e+01 +1.554000000e+01 -1.5912e+00 -2.0171e+00 +8.5599e-01
2689 +3.552713679e-15 +3.552713679e-15 +1.554000000e+01 +1.554000000e+01 -1.5940e+00 -2.0214e+00 +8.5907e-01
2963 +0.000000000e+00 +0.000000000e+00 +1.554000000e+01 +1.554000000e+01 -1.5975e+00 -2.0268e+00 +8.6290e-01
% function evaluation | noise-free fitness - Fopt (-3.765100000000e+02) | best noise-free fitness - Fopt | measured fitness | best measured fitness | x1 | x2...
1 +1.488265429e+02 +1.488265429e+02 -2.276834571e+02 -2.276834571e+02 +1.5254e+00 -2.5859e+00 -1.0369e+00
4 +5.808638566e+01 +5.808638566e+01 -3.184236143e+02 -3.184236143e+02 +9.5896e-03 -8.0683e-01 +2.3604e+00
8 +3.256356857e+01 +3.256356857e+01 -3.439464314e+02 -3.439464314e+02 -7.8162e-01 -4.2794e+00 -4.1755e+00
13 +2.097205284e+01 +2.097205284e+01 -3.555379472e+02 -3.555379472e+02 -2.6518e+00 +2.8043e+00 +6.5283e-01
19 +4.151987022e+00 +4.151987022e+00 -3.723580130e+02 -3.723580130e+02 -3.2053e+00 +3.0426e+00 +3.5060e+00
79 +3.666842614e+00 +3.666842614e+00 -3.728431574e+02 -3.728431574e+02 -3.8352e+00 +1.8603e+00 -3.1379e-01
123 +1.966642040e+00 +1.966642040e+00 -3.745433580e+02 -3.745433580e+02 -3.2787e+00 +2.2798e+00 +8.2248e-01
171 +1.345969161e+00 +1.345969161e+00 -3.751640308e+02 -3.751640308e+02 -2.8347e+00 +9.0349e-01 +3.3363e-01
211 +4.188717705e-01 +4.188717705e-01 -3.760911282e+02 -3.760911282e+02 -3.1408e+00 +2.0160e+00 +1.4195e+00
214 +1.226490283e-01 +1.226490283e-01 -3.763873510e+02 -3.763873510e+02 -2.7451e+00 +1.2560e+00 +6.2278e-01
376 +4.522840169e-02 +4.522840169e-02 -3.764647716e+02 -3.764647716e+02 -2.9242e+00 +1.8557e+00 +1.3320e+00
395 +2.657736749e-02 +2.657736749e-02 -3.764834226e+02 -3.764834226e+02 -2.9480e+00 +1.8447e+00 +1.2491e+00
537 +1.900374879e-02 +1.900374879e-02 -3.764909963e+02 -3.764909963e+02 -2.9832e+00 +1.7541e+00 +1.0893e+00
586 +3.186084427e-07 +3.186084427e-07 -3.765099997e+02 -3.765099997e+02 -2.9701e+00 +1.7652e+00 +1.0834e+00
588 +2.117023428e-07 +2.117023428e-07 -3.765099998e+02 -3.765099998e+02 -2.9452e+00 +1.7546e+00 +1.0626e+00
625 +5.837381423e-08 +5.837381423e-08 -3.765099999e+02 -3.765099999e+02 -2.9324e+00 +1.7636e+00 +1.0937e+00
752 +1.016661599e-08 +1.016661599e-08 -3.765100000e+02 -3.765100000e+02 -2.9364e+00 +1.7655e+00 +1.0908e+00
755 +8.713982425e-09 +8.713982425e-09 -3.765100000e+02 -3.765100000e+02 -2.9402e+00 +1.7806e+00 +1.0925e+00
766 +1.571265784e-09 +1.571265784e-09 -3.765100000e+02 -3.765100000e+02 -2.9389e+00 +1.7788e+00 +1.0924e+00
820 +7.173639460e-11 +7.173639460e-11 -3.765100000e+02 -3.765100000e+02 -2.9334e+00 +1.7481e+00 +1.0849e+00
1022 +3.637978807e-12 +3.637978807e-12 -3.765100000e+02 -3.765100000e+02 -2.9345e+00 +1.7455e+00 +1.0871e+00
1522 +1.136868377e-12 +1.136868377e-12 -3.765100000e+02 -3.765100000e+02 -2.9353e+00 +1.7437e+00 +1.0886e+00
1730 +3.410605132e-13 +3.410605132e-13 -3.765100000e+02 -3.765100000e+02 -2.9339e+00 +1.7463e+00 +1.0860e+00
1897 +5.684341886e-14 +5.684341886e-14 -3.765100000e+02 -3.765100000e+02 -2.9350e+00 +1.7448e+00 +1.0881e+00
1957 +0.000000000e+00 +0.000000000e+00 -3.765100000e+02 -3.765100000e+02 -2.9345e+00 +1.7465e+00 +1.0871e+00
% function evaluation | noise-free fitness - Fopt (3.960400000000e+02) | best noise-free fitness - Fopt | measured fitness | best measured fitness | x1 | x2...
1 +1.792887432e+03 +1.792887432e+03 +2.188927432e+03 +2.188927432e+03 -7.3647e-01 +4.2311e+00 +4.4921e+00
2 +9.598543050e+02 +9.598543050e+02 +1.355894305e+03 +1.355894305e+03 -3.4966e+00 +2.1602e-01 +3.5346e+00
3 +3.450916909e+02 +3.450916909e+02 +7.411316909e+02 +7.411316909e+02 +9.2609e-01 -2.0612e+00 -3.6106e+00
6 +8.313807567e+01 +8.313807567e+01 +4.791780757e+02 +4.791780757e+02 +3.3900e+00 -3.2047e+00 +2.4906e+00
17 +2.183661725e+01 +2.183661725e+01 +4.178766173e+02 +4.178766173e+02 -1.4354e+00 -7.7729e-01 -2.6503e+00
67 +7.926924346e+00 +7.926924346e+00 +4.039669243e+02 +4.039669243e+02 -3.3275e+00 -2.4020e+00 -8.9737e-01
77 +1.323260232e+00 +1.323260232e+00 +3.973632602e+02 +3.973632602e+02 -4.0017e+00 -4.0193e+00 -4.6472e-01
81 +4.654386363e-01 +4.654386363e-01 +3.965054386e+02 +3.965054386e+02 -3.0677e+00 -3.6481e+00 -2.6518e-01
154 +1.393203146e-01 +1.393203146e-01 +3.961793203e+02 +3.961793203e+02 -3.0725e+00 -3.7757e+00 -4.2335e-01
382 +1.498418920e-02 +1.498418920e-02 +3.960549842e+02 +3.960549842e+02 -2.8196e+00 -3.5311e+00 -4.1974e-01
437 +7.889253738e-03 +7.889253738e-03 +3.960478893e+02 +3.960478893e+02 -2.7969e+00 -3.6192e+00 -3.2261e-01
442 +3.780649536e-07 +3.780649536e-07 +3.960400004e+02 +3.960400004e+02 -2.7477e+00 -3.5221e+00 -3.8568e-01
526 +2.384007303e-07 +2.384007303e-07 +3.960400002e+02 +3.960400002e+02 -2.7616e+00 -3.5216e+00 -4.0210e-01
541 +4.134278697e-09 +4.134278697e-09 +3.960400000e+02 +3.960400000e+02 -2.7637e+00 -3.4931e+00 -4.0724e-01
736 +2.232638963e-09 +2.232638963e-09 +3.960400000e+02 +3.960400000e+02 -2.7616e+00 -3.4951e+00 -4.0973e-01
813 +1.384023562e-09 +1.384023562e-09 +3.960400000e+02 +3.960400000e+02 -2.7557e+00 -3.4990e+00 -4.1468e-01
928 +3.594777809e-10 +3.594777809e-10 +3.960400000e+02 +3.960400000e+02 -2.7475e+00 -3.4950e+00 -4.1256e-01
1188 +2.331717042e-10 +2.331717042e-10 +3.960400000e+02 +3.960400000e+02 -2.7432e+00 -3.5057e+00 -4.2355e-01
1258 +1.419380169e-10 +1.419380169e-10 +3.960400000e+02 +3.960400000e+02 -2.7434e+00 -3.5050e+00 -4.2283e-01
1348 +7.963762982e-11 +7.963762982e-11 +3.960400000e+02 +3.960400000e+02 -2.7444e+00 -3.5080e+00 -4.2556e-01
1384 +3.501554602e-11 +3.501554602e-11 +3.960400000e+02 +3.960400000e+02 -2.7463e+00 -3.5062e+00 -4.2346e-01
1479 +1.512034942e-11 +1.512034942e-11 +3.960400000e+02 +3.960400000e+02 -2.7595e+00 -3.4936e+00 -4.0898e-01
1685 +7.901235222e-12 +7.901235222e-12 +3.960400000e+02 +3.960400000e+02 -2.7583e+00 -3.4953e+00 -4.1087e-01
1704 +2.614797268e-12 +2.614797268e-12 +3.960400000e+02 +3.960400000e+02 -2.7665e+00 -3.4895e+00 -4.0385e-01
1756 +7.389644452e-13 +7.389644452e-13 +3.960400000e+02 +3.960400000e+02 -2.7662e+00 -3.4893e+00 -4.0373e-01
1809 +3.410605132e-13 +3.410605132e-13 +3.960400000e+02 +3.960400000e+02 -2.7658e+00 -3.4913e+00 -4.0569e-01
2092 +2.273736754e-13 +2.273736754e-13 +3.960400000e+02 +3.960400000e+02 -2.7669e+00 -3.4923e+00 -4.0640e-01
2140 +5.684341886e-14 +5.684341886e-14 +3.960400000e+02 +3.960400000e+02 -2.7707e+00 -3.4921e+00 -4.0555e-01
2403 +0.000000000e+00 +0.000000000e+00 +3.960400000e+02 +3.960400000e+02 -2.7674e+00 -3.4902e+00 -4.0431e-01
% function evaluation | noise-free fitness - Fopt (1.281100000000e+02) | best noise-free fitness - Fopt | measured fitness | best measured fitness | x1 | x2...
1 +2.812020353e+01 +2.812020353e+01 +1.562302035e+02 +1.562302035e+02 -4.5806e-01 +1.8079e-01 +1.4162e+00
6 +1.173429262e+01 +1.173429262e+01 +1.398442926e+02 +1.398442926e+02 -4.4825e+00 +8.4720e-01 -3.4674e+00
51 +2.785733194e+00 +2.785733194e+00 +1.308957332e+02 +1.308957332e+02 -3.1538e+00 +1.4052e-01 -1.4723e+00
106 +2.018142368e+00 +2.018142368e+00 +1.301281424e+02 +1.301281424e+02 -3.4302e+00 +6.4405e-01 -8.1424e-01
122 +1.231716189e+00 +1.231716189e+00 +1.293417162e+02 +1.293417162e+02 -3.1583e+00 +4.6375e-01 -1.2537e+00
128 +1.592627998e-01 +1.592627998e-01 +1.282692628e+02 +1.282692628e+02 -2.4770e+00 +1.5307e-01 -3.8605e-01
256 +5.646596959e-02 +5.646596959e-02 +1.281664660e+02 +1.281664660e+02 -3.1853e+00 +3.0729e-01 -1.3066e+00
286 +3.304299814e-02 +3.304299814e-02 +1.281430430e+02 +1.281430430e+02 -3.5195e+00 +4.1381e-01 -1.6709e+00
317 +1.572189695e-02 +1.572189695e-02 +1.281257219e+02 +1.281257219e+02 -3.5879e+00 +4.9261e-01 -1.6858e+00
378 +5.129634406e-03 +5.129634406e-03 +1.281151296e+02 +1.281151296e+02 -3.3555e+00 +3.9682e-01 -1.3790e+00
399 +9.156394754e-08 +9.156394754e-08 +1.281100001e+02 +1.281100001e+02 -3.4054e+00 +4.1527e-01 -1.4336e+00
631 +6.030145983e-08 +6.030145983e-08 +1.281100001e+02 +1.281100001e+02 -3.4023e+00 +4.1351e-01 -1.4574e+00
685 +3.532599635e-08 +3.532599635e-08 +1.281100000e+02 +1.281100000e+02 -3.4060e+00 +4.1761e-01 -1.4404e+00
720 +7.620144515e-10 +7.620144515e-10 +1.281100000e+02 +1.281100000e+02 -3.4050e+00 +4.3723e-01 -1.4432e+00
869 +3.194031706e-10 +3.194031706e-10 +1.281100000e+02 +1.281100000e+02 -3.4017e+00 +4.3278e-01 -1.4468e+00
905 +9.720224625e-12 +9.720224625e-12 +1.281100000e+02 +1.281100000e+02 -3.4060e+00 +4.4532e-01 -1.4410e+00
1013 +1.136868377e-13 +1.136868377e-13 +1.281100000e+02 +1.281100000e+02 -3.4054e+00 +4.4632e-01 -1.4414e+00
1700 +5.684341886e-14 +5.684341886e-14 +1.281100000e+02 +1.281100000e+02 -3.4055e+00 +4.4303e-01 -1.4418e+00
1898 +2.842170943e-14 +2.842170943e-14 +1.281100000e+02 +1.281100000e+02 -3.4050e+00 +4.4182e-01 -1.4425e+00
1908 +0.000000000e+00 +0.000000000e+00 +1.281100000e+02 +1.281100000e+02 -3.4052e+00 +4.4228e-01 -1.4422e+00
% function evaluation | noise-free fitness - Fopt (-2.923500000000e+02) | best noise-free fitness - Fopt | measured fitness | best measured fitness | x1 | x2...
1 +3.013420200e+01 +3.013420200e+01 -2.622157980e+02 -2.622157980e+02 +2.8332e+00 -2.4465e+00 -4.1026e-01
48 +1.555054336e+01 +1.555054336e+01 -2.767994566e+02 -2.767994566e+02 -9.6621e-01 -2.9105e+00 +2.7713e-01
74 +2.799593736e+00 +2.799593736e+00 -2.895504063e+02 -2.895504063e+02 -2.3906e+00 -2.7739e+00 +2.6318e+00
168 +7.754384529e-01 +7.754384529e-01 -2.915745615e+02 -2.915745615e+02 -3.3702e+00 -3.0563e+00 +3.0064e+00
275 +5.478457950e-01 +5.478457950e-01 -2.918021542e+02 -2.918021542e+02 -1.4883e+00 -3.5939e+00 +4.5052e-01
287 +1.443916385e-01 +1.443916385e-01 -2.922056084e+02 -2.922056084e+02 -2.3209e+00 -3.4019e+00 +1.5390e+00
392 +8.691345089e-02 +8.691345089e-02 -2.922630865e+02 -2.922630865e+02 -2.1118e+00 -3.2802e+00 +1.6864e+00
452 +2.455574887e-02 +2.455574887e-02 -2.923254443e+02 -2.923254443e+02 -1.9357e+00 -3.4162e+00 +1.2261e+00
550 +4.055425507e-07 +4.055425507e-07 -2.923499996e+02 -2.923499996e+02 -1.8911e+00 -3.3673e+00 +1.2368e+00
616 +1.631538566e-07 +1.631538566e-07 -2.923499998e+02 -2.923499998e+02 -1.9275e+00 -3.3613e+00 +1.2830e+00
646 +1.578000592e-07 +1.578000592e-07 -2.923499998e+02 -2.923499998e+02 -1.9296e+00 -3.3629e+00 +1.2814e+00
669 +3.542095328e-08 +3.542095328e-08 -2.923500000e+02 -2.923500000e+02 -1.9371e+00 -3.3716e+00 +1.2538e+00
781 +4.337039172e-09 +4.337039172e-09 -2.923500000e+02 -2.923500000e+02 -1.9280e+00 -3.3628e+00 +1.2606e+00
814 +1.858722953e-09 +1.858722953e-09 -2.923500000e+02 -2.923500000e+02 -1.9130e+00 -3.3415e+00 +1.2620e+00
991 +1.429953045e-09 +1.429953045e-09 -2.923500000e+02 -2.923500000e+02 -1.9143e+00 -3.3405e+00 +1.2609e+00
1063 +4.894218364e-11 +4.894218364e-11 -2.923500000e+02 -2.923500000e+02 -1.9301e+00 -3.3599e+00 +1.2582e+00
1161 +9.663381206e-13 +9.663381206e-13 -2.923500000e+02 -2.923500000e+02 -1.9166e+00 -3.3463e+00 +1.2618e+00
1533 +5.684341886e-14 +5.684341886e-14 -2.923500000e+02 -2.923500000e+02 -1.9201e+00 -3.3496e+00 +1.2607e+00
2053 +0.000000000e+00 +0.000000000e+00 -2.923500000e+02 -2.923500000e+02 -1.9208e+00 -3.3499e+00 +1.2604e+00
% function evaluation | noise-free fitness - Fopt (3.110100000000e+02) | best noise-free fitness - Fopt | measured fitness | best measured fitness | x1 | x2...
1 +5.083234503e+02 +5.083234503e+02 +8.193334503e+02 +8.193334503e+02 -2.4014e+00 +2.9680e+00 -3.1203e+00
3 +3.667792592e+02 +3.667792592e+02 +6.777892592e+02 +6.777892592e+02 -2.9797e+00 +4.9460e-01 -2.1821e+00
6 +1.731086091e+01 +1.731086091e+01 +3.283208609e+02 +3.283208609e+02 -1.4252e+00 -3.9907e+00 -4.4522e+00
10 +5.444975738e+00 +5.444975738e+00 +3.164549757e+02 +3.164549757e+02 -3.2783e+00 -4.4495e+00 -2.2009e+00
79 +8.291404073e-01 +8.291404073e-01 +3.118391404e+02 +3.118391404e+02 -1.8299e+00 -3.1307e+00 -3.1744e+00
151 +1.911293913e-01 +1.911293913e-01 +3.112011294e+02 +3.112011294e+02 -2.0264e+00 -3.7446e+00 -2.4824e+00
276 +5.444975738e-02 +5.444975738e-02 +3.110644498e+02 +3.110644498e+02 -2.0986e+00 -3.6215e+00 -2.6053e+00
297 +3.683467808e-02 +3.683467808e-02 +3.110468347e+02 +3.110468347e+02 -2.0547e+00 -3.6325e+00 -2.3555e+00
442 +1.412128854e-02 +1.412128854e-02 +3.110241213e+02 +3.110241213e+02 -1.9841e+00 -3.5470e+00 -2.5969e+00
509 +1.225748179e-07 +1.225748179e-07 +3.110100001e+02 +3.110100001e+02 -1.9931e+00 -3.4972e+00 -2.6138e+00
525 +1.241357950e-08 +1.241357950e-08 +3.110100000e+02 +3.110100000e+02 -2.0021e+00 -3.5088e+00 -2.6119e+00
650 +8.009692465e-09 +8.009692465e-09 +3.110100000e+02 +3.110100000e+02 -1.9931e+00 -3.5095e+00 -2.6215e+00
732 +5.300364592e-09 +5.300364592e-09 +3.110100000e+02 +3.110100000e+02 -1.9914e+00 -3.5104e+00 -2.6242e+00
740 +3.979266694e-09 +3.979266694e-09 +3.110100000e+02 +3.110100000e+02 -1.9830e+00 -3.5135e+00 -2.6371e+00
819 +7.673861546e-10 +7.673861546e-10 +3.110100000e+02 +3.110100000e+02 -1.9846e+00 -3.5130e+00 -2.6286e+00
860 +4.946514309e-10 +4.946514309e-10 +3.110100000e+02 +3.110100000e+02 -1.9849e+00 -3.5124e+00 -2.6229e+00
1111 +3.131503945e-10 +3.131503945e-10 +3.110100000e+02 +3.110100000e+02 -1.9908e+00 -3.5104e+00 -2.6129e+00
1217 +2.231672624e-10 +2.231672624e-10 +3.110100000e+02 +3.110100000e+02 -1.9915e+00 -3.5098e+00 -2.6072e+00
1251 +8.122924555e-11 +8.122924555e-11 +3.110100000e+02 +3.110100000e+02 -1.9957e+00 -3.5088e+00 -2.6079e+00
1372 +1.409716788e-11 +1.409716788e-11 +3.110100000e+02 +3.110100000e+02 -1.9977e+00 -3.5083e+00 -2.6074e+00
1414 +7.446487871e-12 +7.446487871e-12 +3.110100000e+02 +3.110100000e+02 -1.9934e+00 -3.5093e+00 -2.6070e+00
1592 +5.286437954e-12 +5.286437954e-12 +3.110100000e+02 +3.110100000e+02 -1.9957e+00 -3.5088e+00 -2.6080e+00
1639 +3.808509064e-12 +3.808509064e-12 +3.110100000e+02 +3.110100000e+02 -1.9974e+00 -3.5085e+00 -2.6087e+00
1762 +1.818989404e-12 +1.818989404e-12 +3.110100000e+02 +3.110100000e+02 -2.0005e+00 -3.5078e+00 -2.6095e+00
1766 +6.252776075e-13 +6.252776075e-13 +3.110100000e+02 +3.110100000e+02 -1.9971e+00 -3.5084e+00 -2.6074e+00
1849 +1.705302566e-13 +1.705302566e-13 +3.110100000e+02 +3.110100000e+02 -1.9982e+00 -3.5082e+00 -2.6073e+00
1982 +5.684341886e-14 +5.684341886e-14 +3.110100000e+02 +3.110100000e+02 -1.9968e+00 -3.5085e+00 -2.6066e+00
2151 +0.000000000e+00 +0.000000000e+00 +3.110100000e+02 +3.110100000e+02 -1.9947e+00 -3.5089e+00 -2.6059e+00
% function evaluation | noise-free fitness - Fopt (-8.051800000000e+02) | best noise-free fitness - Fopt | measured fitness | best measured fitness | x1 | x2...
1 +4.559279236e+02 +4.559279236e+02 -3.492520764e+02 -3.492520764e+02 +4.4075e+00 +3.9341e+00 -1.2747e+00
5 +8.327896497e+01 +8.327896497e+01 -7.219010350e+02 -7.219010350e+02 -1.9408e+00 -4.0292e-01 +2.1278e+00
8 +5.044786763e+01 +5.044786763e+01 -7.547321324e+02 -7.547321324e+02 +1.3803e+00 +2.3231e+00 +1.5473e+00
29 +2.339891418e+01 +2.339891418e+01 -7.817810858e+02 -7.817810858e+02 -3.8891e+00 +1.6976e+00 +1.4707e+00
39 +1.362622930e+01 +1.362622930e+01 -7.915537707e+02 -7.915537707e+02 -6.6783e-01 -4.6512e+00 +5.1363e-01
50 +9.955627692e+00 +9.955627692e+00 -7.952243723e+02 -7.952243723e+02 +1.6693e+00 -2.6264e+00 +9.4710e-01
60 +4.545594331e+00 +4.545594331e+00 -8.006344057e+02 -8.006344057e+02 +4.8552e+00 -3.2002e+00 +3.6249e-01
99 +2.911066039e+00 +2.911066039e+00 -8.022689340e+02 -8.022689340e+02 +1.7289e+00 -2.5899e+00 +7.1320e-01
108 +2.468568233e+00 +2.468568233e+00 -8.027114318e+02 -8.027114318e+02 +9.0893e-01 -3.2367e+00 +4.0915e-01
157 +6.330981110e-01 +6.330981110e-01 -8.045469019e+02 -8.045469019e+02 +3.5836e+00 -4.6013e+00 +1.7794e-01
166 +3.812661120e-01 +3.812661120e-01 -8.047987339e+02 -8.047987339e+02 +1.9686e+00 -3.6827e+00 +3.6473e-01
241 +1.745203174e-01 +1.745203174e-01 -8.050054797e+02 -8.050054797e+02 +2.2409e+00 -3.1569e+00 +3.8205e-01
304 +4.142467930e-02 +4.142467930e-02 -8.051385753e+02 -8.051385753e+02 +2.7581e+00 -3.4618e+00 +3.5908e-01
473 +2.225580888e-02 +2.225580888e-02 -8.051577442e+02 -8.051577442e+02 +2.4436e+00 -3.5502e+00 +3.4486e-01
475 +2.047743237e-07 +2.047743237e-07 -8.051799998e+02 -8.051799998e+02 +2.4969e+00 -3.5155e+00 +3.6628e-01
526 +1.260340241e-07 +1.260340241e-07 -8.051799999e+02 -8.051799999e+02 +2.5064e+00 -3.5223e+00 +3.6515e-01
584 +3.904085588e-08 +3.904085588e-08 -8.051800000e+02 -8.051800000e+02 +2.5352e+00 -3.5365e+00 +3.6671e-01
699 +2.407819011e-08 +2.407819011e-08 -8.051800000e+02 -8.051800000e+02 +2.5262e+00 -3.5339e+00 +3.5868e-01
875 +1.041314590e-08 +1.041314590e-08 -8.051800000e+02 -8.051800000e+02 +2.5196e+00 -3.5352e+00 +3.6606e-01
883 +5.674337444e-09 +5.674337444e-09 -8.051800000e+02 -8.051800000e+02 +2.5489e+00 -3.5281e+00 +3.5859e-01
901 +5.106812750e-10 +5.106812750e-10 -8.051800000e+02 -8.051800000e+02 +2.5488e+00 -3.5281e+00 +3.5623e-01
1128 +2.730757842e-10 +2.730757842e-10 -8.051800000e+02 -8.051800000e+02 +2.5486e+00 -3.5279e+00 +3.5552e-01
1158 +8.230927051e-11 +8.230927051e-11 -8.051800000e+02 -8.051800000e+02 +2.5507e+00 -3.5296e+00 +3.6291e-01
1234 +4.376943252e-11 +4.376943252e-11 -8.051800000e+02 -8.051800000e+02 +2.5476e+00 -3.5282e+00 +3.5627e-01
1298 +1.148237061e-11 +1.148237061e-11 -8.051800000e+02 -8.051800000e+02 +2.5449e+00 -3.5272e+00 +3.5130e-01
1520 +9.663381206e-12 +9.663381206e-12 -8.051800000e+02 -8.051800000e+02 +2.5430e+00 -3.5284e+00 +3.5498e-01
1568 +3.410605132e-12 +3.410605132e-12 -8.051800000e+02 -8.051800000e+02 +2.5419e+00 -3.5277e+00 +3.5189e-01
1700 +7.958078641e-13 +7.958078641e-13 -8.051800000e+02 -8.051800000e+02 +2.5429e+00 -3.5281e+00 +3.5392e-01
1711 +0.000000000e+00 +0.000000000e+00 -8.051800000e+02 -8.051800000e+02 +2.5409e+00 -3.5292e+00 +3.5689e-01
