% function evaluation | noise-free fitness - Fopt (2.997000000000e+01) | best noise-free fitness - Fopt | measured fitness | best measured fitness | x1 | x2...
1 +2.066986328e+02 +2.066986328e+02 +2.366686328e+02 +2.366686328e+02 +2.3991e+00 +6.8070e-01
4 +1.528778028e+02 +1.528778028e+02 +1.828478028e+02 +1.828478028e+02 +3.1469e+00 +4.3759e+00
13 +9.328911979e+01 +9.328911979e+01 +1.232591198e+02 +1.232591198e+02 +1.9466e+00 +6.8070e-01
19 +2.786220112e+01 +2.786220112e+01 +5.783220112e+01 +5.783220112e+01 +1.4456e+00 -1.5936e-01
68 +2.291110510e+01 +2.291110510e+01 +5.288110510e+01 +5.288110510e+01 +1.1618e+00 -1.0543e+00
131 +6.005805396e+00 +6.005805396e+00 +3.597580540e+01 +3.597580540e+01 +1.4550e+00 +1.9100e-01
164 +3.454120828e+00 +3.454120828e+00 +3.342412083e+01 +3.342412083e+01 +1.1203e+00 -8.7399e-01
171 +7.173265655e-01 +7.173265655e-01 +3.068732657e+01 +3.068732657e+01 +7.8035e-01 -2.0025e+00
343 +1.232506843e-01 +1.232506843e-01 +3.009325068e+01 +3.009325068e+01 +7.9505e-01 -1.9618e+00
629 +9.256546293e-02 +9.256546293e-02 +3.006256546e+01 +3.006256546e+01 +8.0035e-01 -1.9449e+00
801 +5.795966218e-02 +5.795966218e-02 +3.002795966e+01 +3.002795966e+01 +8.1516e-01 -1.8967e+00
835 +3.737168726e-02 +3.737168726e-02 +3.000737169e+01 +3.000737169e+01 +8.3058e-01 -1.8464e+00
923 +2.507277809e-02 +2.507277809e-02 +2.999507278e+01 +2.999507278e+01 +8.5274e-01 -1.7742e+00
1022 +1.112400483e-02 +1.112400483e-02 +2.998112400e+01 +2.998112400e+01 +8.6534e-01 -1.7336e+00
1068 +8.680952722e-03 +8.680952722e-03 +2.997868095e+01 +2.997868095e+01 +8.6909e-01 -1.7214e+00
1099 +5.995563374e-03 +5.995563374e-03 +2.997599556e+01 +2.997599556e+01 +8.7346e-01 -1.7071e+00
1103 +2.831416808e-03 +2.831416808e-03 +2.997283142e+01 +2.997283142e+01 +8.6218e-01 -1.7437e+00
1124 +4.282901519e-04 +4.282901519e-04 +2.997042829e+01 +2.997042829e+01 +8.7251e-01 -1.7102e+00
1284 +2.496041895e-04 +2.496041895e-04 +2.997024960e+01 +2.997024960e+01 +8.7259e-01 -1.7099e+00
1289 +4.982614492e-05 +4.982614492e-05 +2.997004983e+01 +2.997004983e+01 +8.7267e-01 -1.7096e+00
2201 +3.666627021e-05 +3.666627021e-05 +2.997003667e+01 +2.997003667e+01 +8.7311e-01 -1.7082e+00
2742 +2.436840879e-05 +2.436840879e-05 +2.997002437e+01 +2.997002437e+01 +8.7400e-01 -1.7053e+00
2787 +1.566756900e-05 +1.566756900e-05 +2.997001567e+01 +2.997001567e+01 +8.7432e-01 -1.7043e+00
2823 +6.122581237e-06 +6.122581237e-06 +2.997000612e+01 +2.997000612e+01 +8.7453e-01 -1.7036e+00
2866 +2.520915540e-06 +2.520915540e-06 +2.997000252e+01 +2.997000252e+01 +8.7464e-01 -1.7032e+00
2879 +2.220412153e-06 +2.220412153e-06 +2.997000222e+01 +2.997000222e+01 +8.7469e-01 -1.7031e+00
2919 +1.290253092e-06 +1.290253092e-06 +2.997000129e+01 +2.997000129e+01 +8.7467e-01 -1.7031e+00
3143 +8.743077125e-07 +8.743077125e-07 +2.997000087e+01 +2.997000087e+01 +8.7463e-01 -1.7033e+00
3186 +5.691923839e-07 +5.691923839e-07 +2.997000057e+01 +2.997000057e+01 +8.7459e-01 -1.7034e+00
3228 +3.627671639e-07 +3.627671639e-07 +2.997000036e+01 +2.997000036e+01 +8.7454e-01 -1.7035e+00
3240 +2.331187261e-07 +2.331187261e-07 +2.997000023e+01 +2.997000023e+01 +8.7450e-01 -1.7037e+00
3243 +1.478051743e-07 +1.478051743e-07 +2.997000015e+01 +2.997000015e+01 +8.7449e-01 -1.7037e+00
3253 +9.606262452e-08 +9.606262452e-08 +2.997000010e+01 +2.997000010e+01 +8.7446e-01 -1.7038e+00
3261 +4.177188373e-08 +4.177188373e-08 +2.997000004e+01 +2.997000004e+01 +8.7444e-01 -1.7039e+00
3449 +3.224430856e-08 +3.224430856e-08 +2.997000003e+01 +2.997000003e+01 +8.7440e-01 -1.7040e+00
3460 +1.301081554e-08 +1.301081554e-08 +2.997000001e+01 +2.997000001e+01 +8.7437e-01 -1.7041e+00
3500 +8.264162688e-09 +8.264162688e-09 +2.997000001e+01 +2.997000001e+01 +8.7439e-01 -1.7040e+00
% function evaluation | noise-free fitness - Fopt (-5.171000000000e+01) | best noise-free fitness - Fopt | measured fitness | best measured fitness | x1 | x2...
1 +2.514961808e+01 +2.514961808e+01 -2.656038192e+01 -2.656038192e+01 +4.0270e+00 +4.6523e+00
119 +1.253322813e+01 +1.253322813e+01 -3.917677187e+01 -3.917677187e+01 +2.8210e+00 +3.4867e+00
196 +5.223947399e+00 +5.223947399e+00 -4.648605260e+01 -4.648605260e+01 +2.8145e+00 +3.4144e+00
228 +3.209476854e+00 +3.209476854e+00 -4.850052315e+01 -4.850052315e+01 +2.8472e+00 +3.4320e+00
241 +1.786845360e+00 +1.786845360e+00 -4.992315464e+01 -4.992315464e+01 +2.8704e+00 +3.4445e+00
298 +1.636104358e-01 +1.636104358e-01 -5.154638956e+01 -5.154638956e+01 +2.6621e+00 +3.1997e+00
532 +1.040403602e-01 +1.040403602e-01 -5.160595964e+01 -5.160595964e+01 +2.5435e+00 +3.0651e+00
539 +4.945949499e-03 +4.945949499e-03 -5.170505405e+01 -5.170505405e+01 +2.6078e+00 +3.1371e+00
839 +1.631386947e-03 +1.631386947e-03 -5.170836861e+01 -5.170836861e+01 +2.6161e+00 +3.1465e+00
858 +2.333357762e-04 +2.333357762e-04 -5.170976666e+01 -5.170976666e+01 +2.6014e+00 +3.1299e+00
1060 +1.133672117e-04 +1.133672117e-04 -5.170988663e+01 -5.170988663e+01 +2.6043e+00 +3.1331e+00
1186 +9.357528550e-05 +9.357528550e-05 -5.170990642e+01 -5.170990642e+01 +2.6051e+00 +3.1340e+00
1201 +3.207929745e-05 +3.207929745e-05 -5.170996792e+01 -5.170996792e+01 +2.6040e+00 +3.1328e+00
1253 +2.260189875e-05 +2.260189875e-05 -5.170997740e+01 -5.170997740e+01 +2.6045e+00 +3.1334e+00
1294 +3.373154335e-06 +3.373154335e-06 -5.170999663e+01 -5.170999663e+01 +2.6045e+00 +3.1333e+00
1398 +2.147799322e-06 +2.147799322e-06 -5.170999785e+01 -5.170999785e+01 +2.6039e+00 +3.1327e+00
1442 +1.324563925e-06 +1.324563925e-06 -5.170999868e+01 -5.170999868e+01 +2.6043e+00 +3.1332e+00
1573 +8.071891244e-07 +8.071891244e-07 -5.170999919e+01 -5.170999919e+01 +2.6042e+00 +3.1330e+00
1615 +9.842676718e-08 +9.842676718e-08 -5.170999990e+01 -5.170999990e+01 +2.6040e+00 +3.1328e+00
1830 +3.100230117e-08 +3.100230117e-08 -5.170999997e+01 -5.170999997e+01 +2.6040e+00 +3.1328e+00
1896 +1.246154113e-08 +1.246154113e-08 -5.170999999e+01 -5.170999999e+01 +2.6040e+00 +3.1328e+00
1952 +6.423206855e-09 +6.423206855e-09 -5.170999999e+01 -5.170999999e+01 +2.6040e+00 +3.1328e+00
% function evaluation | noise-free fitness - Fopt (-2.799500000000e+02) | best noise-free fitness - Fopt | measured fitness | best measured fitness | x1 | x2...
1 +1.388060767e+03 +1.388060767e+03 +1.108110767e+03 +1.108110767e+03 -4.0171e+00 +2.3344e+00
3 +8.111543698e+02 +8.111543698e+02 +5.312043698e+02 +5.312043698e+02 +1.9156e+00 +2.0093e+00
4 +2.002353985e+02 +2.002353985e+02 -7.971460152e+01 -7.971460152e+01 +4.2798e+00 -1.3498e+00
7 +2.007206622e+01 +2.007206622e+01 -2.598779338e+02 -2.598779338e+02 -4.5597e+00 -4.2066e+00
81 +7.324248406e+00 +7.324248406e+00 -2.726257516e+02 -2.726257516e+02 -3.6883e+00 -4.0216e+00
161 +5.519612674e+00 +5.519612674e+00 -2.744303873e+02 -2.744303873e+02 -3.6883e+00 -4.0126e+00
231 +2.588609275e+00 +2.588609275e+00 -2.773613907e+02 -2.773613907e+02 -4.4095e+00 -4.2458e+00
237 +7.400834100e-01 +7.400834100e-01 -2.792099166e+02 -2.792099166e+02 -3.4133e+00 -3.8844e+00
379 +3.716240237e-01 +3.716240237e-01 -2.795783760e+02 -2.795783760e+02 -3.7119e+00 -3.9917e+00
403 +1.076137355e-01 +1.076137355e-01 -2.798423863e+02 -2.798423863e+02 -3.8113e+00 -4.0287e+00
476 +4.506319254e-02 +4.506319254e-02 -2.799049368e+02 -2.799049368e+02 -3.5404e+00 -3.9325e+00
514 +3.376154082e-02 +3.376154082e-02 -2.799162385e+02 -2.799162385e+02 -3.6320e+00 -3.9649e+00
683 +2.836143617e-03 +2.836143617e-03 -2.799471639e+02 -2.799471639e+02 -3.6052e+00 -3.9556e+00
724 +2.032855421e-03 +2.032855421e-03 -2.799479671e+02 -2.799479671e+02 -3.6301e+00 -3.9644e+00
820 +5.792639898e-04 +5.792639898e-04 -2.799494207e+02 -2.799494207e+02 -3.6143e+00 -3.9588e+00
904 +3.518662177e-04 +3.518662177e-04 -2.799496481e+02 -2.799496481e+02 -3.6093e+00 -3.9571e+00
934 +1.908594177e-04 +1.908594177e-04 -2.799498091e+02 -2.799498091e+02 -3.6210e+00 -3.9612e+00
971 +1.463581905e-04 +1.463581905e-04 -2.799498536e+02 -2.799498536e+02 -3.6157e+00 -3.9593e+00
999 +8.410419730e-05 +8.410419730e-05 -2.799499159e+02 -2.799499159e+02 -3.6176e+00 -3.9600e+00
1001 +4.103889864e-05 +4.103889864e-05 -2.799499590e+02 -2.799499590e+02 -3.6164e+00 -3.9596e+00
1061 +2.013657496e-05 +2.013657496e-05 -2.799499799e+02 -2.799499799e+02 -3.6160e+00 -3.9594e+00
1176 +8.810297913e-06 +8.810297913e-06 -2.799499912e+02 -2.799499912e+02 -3.6159e+00 -3.9594e+00
1422 +6.197221694e-06 +6.197221694e-06 -2.799499938e+02 -2.799499938e+02 -3.6163e+00 -3.9595e+00
1489 +3.422720908e-06 +3.422720908e-06 -2.799499966e+02 -2.799499966e+02 -3.6165e+00 -3.9596e+00
1493 +1.614474343e-06 +1.614474343e-06 -2.799499984e+02 -2.799499984e+02 -3.6169e+00 -3.9597e+00
1565 +9.128386296e-07 +9.128386296e-07 -2.799499991e+02 -2.799499991e+02 -3.6176e+00 -3.9600e+00
1577 +4.402729132e-07 +4.402729132e-07 -2.799499996e+02 -2.799499996e+02 -3.6175e+00 -3.9600e+00
1606 +1.912526955e-07 +1.912526955e-07 -2.799499998e+02 -2.799499998e+02 -3.6174e+00 -3.9599e+00
1685 +2.354909157e-08 +2.354909157e-08 -2.799500000e+02 -2.799500000e+02 -3.6177e+00 -3.9600e+00
1950 +1.122253934e-08 +1.122253934e-08 -2.799500000e+02 -2.799500000e+02 -3.6177e+00 -3.9600e+00
2040 +8.327106116e-09 +8.327106116e-09 -2.799500000e+02 -2.799500000e+02 -3.6176e+00 -3.9600e+00
% function evaluation | noise-free fitness - Fopt (9.319900000000e+02) | best noise-free fitness - Fopt | measured fitness | best measured fitness | x1 | x2...
1 +2.306620870e+02 +2.306620870e+02 +1.162652087e+03 +1.162652087e+03 -1.2311e+00 +3.5996e+00
17 +1.267714194e+02 +1.267714194e+02 +1.058761419e+03 +1.058761419e+03 +2.2472e+00 -4.8716e-01
33 +6.689879301e+01 +6.689879301e+01 +9.988887930e+02 +9.988887930e+02 +2.6191e+00 -1.2670e-01
37 +2.738340780e+01 +2.738340780e+01 +9.593734078e+02 +9.593734078e+02 +9.9751e-01 +8.2012e-01
51 +2.022325006e+01 +2.022325006e+01 +9.522132501e+02 +9.522132501e+02 +2.6972e+00 +3.7306e-01
135 +4.558967363e+00 +4.558967363e+00 +9.365489674e+02 +9.365489674e+02 +6.4041e-01 +1.1913e+00
177 +7.110713356e-01 +7.110713356e-01 +9.327010713e+02 +9.327010713e+02 +1.0942e+00 +9.8940e-01
273 +3.263624212e-01 +3.263624212e-01 +9.323163624e+02 +9.323163624e+02 +1.2261e+00 +9.2884e-01
371 +1.805720630e-01 +1.805720630e-01 +9.321705721e+02 +9.321705721e+02 +1.2710e+00 +9.1057e-01
382 +8.776632767e-02 +8.776632767e-02 +9.320777663e+02 +9.320777663e+02 +1.3454e+00 +8.7956e-01
427 +5.223196595e-02 +5.223196595e-02 +9.320422320e+02 +9.320422320e+02 +1.3030e+00 +8.9854e-01
468 +2.893484020e-02 +2.893484020e-02 +9.320189348e+02 +9.320189348e+02 +1.2848e+00 +9.0602e-01
524 +1.193133795e-02 +1.193133795e-02 +9.320019313e+02 +9.320019313e+02 +1.3069e+00 +8.9660e-01
557 +7.817513687e-03 +7.817513687e-03 +9.319978175e+02 +9.319978175e+02 +1.3381e+00 +8.8327e-01
617 +5.647582148e-03 +5.647582148e-03 +9.319956476e+02 +9.319956476e+02 +1.3633e+00 +8.7265e-01
747 +3.380063723e-03 +3.380063723e-03 +9.319933801e+02 +9.319933801e+02 +1.3587e+00 +8.7462e-01
807 +2.018822447e-03 +2.018822447e-03 +9.319920188e+02 +9.319920188e+02 +1.3221e+00 +8.9012e-01
813 +1.536972981e-03 +1.536972981e-03 +9.319915370e+02 +9.319915370e+02 +1.3241e+00 +8.8924e-01
822 +8.317713738e-04 +8.317713738e-04 +9.319908318e+02 +9.319908318e+02 +1.3433e+00 +8.8114e-01
903 +4.911481575e-04 +4.911481575e-04 +9.319904911e+02 +9.319904911e+02 +1.3341e+00 +8.8501e-01
1076 +1.604966648e-04 +1.604966648e-04 +9.319901605e+02 +9.319901605e+02 +1.3353e+00 +8.8449e-01
1107 +1.310611095e-04 +1.310611095e-04 +9.319901311e+02 +9.319901311e+02 +1.3348e+00 +8.8474e-01
1121 +9.243043178e-05 +9.243043178e-05 +9.319900924e+02 +9.319900924e+02 +1.3356e+00 +8.8441e-01
1253 +4.577471316e-05 +4.577471316e-05 +9.319900458e+02 +9.319900458e+02 +1.3359e+00 +8.8427e-01
1275 +2.647577662e-05 +2.647577662e-05 +9.319900265e+02 +9.319900265e+02 +1.3364e+00 +8.8403e-01
1289 +2.330646146e-05 +2.330646146e-05 +9.319900233e+02 +9.319900233e+02 +1.3383e+00 +8.8325e-01
1307 +5.694783908e-06 +5.694783908e-06 +9.319900057e+02 +9.319900057e+02 +1.3375e+00 +8.8357e-01
1470 +3.968126862e-06 +3.968126862e-06 +9.319900040e+02 +9.319900040e+02 +1.3377e+00 +8.8352e-01
10609 +1.698188271e-06 +1.698188271e-06 +9.319900017e+02 +9.319900017e+02 +1.3386e+00 +8.8310e-01
10731 +1.200084625e-06 +1.200084625e-06 +9.319900012e+02 +9.319900012e+02 +1.3387e+00 +8.8308e-01
10828 +4.915748377e-07 +4.915748377e-07 +9.319900005e+02 +9.319900005e+02 +1.3387e+00 +8.8309e-01
11100 +3.386545586e-07 +3.386545586e-07 +9.319900003e+02 +9.319900003e+02 +1.3386e+00 +8.8310e-01
11133 +1.863438683e-07 +1.863438683e-07 +9.319900002e+02 +9.319900002e+02 +1.3386e+00 +8.8313e-01
11158 +1.491828243e-07 +1.491828243e-07 +9.319900001e+02 +9.319900001e+02 +1.3385e+00 +8.8315e-01
11169 +3.992772690e-08 +3.992772690e-08 +9.319900000e+02 +9.319900000e+02 +1.3385e+00 +8.8317e-01
11175 +3.278103122e-08 +3.278103122e-08 +9.319900000e+02 +9.319900000e+02 +1.3384e+00 +8.8319e-01
11187 +2.019010026e-08 +2.019010026e-08 +9.319900000e+02 +9.319900000e+02 +1.3384e+00 +8.8322e-01
11214 +1.256785254e-08 +1.256785254e-08 +9.319900000e+02 +9.319900000e+02 +1.3384e+00 +8.8321e-01
11242 +3.612740329e-09 +3.612740329e-09 +9.319900000e+02 +9.319900000e+02 +1.3384e+00 +8.8321e-01
% function evaluation | noise-free fitness - Fopt (1.133100000000e+02) | best noise-free fitness - Fopt | measured fitness | best measured fitness | x1 | x2...
1 +4.918732323e+01 +4.918732323e+01 +1.624973232e+02 +1.624973232e+02 -3.1994e+00 +1.4686e+00
70 +2.263874802e+01 +2.263874802e+01 +1.359487480e+02 +1.359487480e+02 +8.7078e-01 +2.6787e+00
202 +1.035020036e+01 +1.035020036e+01 +1.236602004e+02 +1.236602004e+02 +2.3815e+00 +3.2859e+00
206 +9.439260953e+00 +9.439260953e+00 +1.227492610e+02 +1.227492610e+02 +3.0960e-01 +2.5970e+00
251 +2.803333053e+00 +2.803333053e+00 +1.161133331e+02 +1.161133331e+02 +1.3350e+00 +2.9022e+00
310 +1.006796093e+00 +1.006796093e+00 +1.143167961e+02 +1.143167961e+02 +1.8289e+00 +3.0641e+00
405 +6.981750654e-02 +6.981750654e-02 +1.133798175e+02 +1.133798175e+02 +2.2511e+00 +3.2025e+00
542 +4.881652462e-02 +4.881652462e-02 +1.133588165e+02 +1.133588165e+02 +2.1702e+00 +3.1766e+00
719 +1.453672933e-02 +1.453672933e-02 +1.133245367e+02 +1.133245367e+02 +2.1320e+00 +3.1646e+00
767 +6.953719956e-03 +6.953719956e-03 +1.133169537e+02 +1.133169537e+02 +2.1498e+00 +3.1703e+00
795 +5.660011253e-03 +5.660011253e-03 +1.133156600e+02 +1.133156600e+02 +2.1484e+00 +3.1699e+00
818 +1.090639318e-03 +1.090639318e-03 +1.133110906e+02 +1.133110906e+02 +2.1604e+00 +3.1737e+00
1174 +8.747585869e-04 +8.747585869e-04 +1.133108748e+02 +1.133108748e+02 +2.1568e+00 +3.1725e+00
1205 +4.494098247e-04 +4.494098247e-04 +1.133104494e+02 +1.133104494e+02 +2.1510e+00 +3.1707e+00
1258 +2.233573423e-04 +2.233573423e-04 +1.133102234e+02 +1.133102234e+02 +2.1429e+00 +3.1681e+00
1270 +8.051317347e-05 +8.051317347e-05 +1.133100805e+02 +1.133100805e+02 +2.1364e+00 +3.1660e+00
1326 +4.062870453e-05 +4.062870453e-05 +1.133100406e+02 +1.133100406e+02 +2.1320e+00 +3.1646e+00
1354 +9.660802164e-06 +9.660802164e-06 +1.133100097e+02 +1.133100097e+02 +2.1329e+00 +3.1649e+00
7273 +6.156117394e-06 +6.156117394e-06 +1.133100062e+02 +1.133100062e+02 +2.1333e+00 +3.1650e+00
7345 +3.684000077e-06 +3.684000077e-06 +1.133100037e+02 +1.133100037e+02 +2.1337e+00 +3.1651e+00
7411 +2.381037717e-06 +2.381037717e-06 +1.133100024e+02 +1.133100024e+02 +2.1341e+00 +3.1652e+00
7433 +1.230368937e-06 +1.230368937e-06 +1.133100012e+02 +1.133100012e+02 +2.1345e+00 +3.1654e+00
7443 +8.358803854e-07 +8.358803854e-07 +1.133100008e+02 +1.133100008e+02 +2.1348e+00 +3.1655e+00
8372 +6.277183076e-07 +6.277183076e-07 +1.133100006e+02 +1.133100006e+02 +2.1353e+00 +3.1656e+00
8535 +3.226479208e-07 +3.226479208e-07 +1.133100003e+02 +1.133100003e+02 +2.1354e+00 +3.1657e+00
8562 +1.965705394e-07 +1.965705394e-07 +1.133100002e+02 +1.133100002e+02 +2.1355e+00 +3.1657e+00
9182 +1.565204002e-07 +1.565204002e-07 +1.133100002e+02 +1.133100002e+02 +2.1355e+00 +3.1657e+00
9261 +8.313111266e-08 +8.313111266e-08 +1.133100001e+02 +1.133100001e+02 +2.1354e+00 +3.1657e+00
9283 +4.667579390e-08 +4.667579390e-08 +1.133100000e+02 +1.133100000e+02 +2.1353e+00 +3.1656e+00
9342 +3.947840810e-08 +3.947840810e-08 +1.133100000e+02 +1.133100000e+02 +2.1352e+00 +3.1656e+00
9739 +2.183450931e-08 +2.183450931e-08 +1.133100000e+02 +1.133100000e+02 +2.1352e+00 +3.1656e+00
9778 +2.835648161e-09 +2.835648161e-09 +1.133100000e+02 +1.133100000e+02 +2.1352e+00 +3.1656e+00
% function evaluation | noise-free fitness - Fopt (-3.000200000000e+02) | best noise-free fitness - Fopt | measured fitness | best measured fitness | x1 | x2...
1 +1.561077455e+03 +1.561077455e+03 +1.261057455e+03 +1.261057455e+03 +2.4581e+00 -4.4980e+00
2 +2.023708067e+02 +2.023708067e+02 -9.764919330e+01 -9.764919330e+01 +3.0105e+00 -2.3316e-01
3 +1.574463613e+02 +1.574463613e+02 -1.425736387e+02 -1.425736387e+02 +7.3528e-01 +1.0393e+00
14 +7.462907198e+01 +7.462907198e+01 -2.253909280e+02 -2.253909280e+02 -2.0578e-01 +8.4532e-01
32 +5.474261395e+01 +5.474261395e+01 -2.452773861e+02 -2.452773861e+02 +1.0194e+00 +6.8725e-01
43 +1.503583185e+01 +1.503583185e+01 -2.849841682e+02 -2.849841682e+02 +3.3347e+00 +3.5315e-01
93 +7.857101977e+00 +7.857101977e+00 -2.921628980e+02 -2.921628980e+02 +1.9975e+00 +4.3804e-01
104 +5.301193820e+00 +5.301193820e+00 -2.947188062e+02 -2.947188062e+02 +1.4333e+00 +4.9418e-01
178 +2.493444925e+00 +2.493444925e+00 -2.975265551e+02 -2.975265551e+02 +1.1049e+00 +5.1251e-01
185 +1.424071171e+00 +1.424071171e+00 -2.985959288e+02 -2.985959288e+02 -3.9810e-01 +6.1618e-01
267 +8.342562583e-01 +8.342562583e-01 -2.991857437e+02 -2.991857437e+02 -3.9904e-01 +6.1813e-01
390 +2.118567257e-01 +2.118567257e-01 -2.998081433e+02 -2.998081433e+02 -5.4060e-01 +6.3159e-01
489 +1.474135014e-01 +1.474135014e-01 -2.998725865e+02 -2.998725865e+02 -3.4739e-01 +6.1654e-01
501 +1.286782783e-02 +1.286782783e-02 -3.000071322e+02 -3.000071322e+02 -2.4061e-01 +6.0918e-01
760 +3.915343663e-03 +3.915343663e-03 -3.000160847e+02 -3.000160847e+02 -2.8823e-01 +6.1269e-01
828 +1.736868210e-03 +1.736868210e-03 -3.000182631e+02 -3.000182631e+02 -2.7000e-01 +6.1135e-01
857 +1.319758068e-03 +1.319758068e-03 -3.000186802e+02 -3.000186802e+02 -3.2285e-01 +6.1521e-01
906 +1.218526374e-04 +1.218526374e-04 -3.000198781e+02 -3.000198781e+02 -3.0987e-01 +6.1426e-01
1106 +7.945360557e-05 +7.945360557e-05 -3.000199205e+02 -3.000199205e+02 -3.0574e-01 +6.1396e-01
1191 +5.523165504e-05 +5.523165504e-05 -3.000199448e+02 -3.000199448e+02 -3.0575e-01 +6.1396e-01
1251 +3.710768328e-05 +3.710768328e-05 -3.000199629e+02 -3.000199629e+02 -3.0394e-01 +6.1383e-01
1304 +1.827771143e-05 +1.827771143e-05 -3.000199817e+02 -3.000199817e+02 -3.0034e-01 +6.1357e-01
1313 +6.059376574e-06 +6.059376574e-06 -3.000199939e+02 -3.000199939e+02 -2.9955e-01 +6.1351e-01
1356 +3.347711584e-06 +3.347711584e-06 -3.000199967e+02 -3.000199967e+02 -2.9943e-01 +6.1350e-01
1420 +2.164329203e-06 +2.164329203e-06 -3.000199978e+02 -3.000199978e+02 -3.0166e-01 +6.1366e-01
1452 +6.323095931e-07 +6.323095931e-07 -3.000199994e+02 -3.000199994e+02 -3.0125e-01 +6.1363e-01
1589 +4.354063208e-07 +4.354063208e-07 -3.000199996e+02 -3.000199996e+02 -3.0064e-01 +6.1359e-01
1629 +1.552037361e-07 +1.552037361e-07 -3.000199998e+02 -3.000199998e+02 -3.0081e-01 +6.1360e-01
1764 +4.047200264e-08 +4.047200264e-08 -3.000200000e+02 -3.000200000e+02 -3.0091e-01 +6.1361e-01
1772 +1.392788818e-08 +1.392788818e-08 -3.000200000e+02 -3.000200000e+02 -3.0071e-01 +6.1359e-01
1981 +7.975359040e-09 +7.975359040e-09 -3.000200000e+02 -3.000200000e+02 -3.0087e-01 +6.1361e-01
% function evaluation | noise-free fitness - Fopt (4.471000000000e+01) | best noise-free fitness - Fopt | measured fitness | best measured fitness | x1 | x2...
1 +7.478753498e+02 +7.478753498e+02 +7.925853498e+02 +7.925853498e+02 -1.4056e+00 -3.2590e+00
5 +9.753039932e+01 +9.753039932e+01 +1.422403993e+02 +1.422403993e+02 +6.4080e-01 +2.1891e+00
97 +7.266315449e+00 +7.266315449e+00 +5.197631545e+01 +5.197631545e+01 +2.4145e+00 -3.6106e-01
191 +5.593128037e+00 +5.593128037e+00 +5.030312804e+01 +5.030312804e+01 +2.4145e+00 -3.0011e-01
209 +2.662859173e+00 +2.662859173e+00 +4.737285917e+01 +4.737285917e+01 +2.9317e+00 -9.7341e-01
262 +2.174604948e+00 +2.174604948e+00 +4.688460495e+01 +4.688460495e+01 +2.9233e+00 -1.0238e+00
315 +8.954693381e-01 +8.954693381e-01 +4.560546934e+01 +4.560546934e+01 +2.9317e+00 -1.0186e+00
352 +2.559406999e-01 +2.559406999e-01 +4.496594070e+01 +4.496594070e+01 +2.9346e+00 -1.0080e+00
424 +6.509464178e-02 +6.509464178e-02 +4.477509464e+01 +4.477509464e+01 +2.8982e+00 -9.6351e-01
636 +2.871652066e-02 +2.871652066e-02 +4.473871652e+01 +4.473871652e+01 +2.8942e+00 -9.5764e-01
681 +1.726794133e-02 +1.726794133e-02 +4.472726794e+01 +4.472726794e+01 +2.8972e+00 -9.6154e-01
708 +1.053416114e-02 +1.053416114e-02 +4.472053416e+01 +4.472053416e+01 +2.8990e+00 -9.6388e-01
713 +9.739056447e-03 +9.739056447e-03 +4.471973906e+01 +4.471973906e+01 +2.8989e+00 -9.6376e-01
773 +5.586521238e-03 +5.586521238e-03 +4.471558652e+01 +4.471558652e+01 +2.9001e+00 -9.6522e-01
941 +3.962812732e-03 +3.962812732e-03 +4.471396281e+01 +4.471396281e+01 +2.9007e+00 -9.6607e-01
1841 +1.602186305e-03 +1.602186305e-03 +4.471160219e+01 +4.471160219e+01 +2.9078e+00 -9.7551e-01
1852 +1.571850805e-03 +1.571850805e-03 +4.471157185e+01 +4.471157185e+01 +2.9078e+00 -9.7554e-01
1924 +9.736792527e-04 +9.736792527e-04 +4.471097368e+01 +4.471097368e+01 +2.9092e+00 -9.7740e-01
1961 +5.103868226e-04 +5.103868226e-04 +4.471051039e+01 +4.471051039e+01 +2.9106e+00 -9.7925e-01
2110 +3.838030463e-04 +3.838030463e-04 +4.471038380e+01 +4.471038380e+01 +2.9120e+00 -9.8109e-01
2265 +2.290730634e-04 +2.290730634e-04 +4.471022907e+01 +4.471022907e+01 +2.9141e+00 -9.8393e-01
2295 +8.257744621e-05 +8.257744621e-05 +4.471008258e+01 +4.471008258e+01 +2.9145e+00 -9.8438e-01
2318 +6.054758332e-05 +6.054758332e-05 +4.471006055e+01 +4.471006055e+01 +2.9144e+00 -9.8432e-01
2348 +3.530989448e-05 +3.530989448e-05 +4.471003531e+01 +4.471003531e+01 +2.9146e+00 -9.8457e-01
2489 +2.350446209e-05 +2.350446209e-05 +4.471002350e+01 +4.471002350e+01 +2.9150e+00 -9.8506e-01
2526 +1.128075845e-05 +1.128075845e-05 +4.471001128e+01 +4.471001128e+01 +2.9154e+00 -9.8558e-01
2538 +7.967856909e-06 +7.967856909e-06 +4.471000797e+01 +4.471000797e+01 +2.9158e+00 -9.8609e-01
2569 +3.280324528e-06 +3.280324528e-06 +4.471000328e+01 +4.471000328e+01 +2.9157e+00 -9.8606e-01
2579 +2.457451878e-06 +2.457451878e-06 +4.471000246e+01 +4.471000246e+01 +2.9157e+00 -9.8598e-01
2651 +5.898892752e-07 +5.898892752e-07 +4.471000059e+01 +4.471000059e+01 +2.9159e+00 -9.8626e-01
2769 +3.476475925e-07 +3.476475925e-07 +4.471000035e+01 +4.471000035e+01 +2.9160e+00 -9.8644e-01
2894 +1.346556644e-07 +1.346556644e-07 +4.471000013e+01 +4.471000013e+01 +2.9160e+00 -9.8634e-01
2964 +6.260044216e-08 +6.260044216e-08 +4.471000006e+01 +4.471000006e+01 +2.9160e+00 -9.8635e-01
3076 +1.395089555e-08 +1.395089555e-08 +4.471000001e+01 +4.471000001e+01 +2.9160e+00 -9.8637e-01
3296 +4.149207200e-09 +4.149207200e-09 +4.471000000e+01 +4.471000000e+01 +2.9160e+00 -9.8638e-01
3297 +3.935220150e-09 +3.935220150e-09 +4.471000000e+01 +4.471000000e+01 +2.9160e+00 -9.8640e-01
% function evaluation | noise-free fitness - Fopt (-1.000000000000e+03) | best noise-free fitness - Fopt | measured fitness | best measured fitness | x1 | x2...
1 +1.782503213e+03 +1.782503213e+03 +7.825032132e+02 +7.825032132e+02 +4.0522e+00 -2.4035e+00
3 +5.991510701e+02 +5.991510701e+02 -4.008489299e+02 -4.008489299e+02 -4.7209e+00 -4.7006e+00
4 +3.006365532e+02 +3.006365532e+02 -6.993634468e+02 -6.993634468e+02 -1.0074e+00 +1.3445e+00
7 +8.930852322e+01 +8.930852322e+01 -9.106914768e+02 -9.106914768e+02 -3.1384e+00 +1.7565e+00
27 +5.670361950e+01 +5.670361950e+01 -9.432963805e+02 -9.432963805e+02 -6.1632e-01 +4.2514e+00
127 +1.966874027e+01 +1.966874027e+01 -9.803312597e+02 -9.803312597e+02 -2.0629e+00 +2.3228e+00
142 +7.623128935e+00 +7.623128935e+00 -9.923768711e+02 -9.923768711e+02 -1.4270e+00 +3.4605e+00
315 +9.487347124e-01 +9.487347124e-01 -9.990512653e+02 -9.990512653e+02 -2.3176e+00 +2.1401e+00
696 +4.699343020e-01 +4.699343020e-01 -9.995300657e+02 -9.995300657e+02 -2.4637e+00 +1.9148e+00
741 +3.667169150e-01 +3.667169150e-01 -9.996332831e+02 -9.996332831e+02 -2.4577e+00 +1.9244e+00
833 +9.485710778e-02 +9.485710778e-02 -9.999051429e+02 -9.999051429e+02 -2.3558e+00 +2.0750e+00
844 +6.274405019e-02 +6.274405019e-02 -9.999372559e+02 -9.999372559e+02 -2.3007e+00 +2.1560e+00
912 +3.186485048e-02 +3.186485048e-02 -9.999681351e+02 -9.999681351e+02 -2.2825e+00 +2.1836e+00
925 +2.057977798e-02 +2.057977798e-02 -9.999794202e+02 -9.999794202e+02 -2.2815e+00 +2.1849e+00
987 +2.997798679e-03 +2.997798679e-03 -9.999970022e+02 -9.999970022e+02 -2.2441e+00 +2.2400e+00
1236 +2.238799675e-03 +2.238799675e-03 -9.999977612e+02 -9.999977612e+02 -2.2544e+00 +2.2248e+00
1393 +2.939896076e-04 +2.939896076e-04 -9.999997060e+02 -9.999997060e+02 -2.2594e+00 +2.2175e+00
1844 +2.423537908e-04 +2.423537908e-04 -9.999997576e+02 -9.999997576e+02 -2.2596e+00 +2.2171e+00
1998 +1.568133999e-04 +1.568133999e-04 -9.999998432e+02 -9.999998432e+02 -2.2574e+00 +2.2203e+00
2199 +9.529084616e-05 +9.529084616e-05 -9.999999047e+02 -9.999999047e+02 -2.2552e+00 +2.2236e+00
2259 +6.248632383e-05 +6.248632383e-05 -9.999999375e+02 -9.999999375e+02 -2.2550e+00 +2.2239e+00
2306 +2.686540017e-05 +2.686540017e-05 -9.999999731e+02 -9.999999731e+02 -2.2534e+00 +2.2263e+00
2340 +2.421987256e-05 +2.421987256e-05 -9.999999758e+02 -9.999999758e+02 -2.2528e+00 +2.2271e+00
2452 +1.383961580e-05 +1.383961580e-05 -9.999999862e+02 -9.999999862e+02 -2.2535e+00 +2.2262e+00
2479 +8.267871749e-06 +8.267871749e-06 -9.999999917e+02 -9.999999917e+02 -2.2536e+00 +2.2260e+00
2500 +1.432621616e-06 +1.432621616e-06 -9.999999986e+02 -9.999999986e+02 -2.2540e+00 +2.2254e+00
2503 +4.194549774e-07 +4.194549774e-07 -9.999999996e+02 -9.999999996e+02 -2.2545e+00 +2.2246e+00
2664 +3.640054729e-07 +3.640054729e-07 -9.999999996e+02 -9.999999996e+02 -2.2545e+00 +2.2247e+00
2666 +2.258302629e-07 +2.258302629e-07 -9.999999998e+02 -9.999999998e+02 -2.2544e+00 +2.2248e+00
3700 +7.637504496e-08 +7.637504496e-08 -9.999999999e+02 -9.999999999e+02 -2.2544e+00 +2.2249e+00
3711 +4.584785529e-08 +4.584785529e-08 -1.000000000e+03 -1.000000000e+03 -2.2544e+00 +2.2249e+00
3789 +2.000422228e-08 +2.000422228e-08 -1.000000000e+03 -1.000000000e+03 -2.2544e+00 +2.2249e+00
4019 +1.584544407e-08 +1.584544407e-08 -1.000000000e+03 -1.000000000e+03 -2.2544e+00 +2.2249e+00
7170 +9.968175618e-09 +9.968175618e-09 -1.000000000e+03 -1.000000000e+03 -2.2544e+00 +2.2248e+00
% function evaluation | noise-free fitness - Fopt (3.042000000000e+02) | best noise-free fitness - Fopt | measured fitness | best measured fitness | x1 | x2...
1 +6.657558994e+02 +6.657558994e+02 +9.699558994e+02 +9.699558994e+02 -2.9176e+00 -1.1584e+00
3 +4.918170947e+02 +4.918170947e+02 +7.960170947e+02 +7.960170947e+02 -1.4513e+00 -1.3278e-01
5 +2.485307887e+02 +2.485307887e+02 +5.527307887e+02 +5.527307887e+02 +1.0887e+00 +4.1041e+00
6 +1.434811650e+02 +1.434811650e+02 +4.476811650e+02 +4.476811650e+02 -2.3224e+00 +4.6318e+00
9 +8.529005455e+01 +8.529005455e+01 +3.894900546e+02 +3.894900546e+02 -2.3482e+00 +4.1669e+00
61 +4.408902159e+01 +4.408902159e+01 +3.482890216e+02 +3.482890216e+02 -3.9057e+00 +4.2277e+00
68 +3.211867215e+01 +3.211867215e+01 +3.363186722e+02 +3.363186722e+02 -4.0545e+00 +3.9019e+00
148 +2.015411061e+01 +2.015411061e+01 +3.243541106e+02 +3.243541106e+02 -2.0412e+00 +3.1745e+00
151 +1.407798988e+01 +1.407798988e+01 +3.182779899e+02 +3.182779899e+02 -2.0412e+00 +3.4351e+00
161 +8.551634508e+00 +8.551634508e+00 +3.127516345e+02 +3.127516345e+02 -2.1624e+00 +3.4351e+00
181 +1.128756981e+00 +1.128756981e+00 +3.053287570e+02 +3.053287570e+02 -2.5586e+00 +3.5219e+00
286 +7.216509983e-01 +7.216509983e-01 +3.049216510e+02 +3.049216510e+02 -2.5824e+00 +3.5270e+00
320 +2.162088493e-01 +2.162088493e-01 +3.044162088e+02 +3.044162088e+02 -2.4480e+00 +3.4705e+00
414 +1.080136146e-01 +1.080136146e-01 +3.043080136e+02 +3.043080136e+02 -2.4886e+00 +3.4872e+00
425 +8.056428695e-02 +8.056428695e-02 +3.042805643e+02 +3.042805643e+02 -2.4834e+00 +3.4850e+00
541 +4.120926148e-02 +4.120926148e-02 +3.042412093e+02 +3.042412093e+02 -2.4812e+00 +3.4838e+00
585 +3.893821449e-02 +3.893821449e-02 +3.042389382e+02 +3.042389382e+02 -2.4823e+00 +3.4842e+00
908 +1.747414263e-02 +1.747414263e-02 +3.042174741e+02 +3.042174741e+02 -2.5069e+00 +3.4933e+00
921 +1.115201543e-02 +1.115201543e-02 +3.042111520e+02 +3.042111520e+02 -2.5139e+00 +3.4958e+00
955 +9.775040455e-03 +9.775040455e-03 +3.042097750e+02 +3.042097750e+02 -2.5139e+00 +3.4958e+00
1025 +5.246008587e-03 +5.246008587e-03 +3.042052460e+02 +3.042052460e+02 -2.5242e+00 +3.4995e+00
1055 +3.479322479e-03 +3.479322479e-03 +3.042034793e+02 +3.042034793e+02 -2.5392e+00 +3.5050e+00
1137 +2.426028308e-03 +2.426028308e-03 +3.042024260e+02 +3.042024260e+02 -2.5386e+00 +3.5048e+00
1236 +1.204076584e-03 +1.204076584e-03 +3.042012041e+02 +3.042012041e+02 -2.5423e+00 +3.5061e+00
1299 +9.785420802e-04 +9.785420802e-04 +3.042009785e+02 +3.042009785e+02 -2.5441e+00 +3.5068e+00
1319 +4.938131230e-04 +4.938131230e-04 +3.042004938e+02 +3.042004938e+02 -2.5448e+00 +3.5071e+00
1323 +2.197529145e-04 +2.197529145e-04 +3.042002198e+02 +3.042002198e+02 -2.5460e+00 +3.5075e+00
1359 +1.819452484e-05 +1.819452484e-05 +3.042000182e+02 +3.042000182e+02 -2.5508e+00 +3.5092e+00
1527 +1.546056876e-05 +1.546056876e-05 +3.042000155e+02 +3.042000155e+02 -2.5493e+00 +3.5087e+00
1564 +9.924298638e-06 +9.924298638e-06 +3.042000099e+02 +3.042000099e+02 -2.5504e+00 +3.5091e+00
1679 +1.260710235e-06 +1.260710235e-06 +3.042000013e+02 +3.042000013e+02 -2.5494e+00 +3.5087e+00
1741 +5.572357509e-07 +5.572357509e-07 +3.042000006e+02 +3.042000006e+02 -2.5496e+00 +3.5088e+00
1847 +1.794676336e-07 +1.794676336e-07 +3.042000002e+02 +3.042000002e+02 -2.5497e+00 +3.5088e+00
1927 +1.432253498e-07 +1.432253498e-07 +3.042000001e+02 +3.042000001e+02 -2.5495e+00 +3.5088e+00
2028 +9.491486708e-09 +9.491486708e-09 +3.042000000e+02 +3.042000000e+02 -2.5496e+00 +3.5088e+00
% function evaluation | noise-free fitness - Fopt (-1.046700000000e+02) | best noise-free fitness - Fopt | measured fitness | best measured fitness | x1 | x2...
1 +2.891584589e+02 +2.891584589e+02 +1.844884589e+02 +1.844884589e+02 -9.6792e-01 +3.0683e+00
11 +1.898988862e+02 +1.898988862e+02 +8.522888623e+01 +8.522888623e+01 -9.1828e-01 +2.5630e+00
18 +6.702527618e+01 +6.702527618e+01 -3.764472382e+01 -3.764472382e+01 -5.4377e+00 +8.8119e-01
21 +1.226674657e+01 +1.226674657e+01 -9.240325343e+01 -9.240325343e+01 -4.4384e+00 +6.8526e-01
61 +5.660956921e+00 +5.660956921e+00 -9.900904308e+01 -9.900904308e+01 -4.2288e+00 +8.4457e-01
180 +2.242423461e+00 +2.242423461e+00 -1.024275765e+02 -1.024275765e+02 -3.2900e+00 +1.0824e+00
217 +1.563376045e+00 +1.563376045e+00 -1.031066240e+02 -1.031066240e+02 -3.7538e+00 +9.3444e-01
246 +8.185430097e-02 +8.185430097e-02 -1.045881457e+02 -1.045881457e+02 -3.7070e+00 +9.5781e-01
502 +1.923170031e-02 +1.923170031e-02 -1.046507683e+02 -1.046507683e+02 -3.7460e+00 +9.4713e-01
637 +5.941496866e-03 +5.941496866e-03 -1.046640585e+02 -1.046640585e+02 -3.7693e+00 +9.4053e-01
1006 +3.408788826e-03 +3.408788826e-03 -1.046665912e+02 -1.046665912e+02 -3.7828e+00 +9.3671e-01
1040 +2.291766772e-03 +2.291766772e-03 -1.046677082e+02 -1.046677082e+02 -3.7830e+00 +9.3665e-01
1048 +1.417731735e-03 +1.417731735e-03 -1.046685823e+02 -1.046685823e+02 -3.7847e+00 +9.3617e-01
1151 +9.412363594e-04 +9.412363594e-04 -1.046690588e+02 -1.046690588e+02 -3.7881e+00 +9.3523e-01
1216 +5.813413152e-04 +5.813413152e-04 -1.046694187e+02 -1.046694187e+02 -3.7914e+00 +9.3430e-01
1257 +3.940361709e-04 +3.940361709e-04 -1.046696060e+02 -1.046696060e+02 -3.7931e+00 +9.3383e-01
1275 +9.123673658e-05 +9.123673658e-05 -1.046699088e+02 -1.046699088e+02 -3.7981e+00 +9.3241e-01
1334 +3.441042189e-05 +3.441042189e-05 -1.046699656e+02 -1.046699656e+02 -3.8014e+00 +9.3148e-01
1337 +1.330418830e-05 +1.330418830e-05 -1.046699867e+02 -1.046699867e+02 -3.8023e+00 +9.3122e-01
1432 +9.870879026e-06 +9.870879026e-06 -1.046699901e+02 -1.046699901e+02 -3.8017e+00 +9.3139e-01
1446 +9.698484291e-07 +9.698484291e-07 -1.046699990e+02 -1.046699990e+02 -3.8025e+00 +9.3117e-01
1612 +6.084299429e-07 +6.084299429e-07 -1.046699994e+02 -1.046699994e+02 -3.8024e+00 +9.3120e-01
1676 +8.412827412e-08 +8.412827412e-08 -1.046699999e+02 -1.046699999e+02 -3.8025e+00 +9.3117e-01
1881 +4.765357176e-08 +4.765357176e-08 -1.046700000e+02 -1.046700000e+02 -3.8025e+00 +9.3118e-01
1927 +1.630941426e-08 +1.630941426e-08 -1.046700000e+02 -1.046700000e+02 -3.8024e+00 +9.3120e-01
2048 +1.015345674e-08 +1.015345674e-08 -1.046700000e+02 -1.046700000e+02 -3.8024e+00 +9.3121e-01
2095 +5.941089398e-09 +5.941089398e-09 -1.046700000e+02 -1.046700000e+02 -3.8024e+00 +9.3121e-01
% function evaluation | noise-free fitness - Fopt (4.869500000000e+02) | best noise-free fitness - Fopt | measured fitness | best measured fitness | x1 | x2...
1 +3.686432664e+02 +3.686432664e+02 +8.555932664e+02 +8.555932664e+02 -9.2055e-01 -8.4720e-01
8 +8.990598729e+01 +8.990598729e+01 +5.768559873e+02 +5.768559873e+02 -4.8255e+00 -1.0058e+00
11 +5.170219823e+01 +5.170219823e+01 +5.386521982e+02 +5.386521982e+02 -3.6480e+00 -1.0094e+00
24 +2.741436472e+01 +2.741436472e+01 +5.143643647e+02 +5.143643647e+02 -4.0189e+00 +1.1527e+00
61 +2.434231408e+01 +2.434231408e+01 +5.112923141e+02 +5.112923141e+02 -3.9926e+00 +1.1527e+00
93 +1.135123233e+01 +1.135123233e+01 +4.983012323e+02 +4.983012323e+02 -3.9463e+00 -7.2552e-01
112 +8.911078807e+00 +8.911078807e+00 +4.958610788e+02 +4.958610788e+02 -3.9138e+00 -3.1931e-01
132 +5.847481370e+00 +5.847481370e+00 +4.927974814e+02 +4.927974814e+02 -3.9138e+00 +5.0591e-02
140 +2.747040373e+00 +2.747040373e+00 +4.896970404e+02 +4.896970404e+02 -4.0076e+00 -2.1902e-01
161 +2.351885225e+00 +2.351885225e+00 +4.893018852e+02 +4.893018852e+02 -3.9636e+00 -2.1902e-01
222 +1.454774691e+00 +1.454774691e+00 +4.884047747e+02 +4.884047747e+02 -4.0010e+00 -3.7874e-01
229 +6.842043122e-01 +6.842043122e-01 +4.876342043e+02 +4.876342043e+02 -3.9675e+00 -6.5652e-02
271 +2.323996064e-01 +2.323996064e-01 +4.871823996e+02 +4.871823996e+02 -3.9832e+00 -2.2360e-01
330 +1.285673357e-01 +1.285673357e-01 +4.870785673e+02 +4.870785673e+02 -3.9801e+00 -1.7348e-01
373 +4.795130756e-02 +4.795130756e-02 +4.869979513e+02 +4.869979513e+02 -3.9736e+00 -7.1197e-02
402 +2.787222757e-02 +2.787222757e-02 +4.869778722e+02 +4.869778722e+02 -3.9731e+00 -5.9660e-02
450 +1.153854820e-02 +1.153854820e-02 +4.869615385e+02 +4.869615385e+02 -3.9728e+00 -5.2547e-02
549 +4.889445549e-03 +4.889445549e-03 +4.869548894e+02 +4.869548894e+02 -3.9737e+00 -6.5953e-02
555 +1.537312536e-03 +1.537312536e-03 +4.869515373e+02 +4.869515373e+02 -3.9745e+00 -7.7664e-02
684 +7.237974820e-04 +7.237974820e-04 +4.869507238e+02 +4.869507238e+02 -3.9747e+00 -8.0482e-02
738 +5.226874550e-04 +5.226874550e-04 +4.869505227e+02 +4.869505227e+02 -3.9753e+00 -9.1034e-02
770 +1.360849156e-04 +1.360849156e-04 +4.869501361e+02 +4.869501361e+02 -3.9754e+00 -9.1917e-02
772 +1.800035687e-05 +1.800035687e-05 +4.869500180e+02 +4.869500180e+02 -3.9753e+00 -8.9655e-02
798 +5.416181978e-06 +5.416181978e-06 +4.869500054e+02 +4.869500054e+02 -3.9752e+00 -8.9232e-02
858 +1.958659197e-06 +1.958659197e-06 +4.869500020e+02 +4.869500020e+02 -3.9752e+00 -8.8935e-02
994 +1.310304356e-06 +1.310304356e-06 +4.869500013e+02 +4.869500013e+02 -3.9752e+00 -8.8974e-02
1016 +7.167898843e-07 +7.167898843e-07 +4.869500007e+02 +4.869500007e+02 -3.9752e+00 -8.9042e-02
1066 +5.886549843e-07 +5.886549843e-07 +4.869500006e+02 +4.869500006e+02 -3.9752e+00 -8.9036e-02
3963 +2.557337098e-07 +2.557337098e-07 +4.869500003e+02 +4.869500003e+02 -3.9752e+00 -8.8704e-02
4057 +7.556303672e-08 +7.556303672e-08 +4.869500001e+02 +4.869500001e+02 -3.9752e+00 -8.8854e-02
4264 +7.190010365e-09 +7.190010365e-09 +4.869500000e+02 +4.869500000e+02 -3.9752e+00 -8.8829e-02
% function evaluation | noise-free fitness - Fopt (9.655000000000e+01) | best noise-free fitness - Fopt | measured fitness | best measured fitness | x1 | x2...
1 +6.266728899e+02 +6.266728899e+02 +7.232228899e+02 +7.232228899e+02 -1.9222e+00 -1.1676e+00
2 +3.932508060e+02 +3.932508060e+02 +4.898008060e+02 +4.898008060e+02 -1.0291e+00 -1.8702e+00
4 +1.117274060e+02 +1.117274060e+02 +2.082774060e+02 +2.082774060e+02 +1.3870e+00 -4.7714e-01
38 +3.727771231e+01 +3.727771231e+01 +1.338277123e+02 +1.338277123e+02 +9.8772e-01 -4.9591e-01
112 +2.499495158e+01 +2.499495158e+01 +1.215449516e+02 +1.215449516e+02 +1.2770e+00 +1.9819e-01
129 +1.222484690e+01 +1.222484690e+01 +1.087748469e+02 +1.087748469e+02 +1.8034e+00 +2.1077e+00
176 +9.090543091e+00 +9.090543091e+00 +1.056405431e+02 +1.056405431e+02 +2.0531e+00 +2.8938e+00
194 +3.619215067e+00 +3.619215067e+00 +1.001692151e+02 +1.001692151e+02 +1.7981e+00 +1.9560e+00
223 +1.706872336e+00 +1.706872336e+00 +9.825687234e+01 +9.825687234e+01 +2.3437e+00 +3.6786e+00
289 +3.272023745e-01 +3.272023745e-01 +9.687720237e+01 +9.687720237e+01 +2.1183e+00 +2.9752e+00
421 +2.215764125e-01 +2.215764125e-01 +9.677157641e+01 +9.677157641e+01 +2.1212e+00 +2.9873e+00
554 +1.165270570e-01 +1.165270570e-01 +9.666652706e+01 +9.666652706e+01 +2.1381e+00 +3.0404e+00
604 +7.164199776e-02 +7.164199776e-02 +9.662164200e+01 +9.662164200e+01 +2.1538e+00 +3.0908e+00
742 +5.214394381e-02 +5.214394381e-02 +9.660214394e+01 +9.660214394e+01 +2.2023e+00 +3.2466e+00
791 +3.180138266e-02 +3.180138266e-02 +9.658180138e+01 +9.658180138e+01 +2.1785e+00 +3.1700e+00
852 +9.226873290e-03 +9.226873290e-03 +9.655922687e+01 +9.655922687e+01 +2.1901e+00 +3.2070e+00
979 +6.010356703e-03 +6.010356703e-03 +9.655601036e+01 +9.655601036e+01 +2.2090e+00 +3.2674e+00
1021 +3.102278083e-03 +3.102278083e-03 +9.655310228e+01 +9.655310228e+01 +2.2141e+00 +3.2836e+00
1050 +1.357213097e-04 +1.357213097e-04 +9.655013572e+01 +9.655013572e+01 +2.2098e+00 +3.2698e+00
1221 +8.441308900e-05 +8.441308900e-05 +9.655008441e+01 +9.655008441e+01 +2.2099e+00 +3.2704e+00
1318 +5.137764033e-05 +5.137764033e-05 +9.655005138e+01 +9.655005138e+01 +2.2102e+00 +3.2712e+00
1361 +1.526117998e-05 +1.526117998e-05 +9.655001526e+01 +9.655001526e+01 +2.2108e+00 +3.2731e+00
1469 +9.531775547e-06 +9.531775547e-06 +9.655000953e+01 +9.655000953e+01 +2.2106e+00 +3.2724e+00
1538 +5.851468188e-06 +5.851468188e-06 +9.655000585e+01 +9.655000585e+01 +2.2107e+00 +3.2730e+00
1755 +2.712006832e-06 +2.712006832e-06 +9.655000271e+01 +9.655000271e+01 +2.2109e+00 +3.2734e+00
1772 +2.236746738e-06 +2.236746738e-06 +9.655000224e+01 +9.655000224e+01 +2.2109e+00 +3.2735e+00
1784 +1.498670471e-06 +1.498670471e-06 +9.655000150e+01 +9.655000150e+01 +2.2110e+00 +3.2739e+00
1839 +2.213849655e-07 +2.213849655e-07 +9.655000022e+01 +9.655000022e+01 +2.2111e+00 +3.2742e+00
1854 +8.426739839e-08 +8.426739839e-08 +9.655000008e+01 +9.655000008e+01 +2.2113e+00 +3.2746e+00
2122 +1.920945181e-08 +1.920945181e-08 +9.655000002e+01 +9.655000002e+01 +2.2112e+00 +3.2745e+00
2254 +6.445958434e-09 +6.445958434e-09 +9.655000001e+01 +9.655000001e+01 +2.2112e+00 +3.2744e+00
% function evaluation | noise-free fitness - Fopt (6.320000000000e+00) | best noise-free fitness - Fopt | measured fitness | best measured fitness | x1 | x2...
1 +4.059569837e+02 +4.059569837e+02 +4.122769837e+02 +4.122769837e+02 -5.6800e-02 +3.6194e+00
3 +3.370238109e+02 +3.370238109e+02 +3.433438109e+02 +3.433438109e+02 +2.4332e+00 +3.6814e+00
10 +1.502351506e+02 +1.502351506e+02 +1.565551506e+02 +1.565551506e+02 +1.4456e+00 +4.0860e+00
52 +7.820544083e+01 +7.820544083e+01 +8.452544083e+01 +8.452544083e+01 +4.6367e+00 -4.9158e+00
53 +1.911740665e+01 +1.911740665e+01 +2.543740665e+01 +2.543740665e+01 +3.4469e+00 -2.1750e+00
98 +1.221163720e+01 +1.221163720e+01 +1.853163720e+01 +1.853163720e+01 +4.0389e+00 -4.0223e+00
245 +5.350513957e+00 +5.350513957e+00 +1.167051396e+01 +1.167051396e+01 +2.9722e+00 -1.1505e+00
282 +3.352803820e+00 +3.352803820e+00 +9.672803820e+00 +9.672803820e+00 +3.1407e+00 -1.5236e+00
354 +9.904941528e-01 +9.904941528e-01 +7.310494153e+00 +7.310494153e+00 +3.4871e+00 -2.4899e+00
566 +3.725258640e-01 +3.725258640e-01 +6.692525864e+00 +6.692525864e+00 +3.1247e+00 -1.5130e+00
704 +2.011750392e-01 +2.011750392e-01 +6.521175039e+00 +6.521175039e+00 +3.1971e+00 -1.7086e+00
713 +1.275450497e-01 +1.275450497e-01 +6.447545050e+00 +6.447545050e+00 +3.3365e+00 -2.0820e+00
726 +2.466494141e-02 +2.466494141e-02 +6.344664941e+00 +6.344664941e+00 +3.2877e+00 -1.9497e+00
1084 +4.598980638e-03 +4.598980638e-03 +6.324598981e+00 +6.324598981e+00 +3.2891e+00 -1.9539e+00
1193 +2.912087217e-04 +2.912087217e-04 +6.320291209e+00 +6.320291209e+00 +3.2891e+00 -1.9539e+00
1433 +1.424694979e-04 +1.424694979e-04 +6.320142469e+00 +6.320142469e+00 +3.2890e+00 -1.9536e+00
1564 +2.840536881e-05 +2.840536881e-05 +6.320028405e+00 +6.320028405e+00 +3.2896e+00 -1.9551e+00
1596 +1.113479678e-05 +1.113479678e-05 +6.320011135e+00 +6.320011135e+00 +3.2892e+00 -1.9541e+00
1643 +6.370444135e-06 +6.370444135e-06 +6.320006370e+00 +6.320006370e+00 +3.2894e+00 -1.9547e+00
1792 +4.486588522e-06 +4.486588522e-06 +6.320004487e+00 +6.320004487e+00 +3.2892e+00 -1.9541e+00
1926 +3.155704859e-06 +3.155704859e-06 +6.320003156e+00 +6.320003156e+00 +3.2892e+00 -1.9542e+00
1984 +1.714682166e-06 +1.714682166e-06 +6.320001715e+00 +6.320001715e+00 +3.2892e+00 -1.9542e+00
2028 +1.457803061e-06 +1.457803061e-06 +6.320001458e+00 +6.320001458e+00 +3.2893e+00 -1.9543e+00
2105 +9.458838521e-07 +9.458838521e-07 +6.320000946e+00 +6.320000946e+00 +3.2893e+00 -1.9545e+00
2230 +5.887099839e-07 +5.887099839e-07 +6.320000589e+00 +6.320000589e+00 +3.2894e+00 -1.9547e+00
2267 +1.865432306e-07 +1.865432306e-07 +6.320000187e+00 +6.320000187e+00 +3.2895e+00 -1.9550e+00
2282 +4.316745983e-08 +4.316745983e-08 +6.320000043e+00 +6.320000043e+00 +3.2896e+00 -1.9551e+00
2289 +9.227750120e-09 +9.227750120e-09 +6.320000009e+00 +6.320000009e+00 +3.2896e+00 -1.9551e+00
% function evaluation | noise-free fitness - Fopt (-1.275100000000e+02) | best noise-free fitness - Fopt | measured fitness | best measured fitness | x1 | x2...
1 +2.882805634e+02 +2.882805634e+02 +1.607705634e+02 +1.607705634e+02 -4.8792e+00 -2.9320e+00
2 +2.110180876e+01 +2.110180876e+01 -1.064081912e+02 -1.064081912e+02 -2.8927e+00 -2.1010e+00
78 +1.341146912e+00 +1.341146912e+00 -1.261688531e+02 -1.261688531e+02 -3.9496e+00 -3.2861e+00
197 +5.092385169e-01 +5.092385169e-01 -1.270007615e+02 -1.270007615e+02 -4.0308e+00 -3.3657e+00
243 +2.374992383e-01 +2.374992383e-01 -1.272725008e+02 -1.272725008e+02 -3.9718e+00 -3.3027e+00
304 +6.604377012e-02 +6.604377012e-02 -1.274439562e+02 -1.274439562e+02 -3.8734e+00 -3.2019e+00
435 +2.816455059e-02 +2.816455059e-02 -1.274818354e+02 -1.274818354e+02 -3.6596e+00 -2.9811e+00
598 +2.472737022e-02 +2.472737022e-02 -1.274852726e+02 -1.274852726e+02 -3.7559e+00 -3.0804e+00
673 +1.545772775e-02 +1.545772775e-02 -1.274945423e+02 -1.274945423e+02 -3.7981e+00 -3.1240e+00
685 +9.957053599e-03 +9.957053599e-03 -1.275000429e+02 -1.275000429e+02 -3.7701e+00 -3.0951e+00
733 +1.042174434e-03 +1.042174434e-03 -1.275089578e+02 -1.275089578e+02 -3.7529e+00 -3.0775e+00
811 +4.886652597e-04 +4.886652597e-04 -1.275095113e+02 -1.275095113e+02 -3.7491e+00 -3.0735e+00
902 +3.952400773e-04 +3.952400773e-04 -1.275096048e+02 -1.275096048e+02 -3.7435e+00 -3.0677e+00
1037 +1.666874839e-04 +1.666874839e-04 -1.275098333e+02 -1.275098333e+02 -3.7314e+00 -3.0552e+00
1172 +4.328357318e-05 +4.328357318e-05 -1.275099567e+02 -1.275099567e+02 -3.7413e+00 -3.0654e+00
1206 +2.830199887e-05 +2.830199887e-05 -1.275099717e+02 -1.275099717e+02 -3.7404e+00 -3.0645e+00
1259 +2.112931230e-05 +2.112931230e-05 -1.275099789e+02 -1.275099789e+02 -3.7354e+00 -3.0594e+00
1355 +1.508283077e-05 +1.508283077e-05 -1.275099849e+02 -1.275099849e+02 -3.7362e+00 -3.0602e+00
1530 +9.830392102e-06 +9.830392102e-06 -1.275099902e+02 -1.275099902e+02 -3.7371e+00 -3.0611e+00
1804 +6.221768245e-06 +6.221768245e-06 -1.275099938e+02 -1.275099938e+02 -3.7379e+00 -3.0620e+00
1872 +3.910493078e-06 +3.910493078e-06 -1.275099961e+02 -1.275099961e+02 -3.7381e+00 -3.0621e+00
1953 +1.370622272e-06 +1.370622272e-06 -1.275099986e+02 -1.275099986e+02 -3.7372e+00 -3.0612e+00
1976 +3.842526013e-07 +3.842526013e-07 -1.275099996e+02 -1.275099996e+02 -3.7370e+00 -3.0610e+00
2060 +1.944559926e-07 +1.944559926e-07 -1.275099998e+02 -1.275099998e+02 -3.7369e+00 -3.0609e+00
2112 +8.115540595e-08 +8.115540595e-08 -1.275099999e+02 -1.275099999e+02 -3.7369e+00 -3.0609e+00
2292 +6.253281981e-08 +6.253281981e-08 -1.275099999e+02 -1.275099999e+02 -3.7368e+00 -3.0608e+00
2325 +3.722975350e-08 +3.722975350e-08 -1.275100000e+02 -1.275100000e+02 -3.7369e+00 -3.0609e+00
2459 +1.409510730e-08 +1.409510730e-08 -1.275100000e+02 -1.275100000e+02 -3.7368e+00 -3.0608e+00
2488 +6.077740977e-09 +6.077740977e-09 -1.275100000e+02 -1.275100000e+02 -3.7368e+00 -3.0608e+00
% function evaluation | noise-free fitness - Fopt (8.328000000000e+02) | best noise-free fitness - Fopt | measured fitness | best measured fitness | x1 | x2...
1 +1.375198522e+03 +1.375198522e+03 +2.207998522e+03 +2.207998522e+03 +4.3810e+00 -1.5496e+00
2 +9.425719874e+02 +9.425719874e+02 +1.775371987e+03 +1.775371987e+03 -2.0848e+00 +3.0462e+00
7 +1.171487311e+02 +1.171487311e+02 +9.499487311e+02 +9.499487311e+02 +3.1150e+00 +2.8292e+00
9 +4.699274956e+01 +4.699274956e+01 +8.797927496e+02 +8.797927496e+02 +1.8797e+00 +1.8013e+00
96 +3.231240104e+01 +3.231240104e+01 +8.651124010e+02 +8.651124010e+02 +1.1008e+00 +1.4665e+00
238 +1.242172067e+01 +1.242172067e+01 +8.452217207e+02 +8.452217207e+02 -1.5944e+00 -7.9389e-02
264 +9.075345606e+00 +9.075345606e+00 +8.418753456e+02 +8.418753456e+02 -1.1344e+00 +1.2486e-01
269 +3.204858657e+00 +3.204858657e+00 +8.360048587e+02 +8.360048587e+02 -2.7662e+00 -7.9941e-01
332 +1.101204679e+00 +1.101204679e+00 +8.339012047e+02 +8.339012047e+02 -2.7938e+00 -7.9941e-01
474 +3.069370119e-01 +3.069370119e-01 +8.331069370e+02 +8.331069370e+02 -3.1033e+00 -9.8092e-01
487 +1.739156754e-01 +1.739156754e-01 +8.329739157e+02 +8.329739157e+02 -2.9927e+00 -9.1671e-01
592 +1.376003681e-01 +1.376003681e-01 +8.329376004e+02 +8.329376004e+02 -2.8960e+00 -8.6226e-01
674 +2.171054307e-02 +2.171054307e-02 +8.328217105e+02 +8.328217105e+02 -2.7328e+00 -7.6866e-01
851 +1.481201218e-02 +1.481201218e-02 +8.328148120e+02 +8.328148120e+02 -2.7250e+00 -7.6418e-01
958 +4.430456214e-03 +4.430456214e-03 +8.328044305e+02 +8.328044305e+02 -2.7275e+00 -7.6553e-01
1037 +3.954314597e-03 +3.954314597e-03 +8.328039543e+02 +8.328039543e+02 -2.7997e+00 -8.0680e-01
1056 +1.782185690e-03 +1.782185690e-03 +8.328017822e+02 +8.328017822e+02 -2.7408e+00 -7.7316e-01
1114 +7.316407767e-04 +7.316407767e-04 +8.328007316e+02 +8.328007316e+02 -2.7956e+00 -8.0443e-01
1132 +5.962173450e-04 +5.962173450e-04 +8.328005962e+02 +8.328005962e+02 -2.7877e+00 -7.9995e-01
1285 +2.955943153e-04 +2.955943153e-04 +8.328002956e+02 +8.328002956e+02 -2.7738e+00 -7.9199e-01
1346 +1.665649042e-04 +1.665649042e-04 +8.328001666e+02 +8.328001666e+02 -2.7671e+00 -7.8818e-01
1392 +9.213274461e-05 +9.213274461e-05 +8.328000921e+02 +8.328000921e+02 -2.7823e+00 -7.9686e-01
1399 +2.843619529e-05 +2.843619529e-05 +8.328000284e+02 +8.328000284e+02 -2.7717e+00 -7.9078e-01
1500 +1.199531982e-05 +1.199531982e-05 +8.328000120e+02 +8.328000120e+02 -2.7772e+00 -7.9392e-01
1582 +2.770670562e-06 +2.770670562e-06 +8.328000028e+02 +8.328000028e+02 -2.7758e+00 -7.9315e-01
1618 +2.509569413e-06 +2.509569413e-06 +8.328000025e+02 +8.328000025e+02 -2.7751e+00 -7.9272e-01
1828 +2.951089755e-07 +2.951089755e-07 +8.328000003e+02 +8.328000003e+02 -2.7750e+00 -7.9267e-01
2000 +2.250183115e-07 +2.250183115e-07 +8.328000002e+02 +8.328000002e+02 -2.7750e+00 -7.9271e-01
2031 +1.493013997e-07 +1.493013997e-07 +8.328000001e+02 +8.328000001e+02 -2.7751e+00 -7.9274e-01
2040 +4.199932846e-08 +4.199932846e-08 +8.328000000e+02 +8.328000000e+02 -2.7752e+00 -7.9281e-01
2136 +1.899570634e-08 +1.899570634e-08 +8.328000000e+02 +8.328000000e+02 -2.7753e+00 -7.9283e-01
2271 +1.344562861e-08 +1.344562861e-08 +8.328000000e+02 +8.328000000e+02 -2.7753e+00 -7.9285e-01
2324 +4.651042218e-09 +4.651042218e-09 +8.328000000e+02 +8.328000000e+02 -2.7752e+00 -7.9282e-01
