% function evaluation | noise-free fitness - Fopt (-1.025500000000e+02) | best noise-free fitness - Fopt | measured fitness | best measured fitness | x1 | x2...
1 +4.696730270e+01 +4.696730270e+01 -5.558269730e+01 -5.558269730e+01 -1.8471e+00 -2.6415e+00 +2.8863e+00 -4.5608e+00 +2.2475e+00
9 +2.487467205e+01 +2.487467205e+01 -7.767532795e+01 -7.767532795e+01 -4.5260e+00 +2.3310e-01 -1.1084e+00 +2.9816e+00 -1.8124e+00
13 +9.318638675e+00 +9.318638675e+00 -9.323136133e+01 -9.323136133e+01 -1.3279e+00 +6.6437e-01 -6.8772e-02 +3.7236e-01 +1.6234e+00
288 +1.760398220e+00 +1.760398220e+00 -1.007896018e+02 -1.007896018e+02 +1.7160e+00 -1.3225e+00 -4.5826e-01 +1.3164e+00 +1.4595e+00
1911 +1.558330093e+00 +1.558330093e+00 -1.009916699e+02 -1.009916699e+02 -1.4530e+00 -1.2435e+00 -1.7148e+00 +1.0661e+00 +1.4108e+00
2041 +8.125534723e-01 +8.125534723e-01 -1.017374465e+02 -1.017374465e+02 +1.3279e+00 +6.6437e-01 +6.8772e-02 +2.7325e-01 +4.1079e-01
% function evaluation | noise-free fitness - Fopt (7.169000000000e+01) | best noise-free fitness - Fopt | measured fitness | best measured fitness | x1 | x2...
1 +9.649021793e+01 +9.649021793e+01 +1.681802179e+02 +1.681802179e+02 -1.4227e+00 -4.1364e+00 +4.8228e+00 -3.9796e-01 -4.2655e+00
2 +6.148726376e+01 +6.148726376e+01 +1.331772638e+02 +1.331772638e+02 +3.9444e-01 -1.5433e+00 -2.1942e+00 -2.9238e+00 -4.1151e+00
3 +1.361672131e+01 +1.361672131e+01 +8.530672131e+01 +8.530672131e+01 +6.4765e-01 -1.9323e-01 +1.3956e+00 +2.3256e+00 +2.5646e+00
14 +7.085556064e+00 +7.085556064e+00 +7.877555606e+01 +7.877555606e+01 +3.5251e+00 -3.1743e+00 +1.4716e+00 -4.7545e-01 +1.6146e+00
61 +3.967248510e+00 +3.967248510e+00 +7.565724851e+01 +7.565724851e+01 +3.3181e-01 +2.2647e-02 +5.5525e-01 +8.3501e-01 -2.5340e+00
1142 +1.817615578e+00 +1.817615578e+00 +7.350761558e+01 +7.350761558e+01 +1.6913e-01 +1.6108e+00 +4.8293e-01 -5.3612e-01 -1.9590e-01
2164 +1.113868323e+00 +1.113868323e+00 +7.280386832e+01 +7.280386832e+01 +1.1691e+00 +6.2559e-01 +1.4716e+00 -4.7542e-01 +1.6146e+00
% function evaluation | noise-free fitness - Fopt (2.140100000000e+02) | best noise-free fitness - Fopt | measured fitness | best measured fitness | x1 | x2...
1 +3.380315295e+01 +3.380315295e+01 +2.478131530e+02 +2.478131530e+02 -3.4995e+00 +1.8948e+00 +3.2275e+00 +2.8680e+00 +2.8228e+00
2 +2.342669832e+01 +2.342669832e+01 +2.374366983e+02 +2.374366983e+02 +9.7329e-01 +4.7881e+00 +2.0341e+00 +4.0276e-01 +1.6060e+00
9 +1.502824186e+01 +1.502824186e+01 +2.290382419e+02 +2.290382419e+02 -3.5236e+00 +1.3463e+00 +3.6150e+00 -3.9492e+00 +2.4722e+00
10 +9.983257126e+00 +9.983257126e+00 +2.239932571e+02 +2.239932571e+02 -3.3940e+00 +1.3897e+00 -5.9648e-01 +1.9063e+00 -7.6452e-01
172 +3.564774862e+00 +3.564774862e+00 +2.175747749e+02 +2.175747749e+02 -1.8309e+00 -2.0675e+00 +2.0471e-01 +2.5234e+00 -3.0578e-01
656 +1.242667365e+00 +1.242667365e+00 +2.152526674e+02 +2.152526674e+02 -6.7860e-01 +1.0588e+00 +1.9216e+00 -1.5355e+00 +1.4941e+00
% function evaluation | noise-free fitness - Fopt (-5.848000000000e+01) | best noise-free fitness - Fopt | measured fitness | best measured fitness | x1 | x2...
1 +1.529943429e+02 +1.529943429e+02 +9.451434295e+01 +9.451434295e+01 +4.4350e+00 +4.8296e+00 +1.6909e+00 +4.1218e+00 -1.1541e+00
3 +2.089144234e+01 +2.089144234e+01 -3.758855766e+01 -3.758855766e+01 -4.1604e+00 +3.2879e+00 -8.5855e-01 -4.4627e+00 +1.4006e+00
7 +1.357253987e+01 +1.357253987e+01 -4.490746013e+01 -4.490746013e+01 -4.7474e+00 -6.8932e-01 +1.3061e+00 -8.9254e-01 -9.1777e-01
90 +8.792114441e+00 +8.792114441e+00 -4.968788556e+01 -4.968788556e+01 -2.2494e+00 -4.8971e-01 +1.7739e+00 +7.6464e-01 +8.3176e-01
307 +4.394888018e+00 +4.394888018e+00 -5.408511198e+01 -5.408511198e+01 +4.1056e+00 -6.8932e-01 +1.3061e+00 -8.9254e-01 -9.1777e-01
695 +2.007852981e+00 +2.007852981e+00 -5.647214702e+01 -5.647214702e+01 +1.6493e+00 -7.0816e-01 +9.8295e-01 +1.9939e+00 +2.9263e-01
2968 +1.027373282e+00 +1.027373282e+00 -5.745262672e+01 -5.745262672e+01 +8.0310e-01 -4.6823e-01 -5.9935e-01 -8.9254e-01 +9.9198e-02
% function evaluation | noise-free fitness - Fopt (-6.130800000000e+02) | best noise-free fitness - Fopt | measured fitness | best measured fitness | x1 | x2...
1 +5.400307131e+01 +5.400307131e+01 -5.590769287e+02 -5.590769287e+02 +4.8317e+00 -3.8376e-01 +4.0668e+00 +2.8492e+00 -1.3734e+00
9 +1.990242499e+01 +1.990242499e+01 -5.931775750e+02 -5.931775750e+02 +3.7488e+00 -4.5693e-01 +2.4225e-01 +3.2100e+00 +9.6291e-01
11 +8.286154514e+00 +8.286154514e+00 -6.047938455e+02 -6.047938455e+02 -1.7966e+00 -3.4126e-01 -9.3143e-01 -5.9676e-01 -2.8617e+00
126 +5.327647635e+00 +5.327647635e+00 -6.077523524e+02 -6.077523524e+02 +1.4124e+00 -4.4802e+00 +1.1508e+00 +2.2984e+00 +3.2851e+00
779 +3.825830593e+00 +3.825830593e+00 -6.092541694e+02 -6.092541694e+02 +9.1505e-01 -1.0261e+00 -3.8323e-01 -4.8812e-01 -2.5879e-02
1125 +1.512675643e+00 +1.512675643e+00 -6.115673244e+02 -6.115673244e+02 +3.3382e-01 +1.2494e+00 -6.8912e-01 +6.3295e-01 -1.3305e+00
3904 +8.136420564e-01 +8.136420564e-01 -6.122663579e+02 -6.122663579e+02 +9.3263e-01 -1.0261e+00 -3.8323e-01 +1.4767e+00 -1.0805e+00
4520 +4.809308576e-01 +4.809308576e-01 -6.125990691e+02 -6.125990691e+02 -2.5089e-01 +2.2581e-01 +7.8189e-01 +4.8544e-01 -6.3806e-02
% function evaluation | noise-free fitness - Fopt (-1.852700000000e+02) | best noise-free fitness - Fopt | measured fitness | best measured fitness | x1 | x2...
1 +6.442897099e+01 +6.442897099e+01 -1.208410290e+02 -1.208410290e+02 +4.3091e+00 -1.9976e+00 +7.9780e-01 -1.6530e+00 -4.8609e+00
2 +2.564069114e+01 +2.564069114e+01 -1.596293089e+02 -1.596293089e+02 -4.9746e-01 +3.8549e-01 -8.6801e-02 +4.4809e+00 -3.2103e+00
5 +1.885026569e+01 +1.885026569e+01 -1.664197343e+02 -1.664197343e+02 -2.5123e+00 +4.5720e+00 -4.2841e-01 +1.0097e+00 -4.9496e-01
18 +1.417418559e+01 +1.417418559e+01 -1.710958144e+02 -1.710958144e+02 +2.3343e+00 -1.8827e+00 +3.2328e+00 +6.6010e-01 +6.8610e-01
22 +9.600824279e+00 +9.600824279e+00 -1.756691757e+02 -1.756691757e+02 -2.4630e-01 -1.2576e+00 -1.5482e+00 +7.8235e-01 -3.2518e+00
244 +3.732131382e+00 +3.732131382e+00 -1.815378686e+02 -1.815378686e+02 +1.1108e+00 +2.0616e+00 +7.4175e-01 -1.4021e-01 -1.3908e+00
614 +2.418990986e+00 +2.418990986e+00 -1.828510090e+02 -1.828510090e+02 -4.8865e-01 -4.4369e-01 +3.3652e+00 -2.2618e-01 +2.3648e-02
1296 +1.398146778e+00 +1.398146778e+00 -1.838718532e+02 -1.838718532e+02 +9.1960e-02 +1.6078e+00 +7.4080e-01 +7.1598e-01 +6.2713e-01
% function evaluation | noise-free fitness - Fopt (3.747000000000e+01) | best noise-free fitness - Fopt | measured fitness | best measured fitness | x1 | x2...
1 +1.411720422e+01 +1.411720422e+01 +5.158720422e+01 +5.158720422e+01 +2.2073e-01 +2.1605e+00 +2.0630e+00 +9.5846e-01 -1.2473e+00
16 +9.555125540e+00 +9.555125540e+00 +4.702512554e+01 +4.702512554e+01 +3.8309e+00 -4.4861e+00 +4.8100e+00 -4.9731e+00 +3.8836e+00
339 +6.251865973e+00 +6.251865973e+00 +4.372186597e+01 +4.372186597e+01 +1.2356e+00 -4.1786e+00 -1.7369e-01 -1.4389e+00 +9.8639e-01
468 +3.714234573e+00 +3.714234573e+00 +4.118423457e+01 +4.118423457e+01 -2.0841e-01 -3.6724e+00 +3.6635e+00 -1.9341e+00 +1.7293e+00
805 +6.194009395e-01 +6.194009395e-01 +3.808940094e+01 +3.808940094e+01 -1.0986e+00 -1.2001e+00 +6.3957e-02 +2.7511e-02 +9.9029e-01
% function evaluation | noise-free fitness - Fopt (-3.944700000000e+02) | best noise-free fitness - Fopt | measured fitness | best measured fitness | x1 | x2...
1 +3.800688915e+01 +3.800688915e+01 -3.564631108e+02 -3.564631108e+02 -2.4253e+00 +1.4842e+00 -9.2458e-01 +4.8024e+00 +2.5408e+00
5 +2.434555110e+01 +2.434555110e+01 -3.701244489e+02 -3.701244489e+02 +4.2992e+00 +1.6023e+00 -2.1068e+00 +3.4475e+00 -1.3610e+00
10 +1.235339675e+01 +1.235339675e+01 -3.821166032e+02 -3.821166032e+02 +2.3503e+00 -3.4117e+00 -5.2239e-02 -5.9071e-01 -1.8107e+00
219 +9.793287859e+00 +9.793287859e+00 -3.846767121e+02 -3.846767121e+02 +8.1986e-01 +2.9032e+00 -5.1144e-01 +2.0774e+00 -1.7336e+00
315 +5.227657892e+00 +5.227657892e+00 -3.892423421e+02 -3.892423421e+02 -1.8089e+00 +6.8579e-01 -1.2228e+00 +2.7723e+00 +1.2211e+00
355 +3.928830598e+00 +3.928830598e+00 -3.905411694e+02 -3.905411694e+02 +2.9372e+00 +4.9475e-01 -1.1968e+00 -6.7952e-01 -2.2618e-01
1293 +2.511631615e+00 +2.511631615e+00 -3.919583684e+02 -3.919583684e+02 +1.8018e+00 -1.0349e+00 +7.9601e-01 +2.4001e+00 -1.7336e+00
1312 +9.450679215e-01 +9.450679215e-01 -3.935249321e+02 -3.935249321e+02 -8.0890e-01 -4.6732e-01 +1.0054e+00 -3.8862e-01 +1.2211e+00
2928 +4.681187215e-01 +4.681187215e-01 -3.940018813e+02 -3.940018813e+02 +1.0491e+00 +4.1418e-01 +4.5229e-01 -6.7952e-01 -1.5977e-01
% function evaluation | noise-free fitness - Fopt (-1.026200000000e+02) | best noise-free fitness - Fopt | measured fitness | best measured fitness | x1 | x2...
1 +7.709237213e+01 +7.709237213e+01 -2.552762787e+01 -2.552762787e+01 -2.1007e+00 +3.8566e+00 +4.2391e+00 +3.2211e+00 -2.8518e+00
3 +2.181759039e+01 +2.181759039e+01 -8.080240961e+01 -8.080240961e+01 +4.5354e+00 +1.6588e+00 -3.4110e+00 -3.3863e+00 -4.9596e+00
7 +1.395468796e+01 +1.395468796e+01 -8.866531204e+01 -8.866531204e+01 -8.9257e-01 +1.4906e+00 +4.3198e-01 -4.1699e+00 -4.8214e+00
89 +6.989821460e+00 +6.989821460e+00 -9.563017854e+01 -9.563017854e+01 -2.3312e+00 +2.1429e+00 -2.6468e+00 -3.5839e+00 -4.4586e+00
223 +6.256325391e+00 +6.256325391e+00 -9.636367461e+01 -9.636367461e+01 +2.8398e+00 -4.1652e-01 -1.6453e+00 -6.3420e-01 -1.3764e+00
577 +2.534709455e+00 +2.534709455e+00 -1.000852905e+02 -1.000852905e+02 -1.1380e+00 +5.5247e-01 +4.8662e-01 -7.3449e-01 -1.0770e+00
1460 +2.140406630e+00 +2.140406630e+00 -1.004795934e+02 -1.004795934e+02 -1.0677e+00 -1.4630e+00 -1.4288e+00 -1.0747e-01 -1.0068e+00
2200 +8.551412869e-01 +8.551412869e-01 -1.017648587e+02 -1.017648587e+02 +5.4274e-01 -4.2367e-01 +8.9887e-01 -2.8189e+00 -2.4676e+00
2895 +4.066335267e-01 +4.066335267e-01 -1.022133665e+02 -1.022133665e+02 +4.0718e-01 +1.2251e+00 -7.4844e-01 -5.2530e-02 -1.1318e+00
% function evaluation | noise-free fitness - Fopt (2.728300000000e+02) | best noise-free fitness - Fopt | measured fitness | best measured fitness | x1 | x2...
1 +8.319821720e+01 +8.319821720e+01 +3.560282172e+02 +3.560282172e+02 -6.4142e-01 -3.4849e+00 +4.9168e+00 +1.1628e+00 -1.7302e-02
2 +2.231440028e+01 +2.231440028e+01 +2.951444003e+02 +2.951444003e+02 +4.5055e+00 +9.4251e-01 -2.9187e+00 +1.9754e+00 +1.8075e+00
21 +1.315295539e+01 +1.315295539e+01 +2.859829554e+02 +2.859829554e+02 -7.2431e-01 +1.0679e+00 -3.9058e+00 -4.4827e-01 +1.8309e-01
76 +7.371751851e+00 +7.371751851e+00 +2.802017519e+02 +2.802017519e+02 -1.2189e+00 +1.4772e+00 -2.4606e+00 +9.4036e-01 -9.9302e-01
200 +5.042412817e+00 +5.042412817e+00 +2.778724128e+02 +2.778724128e+02 +2.5602e+00 -4.1998e-01 -5.9945e-01 +2.0850e+00 +3.7106e-01
474 +3.395708825e+00 +3.395708825e+00 +2.762257088e+02 +2.762257088e+02 -1.5141e+00 +7.2087e-02 +3.1257e+00 +3.0867e-01 +1.2668e+00
1841 +2.377540011e+00 +2.377540011e+00 +2.752075400e+02 +2.752075400e+02 -3.0592e-01 -7.9039e-02 +2.6789e+00 +1.3366e+00 -2.3616e-01
2192 +1.077039510e+00 +1.077039510e+00 +2.739070395e+02 +2.739070395e+02 -7.2433e-01 -2.0688e-01 -7.8095e-01 +2.2078e+00 +2.4348e-01
4225 +8.616929250e-01 +8.616929250e-01 +2.736916929e+02 +2.736916929e+02 -1.3742e+00 +7.2087e-02 +2.5580e-02 +3.3761e-01 +2.4372e-01
4656 +4.898874612e-01 +4.898874612e-01 +2.733198875e+02 +2.733198875e+02 -1.3743e+00 -4.5542e-01 -5.6819e-01 +9.4864e-01 -2.3628e-01
% function evaluation | noise-free fitness - Fopt (-3.400000000000e+00) | best noise-free fitness - Fopt | measured fitness | best measured fitness | x1 | x2...
1 +4.871738664e+01 +4.871738664e+01 +4.531738664e+01 +4.531738664e+01 -4.3358e+00 +9.5208e-01 -2.7018e+00 -1.4596e+00 +2.9856e+00
3 +2.762809928e+01 +2.762809928e+01 +2.422809928e+01 +2.422809928e+01 +3.5725e+00 -2.9240e-01 +4.6925e+00 +1.8163e+00 +1.1568e+00
5 +1.441249003e+01 +1.441249003e+01 +1.101249003e+01 +1.101249003e+01 -1.5949e+00 -4.6165e+00 -2.6486e+00 +1.3596e+00 -7.1298e-01
69 +9.652927489e+00 +9.652927489e+00 +6.252927489e+00 +6.252927489e+00 -5.1960e-01 -9.0459e-01 +1.4756e+00 -1.4915e+00 +2.7039e+00
285 +5.959570118e+00 +5.959570118e+00 +2.559570118e+00 +2.559570118e+00 +1.5586e+00 +2.7355e+00 +2.7060e+00 +6.5430e-01 -1.6977e+00
364 +1.108500535e+00 +1.108500535e+00 -2.291499465e+00 -2.291499465e+00 -8.1878e-01 +2.4592e+00 +4.6282e+00 -8.9459e-01 -1.4286e+00
% function evaluation | noise-free fitness - Fopt (-1.851700000000e+02) | best noise-free fitness - Fopt | measured fitness | best measured fitness | x1 | x2...
1 +3.044990239e+01 +3.044990239e+01 -1.547200976e+02 -1.547200976e+02 +2.9193e+00 +3.2450e+00 +2.6204e+00 +6.0289e-01 -1.6102e+00
7 +6.962487676e+00 +6.962487676e+00 -1.782075123e+02 -1.782075123e+02 -5.3226e-01 +3.3306e+00 -3.0699e+00 -1.8216e+00 +4.8565e+00
459 +5.942810244e+00 +5.942810244e+00 -1.792271898e+02 -1.792271898e+02 -3.4042e-01 -1.1935e+00 +8.8523e-01 -3.5323e+00 +3.7190e+00
792 +3.324506926e+00 +3.324506926e+00 -1.818454931e+02 -1.818454931e+02 -6.9233e-01 -2.4715e-01 +9.0943e-01 -6.6488e-01 -1.2883e+00
823 +2.082552378e+00 +2.082552378e+00 -1.830874476e+02 -1.830874476e+02 -6.9233e-01 -3.9176e-01 +6.7945e-01 -3.1088e+00 +2.1177e+00
1748 +1.310017416e+00 +1.310017416e+00 -1.838599826e+02 -1.838599826e+02 +1.9539e-01 -1.6307e+00 +8.8523e-01 +9.0135e-01 -2.2213e+00
4126 +7.481802978e-01 +7.481802978e-01 -1.844218197e+02 -1.844218197e+02 -6.9227e-01 -1.3918e+00 -1.0445e+00 -2.5561e-01 -1.0214e+00
% function evaluation | noise-free fitness - Fopt (1.013400000000e+02) | best noise-free fitness - Fopt | measured fitness | best measured fitness | x1 | x2...
1 +3.213951769e+01 +3.213951769e+01 +1.334795177e+02 +1.334795177e+02 -3.2418e+00 +1.1142e-01 +1.6740e+00 +3.3861e+00 -3.2642e+00
3 +2.114309452e+01 +2.114309452e+01 +1.224830945e+02 +1.224830945e+02 +4.9038e-01 +4.7552e-01 -1.6021e+00 +4.2741e-02 -3.2527e+00
9 +9.495409230e+00 +9.495409230e+00 +1.108354092e+02 +1.108354092e+02 -1.5949e+00 -2.5376e+00 +3.1508e-01 +2.4539e+00 +6.1839e-01
112 +5.101664957e+00 +5.101664957e+00 +1.064416650e+02 +1.064416650e+02 -1.7768e+00 -1.3512e+00 +1.0947e-01 +7.3813e-01 -2.9803e+00
531 +3.578247300e+00 +3.578247300e+00 +1.049182473e+02 +1.049182473e+02 +7.1928e-01 +3.3487e-01 -7.8987e-01 -7.2875e-01 -1.4819e+00
842 +1.711883839e+00 +1.711883839e+00 +1.030518838e+02 +1.030518838e+02 +5.1387e-01 +7.4271e-01 -2.5761e-01 -7.8008e-01 +2.0538e-01
1135 +8.895347980e-01 +8.895347980e-01 +1.022295348e+02 +1.022295348e+02 +4.9026e-01 -4.1624e-01 +1.8868e+00 +5.3819e-01 +1.5477e-01
% function evaluation | noise-free fitness - Fopt (-2.400000000000e+00) | best noise-free fitness - Fopt | measured fitness | best measured fitness | x1 | x2...
1 +4.102797778e+01 +4.102797778e+01 +3.862797778e+01 +3.862797778e+01 +2.2374e+00 +3.6922e+00 +3.8052e+00 -1.2939e+00 -2.6355e-02
3 +3.124993158e+01 +3.124993158e+01 +2.884993158e+01 +2.884993158e+01 -1.9631e+00 -2.4562e+00 +9.0974e-01 -4.1786e+00 +3.9134e+00
7 +2.492281899e+01 +2.492281899e+01 +2.252281899e+01 +2.252281899e+01 -1.9669e+00 +4.2222e+00 +2.5750e-01 +7.2097e-01 -2.9757e+00
11 +1.417608474e+01 +1.417608474e+01 +1.177608474e+01 +1.177608474e+01 -2.4846e+00 -1.0611e+00 -1.1809e+00 -1.7293e+00 -1.2857e+00
99 +3.268776561e+00 +3.268776561e+00 +8.687765606e-01 +8.687765606e-01 +1.1974e+00 +9.9970e-01 +2.0328e+00 +1.7833e+00 -3.5957e-01
978 +2.106537158e+00 +2.106537158e+00 -2.934628416e-01 -2.934628416e-01 +5.2195e-01 +4.7422e-01 +4.2257e-01 -4.8936e-01 -5.6172e-01
1078 +1.497703021e+00 +1.497703021e+00 -9.022969791e-01 -9.022969791e-01 -7.4386e-01 +3.1093e+00 -7.1970e-01 +2.1225e+00 -2.8451e-01
3017 +9.914392247e-01 +9.914392247e-01 -1.408560775e+00 -1.408560775e+00 +2.2609e-01 +7.6234e-03 +5.0394e-03 +1.9393e+00 +1.0134e+00
% function evaluation | noise-free fitness - Fopt (-2.778000000000e+01) | best noise-free fitness - Fopt | measured fitness | best measured fitness | x1 | x2...
1 +6.999138753e+01 +6.999138753e+01 +4.221138753e+01 +4.221138753e+01 +4.6066e+00 +2.4655e-01 +1.0133e+00 +4.4306e+00 -1.8933e+00
2 +3.833292096e+01 +3.833292096e+01 +1.055292096e+01 +1.055292096e+01 +1.2574e+00 -4.0273e+00 +1.1005e+00 +1.6384e+00 -3.1072e+00
3 +2.323409256e+01 +2.323409256e+01 -4.545907442e+00 -4.545907442e+00 -8.0085e-01 +4.5731e+00 +4.3068e+00 -2.3618e+00 +2.4047e+00
5 +1.375998457e+01 +1.375998457e+01 -1.402001543e+01 -1.402001543e+01 -3.8006e+00 -2.1335e+00 -4.7767e+00 +8.1938e-01 +4.0718e+00
11 +7.995440096e+00 +7.995440096e+00 -1.978455990e+01 -1.978455990e+01 +6.8486e-01 +1.2174e+00 -9.8381e-01 -5.1055e-01 -1.1464e+00
299 +6.104033503e+00 +6.104033503e+00 -2.167596650e+01 -2.167596650e+01 -9.5696e-01 +1.6316e+00 +3.5023e+00 -1.7045e+00 +6.8671e-01
701 +1.368828354e+00 +1.368828354e+00 -2.641117165e+01 -2.641117165e+01 -1.9677e+00 +1.9985e-01 +3.0272e-01 +1.9506e+00 -1.2530e+00
3282 +8.116177686e-01 +8.116177686e-01 -2.696838223e+01 -2.696838223e+01 +5.3292e-01 -1.7454e+00 -1.5388e+00 -5.1705e-01 -7.5150e-01
