% function evaluation | noise-free fitness - Fopt (-1.025500000000e+02) | best noise-free fitness - Fopt | measured fitness | best measured fitness | x1 | x2...
1 +1.866422551e+01 +1.866422551e+01 -8.388577449e+01 -8.388577449e+01 -3.5983e+00 -4.2255e+00
4 +1.352804935e+00 +1.352804935e+00 -1.011971951e+02 -1.011971951e+02 +3.3403e+00 +1.0551e+00
21 +2.076800068e-01 +2.076800068e-01 -1.023423200e+02 -1.023423200e+02 +4.4277e+00 +1.9254e+00
31 +4.714392918e-02 +4.714392918e-02 -1.025028561e+02 -1.025028561e+02 +6.2113e-03 -1.0963e+00
60 +1.683454487e-05 +1.683454487e-05 -1.025499832e+02 -1.025499832e+02 -1.2309e-01 +7.7708e-01
5813 +5.724863101e-06 +5.724863101e-06 -1.025499943e+02 -1.025499943e+02 -1.3709e-01 +6.8992e-01
6573 +1.458208914e-07 +1.458208914e-07 -1.025499999e+02 -1.025499999e+02 -1.3723e-01 +6.7821e-01
8148 +7.397680690e-08 +7.397680690e-08 -1.025499999e+02 -1.025499999e+02 -1.3560e-01 +6.8959e-01
10493 +6.663142926e-09 +6.663142926e-09 -1.025500000e+02 -1.025500000e+02 -1.3571e-01 +6.9044e-01
% function evaluation | noise-free fitness - Fopt (7.169000000000e+01) | best noise-free fitness - Fopt | measured fitness | best measured fitness | x1 | x2...
1 +1.720270937e+01 +1.720270937e+01 +8.889270937e+01 +8.889270937e+01 -4.5215e-01 -1.9563e+00
7 +1.116021213e+01 +1.116021213e+01 +8.285021213e+01 +8.285021213e+01 +1.7289e+00 -9.4997e-01
11 +8.650056428e+00 +8.650056428e+00 +8.034005643e+01 +8.034005643e+01 -9.3361e-01 +4.1653e+00
13 +3.259056541e+00 +3.259056541e+00 +7.494905654e+01 +7.494905654e+01 -3.0464e+00 +3.5103e+00
20 +1.678478897e+00 +1.678478897e+00 +7.336847890e+01 +7.336847890e+01 +1.1954e+00 +4.0578e+00
72 +1.300427419e+00 +1.300427419e+00 +7.299042742e+01 +7.299042742e+01 +7.5479e-01 +3.0193e+00
97 +7.414475501e-01 +7.414475501e-01 +7.243144755e+01 +7.243144755e+01 -2.0585e+00 +2.3869e+00
145 +1.156422942e-01 +1.156422942e-01 +7.180564229e+01 +7.180564229e+01 -2.1415e+00 +2.2859e+00
1352 +4.101575753e-02 +4.101575753e-02 +7.173101576e+01 +7.173101576e+01 +1.3704e+00 +1.4034e+00
1586 +1.708863622e-02 +1.708863622e-02 +7.170708864e+01 +7.170708864e+01 -2.5776e+00 +2.6100e+00
3420 +3.679688378e-03 +3.679688378e-03 +7.169367969e+01 +7.169367969e+01 -3.8431e-01 +7.1067e-02
4196 +2.847159814e-05 +2.847159814e-05 +7.169002847e+01 +7.169002847e+01 -6.7551e-01 +3.3085e-01
6537 +1.227096305e-06 +1.227096305e-06 +7.169000123e+01 +7.169000123e+01 -6.3969e-01 +2.9543e-01
8278 +2.211724706e-07 +2.211724706e-07 +7.169000022e+01 +7.169000022e+01 -6.4152e-01 +2.9555e-01
10238 +9.953240010e-08 +9.953240010e-08 +7.169000010e+01 +7.169000010e+01 -6.4085e-01 +2.9582e-01
10577 +1.021504659e-09 +1.021504659e-09 +7.169000000e+01 +7.169000000e+01 -6.4091e-01 +2.9551e-01
% function evaluation | noise-free fitness - Fopt (2.140100000000e+02) | best noise-free fitness - Fopt | measured fitness | best measured fitness | x1 | x2...
1 +1.199426110e+01 +1.199426110e+01 +2.260042611e+02 +2.260042611e+02 +3.6840e-01 -2.1747e+00
9 +2.598821911e+00 +2.598821911e+00 +2.166088219e+02 +2.166088219e+02 -1.6679e+00 -8.6745e-02
28 +1.885765458e+00 +1.885765458e+00 +2.158957655e+02 +2.158957655e+02 +3.2372e-01 +1.2786e-01
64 +7.895451889e-01 +7.895451889e-01 +2.147995452e+02 +2.147995452e+02 -3.1690e+00 -1.7187e+00
146 +6.005236806e-01 +6.005236806e-01 +2.146105237e+02 +2.146105237e+02 +0.0000e+00 -4.6876e-01
150 +2.503737427e-01 +2.503737427e-01 +2.142603737e+02 +2.142603737e+02 +0.0000e+00 +0.0000e+00
297 +2.456296769e-02 +2.456296769e-02 +2.140345630e+02 +2.140345630e+02 +0.0000e+00 +2.4062e-01
923 +5.359829828e-03 +5.359829828e-03 +2.140153598e+02 +2.140153598e+02 -7.5927e-01 +8.1552e-01
4645 +6.257106782e-04 +6.257106782e-04 +2.140106257e+02 +2.140106257e+02 -5.2058e-01 +6.6189e-01
5259 +4.038459377e-05 +4.038459377e-05 +2.140100404e+02 +2.140100404e+02 -4.8525e-01 +6.3417e-01
6299 +3.451020075e-05 +3.451020075e-05 +2.140100345e+02 +2.140100345e+02 -4.7594e-01 +6.2772e-01
7132 +1.617400304e-05 +1.617400304e-05 +2.140100162e+02 +2.140100162e+02 -4.1924e-01 +5.8734e-01
9923 +1.311856400e-05 +1.311856400e-05 +2.140100131e+02 +2.140100131e+02 -4.4018e-01 +6.0217e-01
11123 +9.908178242e-07 +9.908178242e-07 +2.140100010e+02 +2.140100010e+02 -4.3732e-01 +5.9847e-01
12108 +4.229520982e-07 +4.229520982e-07 +2.140100004e+02 +2.140100004e+02 -4.0122e-01 +5.7260e-01
12325 +1.339107598e-07 +1.339107598e-07 +2.140100001e+02 +2.140100001e+02 -3.9887e-01 +5.7002e-01
13153 +8.651258554e-08 +8.651258554e-08 +2.140100001e+02 +2.140100001e+02 -3.9941e-01 +5.7051e-01
14749 +6.239852723e-08 +6.239852723e-08 +2.140100001e+02 +2.140100001e+02 -4.0054e-01 +5.7138e-01
15725 +3.970859552e-08 +3.970859552e-08 +2.140100000e+02 +2.140100000e+02 -4.0154e-01 +5.7228e-01
17322 +2.503870178e-08 +2.503870178e-08 +2.140100000e+02 +2.140100000e+02 -4.0275e-01 +5.7313e-01
17332 +1.060229238e-08 +1.060229238e-08 +2.140100000e+02 +2.140100000e+02 -4.0503e-01 +5.7484e-01
17822 +2.301788982e-09 +2.301788982e-09 +2.140100000e+02 +2.140100000e+02 -4.0880e-01 +5.7761e-01
% function evaluation | noise-free fitness - Fopt (-5.848000000000e+01) | best noise-free fitness - Fopt | measured fitness | best measured fitness | x1 | x2...
1 +7.406647188e+00 +7.406647188e+00 -5.107335281e+01 -5.107335281e+01 +2.0945e+00 +3.0232e+00
21 +4.314081142e+00 +4.314081142e+00 -5.416591886e+01 -5.416591886e+01 +1.0661e-01 +1.0532e+00
22 +3.380165573e+00 +3.380165573e+00 -5.509983443e+01 -5.509983443e+01 -2.9084e+00 -3.4435e-01
103 +1.795142932e+00 +1.795142932e+00 -5.668485707e+01 -5.668485707e+01 +2.0475e+00 +1.8753e+00
144 +2.503737427e-01 +2.503737427e-01 -5.822962626e+01 -5.822962626e+01 +0.0000e+00 +0.0000e+00
442 +6.091932781e-02 +6.091932781e-02 -5.841908067e+01 -5.841908067e+01 +8.4420e-01 +1.4826e+00
1128 +3.930464034e-02 +3.930464034e-02 -5.844069536e+01 -5.844069536e+01 -1.1277e-01 +1.1767e-01
1963 +1.776908071e-02 +1.776908071e-02 -5.846223092e+01 -5.846223092e+01 +7.6494e-01 -6.3144e-01
2795 +2.010837602e-03 +2.010837602e-03 -5.847798916e+01 -5.847798916e+01 +2.5737e-01 -3.6657e-01
4505 +1.312135532e-03 +1.312135532e-03 -5.847868786e+01 -5.847868786e+01 +3.0834e-01 -4.0240e-01
4585 +5.381434951e-04 +5.381434951e-04 -5.847946186e+01 -5.847946186e+01 +3.3216e-01 -4.0861e-01
8415 +2.024087163e-04 +2.024087163e-04 -5.847979759e+01 -5.847979759e+01 +3.5318e-01 -4.2180e-01
8492 +3.384512277e-05 +3.384512277e-05 -5.847996615e+01 -5.847996615e+01 +4.0655e-01 -4.5112e-01
8828 +1.861394386e-05 +1.861394386e-05 -5.847998139e+01 -5.847998139e+01 +5.8258e-01 -5.3903e-01
9622 +1.656443409e-06 +1.656443409e-06 -5.847999834e+01 -5.847999834e+01 +5.0942e-01 -5.0396e-01
10372 +6.412240907e-07 +6.412240907e-07 -5.847999936e+01 -5.847999936e+01 +4.7399e-01 -4.8530e-01
11092 +5.623988173e-07 +5.623988173e-07 -5.847999944e+01 -5.847999944e+01 +4.7926e-01 -4.8766e-01
11258 +3.083250988e-08 +3.083250988e-08 -5.847999997e+01 -5.847999997e+01 +4.9873e-01 -4.9789e-01
13552 +5.025349026e-09 +5.025349026e-09 -5.847999999e+01 -5.847999999e+01 +5.0394e-01 -5.0031e-01
% function evaluation | noise-free fitness - Fopt (-6.130800000000e+02) | best noise-free fitness - Fopt | measured fitness | best measured fitness | x1 | x2...
1 +3.411991773e+01 +3.411991773e+01 -5.789600823e+02 -5.789600823e+02 +7.0963e-01 -4.5211e+00
3 +1.142783806e+01 +1.142783806e+01 -6.016521619e+02 -6.016521619e+02 -7.6218e-01 -3.7074e+00
4 +2.559262783e+00 +2.559262783e+00 -6.105207372e+02 -6.105207372e+02 -1.0860e+00 -2.4285e+00
34 +1.027616680e+00 +1.027616680e+00 -6.120523833e+02 -6.120523833e+02 -1.3591e+00 -2.1741e+00
147 +2.503737427e-01 +2.503737427e-01 -6.128296263e+02 -6.128296263e+02 +0.0000e+00 +0.0000e+00
390 +1.095283565e-01 +1.095283565e-01 -6.129704716e+02 -6.129704716e+02 +5.3763e-01 -1.2660e-01
586 +3.779364220e-03 +3.779364220e-03 -6.130762206e+02 -6.130762206e+02 +4.3800e-01 +1.4623e-01
2961 +4.496590769e-04 +4.496590769e-04 -6.130795503e+02 -6.130795503e+02 +5.3465e-01 +2.3550e-01
3701 +1.601198742e-04 +1.601198742e-04 -6.130798399e+02 -6.130798399e+02 +6.4817e-01 +3.4034e-01
6181 +1.119734634e-07 +1.119734634e-07 -6.130799999e+02 -6.130799999e+02 +6.1926e-01 +3.1500e-01
10101 +9.618111108e-08 +9.618111108e-08 -6.130799999e+02 -6.130799999e+02 +6.1930e-01 +3.1512e-01
12166 +5.324977792e-08 +5.324977792e-08 -6.130799999e+02 -6.130799999e+02 +6.2145e-01 +3.1749e-01
12486 +8.781285032e-09 +8.781285032e-09 -6.130800000e+02 -6.130800000e+02 +6.2543e-01 +3.2152e-01
% function evaluation | noise-free fitness - Fopt (-1.852700000000e+02) | best noise-free fitness - Fopt | measured fitness | best measured fitness | x1 | x2...
1 +7.670036797e+00 +7.670036797e+00 -1.775999632e+02 -1.775999632e+02 -2.5879e+00 -2.0101e+00
9 +3.978572100e+00 +3.978572100e+00 -1.812914279e+02 -1.812914279e+02 -2.5429e+00 -4.7951e-01
46 +2.347040345e+00 +2.347040345e+00 -1.829229597e+02 -1.829229597e+02 +1.2541e+00 -5.2499e-01
72 +7.971279943e-01 +7.971279943e-01 -1.844728720e+02 -1.844728720e+02 -3.5473e-01 +4.6276e-01
101 +4.792311775e-01 +4.792311775e-01 -1.847907688e+02 -1.847907688e+02 -8.8619e-01 -1.5448e+00
245 +2.503737427e-01 +2.503737427e-01 -1.850196263e+02 -1.850196263e+02 +0.0000e+00 +0.0000e+00
372 +5.899043413e-02 +5.899043413e-02 -1.852110096e+02 -1.852110096e+02 +6.9745e-01 +3.2233e-01
792 +3.271382671e-02 +3.271382671e-02 -1.852372862e+02 -1.852372862e+02 -1.1720e+00 +2.3401e+00
3168 +1.570792463e-02 +1.570792463e-02 -1.852542921e+02 -1.852542921e+02 -1.1388e+00 +1.2998e+00
% function evaluation | noise-free fitness - Fopt (3.747000000000e+01) | best noise-free fitness - Fopt | measured fitness | best measured fitness | x1 | x2...
1 +1.070054461e+01 +1.070054461e+01 +4.817054461e+01 +4.817054461e+01 +1.3862e+00 -3.9851e+00
8 +7.900440317e+00 +7.900440317e+00 +4.537044032e+01 +4.537044032e+01 +2.0672e+00 +2.6024e+00
11 +4.091411869e+00 +4.091411869e+00 +4.156141187e+01 +4.156141187e+01 +2.2621e+00 +2.0752e+00
12 +2.302335934e+00 +2.302335934e+00 +3.977233593e+01 +3.977233593e+01 -6.6688e-03 +1.0770e+00
40 +2.008986817e-01 +2.008986817e-01 +3.767089868e+01 +3.767089868e+01 +1.0586e+00 +5.1364e-01
592 +1.108798179e-01 +1.108798179e-01 +3.758087982e+01 +3.758087982e+01 +2.0937e+00 +4.5924e+00
760 +3.924614359e-03 +3.924614359e-03 +3.747392461e+01 +3.747392461e+01 -4.5709e-01 +2.8594e-01
2067 +3.178787851e-05 +3.178787851e-05 +3.747003179e+01 +3.747003179e+01 -5.1242e-01 +3.5214e-01
5008 +2.427093058e-05 +2.427093058e-05 +3.747002427e+01 +3.747002427e+01 -5.7296e-01 +4.3327e-01
5208 +5.835590073e-07 +5.835590073e-07 +3.747000058e+01 +3.747000058e+01 -5.5771e-01 +4.1555e-01
9168 +3.740225907e-07 +3.740225907e-07 +3.747000037e+01 +3.747000037e+01 -5.7137e-01 +4.3364e-01
9648 +1.947174439e-07 +1.947174439e-07 +3.747000019e+01 +3.747000019e+01 -5.7483e-01 +4.3968e-01
9956 +2.810691058e-08 +2.810691058e-08 +3.747000003e+01 +3.747000003e+01 -5.6273e-01 +4.2165e-01
11767 +9.319876426e-09 +9.319876426e-09 +3.747000001e+01 +3.747000001e+01 -5.6257e-01 +4.2162e-01
% function evaluation | noise-free fitness - Fopt (-3.944700000000e+02) | best noise-free fitness - Fopt | measured fitness | best measured fitness | x1 | x2...
1 +3.600850388e+01 +3.600850388e+01 -3.584614961e+02 -3.584614961e+02 -4.4781e+00 -8.5856e-01
2 +1.930356310e+01 +1.930356310e+01 -3.751664369e+02 -3.751664369e+02 -4.4999e-01 -3.3022e+00
4 +4.147957337e+00 +4.147957337e+00 -3.903220427e+02 -3.903220427e+02 -2.8873e+00 -1.4451e+00
21 +1.121655106e+00 +1.121655106e+00 -3.933483449e+02 -3.933483449e+02 -1.2258e+00 -1.4669e+00
92 +7.204896618e-01 +7.204896618e-01 -3.937495103e+02 -3.937495103e+02 -1.2460e+00 -1.3376e+00
94 +1.769028100e-01 +1.769028100e-01 -3.942930972e+02 -3.942930972e+02 -1.0236e+00 -9.0316e-01
341 +4.780174712e-02 +4.780174712e-02 -3.944221983e+02 -3.944221983e+02 -1.5922e-02 +1.3248e-01
590 +3.278811237e-02 +3.278811237e-02 -3.944372119e+02 -3.944372119e+02 -9.9869e-01 +1.1587e+00
921 +1.668724194e-02 +1.668724194e-02 -3.944533128e+02 -3.944533128e+02 +1.1030e+00 +6.3869e-01
2156 +4.846659410e-03 +4.846659410e-03 -3.944651533e+02 -3.944651533e+02 +9.6310e-01 +4.0950e-01
5656 +4.375168575e-04 +4.375168575e-04 -3.944695625e+02 -3.944695625e+02 +7.8918e-01 +2.7857e-01
7422 +6.083742824e-05 +6.083742824e-05 -3.944699392e+02 -3.944699392e+02 +7.5149e-01 +2.4531e-01
9290 +9.345806120e-06 +9.345806120e-06 -3.944699907e+02 -3.944699907e+02 +7.3327e-01 +2.3368e-01
10250 +5.853433208e-06 +5.853433208e-06 -3.944699941e+02 -3.944699941e+02 +7.3358e-01 +2.3476e-01
10650 +2.134677345e-06 +2.134677345e-06 -3.944699979e+02 -3.944699979e+02 +7.1403e-01 +2.2156e-01
10690 +1.129704458e-06 +1.129704458e-06 -3.944699989e+02 -3.944699989e+02 +7.0604e-01 +2.1591e-01
10730 +6.534008321e-07 +6.534008321e-07 -3.944699993e+02 -3.944699993e+02 +7.0021e-01 +2.1179e-01
10770 +4.108896405e-07 +4.108896405e-07 -3.944699996e+02 -3.944699996e+02 +6.9597e-01 +2.0879e-01
10810 +2.790634426e-07 +2.790634426e-07 -3.944699997e+02 -3.944699997e+02 +6.9288e-01 +2.0661e-01
10850 +2.032427915e-07 +2.032427915e-07 -3.944699998e+02 -3.944699998e+02 +6.9064e-01 +2.0503e-01
10862 +1.335951652e-07 +1.335951652e-07 -3.944699999e+02 -3.944699999e+02 +6.8736e-01 +2.0273e-01
10867 +3.833343953e-08 +3.833343953e-08 -3.944700000e+02 -3.944700000e+02 +6.7586e-01 +1.9431e-01
12947 +2.060500037e-08 +2.060500037e-08 -3.944700000e+02 -3.944700000e+02 +6.7544e-01 +1.9410e-01
13267 +9.960331226e-09 +9.960331226e-09 -3.944700000e+02 -3.944700000e+02 +6.7613e-01 +1.9462e-01
% function evaluation | noise-free fitness - Fopt (-1.026200000000e+02) | best noise-free fitness - Fopt | measured fitness | best measured fitness | x1 | x2...
1 +1.177237277e+01 +1.177237277e+01 -9.084762723e+01 -9.084762723e+01 +1.8780e+00 -2.3312e+00
2 +3.591698244e+00 +3.591698244e+00 -9.902830176e+01 -9.902830176e+01 +4.8956e-01 +1.8302e+00
15 +8.025591148e-01 +8.025591148e-01 -1.018174409e+02 -1.018174409e+02 -1.1100e-01 +1.3118e+00
92 +9.546408429e-02 +9.546408429e-02 -1.025245359e+02 -1.025245359e+02 -1.1536e+00 +3.3063e+00
288 +2.679756219e-02 +2.679756219e-02 -1.025932024e+02 -1.025932024e+02 -1.4429e-01 +1.3445e+00
1229 +4.502843334e-04 +4.502843334e-04 -1.026195497e+02 -1.026195497e+02 +0.0000e+00 +8.8607e-01
4471 +3.280694348e-04 +3.280694348e-04 -1.026196719e+02 -1.026196719e+02 -1.6495e-03 +9.0142e-01
5511 +2.427178231e-04 +2.427178231e-04 -1.026197573e+02 -1.026197573e+02 +1.9047e-03 +8.8788e-01
5549 +2.319055466e-05 +2.319055466e-05 -1.026199768e+02 -1.026199768e+02 +6.2996e-02 +6.5199e-01
6229 +2.244947524e-06 +2.244947524e-06 -1.026199978e+02 -1.026199978e+02 +6.2480e-02 +6.6263e-01
8868 +1.558396875e-06 +1.558396875e-06 -1.026199984e+02 -1.026199984e+02 +6.0578e-02 +6.6734e-01
9832 +9.183400493e-07 +9.183400493e-07 -1.026199991e+02 -1.026199991e+02 +5.6325e-02 +6.8352e-01
10152 +2.498278064e-07 +2.498278064e-07 -1.026199998e+02 -1.026199998e+02 +5.3932e-02 +6.9677e-01
10444 +1.256060926e-07 +1.256060926e-07 -1.026199999e+02 -1.026199999e+02 +5.0745e-02 +7.0656e-01
10508 +2.863646387e-08 +2.863646387e-08 -1.026200000e+02 -1.026200000e+02 +5.1592e-02 +7.0506e-01
11472 +1.303595809e-08 +1.303595809e-08 -1.026200000e+02 -1.026200000e+02 +5.0799e-02 +7.0719e-01
13632 +8.070060176e-09 +8.070060176e-09 -1.026200000e+02 -1.026200000e+02 +5.2110e-02 +7.0222e-01
% function evaluation | noise-free fitness - Fopt (2.728300000000e+02) | best noise-free fitness - Fopt | measured fitness | best measured fitness | x1 | x2...
1 +9.586472735e+00 +9.586472735e+00 +2.824164727e+02 +2.824164727e+02 +3.3460e+00 +1.6225e+00
8 +1.276745732e+00 +1.276745732e+00 +2.741067457e+02 +2.741067457e+02 -1.7620e+00 -4.6763e+00
18 +4.327913455e-01 +4.327913455e-01 +2.732627913e+02 +2.732627913e+02 -4.0901e-01 -3.1210e-01
41 +2.082382815e-01 +2.082382815e-01 +2.730382383e+02 +2.730382383e+02 -3.1386e-01 +6.4157e-01
45 +1.106280514e-01 +1.106280514e-01 +2.729406281e+02 +2.729406281e+02 -2.5435e+00 +8.5285e-02
152 +6.854712168e-03 +6.854712168e-03 +2.728368547e+02 +2.728368547e+02 +0.0000e+00 -7.2199e-01
504 +3.718679631e-03 +3.718679631e-03 +2.728337187e+02 +2.728337187e+02 -1.3624e-02 -8.1338e-01
1867 +6.142198226e-04 +6.142198226e-04 +2.728306142e+02 +2.728306142e+02 -6.0165e-02 -9.2385e-01
4064 +7.873227332e-06 +7.873227332e-06 +2.728300079e+02 +2.728300079e+02 -7.3565e-03 -7.7112e-01
4994 +6.075409999e-06 +6.075409999e-06 +2.728300061e+02 +2.728300061e+02 -6.1503e-03 -7.6988e-01
5302 +1.858060443e-06 +1.858060443e-06 +2.728300019e+02 +2.728300019e+02 +0.0000e+00 -7.5032e-01
36718 +1.536022125e-06 +1.536022125e-06 +2.728300015e+02 +2.728300015e+02 +1.0483e-03 -7.4607e-01
37013 +8.099588626e-07 +8.099588626e-07 +2.728300008e+02 +2.728300008e+02 +3.7032e-03 -7.3795e-01
37082 +5.395943390e-07 +5.395943390e-07 +2.728300005e+02 +2.728300005e+02 +5.4961e-03 -7.3338e-01
37140 +2.044471898e-07 +2.044471898e-07 +2.728300002e+02 +2.728300002e+02 +7.9596e-03 -7.2502e-01
37222 +6.382174433e-08 +6.382174433e-08 +2.728300001e+02 +2.728300001e+02 +1.0940e-02 -7.1523e-01
37262 +2.465009175e-08 +2.465009175e-08 +2.728300000e+02 +2.728300000e+02 +1.1609e-02 -7.1345e-01
37822 +9.106827292e-09 +9.106827292e-09 +2.728300000e+02 +2.728300000e+02 +1.3043e-02 -7.0872e-01
% function evaluation | noise-free fitness - Fopt (-3.400000000000e+00) | best noise-free fitness - Fopt | measured fitness | best measured fitness | x1 | x2...
1 +1.511210957e+02 +1.511210957e+02 +1.477210957e+02 +1.477210957e+02 -1.7439e+00 +4.5833e+00
2 +2.991249703e+01 +2.991249703e+01 +2.651249703e+01 +2.651249703e+01 -3.6170e-01 -3.3731e+00
3 +4.042662532e+00 +4.042662532e+00 +6.426625320e-01 +6.426625320e-01 -2.5014e+00 -1.5452e+00
5 +2.019438789e+00 +2.019438789e+00 -1.380561211e+00 -1.380561211e+00 +2.5956e+00 -2.2006e+00
29 +1.374584066e+00 +1.374584066e+00 -2.025415934e+00 -2.025415934e+00 +3.8208e+00 +1.0217e+00
58 +1.607536654e-01 +1.607536654e-01 -3.239246335e+00 -3.239246335e+00 +1.3365e+00 +6.1983e-01
232 +7.793848601e-02 +7.793848601e-02 -3.322061514e+00 -3.322061514e+00 -4.4411e-02 +1.6086e-01
247 +1.576459667e-02 +1.576459667e-02 -3.384235403e+00 -3.384235403e+00 -7.7053e-01 -6.2130e-01
2647 +5.807913687e-03 +5.807913687e-03 -3.394192086e+00 -3.394192086e+00 +9.8797e-01 +5.3205e-01
3820 +5.407790873e-04 +5.407790873e-04 -3.399459221e+00 -3.399459221e+00 +3.7168e-01 +3.4625e-01
4007 +2.831558794e-04 +2.831558794e-04 -3.399716844e+00 -3.399716844e+00 +7.5546e-01 +4.7021e-01
6293 +1.190401328e-05 +1.190401328e-05 -3.399988096e+00 -3.399988096e+00 +5.8313e-01 +4.1994e-01
6844 +4.333946624e-07 +4.333946624e-07 -3.399999567e+00 -3.399999567e+00 +5.6220e-01 +4.1120e-01
7964 +2.801602434e-07 +2.801602434e-07 -3.399999720e+00 -3.399999720e+00 +5.5247e-01 +4.0871e-01
8364 +2.337075493e-07 +2.337075493e-07 -3.399999766e+00 -3.399999766e+00 +5.5375e-01 +4.0909e-01
9872 +8.827081288e-08 +8.827081288e-08 -3.399999912e+00 -3.399999912e+00 +5.7440e-01 +4.1527e-01
10192 +3.763319256e-08 +3.763319256e-08 -3.399999962e+00 -3.399999962e+00 +5.8028e-01 +4.1744e-01
13090 +1.883427814e-08 +1.883427814e-08 -3.399999981e+00 -3.399999981e+00 +5.7477e-01 +4.1554e-01
13952 +6.652218332e-09 +6.652218332e-09 -3.399999993e+00 -3.399999993e+00 +5.7530e-01 +4.1577e-01
% function evaluation | noise-free fitness - Fopt (-1.851700000000e+02) | best noise-free fitness - Fopt | measured fitness | best measured fitness | x1 | x2...
1 +2.580064311e+01 +2.580064311e+01 -1.593693569e+02 -1.593693569e+02 +4.8038e+00 -1.8857e+00
3 +1.536187814e+01 +1.536187814e+01 -1.698081219e+02 -1.698081219e+02 +3.1335e+00 +1.2193e+00
9 +2.436708348e+00 +2.436708348e+00 -1.827332917e+02 -1.827332917e+02 -2.3993e+00 -2.4274e+00
52 +3.792395943e-01 +3.792395943e-01 -1.847907604e+02 -1.847907604e+02 -4.0648e+00 -1.5442e+00
70 +2.452935466e-01 +2.452935466e-01 -1.849247065e+02 -1.849247065e+02 +3.5822e-01 +2.2685e-01
273 +1.505520351e-01 +1.505520351e-01 -1.850194480e+02 -1.850194480e+02 +3.5393e-02 -8.4583e-01
611 +5.323299064e-06 +5.323299064e-06 -1.851699947e+02 -1.851699947e+02 -4.4393e-01 +6.0973e-01
5476 +1.039081212e-07 +1.039081212e-07 -1.851699999e+02 -1.851699999e+02 -3.9500e-01 +5.7424e-01
11036 +6.614172321e-08 +6.614172321e-08 -1.851699999e+02 -1.851699999e+02 -3.9483e-01 +5.7441e-01
11996 +5.979447337e-08 +5.979447337e-08 -1.851699999e+02 -1.851699999e+02 -3.9495e-01 +5.7438e-01
12840 +2.638594765e-08 +2.638594765e-08 -1.851700000e+02 -1.851700000e+02 -3.9920e-01 +5.7748e-01
13512 +6.927422191e-09 +6.927422191e-09 -1.851700000e+02 -1.851700000e+02 -4.0260e-01 +5.8005e-01
% function evaluation | noise-free fitness - Fopt (1.013400000000e+02) | best noise-free fitness - Fopt | measured fitness | best measured fitness | x1 | x2...
1 +4.709247500e+01 +4.709247500e+01 +1.484324750e+02 +1.484324750e+02 -2.6949e+00 +4.1506e+00
2 +4.239377373e+00 +4.239377373e+00 +1.055793774e+02 +1.055793774e+02 -4.2852e+00 -2.6787e+00
20 +3.099460302e+00 +3.099460302e+00 +1.044394603e+02 +1.044394603e+02 +3.3103e+00 -1.1771e+00
51 +1.589833109e+00 +1.589833109e+00 +1.029298331e+02 +1.029298331e+02 -6.6789e-01 -1.8582e+00
68 +8.444194386e-01 +8.444194386e-01 +1.021844194e+02 +1.021844194e+02 +1.8323e-01 -4.5030e-01
117 +4.987475950e-01 +4.987475950e-01 +1.018387476e+02 +1.018387476e+02 +0.0000e+00 -3.5325e-01
121 +2.503737427e-01 +2.503737427e-01 +1.015903737e+02 +1.015903737e+02 +0.0000e+00 +0.0000e+00
162 +1.334282216e-01 +1.334282216e-01 +1.014734282e+02 +1.014734282e+02 +1.0536e-01 -1.5400e-01
421 +8.791123379e-02 +8.791123379e-02 +1.014279112e+02 +1.014279112e+02 -6.5453e-01 -1.5802e+00
742 +4.191222194e-02 +4.191222194e-02 +1.013819122e+02 +1.013819122e+02 +0.0000e+00 -7.3718e-01
1006 +1.611394703e-02 +1.611394703e-02 +1.013561139e+02 +1.013561139e+02 -2.0212e-01 +4.2343e-01
1686 +1.577479203e-03 +1.577479203e-03 +1.013415775e+02 +1.013415775e+02 -2.2839e-01 +4.3615e-01
2158 +4.137426873e-04 +4.137426873e-04 +1.013404137e+02 +1.013404137e+02 -3.8350e-01 +5.4313e-01
5743 +3.408004517e-06 +3.408004517e-06 +1.013400034e+02 +1.013400034e+02 -4.3148e-01 +5.8135e-01
9257 +2.005369879e-07 +2.005369879e-07 +1.013400002e+02 +1.013400002e+02 -4.0346e-01 +5.6293e-01
9777 +5.800603731e-08 +5.800603731e-08 +1.013400001e+02 +1.013400001e+02 -4.0856e-01 +5.6644e-01
11057 +2.056987114e-08 +2.056987114e-08 +1.013400000e+02 +1.013400000e+02 -4.1094e-01 +5.6801e-01
12173 +1.136270100e-08 +1.136270100e-08 +1.013400000e+02 +1.013400000e+02 -4.1855e-01 +5.7335e-01
13117 +8.174083632e-09 +8.174083632e-09 +1.013400000e+02 +1.013400000e+02 -4.1782e-01 +5.7284e-01
% function evaluation | noise-free fitness - Fopt (-2.400000000000e+00) | best noise-free fitness - Fopt | measured fitness | best measured fitness | x1 | x2...
1 +4.187304762e+00 +4.187304762e+00 +1.787304762e+00 +1.787304762e+00 +8.8227e-01 -1.1048e+00
38 +2.661982611e+00 +2.661982611e+00 +2.619826113e-01 +2.619826113e-01 -2.2170e+00 -2.0427e+00
44 +1.145688203e+00 +1.145688203e+00 -1.254311797e+00 -1.254311797e+00 -2.0397e+00 -4.4385e-01
110 +2.071400414e-01 +2.071400414e-01 -2.192859959e+00 -2.192859959e+00 -1.9549e-01 +0.0000e+00
123 +9.615902061e-02 +9.615902061e-02 -2.303840979e+00 -2.303840979e+00 +2.1116e-01 +8.2946e-01
220 +1.571367532e-02 +1.571367532e-02 -2.384286325e+00 -2.384286325e+00 +4.4979e-01 +8.4064e-01
871 +8.940800782e-03 +8.940800782e-03 -2.391059199e+00 -2.391059199e+00 +4.5031e-01 +7.1991e-01
1294 +4.266882777e-04 +4.266882777e-04 -2.399573312e+00 -2.399573312e+00 +4.2246e-01 +6.8946e-01
3971 +8.883412826e-05 +8.883412826e-05 -2.399911166e+00 -2.399911166e+00 +3.4688e-01 +6.2115e-01
4726 +1.166219401e-05 +1.166219401e-05 -2.399988338e+00 -2.399988338e+00 +2.9139e-01 +5.6557e-01
7332 +4.657167203e-07 +4.657167203e-07 -2.399999534e+00 -2.399999534e+00 +3.2681e-01 +5.9924e-01
10403 +3.893718734e-07 +3.893718734e-07 -2.399999611e+00 -2.399999611e+00 +3.2769e-01 +5.9991e-01
10820 +2.349845118e-08 +2.349845118e-08 -2.399999977e+00 -2.399999977e+00 +3.4164e-01 +6.1269e-01
11340 +1.388513837e-08 +1.388513837e-08 -2.399999986e+00 -2.399999986e+00 +3.4227e-01 +6.1315e-01
12558 +8.519018380e-09 +8.519018380e-09 -2.399999991e+00 -2.399999991e+00 +3.4303e-01 +6.1386e-01
% function evaluation | noise-free fitness - Fopt (-2.778000000000e+01) | best noise-free fitness - Fopt | measured fitness | best measured fitness | x1 | x2...
1 +3.182367470e+01 +3.182367470e+01 +4.043674701e+00 +4.043674701e+00 -1.7491e+00 +3.5335e+00
3 +2.090407307e+01 +2.090407307e+01 -6.875926929e+00 -6.875926929e+00 -4.0522e+00 -2.6127e+00
6 +8.814802633e+00 +8.814802633e+00 -1.896519737e+01 -1.896519737e+01 -2.6611e+00 -2.9222e-01
16 +1.806900281e+00 +1.806900281e+00 -2.597309972e+01 -2.597309972e+01 -3.3475e+00 -3.6761e+00
44 +7.989137450e-01 +7.989137450e-01 -2.698108626e+01 -2.698108626e+01 -4.2415e-01 +1.4680e+00
96 +2.111548326e-01 +2.111548326e-01 -2.756884517e+01 -2.756884517e+01 +1.5855e-01 +0.0000e+00
134 +9.227436617e-03 +9.227436617e-03 -2.777077256e+01 -2.777077256e+01 +2.8754e-01 -3.5535e-01
1108 +4.064288122e-04 +4.064288122e-04 -2.777959357e+01 -2.777959357e+01 +2.9621e-01 -4.2913e-01
3875 +8.041407673e-05 +8.041407673e-05 -2.777991959e+01 -2.777991959e+01 +3.0891e-01 -5.0245e-01
6534 +3.264208438e-06 +3.264208438e-06 -2.777999674e+01 -2.777999674e+01 +3.2507e-01 -5.8076e-01
6761 +2.116621744e-06 +2.116621744e-06 -2.777999788e+01 -2.777999788e+01 +3.3935e-01 -6.7086e-01
9644 +9.305256015e-07 +9.305256015e-07 -2.777999907e+01 -2.777999907e+01 +3.2742e-01 -5.9564e-01
9841 +3.149538870e-07 +3.149538870e-07 -2.777999969e+01 -2.777999969e+01 +3.3514e-01 -6.4215e-01
10409 +2.379195507e-09 +2.379195507e-09 -2.778000000e+01 -2.778000000e+01 +3.3205e-01 -6.2502e-01
