% function evaluation | noise-free fitness - Fopt (-4.620900000000e+02) | best noise-free fitness - Fopt | measured fitness | best measured fitness | x1 | x2...
1 +4.589005777e+03 +4.589005777e+03 +4.126915777e+03 +4.126915777e+03 -3.6927e+00 +4.6025e+00 -3.0810e+00 +1.9472e+00 -4.7671e+00 +5.7189e-01 +3.7911e+00 +4.1253e+00 -3.9811e+00 +2.3239e+00 +1.8621e+00 +2.5950e+00 +4.0815e+00 -4.1971e+00 -2.3882e+00 +3.2183e+00 -2.4291e+00 -6.6171e-01 +2.4484e+00 -3.3897e+00
3 +6.120902963e+02 +6.120902963e+02 +1.500002963e+02 +1.500002963e+02 -1.5702e-01 -4.3628e+00 +2.7049e+00 -3.3629e+00 -3.2936e+00 +1.7765e+00 -1.8334e+00 +3.2837e+00 +2.1043e+00 -1.0787e+00 -4.4413e+00 -2.1662e+00 -4.2712e+00 -4.1414e+00 -4.1033e+00 -2.9353e+00 -1.5817e+00 +4.1117e-01 -3.2295e+00 +4.5505e-02
263 +3.791866228e+02 +3.791866228e+02 -8.290337716e+01 -8.290337716e+01 +2.2778e-01 -3.2840e+00 -8.3106e-01 -2.5113e+00 -1.5469e+00 +9.6093e-01 +3.5423e+00 +1.7825e+00 +3.1799e+00 +5.8861e-01 -3.1206e+00 -3.8759e+00 -1.3624e+00 -5.0000e+00 -2.8913e+00 -3.8883e+00 +1.3288e+00 +1.8856e+00 -3.7544e+00 +2.5031e+00
556 +2.179376624e+02 +2.179376624e+02 -2.441523376e+02 -2.441523376e+02 -1.5769e-01 -7.2555e-01 -4.5977e-01 -2.0538e+00 +1.0120e+00 +2.8788e+00 +3.6219e+00 +1.6657e+00 +1.1841e+00 +6.5331e-01 -2.1842e+00 -4.5321e+00 +3.3243e-01 -5.0000e+00 -2.0797e+00 -4.3165e+00 +4.8746e-01 +2.1832e+00 -2.1879e+00 +2.1318e+00
1533 +1.393888113e+02 +1.393888113e+02 -3.227011887e+02 -3.227011887e+02 -1.2330e+00 -4.2288e-01 +3.0659e-01 -9.4190e-01 +9.5919e-01 +2.2342e+00 +3.8134e+00 +1.9899e+00 +2.0559e+00 -1.0590e+00 -2.2572e+00 -4.2130e+00 -1.1369e+00 -4.6616e+00 -1.3339e+00 -3.0608e+00 -3.9102e-01 +2.5639e+00 -2.2179e+00 +1.1114e+00
5304 +9.609783011e+01 +9.609783011e+01 -3.659921699e+02 -3.659921699e+02 -1.3783e+00 -6.6202e-01 +5.2495e-01 -1.9883e-01 +9.5216e-01 +2.1619e+00 +3.9700e+00 +1.9124e+00 +3.0584e+00 -1.0206e+00 -3.3431e+00 -4.3103e+00 -5.2939e-01 -4.6394e+00 -1.3486e+00 -3.4840e+00 +4.4922e-01 +3.3791e+00 -2.0637e+00 +1.8055e+00
9944 +6.258825833e+01 +6.258825833e+01 -3.995017417e+02 -3.995017417e+02 -1.3459e+00 -7.4140e-01 +5.7229e-01 -1.4269e-01 +9.6319e-01 +2.1761e+00 +4.0091e+00 +1.9043e+00 +2.4349e+00 -1.0399e+00 -3.3091e+00 -4.4001e+00 -5.5454e-01 -3.4750e+00 -1.3937e+00 -3.4888e+00 -6.8524e-01 +3.3921e+00 -2.5024e+00 +1.8090e+00
13969 +3.750828916e+01 +3.750828916e+01 -4.245817108e+02 -4.245817108e+02 -1.3549e+00 +5.3361e-01 +5.6490e-01 -1.5049e-01 +9.0035e-01 +2.1900e+00 +3.7752e+00 +1.9045e+00 +2.4727e+00 -1.0338e+00 -3.2707e+00 -4.2795e+00 -5.4748e-01 -2.9464e+00 -1.3935e+00 -3.4631e+00 -3.4552e-01 +3.3529e+00 -2.4474e+00 +1.8243e+00
19058 +2.510603098e+01 +2.510603098e+01 -4.369839690e+02 -4.369839690e+02 -1.3460e+00 +1.3330e+00 +5.6846e-01 -1.4578e-01 +8.8227e-01 +2.1693e+00 +3.2867e+00 +1.8949e+00 +2.3746e+00 -1.0461e+00 -3.2902e+00 -4.3401e+00 -6.0794e-01 -2.9664e+00 -1.3962e+00 -3.4691e+00 -3.3468e-01 +3.3628e+00 -2.4332e+00 +1.8186e+00
32822 +1.572426570e+01 +1.572426570e+01 -4.463657343e+02 -4.463657343e+02 -1.3548e+00 +2.2924e+00 +5.6707e-01 -1.4494e-01 +2.2930e+00 +2.1807e+00 +3.2098e+00 +1.8852e+00 +2.3818e+00 +4.0394e-02 -3.3522e+00 -4.3096e+00 -6.2171e-01 -2.9687e+00 -1.3804e+00 -3.4723e+00 -3.4212e-01 +3.3652e+00 -2.4339e+00 +1.8202e+00
% function evaluation | noise-free fitness - Fopt (7.766000000000e+01) | best noise-free fitness - Fopt | measured fitness | best measured fitness | x1 | x2...
1 +2.067561812e+03 +2.067561812e+03 +2.145221812e+03 +2.145221812e+03 +2.6651e-01 -2.5775e+00 -4.4826e+00 +1.4777e-02 -2.7255e+00 -3.8046e+00 -1.1329e+00 +8.5782e-01 -7.5349e-01 -9.8129e-01 -2.1954e+00 +2.6311e+00 +5.5061e-01 -4.0779e-02 -4.4644e+00 +2.8304e+00 -2.9734e+00 +3.2789e+00 +3.3916e+00 -9.4107e-01
3 +1.400242083e+03 +1.400242083e+03 +1.477902083e+03 +1.477902083e+03 -4.3978e+00 -4.4436e+00 +1.5655e-01 +1.1477e+00 +4.9203e+00 -2.9307e-01 +2.5875e-01 -1.7689e+00 -2.5883e-01 -2.3595e+00 +1.2316e+00 -2.5384e+00 +3.8035e+00 +2.7660e+00 -3.4865e+00 -3.5607e+00 -3.4303e+00 +1.3550e+00 +2.1291e+00 -3.3791e+00
52 +4.282481823e+02 +4.282481823e+02 +5.059081823e+02 +5.059081823e+02 -1.7682e+00 -2.8630e+00 +6.8006e-01 +5.0000e+00 -2.4840e+00 -2.1533e+00 +1.4546e+00 -2.2539e+00 -1.3761e+00 -4.1811e+00 -1.0880e+00 -8.3232e-01 +1.4258e+00 -1.0400e+00 -1.2386e+00 -1.6271e-01 -3.1254e+00 -1.2817e+00 +2.6185e+00 -4.1173e+00
220 +3.976943132e+02 +3.976943132e+02 +4.753543132e+02 +4.753543132e+02 -6.0395e-01 -2.8939e+00 -9.4346e-01 +4.6566e+00 -4.7506e+00 -2.6464e+00 +1.2302e+00 +2.9701e-01 -4.0907e-01 -2.8823e-01 +1.3420e+00 +1.9079e+00 +2.2884e-01 -1.4508e+00 -3.4499e+00 -2.7143e+00 -6.1614e-01 -2.5929e+00 +2.7760e+00 -3.9540e+00
1006 +2.471738730e+02 +2.471738730e+02 +3.248338730e+02 +3.248338730e+02 +1.0897e-01 -3.3207e-01 -1.3456e+00 +4.9146e+00 -1.8293e+00 -1.2201e+00 +7.9829e-01 +3.8155e-01 +1.8644e+00 -3.3870e+00 +2.6861e+00 -1.2457e+00 -6.8784e-01 -2.5524e+00 -2.7097e+00 -1.9083e-01 -5.8686e-01 -1.0346e+00 +3.2804e+00 -2.8263e+00
1800 +1.454623484e+02 +1.454623484e+02 +2.231223484e+02 +2.231223484e+02 +5.0000e+00 +9.1790e-03 -2.0467e+00 +4.9995e+00 -7.4136e-01 -1.2681e+00 +4.1660e-02 +1.3385e-01 -4.0950e-01 -4.4188e+00 +2.9018e+00 +3.9787e-01 -1.9218e-01 -1.7783e+00 -3.3404e+00 +1.7282e+00 -6.4829e-01 -3.0686e+00 +3.5419e+00 -3.6085e+00
3124 +9.596119768e+01 +9.596119768e+01 +1.736211977e+02 +1.736211977e+02 +3.4035e+00 +3.9815e-02 +5.4903e-01 +4.9642e+00 -3.7922e-01 -1.2891e+00 +1.2167e+00 +1.2663e-01 +6.0290e-01 -4.2881e+00 +3.5866e+00 +1.6206e-01 -2.0227e-01 -2.0766e+00 -3.1378e+00 +1.3008e+00 -2.4415e-01 -2.7345e+00 +3.4422e+00 -3.7950e+00
5042 +6.233621485e+01 +6.233621485e+01 +1.399962148e+02 +1.399962148e+02 +3.4217e+00 +3.9318e-02 +5.8129e-01 +4.9655e+00 -1.6032e+00 -1.3082e+00 +1.2833e+00 +1.2953e-01 +7.9403e-01 -4.1437e+00 +2.9639e+00 +1.8562e-01 -1.7067e-01 -2.0571e+00 -3.1666e+00 +1.3394e+00 -2.4207e-01 -2.3095e+00 +3.4290e+00 -3.7773e+00
6777 +3.949022733e+01 +3.949022733e+01 +1.171502273e+02 +1.171502273e+02 +3.3785e+00 +9.6606e-02 -3.4826e-01 +5.0000e+00 -1.6837e+00 -1.2598e+00 +1.4031e+00 +8.2883e-02 +8.0749e-01 -3.8549e+00 +2.9863e+00 +1.1348e-01 -1.7015e-01 -2.0947e+00 -3.2613e+00 +1.3624e+00 -2.4730e-01 -1.9995e+00 +3.5106e+00 -3.7604e+00
12468 +2.510785246e+01 +2.510785246e+01 +1.027678525e+02 +1.027678525e+02 +3.3890e+00 -8.4400e-01 -3.4316e-01 +5.0000e+00 -1.5952e+00 -1.2591e+00 +1.3759e+00 +9.0331e-02 +8.1451e-01 -3.8574e+00 +2.9492e+00 +1.2411e-01 -1.7866e-01 -2.0528e+00 -3.2295e+00 +1.3452e+00 -2.8865e-01 -2.7456e+00 +3.5053e+00 -3.7607e+00
% function evaluation | noise-free fitness - Fopt (1.156800000000e+02) | best noise-free fitness - Fopt | measured fitness | best measured fitness | x1 | x2...
1 +3.147610826e+03 +3.147610826e+03 +3.263290826e+03 +3.263290826e+03 -1.5987e+00 -1.7364e+00 +3.4272e+00 +1.9085e-01 -2.3073e+00 -1.5422e+00 -2.4770e-04 -2.0177e+00 -7.9827e-01 +2.1070e-01 +2.7214e+00 -3.9676e+00 +1.4456e+00 +5.2369e-01 -1.1050e+00 +4.3878e+00 -2.4067e+00 -2.1983e+00 -4.8947e+00 +4.4022e+00
3 +2.119915259e+03 +2.119915259e+03 +2.235595259e+03 +2.235595259e+03 -4.7496e+00 -8.9492e-02 +3.4912e+00 -2.5282e+00 +1.1450e+00 +1.1916e+00 +4.5439e+00 +4.3765e-01 -4.1828e+00 +2.4392e+00 +3.1504e+00 +3.3100e+00 +1.9113e+00 +1.1339e+00 -1.8299e+00 +4.1907e+00 -4.9324e+00 +3.3417e+00 -1.8842e+00 -1.4525e+00
7 +1.308011464e+03 +1.308011464e+03 +1.423691464e+03 +1.423691464e+03 -1.8990e+00 -3.0536e+00 +1.0087e+00 +2.7754e+00 -1.1806e+00 -7.9160e-01 -4.7710e+00 +4.7322e+00 -3.2427e+00 +3.0434e+00 +4.9982e+00 -1.8990e+00 -7.4693e-01 +4.8598e+00 +2.3032e+00 +2.1566e+00 +2.6589e+00 +4.7417e+00 -1.2068e+00 -2.9116e+00
27 +8.381378096e+02 +8.381378096e+02 +9.538178096e+02 +9.538178096e+02 -3.4148e+00 +8.0266e-01 -2.8630e+00 +4.5724e+00 +1.1140e+00 +3.0391e+00 -9.5081e-01 +3.0146e+00 -3.1072e+00 -2.3196e-01 +1.4109e+00 -2.9335e+00 -3.6134e+00 +1.1632e+00 +1.3688e+00 +2.4723e+00 -4.2268e+00 +3.8451e+00 +4.8233e-01 +9.3819e-01
118 +5.204826416e+02 +5.204826416e+02 +6.361626416e+02 +6.361626416e+02 +3.8649e+00 +1.3548e+00 +0.0000e+00 +3.9388e+00 -1.3699e+00 -1.4804e+00 -2.6291e+00 +8.3435e-01 -5.0000e+00 +1.6428e-01 +3.7741e+00 -1.4167e+00 -2.4614e+00 +3.0676e+00 +1.1901e+00 +1.3184e+00 -8.1647e-01 +3.6890e+00 +4.9362e-01 -1.3228e+00
295 +3.661676127e+02 +3.661676127e+02 +4.818476127e+02 +4.818476127e+02 +5.4124e-01 +3.5701e-01 -3.5002e-01 +4.8409e+00 -2.1640e+00 -2.0885e+00 -2.1733e+00 -2.5326e+00 -5.0000e+00 -1.5985e+00 +3.1819e+00 -1.2686e+00 -5.0000e+00 -6.7422e-02 -2.8627e+00 +1.0751e+00 -3.4574e-01 +5.0000e+00 +1.3959e+00 -2.5835e-01
765 +2.252089315e+02 +2.252089315e+02 +3.408889315e+02 +3.408889315e+02 +1.0725e+00 -6.5094e-01 -7.9731e-01 +4.8806e+00 -1.9729e+00 -2.4817e+00 -2.2057e+00 +2.3260e+00 -5.0000e+00 -1.2499e+00 +4.3829e+00 -1.1309e+00 -4.3631e+00 +2.7756e-01 -2.6506e+00 +5.8179e-02 +3.7622e-01 +4.7774e+00 +1.8767e+00 -2.0159e+00
1592 +1.453288415e+02 +1.453288415e+02 +2.610088415e+02 +2.610088415e+02 -2.4143e+00 -2.9397e+00 -6.3398e-01 +4.9221e+00 -1.5099e+00 -1.9196e+00 -2.2036e+00 +2.3130e+00 -5.0000e+00 -1.8851e+00 +3.7612e+00 -1.3382e+00 -4.3252e+00 +7.6374e-01 -1.9395e+00 +5.5402e-01 +3.5969e-02 +4.6973e+00 +2.3831e+00 -1.6852e+00
4778 +8.609214200e+01 +8.609214200e+01 +2.017721420e+02 +2.017721420e+02 -2.2445e+00 -2.7779e+00 -6.8757e-01 +4.9165e+00 -1.9861e+00 -1.9458e+00 -2.2346e+00 +3.5262e+00 -5.0000e+00 -1.9797e+00 +3.8324e+00 -9.5006e-01 -4.3190e+00 +6.8263e-01 -1.5511e+00 +5.2058e-01 -5.2337e-02 +4.6118e+00 +3.0891e+00 -1.1903e+00
12369 +6.295150362e+01 +6.295150362e+01 +1.786315036e+02 +1.786315036e+02 -2.1670e+00 -2.7613e+00 -6.4400e-01 +4.9166e+00 -1.9758e+00 -1.9140e+00 -2.3191e+00 +2.3628e+00 -5.0000e+00 -1.9690e+00 +3.7997e+00 -7.0992e-01 -4.3488e+00 +6.6497e-01 -1.5925e+00 +5.3733e-01 -3.9450e-02 +4.6596e+00 +3.1142e+00 -5.6431e-01
27975 +3.923082589e+01 +3.923082589e+01 +1.549108259e+02 +1.549108259e+02 -2.1970e+00 -2.7685e+00 -6.8150e-01 +4.8409e+00 -1.9316e+00 -1.8664e+00 -3.5445e+00 +2.3592e+00 -5.0000e+00 -1.9545e+00 +3.2484e+00 -2.3024e+00 -3.3669e+00 +6.6553e-01 -1.5943e+00 +5.4902e-01 -2.5167e-03 +4.6573e+00 +3.1206e+00 -9.1776e-01
% function evaluation | noise-free fitness - Fopt (-3.710000000000e+00) | best noise-free fitness - Fopt | measured fitness | best measured fitness | x1 | x2...
1 +3.773459309e+03 +3.773459309e+03 +3.769749309e+03 +3.769749309e+03 -2.3848e+00 +4.1084e-01 +7.7134e-01 -4.6914e+00 -1.1732e+00 +2.2347e+00 +2.9225e+00 +3.3199e+00 +2.8152e-01 -2.9296e+00 -2.6472e+00 -3.6104e+00 -2.0605e+00 -2.4958e+00 +3.7344e-01 +4.6698e+00 +2.4720e+00 -2.4701e+00 +2.5241e-01 -3.7221e+00
2 +9.834412866e+02 +9.834412866e+02 +9.797312866e+02 +9.797312866e+02 +4.1726e-01 -2.3822e+00 +6.2991e-01 +2.6083e+00 -3.3437e+00 +4.7785e+00 -4.3494e-01 -4.7198e+00 -2.7376e+00 +2.7847e+00 +1.2233e+00 +1.8937e+00 -4.9817e-01 -1.7801e+00 -1.6136e+00 +1.6737e+00 -1.3960e+00 +1.5631e-01 +3.1977e+00 -1.4135e+00
49 +6.299033034e+02 +6.299033034e+02 +6.261933034e+02 +6.261933034e+02 +4.1512e+00 +4.6883e+00 +2.5428e+00 -2.4386e+00 -1.9287e+00 -4.0923e+00 -4.1812e-01 -1.0646e+00 -8.4674e-01 +9.3699e-01 +4.5975e+00 +6.3175e-01 +3.7359e+00 +1.6500e+00 -4.7382e-01 -1.8352e+00 +1.9011e+00 -8.4188e-01 +2.9148e+00 -2.8113e+00
298 +3.451040798e+02 +3.451040798e+02 +3.413940798e+02 +3.413940798e+02 -5.6660e-01 +3.4965e-01 +1.7510e+00 +2.2553e+00 +1.0308e+00 +5.0000e+00 -5.0278e-01 -3.1206e+00 -2.3765e-01 -4.5578e-01 +0.0000e+00 +3.4364e-01 +4.3041e+00 -3.5764e+00 +1.4058e+00 -2.0793e+00 +2.2676e+00 +2.9937e+00 +3.8453e+00 -1.8504e+00
736 +2.378406350e+02 +2.378406350e+02 +2.341306350e+02 +2.341306350e+02 +1.0808e+00 -9.6025e-01 +4.1075e+00 +2.9590e+00 +3.1599e+00 +4.8907e+00 +1.6803e-01 -2.1033e+00 -2.3138e+00 +4.5534e-01 +3.6636e+00 +2.3055e+00 +5.0000e+00 -1.3156e+00 +3.0855e-01 -4.4342e+00 +9.9478e-01 +2.6384e+00 +3.4793e+00 -4.5106e+00
2116 +1.450386362e+02 +1.450386362e+02 +1.413286362e+02 +1.413286362e+02 +2.0965e+00 -3.2457e+00 +3.6479e+00 +2.1690e+00 +3.1841e+00 +4.8734e+00 +1.2802e-01 -2.8933e+00 -2.9267e+00 -4.5326e-01 +4.8219e+00 +1.3261e+00 +5.0000e+00 -1.5967e+00 +4.3904e-01 -3.2504e+00 +2.0264e+00 +1.8423e+00 +3.1325e+00 -3.4857e+00
4542 +9.660522148e+01 +9.660522148e+01 +9.289522148e+01 +9.289522148e+01 +3.0599e+00 -3.2595e+00 +3.6519e+00 +2.3058e+00 +3.9691e+00 +4.9363e+00 +1.6350e-01 -2.4342e+00 -3.0549e+00 -7.9663e-01 +4.7950e+00 +1.0557e+00 +4.9995e+00 -1.7789e+00 +4.6728e-01 -3.3331e+00 +1.9737e+00 +1.8414e+00 +2.8752e+00 -2.5966e+00
6234 +6.174740602e+01 +6.174740602e+01 +5.803740602e+01 +5.803740602e+01 +3.1390e+00 -3.2480e+00 +3.7249e+00 +2.3033e+00 +4.0157e+00 +4.9755e+00 +1.2186e-01 -1.2847e+00 -3.0741e+00 -3.8961e-01 +4.7923e+00 +1.0326e+00 +4.9951e+00 -1.6936e+00 +5.1797e-01 -3.2500e+00 +1.9627e+00 +1.5926e+00 +3.2016e+00 -2.8317e+00
10216 +3.930964791e+01 +3.930964791e+01 +3.559964791e+01 +3.559964791e+01 +3.1775e+00 -3.2609e+00 +3.6169e+00 +2.3544e+00 +3.9943e+00 +4.9891e+00 +1.6471e-01 -1.3864e+00 -3.0163e+00 +3.4589e-02 +4.7902e+00 +1.0395e+00 +4.9956e+00 -1.6956e+00 +5.1701e-01 -3.2770e+00 +1.9360e+00 +1.5288e+00 +3.2198e+00 -2.8665e+00
% function evaluation | noise-free fitness - Fopt (1.321800000000e+02) | best noise-free fitness - Fopt | measured fitness | best measured fitness | x1 | x2...
1 +7.087635347e+02 +7.087635347e+02 +8.409435347e+02 +8.409435347e+02 -3.6480e+00 +6.8912e-01 +2.8860e+00 +1.9748e+00 -3.4498e+00 -1.7154e+00 -3.0654e+00 -3.6054e+00 -1.6102e+00 +2.6098e+00 -3.0252e+00 +3.6376e+00 -2.4542e+00 +5.8127e-02 -5.0661e-02 -3.1895e+00 +1.3925e+00 +2.0285e+00 -6.2063e-01 +3.3697e-01
45 +5.193725347e+02 +5.193725347e+02 +6.515525347e+02 +6.515525347e+02 -5.0000e+00 +1.6308e+00 +5.0000e+00 -1.0309e+00 -4.3638e+00 -1.8676e+00 -7.7953e-02 -3.8076e+00 +1.0264e+00 +3.7414e+00 -2.2001e+00 +2.8331e+00 -1.9738e+00 +4.3616e-01 -2.3122e+00 -7.2202e-01 +3.9794e+00 +2.8210e+00 -1.6828e+00 +3.2877e-01
60 +3.811062365e+02 +3.811062365e+02 +5.132862365e+02 +5.132862365e+02 -1.9089e+00 +6.2743e-01 -3.4654e+00 -2.7428e+00 -2.8637e+00 +2.6438e-01 -5.9841e-01 -4.9177e-01 -2.3942e+00 +1.2784e+00 +3.2308e-01 +5.0000e+00 -9.5068e-01 +1.5080e+00 -4.2786e+00 +1.2386e+00 +1.3042e+00 +3.7094e+00 -1.6825e-01 -1.1709e+00
425 +2.308294388e+02 +2.308294388e+02 +3.630094388e+02 +3.630094388e+02 -5.0000e+00 +5.0000e+00 +1.7051e+00 +2.7903e-02 -2.3097e+00 -2.0946e+00 -1.0267e+00 -2.5865e-01 +9.1270e-02 -1.9767e-01 -7.7922e-01 +2.9493e+00 +4.2111e-02 +2.8243e+00 -3.4572e+00 +4.3469e+00 +1.3410e+00 +3.4351e+00 -2.2142e+00 +6.7422e-01
3071 +1.564748371e+02 +1.564748371e+02 +2.886548371e+02 +2.886548371e+02 -4.6869e+00 +4.3852e+00 +1.8294e+00 -4.4993e+00 -2.5137e+00 -3.3998e-01 -1.4714e+00 +8.6820e-01 -2.2400e-01 +2.4400e-01 -9.7667e-02 +3.4538e+00 -1.6087e+00 +4.1209e+00 -3.1472e+00 +3.4076e+00 +1.6749e+00 +3.1379e+00 -6.5049e-01 +8.5161e-01
4271 +9.995585433e+01 +9.995585433e+01 +2.321358543e+02 +2.321358543e+02 -4.6724e+00 +4.4094e+00 +1.8368e+00 -4.4734e+00 -2.5168e+00 -3.6975e-01 -1.4444e+00 +7.2114e-01 -2.2833e-01 +3.7019e-01 +1.7182e-01 +3.1055e+00 -1.5164e+00 +4.1193e+00 -3.1255e+00 +3.4073e+00 +1.6300e+00 +3.1221e+00 -5.7953e-01 +7.8081e-01
6692 +6.053726609e+01 +6.053726609e+01 +1.927172661e+02 +1.927172661e+02 -4.6851e+00 +4.2575e+00 +1.9180e+00 -4.5745e+00 -2.4943e+00 -3.5407e-01 -1.4446e+00 +8.0446e-01 -2.2185e-01 +3.4806e-01 +1.8453e-01 +3.0254e+00 -1.5069e+00 +4.2359e+00 -3.1394e+00 +3.1474e+00 +1.6523e+00 +3.1071e+00 -5.9264e-01 +7.6637e-01
12632 +3.979803381e+01 +3.979803381e+01 +1.719780338e+02 +1.719780338e+02 -4.7536e+00 +4.1571e+00 +1.8195e+00 -4.5499e+00 -2.5179e+00 -2.4331e-01 -1.5279e+00 +7.2514e-01 +9.1968e-01 +4.0830e-01 +2.2721e-01 +3.0765e+00 -1.4396e+00 +2.8672e+00 -3.1078e+00 +3.1931e+00 +1.6894e+00 +3.1087e+00 -6.5637e-01 +7.6155e-01
23429 +2.501040297e+01 +2.501040297e+01 +1.571904030e+02 +1.571904030e+02 -4.7577e+00 +4.1619e+00 +1.8268e+00 -1.9543e+00 -2.4995e+00 -2.9017e-01 -1.5606e+00 +7.0859e-01 +9.2907e-01 +4.0215e-01 +2.1691e-01 +3.0345e+00 -1.4523e+00 +3.2854e+00 -3.1086e+00 +3.2086e+00 +1.6679e+00 +3.1160e+00 -1.0037e+00 +7.5117e-01
% function evaluation | noise-free fitness - Fopt (-5.847300000000e+02) | best noise-free fitness - Fopt | measured fitness | best measured fitness | x1 | x2...
1 +2.935586201e+03 +2.935586201e+03 +2.350856201e+03 +2.350856201e+03 +3.1785e+00 +3.6002e+00 +2.8926e+00 +3.9336e+00 -4.3919e+00 -3.9744e+00 -1.2833e+00 -1.5656e-01 -3.7394e+00 -4.8327e+00 +3.7944e+00 -3.4120e+00 -1.8742e+00 +1.6482e+00 +3.9393e+00 -4.7425e+00 +3.3915e+00 -4.5564e+00 +3.2736e+00 -3.7060e+00
2 +1.957533049e+03 +1.957533049e+03 +1.372803049e+03 +1.372803049e+03 +4.4922e+00 -1.1885e-01 -4.0579e+00 +3.8281e+00 +1.7755e+00 -2.2109e+00 +2.5100e+00 -1.1523e+00 +4.2553e-01 +2.1304e+00 +9.8909e-01 -2.8073e+00 +1.1485e+00 -1.6530e+00 -1.2786e+00 -1.2512e+00 -6.6347e-01 -4.6851e+00 -8.6188e-01 +9.6370e-01
6 +1.377688255e+03 +1.377688255e+03 +7.929582551e+02 +7.929582551e+02 +3.4738e+00 +4.9997e+00 -4.4103e+00 -8.8224e-01 +4.5884e+00 +4.0577e+00 -4.5900e+00 +5.1183e-01 -5.6955e-01 +1.9333e-01 -4.5639e+00 +4.3520e+00 -2.3589e+00 -2.7087e+00 +3.5077e+00 +3.7214e-01 -2.1895e+00 +4.2748e+00 -2.7885e+00 -1.0142e+00
11 +6.617740006e+02 +6.617740006e+02 +7.704400064e+01 +7.704400064e+01 +3.4726e+00 -4.6014e+00 +1.1733e+00 -2.1516e+00 +1.4266e-01 -3.2830e+00 -3.6258e+00 -3.5202e+00 +2.9560e+00 -4.6786e+00 +3.5855e+00 +3.6825e-01 -2.3242e-01 +3.2151e+00 +2.7066e-01 -2.5935e+00 -1.9038e+00 +2.0852e+00 +1.6649e+00 -3.6299e+00
88 +5.807888582e+02 +5.807888582e+02 -3.941141778e+00 -3.941141778e+00 +2.6598e+00 -4.6038e+00 +4.1511e-01 -1.8383e+00 +9.8742e-01 -2.2088e+00 +0.0000e+00 +4.2937e-01 +1.9940e+00 -5.0000e+00 +3.1887e+00 -3.5619e-01 -7.3641e-02 +2.4326e+00 -2.2201e+00 -2.1877e+00 -2.0302e+00 +2.0926e+00 +6.5448e-01 -1.8934e+00
290 +3.915786274e+02 +3.915786274e+02 -1.931513726e+02 -1.931513726e+02 +2.1725e+00 -1.5961e+00 -1.0278e+00 -2.1770e+00 -2.4404e-01 -3.7529e+00 +1.1545e+00 +1.6617e+00 +1.8272e-01 -4.9851e+00 +1.5423e+00 -1.8209e+00 -6.7156e-01 +4.0586e+00 -1.8740e-01 -1.7481e+00 -3.0013e+00 +4.7817e+00 -1.1176e+00 -1.9441e+00
563 +2.293440810e+02 +2.293440810e+02 -3.553859190e+02 -3.553859190e+02 +2.8870e+00 -2.2555e+00 -1.5054e+00 -2.1981e+00 +1.6042e-01 -3.9611e+00 +1.9516e+00 +1.6167e+00 -1.5648e+00 -4.8314e+00 +9.3450e-01 +0.0000e+00 -2.3262e+00 +3.0279e+00 +2.5587e+00 -1.5236e+00 -2.6261e+00 +3.6030e+00 -1.9791e+00 -2.6484e+00
2457 +1.571014633e+02 +1.571014633e+02 -4.276285367e+02 -4.276285367e+02 +0.0000e+00 -2.4450e+00 -3.8463e+00 -1.5216e+00 +8.5539e-01 -4.7559e+00 +1.9120e+00 +1.0994e+00 -1.0048e+00 -4.7322e+00 +8.7768e-01 -3.7456e-01 +3.4606e-01 +3.4750e+00 +2.6781e+00 -6.6947e-02 -2.8939e+00 +3.3172e+00 -1.6176e+00 -3.4819e+00
5872 +9.269298292e+01 +9.269298292e+01 -4.920370171e+02 -4.920370171e+02 -2.6923e+00 -2.3163e+00 -5.1052e-01 -1.6045e+00 +7.8279e-01 -3.4384e+00 +1.9323e+00 +9.3148e-01 -2.1209e+00 -4.7271e+00 +9.6864e-01 -1.1919e+00 -1.1318e+00 +3.5135e+00 +2.6083e+00 -9.4185e-01 -2.9182e+00 +3.3935e+00 -9.6685e-01 -3.9012e+00
9166 +6.126764854e+01 +6.126764854e+01 -5.234623515e+02 -5.234623515e+02 -2.6424e+00 -2.2669e+00 -1.3957e+00 -2.0973e+00 +8.0675e-01 -3.3872e+00 +1.8992e+00 +9.2140e-01 -1.0778e+00 -4.6314e+00 +8.9650e-01 -1.3088e+00 -9.9249e-01 +3.4615e+00 +2.6451e+00 -9.3320e-01 -2.9225e+00 +3.3935e+00 -9.6396e-01 -3.5303e+00
12611 +3.952282801e+01 +3.952282801e+01 -5.452071720e+02 -5.452071720e+02 -2.6315e+00 -2.0644e+00 -1.3668e+00 -2.1222e+00 +9.1380e-01 -3.3940e+00 +1.8988e+00 +9.9293e-01 -1.0766e+00 -4.6857e+00 +8.9847e-01 -1.2315e+00 -1.0012e+00 +3.5091e+00 +2.5746e+00 -9.3071e-01 -2.9216e+00 +3.3844e+00 -9.6782e-01 -3.1930e+00
% function evaluation | noise-free fitness - Fopt (-3.654000000000e+01) | best noise-free fitness - Fopt | measured fitness | best measured fitness | x1 | x2...
1 +2.247525118e+03 +2.247525118e+03 +2.210985118e+03 +2.210985118e+03 -2.8429e+00 +1.7998e+00 +3.2661e+00 +3.6813e+00 +3.9858e+00 +1.1518e-01 -1.8695e+00 +2.1077e+00 -3.9057e+00 -7.2290e-01 +1.0166e+00 +4.0610e-01 +1.1147e+00 +8.2108e-01 +2.5057e+00 +3.5467e+00 +5.8827e-01 +3.3524e+00 -1.3629e+00 +1.4966e+00
2 +1.285192384e+03 +1.285192384e+03 +1.248652384e+03 +1.248652384e+03 -1.5191e+00 -1.6771e+00 -2.7033e+00 -3.1647e+00 -4.1924e+00 +1.6367e+00 -1.7066e+00 -3.2979e+00 +1.7166e+00 +2.9974e+00 -2.3694e+00 +4.1632e-01 +4.5626e-01 -2.8808e+00 +1.2415e+00 -7.7507e-01 -1.7986e+00 -4.8237e+00 -1.3488e+00 -4.0659e+00
23 +9.593028513e+02 +9.593028513e+02 +9.227628513e+02 +9.227628513e+02 +3.2213e+00 +6.2696e-03 +4.2399e+00 -4.8297e+00 +3.7901e+00 +2.4188e+00 +2.0332e+00 +9.5961e-01 -7.6293e-01 +2.3225e+00 -3.0306e+00 +6.7816e-01 -2.6143e+00 -1.0376e+00 -3.2638e+00 -4.6133e+00 +2.1297e+00 +2.9976e-01 -9.0972e-03 +1.2021e+00
112 +4.337328486e+02 +4.337328486e+02 +3.971928486e+02 +3.971928486e+02 +2.7645e+00 +2.5176e+00 +0.0000e+00 -3.9891e+00 +1.0196e+00 +2.3269e-01 -1.0238e-01 -2.0874e+00 -1.1058e+00 -5.2331e-01 -1.8795e+00 -3.3517e+00 +4.3721e-01 +3.1717e-01 -1.1243e-01 -2.4019e+00 -7.1781e-01 -2.1073e+00 -2.7250e+00 +1.5138e+00
270 +3.683809303e+02 +3.683809303e+02 +3.318409303e+02 +3.318409303e+02 +1.2652e+00 -5.3681e-01 +1.2703e-01 -4.9418e+00 -8.9406e-04 -1.0875e+00 +4.6865e-01 -2.3484e-01 -4.2098e+00 -6.9524e-01 -1.5617e+00 -2.4642e+00 -5.9880e-01 +1.5352e+00 +2.7071e-01 -4.3955e+00 +2.0229e+00 -8.3739e-01 -5.0000e+00 +1.4416e+00
603 +2.441806962e+02 +2.441806962e+02 +2.076406962e+02 +2.076406962e+02 +1.0452e-01 +1.7247e+00 -1.3372e-03 -3.7225e+00 +9.4464e-01 -2.4727e+00 -4.7422e+00 +2.0978e+00 -1.5321e+00 -4.8167e+00 +6.4846e-01 -2.2484e+00 -1.3347e+00 +1.6435e-01 -5.1085e-01 -3.4707e+00 +3.4873e+00 -8.2723e-01 -3.9462e+00 +1.7525e+00
3068 +1.580508643e+02 +1.580508643e+02 +1.215108643e+02 +1.215108643e+02 -2.2996e+00 -2.9216e-01 +6.0567e-02 -2.8832e+00 +2.4134e+00 -2.4719e+00 -1.7412e+00 -8.8702e-01 -8.9245e-01 -3.2356e+00 +8.5172e-02 -2.5202e+00 -8.4790e-01 -2.3356e-01 -2.1135e+00 -2.7778e+00 +2.6955e+00 -7.7328e-01 -4.7310e+00 +9.1770e-01
3639 +9.790248785e+01 +9.790248785e+01 +6.136248785e+01 +6.136248785e+01 -2.1631e+00 -3.5075e-01 +5.0740e-02 -2.9176e+00 +2.3890e+00 -2.5354e+00 -1.9796e+00 -1.3780e-01 -1.1150e+00 -3.0275e+00 +1.2736e+00 -2.5128e+00 -1.3301e+00 -3.6122e-01 -2.0426e+00 -2.7535e+00 +2.6968e+00 -8.4050e-01 -4.6260e+00 +1.1366e+00
5707 +6.208733450e+01 +6.208733450e+01 +2.554733450e+01 +2.554733450e+01 -2.1355e+00 -3.3422e-01 -1.5631e-02 -2.9000e+00 +2.3106e+00 -2.6490e+00 -2.1619e+00 -4.1406e-01 -1.0529e+00 -3.1100e+00 +1.2287e+00 -2.5966e+00 -1.2817e+00 -3.4695e-01 -2.1086e+00 -2.7776e+00 +3.0913e+00 -9.9162e-01 -3.8519e+00 +1.1376e+00
11838 +3.866175697e+01 +3.866175697e+01 +2.121756970e+00 +2.121756970e+00 -2.1023e+00 -2.9634e-01 +8.4147e-03 -2.8320e+00 +1.5623e+00 -2.6686e+00 -2.0509e+00 -3.6101e-01 -1.0990e+00 -3.0815e+00 +1.2989e+00 -2.5580e+00 -1.3036e+00 -3.0800e-01 -1.6452e+00 -2.7833e+00 +3.0839e+00 -8.1110e-01 -3.1490e+00 +1.1398e+00
21310 +2.507465266e+01 +2.507465266e+01 -1.146534734e+01 -1.146534734e+01 -2.1005e+00 -3.0949e-01 -1.7844e-02 -2.6540e-01 +1.6234e+00 -2.6389e+00 -2.1047e+00 -3.6949e-01 -1.0970e+00 -3.1088e+00 +1.2594e+00 -2.5512e+00 -1.3008e+00 -3.2505e-01 -1.2250e+00 -2.7627e+00 +3.1123e+00 -8.1498e-01 -3.1340e+00 +1.1435e+00
% function evaluation | noise-free fitness - Fopt (1.000000000000e+03) | best noise-free fitness - Fopt | measured fitness | best measured fitness | x1 | x2...
1 +1.860427397e+03 +1.860427397e+03 +2.860427397e+03 +2.860427397e+03 -2.9499e-01 +4.3268e+00 -8.0748e-02 -3.3345e+00 -2.6082e+00 -2.1104e+00 +9.9199e-01 +1.1448e+00 +1.6319e+00 -3.1607e+00 +9.6541e-01 +4.7350e+00 -2.4672e-01 +8.0789e-01 +4.9832e+00 +1.0790e+00 -2.0266e+00 +7.3687e-01 -6.2752e-01 -3.3556e+00
4 +1.397606467e+03 +1.397606467e+03 +2.397606467e+03 +2.397606467e+03 -1.4038e+00 -3.2832e+00 -2.8799e-01 -5.6322e-01 +2.5352e+00 -1.3509e-01 +1.4123e+00 +2.8216e+00 +2.1645e+00 -3.7075e+00 +2.3273e+00 +1.4070e+00 -4.8107e+00 -4.9109e+00 -6.3076e-01 +6.8232e-01 -2.7384e-01 +3.3745e+00 +3.9002e+00 -1.0401e+00
14 +8.177073606e+02 +8.177073606e+02 +1.817707361e+03 +1.817707361e+03 -3.6062e+00 +3.2478e+00 -3.9888e+00 -2.6045e+00 +1.9427e+00 +2.7761e+00 -1.7632e+00 -1.2395e+00 -3.9633e+00 -3.4218e+00 +1.0611e+00 -1.1902e+00 -2.4982e+00 +7.1970e-01 +2.5718e+00 -4.5365e+00 -1.0325e+00 +3.9362e+00 -1.2677e+00 -9.7590e-01
65 +5.618156919e+02 +5.618156919e+02 +1.561815692e+03 +1.561815692e+03 -2.5992e+00 -3.9811e+00 -3.9091e+00 -4.4999e+00 +1.1180e+00 +1.8474e+00 -1.1173e+00 -4.3879e+00 -4.3151e+00 -2.1255e+00 +2.9939e+00 -3.5165e+00 -5.0000e+00 -7.4050e-01 +3.5426e+00 -1.6472e+00 -3.8080e+00 +1.2677e+00 +3.0880e-01 -1.6587e+00
252 +3.784408574e+02 +3.784408574e+02 +1.378440857e+03 +1.378440857e+03 -3.0372e+00 +1.8988e+00 -2.1560e-01 -9.8010e-01 +3.0353e+00 -3.1251e+00 -1.0944e+00 -3.0685e+00 -4.4132e+00 -3.5615e+00 +3.8757e+00 -3.8366e+00 -3.5533e+00 +3.9244e+00 +5.0384e-02 +2.5583e+00 -1.6340e+00 -1.3698e-01 +2.5075e+00 -1.4024e+00
733 +2.289697010e+02 +2.289697010e+02 +1.228969701e+03 +1.228969701e+03 -3.3619e+00 +3.5384e-01 +5.8621e-01 +2.3501e+00 +5.6062e-01 -9.6578e-01 +9.9996e-01 -2.9831e+00 -4.4749e+00 -1.7724e+00 +3.0039e+00 -3.8918e+00 -2.3110e+00 +2.6420e+00 +2.6774e+00 +1.9266e+00 -2.4619e+00 +2.4481e+00 +2.2064e+00 -8.1085e-01
2275 +1.547784849e+02 +1.547784849e+02 +1.154778485e+03 +1.154778485e+03 -2.7572e+00 -6.4921e-01 +8.3090e-01 +5.0000e+00 +2.8165e+00 +5.9843e-01 +2.4623e+00 -2.8300e+00 -3.7242e+00 -1.6710e+00 +4.5677e+00 -3.9191e+00 -1.8502e+00 +3.8938e+00 +1.9278e+00 +1.0497e+00 -2.5804e+00 +1.0735e+00 +1.3736e+00 -5.1406e-01
6077 +8.629235365e+01 +8.629235365e+01 +1.086292354e+03 +1.086292354e+03 -6.0446e-01 -8.8166e-01 -3.2498e-01 +2.2821e+00 +2.9572e+00 +1.6851e+00 +4.9994e+00 -2.8349e+00 -3.8005e+00 -2.4957e+00 +2.7855e+00 -3.8844e+00 -2.1476e+00 +2.8414e+00 +2.4502e+00 +9.2379e-01 -2.0491e+00 +1.2193e+00 +1.3491e+00 -3.7838e-01
6577 +6.174927862e+01 +6.174927862e+01 +1.061749279e+03 +1.061749279e+03 -6.0688e-01 -8.8553e-01 +1.5565e+00 +2.2631e+00 +2.9597e+00 +1.6759e+00 +4.9992e+00 -2.8398e+00 -3.7986e+00 -2.4880e+00 +2.8381e+00 -3.8765e+00 -2.1646e+00 +4.7334e+00 +2.4380e+00 +9.0586e-01 -2.1036e+00 +2.1351e+00 +1.3578e+00 -3.7921e-01
9309 +3.885323262e+01 +3.885323262e+01 +1.038853233e+03 +1.038853233e+03 -6.0144e-01 -8.8404e-01 +7.3658e-01 +2.3259e+00 +2.9848e+00 +1.7589e+00 +4.9992e+00 -2.8426e+00 -3.8020e+00 -2.4372e+00 +2.7848e+00 -3.8827e+00 -2.1659e+00 +4.8160e+00 +2.4368e+00 +8.1107e-01 -2.0888e+00 +2.1734e+00 +1.3926e+00 -3.7689e-01
13278 +2.410794247e+01 +2.410794247e+01 +1.024107942e+03 +1.024107942e+03 -5.8804e-01 -8.1999e-01 +7.7818e-01 +2.2422e+00 +2.9514e+00 +1.7517e+00 +4.9992e+00 -2.8246e+00 -3.7946e+00 -2.4989e+00 +2.8617e+00 -3.8162e+00 -2.6297e+00 +4.8166e+00 +2.4817e+00 +8.3029e-01 -2.0883e+00 +2.1906e+00 +1.3822e+00 -3.9501e-01
24353 +1.571984979e+01 +1.571984979e+01 +1.015719850e+03 +1.015719850e+03 -5.6933e-01 -8.1089e-01 -1.5766e-01 +2.2501e+00 +2.9405e+00 +1.7647e+00 +4.9538e+00 -2.8312e+00 -3.7761e+00 -2.4969e+00 +2.8135e+00 -3.8126e+00 -3.1351e+00 +4.8192e+00 +2.4734e+00 +8.3719e-01 -2.9740e+00 +2.2046e+00 +1.3837e+00 -4.1995e-01
% function evaluation | noise-free fitness - Fopt (4.661000000000e+01) | best noise-free fitness - Fopt | measured fitness | best measured fitness | x1 | x2...
1 +1.217045354e+03 +1.217045354e+03 +1.263655354e+03 +1.263655354e+03 +1.3083e-01 +1.8590e+00 -1.4361e+00 -4.3595e+00 +1.9389e-01 -1.3539e+00 +1.0058e+00 -4.6836e+00 +2.2226e+00 +1.7016e+00 +2.2796e+00 -4.5836e+00 +3.1033e+00 -4.0614e+00 -2.2496e-01 +8.4324e-01 -4.1055e+00 +1.4451e+00 +8.5487e-01 -2.6990e+00
2 +8.481971480e+02 +8.481971480e+02 +8.948071480e+02 +8.948071480e+02 -3.7466e+00 -3.3378e+00 +4.4860e+00 +4.5449e+00 -4.2908e-01 -1.0687e-02 -2.1322e+00 +2.5893e+00 -3.3603e+00 -3.2672e+00 +3.1113e+00 -4.6892e+00 -2.5171e-01 -3.0544e+00 -7.9330e-01 -2.5553e+00 -2.1999e-01 +2.0609e+00 -3.1713e+00 +2.0284e+00
45 +5.133625975e+02 +5.133625975e+02 +5.599725975e+02 +5.599725975e+02 -5.0000e+00 -5.1163e-01 -1.9340e+00 +1.6939e+00 -3.4396e-01 +5.9677e-01 +7.3627e-01 -6.6074e-02 -1.9867e+00 -1.1426e+00 +1.9824e+00 -7.8729e-01 -1.4344e+00 -4.4840e+00 +1.5466e-01 -1.1119e+00 +7.1060e-01 -1.5171e+00 -2.0569e+00 -1.0334e+00
99 +3.850672152e+02 +3.850672152e+02 +4.316772152e+02 +4.316772152e+02 +1.0153e+00 +2.5151e+00 +2.4071e+00 +1.6014e+00 -2.2713e+00 -2.4648e+00 +1.7252e+00 -1.2127e+00 -3.5784e+00 -2.0296e+00 -1.9670e+00 +8.7479e-01 -4.2288e-01 -2.4267e+00 -1.7309e+00 +6.6748e-01 +9.9175e-01 -2.9413e+00 -1.3849e+00 +2.1830e+00
927 +2.048774803e+02 +2.048774803e+02 +2.514874803e+02 +2.514874803e+02 +4.9402e+00 +2.3908e+00 +2.6405e+00 +1.4426e+00 -3.1140e+00 -2.3636e+00 +3.6711e+00 -3.0048e+00 +8.2015e-01 -2.5924e+00 +9.2175e-01 -7.9982e-02 +1.9323e+00 -1.2634e+00 -8.9920e-02 -1.0648e+00 +6.7201e-01 -1.3201e+00 -3.6003e+00 +1.0235e+00
2739 +1.561995751e+02 +1.561995751e+02 +2.028095751e+02 +2.028095751e+02 +4.9286e+00 +2.1879e+00 +4.0830e+00 +2.0455e+00 -3.6065e+00 -2.4228e+00 +3.5621e+00 -4.7037e+00 +7.8194e-01 -2.8149e+00 +5.0378e-01 +2.8150e+00 +1.8271e+00 -1.1482e+00 +4.5872e-01 +3.3258e-01 +5.1062e-01 -1.0621e+00 -3.3119e+00 +1.7380e+00
5140 +9.366540991e+01 +9.366540991e+01 +1.402754099e+02 +1.402754099e+02 +1.7852e+00 +2.1918e+00 +5.3659e-02 +2.8896e+00 -3.6028e+00 -3.3179e+00 +3.6351e+00 -4.6498e+00 +1.2447e+00 -2.7158e+00 +1.0381e+00 +1.1772e+00 +1.8018e+00 -1.2274e+00 +4.8313e-01 +2.3451e-01 +1.3671e+00 -4.9799e-01 -3.3918e+00 +1.7141e+00
10312 +6.156896201e+01 +6.156896201e+01 +1.081789620e+02 +1.081789620e+02 +1.7909e+00 +2.1462e+00 +1.0259e-01 +2.8550e+00 -3.5679e+00 -3.3073e+00 +3.6262e+00 -4.5924e+00 +1.2030e+00 -2.7203e+00 +1.0146e+00 +1.3257e+00 +1.4553e+00 -1.1736e+00 +4.9305e-01 -6.0086e-01 +1.3247e+00 -5.0160e-01 -3.3819e+00 +1.7533e+00
18876 +3.963596339e+01 +3.963596339e+01 +8.624596339e+01 +8.624596339e+01 +1.8378e+00 +2.1709e+00 +6.6264e-02 +2.8540e+00 -3.4069e+00 -3.2821e+00 +3.5976e+00 -4.5718e+00 +1.2109e+00 -2.6914e+00 +9.9361e-01 +1.3166e+00 +5.0949e-01 -1.1784e+00 +4.3342e-01 -2.2057e-01 +1.3373e+00 -4.7658e-01 -2.9664e+00 +1.7212e+00
% function evaluation | noise-free fitness - Fopt (-2.643100000000e+02) | best noise-free fitness - Fopt | measured fitness | best measured fitness | x1 | x2...
1 +1.807289740e+03 +1.807289740e+03 +1.542979740e+03 +1.542979740e+03 +4.7054e+00 -3.5849e+00 +6.0522e-01 -3.1217e+00 +2.0088e+00 +4.4310e+00 -8.9558e-02 +8.6483e-01 +9.3248e-01 -1.1732e+00 +2.6654e+00 +7.3692e-01 -1.2022e+00 +4.6778e+00 -1.7134e+00 +4.5531e-01 -1.2907e+00 -2.9371e+00 -2.3577e+00 +5.3157e-01
2 +1.450475437e+03 +1.450475437e+03 +1.186165437e+03 +1.186165437e+03 -3.3341e+00 +3.9011e+00 +1.3556e+00 -3.2046e+00 +3.6016e+00 +2.4778e+00 +8.2368e-01 -3.7152e+00 -2.0838e-01 -2.1656e+00 +1.3859e+00 +4.6471e+00 -2.1582e+00 -3.4808e+00 +2.4126e+00 +1.1692e+00 -3.7638e+00 +1.6555e+00 -1.3689e+00 -2.1244e+00
16 +5.662001166e+02 +5.662001166e+02 +3.018901166e+02 +3.018901166e+02 +2.1496e+00 +2.6543e-01 -3.7136e+00 +2.8232e+00 +4.9201e+00 -3.1304e+00 -2.7031e+00 -2.1971e+00 -1.1016e+00 +8.0482e-01 +2.4025e+00 +1.8112e+00 -1.0671e+00 -2.8592e-01 -3.7081e+00 -1.3465e-01 -1.7147e+00 -4.7037e+00 -3.9123e+00 -2.6999e+00
148 +3.972911707e+02 +3.972911707e+02 +1.329811707e+02 +1.329811707e+02 -1.2561e+00 +9.8594e-01 -1.4184e+00 +0.0000e+00 +4.0277e+00 -1.1004e+00 -1.4266e+00 -1.3931e+00 -7.2018e-01 +2.5768e+00 +5.3026e-01 +1.5612e+00 -7.2573e-02 +2.1702e-01 -3.1371e+00 +2.5746e+00 -9.3857e-01 -3.1288e+00 -1.7196e+00 -2.5766e+00
635 +2.034510180e+02 +2.034510180e+02 -6.085898199e+01 -6.085898199e+01 -3.2466e+00 +1.4202e+00 -1.3606e+00 +3.7164e-01 +3.6328e+00 -3.0830e+00 +3.7159e+00 -7.4801e-01 -8.3956e-01 +1.5634e+00 +1.0342e+00 +1.8949e+00 +8.4595e-01 -9.2420e-01 -2.4067e+00 -3.6372e-02 +1.3180e+00 -2.9828e+00 -2.9383e+00 -3.0332e+00
2149 +1.288239127e+02 +1.288239127e+02 -1.354860873e+02 -1.354860873e+02 -3.2925e+00 +2.1816e+00 -1.7713e+00 +9.6546e-01 +3.7725e+00 -2.3727e+00 +4.6077e+00 +3.8632e-01 -7.0031e-01 +2.4082e+00 +3.1959e-01 +1.7757e+00 +1.8375e+00 -2.3517e+00 -2.3056e+00 -4.1682e-01 +8.2452e-01 -3.5322e+00 -2.9233e+00 -3.2444e+00
3371 +8.331207143e+01 +8.331207143e+01 -1.809979286e+02 -1.809979286e+02 -3.3328e+00 +1.2095e+00 -1.7793e+00 +7.7046e-01 +3.7728e+00 -2.3690e+00 +4.5579e+00 +3.9177e-01 -8.2876e-01 +2.1903e+00 +3.2575e-01 +2.2292e+00 +1.9834e+00 -2.3086e+00 -2.3133e+00 -1.7411e-01 +8.8662e-01 -2.3543e+00 -2.9691e+00 -3.3009e+00
4972 +6.274490823e+01 +6.274490823e+01 -2.015650918e+02 -2.015650918e+02 -3.3153e+00 +1.1313e+00 -1.8470e+00 +9.9632e-01 +3.7699e+00 -2.3855e+00 +4.5409e+00 +3.4277e-01 -7.5744e-01 +2.0750e+00 +3.1424e-01 +2.2669e+00 +1.9128e+00 -2.3330e+00 -2.3145e+00 +7.8212e-01 +8.8101e-01 -2.7287e+00 -2.9857e+00 -3.2625e+00
7289 +3.854885193e+01 +3.854885193e+01 -2.257611481e+02 -2.257611481e+02 -3.2424e+00 +4.3432e-01 -8.4790e-01 +9.3619e-01 +3.7728e+00 -2.3501e+00 +4.5240e+00 +3.1444e-01 -5.9940e-01 +2.0742e+00 +2.7434e-01 +2.2879e+00 +1.9273e+00 -2.3466e+00 -2.3119e+00 +7.8094e-01 +8.7338e-01 -2.7402e+00 -2.9872e+00 -3.3144e+00
10848 +2.489223294e+01 +2.489223294e+01 -2.394177671e+02 -2.394177671e+02 -3.2425e+00 -1.4497e+00 -8.6354e-01 +9.7162e-02 +3.7519e+00 -2.2405e+00 +4.4273e+00 +3.1654e-01 -6.0358e-01 +2.1076e+00 +2.8913e-01 +2.2729e+00 +1.9797e+00 -2.3391e+00 -2.3313e+00 +7.4930e-01 +8.7859e-01 -2.7594e+00 -2.9739e+00 -3.3089e+00
% function evaluation | noise-free fitness - Fopt (7.273000000000e+01) | best noise-free fitness - Fopt | measured fitness | best measured fitness | x1 | x2...
1 +2.854512539e+03 +2.854512539e+03 +2.927242539e+03 +2.927242539e+03 +1.6170e+00 +2.1391e+00 +1.3283e+00 -1.6693e+00 +3.5202e+00 +1.4454e+00 +3.5545e+00 +7.6297e-01 -3.5795e+00 -3.0004e+00 -1.3372e+00 -4.4917e-01 +4.4180e+00 -2.4200e+00 -1.8696e-01 -9.4730e-01 -4.2931e+00 -2.0679e+00 +1.6078e+00 -3.8751e+00
3 +1.324261585e+03 +1.324261585e+03 +1.396991585e+03 +1.396991585e+03 +4.8754e+00 +1.3503e+00 -4.9586e+00 +1.0473e+00 +2.1890e+00 -3.3332e+00 +6.1788e-01 -4.2135e+00 +1.4095e+00 -3.6660e+00 -1.8334e+00 +8.4417e-01 -4.7508e+00 -2.9992e+00 -4.2487e+00 +1.9147e+00 +4.6952e+00 -3.1702e+00 -2.6193e+00 -3.5762e+00
28 +9.619208535e+02 +9.619208535e+02 +1.034650854e+03 +1.034650854e+03 -2.5466e+00 -2.1581e+00 -1.1190e+00 -1.9761e+00 -7.7297e-01 -1.8206e+00 -2.3520e-02 -1.1769e+00 +7.4648e-01 +4.6334e+00 +1.1024e-01 +3.8292e-01 -1.3478e+00 +1.3946e+00 -4.4294e+00 -2.8305e-01 -1.8438e-01 +1.2251e+00 -1.2203e+00 +7.2321e-01
123 +5.828731039e+02 +5.828731039e+02 +6.556031039e+02 +6.556031039e+02 -2.5158e-01 -7.4909e-01 +0.0000e+00 -3.4270e+00 +6.6018e-01 -2.6653e-02 -1.6072e+00 -1.7609e+00 -4.1244e+00 +0.0000e+00 +2.9767e+00 -2.4433e+00 +0.0000e+00 +4.3619e-01 -3.5041e+00 +5.7237e-01 +2.1552e+00 +7.2887e-01 -3.7638e+00 +0.0000e+00
259 +3.969874042e+02 +3.969874042e+02 +4.697174042e+02 +4.697174042e+02 +6.4406e-01 -8.8164e-01 -1.4335e+00 -2.3350e+00 -6.7111e-02 -1.3897e+00 -2.5326e+00 -2.5546e+00 -2.7200e+00 +3.8762e-01 -8.7018e-01 -2.6897e+00 +1.0267e+00 +1.8295e+00 +1.0098e-01 +0.0000e+00 +1.4566e+00 -6.9953e-01 -4.5050e+00 +1.6364e+00
654 +2.504673896e+02 +2.504673896e+02 +3.231973896e+02 +3.231973896e+02 -2.4155e+00 -4.2435e-01 -4.5958e+00 -3.2282e-01 -1.4955e+00 +4.1139e-01 -1.6253e+00 -3.5643e+00 -6.4397e-01 -6.5544e-01 +1.1948e+00 -2.1976e+00 -8.8018e-01 +1.9855e+00 -2.0347e+00 -1.8564e+00 +3.0508e+00 -2.5512e+00 -4.8208e+00 +3.5863e+00
2253 +1.560303302e+02 +1.560303302e+02 +2.287603302e+02 +2.287603302e+02 -1.1534e+00 -2.4835e+00 -2.9696e+00 -1.5738e+00 +3.0658e-01 -5.6524e-01 -2.9869e+00 -2.7418e+00 -5.7771e-01 -1.2410e+00 -1.1947e-01 -2.8225e+00 +8.4482e-01 +1.5108e+00 -3.7277e-01 +5.0876e-01 +3.8337e+00 -1.0930e+00 -4.6039e+00 +3.2903e+00
5238 +9.626241502e+01 +9.626241502e+01 +1.689924150e+02 +1.689924150e+02 -1.6398e+00 -2.3864e+00 -3.0739e+00 -1.6200e+00 +3.0667e-01 +1.4307e-01 -3.0858e+00 -3.9953e+00 -5.4854e-01 -6.4467e-01 -1.0649e-01 -3.0249e+00 +4.8575e-01 +1.3852e+00 -4.3245e-01 +9.7413e-01 +3.7050e+00 -9.9292e-01 -4.6086e+00 +3.1843e+00
6845 +6.133669544e+01 +6.133669544e+01 +1.340666954e+02 +1.340666954e+02 -1.5450e+00 -2.3282e+00 -3.0234e+00 -1.6204e+00 +3.1826e-01 +2.5530e+00 -2.9320e+00 -4.0599e+00 -1.3040e+00 -6.6818e-01 -1.0465e-01 -3.0131e+00 +4.7726e-01 +1.4767e+00 -4.1382e-01 +1.0571e+00 +3.7212e+00 -9.4466e-01 -4.6309e+00 +3.2778e+00
10303 +3.945616927e+01 +3.945616927e+01 +1.121861693e+02 +1.121861693e+02 -1.6049e+00 -2.3141e+00 -2.9805e+00 -1.6113e+00 +1.6225e+00 +2.5680e+00 -2.9101e+00 -4.0115e+00 -1.2824e+00 -6.9325e-01 -1.1517e-01 -3.0105e+00 +4.7381e-01 +1.5282e+00 -4.0933e-01 +1.0668e+00 +3.8277e+00 -9.4324e-01 -4.6315e+00 +3.2228e+00
% function evaluation | noise-free fitness - Fopt (1.368700000000e+02) | best noise-free fitness - Fopt | measured fitness | best measured fitness | x1 | x2...
1 +6.120139503e+03 +6.120139503e+03 +6.257009503e+03 +6.257009503e+03 -3.8748e+00 +1.2396e+00 -7.4725e-01 -4.8470e+00 +8.7970e-01 -3.0976e+00 -6.5001e-01 -4.8238e+00 +3.5164e+00 +2.3212e+00 +2.6348e-01 -2.1932e+00 +4.9376e+00 -4.6389e-01 +2.2562e+00 -1.4678e+00 -3.1213e+00 +1.1170e-01 +2.2100e+00 +3.6002e+00
2 +3.062851502e+03 +3.062851502e+03 +3.199721502e+03 +3.199721502e+03 -2.7990e+00 -1.6377e+00 +4.6102e-01 -2.9151e+00 +4.5666e-01 -1.0060e+00 -1.4405e+00 -3.3417e+00 -4.3031e+00 -4.7155e+00 +3.2129e+00 +2.3121e+00 -3.2080e+00 -1.5929e+00 +2.6369e+00 -5.5000e-01 +8.2841e-01 +1.3230e+00 +3.4662e+00 -3.3712e+00
13 +2.511746750e+03 +2.511746750e+03 +2.648616750e+03 +2.648616750e+03 +1.5448e+00 +3.1062e+00 +1.6223e+00 -4.8145e-01 +4.9106e+00 -4.1827e+00 +4.2046e+00 -1.9971e-01 +2.1385e+00 -6.3526e-01 -2.1601e+00 -3.2053e+00 -7.6196e-01 +2.2887e-01 +1.2671e+00 +4.9680e+00 -4.2463e+00 +1.3653e+00 -2.9868e+00 +1.7809e+00
30 +1.380837610e+03 +1.380837610e+03 +1.517707610e+03 +1.517707610e+03 -4.4859e+00 +2.5000e+00 -5.6898e-01 +1.2437e+00 +3.3281e-02 -3.8006e+00 +2.5992e+00 +1.9972e+00 -3.3481e-01 +2.1942e+00 +4.9149e-01 +1.1693e-03 -3.9996e+00 -3.2724e+00 -2.3582e+00 -3.0784e-01 -3.8890e+00 -4.4056e+00 +2.3421e+00 +1.1054e+00
75 +8.979589462e+02 +8.979589462e+02 +1.034828946e+03 +1.034828946e+03 +5.3824e-01 +2.0708e+00 -3.0466e+00 -1.3469e+00 +2.4485e+00 -2.1773e+00 -2.8307e+00 +4.8305e+00 -5.0000e+00 -3.0740e+00 +5.0000e+00 -3.6259e+00 -3.1150e-01 -3.3526e+00 -5.0560e-01 +1.0776e+00 -1.9501e+00 -4.0032e+00 +1.7772e+00 -2.8010e+00
156 +5.923151975e+02 +5.923151975e+02 +7.291851975e+02 +7.291851975e+02 +4.2991e+00 +3.1685e+00 -2.1402e+00 -1.9962e+00 -1.8699e+00 -5.0000e+00 +0.0000e+00 +2.3508e+00 -5.0000e+00 -5.0000e+00 +2.4448e+00 -3.6196e+00 -2.7529e+00 -6.8122e-02 -3.9368e+00 -3.0979e+00 -1.6941e+00 -2.3903e+00 -8.8695e-02 -3.4314e+00
281 +3.819472952e+02 +3.819472952e+02 +5.188172952e+02 +5.188172952e+02 +3.0790e+00 +3.4873e+00 +2.8750e-01 +8.1864e-02 -9.5757e-01 +1.7115e+00 +5.0000e+00 +3.3766e+00 -5.0000e+00 -5.0000e+00 +2.1492e-01 -1.8142e+00 -3.6592e+00 +0.0000e+00 -5.0000e+00 +8.4477e-01 -1.9970e-01 -5.0000e+00 -1.6054e+00 -2.7545e+00
1456 +2.347562314e+02 +2.347562314e+02 +3.716262314e+02 +3.716262314e+02 +5.1332e-01 +3.6212e+00 +2.9052e+00 -9.1256e-02 -2.9805e+00 +1.3966e+00 +1.9027e+00 +4.9326e+00 -5.0000e+00 -5.0000e+00 +1.3778e-01 -1.0640e+00 -3.1132e+00 -1.4923e+00 -4.7502e+00 +1.5619e+00 -1.8132e+00 -4.2995e+00 -4.5887e-01 -2.6991e+00
2709 +1.574996501e+02 +1.574996501e+02 +2.943696501e+02 +2.943696501e+02 +1.4502e+00 +3.6095e+00 +2.8812e+00 +1.6108e+00 -1.4796e-01 +2.9612e+00 +1.8838e+00 +4.8779e+00 -5.0000e+00 -5.0000e+00 +2.2590e-01 -3.6092e+00 -3.9123e+00 -3.8315e-01 -4.6439e+00 +1.1403e+00 -9.0515e-01 -3.1718e+00 -4.5216e-01 -2.9095e+00
7401 +9.668838637e+01 +9.668838637e+01 +2.335583864e+02 +2.335583864e+02 +1.6417e+00 +3.6293e+00 +2.9183e+00 +1.7593e+00 +4.8833e-01 +3.0638e+00 +1.1227e+00 +4.8863e+00 -5.0000e+00 -5.0000e+00 +1.7594e-01 -2.6239e+00 -3.6920e+00 -2.9042e-01 -4.6087e+00 +1.1656e+00 -1.0144e+00 -3.1473e+00 -3.7440e-01 -2.9402e+00
% function evaluation | noise-free fitness - Fopt (2.196000000000e+01) | best noise-free fitness - Fopt | measured fitness | best measured fitness | x1 | x2...
1 +4.764763513e+03 +4.764763513e+03 +4.786723513e+03 +4.786723513e+03 +2.6139e+00 +2.0310e+00 +2.5351e+00 -4.0489e+00 -2.5873e-01 +4.2214e-01 -3.4339e+00 +2.3207e+00 -2.4539e+00 +2.9803e+00 -4.7964e+00 +4.0598e+00 +2.1631e+00 -2.9809e+00 +3.8532e+00 +4.0742e+00 +4.1266e+00 +4.5989e+00 -2.6359e+00 -1.8668e-01
2 +3.149097970e+03 +3.149097970e+03 +3.171057970e+03 +3.171057970e+03 -3.4511e+00 +3.2891e+00 -4.2826e+00 -1.3497e+00 +2.4560e+00 +4.9641e+00 -6.5195e-01 +4.7015e+00 -3.4911e+00 +4.5524e+00 -3.5419e+00 +1.7224e+00 -2.4907e+00 +4.2356e+00 +3.9887e+00 +3.6650e+00 -4.5098e-01 +3.3035e+00 -3.1005e+00 -4.9421e+00
3 +2.326648312e+03 +2.326648312e+03 +2.348608312e+03 +2.348608312e+03 -7.9489e-02 -4.2611e+00 +3.7779e+00 +2.3565e+00 -3.3675e+00 +4.2782e+00 -2.1889e+00 +6.6286e-01 +1.0693e+00 +3.7209e+00 -3.2215e+00 +4.4896e+00 +4.0286e+00 -3.0110e+00 +2.2054e-02 -3.6724e+00 +1.2386e+00 -2.8122e+00 -3.4354e+00 -2.5419e+00
5 +1.214841134e+03 +1.214841134e+03 +1.236801134e+03 +1.236801134e+03 -2.4805e+00 +5.4525e-01 +5.0105e-01 -1.5541e+00 -3.7664e+00 +4.3179e+00 +1.9831e+00 +2.2723e+00 -7.4615e-02 -2.8093e+00 -1.6651e+00 -3.3075e-01 -4.0801e+00 -3.6935e+00 +3.0631e+00 +2.4033e+00 -3.1055e-01 +2.9596e+00 -4.1899e+00 -4.6459e+00
42 +9.608360879e+02 +9.608360879e+02 +9.827960879e+02 +9.827960879e+02 +1.5489e+00 -1.7109e+00 -1.3620e+00 +4.4192e-01 -2.5440e+00 +1.5392e+00 -7.1400e-01 +2.0965e+00 +1.4488e+00 -3.5676e-01 +1.4581e+00 -1.6932e-01 +2.6960e-01 +1.1253e+00 +4.2532e-01 +5.1654e-01 -1.0982e+00 +2.1353e+00 -1.3166e+00 -5.0000e+00
68 +6.211423814e+02 +6.211423814e+02 +6.431023814e+02 +6.431023814e+02 -9.5458e-01 -1.9495e+00 +7.9993e-01 -3.8125e-01 -2.7829e+00 +5.0000e+00 +3.3488e+00 -3.9676e+00 +3.4564e+00 +1.9778e-01 +1.2609e+00 -5.1057e-01 -1.9861e+00 -4.9587e+00 +2.8130e+00 -5.0000e+00 -5.0000e+00 +7.6905e-01 -2.5080e+00 +1.6689e+00
215 +3.833684082e+02 +3.833684082e+02 +4.053284082e+02 +4.053284082e+02 -1.2469e+00 -1.0230e-01 -2.5447e+00 +1.3206e+00 -3.6790e+00 +2.4105e+00 +3.1250e+00 +1.5011e+00 +2.0131e+00 -1.4232e+00 +3.8393e+00 -2.6465e+00 -3.7164e+00 -3.3564e+00 +2.5096e+00 -3.4898e+00 -1.0400e+00 +6.3074e-01 +7.3547e-02 -3.4492e-01
572 +2.490889739e+02 +2.490889739e+02 +2.710489739e+02 +2.710489739e+02 -7.4182e-01 -2.5793e+00 -1.6534e+00 -1.8312e-01 -4.6226e+00 +1.9058e+00 +3.4600e+00 +6.6948e-01 +7.3717e-01 -1.7794e-01 +2.9764e+00 -1.4642e+00 -2.4188e+00 -3.8558e+00 +2.7198e+00 -1.0479e+00 -3.4747e+00 +1.6783e-02 -1.4933e+00 -9.0527e-01
1623 +1.233938101e+02 +1.233938101e+02 +1.453538101e+02 +1.453538101e+02 +4.4009e-01 -2.2680e+00 +1.2299e+00 +3.1819e+00 -3.5200e+00 +1.9952e+00 +3.1517e+00 +1.2025e+00 +7.7396e-01 -2.3182e-01 +1.3572e+00 -1.0641e+00 -3.4506e+00 -3.3582e+00 +1.1611e+00 -1.0170e+00 -2.5499e+00 -2.1870e-01 +2.2412e-01 -5.6935e-01
4028 +9.889546387e+01 +9.889546387e+01 +1.208554639e+02 +1.208554639e+02 +2.8707e-01 -2.1968e+00 +1.5676e+00 +3.2246e+00 -3.5632e+00 +2.0072e+00 +3.3254e+00 +1.2099e+00 +8.6740e-01 -3.6023e-01 +1.7795e+00 -1.0394e+00 -2.4343e+00 -3.3647e+00 +1.2126e+00 -1.0578e+00 -2.6915e+00 -2.1755e-01 +1.4730e-01 -8.2222e-01
5211 +6.238536054e+01 +6.238536054e+01 +8.434536054e+01 +8.434536054e+01 +2.2584e+00 -2.3977e+00 +1.8241e+00 +3.2169e+00 -2.6199e+00 +2.0522e+00 +3.1305e+00 +1.2566e+00 +8.7848e-01 -2.3847e-01 +1.3588e+00 -1.0839e+00 -2.6420e+00 -3.4533e+00 +1.1923e+00 -1.0639e+00 -2.6748e+00 -2.0325e-01 +1.3270e-01 -9.0667e-01
8013 +3.942021554e+01 +3.942021554e+01 +6.138021554e+01 +6.138021554e+01 +2.2973e+00 -2.4072e+00 +1.7205e+00 +3.1833e+00 -2.6111e+00 +2.0604e+00 +3.1831e+00 +1.2881e+00 +6.8377e-01 -2.7204e-01 +1.3018e+00 -1.0676e+00 -2.5514e+00 -3.4586e+00 +1.8932e+00 -1.0591e+00 -2.6802e+00 -1.6286e-01 +9.4121e-02 -8.8602e-01
16078 +2.452244400e+01 +2.452244400e+01 +4.648244400e+01 +4.648244400e+01 +2.3005e+00 -2.4202e+00 +1.6919e+00 +3.2058e+00 -2.6042e+00 +2.0204e+00 +3.9026e+00 +1.1872e+00 +6.7267e-01 -3.2832e-01 +1.2788e+00 -1.0644e+00 -2.8359e+00 -3.4528e+00 +2.3675e+00 -1.0483e+00 -2.6608e+00 -1.0795e-01 -5.6750e-01 -8.8397e-01
% function evaluation | noise-free fitness - Fopt (-2.139000000000e+01) | best noise-free fitness - Fopt | measured fitness | best measured fitness | x1 | x2...
1 +8.801324093e+02 +8.801324093e+02 +8.587424093e+02 +8.587424093e+02 +2.3852e+00 +3.0839e+00 +2.7153e+00 -4.6056e+00 +1.2732e+00 -1.0431e+00 -1.9096e+00 -1.7374e+00 +3.5707e+00 +2.4147e+00 +4.9228e+00 +4.4930e+00 -2.3340e+00 -3.8926e+00 -4.5509e+00 -5.8255e-01 -2.9199e-01 +9.3622e-01 +2.7572e+00 +3.5939e+00
57 +5.180981011e+02 +5.180981011e+02 +4.967081011e+02 +4.967081011e+02 +6.5614e-01 +1.7627e+00 -1.1307e-01 -1.7085e+00 -9.6509e-01 +4.6908e+00 -1.7533e+00 +3.6159e+00 +2.8425e+00 -3.4729e+00 -3.1131e+00 -5.0523e-01 -1.7682e+00 -1.1035e+00 -4.9879e+00 +1.7343e+00 +3.8056e-01 +1.7076e-01 +2.7839e-01 +6.4070e-01
193 +3.603427075e+02 +3.603427075e+02 +3.389527075e+02 +3.389527075e+02 +4.4956e+00 +6.1603e-01 +1.5425e+00 -2.8997e+00 +6.5635e-01 +2.7304e+00 -2.0015e+00 +2.5363e+00 -9.4165e-01 -2.7500e+00 -1.1945e+00 -1.6359e+00 -3.4421e-01 -3.6294e-01 -1.0551e+00 +2.6836e+00 -2.0031e+00 +2.1939e+00 +3.1764e+00 +2.7796e+00
819 +2.502998379e+02 +2.502998379e+02 +2.289098379e+02 +2.289098379e+02 +4.1200e+00 +1.3706e+00 +1.1838e+00 -9.4866e-01 +1.0203e+00 -1.8049e+00 -3.4888e+00 +2.7549e+00 +3.5828e+00 -2.9002e+00 +6.0783e-01 -2.2920e+00 -3.9191e+00 -1.1451e+00 -2.8431e+00 +2.2793e+00 -2.2509e+00 +1.9469e+00 +2.4669e+00 +2.7938e+00
2807 +1.509801353e+02 +1.509801353e+02 +1.295901353e+02 +1.295901353e+02 +3.1543e+00 +1.1719e+00 +2.3150e-01 -3.1560e+00 -2.1574e+00 -4.1429e-01 -3.9126e+00 +2.8447e+00 +2.8331e+00 -2.7979e+00 +8.6718e-01 -1.7021e+00 -2.1840e+00 -2.8226e+00 -2.7795e+00 +9.7495e-01 -7.8347e-01 +1.9203e+00 +2.2676e+00 +2.5109e+00
4402 +9.235921941e+01 +9.235921941e+01 +7.096921941e+01 +7.096921941e+01 +2.8826e+00 +9.0084e-01 -5.7397e-01 -3.0127e+00 -3.1682e+00 -1.1071e-01 -4.1693e+00 +3.1657e+00 +2.7218e+00 -2.0746e+00 +8.5836e-01 -2.7196e+00 -1.5357e+00 -2.8124e+00 -3.0085e+00 +1.3027e+00 -7.7068e-01 +1.9142e+00 +2.7377e+00 +2.5595e+00
6815 +6.183934783e+01 +6.183934783e+01 +4.044934783e+01 +4.044934783e+01 +2.9363e+00 +9.7547e-01 -5.7791e-01 -3.0340e+00 -3.0574e+00 +3.3390e-01 -4.1437e+00 +3.0514e+00 +2.7691e+00 -2.1070e+00 +8.7735e-01 -2.6850e+00 -1.5616e+00 -2.8146e+00 -3.0138e+00 +1.0056e+00 -8.5268e-01 +1.9876e+00 +2.7236e+00 +2.5541e+00
12083 +3.938259704e+01 +3.938259704e+01 +1.799259704e+01 +1.799259704e+01 +3.1932e+00 +9.8084e-01 +2.1527e-01 -3.0503e+00 -3.0263e+00 +1.1545e+00 -4.1433e+00 +3.0676e+00 +2.7519e+00 -2.0322e+00 +8.8937e-01 -2.6981e+00 -1.5701e+00 -2.7963e+00 -3.0410e+00 +9.8949e-01 -8.3792e-01 +1.9269e+00 +2.7061e+00 +2.5890e+00
17249 +2.510707259e+01 +2.510707259e+01 +3.717072590e+00 +3.717072590e+00 +3.2211e+00 +9.8370e-01 +2.2531e-01 -3.0905e+00 -1.6210e+00 +1.1731e+00 -4.1383e+00 +3.0542e+00 +2.7417e+00 -4.2423e-01 +8.9169e-01 -2.7055e+00 -1.5573e+00 -2.7905e+00 -3.0200e+00 +9.7379e-01 -8.4686e-01 +1.9500e+00 +2.7084e+00 +2.5853e+00
% function evaluation | noise-free fitness - Fopt (5.176600000000e+02) | best noise-free fitness - Fopt | measured fitness | best measured fitness | x1 | x2...
1 +5.341745468e+03 +5.341745468e+03 +5.859405468e+03 +5.859405468e+03 +5.2727e-01 +4.4358e+00 +2.1365e+00 -1.7104e+00 -3.0143e-01 -1.9973e+00 -4.0307e+00 +3.2961e+00 +3.5065e+00 -1.8287e+00 -3.4161e+00 +2.6741e+00 -2.2472e+00 -1.7611e+00 -4.4724e+00 -3.5737e+00 -2.3131e+00 -6.3120e-01 +4.4640e+00 -4.3655e+00
3 +3.151949806e+03 +3.151949806e+03 +3.669609806e+03 +3.669609806e+03 -2.3958e+00 -4.2782e+00 -3.2565e+00 +2.5382e+00 +3.5896e+00 +4.1357e+00 -3.5688e+00 +2.8733e+00 -1.8212e+00 +9.9808e-01 -6.1134e-01 -2.4485e+00 -4.4527e+00 +8.3609e-01 +2.7501e+00 +4.5216e-01 +2.5308e+00 -1.1568e+00 +3.2840e+00 +3.7706e-01
8 +2.043856310e+03 +2.043856310e+03 +2.561516310e+03 +2.561516310e+03 -3.1884e+00 -1.5034e-01 +1.7576e+00 -9.6200e-01 +2.3283e+00 +3.4335e+00 +1.9611e+00 +1.4883e+00 +2.8240e+00 +1.7567e+00 -2.7410e+00 +3.7561e+00 -1.7040e+00 +1.8377e+00 +4.3665e+00 +1.4862e+00 +2.1375e+00 +4.6685e+00 -1.7128e+00 -4.7209e-01
9 +1.120186859e+03 +1.120186859e+03 +1.637846859e+03 +1.637846859e+03 +4.9236e+00 -7.5318e-01 +4.3534e+00 -3.4306e+00 -3.0555e+00 +1.2738e+00 +2.1465e+00 -2.9658e-01 +2.8255e-02 +2.0884e+00 -4.0462e+00 -3.0399e+00 +2.6236e+00 +1.5481e+00 -2.2300e+00 +2.2215e+00 +1.0793e+00 +2.5361e+00 +1.1665e+00 -2.8736e+00
35 +8.857886316e+02 +8.857886316e+02 +1.403448632e+03 +1.403448632e+03 -2.0512e+00 -4.1651e+00 -7.5919e-01 +4.0742e+00 -8.0079e-02 -1.5680e+00 +1.9345e+00 +1.0020e+00 -8.7234e-01 -5.2481e-01 +3.0709e+00 -4.7738e+00 +3.7852e+00 -4.2624e+00 -1.6600e+00 +2.5969e+00 -3.3323e+00 -1.8927e+00 -1.7166e+00 -3.0056e+00
103 +5.561415564e+02 +5.561415564e+02 +1.073801556e+03 +1.073801556e+03 +1.5144e+00 -4.2444e+00 +2.8410e-03 +0.0000e+00 +1.5335e+00 +1.7046e+00 -2.1193e+00 -4.8129e+00 +3.7426e+00 +2.2902e+00 -1.1367e+00 -1.6236e+00 +8.8107e-02 -8.5650e-01 -5.4364e-01 +0.0000e+00 +5.7339e-01 +0.0000e+00 -2.7983e+00 -2.4075e+00
332 +3.950336435e+02 +3.950336435e+02 +9.126936435e+02 +9.126936435e+02 -1.3400e-02 -2.9917e+00 -5.7391e-01 +4.7001e+00 +1.4439e+00 +1.6187e-01 -3.2740e+00 -1.7916e+00 +5.2878e-01 -1.5239e+00 +1.8819e+00 -1.6634e+00 +2.0624e+00 -7.2126e-01 +4.4032e-02 +2.6047e+00 +0.0000e+00 -1.0767e+00 -1.1789e+00 -2.6029e+00
652 +2.028805457e+02 +2.028805457e+02 +7.205405457e+02 +7.205405457e+02 -9.1114e-01 +1.3967e+00 -8.2616e-01 +4.6062e+00 +5.2814e-01 +8.6179e-01 -3.1284e+00 -6.7887e-02 +9.2031e-02 +1.0883e+00 -9.1922e-02 -1.6006e+00 +1.9406e+00 -6.8773e-01 +1.4432e-01 +2.1636e+00 +1.4335e+00 +6.2797e-01 -2.4998e+00 -3.2871e+00
1358 +1.562403629e+02 +1.562403629e+02 +6.739003629e+02 +6.739003629e+02 -1.8879e+00 +1.2607e+00 -1.1837e+00 +4.4117e+00 +9.4442e-01 +9.9565e-02 -2.5088e+00 +1.2797e+00 -1.7246e-01 +1.3580e+00 +1.6036e+00 -1.6547e+00 +4.4811e+00 -5.0669e-01 -4.7761e-01 +1.5519e+00 +2.0584e+00 +9.5821e-01 -3.1182e+00 -3.3286e+00
2510 +9.983408034e+01 +9.983408034e+01 +6.174940803e+02 +6.174940803e+02 -1.9068e+00 +1.5513e+00 -1.3860e+00 +4.4691e+00 +1.0519e+00 +6.9456e-01 -2.5415e+00 +6.1485e-01 +4.3207e-01 +1.2404e+00 +2.3951e-01 -1.3765e+00 +4.0175e+00 -5.0968e-01 -3.4524e-01 +1.6184e+00 +1.9818e+00 +9.0961e-01 -3.1215e+00 -3.3143e+00
5698 +6.048699747e+01 +6.048699747e+01 +5.781469975e+02 +5.781469975e+02 -1.8893e+00 +1.5740e+00 -1.0597e+00 +4.4470e+00 +1.0869e+00 +6.4965e-01 -2.5849e+00 +6.3434e-01 +5.1705e-01 +4.8620e-01 -2.2590e-01 -1.3839e+00 +3.8855e+00 -4.8473e-01 -3.5789e-01 +1.5743e+00 +1.9938e+00 +9.0402e-01 -3.1339e+00 -3.3530e+00
10755 +3.977092381e+01 +3.977092381e+01 +5.574309238e+02 +5.574309238e+02 -1.8712e+00 +1.5274e+00 -1.0242e+00 +4.4473e+00 +1.0818e+00 +8.1811e-01 -2.6655e+00 +6.3766e-01 +5.5842e-01 +4.6289e-01 -2.7513e-01 -1.3657e+00 +3.9344e+00 -4.3915e-01 -1.0152e+00 +1.5618e+00 +1.9968e+00 +9.5846e-01 -3.1297e+00 -3.3565e+00
23542 +2.510611551e+01 +2.510611551e+01 +5.427661155e+02 +5.427661155e+02 -1.8820e+00 +1.3858e+00 -1.0550e+00 +4.6345e+00 +1.0709e+00 +8.5650e-01 -3.2223e+00 +5.3520e-01 +5.8545e-01 +1.0788e+00 -2.7999e-01 -1.3722e+00 +3.9434e+00 -4.5972e-01 -1.4993e+00 +1.5450e+00 +2.0142e+00 +9.4948e-01 -3.1392e+00 -3.3625e+00
