% function evaluation | noise-free fitness - Fopt (-4.620900000000e+02) | best noise-free fitness - Fopt | measured fitness | best measured fitness | x1 | x2...
1 +2.453060245e+03 +2.453060245e+03 +1.990970245e+03 +1.990970245e+03 -2.9780e+00 +4.6651e+00 +1.1984e+00 +1.9332e+00 -3.8601e+00 -4.3954e+00 -1.5842e+00 -2.0112e+00 +3.4812e+00 -2.4215e+00
2 +7.771098734e+02 +7.771098734e+02 +3.150198734e+02 +3.150198734e+02 -1.3029e+00 +2.4977e+00 -1.7755e+00 +1.0947e+00 +3.1447e+00 -1.2938e+00 -1.9695e+00 -2.8878e+00 +1.3976e+00 -4.0669e+00
4 +5.437988216e+02 +5.437988216e+02 +8.170882162e+01 +8.170882162e+01 -3.9787e-01 +4.4088e+00 +1.0723e+00 +9.9489e-01 -2.4226e+00 -2.2767e+00 +2.1738e+00 -4.0734e+00 +4.4710e-01 +1.0679e+00
30 +3.478036429e+02 +3.478036429e+02 -1.142863571e+02 -1.142863571e+02 -4.8844e+00 +3.7998e+00 -1.4140e+00 -1.2134e+00 +8.6743e-02 -1.3489e+00 +2.2622e+00 +3.2102e-01 +4.3141e-01 -1.5665e+00
55 +2.371547486e+02 +2.371547486e+02 -2.249352514e+02 -2.249352514e+02 +1.0656e+00 +9.7769e-01 +4.5670e-01 -2.8481e+00 +1.2993e-01 -1.0171e-01 +9.2084e-01 +2.2535e+00 +1.4136e-01 -1.3393e+00
228 +1.545686573e+02 +1.545686573e+02 -3.075213427e+02 -3.075213427e+02 -3.9248e+00 +3.0170e+00 -7.0850e-01 +1.3143e+00 -5.7963e-01 +2.7550e+00 +2.4810e+00 +1.1247e+00 +7.0588e-01 +3.7780e-01
3261 +8.879936094e+01 +8.879936094e+01 -3.732906391e+02 -3.732906391e+02 -2.5921e+00 +2.5109e+00 -4.2974e-03 +2.0442e+00 +1.2163e+00 +7.4578e-01 +1.2651e+00 +3.4863e+00 +1.7964e+00 -2.8774e-01
9516 +6.205506403e+01 +6.205506403e+01 -4.000349360e+02 -4.000349360e+02 -1.2989e+00 +2.3156e+00 +2.3575e+00 +1.4195e+00 +2.3103e+00 +2.6791e+00 +2.1559e+00 +2.6258e+00 +1.4405e+00 +6.6806e-01
% function evaluation | noise-free fitness - Fopt (7.766000000000e+01) | best noise-free fitness - Fopt | measured fitness | best measured fitness | x1 | x2...
1 +5.014270926e+03 +5.014270926e+03 +5.091930926e+03 +5.091930926e+03 -1.3510e+00 +3.8802e+00 +3.6492e+00 -3.3918e+00 +2.9199e+00 -3.0550e+00 +3.2554e+00 -1.5033e+00 -3.3778e+00 -4.0124e+00
4 +9.817951590e+02 +9.817951590e+02 +1.059455159e+03 +1.059455159e+03 +4.2931e+00 -4.8439e+00 +2.4491e+00 +4.4943e+00 -3.0427e+00 +3.1918e+00 -7.2822e-01 -3.2037e+00 -4.7067e-01 -1.0861e+00
10 +5.421294526e+02 +5.421294526e+02 +6.197894526e+02 +6.197894526e+02 -2.1845e+00 -3.9206e+00 -3.4984e+00 +1.1936e+00 -3.5195e-01 -1.2744e+00 -3.7222e+00 +4.1874e+00 -3.6448e+00 -2.3864e+00
12 +3.004338388e+02 +3.004338388e+02 +3.780938388e+02 +3.780938388e+02 +4.2155e-01 +7.8076e-01 +7.9625e-01 +1.6326e+00 +5.8532e-01 -4.8852e+00 -3.5673e+00 +2.4029e+00 -4.4061e-01 -3.4780e+00
217 +2.159935717e+02 +2.159935717e+02 +2.936535717e+02 +2.936535717e+02 +1.6379e+00 +2.9165e+00 -1.8802e+00 +1.8833e+00 +1.4275e+00 -1.1608e+00 +2.8587e-01 -2.3869e-01 -3.4690e+00 -4.1774e+00
1404 +1.530492855e+02 +1.530492855e+02 +2.307092855e+02 +2.307092855e+02 -8.9014e-01 -4.2833e+00 +6.3890e-02 +3.9532e+00 +1.6473e+00 -4.6914e-01 -1.4473e+00 -2.5815e-01 -8.0517e-01 -3.3547e+00
7566 +7.700113278e+01 +7.700113278e+01 +1.546611328e+02 +1.546611328e+02 +2.3430e+00 -4.7671e-01 +1.2563e+00 +4.4771e+00 +1.7525e+00 -6.2364e-01 -4.3965e-01 +3.8948e-01 +9.6871e-02 -3.3152e+00
8720 +3.923438846e+01 +3.923438846e+01 +1.168943885e+02 +1.168943885e+02 +2.3504e+00 -1.5470e-01 +5.8176e-01 +4.7666e+00 +1.3218e+00 -6.3802e-01 +1.7264e-01 +4.9574e-01 +1.3175e-01 -3.5361e+00
9488 +2.488018129e+01 +2.488018129e+01 +1.025401813e+02 +1.025401813e+02 +2.4034e+00 +7.2233e-02 +3.5840e-01 +4.6672e+00 +1.3356e+00 -6.3398e-01 +1.7093e-01 +5.5393e-01 +1.6086e-01 -3.5677e+00
9852 +1.543210975e+01 +1.543210975e+01 +9.309210975e+01 +9.309210975e+01 +2.3970e+00 +6.3550e-02 +4.6451e-01 +4.6696e+00 +1.3344e+00 -5.5634e-01 +1.5944e-01 +5.3054e-01 +1.6669e-01 -3.5425e+00
% function evaluation | noise-free fitness - Fopt (1.156800000000e+02) | best noise-free fitness - Fopt | measured fitness | best measured fitness | x1 | x2...
1 +7.057549447e+02 +7.057549447e+02 +8.214349447e+02 +8.214349447e+02 -2.4875e-01 +1.3494e+00 -7.1195e-01 +3.8299e+00 +1.2260e+00 +1.5110e+00 -1.4409e+00 +4.7931e+00 +4.5417e+00 -2.9351e+00
2 +4.751071209e+02 +4.751071209e+02 +5.907871209e+02 +5.907871209e+02 +2.5730e+00 -4.7162e+00 +3.9547e-04 -4.8771e+00 +2.5722e+00 -4.5792e+00 -3.7683e-01 +1.2750e+00 +5.0731e-01 -2.7619e+00
26 +3.753348775e+02 +3.753348775e+02 +4.910148775e+02 +4.910148775e+02 -1.9848e+00 -1.3728e-01 -3.1387e+00 -3.8691e+00 -1.3104e-01 +4.5160e-01 +1.8584e+00 +2.7781e+00 +1.3584e+00 -4.6498e-01
80 +2.272222799e+02 +2.272222799e+02 +3.429022799e+02 +3.429022799e+02 -7.2061e-01 -3.1992e+00 -1.3652e+00 -4.2578e-01 -3.1894e-01 -9.4201e-01 +2.6957e+00 +2.2490e+00 +3.5298e+00 -2.5230e+00
397 +1.332577302e+02 +1.332577302e+02 +2.489377302e+02 +2.489377302e+02 -4.4538e-03 +2.5227e+00 -1.3445e+00 +2.3373e+00 +1.0916e+00 -3.0960e+00 +1.4894e+00 +2.1901e+00 +3.9261e+00 -1.3462e+00
6890 +9.775016390e+01 +9.775016390e+01 +2.134301639e+02 +2.134301639e+02 +1.7355e+00 -1.8419e+00 -1.0489e+00 +1.2184e+00 +2.8653e+00 -1.4237e+00 +2.6901e+00 +1.9820e+00 +3.1194e+00 -2.5537e+00
9365 +5.447852444e+01 +5.447852444e+01 +1.701585244e+02 +1.701585244e+02 +2.2641e+00 +2.8320e-02 -6.4899e-01 +3.7022e+00 +2.4191e+00 -3.2359e+00 +2.5139e+00 +2.6690e+00 +3.5538e+00 -2.2974e+00
% function evaluation | noise-free fitness - Fopt (-3.710000000000e+00) | best noise-free fitness - Fopt | measured fitness | best measured fitness | x1 | x2...
1 +5.564727732e+03 +5.564727732e+03 +5.561017732e+03 +5.561017732e+03 +3.0956e+00 -4.5159e+00 -2.4314e+00 +4.6536e+00 -4.5360e+00 +3.8967e+00 +3.5269e+00 -4.7136e+00 -3.4445e+00 +1.0184e+00
2 +1.294823346e+03 +1.294823346e+03 +1.291113346e+03 +1.291113346e+03 -3.7605e-01 -3.3378e+00 -1.9043e+00 -3.3208e+00 +4.6004e+00 -2.7561e+00 -3.2971e+00 -4.0203e+00 -3.7565e+00 -6.3772e-01
3 +9.936344906e+02 +9.936344906e+02 +9.899244906e+02 +9.899244906e+02 +3.6154e-01 +4.6219e-01 +2.0015e+00 +1.6411e+00 -7.5479e-01 +4.8851e+00 +1.1936e+00 -2.6356e+00 -2.3921e-01 -4.1976e+00
17 +4.881155718e+02 +4.881155718e+02 +4.844055718e+02 +4.844055718e+02 +3.7361e+00 +2.5302e+00 -2.5975e+00 -1.7492e+00 -4.1169e+00 +2.2279e+00 -7.1551e-01 -2.3261e+00 +2.3072e+00 -2.1494e+00
49 +3.697973500e+02 +3.697973500e+02 +3.660873500e+02 +3.660873500e+02 -1.0194e+00 -1.7575e+00 -1.8476e+00 -1.2882e-01 +2.8679e+00 -7.2093e-02 -2.4110e-01 +2.8718e+00 +1.2045e+00 +7.6580e-01
150 +2.135230054e+02 +2.135230054e+02 +2.098130054e+02 +2.098130054e+02 +1.5248e+00 +1.6777e-01 -2.3702e-01 +2.7035e+00 +2.6827e+00 +2.6585e-01 -2.0560e+00 -1.2566e+00 +2.4452e+00 +2.3758e+00
1156 +1.535378870e+02 +1.535378870e+02 +1.498278870e+02 +1.498278870e+02 +3.0943e-01 -2.4370e+00 +1.5295e+00 +1.1480e+00 +2.4861e+00 +4.4336e+00 -1.3188e+00 -3.1420e+00 +7.1175e-01 +6.3912e-02
6320 +8.712252979e+01 +8.712252979e+01 +8.341252979e+01 +8.341252979e+01 +2.9809e+00 -4.7004e+00 +9.3072e-01 +3.8348e+00 +3.1486e+00 +4.9163e+00 -2.2008e-01 -1.9934e+00 +1.5758e+00 +2.0741e-01
9227 +5.286797805e+01 +5.286797805e+01 +4.915797805e+01 +4.915797805e+01 +8.4375e-01 -2.3838e+00 +9.6861e-01 +4.0335e+00 +2.7688e+00 +3.6207e+00 -2.9410e-01 -1.6101e+00 +2.0462e+00 +3.8630e-01
9554 +3.091138595e+01 +3.091138595e+01 +2.720138595e+01 +2.720138595e+01 +1.1094e+00 -2.2847e+00 +9.4794e-01 +4.0300e+00 +2.5149e+00 +3.5398e+00 -2.7352e-01 -1.5558e+00 +2.0170e+00 +3.3375e-01
9857 +2.453858209e+01 +2.453858209e+01 +2.082858209e+01 +2.082858209e+01 +1.1830e+00 -2.3253e+00 +9.4468e-01 +4.0008e+00 +2.4856e+00 +3.5862e+00 -2.8057e-01 -1.5575e+00 +2.0309e+00 +3.2855e-01
% function evaluation | noise-free fitness - Fopt (1.321800000000e+02) | best noise-free fitness - Fopt | measured fitness | best measured fitness | x1 | x2...
1 +7.261034783e+02 +7.261034783e+02 +8.582834783e+02 +8.582834783e+02 -1.0340e+00 -1.3741e+00 +4.4016e+00 +2.0452e+00 +1.5405e+00 +4.2762e+00 -4.1700e+00 -2.0714e+00 +5.3261e-01 -3.2705e+00
4 +4.379445205e+02 +4.379445205e+02 +5.701245205e+02 +5.701245205e+02 -3.4350e-01 +1.6508e+00 +3.3195e+00 +2.0338e+00 +1.0257e+00 -2.7845e+00 -2.8785e+00 +4.5176e+00 -1.2908e+00 +2.1648e+00
16 +3.800994163e+02 +3.800994163e+02 +5.122794163e+02 +5.122794163e+02 -1.3471e+00 -9.0870e-01 -2.5783e+00 -1.9329e+00 -3.8716e-01 +3.8457e+00 -1.0967e+00 +3.5939e-01 +1.0929e+00 +1.1618e+00
102 +2.436041458e+02 +2.436041458e+02 +3.757841458e+02 +3.757841458e+02 +5.0734e-01 -1.1688e+00 +5.3836e-01 -4.9261e+00 +1.8926e+00 +3.9433e-01 +6.7766e-01 +2.0510e+00 -1.5747e+00 -6.1079e-01
1852 +1.488031232e+02 +1.488031232e+02 +2.809831232e+02 +2.809831232e+02 +3.1204e+00 +2.3998e+00 +1.4391e+00 -2.8462e+00 -1.8085e-01 +6.8328e-01 +1.3206e+00 +4.9533e-01 +2.5550e-02 +1.5145e+00
6967 +9.467190295e+01 +9.467190295e+01 +2.268519029e+02 +2.268519029e+02 +2.7290e+00 -5.8851e-02 +2.5489e+00 -1.3230e+00 +1.7500e+00 -1.4490e+00 +1.9664e+00 +2.0334e+00 +1.6195e-01 -5.6456e-01
% function evaluation | noise-free fitness - Fopt (-5.847300000000e+02) | best noise-free fitness - Fopt | measured fitness | best measured fitness | x1 | x2...
1 +1.723117159e+03 +1.723117159e+03 +1.138387159e+03 +1.138387159e+03 +2.2292e+00 -2.4863e+00 +3.4466e-02 +1.1022e+00 -4.8443e+00 +3.9863e+00 +4.8761e+00 -3.8312e+00 +7.9554e-01 -7.8500e-01
2 +6.657345801e+02 +6.657345801e+02 +8.100458007e+01 +8.100458007e+01 +3.3295e+00 +1.7060e+00 +1.6596e+00 -4.6023e+00 -1.6704e+00 +9.5748e-01 +4.0617e+00 -3.2613e+00 +5.7333e-01 -3.9153e+00
14 +5.978982239e+02 +5.978982239e+02 +1.316822391e+01 +1.316822391e+01 -3.9642e+00 +4.3696e-01 -1.9862e+00 +2.2565e+00 +9.1902e-01 -3.3730e+00 -5.0894e-01 -4.0159e+00 -3.3358e+00 -2.5359e+00
49 +2.697216751e+02 +2.697216751e+02 -3.150083249e+02 -3.150083249e+02 -3.3710e-01 -3.1576e+00 +2.6684e-02 -4.0857e+00 -1.0602e+00 +9.0212e-02 -2.2681e+00 -4.9738e-01 +3.6068e-01 -1.9874e+00
129 +2.109850433e+02 +2.109850433e+02 -3.737449567e+02 -3.737449567e+02 -6.7652e-01 -4.7053e+00 -1.5678e+00 +1.3008e-01 -8.5754e-01 -4.0334e+00 +8.9206e-01 +1.7979e+00 +9.2559e-01 -1.8340e+00
2556 +1.489003985e+02 +1.489003985e+02 -4.358296015e+02 -4.358296015e+02 -4.7564e-01 -3.1149e+00 +1.2789e+00 -2.5249e+00 -1.8656e+00 -4.1733e+00 +2.1773e+00 +7.2724e-01 -5.5036e-01 -8.0053e-01
8022 +8.443353649e+01 +8.443353649e+01 -5.002964635e+02 -5.002964635e+02 +1.4706e+00 -3.1035e+00 +7.5033e-01 -5.0000e+00 -4.3288e-01 -1.3547e+00 +3.1396e+00 -4.5244e-01 +1.0569e+00 -2.3996e+00
9512 +5.955249842e+01 +5.955249842e+01 -5.251775016e+02 -5.251775016e+02 +1.0991e+00 -3.4839e+00 +8.5060e-01 -4.6072e+00 +8.0436e-02 -3.3278e+00 +3.1562e+00 -4.3001e-02 +3.5149e-01 -2.3255e+00
% function evaluation | noise-free fitness - Fopt (-3.654000000000e+01) | best noise-free fitness - Fopt | measured fitness | best measured fitness | x1 | x2...
1 +6.455713361e+03 +6.455713361e+03 +6.419173361e+03 +6.419173361e+03 +4.4251e+00 -2.5514e+00 +4.2206e+00 -1.1972e+00 +2.9689e+00 +1.0713e+00 +8.3714e-01 -1.4627e+00 +1.1103e-01 -1.3918e+00
2 +2.271892944e+03 +2.271892944e+03 +2.235352944e+03 +2.235352944e+03 +9.2482e-01 -2.5476e+00 +2.6670e+00 -1.0688e+00 -4.1127e+00 +2.6003e+00 -1.6181e-01 -3.4202e+00 -3.0730e+00 +4.3512e+00
4 +1.214358999e+03 +1.214358999e+03 +1.177818999e+03 +1.177818999e+03 +3.0438e+00 -3.2851e+00 -5.7257e-01 +3.8150e+00 +8.9558e-01 +1.8501e+00 +3.0747e+00 +3.5575e+00 -3.7460e-01 -4.5736e+00
21 +3.598175460e+02 +3.598175460e+02 +3.232775460e+02 +3.232775460e+02 -3.7684e+00 +3.6802e+00 -4.9556e+00 +1.7989e+00 -4.6924e+00 +9.5537e-01 +2.2533e+00 -1.7937e+00 -1.0383e+00 -1.3412e+00
79 +2.341315238e+02 +2.341315238e+02 +1.975915238e+02 +1.975915238e+02 -3.5797e+00 -3.4169e-01 -2.4562e-01 +1.0750e+00 -1.0495e+00 +2.3278e+00 +5.1854e-02 -3.5161e+00 +1.1101e+00 -3.1485e+00
2698 +1.571446162e+02 +1.571446162e+02 +1.206046162e+02 +1.206046162e+02 -3.8048e+00 +1.2232e+00 -4.5013e+00 -1.0764e+00 +3.9342e-01 -1.6897e+00 +2.3931e+00 -9.1507e-01 +3.2749e-01 -3.3133e+00
8248 +9.374559901e+01 +9.374559901e+01 +5.720559901e+01 +5.720559901e+01 -2.8406e+00 -2.2477e+00 -1.2420e+00 +9.0357e-01 -3.4239e-01 -1.7299e+00 +2.9620e+00 -5.6915e-01 +9.9342e-01 -1.7150e+00
9661 +6.169414467e+01 +6.169414467e+01 +2.515414467e+01 +2.515414467e+01 -2.8542e+00 -1.2771e+00 -1.3923e+00 +1.0825e+00 -1.7165e+00 -2.8836e+00 +2.6628e+00 -9.6853e-01 +1.3673e+00 -2.5359e+00
% function evaluation | noise-free fitness - Fopt (1.000000000000e+03) | best noise-free fitness - Fopt | measured fitness | best measured fitness | x1 | x2...
1 +2.688582478e+03 +2.688582478e+03 +3.688582478e+03 +3.688582478e+03 +2.1566e+00 +2.9806e+00 +3.3684e+00 +9.9935e-01 +4.2727e+00 -2.3243e+00 +1.2919e+00 -4.4581e+00 -1.5880e+00 -5.6408e-01
3 +7.787362223e+02 +7.787362223e+02 +1.778736222e+03 +1.778736222e+03 +2.8449e+00 -3.5920e+00 +1.7319e-01 -3.6684e+00 -1.7208e-01 +3.2764e+00 +3.0991e+00 -3.3530e+00 -2.7650e-01 +2.3847e+00
5 +6.137794839e+02 +6.137794839e+02 +1.613779484e+03 +1.613779484e+03 +6.7838e-01 -4.3345e+00 -2.4820e+00 -4.0192e-01 +2.3511e+00 +2.6480e+00 -1.3534e+00 +3.9318e+00 +3.3948e-01 -6.3585e-01
45 +3.606246401e+02 +3.606246401e+02 +1.360624640e+03 +1.360624640e+03 +8.5205e-01 +2.5166e+00 -1.5303e+00 +3.8080e+00 +1.0988e+00 -3.2520e+00 +2.3949e+00 -1.1568e-01 +1.8073e+00 +4.4619e-01
125 +2.329004918e+02 +2.329004918e+02 +1.232900492e+03 +1.232900492e+03 +3.8062e-01 -2.6525e+00 -1.2134e+00 +1.4748e+00 -1.2757e+00 +4.9791e+00 +3.0600e+00 -3.4904e+00 +2.7009e+00 -1.0924e+00
2615 +1.342010039e+02 +1.342010039e+02 +1.134201004e+03 +1.134201004e+03 +5.1196e-01 -8.3696e-01 -4.4498e+00 +4.1830e+00 +2.3515e+00 +3.4627e+00 +3.8001e+00 -1.2780e+00 +2.2980e+00 -1.7923e+00
8081 +8.248918214e+01 +8.248918214e+01 +1.082489182e+03 +1.082489182e+03 +1.6932e+00 -2.1404e+00 +3.2565e-02 +2.8186e+00 +3.0176e+00 +2.1884e+00 +2.8072e+00 -2.1078e+00 +3.7449e+00 -2.2172e+00
9416 +5.816946846e+01 +5.816946846e+01 +1.058169468e+03 +1.058169468e+03 +1.8522e+00 -2.3758e+00 +1.1287e-01 +3.6980e+00 +2.9165e+00 +1.2445e+00 +2.7419e+00 -2.3899e+00 +3.7537e+00 -2.0484e+00
9918 +3.938363818e+01 +3.938363818e+01 +1.039383638e+03 +1.039383638e+03 +1.7726e+00 -2.5032e+00 +1.8547e-01 +3.7364e+00 +2.9183e+00 +1.2406e+00 +2.7447e+00 -2.1309e+00 +3.7433e+00 -2.0536e+00
% function evaluation | noise-free fitness - Fopt (4.661000000000e+01) | best noise-free fitness - Fopt | measured fitness | best measured fitness | x1 | x2...
1 +7.902382775e+02 +7.902382775e+02 +8.368482775e+02 +8.368482775e+02 +1.7043e+00 -4.4062e+00 -1.7763e+00 +5.6723e-02 -4.3320e+00 +4.9353e-01 +1.7964e-01 +2.9305e+00 -3.6854e-01 +1.5960e+00
4 +5.636423193e+02 +5.636423193e+02 +6.102523193e+02 +6.102523193e+02 +1.3178e+00 +2.1469e+00 -2.4532e+00 +3.3983e+00 -5.8356e-01 -1.3125e+00 -2.8236e+00 +3.4566e+00 -3.8978e-01 -2.7708e+00
34 +3.132481813e+02 +3.132481813e+02 +3.598581813e+02 +3.598581813e+02 +1.4224e+00 -1.3705e+00 +2.0291e-02 -5.5520e-01 -2.1730e+00 -4.6346e-01 +9.1522e-01 -1.8527e+00 +2.9415e-01 +1.3757e-02
47 +2.239417833e+02 +2.239417833e+02 +2.705517833e+02 +2.705517833e+02 -1.7406e+00 +1.1108e+00 +6.0602e-01 +5.0000e+00 -3.1476e-01 -2.9412e+00 +2.3662e+00 -4.1351e+00 +7.1050e-01 -4.1548e+00
3249 +1.510106046e+02 +1.510106046e+02 +1.976206046e+02 +1.976206046e+02 -3.7082e+00 +1.8813e+00 +1.5150e+00 +3.4259e+00 +3.8783e-01 -2.5552e+00 +1.3507e+00 -3.5341e+00 -4.3006e-01 -3.1046e+00
7142 +9.846618945e+01 +9.846618945e+01 +1.450761895e+02 +1.450761895e+02 -3.7180e+00 +3.3017e+00 +1.6666e+00 +4.2405e+00 +9.7275e-01 -1.5084e+00 +3.5031e+00 -1.5796e+00 +6.1635e-01 -2.4463e+00
7471 +5.349566748e+01 +5.349566748e+01 +1.001056675e+02 +1.001056675e+02 -2.2116e-01 +4.0126e+00 +2.0087e+00 +2.1987e+00 +4.3849e-01 -3.1548e+00 +3.1374e+00 -1.8029e+00 +5.4797e-01 -2.4421e+00
9408 +3.765616575e+01 +3.765616575e+01 +8.426616575e+01 +8.426616575e+01 -1.8022e-01 +4.0764e+00 +2.0222e+00 +2.1715e+00 +4.2978e-01 -3.0645e+00 +3.1298e+00 -1.7697e+00 +6.1705e-01 -2.3958e+00
% function evaluation | noise-free fitness - Fopt (-2.643100000000e+02) | best noise-free fitness - Fopt | measured fitness | best measured fitness | x1 | x2...
1 +1.547985041e+03 +1.547985041e+03 +1.283675041e+03 +1.283675041e+03 +9.4935e-01 +1.9077e+00 +1.3542e+00 -3.9421e+00 +4.6153e+00 -1.7653e+00 +9.6488e-01 -4.8132e+00 +1.4091e+00 +3.1413e+00
2 +7.130206744e+02 +7.130206744e+02 +4.487106744e+02 +4.487106744e+02 -4.2746e+00 +1.9662e+00 -1.5248e+00 -3.0751e+00 -4.2831e+00 -1.7268e+00 -9.1727e-01 +3.0427e+00 -6.2855e-01 -2.9674e+00
9 +5.642949556e+02 +5.642949556e+02 +2.999849556e+02 +2.999849556e+02 +3.3811e+00 +1.1944e+00 +1.9043e+00 -1.3305e+00 -3.8990e+00 -9.3283e-01 +1.8597e+00 -3.4077e+00 +1.0070e+00 -3.3688e-01
31 +2.948028230e+02 +2.948028230e+02 +3.049282299e+01 +3.049282299e+01 +2.7916e+00 -4.9423e+00 +6.6693e-01 +3.6916e+00 -1.1579e+00 -4.4359e+00 +5.4040e-01 +7.1359e-01 -1.5012e+00 +2.0416e+00
81 +2.468027803e+02 +2.468027803e+02 -1.750721970e+01 -1.750721970e+01 +3.0034e+00 +9.8430e-01 +2.8547e+00 -4.5460e-01 +4.5862e-01 -5.1323e+00 +1.7263e+00 -2.0054e+00 -2.2551e+00 +1.8135e+00
517 +1.512759331e+02 +1.512759331e+02 -1.130340669e+02 -1.130340669e+02 +2.2057e+00 +4.8368e-01 -1.3380e+00 -4.0029e-01 +2.9016e+00 -4.1392e+00 +2.4573e+00 +1.3959e+00 +5.0033e-01 +3.8592e+00
4252 +9.383628859e+01 +9.383628859e+01 -1.704737114e+02 -1.704737114e+02 +3.1667e+00 +9.1027e-01 +1.3548e+00 +6.5602e-01 +2.3015e+00 -2.4892e+00 +3.4409e+00 +1.4239e+00 -4.4064e-01 +3.0711e+00
% function evaluation | noise-free fitness - Fopt (7.273000000000e+01) | best noise-free fitness - Fopt | measured fitness | best measured fitness | x1 | x2...
1 +1.600777402e+03 +1.600777402e+03 +1.673507402e+03 +1.673507402e+03 -3.4226e+00 -6.6884e-01 +4.3886e+00 -2.9335e+00 +2.2272e+00 -2.7557e+00 -1.7929e+00 -4.8728e+00 -8.1372e-01 -3.3576e+00
4 +6.169488686e+02 +6.169488686e+02 +6.896788686e+02 +6.896788686e+02 -1.5163e-02 -4.8027e+00 +8.1542e-01 +2.7975e+00 +2.5125e+00 -9.9557e-01 +3.0735e+00 +2.7178e+00 -2.4991e-01 -2.8554e+00
65 +3.792392011e+02 +3.792392011e+02 +4.519692011e+02 +4.519692011e+02 -2.5627e-01 -6.4577e-01 +1.8839e+00 -1.3014e-01 -2.0382e+00 +2.8907e+00 -1.9460e+00 -2.6837e+00 -2.1951e+00 -9.5401e-01
166 +2.015667630e+02 +2.015667630e+02 +2.742967630e+02 +2.742967630e+02 +5.2323e-01 -3.7937e+00 +2.2730e+00 +1.3717e-01 +1.6136e+00 +2.1801e-01 +9.5649e-01 -1.3688e+00 -6.3210e-01 -1.1571e+00
895 +1.551532776e+02 +1.551532776e+02 +2.278832776e+02 +2.278832776e+02 +1.0515e+00 -2.6896e+00 -3.4734e+00 +8.7163e-01 +8.9809e-02 +1.1808e+00 +3.0929e+00 -2.5834e+00 +6.7958e-01 -4.0532e-01
7316 +9.645099069e+01 +9.645099069e+01 +1.691809907e+02 +1.691809907e+02 +1.8280e+00 -1.2384e+00 +7.3276e-01 +2.3894e+00 +9.9283e-01 +4.3653e+00 +2.1515e+00 -2.4674e+00 +1.8024e-01 -6.7633e-01
8027 +5.943781597e+01 +5.943781597e+01 +1.321678160e+02 +1.321678160e+02 +1.6166e+00 -1.2775e+00 +5.9066e-01 +2.1936e+00 +1.0082e+00 +4.2947e+00 +2.3793e+00 -2.5298e+00 +2.5682e-01 -6.2512e-01
9032 +3.681383277e+01 +3.681383277e+01 +1.095438328e+02 +1.095438328e+02 +1.5717e+00 -1.3259e+00 +6.1864e-01 +2.1690e+00 +1.0041e+00 +4.2861e+00 +2.4254e+00 -2.4516e+00 +2.7400e-01 -6.8996e-01
% function evaluation | noise-free fitness - Fopt (1.368700000000e+02) | best noise-free fitness - Fopt | measured fitness | best measured fitness | x1 | x2...
1 +3.477545172e+03 +3.477545172e+03 +3.614415172e+03 +3.614415172e+03 -4.2228e-01 -2.4184e+00 +9.8020e-01 +1.7577e+00 -3.3343e+00 +2.8708e+00 +2.8448e+00 +1.1644e+00 -3.9347e+00 -1.1922e+00
2 +7.341896958e+02 +7.341896958e+02 +8.710596958e+02 +8.710596958e+02 -4.6546e+00 -2.2223e+00 +3.4238e+00 +1.5303e+00 -2.2910e+00 -4.1530e+00 -4.0008e+00 -1.7237e-01 -3.8212e+00 -2.9540e+00
14 +5.548486814e+02 +5.548486814e+02 +6.917186814e+02 +6.917186814e+02 +4.2996e+00 +1.7801e+00 -2.4522e+00 +1.8360e+00 -3.9495e+00 -2.2400e+00 -4.5018e+00 +4.4536e+00 -1.0701e+00 -1.5063e+00
67 +3.936442074e+02 +3.936442074e+02 +5.305142074e+02 +5.305142074e+02 +2.6981e+00 +3.6650e-01 -2.5066e+00 -1.3345e-01 -1.9008e+00 -4.3190e+00 -1.5425e+00 +3.5046e+00 -1.1896e+00 -3.5125e+00
128 +2.486855159e+02 +2.486855159e+02 +3.855555159e+02 +3.855555159e+02 -2.4944e+00 -2.1884e-01 +9.4937e-01 +8.0827e-01 +3.9807e-01 +3.2160e+00 -1.0093e-01 +8.0447e-01 -5.5242e-01 -2.2896e+00
4197 +1.557129757e+02 +1.557129757e+02 +2.925829757e+02 +2.925829757e+02 +4.9999e-01 +2.0755e+00 +4.1445e+00 -2.8635e+00 +2.1546e-01 +1.8297e+00 -1.4192e-02 +4.8688e+00 -1.0705e+00 -4.1295e+00
6066 +6.657333772e+01 +6.657333772e+01 +2.034433377e+02 +2.034433377e+02 +1.2709e+00 +2.6440e+00 +3.8236e+00 +8.3297e-01 -1.0158e+00 +1.5898e+00 -1.8240e-01 +2.8668e+00 -1.5129e-01 -4.2066e+00
7950 +6.124941429e+01 +6.124941429e+01 +1.981194143e+02 +1.981194143e+02 +1.2903e+00 +2.7960e+00 +3.8260e+00 +7.9024e-01 -1.0660e+00 +1.5908e+00 -1.4969e-01 +2.8403e+00 -1.4778e-01 -4.2039e+00
8925 +3.976234306e+01 +3.976234306e+01 +1.766323431e+02 +1.766323431e+02 +1.3598e+00 +2.7100e+00 +3.8040e+00 +8.2402e-01 -1.0788e+00 +1.6172e+00 -2.6256e-02 +2.8394e+00 -1.0716e-01 -4.1767e+00
% function evaluation | noise-free fitness - Fopt (2.196000000000e+01) | best noise-free fitness - Fopt | measured fitness | best measured fitness | x1 | x2...
1 +1.526455711e+03 +1.526455711e+03 +1.548415711e+03 +1.548415711e+03 +8.3644e-01 +1.7091e+00 +4.2224e+00 +3.0700e+00 -3.4221e+00 +4.1498e+00 +9.0819e-01 +4.3591e-02 -3.0482e+00 +8.9584e-01
4 +3.648868634e+02 +3.648868634e+02 +3.868468634e+02 +3.868468634e+02 +3.1249e+00 -3.9642e+00 +1.7273e-01 +1.7523e+00 -3.1740e+00 -3.3946e+00 +2.0033e+00 -7.4590e-01 -6.1060e-01 +1.3541e+00
172 +2.484470793e+02 +2.484470793e+02 +2.704070793e+02 +2.704070793e+02 +3.0719e+00 -3.7773e+00 +1.4966e+00 -4.9949e-02 +6.1581e-01 +4.6883e-02 +1.1498e+00 +2.6634e+00 -1.1128e+00 +5.8040e-01
562 +1.256000756e+02 +1.256000756e+02 +1.475600756e+02 +1.475600756e+02 +5.8863e-02 +1.1067e+00 -2.4041e-01 +6.7624e-01 +2.5477e+00 +2.6916e+00 +3.4679e+00 +1.2515e-01 -9.8734e-01 +1.0638e+00
7624 +9.862682677e+01 +9.862682677e+01 +1.205868268e+02 +1.205868268e+02 +2.3297e+00 +5.5782e-02 +1.3192e+00 +1.0501e+00 +2.6733e+00 +2.6916e+00 +3.5623e+00 +5.8172e-01 -1.6886e+00 +3.5757e-01
9836 +6.190846286e+01 +6.190846286e+01 +8.386846286e+01 +8.386846286e+01 +2.2596e+00 +2.8910e-01 -6.8541e-01 +2.9175e+00 +1.4971e+00 +6.9440e-01 +2.9762e+00 -3.4258e-01 -3.0613e-01 -6.8862e-01
% function evaluation | noise-free fitness - Fopt (-2.139000000000e+01) | best noise-free fitness - Fopt | measured fitness | best measured fitness | x1 | x2...
1 +3.281659498e+03 +3.281659498e+03 +3.260269498e+03 +3.260269498e+03 +3.4114e-01 +1.8315e-01 +4.9364e+00 -2.6597e+00 -3.5061e+00 -4.6393e+00 +3.8118e-01 +4.6899e+00 -4.6461e+00 -2.7132e+00
2 +1.173555502e+03 +1.173555502e+03 +1.152165502e+03 +1.152165502e+03 +8.3261e-01 +3.2117e+00 +2.4456e+00 +3.0983e+00 -1.5059e+00 -1.3709e+00 -1.0809e+00 -4.6205e+00 -3.0820e+00 -9.3250e-01
4 +6.670811911e+02 +6.670811911e+02 +6.456911911e+02 +6.456911911e+02 +2.4604e+00 -2.7841e+00 -1.5580e-01 -2.1978e+00 -8.4844e-01 -4.1109e+00 -3.9471e+00 +4.2963e+00 -1.1755e+00 -1.3207e+00
6 +5.676103208e+02 +5.676103208e+02 +5.462203208e+02 +5.462203208e+02 -5.6918e-01 +6.4803e-01 -5.4847e-01 -1.5587e+00 -9.0899e-01 +3.2684e+00 -4.0681e-01 +2.7173e+00 -3.4837e+00 -2.7115e+00
81 +2.893951262e+02 +2.893951262e+02 +2.680051262e+02 +2.680051262e+02 +8.9116e-01 -5.9133e-01 +6.3737e-01 -2.9513e-01 -2.6157e-01 -2.8366e+00 +1.3081e+00 +3.6488e+00 +1.7314e+00 +9.5565e-01
148 +2.176050713e+02 +2.176050713e+02 +1.962150713e+02 +1.962150713e+02 +1.9165e+00 -3.5676e+00 +1.3560e+00 -4.9160e+00 +2.4057e-01 -6.6214e-01 +3.1296e+00 +0.0000e+00 +2.6694e+00 -7.2805e-01
4087 +1.563613820e+02 +1.563613820e+02 +1.349713820e+02 +1.349713820e+02 +4.3503e-01 +6.3059e-02 -2.8529e-01 -3.2402e+00 -6.2112e-01 +2.1108e+00 +1.6441e+00 +1.1863e+00 +2.6172e+00 -1.2976e+00
6981 +8.910820578e+01 +8.910820578e+01 +6.771820578e+01 +6.771820578e+01 +2.3346e+00 +3.5475e+00 -1.8233e-01 -5.0000e+00 +8.8625e-01 +5.1799e-01 +3.3903e+00 +1.0717e+00 +2.7858e+00 -6.4225e-01
8414 +6.173884281e+01 +6.173884281e+01 +4.034884281e+01 +4.034884281e+01 +2.1382e+00 +3.5026e+00 -3.9764e-01 -5.0000e+00 +5.6247e-01 -2.3817e-01 +3.3331e+00 +1.0559e+00 +2.6534e+00 -7.7495e-01
% function evaluation | noise-free fitness - Fopt (5.176600000000e+02) | best noise-free fitness - Fopt | measured fitness | best measured fitness | x1 | x2...
1 +5.217270697e+02 +5.217270697e+02 +1.039387070e+03 +1.039387070e+03 -1.1933e+00 +2.9393e+00 -3.7280e+00 +1.3059e+00 +2.0068e+00 -3.9450e+00 -3.7825e+00 -1.5477e+00 -9.9828e-01 +3.0575e+00
6 +2.499554677e+02 +2.499554677e+02 +7.676154677e+02 +7.676154677e+02 +8.0789e-01 +3.1866e+00 -3.0067e-01 -1.1306e+00 -4.3152e+00 -3.3752e-01 +2.9504e+00 -6.4660e-01 -5.7005e-01 +2.0129e+00
144 +1.556679825e+02 +1.556679825e+02 +6.733279825e+02 +6.733279825e+02 +3.9168e+00 +5.7834e-02 -9.9991e-01 +8.3931e-01 -4.8703e-01 +1.0934e-02 +3.3242e+00 +2.9775e-01 +3.3176e-01 +5.3832e-01
7604 +9.652390973e+01 +9.652390973e+01 +6.141839097e+02 +6.141839097e+02 +8.4039e-01 +1.0188e+00 -9.1186e-01 +3.6891e+00 +1.2833e+00 +7.8156e-01 +3.4956e+00 -7.0075e-01 +5.2155e-01 +1.6951e+00
9544 +5.495029680e+01 +5.495029680e+01 +5.726102968e+02 +5.726102968e+02 +3.8912e+00 +1.5061e+00 -1.8506e+00 +4.5566e+00 +1.3757e+00 -2.6304e+00 +3.4092e+00 -5.5161e-02 -2.1489e-01 +1.4617e+00
