% function evaluation | noise-free fitness - Fopt (-2.098800000000e+02) | best noise-free fitness - Fopt | measured fitness | best measured fitness | x1 | x2...
1 +2.090528020e+07 +2.090528020e+07 +2.090507032e+07 +2.090507032e+07 +4.0197e+00 +3.0708e+00 -1.0494e+00
2 +5.218795950e+05 +5.218795950e+05 +5.216697150e+05 +5.216697150e+05 -4.7030e+00 -2.3036e+00 +4.3186e+00
3 +9.134512576e+01 +9.134512576e+01 -1.185348742e+02 -1.185348742e+02 -1.4930e+00 +5.8228e-01 +3.5624e+00
852 +1.979480927e+01 +1.979480927e+01 -1.900851907e+02 -1.900851907e+02 -1.9803e+00 +3.8118e-01 +3.5567e+00
1446 +1.312926510e+01 +1.312926510e+01 -1.967507349e+02 -1.967507349e+02 -2.1530e+00 +4.3496e-01 +3.5530e+00
2636 +9.721451597e+00 +9.721451597e+00 -2.001585484e+02 -2.001585484e+02 -1.7666e+00 +4.3046e-01 +3.5534e+00
2694 +4.000427484e+00 +4.000427484e+00 -2.058795725e+02 -2.058795725e+02 +2.6012e+00 +4.5710e-01 +3.5530e+00
2727 +1.495347796e+00 +1.495347796e+00 -2.083846522e+02 -2.083846522e+02 +1.6499e+00 +4.4889e-01 +3.5555e+00
2788 +9.994533817e-01 +9.994533817e-01 -2.088805466e+02 -2.088805466e+02 +1.8149e+00 +4.5764e-01 +3.5537e+00
2971 +4.310691922e-01 +4.310691922e-01 -2.094489308e+02 -2.094489308e+02 +7.2898e-01 +4.6183e-01 +3.5543e+00
3051 +3.171658884e-01 +3.171658884e-01 -2.095628341e+02 -2.095628341e+02 +1.1270e+00 +4.6548e-01 +3.5542e+00
3228 +1.875530459e-01 +1.875530459e-01 -2.096924470e+02 -2.096924470e+02 +1.4659e+00 +4.5893e-01 +3.5544e+00
3254 +1.158216299e-01 +1.158216299e-01 -2.097641784e+02 -2.097641784e+02 +1.5404e+00 +4.4721e-01 +3.5544e+00
3291 +6.074779989e-02 +6.074779989e-02 -2.098192522e+02 -2.098192522e+02 +1.1256e+00 +4.4673e-01 +3.5542e+00
3436 +3.262034854e-02 +3.262034854e-02 -2.098473797e+02 -2.098473797e+02 +1.2475e+00 +4.4308e-01 +3.5545e+00
3501 +1.754344790e-02 +1.754344790e-02 -2.098624566e+02 -2.098624566e+02 +1.2105e+00 +4.4853e-01 +3.5545e+00
3611 +1.006120605e-02 +1.006120605e-02 -2.098699388e+02 -2.098699388e+02 +1.1351e+00 +4.4562e-01 +3.5544e+00
3887 +9.525439031e-03 +9.525439031e-03 -2.098704746e+02 -2.098704746e+02 +1.2572e+00 +4.5040e-01 +3.5544e+00
4086 +9.429886640e-04 +9.429886640e-04 -2.098790570e+02 -2.098790570e+02 +1.2310e+00 +4.4812e-01 +3.5544e+00
4396 +2.929922583e-04 +2.929922583e-04 -2.098797070e+02 -2.098797070e+02 +1.1948e+00 +4.4771e-01 +3.5544e+00
4407 +1.546128530e-04 +1.546128530e-04 -2.098798454e+02 -2.098798454e+02 +1.2044e+00 +4.4773e-01 +3.5544e+00
5327 +8.888035251e-05 +8.888035251e-05 -2.098799111e+02 -2.098799111e+02 +1.2050e+00 +4.4804e-01 +3.5544e+00
5566 +6.114209262e-05 +6.114209262e-05 -2.098799389e+02 -2.098799389e+02 +1.2074e+00 +4.4826e-01 +3.5544e+00
5661 +3.154287754e-05 +3.154287754e-05 -2.098799685e+02 -2.098799685e+02 +1.2128e+00 +4.4798e-01 +3.5544e+00
5734 +2.455272602e-05 +2.455272602e-05 -2.098799754e+02 -2.098799754e+02 +1.2076e+00 +4.4800e-01 +3.5544e+00
5847 +8.911993262e-06 +8.911993262e-06 -2.098799911e+02 -2.098799911e+02 +1.2058e+00 +4.4799e-01 +3.5544e+00
6086 +2.572982510e-06 +2.572982510e-06 -2.098799974e+02 -2.098799974e+02 +1.2058e+00 +4.4800e-01 +3.5544e+00
6214 +9.351633992e-07 +9.351633992e-07 -2.098799991e+02 -2.098799991e+02 +1.2065e+00 +4.4802e-01 +3.5544e+00
6246 +6.257338327e-07 +6.257338327e-07 -2.098799994e+02 -2.098799994e+02 +1.2067e+00 +4.4802e-01 +3.5544e+00
7110 +3.861431139e-07 +3.861431139e-07 -2.098799996e+02 -2.098799996e+02 +1.2068e+00 +4.4800e-01 +3.5544e+00
7187 +7.044266681e-08 +7.044266681e-08 -2.098799999e+02 -2.098799999e+02 +1.2070e+00 +4.4800e-01 +3.5544e+00
7461 +3.869038778e-08 +3.869038778e-08 -2.098800000e+02 -2.098800000e+02 +1.2073e+00 +4.4800e-01 +3.5544e+00
7861 +2.246133590e-08 +2.246133590e-08 -2.098800000e+02 -2.098800000e+02 +1.2071e+00 +4.4800e-01 +3.5544e+00
7950 +1.757996415e-09 +1.757996415e-09 -2.098800000e+02 -2.098800000e+02 +1.2072e+00 +4.4800e-01 +3.5544e+00
8110 +1.274770511e-09 +1.274770511e-09 -2.098800000e+02 -2.098800000e+02 +1.2072e+00 +4.4800e-01 +3.5544e+00
8701 +5.124149993e-10 +5.124149993e-10 -2.098800000e+02 -2.098800000e+02 +1.2072e+00 +4.4800e-01 +3.5544e+00
8907 +3.294928774e-10 +3.294928774e-10 -2.098800000e+02 -2.098800000e+02 +1.2072e+00 +4.4800e-01 +3.5544e+00
9181 +5.397282621e-11 +5.397282621e-11 -2.098800000e+02 -2.098800000e+02 +1.2072e+00 +4.4800e-01 +3.5544e+00
9707 +1.554667506e-11 +1.554667506e-11 -2.098800000e+02 -2.098800000e+02 +1.2072e+00 +4.4800e-01 +3.5544e+00
10227 +9.265477274e-12 +9.265477274e-12 -2.098800000e+02 -2.098800000e+02 +1.2072e+00 +4.4800e-01 +3.5544e+00
10587 +3.979039320e-12 +3.979039320e-12 -2.098800000e+02 -2.098800000e+02 +1.2072e+00 +4.4800e-01 +3.5544e+00
10832 +2.273736754e-12 +2.273736754e-12 -2.098800000e+02 -2.098800000e+02 +1.2072e+00 +4.4800e-01 +3.5544e+00
10907 +5.968558980e-13 +5.968558980e-13 -2.098800000e+02 -2.098800000e+02 +1.2072e+00 +4.4800e-01 +3.5544e+00
11847 +2.842170943e-13 +2.842170943e-13 -2.098800000e+02 -2.098800000e+02 +1.2072e+00 +4.4800e-01 +3.5544e+00
12547 +1.136868377e-13 +1.136868377e-13 -2.098800000e+02 -2.098800000e+02 +1.2072e+00 +4.4800e-01 +3.5544e+00
12967 +8.526512829e-14 +8.526512829e-14 -2.098800000e+02 -2.098800000e+02 +1.2072e+00 +4.4800e-01 +3.5544e+00
13232 +5.684341886e-14 +5.684341886e-14 -2.098800000e+02 -2.098800000e+02 +1.2072e+00 +4.4800e-01 +3.5544e+00
13247 +2.842170943e-14 +2.842170943e-14 -2.098800000e+02 -2.098800000e+02 +1.2072e+00 +4.4800e-01 +3.5544e+00
14252 +0.000000000e+00 +0.000000000e+00 -2.098800000e+02 -2.098800000e+02 +1.2072e+00 +4.4800e-01 +3.5544e+00
% function evaluation | noise-free fitness - Fopt (-9.209000000000e+01) | best noise-free fitness - Fopt | measured fitness | best measured fitness | x1 | x2...
1 +5.453359883e+06 +5.453359883e+06 +5.453267793e+06 +5.453267793e+06 -2.2645e+00 -1.2311e+00 +2.3100e+00
4 +4.955093860e+05 +4.955093860e+05 +4.954172960e+05 +4.954172960e+05 -2.4506e+00 +4.9734e-01 +7.7803e-01
6 +3.940727454e+05 +3.940727454e+05 +3.939806554e+05 +3.939806554e+05 -1.0178e+00 +1.4534e+00 -5.9364e-01
13 +5.650891004e+04 +5.650891004e+04 +5.641682004e+04 +5.641682004e+04 +2.4328e-01 +4.8776e+00 -1.3443e-01
39 +6.552314399e+03 +6.552314399e+03 +6.460224399e+03 +6.460224399e+03 +4.3987e+00 +2.7380e+00 +2.6806e-03
155 +6.169680675e+03 +6.169680675e+03 +6.077590675e+03 +6.077590675e+03 +5.0000e+00 +1.1636e+00 +1.4943e-01
166 +8.278091501e+02 +8.278091501e+02 +7.357191501e+02 +7.357191501e+02 +5.0000e+00 +2.6538e+00 +6.2346e-02
406 +1.868706158e+01 +1.868706158e+01 -7.340293842e+01 -7.340293842e+01 +5.0000e+00 +2.6176e+00 +9.0972e-02
4286 +1.540523768e+01 +1.540523768e+01 -7.668476232e+01 -7.668476232e+01 +4.6286e+00 +2.6101e+00 +9.0849e-02
4442 +8.924251163e+00 +8.924251163e+00 -8.316574884e+01 -8.316574884e+01 +3.7582e+00 +2.6216e+00 +9.0673e-02
4521 +4.763378398e+00 +4.763378398e+00 -8.732662160e+01 -8.732662160e+01 +2.7937e+00 +2.6271e+00 +8.9875e-02
4526 +3.709870773e+00 +3.709870773e+00 -8.838012923e+01 -8.838012923e+01 +2.6444e+00 +2.6379e+00 +9.0505e-02
4566 +2.453597537e+00 +2.453597537e+00 -8.963640246e+01 -8.963640246e+01 +2.0290e+00 +2.6326e+00 +9.1029e-02
4612 +8.071499535e-01 +8.071499535e-01 -9.128285005e+01 -9.128285005e+01 +1.1746e+00 +2.6372e+00 +9.1022e-02
4650 +5.640693204e-01 +5.640693204e-01 -9.152593068e+01 -9.152593068e+01 +4.1468e-01 +2.6178e+00 +8.9732e-02
4686 +3.828138786e-01 +3.828138786e-01 -9.170718612e+01 -9.170718612e+01 +5.1688e-02 +2.6225e+00 +9.0391e-02
4707 +6.402051301e-02 +6.402051301e-02 -9.202597949e+01 -9.202597949e+01 +8.5447e-01 +2.6142e+00 +9.0420e-02
4973 +2.422436676e-02 +2.422436676e-02 -9.206577563e+01 -9.206577563e+01 +6.5876e-01 +2.6255e+00 +9.0349e-02
5106 +1.386317679e-02 +1.386317679e-02 -9.207613682e+01 -9.207613682e+01 +7.9438e-01 +2.6197e+00 +9.0479e-02
5246 +2.988091851e-03 +2.988091851e-03 -9.208701191e+01 -9.208701191e+01 +7.2120e-01 +2.6233e+00 +9.0408e-02
5791 +1.938544034e-03 +1.938544034e-03 -9.208806146e+01 -9.208806146e+01 +7.2304e-01 +2.6217e+00 +9.0358e-02
5826 +2.116823960e-04 +2.116823960e-04 -9.208978832e+01 -9.208978832e+01 +7.1874e-01 +2.6219e+00 +9.0409e-02
6226 +9.959505783e-05 +9.959505783e-05 -9.208990040e+01 -9.208990040e+01 +7.2499e-01 +2.6215e+00 +9.0410e-02
6631 +6.066785812e-05 +6.066785812e-05 -9.208993933e+01 -9.208993933e+01 +7.2547e-01 +2.6219e+00 +9.0397e-02
6666 +1.144184002e-05 +1.144184002e-05 -9.208998856e+01 -9.208998856e+01 +7.2239e-01 +2.6216e+00 +9.0401e-02
7333 +7.858893468e-06 +7.858893468e-06 -9.208999214e+01 -9.208999214e+01 +7.2300e-01 +2.6216e+00 +9.0401e-02
7373 +3.659705584e-06 +3.659705584e-06 -9.208999634e+01 -9.208999634e+01 +7.2431e-01 +2.6216e+00 +9.0401e-02
7546 +1.907453850e-06 +1.907453850e-06 -9.208999809e+01 -9.208999809e+01 +7.2513e-01 +2.6216e+00 +9.0400e-02
7626 +6.310140748e-07 +6.310140748e-07 -9.208999937e+01 -9.208999937e+01 +7.2558e-01 +2.6216e+00 +9.0400e-02
7687 +4.350159770e-07 +4.350159770e-07 -9.208999956e+01 -9.208999956e+01 +7.2567e-01 +2.6216e+00 +9.0399e-02
7847 +3.074541439e-07 +3.074541439e-07 -9.208999969e+01 -9.208999969e+01 +7.2567e-01 +2.6216e+00 +9.0401e-02
8087 +1.867382196e-07 +1.867382196e-07 -9.208999981e+01 -9.208999981e+01 +7.2568e-01 +2.6216e+00 +9.0400e-02
8133 +8.625242742e-08 +8.625242742e-08 -9.208999991e+01 -9.208999991e+01 +7.2530e-01 +2.6216e+00 +9.0400e-02
8367 +3.633549284e-08 +3.633549284e-08 -9.208999996e+01 -9.208999996e+01 +7.2575e-01 +2.6216e+00 +9.0400e-02
8527 +2.331910309e-08 +2.331910309e-08 -9.208999998e+01 -9.208999998e+01 +7.2558e-01 +2.6216e+00 +9.0400e-02
9448 +1.422371554e-08 +1.422371554e-08 -9.208999999e+01 -9.208999999e+01 +7.2562e-01 +2.6216e+00 +9.0400e-02
9586 +1.776029990e-09 +1.776029990e-09 -9.209000000e+01 -9.209000000e+01 +7.2563e-01 +2.6216e+00 +9.0400e-02
10186 +1.277328465e-09 +1.277328465e-09 -9.209000000e+01 -9.209000000e+01 +7.2562e-01 +2.6216e+00 +9.0400e-02
10333 +8.347740277e-10 +8.347740277e-10 -9.209000000e+01 -9.209000000e+01 +7.2560e-01 +2.6216e+00 +9.0400e-02
10599 +4.619380434e-10 +4.619380434e-10 -9.209000000e+01 -9.209000000e+01 +7.2560e-01 +2.6216e+00 +9.0400e-02
10839 +9.825384950e-11 +9.825384950e-11 -9.209000000e+01 -9.209000000e+01 +7.2560e-01 +2.6216e+00 +9.0400e-02
10906 +3.259970072e-11 +3.259970072e-11 -9.209000000e+01 -9.209000000e+01 +7.2560e-01 +2.6216e+00 +9.0400e-02
10986 +1.406874617e-11 +1.406874617e-11 -9.209000000e+01 -9.209000000e+01 +7.2560e-01 +2.6216e+00 +9.0400e-02
11346 +8.796519069e-12 +8.796519069e-12 -9.209000000e+01 -9.209000000e+01 +7.2560e-01 +2.6216e+00 +9.0400e-02
11506 +2.870592652e-12 +2.870592652e-12 -9.209000000e+01 -9.209000000e+01 +7.2560e-01 +2.6216e+00 +9.0400e-02
11546 +2.401634447e-12 +2.401634447e-12 -9.209000000e+01 -9.209000000e+01 +7.2560e-01 +2.6216e+00 +9.0400e-02
11773 +9.947598301e-13 +9.947598301e-13 -9.209000000e+01 -9.209000000e+01 +7.2560e-01 +2.6216e+00 +9.0400e-02
12711 +5.542233339e-13 +5.542233339e-13 -9.209000000e+01 -9.209000000e+01 +7.2560e-01 +2.6216e+00 +9.0400e-02
12871 +3.836930773e-13 +3.836930773e-13 -9.209000000e+01 -9.209000000e+01 +7.2560e-01 +2.6216e+00 +9.0400e-02
12967 +7.105427358e-14 +7.105427358e-14 -9.209000000e+01 -9.209000000e+01 +7.2560e-01 +2.6216e+00 +9.0400e-02
13293 +5.684341886e-14 +5.684341886e-14 -9.209000000e+01 -9.209000000e+01 +7.2560e-01 +2.6216e+00 +9.0400e-02
13413 +2.842170943e-14 +2.842170943e-14 -9.209000000e+01 -9.209000000e+01 +7.2560e-01 +2.6216e+00 +9.0400e-02
13453 +1.421085472e-14 +1.421085472e-14 -9.209000000e+01 -9.209000000e+01 +7.2560e-01 +2.6216e+00 +9.0400e-02
13693 +0.000000000e+00 +0.000000000e+00 -9.209000000e+01 -9.209000000e+01 +7.2560e-01 +2.6216e+00 +9.0400e-02
% function evaluation | noise-free fitness - Fopt (-8.789000000000e+01) | best noise-free fitness - Fopt | measured fitness | best measured fitness | x1 | x2...
1 +3.849303889e+04 +3.849303889e+04 +3.840514889e+04 +3.840514889e+04 +1.9175e+00 +3.5973e+00 +1.0592e+00
86 +7.462939107e+02 +7.462939107e+02 +6.584039107e+02 +6.584039107e+02 +1.3526e-02 +4.4994e+00 +1.2375e+00
152 +1.698578408e+02 +1.698578408e+02 +8.196784085e+01 +8.196784085e+01 +5.0000e+00 +4.0444e+00 +1.2475e+00
659 +6.006256479e+01 +6.006256479e+01 -2.782743521e+01 -2.782743521e+01 +4.6512e+00 +3.4746e+00 +1.2467e+00
850 +3.919585408e+01 +3.919585408e+01 -4.869414592e+01 -4.869414592e+01 +4.5214e+00 +3.5286e+00 +1.2523e+00
1796 +2.183397881e+01 +2.183397881e+01 -6.605602119e+01 -6.605602119e+01 +4.4326e+00 +3.6977e+00 +1.2486e+00
2432 +1.554165861e+01 +1.554165861e+01 -7.234834139e+01 -7.234834139e+01 +4.1401e+00 +3.6366e+00 +1.2490e+00
2643 +7.815858502e-01 +7.815858502e-01 -8.710841415e+01 -8.710841415e+01 +9.2533e-01 +3.6376e+00 +1.2501e+00
2847 +4.447076338e-01 +4.447076338e-01 -8.744529237e+01 -8.744529237e+01 +4.4260e-01 +3.6408e+00 +1.2490e+00
3109 +9.969843089e-02 +9.969843089e-02 -8.779030157e+01 -8.779030157e+01 +1.6491e-01 +3.6402e+00 +1.2493e+00
3547 +5.649556532e-02 +5.649556532e-02 -8.783350443e+01 -8.783350443e+01 +3.2609e-01 +3.6514e+00 +1.2495e+00
3627 +3.281650113e-02 +3.281650113e-02 -8.785718350e+01 -8.785718350e+01 +3.2196e-01 +3.6504e+00 +1.2496e+00
3847 +1.832720646e-02 +1.832720646e-02 -8.787167279e+01 -8.787167279e+01 +3.1255e-01 +3.6466e+00 +1.2495e+00
3927 +5.445369933e-03 +5.445369933e-03 -8.788455463e+01 -8.788455463e+01 +2.3858e-01 +3.6476e+00 +1.2496e+00
4356 +1.366480848e-03 +1.366480848e-03 -8.788863352e+01 -8.788863352e+01 +2.3416e-01 +3.6461e+00 +1.2496e+00
4516 +3.410572626e-04 +3.410572626e-04 -8.788965894e+01 -8.788965894e+01 +2.3183e-01 +3.6460e+00 +1.2496e+00
4871 +1.859419707e-04 +1.859419707e-04 -8.788981406e+01 -8.788981406e+01 +2.4932e-01 +3.6455e+00 +1.2496e+00
5347 +1.255198109e-04 +1.255198109e-04 -8.788987448e+01 -8.788987448e+01 +2.4934e-01 +3.6455e+00 +1.2496e+00
5591 +8.828567594e-05 +8.828567594e-05 -8.788991171e+01 -8.788991171e+01 +2.4449e-01 +3.6458e+00 +1.2496e+00
5592 +4.060358526e-05 +4.060358526e-05 -8.788995940e+01 -8.788995940e+01 +2.4245e-01 +3.6456e+00 +1.2496e+00
5807 +3.314213895e-05 +3.314213895e-05 -8.788996686e+01 -8.788996686e+01 +2.4176e-01 +3.6455e+00 +1.2496e+00
5993 +1.560950848e-05 +1.560950848e-05 -8.788998439e+01 -8.788998439e+01 +2.4071e-01 +3.6457e+00 +1.2496e+00
6207 +9.965030358e-06 +9.965030358e-06 -8.788999003e+01 -8.788999003e+01 +2.4055e-01 +3.6457e+00 +1.2496e+00
6447 +3.112311020e-06 +3.112311020e-06 -8.788999689e+01 -8.788999689e+01 +2.3987e-01 +3.6456e+00 +1.2496e+00
6487 +1.934758274e-06 +1.934758274e-06 -8.788999807e+01 -8.788999807e+01 +2.3839e-01 +3.6456e+00 +1.2496e+00
6567 +3.293152986e-07 +3.293152986e-07 -8.788999967e+01 -8.788999967e+01 +2.3876e-01 +3.6456e+00 +1.2496e+00
6727 +2.499111105e-07 +2.499111105e-07 -8.788999975e+01 -8.788999975e+01 +2.3901e-01 +3.6456e+00 +1.2496e+00
7191 +3.278549343e-08 +3.278549343e-08 -8.788999997e+01 -8.788999997e+01 +2.3905e-01 +3.6456e+00 +1.2496e+00
7487 +5.712962547e-09 +5.712962547e-09 -8.788999999e+01 -8.788999999e+01 +2.3927e-01 +3.6456e+00 +1.2496e+00
8071 +3.488892730e-09 +3.488892730e-09 -8.789000000e+01 -8.789000000e+01 +2.3926e-01 +3.6456e+00 +1.2496e+00
8152 +5.150724292e-10 +5.150724292e-10 -8.789000000e+01 -8.789000000e+01 +2.3922e-01 +3.6456e+00 +1.2496e+00
8487 +8.832046205e-11 +8.832046205e-11 -8.789000000e+01 -8.789000000e+01 +2.3920e-01 +3.6456e+00 +1.2496e+00
9071 +1.583089215e-11 +1.583089215e-11 -8.789000000e+01 -8.789000000e+01 +2.3920e-01 +3.6456e+00 +1.2496e+00
9352 +2.202682481e-12 +2.202682481e-12 -8.789000000e+01 -8.789000000e+01 +2.3920e-01 +3.6456e+00 +1.2496e+00
9632 +8.384404282e-13 +8.384404282e-13 -8.789000000e+01 -8.789000000e+01 +2.3920e-01 +3.6456e+00 +1.2496e+00
10232 +5.542233339e-13 +5.542233339e-13 -8.789000000e+01 -8.789000000e+01 +2.3920e-01 +3.6456e+00 +1.2496e+00
10673 +3.268496584e-13 +3.268496584e-13 -8.789000000e+01 -8.789000000e+01 +2.3920e-01 +3.6456e+00 +1.2496e+00
11113 +8.526512829e-14 +8.526512829e-14 -8.789000000e+01 -8.789000000e+01 +2.3920e-01 +3.6456e+00 +1.2496e+00
11272 +2.842170943e-14 +2.842170943e-14 -8.789000000e+01 -8.789000000e+01 +2.3920e-01 +3.6456e+00 +1.2496e+00
11392 +1.421085472e-14 +1.421085472e-14 -8.789000000e+01 -8.789000000e+01 +2.3920e-01 +3.6456e+00 +1.2496e+00
11791 +0.000000000e+00 +0.000000000e+00 -8.789000000e+01 -8.789000000e+01 +2.3920e-01 +3.6456e+00 +1.2496e+00
% function evaluation | noise-free fitness - Fopt (3.201900000000e+02) | best noise-free fitness - Fopt | measured fitness | best measured fitness | x1 | x2...
1 +1.356758736e+07 +1.356758736e+07 +1.356790755e+07 +1.356790755e+07 -4.4260e+00 -3.6433e+00 -2.2813e+00
3 +8.245784728e+06 +8.245784728e+06 +8.246104918e+06 +8.246104918e+06 -2.2468e+00 -4.1897e+00 +4.2770e+00
5 +3.526578580e+06 +3.526578580e+06 +3.526898770e+06 +3.526898770e+06 -2.6789e+00 -2.6949e+00 -3.9515e-01
6 +2.405910716e+06 +2.405910716e+06 +2.406230906e+06 +2.406230906e+06 +2.9196e+00 +5.4135e-01 -1.2880e-02
7 +1.023340696e+05 +1.023340696e+05 +1.026542596e+05 +1.026542596e+05 +4.4515e+00 -4.4039e+00 +1.0946e+00
11 +4.987289728e+04 +4.987289728e+04 +5.019308728e+04 +5.019308728e+04 -2.1401e-01 -4.9911e+00 +1.1982e+00
24 +1.329481709e+04 +1.329481709e+04 +1.361500709e+04 +1.361500709e+04 -2.7380e+00 +1.3377e+00 +1.4051e+00
214 +3.354850710e+02 +3.354850710e+02 +6.556750710e+02 +6.556750710e+02 +2.2256e+00 -2.9719e+00 +1.4015e+00
690 +4.593581663e+01 +4.593581663e+01 +3.661258166e+02 +3.661258166e+02 +2.3186e+00 -2.5487e+00 +1.4038e+00
806 +3.965853480e+01 +3.965853480e+01 +3.598485348e+02 +3.598485348e+02 +2.1536e+00 -2.3414e+00 +1.3978e+00
1693 +1.534950780e+01 +1.534950780e+01 +3.355395078e+02 +3.355395078e+02 +1.8791e+00 -2.2765e+00 +1.4049e+00
1844 +9.740295819e+00 +9.740295819e+00 +3.299302958e+02 +3.299302958e+02 +2.0814e+00 -2.3209e+00 +1.4043e+00
2578 +2.427995950e+00 +2.427995950e+00 +3.226179960e+02 +3.226179960e+02 +5.2849e-01 -2.3536e+00 +1.4020e+00
2833 +6.760299342e-01 +6.760299342e-01 +3.208660299e+02 +3.208660299e+02 +3.7709e-01 -2.3499e+00 +1.4033e+00
2873 +3.494067529e-01 +3.494067529e-01 +3.205394068e+02 +3.205394068e+02 -1.2380e-01 -2.3485e+00 +1.4035e+00
2993 +2.403092738e-01 +2.403092738e-01 +3.204303093e+02 +3.204303093e+02 -3.0474e-01 -2.3462e+00 +1.4031e+00
3125 +3.438223743e-02 +3.438223743e-02 +3.202243822e+02 +3.202243822e+02 -2.5892e-01 -2.3589e+00 +1.4032e+00
3743 +2.644282633e-03 +2.644282633e-03 +3.201926443e+02 +3.201926443e+02 -3.9606e-01 -2.3597e+00 +1.4032e+00
4183 +2.216010744e-03 +2.216010744e-03 +3.201922160e+02 +3.201922160e+02 -4.5373e-01 -2.3594e+00 +1.4032e+00
4423 +1.528034182e-03 +1.528034182e-03 +3.201915280e+02 +3.201915280e+02 -4.3100e-01 -2.3619e+00 +1.4032e+00
4503 +7.531488205e-04 +7.531488205e-04 +3.201907531e+02 +3.201907531e+02 -4.2191e-01 -2.3615e+00 +1.4032e+00
5103 +3.203712216e-04 +3.203712216e-04 +3.201903204e+02 +3.201903204e+02 -4.1762e-01 -2.3608e+00 +1.4032e+00
5484 +3.214549031e-05 +3.214549031e-05 +3.201900321e+02 +3.201900321e+02 -4.3524e-01 -2.3609e+00 +1.4032e+00
6023 +2.289940625e-05 +2.289940625e-05 +3.201900229e+02 +3.201900229e+02 -4.3163e-01 -2.3608e+00 +1.4032e+00
6348 +1.010151749e-05 +1.010151749e-05 +3.201900101e+02 +3.201900101e+02 -4.3330e-01 -2.3609e+00 +1.4032e+00
6503 +6.425111678e-06 +6.425111678e-06 +3.201900064e+02 +3.201900064e+02 -4.3347e-01 -2.3609e+00 +1.4032e+00
6707 +3.071279195e-06 +3.071279195e-06 +3.201900031e+02 +3.201900031e+02 -4.3146e-01 -2.3608e+00 +1.4032e+00
6743 +1.847111264e-06 +1.847111264e-06 +3.201900018e+02 +3.201900018e+02 -4.3404e-01 -2.3608e+00 +1.4032e+00
6943 +1.553534673e-06 +1.553534673e-06 +3.201900016e+02 +3.201900016e+02 -4.3397e-01 -2.3608e+00 +1.4032e+00
7084 +6.252362823e-07 +6.252362823e-07 +3.201900006e+02 +3.201900006e+02 -4.3322e-01 -2.3608e+00 +1.4032e+00
7143 +1.884870358e-07 +1.884870358e-07 +3.201900002e+02 +3.201900002e+02 -4.3301e-01 -2.3608e+00 +1.4032e+00
7524 +1.488059524e-07 +1.488059524e-07 +3.201900001e+02 +3.201900001e+02 -4.3267e-01 -2.3608e+00 +1.4032e+00
7666 +3.990970754e-08 +3.990970754e-08 +3.201900000e+02 +3.201900000e+02 -4.3274e-01 -2.3608e+00 +1.4032e+00
8344 +3.755656053e-08 +3.755656053e-08 +3.201900000e+02 +3.201900000e+02 -4.3269e-01 -2.3608e+00 +1.4032e+00
8383 +1.373621217e-08 +1.373621217e-08 +3.201900000e+02 +3.201900000e+02 -4.3273e-01 -2.3608e+00 +1.4032e+00
8661 +4.271385023e-09 +4.271385023e-09 +3.201900000e+02 +3.201900000e+02 -4.3280e-01 -2.3608e+00 +1.4032e+00
9103 +1.274827355e-09 +1.274827355e-09 +3.201900000e+02 +3.201900000e+02 -4.3280e-01 -2.3608e+00 +1.4032e+00
9263 +4.140474630e-10 +4.140474630e-10 +3.201900000e+02 +3.201900000e+02 -4.3279e-01 -2.3608e+00 +1.4032e+00
9445 +3.938680493e-10 +3.938680493e-10 +3.201900000e+02 +3.201900000e+02 -4.3278e-01 -2.3608e+00 +1.4032e+00
9925 +6.247091733e-11 +6.247091733e-11 +3.201900000e+02 +3.201900000e+02 -4.3279e-01 -2.3608e+00 +1.4032e+00
10186 +1.119815352e-11 +1.119815352e-11 +3.201900000e+02 +3.201900000e+02 -4.3280e-01 -2.3608e+00 +1.4032e+00
10226 +1.705302566e-12 +1.705302566e-12 +3.201900000e+02 +3.201900000e+02 -4.3280e-01 -2.3608e+00 +1.4032e+00
10365 +1.193711796e-12 +1.193711796e-12 +3.201900000e+02 +3.201900000e+02 -4.3280e-01 -2.3608e+00 +1.4032e+00
11307 +7.389644452e-13 +7.389644452e-13 +3.201900000e+02 +3.201900000e+02 -4.3280e-01 -2.3608e+00 +1.4032e+00
11325 +1.136868377e-13 +1.136868377e-13 +3.201900000e+02 +3.201900000e+02 -4.3280e-01 -2.3608e+00 +1.4032e+00
11906 +5.684341886e-14 +5.684341886e-14 +3.201900000e+02 +3.201900000e+02 -4.3280e-01 -2.3608e+00 +1.4032e+00
12245 +0.000000000e+00 +0.000000000e+00 +3.201900000e+02 +3.201900000e+02 -4.3280e-01 -2.3608e+00 +1.4032e+00
% function evaluation | noise-free fitness - Fopt (-1.042400000000e+02) | best noise-free fitness - Fopt | measured fitness | best measured fitness | x1 | x2...
1 +1.001141960e+06 +1.001141960e+06 +1.001037720e+06 +1.001037720e+06 -4.8759e+00 +2.7473e+00 +3.3035e-01
7 +2.050234184e+05 +2.050234184e+05 +2.049191784e+05 +2.049191784e+05 +2.9376e+00 +2.6440e+00 +9.2809e-01
19 +6.373132474e+04 +6.373132474e+04 +6.362708474e+04 +6.362708474e+04 -4.7275e-01 +7.2824e-01 +1.1118e+00
40 +1.564952884e+04 +1.564952884e+04 +1.554528884e+04 +1.554528884e+04 +3.7285e-01 -1.4090e+00 +1.4036e+00
70 +4.612195331e+03 +4.612195331e+03 +4.507955331e+03 +4.507955331e+03 +8.4777e-01 -2.2110e+00 +1.2702e+00
98 +2.999401363e+03 +2.999401363e+03 +2.895161363e+03 +2.895161363e+03 -1.8611e+00 -5.0000e+00 +1.3557e+00
152 +1.718780377e+03 +1.718780377e+03 +1.614540377e+03 +1.614540377e+03 -1.2593e+00 -2.9507e+00 +1.3406e+00
185 +3.302450767e+01 +3.302450767e+01 -7.121549233e+01 -7.121549233e+01 -4.4887e+00 -3.9201e+00 +1.3170e+00
1326 +1.657736565e+01 +1.657736565e+01 -8.766263435e+01 -8.766263435e+01 -2.5959e+00 -3.9553e+00 +1.3163e+00
1436 +1.568308333e+01 +1.568308333e+01 -8.855691667e+01 -8.855691667e+01 -3.0046e+00 -3.9451e+00 +1.3116e+00
1526 +9.033127035e+00 +9.033127035e+00 -9.520687297e+01 -9.520687297e+01 -2.2502e+00 -3.9510e+00 +1.3147e+00
1766 +5.943465367e+00 +5.943465367e+00 -9.829653463e+01 -9.829653463e+01 -1.6087e+00 -3.9504e+00 +1.3126e+00
1801 +2.842193935e+00 +2.842193935e+00 -1.013978061e+02 -1.013978061e+02 -1.1944e-01 -3.9623e+00 +1.3144e+00
2097 +1.495057108e+00 +1.495057108e+00 -1.027449429e+02 -1.027449429e+02 -4.0673e-01 -3.9299e+00 +1.3126e+00
2138 +2.441898356e-01 +2.441898356e-01 -1.039958102e+02 -1.039958102e+02 +4.1871e-01 -3.9207e+00 +1.3132e+00
2570 +1.482720854e-01 +1.482720854e-01 -1.040917279e+02 -1.040917279e+02 +4.5676e-01 -3.9160e+00 +1.3139e+00
3139 +2.997608774e-02 +2.997608774e-02 -1.042100239e+02 -1.042100239e+02 +3.2442e-01 -3.9232e+00 +1.3137e+00
3299 +1.843273919e-02 +1.843273919e-02 -1.042215673e+02 -1.042215673e+02 +5.1032e-01 -3.9193e+00 +1.3137e+00
3464 +1.502670933e-02 +1.502670933e-02 -1.042249733e+02 -1.042249733e+02 +4.5269e-01 -3.9178e+00 +1.3135e+00
3584 +9.665982328e-03 +9.665982328e-03 -1.042303340e+02 -1.042303340e+02 +4.3973e-01 -3.9173e+00 +1.3136e+00
3739 +6.066117911e-03 +6.066117911e-03 -1.042339339e+02 -1.042339339e+02 +4.7241e-01 -3.9192e+00 +1.3136e+00
3819 +3.615644065e-03 +3.615644065e-03 -1.042363844e+02 -1.042363844e+02 +4.1279e-01 -3.9188e+00 +1.3136e+00
4092 +1.790820776e-03 +1.790820776e-03 -1.042382092e+02 -1.042382092e+02 +3.9569e-01 -3.9192e+00 +1.3136e+00
4257 +6.961080153e-04 +6.961080153e-04 -1.042393039e+02 -1.042393039e+02 +4.1236e-01 -3.9205e+00 +1.3136e+00
4332 +6.278640017e-04 +6.278640017e-04 -1.042393721e+02 -1.042393721e+02 +3.8574e-01 -3.9205e+00 +1.3136e+00
4652 +1.951941320e-04 +1.951941320e-04 -1.042398048e+02 -1.042398048e+02 +3.9920e-01 -3.9203e+00 +1.3136e+00
4852 +1.306476801e-04 +1.306476801e-04 -1.042398694e+02 -1.042398694e+02 +3.9650e-01 -3.9203e+00 +1.3136e+00
4937 +8.686170085e-05 +8.686170085e-05 -1.042399131e+02 -1.042399131e+02 +4.0085e-01 -3.9198e+00 +1.3136e+00
4972 +4.626624045e-05 +4.626624045e-05 -1.042399537e+02 -1.042399537e+02 +3.9339e-01 -3.9198e+00 +1.3136e+00
5052 +3.570380031e-06 +3.570380031e-06 -1.042399964e+02 -1.042399964e+02 +3.9476e-01 -3.9199e+00 +1.3136e+00
5657 +1.103337183e-06 +1.103337183e-06 -1.042399989e+02 -1.042399989e+02 +3.9520e-01 -3.9200e+00 +1.3136e+00
5697 +2.182560195e-07 +2.182560195e-07 -1.042399998e+02 -1.042399998e+02 +3.9440e-01 -3.9200e+00 +1.3136e+00
6412 +8.757196213e-08 +8.757196213e-08 -1.042399999e+02 -1.042399999e+02 +3.9442e-01 -3.9200e+00 +1.3136e+00
6777 +5.462345598e-08 +5.462345598e-08 -1.042399999e+02 -1.042399999e+02 +3.9429e-01 -3.9200e+00 +1.3136e+00
7004 +2.208201977e-08 +2.208201977e-08 -1.042400000e+02 -1.042400000e+02 +3.9437e-01 -3.9200e+00 +1.3136e+00
7265 +7.354813647e-09 +7.354813647e-09 -1.042400000e+02 -1.042400000e+02 +3.9433e-01 -3.9200e+00 +1.3136e+00
7425 +4.099618423e-09 +4.099618423e-09 -1.042400000e+02 -1.042400000e+02 +3.9437e-01 -3.9200e+00 +1.3136e+00
7705 +1.772079372e-09 +1.772079372e-09 -1.042400000e+02 -1.042400000e+02 +3.9437e-01 -3.9200e+00 +1.3136e+00
7857 +1.121563287e-09 +1.121563287e-09 -1.042400000e+02 -1.042400000e+02 +3.9439e-01 -3.9200e+00 +1.3136e+00
8297 +4.095142003e-10 +4.095142003e-10 -1.042400000e+02 -1.042400000e+02 +3.9441e-01 -3.9200e+00 +1.3136e+00
8377 +3.162057283e-10 +3.162057283e-10 -1.042400000e+02 -1.042400000e+02 +3.9440e-01 -3.9200e+00 +1.3136e+00
8577 +2.070237315e-10 +2.070237315e-10 -1.042400000e+02 -1.042400000e+02 +3.9440e-01 -3.9200e+00 +1.3136e+00
9024 +1.502655778e-10 +1.502655778e-10 -1.042400000e+02 -1.042400000e+02 +3.9441e-01 -3.9200e+00 +1.3136e+00
9257 +1.234923275e-11 +1.234923275e-11 -1.042400000e+02 -1.042400000e+02 +3.9440e-01 -3.9200e+00 +1.3136e+00
10225 +2.856381798e-12 +2.856381798e-12 -1.042400000e+02 -1.042400000e+02 +3.9440e-01 -3.9200e+00 +1.3136e+00
10344 +2.501110430e-12 +2.501110430e-12 -1.042400000e+02 -1.042400000e+02 +3.9440e-01 -3.9200e+00 +1.3136e+00
10424 +8.242295735e-13 +8.242295735e-13 -1.042400000e+02 -1.042400000e+02 +3.9440e-01 -3.9200e+00 +1.3136e+00
10932 +4.405364962e-13 +4.405364962e-13 -1.042400000e+02 -1.042400000e+02 +3.9440e-01 -3.9200e+00 +1.3136e+00
11224 +3.694822226e-13 +3.694822226e-13 -1.042400000e+02 -1.042400000e+02 +3.9440e-01 -3.9200e+00 +1.3136e+00
11364 +2.273736754e-13 +2.273736754e-13 -1.042400000e+02 -1.042400000e+02 +3.9440e-01 -3.9200e+00 +1.3136e+00
11533 +5.684341886e-14 +5.684341886e-14 -1.042400000e+02 -1.042400000e+02 +3.9440e-01 -3.9200e+00 +1.3136e+00
11744 +1.421085472e-14 +1.421085472e-14 -1.042400000e+02 -1.042400000e+02 +3.9440e-01 -3.9200e+00 +1.3136e+00
12533 +0.000000000e+00 +0.000000000e+00 -1.042400000e+02 -1.042400000e+02 +3.9440e-01 -3.9200e+00 +1.3136e+00
% function evaluation | noise-free fitness - Fopt (-3.570000000000e+01) | best noise-free fitness - Fopt | measured fitness | best measured fitness | x1 | x2...
1 +3.756593580e+07 +3.756593580e+07 +3.756590010e+07 +3.756590010e+07 +1.1562e-02 +1.4806e+00 -3.2572e+00
3 +5.830050065e+04 +5.830050065e+04 +5.826480065e+04 +5.826480065e+04 +2.3506e+00 -2.5114e+00 +3.4522e+00
36 +1.988753036e+04 +1.988753036e+04 +1.985183036e+04 +1.985183036e+04 +4.4238e-01 -1.5485e+00 +3.1486e+00
130 +8.808990990e+03 +8.808990990e+03 +8.773290990e+03 +8.773290990e+03 +1.3319e+00 +2.1454e-01 +3.3343e+00
185 +5.534827240e+03 +5.534827240e+03 +5.499127240e+03 +5.499127240e+03 +3.6395e+00 -7.6887e-01 +3.2585e+00
204 +7.625933255e+02 +7.625933255e+02 +7.268933255e+02 +7.268933255e+02 +4.1455e+00 +1.9114e+00 +3.2758e+00
273 +1.664652308e+02 +1.664652308e+02 +1.307652308e+02 +1.307652308e+02 +1.3166e-01 +1.2497e+00 +3.2510e+00
645 +5.255051494e+01 +5.255051494e+01 +1.685051494e+01 +1.685051494e+01 -2.0666e+00 +1.5744e+00 +3.2445e+00
1232 +3.006065650e+01 +3.006065650e+01 -5.639343500e+00 -5.639343500e+00 -1.6374e+00 +1.6333e+00 +3.2577e+00
1247 +3.361671847e+00 +3.361671847e+00 -3.233832815e+01 -3.233832815e+01 -2.2330e+00 +1.6824e+00 +3.2510e+00
1511 +7.793731705e-02 +7.793731705e-02 -3.562206268e+01 -3.562206268e+01 -2.0662e+00 +1.6412e+00 +3.2522e+00
2889 +4.302364171e-02 +4.302364171e-02 -3.565697636e+01 -3.565697636e+01 -2.2193e+00 +1.6302e+00 +3.2519e+00
2969 +3.774553176e-02 +3.774553176e-02 -3.566225447e+01 -3.566225447e+01 -2.2045e+00 +1.6302e+00 +3.2521e+00
3617 +2.411067550e-02 +2.411067550e-02 -3.567588932e+01 -3.567588932e+01 -2.2680e+00 +1.6347e+00 +3.2521e+00
3649 +3.665765327e-03 +3.665765327e-03 -3.569633423e+01 -3.569633423e+01 -2.2273e+00 +1.6347e+00 +3.2520e+00
3849 +1.112631132e-03 +1.112631132e-03 -3.569888737e+01 -3.569888737e+01 -2.2220e+00 +1.6352e+00 +3.2520e+00
3929 +9.459171129e-04 +9.459171129e-04 -3.569905408e+01 -3.569905408e+01 -2.2221e+00 +1.6355e+00 +3.2520e+00
4929 +6.299607421e-04 +6.299607421e-04 -3.569937004e+01 -3.569937004e+01 -2.2221e+00 +1.6363e+00 +3.2520e+00
5754 +3.179483051e-04 +3.179483051e-04 -3.569968205e+01 -3.569968205e+01 -2.2053e+00 +1.6362e+00 +3.2520e+00
5769 +1.902962703e-04 +1.902962703e-04 -3.569980970e+01 -3.569980970e+01 -2.2043e+00 +1.6361e+00 +3.2520e+00
5946 +1.147299581e-04 +1.147299581e-04 -3.569988527e+01 -3.569988527e+01 -2.1979e+00 +1.6357e+00 +3.2520e+00
6068 +6.243741903e-05 +6.243741903e-05 -3.569993756e+01 -3.569993756e+01 -2.1976e+00 +1.6360e+00 +3.2520e+00
6289 +2.972247596e-05 +2.972247596e-05 -3.569997028e+01 -3.569997028e+01 -2.2030e+00 +1.6361e+00 +3.2520e+00
6346 +2.206005411e-05 +2.206005411e-05 -3.569997794e+01 -3.569997794e+01 -2.2004e+00 +1.6361e+00 +3.2520e+00
6427 +9.607146048e-06 +9.607146048e-06 -3.569999039e+01 -3.569999039e+01 -2.2000e+00 +1.6360e+00 +3.2520e+00
6586 +4.056697762e-06 +4.056697762e-06 -3.569999594e+01 -3.569999594e+01 -2.1997e+00 +1.6360e+00 +3.2520e+00
6929 +3.494948544e-06 +3.494948544e-06 -3.569999651e+01 -3.569999651e+01 -2.2000e+00 +1.6360e+00 +3.2520e+00
6947 +9.111067456e-07 +9.111067456e-07 -3.569999909e+01 -3.569999909e+01 -2.1990e+00 +1.6360e+00 +3.2520e+00
7147 +5.194765080e-07 +5.194765080e-07 -3.569999948e+01 -3.569999948e+01 -2.1979e+00 +1.6360e+00 +3.2520e+00
7329 +1.827367129e-07 +1.827367129e-07 -3.569999982e+01 -3.569999982e+01 -2.1981e+00 +1.6360e+00 +3.2520e+00
8111 +7.145658287e-08 +7.145658287e-08 -3.569999993e+01 -3.569999993e+01 -2.1983e+00 +1.6360e+00 +3.2520e+00
8360 +3.901440238e-08 +3.901440238e-08 -3.569999996e+01 -3.569999996e+01 -2.1985e+00 +1.6360e+00 +3.2520e+00
8667 +2.393848320e-08 +2.393848320e-08 -3.569999998e+01 -3.569999998e+01 -2.1985e+00 +1.6360e+00 +3.2520e+00
8787 +3.889219613e-09 +3.889219613e-09 -3.570000000e+01 -3.570000000e+01 -2.1984e+00 +1.6360e+00 +3.2520e+00
8868 +2.064581395e-09 +2.064581395e-09 -3.570000000e+01 -3.570000000e+01 -2.1984e+00 +1.6360e+00 +3.2520e+00
8948 +1.396593063e-09 +1.396593063e-09 -3.570000000e+01 -3.570000000e+01 -2.1984e+00 +1.6360e+00 +3.2520e+00
9068 +5.855227414e-10 +5.855227414e-10 -3.570000000e+01 -3.570000000e+01 -2.1984e+00 +1.6360e+00 +3.2520e+00
9228 +3.378204383e-10 +3.378204383e-10 -3.570000000e+01 -3.570000000e+01 -2.1984e+00 +1.6360e+00 +3.2520e+00
9348 +2.114362019e-10 +2.114362019e-10 -3.570000000e+01 -3.570000000e+01 -2.1984e+00 +1.6360e+00 +3.2520e+00
9508 +9.737277651e-11 +9.737277651e-11 -3.570000000e+01 -3.570000000e+01 -2.1984e+00 +1.6360e+00 +3.2520e+00
10289 +4.553868393e-11 +4.553868393e-11 -3.570000000e+01 -3.570000000e+01 -2.1984e+00 +1.6360e+00 +3.2520e+00
10468 +4.384048680e-12 +4.384048680e-12 -3.570000000e+01 -3.570000000e+01 -2.1984e+00 +1.6360e+00 +3.2520e+00
10889 +1.143973805e-12 +1.143973805e-12 -3.570000000e+01 -3.570000000e+01 -2.1984e+00 +1.6360e+00 +3.2520e+00
11089 +8.100187188e-13 +8.100187188e-13 -3.570000000e+01 -3.570000000e+01 -2.1984e+00 +1.6360e+00 +3.2520e+00
12120 +6.110667528e-13 +6.110667528e-13 -3.570000000e+01 -3.570000000e+01 -2.1984e+00 +1.6360e+00 +3.2520e+00
12160 +1.918465387e-13 +1.918465387e-13 -3.570000000e+01 -3.570000000e+01 -2.1984e+00 +1.6360e+00 +3.2520e+00
13864 +1.492139745e-13 +1.492139745e-13 -3.570000000e+01 -3.570000000e+01 -2.1984e+00 +1.6360e+00 +3.2520e+00
13944 +6.394884622e-14 +6.394884622e-14 -3.570000000e+01 -3.570000000e+01 -2.1984e+00 +1.6360e+00 +3.2520e+00
13984 +5.684341886e-14 +5.684341886e-14 -3.570000000e+01 -3.570000000e+01 -2.1984e+00 +1.6360e+00 +3.2520e+00
14066 +3.552713679e-14 +3.552713679e-14 -3.570000000e+01 -3.570000000e+01 -2.1984e+00 +1.6360e+00 +3.2520e+00
14136 +2.131628207e-14 +2.131628207e-14 -3.570000000e+01 -3.570000000e+01 -2.1984e+00 +1.6360e+00 +3.2520e+00
14146 +1.421085472e-14 +1.421085472e-14 -3.570000000e+01 -3.570000000e+01 -2.1984e+00 +1.6360e+00 +3.2520e+00
14400 +7.105427358e-15 +7.105427358e-15 -3.570000000e+01 -3.570000000e+01 -2.1984e+00 +1.6360e+00 +3.2520e+00
14878 +0.000000000e+00 +0.000000000e+00 -3.570000000e+01 -3.570000000e+01 -2.1984e+00 +1.6360e+00 +3.2520e+00
% function evaluation | noise-free fitness - Fopt (2.070000000000e+01) | best noise-free fitness - Fopt | measured fitness | best measured fitness | x1 | x2...
1 +1.548425478e+07 +1.548425478e+07 +1.548427548e+07 +1.548427548e+07 -3.6384e+00 +2.3969e+00 +1.8215e+00
2 +5.869020698e+06 +5.869020698e+06 +5.869041398e+06 +5.869041398e+06 +1.1955e+00 +4.0722e+00 -4.6172e+00
3 +1.044235080e+05 +1.044235080e+05 +1.044442080e+05 +1.044442080e+05 +2.8750e+00 +3.6298e+00 -2.3945e+00
26 +6.032119602e+04 +6.032119602e+04 +6.034189602e+04 +6.034189602e+04 +5.6634e-01 +2.0613e+00 -1.9177e+00
29 +1.210910621e+04 +1.210910621e+04 +1.212980621e+04 +1.212980621e+04 -3.6210e+00 +1.3867e+00 -2.1564e+00
98 +7.012227316e+03 +7.012227316e+03 +7.032927316e+03 +7.032927316e+03 -2.3477e+00 +2.0654e-02 -2.1764e+00
109 +6.402525767e+02 +6.402525767e+02 +6.609525767e+02 +6.609525767e+02 -2.9540e+00 -1.6412e+00 -2.1474e+00
189 +2.635975292e+02 +2.635975292e+02 +2.842975292e+02 +2.842975292e+02 -2.0516e+00 -1.6532e+00 -2.1134e+00
610 +1.374015482e+02 +1.374015482e+02 +1.581015482e+02 +1.581015482e+02 -7.8623e-01 -1.8979e+00 -2.1141e+00
735 +7.855828322e+01 +7.855828322e+01 +9.925828322e+01 +9.925828322e+01 -2.0670e+00 -1.7900e+00 -2.1290e+00
1055 +4.485561970e+01 +4.485561970e+01 +6.555561970e+01 +6.555561970e+01 -2.6483e+00 -2.2180e+00 -2.1227e+00
1554 +9.565387750e+00 +9.565387750e+00 +3.026538775e+01 +3.026538775e+01 -4.2330e+00 -2.0160e+00 -2.1216e+00
1648 +4.714858335e+00 +4.714858335e+00 +2.541485833e+01 +2.541485833e+01 -2.5592e+00 -2.0846e+00 -2.1257e+00
2010 +1.271779012e+00 +1.271779012e+00 +2.197177901e+01 +2.197177901e+01 -2.9624e+00 -1.9920e+00 -2.1251e+00
2252 +2.040318392e-01 +2.040318392e-01 +2.090403184e+01 +2.090403184e+01 -3.0802e+00 -2.0211e+00 -2.1246e+00
2332 +1.516408537e-01 +1.516408537e-01 +2.085164085e+01 +2.085164085e+01 -3.1279e+00 -2.0241e+00 -2.1246e+00
2492 +9.034302264e-02 +9.034302264e-02 +2.079034302e+01 +2.079034302e+01 -3.1676e+00 -2.0276e+00 -2.1248e+00
3454 +4.767669539e-02 +4.767669539e-02 +2.074767670e+01 +2.074767670e+01 -3.4741e+00 -2.0300e+00 -2.1250e+00
3525 +2.524963000e-02 +2.524963000e-02 +2.072524963e+01 +2.072524963e+01 -3.3315e+00 -2.0287e+00 -2.1248e+00
3662 +8.027368250e-03 +8.027368250e-03 +2.070802737e+01 +2.070802737e+01 -3.4658e+00 -2.0270e+00 -2.1249e+00
3972 +2.687848387e-03 +2.687848387e-03 +2.070268785e+01 +2.070268785e+01 -3.4561e+00 -2.0251e+00 -2.1248e+00
4326 +4.651909581e-04 +4.651909581e-04 +2.070046519e+01 +2.070046519e+01 -3.4428e+00 -2.0250e+00 -2.1248e+00
4526 +2.603366833e-04 +2.603366833e-04 +2.070026034e+01 +2.070026034e+01 -3.4481e+00 -2.0251e+00 -2.1248e+00
5054 +3.008558969e-05 +3.008558969e-05 +2.070003009e+01 +2.070003009e+01 -3.4493e+00 -2.0256e+00 -2.1248e+00
5166 +1.603473546e-05 +1.603473546e-05 +2.070001603e+01 +2.070001603e+01 -3.4518e+00 -2.0256e+00 -2.1248e+00
5342 +1.214943999e-05 +1.214943999e-05 +2.070001215e+01 +2.070001215e+01 -3.4533e+00 -2.0257e+00 -2.1248e+00
5582 +9.203888890e-06 +9.203888890e-06 +2.070000920e+01 +2.070000920e+01 -3.4533e+00 -2.0257e+00 -2.1248e+00
6046 +6.056612264e-06 +6.056612264e-06 +2.070000606e+01 +2.070000606e+01 -3.4562e+00 -2.0256e+00 -2.1248e+00
6062 +1.373293120e-06 +1.373293120e-06 +2.070000137e+01 +2.070000137e+01 -3.4540e+00 -2.0256e+00 -2.1248e+00
6770 +4.799964977e-07 +4.799964977e-07 +2.070000048e+01 +2.070000048e+01 -3.4547e+00 -2.0256e+00 -2.1248e+00
6806 +1.539897099e-08 +1.539897099e-08 +2.070000002e+01 +2.070000002e+01 -3.4544e+00 -2.0256e+00 -2.1248e+00
8246 +4.433847067e-09 +4.433847067e-09 +2.070000000e+01 +2.070000000e+01 -3.4543e+00 -2.0256e+00 -2.1248e+00
8646 +2.615085037e-09 +2.615085037e-09 +2.070000000e+01 +2.070000000e+01 -3.4544e+00 -2.0256e+00 -2.1248e+00
8886 +3.992006725e-10 +3.992006725e-10 +2.070000000e+01 +2.070000000e+01 -3.4544e+00 -2.0256e+00 -2.1248e+00
9326 +3.720792563e-10 +3.720792563e-10 +2.070000000e+01 +2.070000000e+01 -3.4544e+00 -2.0256e+00 -2.1248e+00
9542 +1.573745578e-10 +1.573745578e-10 +2.070000000e+01 +2.070000000e+01 -3.4544e+00 -2.0256e+00 -2.1248e+00
9846 +9.066880580e-11 +9.066880580e-11 +2.070000000e+01 +2.070000000e+01 -3.4544e+00 -2.0256e+00 -2.1248e+00
9900 +3.323208375e-11 +3.323208375e-11 +2.070000000e+01 +2.070000000e+01 -3.4544e+00 -2.0256e+00 -2.1248e+00
10526 +1.606181854e-11 +1.606181854e-11 +2.070000000e+01 +2.070000000e+01 -3.4544e+00 -2.0256e+00 -2.1248e+00
10580 +2.152944489e-12 +2.152944489e-12 +2.070000000e+01 +2.070000000e+01 -3.4544e+00 -2.0256e+00 -2.1248e+00
11286 +1.548983164e-12 +1.548983164e-12 +2.070000000e+01 +2.070000000e+01 -3.4544e+00 -2.0256e+00 -2.1248e+00
11644 +8.810729923e-13 +8.810729923e-13 +2.070000000e+01 +2.070000000e+01 -3.4544e+00 -2.0256e+00 -2.1248e+00
11764 +6.004086117e-13 +6.004086117e-13 +2.070000000e+01 +2.070000000e+01 -3.4544e+00 -2.0256e+00 -2.1248e+00
11915 +1.101341240e-13 +1.101341240e-13 +2.070000000e+01 +2.070000000e+01 -3.4544e+00 -2.0256e+00 -2.1248e+00
12043 +9.592326933e-14 +9.592326933e-14 +2.070000000e+01 +2.070000000e+01 -3.4544e+00 -2.0256e+00 -2.1248e+00
12164 +5.684341886e-14 +5.684341886e-14 +2.070000000e+01 +2.070000000e+01 -3.4544e+00 -2.0256e+00 -2.1248e+00
12243 +7.105427358e-15 +7.105427358e-15 +2.070000000e+01 +2.070000000e+01 -3.4544e+00 -2.0256e+00 -2.1248e+00
12924 +3.552713679e-15 +3.552713679e-15 +2.070000000e+01 +2.070000000e+01 -3.4544e+00 -2.0256e+00 -2.1248e+00
13003 +0.000000000e+00 +0.000000000e+00 +2.070000000e+01 +2.070000000e+01 -3.4544e+00 -2.0256e+00 -2.1248e+00
% function evaluation | noise-free fitness - Fopt (3.807000000000e+01) | best noise-free fitness - Fopt | measured fitness | best measured fitness | x1 | x2...
1 +5.173585519e+06 +5.173585519e+06 +5.173623589e+06 +5.173623589e+06 +1.1282e+00 +1.2211e-01 +3.8827e+00
3 +1.471088814e+06 +1.471088814e+06 +1.471126884e+06 +1.471126884e+06 -2.9798e+00 +4.4809e+00 +5.5817e-01
5 +4.430265778e+05 +4.430265778e+05 +4.430646478e+05 +4.430646478e+05 -4.3314e+00 -1.0588e+00 +9.7865e-01
23 +5.363533486e+04 +5.363533486e+04 +5.367340486e+04 +5.367340486e+04 -1.6434e+00 +1.3495e-01 +1.9342e+00
52 +5.978578170e+03 +5.978578170e+03 +6.016648170e+03 +6.016648170e+03 -2.9429e+00 -1.5956e+00 +1.7229e+00
55 +1.161667258e+03 +1.161667258e+03 +1.199737258e+03 +1.199737258e+03 -2.5373e+00 -2.1075e-02 +1.6812e+00
225 +3.583171675e+02 +3.583171675e+02 +3.963871675e+02 +3.963871675e+02 -2.7041e+00 +5.6077e-01 +1.7196e+00
563 +4.625924395e+01 +4.625924395e+01 +8.432924395e+01 +8.432924395e+01 -2.2721e-02 +8.2823e-01 +1.6968e+00
723 +3.340158354e+01 +3.340158354e+01 +7.147158354e+01 +7.147158354e+01 -2.4843e-02 +7.2656e-01 +1.6997e+00
973 +1.321309092e+01 +1.321309092e+01 +5.128309092e+01 +5.128309092e+01 +5.5206e-01 +9.1254e-01 +1.7011e+00
1698 +9.183961819e+00 +9.183961819e+00 +4.725396182e+01 +4.725396182e+01 +9.4248e-01 +8.7915e-01 +1.7010e+00
2077 +6.119301604e+00 +6.119301604e+00 +4.418930160e+01 +4.418930160e+01 +1.2391e+00 +8.9290e-01 +1.7036e+00
2443 +3.027399728e+00 +3.027399728e+00 +4.109739973e+01 +4.109739973e+01 +1.2817e+00 +8.5963e-01 +1.7037e+00
2985 +2.184196531e+00 +2.184196531e+00 +4.025419653e+01 +4.025419653e+01 +1.6064e+00 +8.1335e-01 +1.7028e+00
3025 +8.976361958e-01 +8.976361958e-01 +3.896763620e+01 +3.896763620e+01 +1.8953e+00 +8.4555e-01 +1.7027e+00
3123 +5.825435202e-01 +5.825435202e-01 +3.865254352e+01 +3.865254352e+01 +1.8997e+00 +8.3931e-01 +1.7034e+00
3173 +2.557250961e-01 +2.557250961e-01 +3.832572510e+01 +3.832572510e+01 +2.2334e+00 +8.4481e-01 +1.7033e+00
3323 +1.544673321e-01 +1.544673321e-01 +3.822446733e+01 +3.822446733e+01 +2.3445e+00 +8.4151e-01 +1.7033e+00
3465 +4.087152965e-02 +4.087152965e-02 +3.811087153e+01 +3.811087153e+01 +2.6659e+00 +8.4438e-01 +1.7033e+00
3483 +3.467129922e-02 +3.467129922e-02 +3.810467130e+01 +3.810467130e+01 +2.5615e+00 +8.3859e-01 +1.7033e+00
3563 +2.487856333e-02 +2.487856333e-02 +3.809487856e+01 +3.809487856e+01 +2.7450e+00 +8.3600e-01 +1.7033e+00
3585 +3.810023471e-03 +3.810023471e-03 +3.807381002e+01 +3.807381002e+01 +2.6616e+00 +8.3977e-01 +1.7032e+00
3843 +1.823786341e-03 +1.823786341e-03 +3.807182379e+01 +3.807182379e+01 +2.6770e+00 +8.3873e-01 +1.7032e+00
4483 +7.974106515e-04 +7.974106515e-04 +3.807079741e+01 +3.807079741e+01 +2.6821e+00 +8.3875e-01 +1.7032e+00
4745 +6.229838201e-04 +6.229838201e-04 +3.807062298e+01 +3.807062298e+01 +2.6827e+00 +8.3937e-01 +1.7032e+00
4945 +1.997950228e-04 +1.997950228e-04 +3.807019980e+01 +3.807019980e+01 +2.7150e+00 +8.3915e-01 +1.7032e+00
5203 +1.204857983e-04 +1.204857983e-04 +3.807012049e+01 +3.807012049e+01 +2.7105e+00 +8.3901e-01 +1.7032e+00
5594 +9.486123336e-05 +9.486123336e-05 +3.807009486e+01 +3.807009486e+01 +2.7097e+00 +8.3908e-01 +1.7032e+00
5754 +6.093162411e-05 +6.093162411e-05 +3.807006093e+01 +3.807006093e+01 +2.7085e+00 +8.3910e-01 +1.7032e+00
5963 +2.506876127e-05 +2.506876127e-05 +3.807002507e+01 +3.807002507e+01 +2.7019e+00 +8.3916e-01 +1.7032e+00
6522 +3.709818763e-06 +3.709818763e-06 +3.807000371e+01 +3.807000371e+01 +2.7038e+00 +8.3923e-01 +1.7032e+00
6602 +1.340540344e-06 +1.340540344e-06 +3.807000134e+01 +3.807000134e+01 +2.7034e+00 +8.3921e-01 +1.7032e+00
6914 +8.934674653e-07 +8.934674653e-07 +3.807000089e+01 +3.807000089e+01 +2.7024e+00 +8.3922e-01 +1.7032e+00
7613 +4.338632067e-07 +4.338632067e-07 +3.807000043e+01 +3.807000043e+01 +2.7032e+00 +8.3921e-01 +1.7032e+00
7883 +2.488625128e-07 +2.488625128e-07 +3.807000025e+01 +3.807000025e+01 +2.7031e+00 +8.3921e-01 +1.7032e+00
8043 +9.840401560e-08 +9.840401560e-08 +3.807000010e+01 +3.807000010e+01 +2.7033e+00 +8.3921e-01 +1.7032e+00
8522 +6.227890026e-08 +6.227890026e-08 +3.807000006e+01 +3.807000006e+01 +2.7031e+00 +8.3921e-01 +1.7032e+00
8893 +2.137379340e-08 +2.137379340e-08 +3.807000002e+01 +3.807000002e+01 +2.7032e+00 +8.3920e-01 +1.7032e+00
8923 +1.527567406e-08 +1.527567406e-08 +3.807000002e+01 +3.807000002e+01 +2.7032e+00 +8.3920e-01 +1.7032e+00
9003 +2.333429450e-09 +2.333429450e-09 +3.807000000e+01 +3.807000000e+01 +2.7032e+00 +8.3920e-01 +1.7032e+00
9163 +1.574520070e-09 +1.574520070e-09 +3.807000000e+01 +3.807000000e+01 +2.7032e+00 +8.3920e-01 +1.7032e+00
10059 +6.004441389e-10 +6.004441389e-10 +3.807000000e+01 +3.807000000e+01 +2.7032e+00 +8.3920e-01 +1.7032e+00
10083 +1.895656965e-10 +1.895656965e-10 +3.807000000e+01 +3.807000000e+01 +2.7032e+00 +8.3920e-01 +1.7032e+00
10339 +1.100559643e-10 +1.100559643e-10 +3.807000000e+01 +3.807000000e+01 +2.7032e+00 +8.3920e-01 +1.7032e+00
10378 +5.875477882e-11 +5.875477882e-11 +3.807000000e+01 +3.807000000e+01 +2.7032e+00 +8.3920e-01 +1.7032e+00
10403 +2.233946361e-11 +2.233946361e-11 +3.807000000e+01 +3.807000000e+01 +2.7032e+00 +8.3920e-01 +1.7032e+00
11133 +1.217159706e-11 +1.217159706e-11 +3.807000000e+01 +3.807000000e+01 +2.7032e+00 +8.3920e-01 +1.7032e+00
11293 +3.346656285e-12 +3.346656285e-12 +3.807000000e+01 +3.807000000e+01 +2.7032e+00 +8.3920e-01 +1.7032e+00
11573 +2.422950729e-12 +2.422950729e-12 +3.807000000e+01 +3.807000000e+01 +2.7032e+00 +8.3920e-01 +1.7032e+00
12133 +1.527666882e-12 +1.527666882e-12 +3.807000000e+01 +3.807000000e+01 +2.7032e+00 +8.3920e-01 +1.7032e+00
12843 +7.176481631e-13 +7.176481631e-13 +3.807000000e+01 +3.807000000e+01 +2.7032e+00 +8.3920e-01 +1.7032e+00
13194 +5.471179065e-13 +5.471179065e-13 +3.807000000e+01 +3.807000000e+01 +2.7032e+00 +8.3920e-01 +1.7032e+00
13253 +2.415845302e-13 +2.415845302e-13 +3.807000000e+01 +3.807000000e+01 +2.7032e+00 +8.3920e-01 +1.7032e+00
13514 +1.563194019e-13 +1.563194019e-13 +3.807000000e+01 +3.807000000e+01 +2.7032e+00 +8.3920e-01 +1.7032e+00
13590 +7.815970093e-14 +7.815970093e-14 +3.807000000e+01 +3.807000000e+01 +2.7032e+00 +8.3920e-01 +1.7032e+00
13750 +5.684341886e-14 +5.684341886e-14 +3.807000000e+01 +3.807000000e+01 +2.7032e+00 +8.3920e-01 +1.7032e+00
13954 +2.842170943e-14 +2.842170943e-14 +3.807000000e+01 +3.807000000e+01 +2.7032e+00 +8.3920e-01 +1.7032e+00
14030 +7.105427358e-15 +7.105427358e-15 +3.807000000e+01 +3.807000000e+01 +2.7032e+00 +8.3920e-01 +1.7032e+00
14434 +0.000000000e+00 +0.000000000e+00 +3.807000000e+01 +3.807000000e+01 +2.7032e+00 +8.3920e-01 +1.7032e+00
% function evaluation | noise-free fitness - Fopt (-4.542000000000e+01) | best noise-free fitness - Fopt | measured fitness | best measured fitness | x1 | x2...
1 +3.921988026e+07 +3.921988026e+07 +3.921983484e+07 +3.921983484e+07 +2.7557e+00 -2.1914e+00 +3.3180e+00
4 +1.377254978e+07 +1.377254978e+07 +1.377250436e+07 +1.377250436e+07 -2.2739e+00 -3.0782e+00 +9.1622e-01
5 +2.295300662e+06 +2.295300662e+06 +2.295255242e+06 +2.295255242e+06 +3.9513e+00 +2.3887e+00 -4.2214e+00
7 +9.741036273e+04 +9.741036273e+04 +9.736494273e+04 +9.736494273e+04 -4.4936e+00 +2.2200e+00 -3.1384e+00
50 +5.359618296e+04 +5.359618296e+04 +5.355076296e+04 +5.355076296e+04 -3.4162e+00 +2.5866e+00 -2.6224e+00
51 +2.165729895e+03 +2.165729895e+03 +2.120309895e+03 +2.120309895e+03 +1.7219e+00 -1.1594e+00 -2.8550e+00
127 +1.104921891e+03 +1.104921891e+03 +1.059501891e+03 +1.059501891e+03 -4.6966e+00 -9.1793e-01 -2.8379e+00
406 +6.604445556e+02 +6.604445556e+02 +6.150245556e+02 +6.150245556e+02 -1.6497e+00 -6.4665e-01 -2.8506e+00
662 +4.789073347e+02 +4.789073347e+02 +4.334873347e+02 +4.334873347e+02 -1.2673e+00 -6.1394e-01 -2.8434e+00
877 +3.000463981e+02 +3.000463981e+02 +2.546263981e+02 +2.546263981e+02 -1.4054e+00 -3.1011e-01 -2.8276e+00
992 +1.071716510e+02 +1.071716510e+02 +6.175165096e+01 +6.175165096e+01 -3.1175e-01 +1.0052e-01 -2.8280e+00
1042 +7.723842121e+01 +7.723842121e+01 +3.181842121e+01 +3.181842121e+01 -1.0243e+00 -1.4013e-01 -2.8359e+00
1067 +2.826798869e+01 +2.826798869e+01 -1.715201131e+01 -1.715201131e+01 +1.7632e+00 +1.5076e-01 -2.8419e+00
1155 +9.015104924e+00 +9.015104924e+00 -3.640489508e+01 -3.640489508e+01 +2.1616e+00 +6.9037e-02 -2.8347e+00
1235 +3.469381179e+00 +3.469381179e+00 -4.195061882e+01 -4.195061882e+01 +1.5203e+00 +1.1388e-01 -2.8377e+00
1631 +1.623305387e+00 +1.623305387e+00 -4.379669461e+01 -4.379669461e+01 +2.3121e+00 +1.2766e-01 -2.8375e+00
1715 +1.025430529e+00 +1.025430529e+00 -4.439456947e+01 -4.439456947e+01 +2.8674e+00 +1.2280e-01 -2.8380e+00
2197 +9.517490379e-01 +9.517490379e-01 -4.446825096e+01 -4.446825096e+01 +3.0670e+00 +1.2742e-01 -2.8374e+00
2437 +1.777166885e-01 +1.777166885e-01 -4.524228331e+01 -4.524228331e+01 +3.0195e+00 +1.0813e-01 -2.8374e+00
2837 +1.002596960e-01 +1.002596960e-01 -4.531974030e+01 -4.531974030e+01 +3.0241e+00 +1.0434e-01 -2.8374e+00
3325 +4.516855275e-02 +4.516855275e-02 -4.537483145e+01 -4.537483145e+01 +3.0444e+00 +9.6723e-02 -2.8377e+00
3492 +7.227960805e-03 +7.227960805e-03 -4.541277204e+01 -4.541277204e+01 +3.1211e+00 +9.9008e-02 -2.8376e+00
4144 +6.161766094e-03 +6.161766094e-03 -4.541383823e+01 -4.541383823e+01 +3.1503e+00 +9.8067e-02 -2.8376e+00
4424 +1.824878988e-03 +1.824878988e-03 -4.541817512e+01 -4.541817512e+01 +3.2405e+00 +9.7419e-02 -2.8376e+00
4744 +7.642574273e-04 +7.642574273e-04 -4.541923574e+01 -4.541923574e+01 +3.2093e+00 +9.7546e-02 -2.8376e+00
5478 +5.686322149e-04 +5.686322149e-04 -4.541943137e+01 -4.541943137e+01 +3.2137e+00 +9.7847e-02 -2.8376e+00
5558 +2.011675486e-04 +2.011675486e-04 -4.541979883e+01 -4.541979883e+01 +3.2093e+00 +9.8101e-02 -2.8376e+00
5598 +1.077429591e-04 +1.077429591e-04 -4.541989226e+01 -4.541989226e+01 +3.2160e+00 +9.8148e-02 -2.8376e+00
5784 +4.895772906e-05 +4.895772906e-05 -4.541995104e+01 -4.541995104e+01 +3.2099e+00 +9.8195e-02 -2.8376e+00
5878 +2.769688878e-05 +2.769688878e-05 -4.541997230e+01 -4.541997230e+01 +3.2077e+00 +9.8331e-02 -2.8376e+00
6189 +1.794325146e-05 +1.794325146e-05 -4.541998206e+01 -4.541998206e+01 +3.2116e+00 +9.8329e-02 -2.8376e+00
6224 +1.278844780e-05 +1.278844780e-05 -4.541998721e+01 -4.541998721e+01 +3.2079e+00 +9.8340e-02 -2.8376e+00
6278 +9.654180374e-06 +9.654180374e-06 -4.541999035e+01 -4.541999035e+01 +3.2091e+00 +9.8345e-02 -2.8376e+00
6518 +5.342035891e-06 +5.342035891e-06 -4.541999466e+01 -4.541999466e+01 +3.2091e+00 +9.8340e-02 -2.8376e+00
6758 +3.921829375e-06 +3.921829375e-06 -4.541999608e+01 -4.541999608e+01 +3.2089e+00 +9.8342e-02 -2.8376e+00
7195 +6.961746450e-07 +6.961746450e-07 -4.541999930e+01 -4.541999930e+01 +3.2089e+00 +9.8376e-02 -2.8376e+00
7277 +5.972075741e-07 +5.972075741e-07 -4.541999940e+01 -4.541999940e+01 +3.2091e+00 +9.8397e-02 -2.8376e+00
7278 +2.691120287e-07 +2.691120287e-07 -4.541999973e+01 -4.541999973e+01 +3.2087e+00 +9.8385e-02 -2.8376e+00
7318 +2.269513288e-08 +2.269513288e-08 -4.541999998e+01 -4.541999998e+01 +3.2087e+00 +9.8400e-02 -2.8376e+00
7690 +1.550819917e-08 +1.550819917e-08 -4.541999998e+01 -4.541999998e+01 +3.2087e+00 +9.8400e-02 -2.8376e+00
8669 +7.920746725e-09 +7.920746725e-09 -4.541999999e+01 -4.541999999e+01 +3.2087e+00 +9.8399e-02 -2.8376e+00
8909 +6.061284807e-09 +6.061284807e-09 -4.541999999e+01 -4.541999999e+01 +3.2088e+00 +9.8400e-02 -2.8376e+00
8927 +1.322490562e-09 +1.322490562e-09 -4.542000000e+01 -4.542000000e+01 +3.2088e+00 +9.8401e-02 -2.8376e+00
9077 +4.733493597e-10 +4.733493597e-10 -4.542000000e+01 -4.542000000e+01 +3.2088e+00 +9.8400e-02 -2.8376e+00
9158 +1.238120717e-10 +1.238120717e-10 -4.542000000e+01 -4.542000000e+01 +3.2088e+00 +9.8400e-02 -2.8376e+00
9677 +6.524913942e-11 +6.524913942e-11 -4.542000000e+01 -4.542000000e+01 +3.2088e+00 +9.8400e-02 -2.8376e+00
9717 +5.091749244e-11 +5.091749244e-11 -4.542000000e+01 -4.542000000e+01 +3.2088e+00 +9.8400e-02 -2.8376e+00
9868 +3.513633828e-11 +3.513633828e-11 -4.542000000e+01 -4.542000000e+01 +3.2088e+00 +9.8400e-02 -2.8376e+00
9917 +1.976729891e-11 +1.976729891e-11 -4.542000000e+01 -4.542000000e+01 +3.2088e+00 +9.8400e-02 -2.8376e+00
10077 +1.502797886e-11 +1.502797886e-11 -4.542000000e+01 -4.542000000e+01 +3.2088e+00 +9.8400e-02 -2.8376e+00
10226 +7.574385563e-12 +7.574385563e-12 -4.542000000e+01 -4.542000000e+01 +3.2088e+00 +9.8400e-02 -2.8376e+00
10517 +5.655920177e-12 +5.655920177e-12 -4.542000000e+01 -4.542000000e+01 +3.2088e+00 +9.8400e-02 -2.8376e+00
10797 +3.346656285e-12 +3.346656285e-12 -4.542000000e+01 -4.542000000e+01 +3.2088e+00 +9.8400e-02 -2.8376e+00
10887 +2.103206498e-12 +2.103206498e-12 -4.542000000e+01 -4.542000000e+01 +3.2088e+00 +9.8400e-02 -2.8376e+00
11481 +4.547473509e-13 +4.547473509e-13 -4.542000000e+01 -4.542000000e+01 +3.2088e+00 +9.8400e-02 -2.8376e+00
11917 +7.105427358e-14 +7.105427358e-14 -4.542000000e+01 -4.542000000e+01 +3.2088e+00 +9.8400e-02 -2.8376e+00
12620 +2.131628207e-14 +2.131628207e-14 -4.542000000e+01 -4.542000000e+01 +3.2088e+00 +9.8400e-02 -2.8376e+00
13237 +7.105427358e-15 +7.105427358e-15 -4.542000000e+01 -4.542000000e+01 +3.2088e+00 +9.8400e-02 -2.8376e+00
13313 +0.000000000e+00 +0.000000000e+00 -4.542000000e+01 -4.542000000e+01 +3.2088e+00 +9.8400e-02 -2.8376e+00
% function evaluation | noise-free fitness - Fopt (6.695000000000e+01) | best noise-free fitness - Fopt | measured fitness | best measured fitness | x1 | x2...
1 +7.903673322e+06 +7.903673322e+06 +7.903740272e+06 +7.903740272e+06 -7.3315e-01 -3.4541e+00 -4.2331e+00
2 +3.385337558e+06 +3.385337558e+06 +3.385404508e+06 +3.385404508e+06 -4.4966e-01 +2.6024e+00 -3.0908e+00
4 +1.827548809e+05 +1.827548809e+05 +1.828218309e+05 +1.828218309e+05 +9.3121e-01 +3.9264e-01 -1.7589e+00
8 +1.631318394e+04 +1.631318394e+04 +1.638013394e+04 +1.638013394e+04 +4.5731e+00 +2.8553e+00 -1.2282e+00
68 +1.386295895e+04 +1.386295895e+04 +1.392990895e+04 +1.392990895e+04 -2.1114e+00 +1.9320e-01 -1.2417e+00
121 +2.435566678e+03 +2.435566678e+03 +2.502516678e+03 +2.502516678e+03 +1.6065e+00 +2.1220e+00 -1.3857e+00
147 +3.630526665e+02 +3.630526665e+02 +4.300026665e+02 +4.300026665e+02 +3.2310e+00 +9.8288e-01 -1.3580e+00
425 +2.381529135e+02 +2.381529135e+02 +3.051029135e+02 +3.051029135e+02 +2.7394e+00 +9.8968e-01 -1.3371e+00
764 +7.805168866e+01 +7.805168866e+01 +1.450016887e+02 +1.450016887e+02 +2.5073e+00 +1.6445e+00 -1.3452e+00
1044 +6.106980426e+01 +6.106980426e+01 +1.280198043e+02 +1.280198043e+02 +2.5068e+00 +1.5206e+00 -1.3506e+00
1051 +2.775836402e+01 +2.775836402e+01 +9.470836402e+01 +9.470836402e+01 +2.1852e+00 +1.5247e+00 -1.3462e+00
1277 +1.268764113e+01 +1.268764113e+01 +7.963764113e+01 +7.963764113e+01 +2.2782e+00 +1.3215e+00 -1.3459e+00
1804 +8.619501503e+00 +8.619501503e+00 +7.556950150e+01 +7.556950150e+01 +2.2840e+00 +1.3781e+00 -1.3455e+00
2336 +2.092374025e+00 +2.092374025e+00 +6.904237403e+01 +6.904237403e+01 +6.9670e-01 +1.3764e+00 -1.3443e+00
2376 +1.233471321e+00 +1.233471321e+00 +6.818347132e+01 +6.818347132e+01 -2.5812e-01 +1.3559e+00 -1.3442e+00
2383 +1.616546791e-01 +1.616546791e-01 +6.711165468e+01 +6.711165468e+01 -2.7201e-01 +1.3854e+00 -1.3445e+00
2557 +1.084443521e-01 +1.084443521e-01 +6.705844435e+01 +6.705844435e+01 -7.8824e-01 +1.3867e+00 -1.3446e+00
2804 +7.443894757e-02 +7.443894757e-02 +6.702443895e+01 +6.702443895e+01 -6.1748e-01 +1.3897e+00 -1.3450e+00
2860 +4.279184937e-02 +4.279184937e-02 +6.699279185e+01 +6.699279185e+01 -5.4964e-01 +1.3877e+00 -1.3446e+00
3117 +3.072377527e-02 +3.072377527e-02 +6.698072378e+01 +6.698072378e+01 -6.1222e-01 +1.3819e+00 -1.3449e+00
3181 +1.026409785e-02 +1.026409785e-02 +6.696026410e+01 +6.696026410e+01 -5.2337e-01 +1.3814e+00 -1.3447e+00
3260 +3.805792028e-03 +3.805792028e-03 +6.695380579e+01 +6.695380579e+01 -4.8892e-01 +1.3834e+00 -1.3448e+00
4020 +4.447635136e-04 +4.447635136e-04 +6.695044476e+01 +6.695044476e+01 -5.5866e-01 +1.3837e+00 -1.3448e+00
4100 +3.865877459e-04 +3.865877459e-04 +6.695038659e+01 +6.695038659e+01 -5.4599e-01 +1.3839e+00 -1.3448e+00
4460 +2.294902782e-04 +2.294902782e-04 +6.695022949e+01 +6.695022949e+01 -5.4244e-01 +1.3839e+00 -1.3448e+00
4692 +9.467987701e-05 +9.467987701e-05 +6.695009468e+01 +6.695009468e+01 -5.3491e-01 +1.3842e+00 -1.3448e+00
4740 +1.962209805e-05 +1.962209805e-05 +6.695001962e+01 +6.695001962e+01 -5.4111e-01 +1.3839e+00 -1.3448e+00
4980 +1.449938070e-05 +1.449938070e-05 +6.695001450e+01 +6.695001450e+01 -5.3899e-01 +1.3839e+00 -1.3448e+00
5300 +9.596521423e-06 +9.596521423e-06 +6.695000960e+01 +6.695000960e+01 -5.4061e-01 +1.3839e+00 -1.3448e+00
5660 +4.644547374e-06 +4.644547374e-06 +6.695000464e+01 +6.695000464e+01 -5.4183e-01 +1.3840e+00 -1.3448e+00
5700 +1.293669584e-06 +1.293669584e-06 +6.695000129e+01 +6.695000129e+01 -5.4121e-01 +1.3840e+00 -1.3448e+00
5731 +4.148828054e-07 +4.148828054e-07 +6.695000041e+01 +6.695000041e+01 -5.4130e-01 +1.3840e+00 -1.3448e+00
5740 +3.712702465e-07 +3.712702465e-07 +6.695000037e+01 +6.695000037e+01 -5.4072e-01 +1.3840e+00 -1.3448e+00
6491 +2.005878343e-07 +2.005878343e-07 +6.695000020e+01 +6.695000020e+01 -5.4082e-01 +1.3840e+00 -1.3448e+00
7004 +1.216070302e-07 +1.216070302e-07 +6.695000012e+01 +6.695000012e+01 -5.4114e-01 +1.3840e+00 -1.3448e+00
7216 +6.331370628e-08 +6.331370628e-08 +6.695000006e+01 +6.695000006e+01 -5.4106e-01 +1.3840e+00 -1.3448e+00
7256 +5.785429380e-08 +5.785429380e-08 +6.695000006e+01 +6.695000006e+01 -5.4105e-01 +1.3840e+00 -1.3448e+00
7284 +3.115570735e-08 +3.115570735e-08 +6.695000003e+01 +6.695000003e+01 -5.4097e-01 +1.3840e+00 -1.3448e+00
7564 +1.466416677e-08 +1.466416677e-08 +6.695000001e+01 +6.695000001e+01 -5.4090e-01 +1.3840e+00 -1.3448e+00
7656 +4.045261903e-09 +4.045261903e-09 +6.695000000e+01 +6.695000000e+01 -5.4085e-01 +1.3840e+00 -1.3448e+00
7691 +2.000305699e-09 +2.000305699e-09 +6.695000000e+01 +6.695000000e+01 -5.4083e-01 +1.3840e+00 -1.3448e+00
8056 +8.325997669e-10 +8.325997669e-10 +6.695000000e+01 +6.695000000e+01 -5.4081e-01 +1.3840e+00 -1.3448e+00
8772 +5.681499715e-10 +5.681499715e-10 +6.695000000e+01 +6.695000000e+01 -5.4081e-01 +1.3840e+00 -1.3448e+00
9100 +2.768132390e-10 +2.768132390e-10 +6.695000000e+01 +6.695000000e+01 -5.4081e-01 +1.3840e+00 -1.3448e+00
9202 +2.308695457e-10 +2.308695457e-10 +6.695000000e+01 +6.695000000e+01 -5.4081e-01 +1.3840e+00 -1.3448e+00
9732 +1.012807616e-10 +1.012807616e-10 +6.695000000e+01 +6.695000000e+01 -5.4081e-01 +1.3840e+00 -1.3448e+00
9812 +5.113065527e-11 +5.113065527e-11 +6.695000000e+01 +6.695000000e+01 -5.4080e-01 +1.3840e+00 -1.3448e+00
9816 +2.276578925e-11 +2.276578925e-11 +6.695000000e+01 +6.695000000e+01 -5.4080e-01 +1.3840e+00 -1.3448e+00
10140 +1.352873369e-11 +1.352873369e-11 +6.695000000e+01 +6.695000000e+01 -5.4080e-01 +1.3840e+00 -1.3448e+00
10500 +6.949107956e-12 +6.949107956e-12 +6.695000000e+01 +6.695000000e+01 -5.4080e-01 +1.3840e+00 -1.3448e+00
10621 +3.851141628e-12 +3.851141628e-12 +6.695000000e+01 +6.695000000e+01 -5.4080e-01 +1.3840e+00 -1.3448e+00
10860 +8.526512829e-13 +8.526512829e-13 +6.695000000e+01 +6.695000000e+01 -5.4080e-01 +1.3840e+00 -1.3448e+00
11111 +4.689582056e-13 +4.689582056e-13 +6.695000000e+01 +6.695000000e+01 -5.4080e-01 +1.3840e+00 -1.3448e+00
11406 +1.136868377e-13 +1.136868377e-13 +6.695000000e+01 +6.695000000e+01 -5.4080e-01 +1.3840e+00 -1.3448e+00
11486 +4.263256415e-14 +4.263256415e-14 +6.695000000e+01 +6.695000000e+01 -5.4080e-01 +1.3840e+00 -1.3448e+00
12122 +1.421085472e-14 +1.421085472e-14 +6.695000000e+01 +6.695000000e+01 -5.4080e-01 +1.3840e+00 -1.3448e+00
12496 +0.000000000e+00 +0.000000000e+00 +6.695000000e+01 +6.695000000e+01 -5.4080e-01 +1.3840e+00 -1.3448e+00
% function evaluation | noise-free fitness - Fopt (5.832000000000e+01) | best noise-free fitness - Fopt | measured fitness | best measured fitness | x1 | x2...
1 +2.074092532e+07 +2.074092532e+07 +2.074098364e+07 +2.074098364e+07 +4.3421e+00 +3.2963e+00 -3.2482e+00
3 +9.359377054e+06 +9.359377054e+06 +9.359435374e+06 +9.359435374e+06 -1.7260e+00 +3.9397e+00 -1.7820e+00
5 +2.118813920e+06 +2.118813920e+06 +2.118872240e+06 +2.118872240e+06 -4.5109e+00 +1.3104e+00 +1.6124e-03
6 +2.626152417e+05 +2.626152417e+05 +2.626735617e+05 +2.626735617e+05 +4.0338e+00 +3.5952e+00 +8.7736e-01
8 +1.778838816e+05 +1.778838816e+05 +1.779422016e+05 +1.779422016e+05 -4.0203e+00 -8.7961e-01 +9.2869e-01
14 +1.252331361e+05 +1.252331361e+05 +1.252914561e+05 +1.252914561e+05 +1.2353e+00 -3.8019e+00 +9.8576e-01
23 +9.521975188e+04 +9.521975188e+04 +9.527807188e+04 +9.527807188e+04 -3.3697e+00 -4.4405e+00 +1.6271e+00
38 +5.828810950e+04 +5.828810950e+04 +5.834642950e+04 +5.834642950e+04 +2.4339e+00 -4.7995e+00 +1.0935e+00
71 +2.695523910e+04 +2.695523910e+04 +2.701355910e+04 +2.701355910e+04 -5.4900e-01 -4.5959e+00 +1.1810e+00
88 +2.190591340e+04 +2.190591340e+04 +2.196423340e+04 +2.196423340e+04 -9.4083e-01 +0.0000e+00 +1.2207e+00
109 +7.800599265e+03 +7.800599265e+03 +7.858919265e+03 +7.858919265e+03 +6.7104e-03 -4.1492e+00 +1.2387e+00
139 +5.057153905e+03 +5.057153905e+03 +5.115473905e+03 +5.115473905e+03 -2.7422e+00 -3.6157e+00 +1.4055e+00
208 +2.052395887e+03 +2.052395887e+03 +2.110715887e+03 +2.110715887e+03 -1.9358e+00 -1.9163e+00 +1.3346e+00
410 +4.607125213e+02 +4.607125213e+02 +5.190325213e+02 +5.190325213e+02 +5.0000e+00 -2.6959e+00 +1.3356e+00
608 +1.656703363e+02 +1.656703363e+02 +2.239903363e+02 +2.239903363e+02 +2.8632e+00 -2.8679e+00 +1.3309e+00
696 +9.772684371e+01 +9.772684371e+01 +1.560468437e+02 +1.560468437e+02 +3.5388e+00 -2.9949e+00 +1.3306e+00
1392 +4.813879064e+01 +4.813879064e+01 +1.064587906e+02 +1.064587906e+02 +3.2495e+00 -3.1999e+00 +1.3234e+00
1536 +3.004641073e+01 +3.004641073e+01 +8.836641073e+01 +8.836641073e+01 +3.3775e+00 -3.2607e+00 +1.3246e+00
1731 +1.764566569e+01 +1.764566569e+01 +7.596566569e+01 +7.596566569e+01 +3.8334e+00 -3.4241e+00 +1.3298e+00
1872 +9.455805097e+00 +9.455805097e+00 +6.777580510e+01 +6.777580510e+01 +3.4144e+00 -3.2809e+00 +1.3266e+00
1976 +5.200007897e+00 +5.200007897e+00 +6.352000790e+01 +6.352000790e+01 +2.8093e+00 -3.2331e+00 +1.3287e+00
1984 +9.712604333e-01 +9.712604333e-01 +5.929126043e+01 +5.929126043e+01 +3.6830e+00 -3.2677e+00 +1.3299e+00
2416 +3.616825623e-01 +3.616825623e-01 +5.868168256e+01 +5.868168256e+01 +4.1143e+00 -3.2831e+00 +1.3297e+00
2816 +2.389130857e-01 +2.389130857e-01 +5.855891309e+01 +5.855891309e+01 +4.0622e+00 -3.3072e+00 +1.3297e+00
3335 +2.932865271e-02 +2.932865271e-02 +5.834932865e+01 +5.834932865e+01 +3.8640e+00 -3.2948e+00 +1.3296e+00
3456 +2.137840405e-02 +2.137840405e-02 +5.834137840e+01 +5.834137840e+01 +3.8276e+00 -3.2947e+00 +1.3296e+00
3854 +8.259952872e-03 +8.259952872e-03 +5.832825995e+01 +5.832825995e+01 +3.7092e+00 -3.2937e+00 +1.3296e+00
3936 +4.697243545e-03 +4.697243545e-03 +5.832469724e+01 +5.832469724e+01 +3.6687e+00 -3.2950e+00 +1.3296e+00
4015 +1.086343004e-03 +1.086343004e-03 +5.832108634e+01 +5.832108634e+01 +3.6840e+00 -3.2960e+00 +1.3296e+00
4216 +8.994819040e-04 +8.994819040e-04 +5.832089948e+01 +5.832089948e+01 +3.6849e+00 -3.2961e+00 +1.3296e+00
4456 +4.935349469e-04 +4.935349469e-04 +5.832049353e+01 +5.832049353e+01 +3.6872e+00 -3.2964e+00 +1.3296e+00
4576 +1.986372623e-04 +1.986372623e-04 +5.832019864e+01 +5.832019864e+01 +3.7123e+00 -3.2972e+00 +1.3296e+00
4776 +3.586961603e-05 +3.586961603e-05 +5.832003587e+01 +5.832003587e+01 +3.7003e+00 -3.2967e+00 +1.3296e+00
4816 +8.474846162e-06 +8.474846162e-06 +5.832000847e+01 +5.832000847e+01 +3.7067e+00 -3.2967e+00 +1.3296e+00
5256 +5.886180936e-06 +5.886180936e-06 +5.832000589e+01 +5.832000589e+01 +3.7065e+00 -3.2967e+00 +1.3296e+00
6614 +7.005976954e-07 +7.005976954e-07 +5.832000070e+01 +5.832000070e+01 +3.7052e+00 -3.2968e+00 +1.3296e+00
6719 +4.080578222e-07 +4.080578222e-07 +5.832000041e+01 +5.832000041e+01 +3.7058e+00 -3.2968e+00 +1.3296e+00
6729 +3.351928228e-07 +3.351928228e-07 +5.832000034e+01 +5.832000034e+01 +3.7055e+00 -3.2968e+00 +1.3296e+00
6776 +1.328692107e-07 +1.328692107e-07 +5.832000013e+01 +5.832000013e+01 +3.7058e+00 -3.2968e+00 +1.3296e+00
7079 +1.439354946e-08 +1.439354946e-08 +5.832000001e+01 +5.832000001e+01 +3.7057e+00 -3.2968e+00 +1.3296e+00
7479 +8.960647335e-09 +8.960647335e-09 +5.832000001e+01 +5.832000001e+01 +3.7056e+00 -3.2968e+00 +1.3296e+00
8249 +6.424940580e-10 +6.424940580e-10 +5.832000000e+01 +5.832000000e+01 +3.7056e+00 -3.2968e+00 +1.3296e+00
8689 +4.812008569e-10 +4.812008569e-10 +5.832000000e+01 +5.832000000e+01 +3.7056e+00 -3.2968e+00 +1.3296e+00
8799 +3.865494591e-10 +3.865494591e-10 +5.832000000e+01 +5.832000000e+01 +3.7056e+00 -3.2968e+00 +1.3296e+00
9409 +2.186624215e-10 +2.186624215e-10 +5.832000000e+01 +5.832000000e+01 +3.7056e+00 -3.2968e+00 +1.3296e+00
9799 +1.514237624e-10 +1.514237624e-10 +5.832000000e+01 +5.832000000e+01 +3.7056e+00 -3.2968e+00 +1.3296e+00
10289 +9.807621382e-11 +9.807621382e-11 +5.832000000e+01 +5.832000000e+01 +3.7056e+00 -3.2968e+00 +1.3296e+00
10449 +5.997691233e-11 +5.997691233e-11 +5.832000000e+01 +5.832000000e+01 +3.7056e+00 -3.2968e+00 +1.3296e+00
10639 +2.845013114e-11 +2.845013114e-11 +5.832000000e+01 +5.832000000e+01 +3.7056e+00 -3.2968e+00 +1.3296e+00
10719 +1.355004997e-11 +1.355004997e-11 +5.832000000e+01 +5.832000000e+01 +3.7056e+00 -3.2968e+00 +1.3296e+00
10799 +3.993250175e-12 +3.993250175e-12 +5.832000000e+01 +5.832000000e+01 +3.7056e+00 -3.2968e+00 +1.3296e+00
10879 +2.280842182e-12 +2.280842182e-12 +5.832000000e+01 +5.832000000e+01 +3.7056e+00 -3.2968e+00 +1.3296e+00
11496 +1.321609489e-12 +1.321609489e-12 +5.832000000e+01 +5.832000000e+01 +3.7056e+00 -3.2968e+00 +1.3296e+00
11559 +6.252776075e-13 +6.252776075e-13 +5.832000000e+01 +5.832000000e+01 +3.7056e+00 -3.2968e+00 +1.3296e+00
11919 +3.126388037e-13 +3.126388037e-13 +5.832000000e+01 +5.832000000e+01 +3.7056e+00 -3.2968e+00 +1.3296e+00
12079 +1.634248292e-13 +1.634248292e-13 +5.832000000e+01 +5.832000000e+01 +3.7056e+00 -3.2968e+00 +1.3296e+00
12159 +7.815970093e-14 +7.815970093e-14 +5.832000000e+01 +5.832000000e+01 +3.7056e+00 -3.2968e+00 +1.3296e+00
12239 +4.973799150e-14 +4.973799150e-14 +5.832000000e+01 +5.832000000e+01 +3.7056e+00 -3.2968e+00 +1.3296e+00
12479 +3.552713679e-14 +3.552713679e-14 +5.832000000e+01 +5.832000000e+01 +3.7056e+00 -3.2968e+00 +1.3296e+00
12559 +2.131628207e-14 +2.131628207e-14 +5.832000000e+01 +5.832000000e+01 +3.7056e+00 -3.2968e+00 +1.3296e+00
13414 +7.105427358e-15 +7.105427358e-15 +5.832000000e+01 +5.832000000e+01 +3.7056e+00 -3.2968e+00 +1.3296e+00
13599 +0.000000000e+00 +0.000000000e+00 +5.832000000e+01 +5.832000000e+01 +3.7056e+00 -3.2968e+00 +1.3296e+00
% function evaluation | noise-free fitness - Fopt (1.932700000000e+02) | best noise-free fitness - Fopt | measured fitness | best measured fitness | x1 | x2...
1 +3.940128137e+04 +3.940128137e+04 +3.959455137e+04 +3.959455137e+04 -8.3215e-01 +1.7386e+00 +2.2853e+00
4 +8.765995662e+03 +8.765995662e+03 +8.959265662e+03 +8.959265662e+03 +9.0695e-01 -1.4197e+00 +2.0885e+00
107 +3.700968127e+03 +3.700968127e+03 +3.894238127e+03 +3.894238127e+03 +2.2839e+00 -3.1034e+00 +2.1041e+00
196 +3.596872638e+02 +3.596872638e+02 +5.529572638e+02 +5.529572638e+02 +2.3910e+00 -3.2067e+00 +2.1504e+00
484 +4.780945932e+01 +4.780945932e+01 +2.410794593e+02 +2.410794593e+02 +1.3861e+00 -3.2169e+00 +2.1633e+00
994 +3.980027232e+01 +3.980027232e+01 +2.330702723e+02 +2.330702723e+02 +3.1436e+00 -3.4587e+00 +2.1644e+00
1106 +1.426373786e+01 +1.426373786e+01 +2.075337379e+02 +2.075337379e+02 +5.0000e+00 -3.3777e+00 +2.1707e+00
1444 +7.103399546e+00 +7.103399546e+00 +2.003733995e+02 +2.003733995e+02 +2.9887e+00 -3.2661e+00 +2.1675e+00
1604 +6.099319712e-01 +6.099319712e-01 +1.938799320e+02 +1.938799320e+02 +2.1929e+00 -3.3506e+00 +2.1681e+00
1764 +3.646438214e-01 +3.646438214e-01 +1.936346438e+02 +1.936346438e+02 +2.2164e+00 -3.3504e+00 +2.1693e+00
2044 +2.222520133e-01 +2.222520133e-01 +1.934922520e+02 +1.934922520e+02 +2.1910e+00 -3.3463e+00 +2.1692e+00
2204 +4.444769708e-02 +4.444769708e-02 +1.933144477e+02 +1.933144477e+02 +2.1975e+00 -3.3429e+00 +2.1687e+00
2541 +3.911860685e-02 +3.911860685e-02 +1.933091186e+02 +1.933091186e+02 +2.1861e+00 -3.3363e+00 +2.1689e+00
3284 +2.477897662e-02 +2.477897662e-02 +1.932947790e+02 +1.932947790e+02 +2.0388e+00 -3.3345e+00 +2.1688e+00
3969 +1.543720676e-02 +1.543720676e-02 +1.932854372e+02 +1.932854372e+02 +2.0620e+00 -3.3368e+00 +2.1687e+00
4004 +5.741866343e-03 +5.741866343e-03 +1.932757419e+02 +1.932757419e+02 +2.0504e+00 -3.3376e+00 +2.1687e+00
4061 +3.793865709e-03 +3.793865709e-03 +1.932737939e+02 +1.932737939e+02 +2.0490e+00 -3.3380e+00 +2.1688e+00
4204 +2.224795145e-03 +2.224795145e-03 +1.932722248e+02 +1.932722248e+02 +2.0759e+00 -3.3397e+00 +2.1688e+00
4324 +1.531835718e-04 +1.531835718e-04 +1.932701532e+02 +1.932701532e+02 +2.0464e+00 -3.3393e+00 +2.1688e+00
5141 +9.384142945e-05 +9.384142945e-05 +1.932700938e+02 +1.932700938e+02 +2.0450e+00 -3.3395e+00 +2.1688e+00
5461 +3.011280563e-05 +3.011280563e-05 +1.932700301e+02 +1.932700301e+02 +2.0415e+00 -3.3393e+00 +2.1688e+00
5718 +2.145240165e-05 +2.145240165e-05 +1.932700215e+02 +1.932700215e+02 +2.0409e+00 -3.3391e+00 +2.1688e+00
5821 +3.969886308e-06 +3.969886308e-06 +1.932700040e+02 +1.932700040e+02 +2.0381e+00 -3.3391e+00 +2.1688e+00
6141 +1.626900740e-06 +1.626900740e-06 +1.932700016e+02 +1.932700016e+02 +2.0375e+00 -3.3392e+00 +2.1688e+00
6741 +1.057857304e-06 +1.057857304e-06 +1.932700011e+02 +1.932700011e+02 +2.0374e+00 -3.3392e+00 +2.1688e+00
6861 +4.609464384e-07 +4.609464384e-07 +1.932700005e+02 +1.932700005e+02 +2.0390e+00 -3.3392e+00 +2.1688e+00
7421 +1.724023662e-07 +1.724023662e-07 +1.932700002e+02 +1.932700002e+02 +2.0381e+00 -3.3392e+00 +2.1688e+00
7524 +2.669727905e-08 +2.669727905e-08 +1.932700000e+02 +1.932700000e+02 +2.0385e+00 -3.3392e+00 +2.1688e+00
7604 +2.496511797e-08 +2.496511797e-08 +1.932700000e+02 +1.932700000e+02 +2.0384e+00 -3.3392e+00 +2.1688e+00
7741 +9.267978385e-09 +9.267978385e-09 +1.932700000e+02 +1.932700000e+02 +2.0383e+00 -3.3392e+00 +2.1688e+00
7941 +3.005595772e-10 +3.005595772e-10 +1.932700000e+02 +1.932700000e+02 +2.0384e+00 -3.3392e+00 +2.1688e+00
9404 +1.630553470e-10 +1.630553470e-10 +1.932700000e+02 +1.932700000e+02 +2.0384e+00 -3.3392e+00 +2.1688e+00
9444 +7.517542144e-11 +7.517542144e-11 +1.932700000e+02 +1.932700000e+02 +2.0384e+00 -3.3392e+00 +2.1688e+00
9844 +1.602984412e-11 +1.602984412e-11 +1.932700000e+02 +1.932700000e+02 +2.0384e+00 -3.3392e+00 +2.1688e+00
10004 +1.455191523e-11 +1.455191523e-11 +1.932700000e+02 +1.932700000e+02 +2.0384e+00 -3.3392e+00 +2.1688e+00
10404 +9.180212146e-12 +9.180212146e-12 +1.932700000e+02 +1.932700000e+02 +2.0384e+00 -3.3392e+00 +2.1688e+00
10518 +4.007461030e-12 +4.007461030e-12 +1.932700000e+02 +1.932700000e+02 +2.0384e+00 -3.3392e+00 +2.1688e+00
10598 +1.278976924e-12 +1.278976924e-12 +1.932700000e+02 +1.932700000e+02 +2.0384e+00 -3.3392e+00 +2.1688e+00
10844 +1.705302566e-13 +1.705302566e-13 +1.932700000e+02 +1.932700000e+02 +2.0384e+00 -3.3392e+00 +2.1688e+00
11164 +1.136868377e-13 +1.136868377e-13 +1.932700000e+02 +1.932700000e+02 +2.0384e+00 -3.3392e+00 +2.1688e+00
11404 +2.842170943e-14 +2.842170943e-14 +1.932700000e+02 +1.932700000e+02 +2.0384e+00 -3.3392e+00 +2.1688e+00
11604 +0.000000000e+00 +0.000000000e+00 +1.932700000e+02 +1.932700000e+02 +2.0384e+00 -3.3392e+00 +2.1688e+00
% function evaluation | noise-free fitness - Fopt (-4.190100000000e+02) | best noise-free fitness - Fopt | measured fitness | best measured fitness | x1 | x2...
1 +6.240059016e+06 +6.240059016e+06 +6.239640006e+06 +6.239640006e+06 +3.2072e+00 +3.1478e+00 -3.0957e-01
2 +1.167734699e+06 +1.167734699e+06 +1.167315689e+06 +1.167315689e+06 -3.0846e+00 +1.8808e+00 -1.6201e+00
3 +8.159493489e+05 +8.159493489e+05 +8.155303389e+05 +8.155303389e+05 -1.9067e+00 -3.2023e+00 -3.5787e+00
6 +3.230198537e+04 +3.230198537e+04 +3.188297537e+04 +3.188297537e+04 -2.1236e+00 -1.2178e+00 -2.7802e+00
22 +5.296461495e+03 +5.296461495e+03 +4.877451495e+03 +4.877451495e+03 -1.2418e-01 +2.1664e+00 -2.7377e+00
228 +3.050791559e+03 +3.050791559e+03 +2.631781559e+03 +2.631781559e+03 -3.6495e-01 +3.1667e+00 -2.7181e+00
247 +2.161763301e+03 +2.161763301e+03 +1.742753301e+03 +1.742753301e+03 +3.7283e-01 +4.5581e+00 -2.6578e+00
295 +1.337846166e+02 +1.337846166e+02 -2.852253834e+02 -2.852253834e+02 +6.2321e-01 +3.3196e+00 -2.6660e+00
1141 +1.831795442e+01 +1.831795442e+01 -4.006920456e+02 -4.006920456e+02 -2.2387e+00 +3.1297e+00 -2.6608e+00
1405 +8.721026074e+00 +8.721026074e+00 -4.102889739e+02 -4.102889739e+02 -2.4058e+00 +2.9714e+00 -2.6599e+00
1681 +5.793615682e+00 +5.793615682e+00 -4.132163843e+02 -4.132163843e+02 -1.8537e+00 +3.0696e+00 -2.6621e+00
1736 +2.059241996e+00 +2.059241996e+00 -4.169507580e+02 -4.169507580e+02 -2.5895e+00 +3.0117e+00 -2.6612e+00
1856 +5.524452531e-01 +5.524452531e-01 -4.184575547e+02 -4.184575547e+02 -2.5511e+00 +3.0075e+00 -2.6626e+00
2289 +3.166891174e-01 +3.166891174e-01 -4.186933109e+02 -4.186933109e+02 -3.2117e+00 +3.0251e+00 -2.6623e+00
2435 +2.307774311e-01 +2.307774311e-01 -4.187792226e+02 -4.187792226e+02 -3.2661e+00 +3.0171e+00 -2.6627e+00
2674 +1.570562825e-01 +1.570562825e-01 -4.188529437e+02 -4.188529437e+02 -3.2772e+00 +2.9959e+00 -2.6622e+00
2741 +8.415144084e-02 +8.415144084e-02 -4.189258486e+02 -4.189258486e+02 -3.3712e+00 +2.9982e+00 -2.6625e+00
3041 +5.738349082e-02 +5.738349082e-02 -4.189526165e+02 -4.189526165e+02 -3.1883e+00 +3.0012e+00 -2.6623e+00
3380 +2.075401060e-02 +2.075401060e-02 -4.189892460e+02 -4.189892460e+02 -3.3919e+00 +3.0111e+00 -2.6624e+00
3461 +4.539340008e-03 +4.539340008e-03 -4.190054607e+02 -4.190054607e+02 -3.3550e+00 +3.0053e+00 -2.6624e+00
4157 +1.688456154e-03 +1.688456154e-03 -4.190083115e+02 -4.190083115e+02 -3.3526e+00 +3.0074e+00 -2.6624e+00
4488 +4.787819040e-04 +4.787819040e-04 -4.190095212e+02 -4.190095212e+02 -3.3038e+00 +3.0074e+00 -2.6624e+00
4568 +3.588967082e-04 +3.588967082e-04 -4.190096411e+02 -4.190096411e+02 -3.3139e+00 +3.0073e+00 -2.6624e+00
4681 +1.677909695e-04 +1.677909695e-04 -4.190098322e+02 -4.190098322e+02 -3.3281e+00 +3.0070e+00 -2.6624e+00
4717 +1.118737060e-04 +1.118737060e-04 -4.190098881e+02 -4.190098881e+02 -3.3237e+00 +3.0075e+00 -2.6624e+00
4841 +2.511741405e-05 +2.511741405e-05 -4.190099749e+02 -4.190099749e+02 -3.3249e+00 +3.0072e+00 -2.6624e+00
5018 +8.937174073e-06 +8.937174073e-06 -4.190099911e+02 -4.190099911e+02 -3.3242e+00 +3.0072e+00 -2.6624e+00
5597 +3.526336627e-06 +3.526336627e-06 -4.190099965e+02 -4.190099965e+02 -3.3240e+00 +3.0072e+00 -2.6624e+00
6419 +2.421938120e-06 +2.421938120e-06 -4.190099976e+02 -4.190099976e+02 -3.3238e+00 +3.0072e+00 -2.6624e+00
6797 +5.650961157e-07 +5.650961157e-07 -4.190099994e+02 -4.190099994e+02 -3.3244e+00 +3.0072e+00 -2.6624e+00
6808 +3.493262284e-07 +3.493262284e-07 -4.190099997e+02 -4.190099997e+02 -3.3243e+00 +3.0072e+00 -2.6624e+00
7179 +1.625974164e-07 +1.625974164e-07 -4.190099998e+02 -4.190099998e+02 -3.3242e+00 +3.0072e+00 -2.6624e+00
7379 +1.542259156e-07 +1.542259156e-07 -4.190099998e+02 -4.190099998e+02 -3.3241e+00 +3.0072e+00 -2.6624e+00
7498 +8.031571497e-08 +8.031571497e-08 -4.190099999e+02 -4.190099999e+02 -3.3239e+00 +3.0072e+00 -2.6624e+00
7979 +5.978495210e-08 +5.978495210e-08 -4.190099999e+02 -4.190099999e+02 -3.3241e+00 +3.0072e+00 -2.6624e+00
8436 +2.294717660e-08 +2.294717660e-08 -4.190100000e+02 -4.190100000e+02 -3.3239e+00 +3.0072e+00 -2.6624e+00
8596 +1.454225185e-08 +1.454225185e-08 -4.190100000e+02 -4.190100000e+02 -3.3239e+00 +3.0072e+00 -2.6624e+00
8796 +3.409638794e-09 +3.409638794e-09 -4.190100000e+02 -4.190100000e+02 -3.3240e+00 +3.0072e+00 -2.6624e+00
8901 +8.859046829e-10 +8.859046829e-10 -4.190100000e+02 -4.190100000e+02 -3.3240e+00 +3.0072e+00 -2.6624e+00
9699 +5.244373824e-10 +5.244373824e-10 -4.190100000e+02 -4.190100000e+02 -3.3240e+00 +3.0072e+00 -2.6624e+00
9821 +2.535784915e-10 +2.535784915e-10 -4.190100000e+02 -4.190100000e+02 -3.3240e+00 +3.0072e+00 -2.6624e+00
9979 +9.816858437e-11 +9.816858437e-11 -4.190100000e+02 -4.190100000e+02 -3.3240e+00 +3.0072e+00 -2.6624e+00
10062 +3.620925781e-11 +3.620925781e-11 -4.190100000e+02 -4.190100000e+02 -3.3240e+00 +3.0072e+00 -2.6624e+00
11102 +2.489741746e-11 +2.489741746e-11 -4.190100000e+02 -4.190100000e+02 -3.3240e+00 +3.0072e+00 -2.6624e+00
11221 +9.038103599e-12 +9.038103599e-12 -4.190100000e+02 -4.190100000e+02 -3.3240e+00 +3.0072e+00 -2.6624e+00
11222 +4.092726158e-12 +4.092726158e-12 -4.190100000e+02 -4.190100000e+02 -3.3240e+00 +3.0072e+00 -2.6624e+00
11301 +2.955857781e-12 +2.955857781e-12 -4.190100000e+02 -4.190100000e+02 -3.3240e+00 +3.0072e+00 -2.6624e+00
11357 +1.023181539e-12 +1.023181539e-12 -4.190100000e+02 -4.190100000e+02 -3.3240e+00 +3.0072e+00 -2.6624e+00
11422 +9.094947018e-13 +9.094947018e-13 -4.190100000e+02 -4.190100000e+02 -3.3240e+00 +3.0072e+00 -2.6624e+00
11582 +1.705302566e-13 +1.705302566e-13 -4.190100000e+02 -4.190100000e+02 -3.3240e+00 +3.0072e+00 -2.6624e+00
11782 +5.684341886e-14 +5.684341886e-14 -4.190100000e+02 -4.190100000e+02 -3.3240e+00 +3.0072e+00 -2.6624e+00
11822 +0.000000000e+00 +0.000000000e+00 -4.190100000e+02 -4.190100000e+02 -3.3240e+00 +3.0072e+00 -2.6624e+00
% function evaluation | noise-free fitness - Fopt (4.076100000000e+02) | best noise-free fitness - Fopt | measured fitness | best measured fitness | x1 | x2...
1 +5.330453311e+05 +5.330453311e+05 +5.334529411e+05 +5.334529411e+05 +4.7139e+00 +4.1658e+00 +4.4936e+00
14 +4.381277243e+04 +4.381277243e+04 +4.422038243e+04 +4.422038243e+04 -2.1175e+00 -9.1789e-01 +3.6599e+00
117 +1.718757647e+04 +1.718757647e+04 +1.759518647e+04 +1.759518647e+04 -3.5394e+00 -1.6376e+00 +3.9674e+00
126 +3.344328623e+03 +3.344328623e+03 +3.751938623e+03 +3.751938623e+03 -3.4766e+00 -5.0000e+00 +3.8329e+00
285 +1.579353830e+03 +1.579353830e+03 +1.986963830e+03 +1.986963830e+03 -3.8782e+00 -4.1008e+00 +3.8148e+00
389 +4.803039058e+02 +4.803039058e+02 +8.879139058e+02 +8.879139058e+02 -3.0658e+00 -4.0806e+00 +3.8499e+00
434 +1.077482198e+02 +1.077482198e+02 +5.153582198e+02 +5.153582198e+02 -2.6134e+00 -3.5949e+00 +3.8528e+00
579 +6.536481525e+01 +6.536481525e+01 +4.729748152e+02 +4.729748152e+02 -2.2677e+00 -3.5145e+00 +3.8518e+00
737 +5.111487543e+01 +5.111487543e+01 +4.587248754e+02 +4.587248754e+02 -2.0709e+00 -3.3851e+00 +3.8533e+00
869 +7.174894453e+00 +7.174894453e+00 +4.147848945e+02 +4.147848945e+02 -1.9243e+00 -3.3789e+00 +3.8481e+00
1274 +5.088097377e+00 +5.088097377e+00 +4.126980974e+02 +4.126980974e+02 -2.6970e+00 -3.3434e+00 +3.8467e+00
1354 +2.435098508e+00 +2.435098508e+00 +4.100450985e+02 +4.100450985e+02 -2.9470e-01 -3.2951e+00 +3.8457e+00
1834 +1.312419655e+00 +1.312419655e+00 +4.089224197e+02 +4.089224197e+02 -3.2084e-01 -3.2997e+00 +3.8464e+00
1941 +7.453013653e-01 +7.453013653e-01 +4.083553014e+02 +4.083553014e+02 -9.5858e-01 -3.3170e+00 +3.8465e+00
1994 +4.471504274e-01 +4.471504274e-01 +4.080571504e+02 +4.080571504e+02 -4.9468e-01 -3.3174e+00 +3.8464e+00
2085 +2.487524338e-01 +2.487524338e-01 +4.078587524e+02 +4.078587524e+02 +4.2652e-02 -3.3335e+00 +3.8462e+00
2172 +4.664391742e-02 +4.664391742e-02 +4.076566439e+02 +4.076566439e+02 -6.2393e-01 -3.3398e+00 +3.8464e+00
2532 +2.016600028e-02 +2.016600028e-02 +4.076301660e+02 +4.076301660e+02 -4.2555e-01 -3.3425e+00 +3.8464e+00
2852 +1.403616973e-02 +1.403616973e-02 +4.076240362e+02 +4.076240362e+02 -3.4727e-01 -3.3415e+00 +3.8464e+00
2932 +5.888609090e-03 +5.888609090e-03 +4.076158886e+02 +4.076158886e+02 -3.4183e-01 -3.3396e+00 +3.8464e+00
2972 +1.854569983e-03 +1.854569983e-03 +4.076118546e+02 +4.076118546e+02 -3.9043e-01 -3.3394e+00 +3.8464e+00
3012 +1.213812112e-03 +1.213812112e-03 +4.076112138e+02 +4.076112138e+02 -4.2892e-01 -3.3393e+00 +3.8464e+00
3172 +9.594709842e-04 +9.594709842e-04 +4.076109595e+02 +4.076109595e+02 -4.1004e-01 -3.3393e+00 +3.8464e+00
3621 +3.839577056e-04 +3.839577056e-04 +4.076103840e+02 +4.076103840e+02 -4.1723e-01 -3.3380e+00 +3.8464e+00
3874 +1.742561554e-04 +1.742561554e-04 +4.076101743e+02 +4.076101743e+02 -4.1976e-01 -3.3382e+00 +3.8464e+00
4021 +2.709989110e-05 +2.709989110e-05 +4.076100271e+02 +4.076100271e+02 -4.1283e-01 -3.3385e+00 +3.8464e+00
4181 +5.106720494e-06 +5.106720494e-06 +4.076100051e+02 +4.076100051e+02 -4.1389e-01 -3.3384e+00 +3.8464e+00
4261 +3.770613830e-06 +3.770613830e-06 +4.076100038e+02 +4.076100038e+02 -4.1446e-01 -3.3384e+00 +3.8464e+00
5061 +1.235474429e-06 +1.235474429e-06 +4.076100012e+02 +4.076100012e+02 -4.1586e-01 -3.3384e+00 +3.8464e+00
5452 +8.917663763e-07 +8.917663763e-07 +4.076100009e+02 +4.076100009e+02 -4.1616e-01 -3.3384e+00 +3.8464e+00
6052 +1.095478979e-07 +1.095478979e-07 +4.076100001e+02 +4.076100001e+02 -4.1500e-01 -3.3384e+00 +3.8464e+00
6852 +7.212850051e-08 +7.212850051e-08 +4.076100001e+02 +4.076100001e+02 -4.1511e-01 -3.3384e+00 +3.8464e+00
7554 +3.411230409e-08 +3.411230409e-08 +4.076100000e+02 +4.076100000e+02 -4.1516e-01 -3.3384e+00 +3.8464e+00
7994 +2.001746680e-08 +2.001746680e-08 +4.076100000e+02 +4.076100000e+02 -4.1515e-01 -3.3384e+00 +3.8464e+00
8074 +7.211099273e-09 +7.211099273e-09 +4.076100000e+02 +4.076100000e+02 -4.1515e-01 -3.3384e+00 +3.8464e+00
8101 +5.980837159e-09 +5.980837159e-09 +4.076100000e+02 +4.076100000e+02 -4.1515e-01 -3.3384e+00 +3.8464e+00
8301 +2.930448773e-09 +2.930448773e-09 +4.076100000e+02 +4.076100000e+02 -4.1515e-01 -3.3384e+00 +3.8464e+00
8594 +2.285503342e-09 +2.285503342e-09 +4.076100000e+02 +4.076100000e+02 -4.1515e-01 -3.3384e+00 +3.8464e+00
8650 +4.646949492e-10 +4.646949492e-10 +4.076100000e+02 +4.076100000e+02 -4.1518e-01 -3.3384e+00 +3.8464e+00
8994 +3.421405381e-10 +3.421405381e-10 +4.076100000e+02 +4.076100000e+02 -4.1519e-01 -3.3384e+00 +3.8464e+00
9114 +2.107185537e-10 +2.107185537e-10 +4.076100000e+02 +4.076100000e+02 -4.1521e-01 -3.3384e+00 +3.8464e+00
9637 +8.128608897e-11 +8.128608897e-11 +4.076100000e+02 +4.076100000e+02 -4.1520e-01 -3.3384e+00 +3.8464e+00
10221 +5.445599527e-11 +5.445599527e-11 +4.076100000e+02 +4.076100000e+02 -4.1520e-01 -3.3384e+00 +3.8464e+00
10301 +1.961097951e-11 +1.961097951e-11 +4.076100000e+02 +4.076100000e+02 -4.1520e-01 -3.3384e+00 +3.8464e+00
10434 +8.924416761e-12 +8.924416761e-12 +4.076100000e+02 +4.076100000e+02 -4.1520e-01 -3.3384e+00 +3.8464e+00
10909 +2.842170943e-12 +2.842170943e-12 +4.076100000e+02 +4.076100000e+02 -4.1520e-01 -3.3384e+00 +3.8464e+00
11269 +8.526512829e-13 +8.526512829e-13 +4.076100000e+02 +4.076100000e+02 -4.1520e-01 -3.3384e+00 +3.8464e+00
11834 +2.842170943e-13 +2.842170943e-13 +4.076100000e+02 +4.076100000e+02 -4.1520e-01 -3.3384e+00 +3.8464e+00
12114 +1.705302566e-13 +1.705302566e-13 +4.076100000e+02 +4.076100000e+02 -4.1520e-01 -3.3384e+00 +3.8464e+00
12532 +5.684341886e-14 +5.684341886e-14 +4.076100000e+02 +4.076100000e+02 -4.1520e-01 -3.3384e+00 +3.8464e+00
13363 +0.000000000e+00 +0.000000000e+00 +4.076100000e+02 +4.076100000e+02 -4.1520e-01 -3.3384e+00 +3.8464e+00
% function evaluation | noise-free fitness - Fopt (2.872000000000e+01) | best noise-free fitness - Fopt | measured fitness | best measured fitness | x1 | x2...
1 +4.200928612e+07 +4.200928612e+07 +4.200931484e+07 +4.200931484e+07 +4.0119e+00 -1.8671e+00 +2.7245e+00
2 +3.806725934e+05 +3.806725934e+05 +3.807013134e+05 +3.807013134e+05 +1.1377e-01 +2.0883e-01 -4.2591e+00
12 +1.495474911e+05 +1.495474911e+05 +1.495762111e+05 +1.495762111e+05 -8.8488e-02 +3.9735e+00 -3.2972e+00
43 +2.303250616e+03 +2.303250616e+03 +2.331970616e+03 +2.331970616e+03 -4.7640e+00 -1.6331e+00 -3.5813e+00
221 +7.605771355e+01 +7.605771355e+01 +1.047777136e+02 +1.047777136e+02 -4.6826e+00 -2.9259e+00 -3.5928e+00
646 +5.742480682e+01 +5.742480682e+01 +8.614480682e+01 +8.614480682e+01 -4.7183e+00 -2.9312e+00 -3.5953e+00
1457 +3.179486622e+01 +3.179486622e+01 +6.051486622e+01 +6.051486622e+01 -1.8469e+00 -3.0412e+00 -3.6008e+00
1581 +1.122040301e+01 +1.122040301e+01 +3.994040301e+01 +3.994040301e+01 -1.6001e+00 -3.0524e+00 -3.5981e+00
1939 +8.479276253e+00 +8.479276253e+00 +3.719927625e+01 +3.719927625e+01 +3.2246e-01 -3.1115e+00 -3.5943e+00
2059 +5.520048089e+00 +5.520048089e+00 +3.424004809e+01 +3.424004809e+01 -1.7021e-01 -3.0494e+00 -3.5955e+00
2061 +9.753355848e-01 +9.753355848e-01 +2.969533558e+01 +2.969533558e+01 +6.5288e-01 -3.0723e+00 -3.5974e+00
2139 +1.790261092e-01 +1.790261092e-01 +2.889902611e+01 +2.889902611e+01 +1.0653e+00 -3.0817e+00 -3.5971e+00
3056 +9.710811793e-02 +9.710811793e-02 +2.881710812e+01 +2.881710812e+01 +1.2775e+00 -3.0768e+00 -3.5969e+00
3301 +5.982124754e-02 +5.982124754e-02 +2.877982125e+01 +2.877982125e+01 +1.1850e+00 -3.0884e+00 -3.5968e+00
3336 +3.270198512e-02 +3.270198512e-02 +2.875270199e+01 +2.875270199e+01 +1.2424e+00 -3.0872e+00 -3.5968e+00
3416 +1.409175210e-02 +1.409175210e-02 +2.873409175e+01 +2.873409175e+01 +1.2817e+00 -3.0849e+00 -3.5968e+00
3461 +6.089473353e-03 +6.089473353e-03 +2.872608947e+01 +2.872608947e+01 +1.3241e+00 -3.0833e+00 -3.5968e+00
3828 +2.648400807e-03 +2.648400807e-03 +2.872264840e+01 +2.872264840e+01 +1.3898e+00 -3.0845e+00 -3.5968e+00
3885 +2.626514358e-04 +2.626514358e-04 +2.872026265e+01 +2.872026265e+01 +1.3863e+00 -3.0845e+00 -3.5968e+00
4856 +5.422557156e-05 +5.422557156e-05 +2.872005423e+01 +2.872005423e+01 +1.4017e+00 -3.0848e+00 -3.5968e+00
5386 +1.479464541e-05 +1.479464541e-05 +2.872001479e+01 +2.872001479e+01 +1.3946e+00 -3.0849e+00 -3.5968e+00
5466 +7.743426554e-06 +7.743426554e-06 +2.872000774e+01 +2.872000774e+01 +1.3934e+00 -3.0848e+00 -3.5968e+00
6016 +5.443991313e-06 +5.443991313e-06 +2.872000544e+01 +2.872000544e+01 +1.3936e+00 -3.0848e+00 -3.5968e+00
6745 +2.186610352e-06 +2.186610352e-06 +2.872000219e+01 +2.872000219e+01 +1.3942e+00 -3.0848e+00 -3.5968e+00
6776 +1.381379505e-06 +1.381379505e-06 +2.872000138e+01 +2.872000138e+01 +1.3943e+00 -3.0848e+00 -3.5968e+00
6905 +2.168567335e-07 +2.168567335e-07 +2.872000022e+01 +2.872000022e+01 +1.3943e+00 -3.0848e+00 -3.5968e+00
7096 +1.406058985e-07 +1.406058985e-07 +2.872000014e+01 +2.872000014e+01 +1.3943e+00 -3.0848e+00 -3.5968e+00
7376 +7.792020185e-08 +7.792020185e-08 +2.872000008e+01 +2.872000008e+01 +1.3943e+00 -3.0848e+00 -3.5968e+00
7456 +1.136086780e-08 +1.136086780e-08 +2.872000001e+01 +2.872000001e+01 +1.3943e+00 -3.0848e+00 -3.5968e+00
7825 +8.242075467e-09 +8.242075467e-09 +2.872000001e+01 +2.872000001e+01 +1.3943e+00 -3.0848e+00 -3.5968e+00
8468 +5.632927014e-09 +5.632927014e-09 +2.872000001e+01 +2.872000001e+01 +1.3944e+00 -3.0848e+00 -3.5968e+00
8548 +1.090729285e-09 +1.090729285e-09 +2.872000000e+01 +2.872000000e+01 +1.3944e+00 -3.0848e+00 -3.5968e+00
8856 +9.576091031e-10 +9.576091031e-10 +2.872000000e+01 +2.872000000e+01 +1.3944e+00 -3.0848e+00 -3.5968e+00
9216 +5.911076073e-10 +5.911076073e-10 +2.872000000e+01 +2.872000000e+01 +1.3944e+00 -3.0848e+00 -3.5968e+00
10148 +3.539213367e-11 +3.539213367e-11 +2.872000000e+01 +2.872000000e+01 +1.3944e+00 -3.0848e+00 -3.5968e+00
10526 +2.206235195e-12 +2.206235195e-12 +2.872000000e+01 +2.872000000e+01 +1.3944e+00 -3.0848e+00 -3.5968e+00
11160 +7.887024367e-13 +7.887024367e-13 +2.872000000e+01 +2.872000000e+01 +1.3944e+00 -3.0848e+00 -3.5968e+00
11320 +4.511946372e-13 +4.511946372e-13 +2.872000000e+01 +2.872000000e+01 +1.3944e+00 -3.0848e+00 -3.5968e+00
11720 +2.771116669e-13 +2.771116669e-13 +2.872000000e+01 +2.872000000e+01 +1.3944e+00 -3.0848e+00 -3.5968e+00
11926 +1.598721155e-13 +1.598721155e-13 +2.872000000e+01 +2.872000000e+01 +1.3944e+00 -3.0848e+00 -3.5968e+00
12000 +1.136868377e-13 +1.136868377e-13 +2.872000000e+01 +2.872000000e+01 +1.3944e+00 -3.0848e+00 -3.5968e+00
12080 +7.815970093e-14 +7.815970093e-14 +2.872000000e+01 +2.872000000e+01 +1.3944e+00 -3.0848e+00 -3.5968e+00
12126 +3.907985047e-14 +3.907985047e-14 +2.872000000e+01 +2.872000000e+01 +1.3944e+00 -3.0848e+00 -3.5968e+00
12326 +2.486899575e-14 +2.486899575e-14 +2.872000000e+01 +2.872000000e+01 +1.3944e+00 -3.0848e+00 -3.5968e+00
12566 +1.421085472e-14 +1.421085472e-14 +2.872000000e+01 +2.872000000e+01 +1.3944e+00 -3.0848e+00 -3.5968e+00
12765 +3.552713679e-15 +3.552713679e-15 +2.872000000e+01 +2.872000000e+01 +1.3944e+00 -3.0848e+00 -3.5968e+00
12886 +0.000000000e+00 +0.000000000e+00 +2.872000000e+01 +2.872000000e+01 +1.3944e+00 -3.0848e+00 -3.5968e+00
