% function evaluation | noise-free fitness - Fopt (-5.494000000000e+01) | best noise-free fitness - Fopt | measured fitness | best measured fitness | x1 | x2...
1 +1.666931384e+07 +1.666931384e+07 +1.666925890e+07 +1.666925890e+07 +1.8915e+00 -1.9041e+00 -3.9118e-01 +1.9747e+00 +5.0677e-01
2 +6.718913053e+06 +6.718913053e+06 +6.718858113e+06 +6.718858113e+06 -3.2595e+00 -2.5175e+00 +1.7748e+00 -1.2924e+00 -2.2762e+00
3 +2.517294911e+05 +2.517294911e+05 +2.516745511e+05 +2.516745511e+05 -4.6251e-01 +3.4267e+00 -3.2803e+00 -1.6656e-01 -3.8909e-01
5 +7.562115122e+04 +7.562115122e+04 +7.556621122e+04 +7.556621122e+04 -6.6286e-01 -2.8945e+00 -4.5819e+00 +4.0405e+00 +2.2649e+00
42 +2.195743385e+04 +2.195743385e+04 +2.190249385e+04 +2.190249385e+04 -2.2986e+00 -5.0000e+00 -3.2252e+00 +3.7076e+00 +2.7238e+00
97 +1.361277987e+04 +1.361277987e+04 +1.355783987e+04 +1.355783987e+04 -2.6692e+00 -5.0000e+00 -3.0461e+00 +4.3750e+00 +2.2529e+00
202 +3.599805952e+03 +3.599805952e+03 +3.544865952e+03 +3.544865952e+03 -2.4838e+00 -1.1171e+00 +2.4217e-01 +3.8076e+00 +2.7369e+00
2393 +6.903179561e+02 +6.903179561e+02 +6.353779561e+02 +6.353779561e+02 -5.0132e-01 -2.2539e+00 -2.5724e+00 +2.5697e+00 +4.2887e+00
3654 +3.553734687e+02 +3.553734687e+02 +3.004334687e+02 +3.004334687e+02 -1.6712e+00 -1.2296e+00 -7.7947e-01 +3.1364e+00 +3.3088e+00
4265 +4.659486322e+01 +4.659486322e+01 -8.345136784e+00 -8.345136784e+00 -1.2092e+00 -1.6590e+00 -2.0309e+00 +2.9545e+00 +3.1843e+00
% function evaluation | noise-free fitness - Fopt (5.913000000000e+01) | best noise-free fitness - Fopt | measured fitness | best measured fitness | x1 | x2...
1 +1.630630324e+07 +1.630630324e+07 +1.630636237e+07 +1.630636237e+07 -1.2978e+00 -1.5681e+00 +2.9141e+00 -1.1908e+00 +5.9300e-01
3 +1.266941720e+07 +1.266941720e+07 +1.266947633e+07 +1.266947633e+07 +3.2605e+00 +9.3639e-01 -2.4139e+00 +9.0893e-01 +3.7623e+00
4 +1.794848063e+06 +1.794848063e+06 +1.794907193e+06 +1.794907193e+06 +4.5236e-01 +2.4772e-01 -4.8513e+00 +3.4583e+00 -1.6381e+00
11 +9.358651593e+05 +9.358651593e+05 +9.359242893e+05 +9.359242893e+05 -4.7715e+00 +2.1716e+00 -4.1238e+00 -3.2591e-01 -4.7088e+00
16 +3.097716786e+05 +3.097716786e+05 +3.098308086e+05 +3.098308086e+05 +6.3877e-01 +1.3313e+00 -1.6228e+00 +3.5307e-01 -3.8816e+00
20 +2.207571273e+04 +2.207571273e+04 +2.213484273e+04 +2.213484273e+04 -3.7410e+00 +3.5828e+00 +2.2623e-01 -2.1572e+00 -3.6397e+00
629 +1.406371002e+04 +1.406371002e+04 +1.412284002e+04 +1.412284002e+04 -4.6887e-01 +2.4458e+00 -5.0000e+00 +3.5854e+00 -1.9705e+00
844 +6.033014324e+03 +6.033014324e+03 +6.092144324e+03 +6.092144324e+03 +5.3959e-01 +3.9018e+00 -3.7149e+00 +8.7746e-01 -9.5635e-01
2187 +1.515665853e+03 +1.515665853e+03 +1.574795853e+03 +1.574795853e+03 -6.6402e-01 +4.2916e+00 -4.3189e+00 +2.1952e+00 -7.2939e-01
4933 +6.724455477e+02 +6.724455477e+02 +7.315755477e+02 +7.315755477e+02 -1.9313e+00 +3.7286e+00 -3.9663e+00 +2.5548e+00 -1.5279e+00
% function evaluation | noise-free fitness - Fopt (-4.915300000000e+02) | best noise-free fitness - Fopt | measured fitness | best measured fitness | x1 | x2...
1 +3.039600101e+07 +3.039600101e+07 +3.039550948e+07 +3.039550948e+07 +4.2756e+00 -1.8972e+00 +3.5546e-01 -2.0442e+00 -3.9918e+00
2 +1.009030000e+07 +1.009030000e+07 +1.008980847e+07 +1.008980847e+07 +4.4459e+00 +4.8968e+00 -4.9481e+00 +1.5603e+00 -4.8978e+00
4 +6.815349613e+06 +6.815349613e+06 +6.814858083e+06 +6.814858083e+06 +3.8810e+00 +4.9349e+00 -3.3737e+00 +2.0999e+00 -3.5422e+00
5 +1.705192358e+06 +1.705192358e+06 +1.704700828e+06 +1.704700828e+06 -7.3472e-01 -3.0736e+00 -4.8357e+00 +4.0866e+00 +5.4485e-02
9 +1.274420144e+06 +1.274420144e+06 +1.273928614e+06 +1.273928614e+06 -1.2616e+00 -4.3028e+00 +4.5026e+00 -1.9093e+00 -1.9081e+00
13 +8.013829077e+05 +8.013829077e+05 +8.008913777e+05 +8.008913777e+05 -3.2756e+00 -4.1907e+00 -9.1461e-01 -4.2142e+00 -3.3137e+00
14 +9.883403439e+04 +9.883403439e+04 +9.834250439e+04 +9.834250439e+04 +4.6123e-01 +7.9224e-01 -1.8915e+00 +4.9568e-01 +9.3114e-01
56 +5.207284117e+04 +5.207284117e+04 +5.158131117e+04 +5.158131117e+04 +1.0139e+00 -1.4896e+00 -6.0988e-01 +2.3521e+00 +4.3034e+00
143 +3.392465110e+04 +3.392465110e+04 +3.343312110e+04 +3.343312110e+04 +5.0501e-01 +1.1401e+00 -2.1240e-01 +5.2214e-02 +9.7917e-01
190 +2.588869091e+03 +2.588869091e+03 +2.097339091e+03 +2.097339091e+03 +5.0351e-01 +1.4738e+00 -1.5978e+00 +2.5770e-01 -5.5224e-01
997 +2.093226814e+03 +2.093226814e+03 +1.601696814e+03 +1.601696814e+03 +9.0047e-02 +4.7941e+00 +5.0164e-01 -1.8103e+00 -3.6748e+00
4380 +1.327674444e+03 +1.327674444e+03 +8.361444439e+02 +8.361444439e+02 +2.2409e-01 +2.2015e+00 -1.8225e+00 -4.6952e-01 -2.1586e+00
% function evaluation | noise-free fitness - Fopt (-1.702000000000e+02) | best noise-free fitness - Fopt | measured fitness | best measured fitness | x1 | x2...
1 +1.423280016e+07 +1.423280016e+07 +1.423262996e+07 +1.423262996e+07 +2.9823e+00 +3.9403e+00 -2.2277e+00 -4.8489e+00 +4.8253e+00
3 +9.671208539e+06 +9.671208539e+06 +9.671038339e+06 +9.671038339e+06 +1.8745e+00 -4.0025e-01 -3.3883e+00 -2.3991e+00 +1.7739e+00
4 +2.042169445e+05 +2.042169445e+05 +2.040467445e+05 +2.040467445e+05 +6.9062e-01 +3.5250e+00 +1.6124e+00 +3.5283e+00 +3.9677e+00
115 +5.904512677e+04 +5.904512677e+04 +5.887492677e+04 +5.887492677e+04 +2.6172e-01 +3.3422e+00 +1.9004e-01 +2.5951e+00 +5.0000e+00
178 +3.675958163e+04 +3.675958163e+04 +3.658938163e+04 +3.658938163e+04 +4.5109e+00 +5.0000e+00 +5.0000e+00 +5.0000e+00 +5.0000e+00
296 +2.165402766e+04 +2.165402766e+04 +2.148382766e+04 +2.148382766e+04 +3.4293e+00 +3.8168e+00 +3.6736e+00 +4.9886e+00 +3.8029e+00
408 +1.186969871e+04 +1.186969871e+04 +1.169949871e+04 +1.169949871e+04 -2.1902e-01 +5.7691e-02 +1.5012e+00 +4.9749e+00 +3.2446e+00
681 +9.598311856e+03 +9.598311856e+03 +9.428111856e+03 +9.428111856e+03 +2.4986e+00 +2.0791e+00 +2.6924e+00 +4.9645e+00 +3.4094e+00
737 +5.107219590e+03 +5.107219590e+03 +4.937019590e+03 +4.937019590e+03 +2.3051e+00 +7.8399e-01 +2.6317e+00 +4.9611e+00 +3.4674e+00
968 +2.854778371e+03 +2.854778371e+03 +2.684578371e+03 +2.684578371e+03 -9.8982e-01 -4.0673e-01 +2.0188e-01 +4.9494e+00 +2.1545e+00
1771 +2.444992823e+03 +2.444992823e+03 +2.274792823e+03 +2.274792823e+03 -2.5367e+00 -1.7267e+00 -9.2453e-01 +4.9536e+00 +1.4028e+00
2807 +6.074744285e+02 +6.074744285e+02 +4.372744285e+02 +4.372744285e+02 -2.5772e+00 -1.1550e+00 -1.0717e+00 +4.9534e+00 +1.1896e+00
3015 +3.425671085e+02 +3.425671085e+02 +1.723671085e+02 +1.723671085e+02 -1.4898e+00 -6.4557e-01 -2.1283e-01 +4.9909e+00 +1.7309e+00
3085 +2.510323357e+02 +2.510323357e+02 +8.083233575e+01 +8.083233575e+01 -1.1017e+00 -9.2607e-01 +1.6103e-01 +5.0000e+00 +2.0085e+00
3550 +1.350985483e+02 +1.350985483e+02 -3.510145175e+01 -3.510145175e+01 -2.1971e+00 -7.0748e-01 -9.2750e-01 +4.9699e+00 +1.1416e+00
3923 +4.714188267e+01 +4.714188267e+01 -1.230581173e+02 -1.230581173e+02 -1.9378e+00 -6.0162e-01 -6.2233e-01 +4.9410e+00 +1.4495e+00
4629 +3.058928175e+01 +3.058928175e+01 -1.396107183e+02 -1.396107183e+02 -1.9167e+00 -6.2948e-01 -6.4117e-01 +4.9467e+00 +1.4062e+00
% function evaluation | noise-free fitness - Fopt (-4.697500000000e+02) | best noise-free fitness - Fopt | measured fitness | best measured fitness | x1 | x2...
1 +1.635735063e+07 +1.635735063e+07 +1.635688088e+07 +1.635688088e+07 +2.9446e+00 -2.3478e+00 -3.6066e+00 -4.0253e+00 +1.0789e+00
2 +3.622908959e+06 +3.622908959e+06 +3.622439209e+06 +3.622439209e+06 +1.5507e+00 +6.2383e-01 +2.5021e+00 +1.3076e+00 -3.8222e+00
9 +2.065342969e+06 +2.065342969e+06 +2.064873219e+06 +2.064873219e+06 +5.7019e-01 -4.6248e+00 +9.5437e-01 +5.7178e-01 -5.7239e-01
20 +9.638612280e+04 +9.638612280e+04 +9.591637280e+04 +9.591637280e+04 +3.0760e+00 +4.6993e+00 +4.1977e+00 +3.4370e+00 -2.7413e+00
48 +1.652730362e+04 +1.652730362e+04 +1.605755362e+04 +1.605755362e+04 +4.6252e+00 +3.4263e+00 +2.2382e+00 +1.9116e+00 -6.2209e-01
406 +3.816288702e+03 +3.816288702e+03 +3.346538702e+03 +3.346538702e+03 +5.0000e+00 +5.0000e+00 +3.0827e+00 +3.5666e+00 -3.1801e+00
% function evaluation | noise-free fitness - Fopt (-1.280000000000e+01) | best noise-free fitness - Fopt | measured fitness | best measured fitness | x1 | x2...
1 +8.142691730e+06 +8.142691730e+06 +8.142678930e+06 +8.142678930e+06 -7.9527e-01 -4.8336e+00 +4.4592e-01 -2.0210e+00 -3.4717e+00
2 +5.846313696e+05 +5.846313696e+05 +5.846185696e+05 +5.846185696e+05 -4.1828e+00 -1.0301e+00 +4.8873e+00 -3.3533e+00 +1.8712e+00
7 +2.678806182e+05 +2.678806182e+05 +2.678678182e+05 +2.678678182e+05 +1.3623e+00 +4.3661e+00 +2.7741e+00 +2.1477e+00 -5.5467e-01
16 +1.349467110e+05 +1.349467110e+05 +1.349339110e+05 +1.349339110e+05 -4.2865e+00 -1.6586e+00 +1.2182e+00 +3.4472e+00 -4.6622e+00
198 +2.348545883e+04 +2.348545883e+04 +2.347265883e+04 +2.347265883e+04 -1.2875e-01 +4.8958e-02 +1.2305e+00 +5.0507e-02 +2.7709e+00
439 +1.068061453e+04 +1.068061453e+04 +1.066781453e+04 +1.066781453e+04 +1.9430e-02 +6.9922e-01 +1.3743e+00 -5.9015e-02 +2.9054e+00
1715 +4.513443623e+03 +4.513443623e+03 +4.500643623e+03 +4.500643623e+03 +8.0844e+00 +3.2835e+00 +3.6880e+00 -3.8281e+00 +8.2357e+00
4653 +3.938395808e+03 +3.938395808e+03 +3.925595808e+03 +3.925595808e+03 +2.0796e+00 -6.4750e-01 +2.1966e+00 -9.9327e-01 +2.4585e+00
4758 +1.262798741e+03 +1.262798741e+03 +1.249998741e+03 +1.249998741e+03 +3.2737e+00 -7.8801e-01 +2.3031e+00 -1.1359e+00 +2.7996e+00
4785 +2.136389458e+02 +2.136389458e+02 +2.008389458e+02 +2.008389458e+02 +2.9622e+00 -4.3806e-01 +2.4876e+00 -1.6023e+00 +3.3845e+00
% function evaluation | noise-free fitness - Fopt (-3.856900000000e+02) | best noise-free fitness - Fopt | measured fitness | best measured fitness | x1 | x2...
1 +5.562996881e+07 +5.562996881e+07 +5.562958312e+07 +5.562958312e+07 +1.5898e-01 -2.3816e+00 -5.3749e-01 +4.5418e+00 +3.0610e+00
2 +2.198568713e+07 +2.198568713e+07 +2.198530144e+07 +2.198530144e+07 +4.7499e+00 -7.4158e-01 -2.1845e+00 -2.1687e+00 -4.7252e+00
5 +1.363083986e+06 +1.363083986e+06 +1.362698296e+06 +1.362698296e+06 -5.3608e-01 -4.0910e+00 -4.2140e+00 -4.9749e+00 -1.5825e+00
11 +2.358958223e+05 +2.358958223e+05 +2.355101323e+05 +2.355101323e+05 +2.1300e+00 +1.9915e+00 +4.2681e+00 -3.4909e+00 +1.8195e+00
90 +2.844641328e+04 +2.844641328e+04 +2.806072328e+04 +2.806072328e+04 -1.6753e+00 -1.5876e+00 +1.1168e+00 -2.0324e+00 +5.0000e+00
131 +1.643617968e+04 +1.643617968e+04 +1.605048968e+04 +1.605048968e+04 +2.8057e+00 +3.1817e-01 +3.9520e-01 -2.5811e+00 +6.1492e+00
552 +8.467270236e+03 +8.467270236e+03 +8.081580236e+03 +8.081580236e+03 +1.2426e+00 +1.6787e-01 +3.3480e-01 -2.5749e+00 +5.0000e+00
1115 +5.245022633e+03 +5.245022633e+03 +4.859332633e+03 +4.859332633e+03 -2.9724e+00 -3.4716e+00 -3.3883e-01 -2.5036e+00 +3.7682e+00
1406 +3.558709523e+03 +3.558709523e+03 +3.173019523e+03 +3.173019523e+03 -1.9741e+00 -4.9998e+00 +2.1891e-01 -2.0046e+00 +4.8138e+00
2967 +2.504723480e+03 +2.504723480e+03 +2.119033480e+03 +2.119033480e+03 -2.5955e+00 -4.9997e+00 +5.8808e-02 -2.0027e+00 +4.7160e+00
3311 +1.148314071e+03 +1.148314071e+03 +7.626240709e+02 +7.626240709e+02 -2.5654e+00 -4.9996e+00 -2.8971e-01 -2.0547e+00 +4.7005e+00
3327 +8.708636990e+02 +8.708636990e+02 +4.851736990e+02 +4.851736990e+02 -2.5400e+00 -4.9996e+00 -3.8354e-01 -2.0607e+00 +4.7019e+00
3794 +5.571870672e+02 +5.571870672e+02 +1.714970672e+02 +1.714970672e+02 -2.7070e+00 -4.9995e+00 -7.6806e-01 -2.1070e+00 +4.7156e+00
3951 +3.638570305e+02 +3.638570305e+02 -2.183296948e+01 -2.183296948e+01 -2.6131e+00 -4.9995e+00 -8.1986e-01 -2.1282e+00 +4.7139e+00
4293 +1.484759226e+02 +1.484759226e+02 -2.372140774e+02 -2.372140774e+02 -2.7733e+00 -4.9991e+00 -1.3422e+00 -2.2216e+00 +4.6554e+00
4551 +7.985934356e+01 +7.985934356e+01 -3.058306564e+02 -3.058306564e+02 -2.7772e+00 -4.9988e+00 -1.2852e+00 -2.2014e+00 +4.6593e+00
% function evaluation | noise-free fitness - Fopt (4.000000000000e+01) | best noise-free fitness - Fopt | measured fitness | best measured fitness | x1 | x2...
1 +1.473324490e+07 +1.473324490e+07 +1.473328490e+07 +1.473328490e+07 +4.0352e-01 +1.0303e+00 +2.2332e+00 +1.6990e+00 -3.9573e-01
2 +9.225653932e+06 +9.225653932e+06 +9.225693932e+06 +9.225693932e+06 +2.2357e+00 +3.9870e+00 +3.4691e+00 +4.7604e+00 +7.0177e-01
3 +3.099140515e+06 +3.099140515e+06 +3.099180515e+06 +3.099180515e+06 +3.9275e+00 +2.1015e-01 +1.3287e+00 -2.5078e+00 -3.2421e+00
6 +7.991157088e+04 +7.991157088e+04 +7.995157088e+04 +7.995157088e+04 +2.7987e+00 -1.6427e+00 -2.8621e+00 +4.4343e-01 +1.0282e+00
57 +1.460187327e+04 +1.460187327e+04 +1.464187327e+04 +1.464187327e+04 +3.2767e+00 +1.1328e+00 +3.1413e+00 +2.3821e+00 +6.8295e+00
1444 +7.473674693e+03 +7.473674693e+03 +7.513674693e+03 +7.513674693e+03 +4.3966e+00 -5.9404e-02 +8.6476e-01 +3.5902e+00 +5.0000e+00
1499 +5.088290933e+03 +5.088290933e+03 +5.128290933e+03 +5.128290933e+03 +4.4586e+00 +6.7517e-01 +2.2386e-01 +5.0000e+00 +5.0000e+00
1608 +7.661474368e+02 +7.661474368e+02 +8.061474368e+02 +8.061474368e+02 +2.1809e+00 +4.0214e+00 +3.3241e-01 +5.0000e+00 +5.0000e+00
3196 +5.475440518e+02 +5.475440518e+02 +5.875440518e+02 +5.875440518e+02 +2.1799e+00 +4.0004e+00 +2.6139e-01 +5.0000e+00 +5.0000e+00
4679 +3.949997476e+02 +3.949997476e+02 +4.349997476e+02 +4.349997476e+02 +2.4188e+00 +3.6367e+00 +2.7234e-01 +5.0000e+00 +5.0000e+00
% function evaluation | noise-free fitness - Fopt (1.142600000000e+02) | best noise-free fitness - Fopt | measured fitness | best measured fitness | x1 | x2...
1 +1.978906436e+06 +1.978906436e+06 +1.979020696e+06 +1.979020696e+06 +1.9717e+00 -1.6640e+00 -2.2846e+00 +1.7298e+00 -1.3038e+00
3 +6.754675779e+05 +6.754675779e+05 +6.755818379e+05 +6.755818379e+05 +2.3909e+00 +4.4987e-01 -3.9050e+00 +1.1615e+00 -4.9966e+00
11 +3.950388076e+05 +3.950388076e+05 +3.951530676e+05 +3.951530676e+05 -8.9132e-01 +1.0570e+00 -4.8276e-01 -8.1116e-01 -3.7175e+00
34 +8.945914731e+04 +8.945914731e+04 +8.957340731e+04 +8.957340731e+04 +4.6964e+00 -4.0491e+00 -2.2650e+00 +1.7461e-01 +6.9630e-01
63 +5.533479254e+04 +5.533479254e+04 +5.544905254e+04 +5.544905254e+04 +5.0000e+00 -5.0000e+00 -3.0995e+00 -6.2568e-01 +1.5561e-01
191 +1.833065484e+04 +1.833065484e+04 +1.844491484e+04 +1.844491484e+04 +3.8868e-01 +2.7044e-01 +2.6476e-02 +8.2683e-01 +2.9056e-01
360 +1.243911247e+04 +1.243911247e+04 +1.255337247e+04 +1.255337247e+04 +3.4387e+00 +4.1254e-02 -6.7613e-01 +2.6508e+00 +1.9185e+00
1777 +9.212133264e+03 +9.212133264e+03 +9.326393264e+03 +9.326393264e+03 +1.7000e+00 -2.3897e+00 -3.0268e+00 -4.2972e-01 -2.9267e-01
2109 +2.886937036e+03 +2.886937036e+03 +3.001197036e+03 +3.001197036e+03 +8.5885e-01 -2.2531e+00 -2.1400e+00 -7.1183e-01 -3.3806e-01
3068 +2.344001248e+03 +2.344001248e+03 +2.458261248e+03 +2.458261248e+03 +4.0150e+00 -2.7535e+00 -2.3340e+00 +7.7157e-01 +1.1729e+00
% function evaluation | noise-free fitness - Fopt (1.393000000000e+01) | best noise-free fitness - Fopt | measured fitness | best measured fitness | x1 | x2...
1 +6.686635290e+06 +6.686635290e+06 +6.686649220e+06 +6.686649220e+06 +1.9454e+00 -2.3835e+00 +4.5672e+00 -2.4763e-01 +2.9320e+00
2 +2.734356410e+06 +2.734356410e+06 +2.734370340e+06 +2.734370340e+06 +1.7272e+00 -3.6411e-01 -1.0103e+00 -1.4405e+00 -6.9160e-01
13 +2.207646206e+06 +2.207646206e+06 +2.207660136e+06 +2.207660136e+06 +3.5087e+00 +6.2296e-01 +3.0223e+00 -3.3335e+00 -3.0966e+00
14 +1.756069716e+05 +1.756069716e+05 +1.756209016e+05 +1.756209016e+05 +9.5838e-01 +9.1629e-01 -1.9903e+00 -4.7027e+00 +4.4980e-01
25 +6.236708890e+04 +6.236708890e+04 +6.238101890e+04 +6.238101890e+04 +3.3389e+00 +1.1862e+00 +8.8108e-01 +1.8190e+00 -1.6684e-01
109 +3.457437192e+04 +3.457437192e+04 +3.458830192e+04 +3.458830192e+04 +3.6256e+00 +1.4399e+00 -5.4606e-01 +2.1259e+00 +3.1989e+00
146 +1.655241569e+04 +1.655241569e+04 +1.656634569e+04 +1.656634569e+04 +5.2893e+00 -1.4475e+00 -1.1643e+00 -2.4241e+00 -2.0934e+00
717 +1.020449728e+04 +1.020449728e+04 +1.021842728e+04 +1.021842728e+04 +4.5412e+00 -1.1214e+00 +2.2597e-01 -2.3725e+00 -4.7178e+00
769 +5.195974958e+03 +5.195974958e+03 +5.209904958e+03 +5.209904958e+03 +5.0000e+00 -9.1852e-01 -1.9128e+00 -2.0913e+00 -2.1613e+00
3044 +2.948993347e+03 +2.948993347e+03 +2.962923347e+03 +2.962923347e+03 +5.0000e+00 -1.0202e+00 -1.2271e+00 -1.8771e+00 -1.9317e+00
3257 +6.007801532e+02 +6.007801532e+02 +6.147101532e+02 +6.147101532e+02 +5.0000e+00 -9.4502e-01 -1.1236e+00 -1.5710e+00 -2.1173e+00
3937 +3.925371179e+02 +3.925371179e+02 +4.064671179e+02 +4.064671179e+02 +5.0000e+00 -7.6153e-01 -7.2303e-01 -9.5906e-01 -1.6921e+00
% function evaluation | noise-free fitness - Fopt (-3.175000000000e+01) | best noise-free fitness - Fopt | measured fitness | best measured fitness | x1 | x2...
1 +3.283135296e+06 +3.283135296e+06 +3.283103546e+06 +3.283103546e+06 -3.5897e+00 -2.9675e+00 +3.7185e+00 +3.7423e+00 -8.0512e-01
2 +5.739524664e+05 +5.739524664e+05 +5.739207164e+05 +5.739207164e+05 -1.2982e+00 -1.1899e+00 -4.9751e-01 +2.5333e-01 +1.2675e+00
6 +1.293418235e+05 +1.293418235e+05 +1.293100735e+05 +1.293100735e+05 +8.6669e-01 +2.3730e+00 +3.4856e+00 +3.6252e+00 +1.8161e+00
53 +8.525886812e+04 +8.525886812e+04 +8.522711812e+04 +8.522711812e+04 +5.0000e+00 +4.4676e+00 +1.8147e+00 +3.2886e+00 +4.3533e+00
54 +4.822894427e+04 +4.822894427e+04 +4.819719427e+04 +4.819719427e+04 -1.8446e+00 -1.5195e+00 +1.3446e+00 +2.0864e+00 -9.3420e-02
106 +2.293632943e+04 +2.293632943e+04 +2.290457943e+04 +2.290457943e+04 -4.0654e+00 +3.3687e+00 +2.1357e-01 +2.1520e+00 +3.7855e+00
290 +8.154646711e+03 +8.154646711e+03 +8.122896711e+03 +8.122896711e+03 -3.7186e+00 +1.6974e+00 +9.0697e-01 +2.3778e+00 +1.8444e+00
1336 +6.225627617e+03 +6.225627617e+03 +6.193877617e+03 +6.193877617e+03 -4.9006e+00 +1.0280e-01 +1.0950e+00 +2.0688e+00 +5.7144e-01
2240 +3.637855020e+02 +3.637855020e+02 +3.320355020e+02 +3.320355020e+02 -5.0000e+00 +6.1600e-01 +1.7991e+00 +2.7775e+00 -1.4059e-02
4598 +2.480276406e+02 +2.480276406e+02 +2.162776406e+02 +2.162776406e+02 -5.0000e+00 +4.5062e-01 +1.7833e+00 +2.7382e+00 -1.2363e-01
% function evaluation | noise-free fitness - Fopt (5.432000000000e+01) | best noise-free fitness - Fopt | measured fitness | best measured fitness | x1 | x2...
1 +7.400309111e+06 +7.400309111e+06 +7.400363431e+06 +7.400363431e+06 +4.9636e+00 -9.8040e-02 +4.4084e+00 -3.2603e+00 -2.4033e+00
3 +5.928119210e+05 +5.928119210e+05 +5.928662410e+05 +5.928662410e+05 +1.0554e-01 -2.9034e+00 +4.2107e+00 -1.0689e-01 +1.7899e+00
18 +2.701296993e+05 +2.701296993e+05 +2.701840193e+05 +2.701840193e+05 +1.3414e+00 +2.3137e-01 -4.3800e+00 +3.0261e+00 -2.5821e+00
28 +1.181431972e+05 +1.181431972e+05 +1.181975172e+05 +1.181975172e+05 -6.3879e-01 -4.1336e+00 +4.6177e+00 +9.4460e-01 +2.0333e+00
35 +1.586001293e+04 +1.586001293e+04 +1.591433293e+04 +1.591433293e+04 -1.5630e+00 -2.8380e+00 +3.5358e+00 -4.1798e+00 -7.0662e-01
296 +6.485092640e+03 +6.485092640e+03 +6.539412640e+03 +6.539412640e+03 -1.5975e+00 -1.0720e+00 +3.7272e+00 -6.3686e+00 -1.0579e+00
920 +6.009106353e+03 +6.009106353e+03 +6.063426353e+03 +6.063426353e+03 -9.8343e-01 +1.1153e+00 +2.5171e+00 -5.0000e+00 -2.7905e-01
1919 +7.894489652e+02 +7.894489652e+02 +8.437689652e+02 +8.437689652e+02 -1.4282e+00 +5.0000e+00 +3.0703e-01 -2.5355e+00 +3.0608e+00
3815 +2.475286384e+02 +2.475286384e+02 +3.018486384e+02 +3.018486384e+02 -1.2994e+00 +5.0000e+00 +3.0560e-01 -2.0891e+00 +3.2155e+00
4426 +1.576184923e+02 +1.576184923e+02 +2.119384923e+02 +2.119384923e+02 -1.2998e+00 +5.0000e+00 +3.2888e-01 -2.0250e+00 +3.2655e+00
% function evaluation | noise-free fitness - Fopt (4.052000000000e+01) | best noise-free fitness - Fopt | measured fitness | best measured fitness | x1 | x2...
1 +9.781741328e+06 +9.781741328e+06 +9.781781848e+06 +9.781781848e+06 -2.9762e+00 +1.7072e+00 -1.3447e+00 +4.6961e+00 -4.6248e+00
2 +6.910149864e+04 +6.910149864e+04 +6.914201864e+04 +6.914201864e+04 -1.7376e-01 +4.9865e-01 +3.2917e-01 +3.8064e+00 +5.3636e-01
130 +1.099989936e+04 +1.099989936e+04 +1.104041936e+04 +1.104041936e+04 +8.7376e-01 +7.0669e-01 -3.6331e-01 +3.9500e+00 +4.0783e-01
165 +3.744739499e+03 +3.744739499e+03 +3.785259499e+03 +3.785259499e+03 +2.3072e-01 +3.9138e+00 +1.5469e+00 +4.8562e+00 +7.4006e-02
508 +1.439540491e+03 +1.439540491e+03 +1.480060491e+03 +1.480060491e+03 +1.5463e+00 +6.4478e-01 -2.0073e-01 +3.7889e+00 -2.3173e+00
2861 +6.818424695e+02 +6.818424695e+02 +7.223624695e+02 +7.223624695e+02 +2.7716e+00 -3.0471e-01 -9.0589e-01 +2.7433e+00 -2.7245e+00
3847 +3.716241401e+02 +3.716241401e+02 +4.121441401e+02 +4.121441401e+02 +2.8519e+00 -1.2048e-01 -1.0155e+00 +2.8200e+00 -2.1679e+00
% function evaluation | noise-free fitness - Fopt (-1.184900000000e+02) | best noise-free fitness - Fopt | measured fitness | best measured fitness | x1 | x2...
1 +1.120532153e+05 +1.120532153e+05 +1.119347253e+05 +1.119347253e+05 +4.3310e+00 -1.6206e+00 +9.4328e-01 -3.4892e+00 +3.1355e+00
27 +6.560202943e+04 +6.560202943e+04 +6.548353943e+04 +6.548353943e+04 +1.2368e+00 -7.6959e-01 +1.8833e-01 -3.9017e+00 -5.9380e-01
31 +6.257142206e+04 +6.257142206e+04 +6.245293206e+04 +6.245293206e+04 -1.8695e+00 -2.2958e+00 -3.9815e+00 -3.9942e+00 -3.1610e+00
137 +5.805296712e+03 +5.805296712e+03 +5.686806712e+03 +5.686806712e+03 +1.6199e+00 +4.8556e-01 +1.1882e+00 -1.5146e+00 +1.5997e-01
3334 +3.301990260e+03 +3.301990260e+03 +3.183500260e+03 +3.183500260e+03 +1.0403e+00 +1.7324e-01 +5.1380e-01 -5.1759e-01 -1.0725e-01
3431 +2.012376295e+03 +2.012376295e+03 +1.893886295e+03 +1.893886295e+03 +3.8835e-01 -8.5941e-01 +6.2049e-02 +7.2986e-01 -9.8231e-02
4190 +1.235798556e+03 +1.235798556e+03 +1.117308556e+03 +1.117308556e+03 +1.0158e+00 -7.7240e-01 +3.6714e-01 -3.1039e-02 +2.3474e-01
4635 +9.011120242e+02 +9.011120242e+02 +7.826220242e+02 +7.826220242e+02 -4.3146e-02 -9.5080e-01 -3.2158e-01 +9.3881e-01 -4.6668e-01
% function evaluation | noise-free fitness - Fopt (2.810000000000e+01) | best noise-free fitness - Fopt | measured fitness | best measured fitness | x1 | x2...
1 +1.738887114e+06 +1.738887114e+06 +1.738915214e+06 +1.738915214e+06 +2.8458e-01 +3.5621e-01 +1.3505e+00 -4.1439e+00 +2.9266e+00
10 +8.692800111e+04 +8.692800111e+04 +8.695610111e+04 +8.695610111e+04 +2.1116e+00 -3.3389e+00 -2.9757e+00 -1.5725e+00 -1.5821e+00
81 +4.232401622e+04 +4.232401622e+04 +4.235211622e+04 +4.235211622e+04 +3.2036e+00 -4.6438e+00 -2.5000e+00 -2.0002e+00 -2.0734e+00
163 +2.643432534e+04 +2.643432534e+04 +2.646242534e+04 +2.646242534e+04 +3.0877e+00 -2.8112e+00 -6.9709e-01 -1.4112e+00 -2.7384e+00
281 +1.242727463e+04 +1.242727463e+04 +1.245537463e+04 +1.245537463e+04 +2.7475e+00 -5.1990e+00 -2.7367e+00 -1.7449e+00 -2.5477e+00
365 +2.588254373e+03 +2.588254373e+03 +2.616354373e+03 +2.616354373e+03 +1.3616e+00 -5.0000e+00 -1.7753e+00 -6.1552e-01 -3.4311e+00
2365 +1.539635997e+03 +1.539635997e+03 +1.567735997e+03 +1.567735997e+03 +1.2957e+00 +1.2696e+01 -2.0535e+00 +1.8524e+00 -2.7605e+00
