% function evaluation | noise-free fitness - Fopt (-5.465000000000e+02) | best noise-free fitness - Fopt | measured fitness | best measured fitness | x1 | x2...
1 +1.509507011e+04 +1.509507011e+04 +1.454857011e+04 +1.454857011e+04 -1.2475e+00 +4.3861e+00
2 +1.195367014e+03 +1.195367014e+03 +6.488670140e+02 +6.488670140e+02 +4.2275e+00 +3.2042e+00
4 +2.340693447e+02 +2.340693447e+02 -3.124306553e+02 -3.124306553e+02 -3.2608e+00 +9.2024e-01
14 +3.916769891e+00 +3.916769891e+00 -5.425832301e+02 -5.425832301e+02 +2.4258e+00 +2.0165e+00
123 +1.541333703e+00 +1.541333703e+00 -5.449586663e+02 -5.449586663e+02 -2.2020e+00 +8.8182e-01
427 +6.563103088e-01 +6.563103088e-01 -5.458436897e+02 -5.458436897e+02 -2.0549e+00 +9.7071e-01
447 +6.120764479e-01 +6.120764479e-01 -5.458879236e+02 -5.458879236e+02 -2.1219e+00 +9.6370e-01
5972 +4.090049810e-02 +4.090049810e-02 -5.464590995e+02 -5.464590995e+02 -2.1385e+00 +2.0894e+00
6253 +5.037140924e-03 +5.037140924e-03 -5.464949629e+02 -5.464949629e+02 -2.1187e+00 +2.1022e+00
6285 +3.075566507e-04 +3.075566507e-04 -5.464996924e+02 -5.464996924e+02 -2.1076e+00 +2.1035e+00
6314 +1.578385729e-04 +1.578385729e-04 -5.464998422e+02 -5.464998422e+02 -2.1036e+00 +2.1045e+00
6434 +6.186840380e-05 +6.186840380e-05 -5.464999381e+02 -5.464999381e+02 -2.1041e+00 +2.1055e+00
6435 +6.844983318e-07 +6.844983318e-07 -5.464999993e+02 -5.464999993e+02 -2.1050e+00 +2.1048e+00
6512 +1.201966597e-07 +1.201966597e-07 -5.464999999e+02 -5.464999999e+02 -2.1049e+00 +2.1048e+00
6527 +1.950411388e-08 +1.950411388e-08 -5.465000000e+02 -5.465000000e+02 -2.1048e+00 +2.1048e+00
6638 +1.493253876e-08 +1.493253876e-08 -5.465000000e+02 -5.465000000e+02 -2.1048e+00 +2.1049e+00
6656 +4.216872185e-09 +4.216872185e-09 -5.465000000e+02 -5.465000000e+02 -2.1048e+00 +2.1048e+00
% function evaluation | noise-free fitness - Fopt (1.000000000000e+03) | best noise-free fitness - Fopt | measured fitness | best measured fitness | x1 | x2...
1 +1.098486978e+04 +1.098486978e+04 +1.198486978e+04 +1.198486978e+04 +5.8725e-01 -3.3463e-01
3 +1.068201895e+03 +1.068201895e+03 +2.068201895e+03 +2.068201895e+03 +1.2955e+00 +3.5953e+00
6 +1.159020264e+02 +1.159020264e+02 +1.115902026e+03 +1.115902026e+03 -3.4532e-01 +2.8359e+00
26 +3.842874151e+00 +3.842874151e+00 +1.003842874e+03 +1.003842874e+03 +1.3901e+00 +1.9615e+00
53 +1.369346698e+00 +1.369346698e+00 +1.001369347e+03 +1.001369347e+03 -2.1738e+00 +2.1612e+00
111 +6.020903538e-01 +6.020903538e-01 +1.000602090e+03 +1.000602090e+03 -2.0842e+00 +2.0600e+00
244 +1.220168497e-01 +1.220168497e-01 +1.000122017e+03 +1.000122017e+03 -2.1348e+00 +2.1172e+00
256 +3.018422481e-02 +3.018422481e-02 +1.000030184e+03 +1.000030184e+03 -2.1380e+00 +2.0996e+00
291 +1.032351885e-02 +1.032351885e-02 +1.000010324e+03 +1.000010324e+03 -2.1168e+00 +2.1070e+00
324 +1.721137576e-03 +1.721137576e-03 +1.000001721e+03 +1.000001721e+03 -2.0990e+00 +2.1081e+00
341 +1.332252014e-03 +1.332252014e-03 +1.000001332e+03 +1.000001332e+03 -2.0983e+00 +2.1055e+00
381 +7.748339391e-04 +7.748339391e-04 +1.000000775e+03 +1.000000775e+03 -2.1103e+00 +2.1037e+00
392 +5.116598811e-05 +5.116598811e-05 +1.000000051e+03 +1.000000051e+03 -2.1062e+00 +2.1044e+00
422 +8.958670378e-06 +8.958670378e-06 +1.000000009e+03 +1.000000009e+03 -2.1048e+00 +2.1047e+00
464 +3.820351253e-06 +3.820351253e-06 +1.000000004e+03 +1.000000004e+03 -2.1047e+00 +2.1048e+00
472 +7.641483535e-08 +7.641483535e-08 +1.000000000e+03 +1.000000000e+03 -2.1049e+00 +2.1048e+00
578 +5.726076324e-08 +5.726076324e-08 +1.000000000e+03 +1.000000000e+03 -2.1049e+00 +2.1048e+00
611 +3.196453235e-08 +3.196453235e-08 +1.000000000e+03 +1.000000000e+03 -2.1049e+00 +2.1048e+00
630 +1.714943210e-08 +1.714943210e-08 +1.000000000e+03 +1.000000000e+03 -2.1049e+00 +2.1048e+00
654 +1.136811534e-08 +1.136811534e-08 +1.000000000e+03 +1.000000000e+03 -2.1049e+00 +2.1048e+00
684 +9.074483387e-09 +9.074483387e-09 +1.000000000e+03 +1.000000000e+03 -2.1049e+00 +2.1048e+00
% function evaluation | noise-free fitness - Fopt (2.083800000000e+02) | best noise-free fitness - Fopt | measured fitness | best measured fitness | x1 | x2...
1 +2.939170119e+03 +2.939170119e+03 +3.147550119e+03 +3.147550119e+03 +6.1761e-01 +3.7677e+00
9 +3.872409330e+00 +3.872409330e+00 +2.122524093e+02 +2.122524093e+02 -2.6085e-01 +1.8663e+00
36 +1.766598443e+00 +1.766598443e+00 +2.101465984e+02 +2.101465984e+02 -9.2033e-01 +2.4436e+00
224 +1.423517998e+00 +1.423517998e+00 +2.098035180e+02 +2.098035180e+02 -9.0041e-01 +2.4112e+00
487 +8.037506052e-01 +8.037506052e-01 +2.091837506e+02 +2.091837506e+02 -2.1722e+00 +9.6387e-01
862 +6.307286779e-01 +6.307286779e-01 +2.090107287e+02 +2.090107287e+02 -2.1438e+00 +9.5230e-01
6472 +8.938626768e-03 +8.938626768e-03 +2.083889386e+02 +2.083889386e+02 -2.1171e+00 +2.0973e+00
6633 +5.487596497e-03 +5.487596497e-03 +2.083854876e+02 +2.083854876e+02 -2.1153e+00 +2.0989e+00
6651 +6.848811801e-04 +6.848811801e-04 +2.083806849e+02 +2.083806849e+02 -2.1022e+00 +2.1069e+00
6702 +5.657977988e-04 +5.657977988e-04 +2.083805658e+02 +2.083805658e+02 -2.1002e+00 +2.1062e+00
6715 +2.241683745e-05 +2.241683745e-05 +2.083800224e+02 +2.083800224e+02 -2.1049e+00 +2.1051e+00
6764 +8.740873341e-07 +8.740873341e-07 +2.083800009e+02 +2.083800009e+02 -2.1049e+00 +2.1049e+00
6846 +4.057741592e-07 +4.057741592e-07 +2.083800004e+02 +2.083800004e+02 -2.1049e+00 +2.1049e+00
6862 +1.545484452e-07 +1.545484452e-07 +2.083800002e+02 +2.083800002e+02 -2.1048e+00 +2.1049e+00
6932 +1.914941095e-09 +1.914941095e-09 +2.083800000e+02 +2.083800000e+02 -2.1048e+00 +2.1048e+00
% function evaluation | noise-free fitness - Fopt (-1.449600000000e+02) | best noise-free fitness - Fopt | measured fitness | best measured fitness | x1 | x2...
1 +1.137656201e+05 +1.137656201e+05 +1.136206601e+05 +1.136206601e+05 -2.2217e+00 +4.7138e+00
2 +3.883025336e+03 +3.883025336e+03 +3.738065336e+03 +3.738065336e+03 +6.4667e-01 -3.5235e-01
4 +2.231190190e+03 +2.231190190e+03 +2.086230190e+03 +2.086230190e+03 +4.1999e+00 -1.7062e+00
7 +5.492153599e+00 +5.492153599e+00 -1.394678464e+02 -1.394678464e+02 +4.4332e-01 -1.3530e+00
25 +2.714818466e+00 +2.714818466e+00 -1.422451815e+02 -1.422451815e+02 +7.2518e-01 -1.7089e+00
124 +1.848932177e+00 +1.848932177e+00 -1.431110678e+02 -1.431110678e+02 +6.2360e-01 -2.7480e+00
151 +6.062241780e-01 +6.062241780e-01 -1.443537758e+02 -1.443537758e+02 +1.5273e+00 -3.0187e+00
367 +1.740103439e-01 +1.740103439e-01 -1.447859897e+02 -1.447859897e+02 -2.1670e+00 -2.0718e+00
412 +1.500291095e-01 +1.500291095e-01 -1.448099709e+02 -1.448099709e+02 -2.1025e+00 -2.0808e+00
431 +4.086471959e-02 +4.086471959e-02 -1.449191353e+02 -1.449191353e+02 -2.1206e+00 -2.0892e+00
437 +1.139720653e-02 +1.139720653e-02 -1.449486028e+02 -1.449486028e+02 -2.1203e+00 -2.1056e+00
513 +5.322033708e-03 +5.322033708e-03 -1.449546780e+02 -1.449546780e+02 -2.0990e+00 -2.1105e+00
570 +2.501294109e-03 +2.501294109e-03 -1.449574987e+02 -1.449574987e+02 -2.1044e+00 -2.1081e+00
578 +4.682217358e-04 +4.682217358e-04 -1.449595318e+02 -1.449595318e+02 -2.1072e+00 -2.1031e+00
601 +1.886882114e-04 +1.886882114e-04 -1.449598113e+02 -1.449598113e+02 -2.1047e+00 -2.1057e+00
635 +4.895592102e-05 +4.895592102e-05 -1.449599510e+02 -1.449599510e+02 -2.1035e+00 -2.1050e+00
657 +3.109351888e-05 +3.109351888e-05 -1.449599689e+02 -1.449599689e+02 -2.1051e+00 -2.1051e+00
672 +4.434879571e-06 +4.434879571e-06 -1.449599956e+02 -1.449599956e+02 -2.1049e+00 -2.1050e+00
704 +3.382309274e-06 +3.382309274e-06 -1.449599966e+02 -1.449599966e+02 -2.1052e+00 -2.1048e+00
708 +9.431520596e-07 +9.431520596e-07 -1.449599991e+02 -1.449599991e+02 -2.1049e+00 -2.1049e+00
723 +1.002200634e-08 +1.002200634e-08 -1.449600000e+02 -1.449600000e+02 -2.1049e+00 -2.1048e+00
832 +4.326096814e-09 +4.326096814e-09 -1.449600000e+02 -1.449600000e+02 -2.1049e+00 -2.1048e+00
% function evaluation | noise-free fitness - Fopt (-6.300000000000e+00) | best noise-free fitness - Fopt | measured fitness | best measured fitness | x1 | x2...
1 +5.490038796e+04 +5.490038796e+04 +5.489408796e+04 +5.489408796e+04 -1.0719e+00 +2.2617e+00
2 +6.097113935e+02 +6.097113935e+02 +6.034113935e+02 +6.034113935e+02 -1.5714e+00 -1.1792e+00
3 +5.001073618e+00 +5.001073618e+00 -1.298926382e+00 -1.298926382e+00 +8.0191e-01 -1.4209e+00
13 +2.901022570e+00 +2.901022570e+00 -3.398977430e+00 -3.398977430e+00 -1.5714e+00 -2.6015e+00
28 +2.486949759e+00 +2.486949759e+00 -3.813050241e+00 -3.813050241e+00 +1.8147e+00 -1.0079e+00
58 +1.469468294e+00 +1.469468294e+00 -4.830531706e+00 -4.830531706e+00 +9.4473e-01 -2.4264e+00
211 +6.770137932e-01 +6.770137932e-01 -5.622986207e+00 -5.622986207e+00 +2.2254e+00 -2.1105e+00
225 +3.902722487e-01 +3.902722487e-01 -5.909727751e+00 -5.909727751e+00 +2.0482e+00 -2.1544e+00
263 +1.949961236e-01 +1.949961236e-01 -6.105003876e+00 -6.105003876e+00 +2.0386e+00 -2.1399e+00
311 +1.472127362e-01 +1.472127362e-01 -6.152787264e+00 -6.152787264e+00 +2.0331e+00 -2.1315e+00
385 +1.664381683e-02 +1.664381683e-02 -6.283356183e+00 -6.283356183e+00 +2.1035e+00 -2.0970e+00
481 +1.340957906e-02 +1.340957906e-02 -6.286590421e+00 -6.286590421e+00 +2.1114e+00 -2.1102e+00
502 +4.938282918e-03 +4.938282918e-03 -6.295061717e+00 -6.295061717e+00 +2.1135e+00 -2.1062e+00
511 +1.773481820e-03 +1.773481820e-03 -6.298226518e+00 -6.298226518e+00 +2.1102e+00 -2.1015e+00
538 +4.975272472e-04 +4.975272472e-04 -6.299502473e+00 -6.299502473e+00 +2.1034e+00 -2.1065e+00
562 +1.966529940e-04 +1.966529940e-04 -6.299803347e+00 -6.299803347e+00 +2.1022e+00 -2.1053e+00
589 +1.336268945e-04 +1.336268945e-04 -6.299866373e+00 -6.299866373e+00 +2.1046e+00 -2.1042e+00
612 +1.016752948e-05 +1.016752948e-05 -6.299989832e+00 -6.299989832e+00 +2.1049e+00 -2.1050e+00
664 +2.236690791e-06 +2.236690791e-06 -6.299997763e+00 -6.299997763e+00 +2.1045e+00 -2.1049e+00
723 +5.714077798e-07 +5.714077798e-07 -6.299999429e+00 -6.299999429e+00 +2.1047e+00 -2.1049e+00
726 +3.038097596e-07 +3.038097596e-07 -6.299999696e+00 -6.299999696e+00 +2.1048e+00 -2.1048e+00
761 +1.713554942e-07 +1.713554942e-07 -6.299999829e+00 -6.299999829e+00 +2.1048e+00 -2.1049e+00
776 +1.103525733e-07 +1.103525733e-07 -6.299999890e+00 -6.299999890e+00 +2.1048e+00 -2.1048e+00
792 +7.206818609e-08 +7.206818609e-08 -6.299999928e+00 -6.299999928e+00 +2.1048e+00 -2.1048e+00
799 +5.659449354e-08 +5.659449354e-08 -6.299999943e+00 -6.299999943e+00 +2.1048e+00 -2.1049e+00
815 +1.972579255e-08 +1.972579255e-08 -6.299999980e+00 -6.299999980e+00 +2.1048e+00 -2.1048e+00
830 +1.289445173e-08 +1.289445173e-08 -6.299999987e+00 -6.299999987e+00 +2.1048e+00 -2.1048e+00
832 +3.185004260e-09 +3.185004260e-09 -6.299999997e+00 -6.299999997e+00 +2.1048e+00 -2.1048e+00
% function evaluation | noise-free fitness - Fopt (-2.206000000000e+01) | best noise-free fitness - Fopt | measured fitness | best measured fitness | x1 | x2...
1 +8.438428075e+04 +8.438428075e+04 +8.436222075e+04 +8.436222075e+04 +2.0158e+00 -3.9216e+00
2 +4.616554158e+04 +4.616554158e+04 +4.614348158e+04 +4.614348158e+04 +3.6607e+00 -3.1172e+00
3 +2.606586766e+03 +2.606586766e+03 +2.584526766e+03 +2.584526766e+03 -3.4543e+00 +1.2908e+00
4 +9.432752136e+02 +9.432752136e+02 +9.212152136e+02 +9.212152136e+02 +2.4137e+00 +2.6370e+00
10 +4.092076111e+00 +4.092076111e+00 -1.796792389e+01 -1.796792389e+01 +1.0162e+00 +1.1189e+00
28 +1.689649980e+00 +1.689649980e+00 -2.037035002e+01 -2.037035002e+01 +2.0158e+00 +1.2714e+00
55 +3.157840077e-01 +3.157840077e-01 -2.174421599e+01 -2.174421599e+01 +2.2176e+00 +2.0758e+00
245 +1.348826418e-01 +1.348826418e-01 -2.192511736e+01 -2.192511736e+01 +2.1637e+00 +2.1039e+00
265 +1.873462988e-02 +1.873462988e-02 -2.204126537e+01 -2.204126537e+01 +2.1235e+00 +2.0939e+00
293 +1.356565910e-02 +1.356565910e-02 -2.204643434e+01 -2.204643434e+01 +2.1230e+00 +2.1049e+00
306 +8.750920301e-03 +8.750920301e-03 -2.205124908e+01 -2.205124908e+01 +2.1197e+00 +2.0976e+00
322 +4.064836622e-03 +4.064836622e-03 -2.205593516e+01 -2.205593516e+01 +2.0963e+00 +2.1040e+00
339 +2.399117146e-03 +2.399117146e-03 -2.205760088e+01 -2.205760088e+01 +2.0967e+00 +2.1052e+00
361 +1.265299811e-03 +1.265299811e-03 -2.205873470e+01 -2.205873470e+01 +2.1118e+00 +2.1035e+00
386 +5.885182742e-04 +5.885182742e-04 -2.205941148e+01 -2.205941148e+01 +2.1000e+00 +2.1059e+00
388 +6.814397733e-05 +6.814397733e-05 -2.205993186e+01 -2.205993186e+01 +2.1039e+00 +2.1055e+00
434 +2.694211188e-05 +2.694211188e-05 -2.205997306e+01 -2.205997306e+01 +2.1043e+00 +2.1053e+00
452 +7.432431399e-06 +7.432431399e-06 -2.205999257e+01 -2.205999257e+01 +2.1052e+00 +2.1049e+00
461 +2.010615734e-06 +2.010615734e-06 -2.205999799e+01 -2.205999799e+01 +2.1049e+00 +2.1049e+00
492 +1.471126694e-06 +1.471126694e-06 -2.205999853e+01 -2.205999853e+01 +2.1049e+00 +2.1048e+00
523 +5.698052981e-07 +5.698052981e-07 -2.205999943e+01 -2.205999943e+01 +2.1047e+00 +2.1049e+00
558 +1.860174237e-07 +1.860174237e-07 -2.205999981e+01 -2.205999981e+01 +2.1048e+00 +2.1048e+00
568 +1.539417553e-07 +1.539417553e-07 -2.205999985e+01 -2.205999985e+01 +2.1049e+00 +2.1049e+00
597 +5.722052165e-08 +5.722052165e-08 -2.205999994e+01 -2.205999994e+01 +2.1048e+00 +2.1048e+00
617 +4.332040504e-09 +4.332040504e-09 -2.206000000e+01 -2.206000000e+01 +2.1049e+00 +2.1048e+00
% function evaluation | noise-free fitness - Fopt (7.129000000000e+01) | best noise-free fitness - Fopt | measured fitness | best measured fitness | x1 | x2...
1 +8.288074703e+02 +8.288074703e+02 +9.000974703e+02 +9.000974703e+02 +1.0365e+00 +9.8047e-01
7 +4.437888296e+01 +4.437888296e+01 +1.156688830e+02 +1.156688830e+02 +2.2873e+00 +1.6446e+00
9 +3.601716189e+00 +3.601716189e+00 +7.489171619e+01 +7.489171619e+01 -6.7431e-02 +2.6948e+00
37 +2.317779020e+00 +2.317779020e+00 +7.360777902e+01 +7.360777902e+01 -2.4071e+00 +1.9917e+00
212 +1.346360307e+00 +1.346360307e+00 +7.263636031e+01 +7.263636031e+01 -2.1864e+00 +8.9113e-01
282 +9.656686437e-01 +9.656686437e-01 +7.225566864e+01 +7.225566864e+01 -2.0452e+00 +9.4194e-01
417 +6.013812839e-01 +6.013812839e-01 +7.189138128e+01 +7.189138128e+01 -2.0944e+00 +9.5847e-01
1725 +3.419477424e-01 +3.419477424e-01 +7.163194774e+01 +7.163194774e+01 -2.2210e+00 +2.0813e+00
1736 +2.214126126e-01 +2.214126126e-01 +7.151141261e+01 +7.151141261e+01 -2.1958e+00 +2.0897e+00
1744 +1.173429829e-01 +1.173429829e-01 +7.140734298e+01 +7.140734298e+01 -2.1721e+00 +2.0919e+00
1767 +8.974574299e-02 +8.974574299e-02 +7.137974574e+01 +7.137974574e+01 -2.1541e+00 +2.0819e+00
1778 +2.645044385e-02 +2.645044385e-02 +7.131645044e+01 +7.131645044e+01 -2.1317e+00 +2.0924e+00
1786 +4.018319883e-03 +4.018319883e-03 +7.129401832e+01 +7.129401832e+01 -2.1144e+00 +2.1051e+00
1839 +1.547218126e-03 +1.547218126e-03 +7.129154722e+01 +7.129154722e+01 -2.1126e+00 +2.1031e+00
1878 +5.519469334e-04 +5.519469334e-04 +7.129055195e+01 +7.129055195e+01 -2.1034e+00 +2.1066e+00
1906 +3.164077287e-04 +3.164077287e-04 +7.129031641e+01 +7.129031641e+01 -2.1039e+00 +2.1040e+00
1910 +1.801249860e-04 +1.801249860e-04 +7.129018012e+01 +7.129018012e+01 -2.1045e+00 +2.1058e+00
1928 +5.223550583e-05 +5.223550583e-05 +7.129005224e+01 +7.129005224e+01 -2.1061e+00 +2.1043e+00
1938 +4.465888537e-06 +4.465888537e-06 +7.129000447e+01 +7.129000447e+01 -2.1044e+00 +2.1049e+00
1992 +3.285514822e-06 +3.285514822e-06 +7.129000329e+01 +7.129000329e+01 -2.1046e+00 +2.1050e+00
2029 +2.191969969e-06 +2.191969969e-06 +7.129000219e+01 +7.129000219e+01 -2.1051e+00 +2.1047e+00
2049 +1.486323271e-06 +1.486323271e-06 +7.129000149e+01 +7.129000149e+01 -2.1046e+00 +2.1049e+00
2074 +5.940138834e-07 +5.940138834e-07 +7.129000059e+01 +7.129000059e+01 -2.1050e+00 +2.1048e+00
2078 +3.481354724e-07 +3.481354724e-07 +7.129000035e+01 +7.129000035e+01 -2.1050e+00 +2.1048e+00
2079 +4.164290601e-08 +4.164290601e-08 +7.129000004e+01 +7.129000004e+01 -2.1049e+00 +2.1048e+00
2084 +3.035412988e-08 +3.035412988e-08 +7.129000003e+01 +7.129000003e+01 -2.1049e+00 +2.1048e+00
2095 +1.547046224e-08 +1.547046224e-08 +7.129000002e+01 +7.129000002e+01 -2.1049e+00 +2.1048e+00
2121 +4.442313184e-11 +4.442313184e-11 +7.129000000e+01 +7.129000000e+01 -2.1048e+00 +2.1048e+00
% function evaluation | noise-free fitness - Fopt (-1.054000000000e+01) | best noise-free fitness - Fopt | measured fitness | best measured fitness | x1 | x2...
1 +2.094826422e+02 +2.094826422e+02 +1.989426422e+02 +1.989426422e+02 +3.0781e+00 -2.7026e-01
7 +7.902660964e+00 +7.902660964e+00 -2.637339036e+00 -2.637339036e+00 +2.5764e+00 -1.4329e+00
26 +2.746995692e+00 +2.746995692e+00 -7.793004308e+00 -7.793004308e+00 -6.0633e-01 -2.4127e+00
105 +1.959981887e+00 +1.959981887e+00 -8.580018113e+00 -8.580018113e+00 -1.4451e+00 -2.6749e+00
134 +1.165688069e+00 +1.165688069e+00 -9.374311931e+00 -9.374311931e+00 +2.0513e+00 -1.7691e+00
213 +2.959985763e-01 +2.959985763e-01 -1.024400142e+01 -1.024400142e+01 +2.0759e+00 -2.0786e+00
284 +9.836969181e-02 +9.836969181e-02 -1.044163031e+01 -1.044163031e+01 +2.0483e+00 -2.1104e+00
292 +2.428179210e-02 +2.428179210e-02 -1.051571821e+01 -1.051571821e+01 +2.0822e+00 -2.1038e+00
346 +6.353874632e-03 +6.353874632e-03 -1.053364613e+01 -1.053364613e+01 +2.1206e+00 -2.1003e+00
404 +5.307954046e-03 +5.307954046e-03 -1.053469205e+01 -1.053469205e+01 +2.0909e+00 -2.1096e+00
413 +1.685517211e-03 +1.685517211e-03 -1.053831448e+01 -1.053831448e+01 +2.1090e+00 -2.1060e+00
432 +5.325975659e-04 +5.325975659e-04 -1.053946740e+01 -1.053946740e+01 +2.1094e+00 -2.1035e+00
433 +1.768897006e-04 +1.768897006e-04 -1.053982311e+01 -1.053982311e+01 +2.1050e+00 -2.1056e+00
461 +2.709439045e-06 +2.709439045e-06 -1.053999729e+01 -1.053999729e+01 +2.1048e+00 -2.1050e+00
472 +1.006441273e-06 +1.006441273e-06 -1.053999899e+01 -1.053999899e+01 +2.1048e+00 -2.1049e+00
552 +1.100433895e-07 +1.100433895e-07 -1.053999989e+01 -1.053999989e+01 +2.1048e+00 -2.1049e+00
561 +9.807075507e-08 +9.807075507e-08 -1.053999990e+01 -1.053999990e+01 +2.1048e+00 -2.1049e+00
615 +4.877743720e-08 +4.877743720e-08 -1.053999995e+01 -1.053999995e+01 +2.1048e+00 -2.1049e+00
681 +1.613991429e-08 +1.613991429e-08 -1.053999998e+01 -1.053999998e+01 +2.1048e+00 -2.1048e+00
682 +9.071387197e-09 +9.071387197e-09 -1.053999999e+01 -1.053999999e+01 +2.1048e+00 -2.1048e+00
% function evaluation | noise-free fitness - Fopt (3.860100000000e+02) | best noise-free fitness - Fopt | measured fitness | best measured fitness | x1 | x2...
1 +1.575673947e+03 +1.575673947e+03 +1.961683947e+03 +1.961683947e+03 -2.2171e+00 -1.1018e+00
4 +8.869169098e+02 +8.869169098e+02 +1.272926910e+03 +1.272926910e+03 -3.9862e+00 -2.5317e+00
7 +1.551593954e+01 +1.551593954e+01 +4.015259395e+02 +4.015259395e+02 -2.6770e+00 -3.0802e+00
9 +2.515806854e+00 +2.515806854e+00 +3.885258069e+02 +3.885258069e+02 -1.6031e-02 -2.5941e+00
96 +1.649682528e+00 +1.649682528e+00 +3.876596825e+02 +3.876596825e+02 +8.6834e-01 -2.3993e+00
113 +7.045129506e-01 +7.045129506e-01 +3.867145130e+02 +3.867145130e+02 +1.9426e+00 -2.1271e+00
241 +3.328476590e-01 +3.328476590e-01 +3.863428477e+02 +3.863428477e+02 +2.2033e+00 -2.0611e+00
293 +1.557458329e-01 +1.557458329e-01 +3.861657458e+02 +3.861657458e+02 +2.0344e+00 -2.1111e+00
364 +6.932252170e-02 +6.932252170e-02 +3.860793225e+02 +3.860793225e+02 +2.0863e+00 -2.0939e+00
369 +5.778312975e-02 +5.778312975e-02 +3.860677831e+02 +3.860677831e+02 +2.0657e+00 -2.1059e+00
371 +1.535233392e-02 +1.535233392e-02 +3.860253523e+02 +3.860253523e+02 +2.0985e+00 -2.0989e+00
401 +2.927746636e-03 +2.927746636e-03 +3.860129277e+02 +3.860129277e+02 +2.1005e+00 -2.1028e+00
417 +6.806688945e-04 +6.806688945e-04 +3.860106807e+02 +3.860106807e+02 +2.1056e+00 -2.1030e+00
486 +6.085872614e-04 +6.085872614e-04 +3.860106086e+02 +3.860106086e+02 +2.1046e+00 -2.1065e+00
492 +2.702529105e-04 +2.702529105e-04 +3.860102703e+02 +3.860102703e+02 +2.1045e+00 -2.1060e+00
497 +1.448972200e-04 +1.448972200e-04 +3.860101449e+02 +3.860101449e+02 +2.1055e+00 -2.1054e+00
532 +8.019624772e-06 +8.019624772e-06 +3.860100080e+02 +3.860100080e+02 +2.1053e+00 -2.1049e+00
547 +1.547885006e-06 +1.547885006e-06 +3.860100015e+02 +3.860100015e+02 +2.1050e+00 -2.1049e+00
581 +4.431298066e-07 +4.431298066e-07 +3.860100004e+02 +3.860100004e+02 +2.1050e+00 -2.1048e+00
652 +1.282403446e-07 +1.282403446e-07 +3.860100001e+02 +3.860100001e+02 +2.1049e+00 -2.1048e+00
657 +7.343260222e-08 +7.343260222e-08 +3.860100001e+02 +3.860100001e+02 +2.1048e+00 -2.1048e+00
702 +8.787139905e-09 +8.787139905e-09 +3.860100000e+02 +3.860100000e+02 +2.1048e+00 -2.1048e+00
% function evaluation | noise-free fitness - Fopt (-1.257000000000e+01) | best noise-free fitness - Fopt | measured fitness | best measured fitness | x1 | x2...
1 +4.017804606e+03 +4.017804606e+03 +4.005234606e+03 +4.005234606e+03 -1.3207e+00 +4.0885e+00
2 +2.042928067e+00 +2.042928067e+00 -1.052707193e+01 -1.052707193e+01 +2.2559e+00 +9.8699e-01
99 +1.434437369e+00 +1.434437369e+00 -1.113556263e+01 -1.113556263e+01 +2.2220e+00 +9.7792e-01
162 +6.262941244e-01 +6.262941244e-01 -1.194370588e+01 -1.194370588e+01 +2.0829e+00 +9.5707e-01
8951 +3.692392729e-01 +3.692392729e-01 -1.220076073e+01 -1.220076073e+01 +2.2066e+00 +2.0583e+00
9044 +7.091451595e-04 +7.091451595e-04 -1.256929085e+01 -1.256929085e+01 +2.1076e+00 +2.1056e+00
9101 +2.731688263e-04 +2.731688263e-04 -1.256972683e+01 -1.256972683e+01 +2.1045e+00 +2.1060e+00
9185 +2.427838945e-04 +2.427838945e-04 -1.256975722e+01 -1.256975722e+01 +2.1071e+00 +2.1050e+00
9187 +1.506084938e-04 +1.506084938e-04 -1.256984939e+01 -1.256984939e+01 +2.1045e+00 +2.1057e+00
9198 +2.796799197e-05 +2.796799197e-05 -1.256997203e+01 -1.256997203e+01 +2.1041e+00 +2.1053e+00
9202 +8.920210297e-06 +8.920210297e-06 -1.256999108e+01 -1.256999108e+01 +2.1043e+00 +2.1051e+00
9237 +1.995206638e-06 +1.995206638e-06 -1.256999800e+01 -1.256999800e+01 +2.1046e+00 +2.1049e+00
9262 +1.297282999e-06 +1.297282999e-06 -1.256999870e+01 -1.256999870e+01 +2.1050e+00 +2.1048e+00
9271 +8.934398519e-07 +8.934398519e-07 -1.256999911e+01 -1.256999911e+01 +2.1049e+00 +2.1048e+00
9362 +5.836129322e-07 +5.836129322e-07 -1.256999942e+01 -1.256999942e+01 +2.1049e+00 +2.1048e+00
9370 +1.879568643e-07 +1.879568643e-07 -1.256999981e+01 -1.256999981e+01 +2.1049e+00 +2.1049e+00
9394 +8.795504769e-08 +8.795504769e-08 -1.256999991e+01 -1.256999991e+01 +2.1048e+00 +2.1049e+00
9413 +5.175600748e-08 +5.175600748e-08 -1.256999995e+01 -1.256999995e+01 +2.1049e+00 +2.1048e+00
9427 +8.576895638e-09 +8.576895638e-09 -1.256999999e+01 -1.256999999e+01 +2.1048e+00 +2.1048e+00
% function evaluation | noise-free fitness - Fopt (-1.270400000000e+02) | best noise-free fitness - Fopt | measured fitness | best measured fitness | x1 | x2...
1 +6.976714240e+03 +6.976714240e+03 +6.849674240e+03 +6.849674240e+03 +2.5975e+00 -5.0358e-01
2 +1.007213097e+02 +1.007213097e+02 -2.631869032e+01 -2.631869032e+01 +3.1046e-01 -1.0959e+00
18 +6.175467442e+00 +6.175467442e+00 -1.208645326e+02 -1.208645326e+02 +1.2468e+00 -1.6067e+00
23 +2.633636738e+00 +2.633636738e+00 -1.244063633e+02 -1.244063633e+02 -1.7734e+00 -2.2333e+00
54 +1.858286299e+00 +1.858286299e+00 -1.251817137e+02 -1.251817137e+02 +1.3979e+00 -3.0438e+00
153 +1.462332294e+00 +1.462332294e+00 -1.255776677e+02 -1.255776677e+02 +1.4977e+00 -3.0657e+00
177 +8.815627698e-01 +8.815627698e-01 -1.261584372e+02 -1.261584372e+02 +1.6160e+00 -3.0447e+00
182 +5.955841066e-01 +5.955841066e-01 -1.264444159e+02 -1.264444159e+02 +1.5098e+00 -3.0121e+00
1422 +7.466873613e-02 +7.466873613e-02 -1.269653313e+02 -1.269653313e+02 -2.0676e+00 -2.1016e+00
1484 +4.102964240e-02 +4.102964240e-02 -1.269989704e+02 -1.269989704e+02 -2.1110e+00 -2.0907e+00
1502 +3.119708389e-02 +3.119708389e-02 -1.270088029e+02 -1.270088029e+02 -2.0733e+00 -2.1078e+00
1533 +2.493136953e-02 +2.493136953e-02 -1.270150686e+02 -1.270150686e+02 -2.1081e+00 -2.0941e+00
1542 +1.215689127e-02 +1.215689127e-02 -1.270278431e+02 -1.270278431e+02 -2.0847e+00 -2.1071e+00
1564 +1.022306990e-03 +1.022306990e-03 -1.270389777e+02 -1.270389777e+02 -2.1057e+00 -2.1066e+00
1610 +3.919541926e-04 +3.919541926e-04 -1.270396080e+02 -1.270396080e+02 -2.1083e+00 -2.1034e+00
1632 +1.860751865e-05 +1.860751865e-05 -1.270399814e+02 -1.270399814e+02 -2.1055e+00 -2.1048e+00
1732 +6.577109517e-06 +6.577109517e-06 -1.270399934e+02 -1.270399934e+02 -2.1053e+00 -2.1047e+00
1760 +5.457214201e-06 +5.457214201e-06 -1.270399945e+02 -1.270399945e+02 -2.1052e+00 -2.1047e+00
1783 +2.023677197e-06 +2.023677197e-06 -1.270399980e+02 -1.270399980e+02 -2.1051e+00 -2.1047e+00
1791 +7.350763127e-07 +7.350763127e-07 -1.270399993e+02 -1.270399993e+02 -2.1050e+00 -2.1048e+00
1817 +1.437608717e-07 +1.437608717e-07 -1.270399999e+02 -1.270399999e+02 -2.1049e+00 -2.1049e+00
1852 +7.389603240e-08 +7.389603240e-08 -1.270399999e+02 -1.270399999e+02 -2.1049e+00 -2.1048e+00
1892 +2.149248246e-08 +2.149248246e-08 -1.270400000e+02 -1.270400000e+02 -2.1048e+00 -2.1049e+00
1895 +9.034238246e-09 +9.034238246e-09 -1.270400000e+02 -1.270400000e+02 -2.1048e+00 -2.1048e+00
% function evaluation | noise-free fitness - Fopt (-3.752000000000e+01) | best noise-free fitness - Fopt | measured fitness | best measured fitness | x1 | x2...
1 +2.794925600e+04 +2.794925600e+04 +2.791173600e+04 +2.791173600e+04 -2.0532e+00 +9.5462e-01
3 +2.562093763e+03 +2.562093763e+03 +2.524573763e+03 +2.524573763e+03 -3.6384e+00 -1.3706e+00
5 +4.630172020e+02 +4.630172020e+02 +4.254972020e+02 +4.254972020e+02 +3.5763e+00 -2.7966e-01
8 +1.472643219e+02 +1.472643219e+02 +1.097443219e+02 +1.097443219e+02 -3.1006e+00 -2.3301e+00
11 +5.206677709e+00 +5.206677709e+00 -3.231332229e+01 -3.231332229e+01 -2.2423e+00 -2.3301e+00
24 +3.902417427e+00 +3.902417427e+00 -3.361758257e+01 -3.361758257e+01 -3.9344e-01 -2.3382e+00
48 +1.746342677e+00 +1.746342677e+00 -3.577365732e+01 -3.577365732e+01 -6.9604e-01 -2.7818e+00
195 +9.132193054e-01 +9.132193054e-01 -3.660678069e+01 -3.660678069e+01 -1.4654e+00 -3.0301e+00
274 +5.926814733e-01 +5.926814733e-01 -3.692731853e+01 -3.692731853e+01 -1.5098e+00 -3.0096e+00
1561 +1.977752687e-01 +1.977752687e-01 -3.732222473e+01 -3.732222473e+01 +2.0178e+00 -2.1332e+00
1608 +1.448001846e-01 +1.448001846e-01 -3.737519982e+01 -3.737519982e+01 +2.0826e+00 -2.1334e+00
1632 +5.999950132e-02 +5.999950132e-02 -3.746000050e+01 -3.746000050e+01 +2.0832e+00 -2.1241e+00
1661 +2.883290416e-02 +2.883290416e-02 -3.749116710e+01 -3.749116710e+01 +2.0834e+00 -2.1185e+00
1676 +1.247440025e-02 +1.247440025e-02 -3.750752560e+01 -3.750752560e+01 +2.1081e+00 -2.1110e+00
1682 +1.504115032e-03 +1.504115032e-03 -3.751849588e+01 -3.751849588e+01 +2.1125e+00 -2.1031e+00
1685 +6.012599993e-04 +6.012599993e-04 -3.751939874e+01 -3.751939874e+01 +2.1037e+00 -2.1066e+00
1751 +2.845326003e-04 +2.845326003e-04 -3.751971547e+01 -3.751971547e+01 +2.1034e+00 -2.1043e+00
1791 +1.667392839e-04 +1.667392839e-04 -3.751983326e+01 -3.751983326e+01 +2.1028e+00 -2.1049e+00
1808 +6.123846860e-05 +6.123846860e-05 -3.751993876e+01 -3.751993876e+01 +2.1039e+00 -2.1047e+00
1822 +9.541019487e-06 +9.541019487e-06 -3.751999046e+01 -3.751999046e+01 +2.1050e+00 -2.1050e+00
1830 +4.547336204e-06 +4.547336204e-06 -3.751999545e+01 -3.751999545e+01 +2.1048e+00 -2.1047e+00
1878 +2.648199391e-06 +2.648199391e-06 -3.751999735e+01 -3.751999735e+01 +2.1046e+00 -2.1050e+00
1885 +5.466209529e-08 +5.466209529e-08 -3.751999995e+01 -3.751999995e+01 +2.1049e+00 -2.1048e+00
1941 +3.805103432e-08 +3.805103432e-08 -3.751999996e+01 -3.751999996e+01 +2.1049e+00 -2.1048e+00
2004 +1.708819042e-08 +1.708819042e-08 -3.751999998e+01 -3.751999998e+01 +2.1048e+00 -2.1048e+00
2010 +1.460461618e-08 +1.460461618e-08 -3.751999999e+01 -3.751999999e+01 +2.1048e+00 -2.1048e+00
2016 +7.324999274e-09 +7.324999274e-09 -3.751999999e+01 -3.751999999e+01 +2.1049e+00 -2.1048e+00
% function evaluation | noise-free fitness - Fopt (-3.311600000000e+02) | best noise-free fitness - Fopt | measured fitness | best measured fitness | x1 | x2...
1 +6.187112037e+02 +6.187112037e+02 +2.875512037e+02 +2.875512037e+02 -7.1585e-01 -9.6271e-01
30 +3.228954980e+00 +3.228954980e+00 -3.279310450e+02 -3.279310450e+02 +1.1860e+00 -1.4648e+00
70 +2.329286279e+00 +2.329286279e+00 -3.288307137e+02 -3.288307137e+02 +2.0325e+00 -1.5057e+00
94 +1.437342107e+00 +1.437342107e+00 -3.297226579e+02 -3.297226579e+02 -1.6038e+00 -1.9015e+00
171 +7.001088569e-01 +7.001088569e-01 -3.304598911e+02 -3.304598911e+02 +2.2085e+00 -2.1208e+00
232 +2.967877433e-01 +2.967877433e-01 -3.308632123e+02 -3.308632123e+02 +2.2037e+00 -2.0947e+00
241 +2.049254887e-01 +2.049254887e-01 -3.309550745e+02 -3.309550745e+02 +2.0140e+00 -2.1300e+00
292 +1.372861840e-01 +1.372861840e-01 -3.310227138e+02 -3.310227138e+02 +2.0650e+00 -2.1345e+00
384 +6.728226804e-02 +6.728226804e-02 -3.310927177e+02 -3.310927177e+02 +2.0640e+00 -2.1251e+00
411 +4.090479404e-02 +4.090479404e-02 -3.311190952e+02 -3.311190952e+02 +2.0922e+00 -2.1201e+00
421 +1.141976413e-02 +1.141976413e-02 -3.311485802e+02 -3.311485802e+02 +2.0913e+00 -2.1134e+00
457 +6.968123722e-03 +6.968123722e-03 -3.311530319e+02 -3.311530319e+02 +2.0905e+00 -2.1111e+00
488 +2.096222585e-04 +2.096222585e-04 -3.311597904e+02 -3.311597904e+02 +2.1027e+00 -2.1048e+00
553 +1.110261048e-04 +1.110261048e-04 -3.311598890e+02 -3.311598890e+02 +2.1036e+00 -2.1046e+00
562 +6.140781761e-05 +6.140781761e-05 -3.311599386e+02 -3.311599386e+02 +2.1042e+00 -2.1045e+00
582 +3.423069359e-05 +3.423069359e-05 -3.311599658e+02 -3.311599658e+02 +2.1044e+00 -2.1053e+00
621 +2.219140896e-05 +2.219140896e-05 -3.311599778e+02 -3.311599778e+02 +2.1043e+00 -2.1052e+00
646 +8.612162105e-06 +8.612162105e-06 -3.311599914e+02 -3.311599914e+02 +2.1048e+00 -2.1050e+00
647 +3.980875590e-06 +3.980875590e-06 -3.311599960e+02 -3.311599960e+02 +2.1052e+00 -2.1047e+00
649 +1.394453420e-06 +1.394453420e-06 -3.311599986e+02 -3.311599986e+02 +2.1046e+00 -2.1049e+00
651 +8.598318004e-07 +8.598318004e-07 -3.311599991e+02 -3.311599991e+02 +2.1047e+00 -2.1048e+00
691 +4.239319651e-07 +4.239319651e-07 -3.311599996e+02 -3.311599996e+02 +2.1047e+00 -2.1049e+00
701 +2.180979095e-07 +2.180979095e-07 -3.311599998e+02 -3.311599998e+02 +2.1048e+00 -2.1049e+00
742 +4.267059239e-08 +4.267059239e-08 -3.311600000e+02 -3.311600000e+02 +2.1048e+00 -2.1048e+00
806 +7.583935258e-09 +7.583935258e-09 -3.311600000e+02 -3.311600000e+02 +2.1048e+00 -2.1049e+00
% function evaluation | noise-free fitness - Fopt (4.481000000000e+01) | best noise-free fitness - Fopt | measured fitness | best measured fitness | x1 | x2...
1 +2.432825125e+04 +2.432825125e+04 +2.437306125e+04 +2.437306125e+04 -3.6683e+00 -2.1800e+00
2 +3.283780322e+02 +3.283780322e+02 +3.731880322e+02 +3.731880322e+02 +2.1202e+00 +3.5710e+00
5 +5.232413284e+00 +5.232413284e+00 +5.004241328e+01 +5.004241328e+01 -1.5364e+00 +2.3329e+00
6 +3.284542766e+00 +3.284542766e+00 +4.809454277e+01 +4.809454277e+01 -2.2278e+00 +1.8319e+00
67 +1.102970620e+00 +1.102970620e+00 +4.591297062e+01 +4.591297062e+01 -1.0415e+00 +2.3749e+00
1804 +1.984414810e-01 +1.984414810e-01 +4.500844148e+01 +4.500844148e+01 -2.1359e+00 +2.0705e+00
1871 +7.180524774e-02 +7.180524774e-02 +4.488180525e+01 +4.488180525e+01 -2.1363e+00 +2.0833e+00
2001 +5.341366094e-02 +5.341366094e-02 +4.486341366e+01 +4.486341366e+01 -2.0819e+00 +2.1232e+00
2019 +4.008678085e-03 +4.008678085e-03 +4.481400868e+01 +4.481400868e+01 -2.1141e+00 +2.0998e+00
2102 +3.535092038e-03 +3.535092038e-03 +4.481353509e+01 +4.481353509e+01 -2.1098e+00 +2.1070e+00
2105 +5.589300682e-04 +5.589300682e-04 +4.481055893e+01 +4.481055893e+01 -2.1080e+00 +2.1030e+00
2161 +3.931449811e-04 +3.931449811e-04 +4.481039314e+01 +4.481039314e+01 -2.1067e+00 +2.1033e+00
2226 +2.312041839e-04 +2.312041839e-04 +4.481023120e+01 +4.481023120e+01 -2.1054e+00 +2.1038e+00
2242 +1.536248936e-04 +1.536248936e-04 +4.481015362e+01 +4.481015362e+01 -2.1072e+00 +2.1040e+00
2246 +2.983826985e-05 +2.983826985e-05 +4.481002984e+01 +4.481002984e+01 -2.1049e+00 +2.1052e+00
2303 +6.989202696e-06 +6.989202696e-06 +4.481000699e+01 +4.481000699e+01 -2.1043e+00 +2.1050e+00
2362 +6.201742174e-06 +6.201742174e-06 +4.481000620e+01 +4.481000620e+01 -2.1045e+00 +2.1050e+00
2392 +2.667914366e-06 +2.667914366e-06 +4.481000267e+01 +4.481000267e+01 -2.1048e+00 +2.1049e+00
2397 +1.102905131e-06 +1.102905131e-06 +4.481000110e+01 +4.481000110e+01 -2.1049e+00 +2.1048e+00
2406 +8.768021544e-07 +8.768021544e-07 +4.481000088e+01 +4.481000088e+01 -2.1050e+00 +2.1048e+00
2454 +2.502341232e-07 +2.502341232e-07 +4.481000025e+01 +4.481000025e+01 -2.1049e+00 +2.1048e+00
2476 +3.560063533e-08 +3.560063533e-08 +4.481000004e+01 +4.481000004e+01 -2.1048e+00 +2.1048e+00
2502 +1.000859839e-08 +1.000859839e-08 +4.481000001e+01 +4.481000001e+01 -2.1049e+00 +2.1048e+00
2562 +2.707096769e-09 +2.707096769e-09 +4.481000000e+01 +4.481000000e+01 -2.1049e+00 +2.1048e+00
% function evaluation | noise-free fitness - Fopt (-1.764600000000e+02) | best noise-free fitness - Fopt | measured fitness | best measured fitness | x1 | x2...
1 +6.460760758e+00 +6.460760758e+00 -1.699992392e+02 -1.699992392e+02 -1.7229e+00 +8.3372e-01
7 +3.948559170e+00 +3.948559170e+00 -1.725114408e+02 -1.725114408e+02 +2.4848e+00 +2.9966e+00
62 +2.221245208e+00 +2.221245208e+00 -1.742387548e+02 -1.742387548e+02 +1.6344e+00 +2.9637e+00
121 +3.872198631e-02 +3.872198631e-02 -1.764212780e+02 -1.764212780e+02 -2.1440e+00 +2.0945e+00
301 +5.397962677e-03 +5.397962677e-03 -1.764546020e+02 -1.764546020e+02 -2.1194e+00 +2.1010e+00
313 +1.338402635e-03 +1.338402635e-03 -1.764586616e+02 -1.764586616e+02 -2.1118e+00 +2.1024e+00
324 +2.175660426e-04 +2.175660426e-04 -1.764597824e+02 -1.764597824e+02 -2.1067e+00 +2.1051e+00
428 +9.754744232e-05 +9.754744232e-05 -1.764599025e+02 -1.764599025e+02 -2.1030e+00 +2.1055e+00
450 +6.189705053e-05 +6.189705053e-05 -1.764599381e+02 -1.764599381e+02 -2.1053e+00 +2.1052e+00
464 +2.634020137e-05 +2.634020137e-05 -1.764599737e+02 -1.764599737e+02 -2.1040e+00 +2.1052e+00
467 +1.612546455e-05 +1.612546455e-05 -1.764599839e+02 -1.764599839e+02 -2.1042e+00 +2.1049e+00
474 +1.063046375e-05 +1.063046375e-05 -1.764599894e+02 -1.764599894e+02 -2.1051e+00 +2.1050e+00
485 +1.157740741e-06 +1.157740741e-06 -1.764599988e+02 -1.764599988e+02 -2.1050e+00 +2.1048e+00
556 +3.275650045e-07 +3.275650045e-07 -1.764599997e+02 -1.764599997e+02 -2.1049e+00 +2.1048e+00
571 +2.055487869e-07 +2.055487869e-07 -1.764599998e+02 -1.764599998e+02 -2.1049e+00 +2.1049e+00
604 +1.476269347e-07 +1.476269347e-07 -1.764599999e+02 -1.764599999e+02 -2.1049e+00 +2.1048e+00
616 +9.377319543e-08 +9.377319543e-08 -1.764599999e+02 -1.764599999e+02 -2.1048e+00 +2.1048e+00
635 +1.015791895e-08 +1.015791895e-08 -1.764600000e+02 -1.764600000e+02 -2.1049e+00 +2.1048e+00
661 +5.467256869e-09 +5.467256869e-09 -1.764600000e+02 -1.764600000e+02 -2.1048e+00 +2.1048e+00
669 +2.099454832e-09 +2.099454832e-09 -1.764600000e+02 -1.764600000e+02 -2.1049e+00 +2.1048e+00
