% function evaluation | noise-free fitness - Fopt (-4.620900000000e+02) | best noise-free fitness - Fopt | measured fitness | best measured fitness | x1 | x2...
1 +1.206166268e+02 +1.206166268e+02 -3.414733732e+02 -3.414733732e+02 +4.1277e+00 +2.0632e-01
3 +4.998267933e+01 +4.998267933e+01 -4.121073207e+02 -4.121073207e+02 -2.3291e+00 +9.0388e-02
4 +2.174350336e+01 +2.174350336e+01 -4.403464966e+02 -4.403464966e+02 -2.4531e-01 +2.8576e+00
6 +4.955510675e+00 +4.955510675e+00 -4.571344893e+02 -4.571344893e+02 -2.3355e+00 +2.7294e+00
187 +3.440131190e+00 +3.440131190e+00 -4.586498688e+02 -4.586498688e+02 -2.3737e+00 +2.0203e+00
313 +1.911529325e+00 +1.911529325e+00 -4.601784707e+02 -4.601784707e+02 -2.2843e+00 +2.6421e+00
713 +2.186338767e-02 +2.186338767e-02 -4.620681366e+02 -4.620681366e+02 -2.3483e+00 +2.3029e+00
1823 +9.158236080e-03 +9.158236080e-03 -4.620808418e+02 -4.620808418e+02 -2.3461e+00 +2.3014e+00
2138 +6.051794861e-03 +6.051794861e-03 -4.620839482e+02 -4.620839482e+02 -2.3354e+00 +2.2995e+00
2143 +3.242843630e-03 +3.242843630e-03 -4.620867572e+02 -4.620867572e+02 -2.3438e+00 +2.2991e+00
2223 +1.642120147e-03 +1.642120147e-03 -4.620883579e+02 -4.620883579e+02 -2.3428e+00 +2.2993e+00
2477 +3.744918815e-04 +3.744918815e-04 -4.620896255e+02 -4.620896255e+02 -2.3422e+00 +2.2999e+00
2983 +1.778386546e-04 +1.778386546e-04 -4.620898222e+02 -4.620898222e+02 -2.3417e+00 +2.2999e+00
3003 +1.975001936e-05 +1.975001936e-05 -4.620899802e+02 -4.620899802e+02 -2.3411e+00 +2.3001e+00
3783 +1.192310037e-05 +1.192310037e-05 -4.620899881e+02 -4.620899881e+02 -2.3410e+00 +2.3000e+00
3871 +2.092323427e-06 +2.092323427e-06 -4.620899979e+02 -4.620899979e+02 -2.3408e+00 +2.3000e+00
4343 +2.538278068e-07 +2.538278068e-07 -4.620899997e+02 -4.620899997e+02 -2.3408e+00 +2.3000e+00
4583 +8.746872027e-08 +8.746872027e-08 -4.620899999e+02 -4.620899999e+02 -2.3408e+00 +2.3000e+00
4606 +5.384060842e-08 +5.384060842e-08 -4.620899999e+02 -4.620899999e+02 -2.3408e+00 +2.3000e+00
4863 +9.625864550e-09 +9.625864550e-09 -4.620900000e+02 -4.620900000e+02 -2.3408e+00 +2.3000e+00
5671 +1.539547156e-09 +1.539547156e-09 -4.620900000e+02 -4.620900000e+02 -2.3408e+00 +2.3000e+00
5883 +4.974367585e-10 +4.974367585e-10 -4.620900000e+02 -4.620900000e+02 -2.3408e+00 +2.3000e+00
6143 +2.655156095e-10 +2.655156095e-10 -4.620900000e+02 -4.620900000e+02 -2.3408e+00 +2.3000e+00
6303 +1.103899194e-10 +1.103899194e-10 -4.620900000e+02 -4.620900000e+02 -2.3408e+00 +2.3000e+00
6503 +5.798028724e-12 +5.798028724e-12 -4.620900000e+02 -4.620900000e+02 -2.3408e+00 +2.3000e+00
7343 +2.103206498e-12 +2.103206498e-12 -4.620900000e+02 -4.620900000e+02 -2.3408e+00 +2.3000e+00
7423 +1.136868377e-13 +1.136868377e-13 -4.620900000e+02 -4.620900000e+02 -2.3408e+00 +2.3000e+00
7503 +5.684341886e-14 +5.684341886e-14 -4.620900000e+02 -4.620900000e+02 -2.3408e+00 +2.3000e+00
8897 +0.000000000e+00 +0.000000000e+00 -4.620900000e+02 -4.620900000e+02 -2.3408e+00 +2.3000e+00
% function evaluation | noise-free fitness - Fopt (7.766000000000e+01) | best noise-free fitness - Fopt | measured fitness | best measured fitness | x1 | x2...
1 +1.158167169e+02 +1.158167169e+02 +1.934767169e+02 +1.934767169e+02 -1.5591e+00 -4.0668e+00
2 +5.151581341e+01 +5.151581341e+01 +1.291758134e+02 +1.291758134e+02 -3.0588e+00 +9.4013e-02
7 +6.338537868e+00 +6.338537868e+00 +8.399853787e+01 +8.399853787e+01 +2.4713e+00 -1.8104e-01
191 +1.719384754e+00 +1.719384754e+00 +7.937938475e+01 +7.937938475e+01 +3.4278e+00 -8.5649e-01
288 +1.007563434e+00 +1.007563434e+00 +7.866756343e+01 +7.866756343e+01 +2.3963e+00 -1.1638e+00
403 +8.754881179e-01 +8.754881179e-01 +7.853548812e+01 +7.853548812e+01 +2.3695e+00 -8.7486e-01
974 +7.035529614e-02 +7.035529614e-02 +7.773035530e+01 +7.773035530e+01 +2.3797e+00 -8.5599e-01
1758 +1.830991178e-04 +1.830991178e-04 +7.766018310e+01 +7.766018310e+01 +2.3975e+00 -8.5585e-01
2678 +1.130759544e-04 +1.130759544e-04 +7.766011308e+01 +7.766011308e+01 +2.3978e+00 -8.5585e-01
3358 +4.122133360e-05 +4.122133360e-05 +7.766004122e+01 +7.766004122e+01 +2.3984e+00 -8.5585e-01
3793 +1.841534493e-05 +1.841534493e-05 +7.766001842e+01 +7.766001842e+01 +2.3984e+00 -8.5610e-01
4198 +1.343403333e-05 +1.343403333e-05 +7.766001343e+01 +7.766001343e+01 +2.3987e+00 -8.5603e-01
4513 +3.222174868e-06 +3.222174868e-06 +7.766000322e+01 +7.766000322e+01 +2.3985e+00 -8.5598e-01
5153 +2.942393422e-07 +2.942393422e-07 +7.766000029e+01 +7.766000029e+01 +2.3984e+00 -8.5600e-01
5368 +4.390696517e-08 +4.390696517e-08 +7.766000004e+01 +7.766000004e+01 +2.3984e+00 -8.5600e-01
6326 +2.105710450e-08 +2.105710450e-08 +7.766000002e+01 +7.766000002e+01 +2.3984e+00 -8.5600e-01
7106 +1.897362267e-09 +1.897362267e-09 +7.766000000e+01 +7.766000000e+01 +2.3984e+00 -8.5600e-01
7488 +7.844391803e-12 +7.844391803e-12 +7.766000000e+01 +7.766000000e+01 +2.3984e+00 -8.5600e-01
8761 +1.520561455e-12 +1.520561455e-12 +7.766000000e+01 +7.766000000e+01 +2.3984e+00 -8.5600e-01
8769 +1.847411113e-13 +1.847411113e-13 +7.766000000e+01 +7.766000000e+01 +2.3984e+00 -8.5600e-01
9689 +8.526512829e-14 +8.526512829e-14 +7.766000000e+01 +7.766000000e+01 +2.3984e+00 -8.5600e-01
10010 +1.421085472e-14 +1.421085472e-14 +7.766000000e+01 +7.766000000e+01 +2.3984e+00 -8.5600e-01
10530 +0.000000000e+00 +0.000000000e+00 +7.766000000e+01 +7.766000000e+01 +2.3984e+00 -8.5600e-01
% function evaluation | noise-free fitness - Fopt (1.156800000000e+02) | best noise-free fitness - Fopt | measured fitness | best measured fitness | x1 | x2...
1 +1.544830596e+02 +1.544830596e+02 +2.701630596e+02 +2.701630596e+02 -4.2503e+00 -4.6011e+00
3 +2.651605398e+01 +2.651605398e+01 +1.421960540e+02 +1.421960540e+02 +2.7984e-02 -2.4372e-01
15 +2.219377659e+01 +2.219377659e+01 +1.378737766e+02 +1.378737766e+02 -8.0466e-01 -1.2765e+00
31 +1.379812733e+01 +1.379812733e+01 +1.294781273e+02 +1.294781273e+02 -1.1393e+00 -8.8869e-01
143 +2.662427191e+00 +2.662427191e+00 +1.183424272e+02 +1.183424272e+02 -1.1512e+00 -6.3096e-01
682 +1.680911952e+00 +1.680911952e+00 +1.173609120e+02 +1.173609120e+02 -2.0946e+00 -9.9657e-01
922 +1.487199890e+00 +1.487199890e+00 +1.171671999e+02 +1.171671999e+02 -2.0946e+00 -9.7318e-01
1782 +7.789135318e-01 +7.789135318e-01 +1.164589135e+02 +1.164589135e+02 -2.1472e+00 -1.0004e+00
1904 +4.119746581e-01 +4.119746581e-01 +1.160919747e+02 +1.160919747e+02 -2.1386e+00 -9.7455e-01
2004 +6.968419298e-02 +6.968419298e-02 +1.157496842e+02 +1.157496842e+02 -2.1952e+00 -9.8049e-01
2204 +5.662094366e-02 +5.662094366e-02 +1.157366209e+02 +1.157366209e+02 -2.1791e+00 -9.8817e-01
2284 +9.157473618e-03 +9.157473618e-03 +1.156891575e+02 +1.156891575e+02 -2.1730e+00 -9.8165e-01
2774 +5.645554333e-03 +5.645554333e-03 +1.156856456e+02 +1.156856456e+02 -2.1740e+00 -9.8239e-01
2924 +1.376567066e-03 +1.376567066e-03 +1.156813766e+02 +1.156813766e+02 -2.1810e+00 -9.8337e-01
3227 +3.022180839e-04 +3.022180839e-04 +1.156803022e+02 +1.156803022e+02 -2.1785e+00 -9.8281e-01
3307 +8.388124198e-05 +8.388124198e-05 +1.156800839e+02 +1.156800839e+02 -2.1782e+00 -9.8341e-01
4107 +3.742060791e-05 +3.742060791e-05 +1.156800374e+02 +1.156800374e+02 -2.1781e+00 -9.8328e-01
4423 +6.173253695e-06 +6.173253695e-06 +1.156800062e+02 +1.156800062e+02 -2.1783e+00 -9.8316e-01
5383 +3.218181448e-06 +3.218181448e-06 +1.156800032e+02 +1.156800032e+02 -2.1783e+00 -9.8322e-01
5427 +1.632181764e-06 +1.632181764e-06 +1.156800016e+02 +1.156800016e+02 -2.1785e+00 -9.8322e-01
5587 +7.302633236e-07 +7.302633236e-07 +1.156800007e+02 +1.156800007e+02 -2.1784e+00 -9.8321e-01
5867 +4.591273495e-07 +4.591273495e-07 +1.156800005e+02 +1.156800005e+02 -2.1784e+00 -9.8320e-01
5987 +3.240367477e-07 +3.240367477e-07 +1.156800003e+02 +1.156800003e+02 -2.1784e+00 -9.8320e-01
6112 +1.871012500e-07 +1.871012500e-07 +1.156800002e+02 +1.156800002e+02 -2.1784e+00 -9.8321e-01
6128 +5.463255093e-08 +5.463255093e-08 +1.156800001e+02 +1.156800001e+02 -2.1784e+00 -9.8319e-01
6187 +2.641965580e-08 +2.641965580e-08 +1.156800000e+02 +1.156800000e+02 -2.1784e+00 -9.8320e-01
6373 +2.065517890e-08 +2.065517890e-08 +1.156800000e+02 +1.156800000e+02 -2.1784e+00 -9.8320e-01
6387 +1.243192571e-08 +1.243192571e-08 +1.156800000e+02 +1.156800000e+02 -2.1784e+00 -9.8320e-01
6632 +1.894150614e-09 +1.894150614e-09 +1.156800000e+02 +1.156800000e+02 -2.1784e+00 -9.8320e-01
7512 +7.359517440e-10 +7.359517440e-10 +1.156800000e+02 +1.156800000e+02 -2.1784e+00 -9.8320e-01
7699 +8.280665043e-11 +8.280665043e-11 +1.156800000e+02 +1.156800000e+02 -2.1784e+00 -9.8320e-01
7747 +5.684341886e-14 +5.684341886e-14 +1.156800000e+02 +1.156800000e+02 -2.1784e+00 -9.8320e-01
10112 +2.842170943e-14 +2.842170943e-14 +1.156800000e+02 +1.156800000e+02 -2.1784e+00 -9.8320e-01
10267 +1.421085472e-14 +1.421085472e-14 +1.156800000e+02 +1.156800000e+02 -2.1784e+00 -9.8320e-01
10352 +0.000000000e+00 +0.000000000e+00 +1.156800000e+02 +1.156800000e+02 -2.1784e+00 -9.8320e-01
% function evaluation | noise-free fitness - Fopt (-3.710000000000e+00) | best noise-free fitness - Fopt | measured fitness | best measured fitness | x1 | x2...
1 +1.021022992e+01 +1.021022992e+01 +6.500229917e+00 +6.500229917e+00 +3.2125e+00 -1.5321e+00
67 +3.552010508e+00 +3.552010508e+00 -1.579894922e-01 -1.579894922e-01 +2.1849e+00 -1.9502e+00
581 +7.098547630e-01 +7.098547630e-01 -3.000145237e+00 -3.000145237e+00 +3.1441e+00 -2.3121e+00
632 +1.701156443e-01 +1.701156443e-01 -3.539884356e+00 -3.539884356e+00 +3.1481e+00 -2.2955e+00
871 +5.977791453e-02 +5.977791453e-02 -3.650222085e+00 -3.650222085e+00 +3.1033e+00 -2.2963e+00
1470 +4.587949486e-03 +4.587949486e-03 -3.705412051e+00 -3.705412051e+00 +3.1163e+00 -2.2943e+00
1579 +1.297430594e-03 +1.297430594e-03 -3.708702569e+00 -3.708702569e+00 +3.1211e+00 -2.2944e+00
2281 +1.339153918e-04 +1.339153918e-04 -3.709866085e+00 -3.709866085e+00 +3.1196e+00 -2.2950e+00
2661 +3.056079539e-05 +3.056079539e-05 -3.709969439e+00 -3.709969439e+00 +3.1200e+00 -2.2953e+00
3341 +2.237092455e-05 +2.237092455e-05 -3.709977629e+00 -3.709977629e+00 +3.1198e+00 -2.2951e+00
3501 +1.533355783e-05 +1.533355783e-05 -3.709984666e+00 -3.709984666e+00 +3.1202e+00 -2.2951e+00
3741 +8.779479982e-06 +8.779479982e-06 -3.709991221e+00 -3.709991221e+00 +3.1200e+00 -2.2951e+00
4314 +6.662087015e-07 +6.662087015e-07 -3.709999334e+00 -3.709999334e+00 +3.1200e+00 -2.2952e+00
4421 +9.297167569e-08 +9.297167569e-08 -3.709999907e+00 -3.709999907e+00 +3.1200e+00 -2.2952e+00
5033 +1.013368944e-08 +1.013368944e-08 -3.709999990e+00 -3.709999990e+00 +3.1200e+00 -2.2952e+00
5941 +4.681730115e-09 +4.681730115e-09 -3.709999995e+00 -3.709999995e+00 +3.1200e+00 -2.2952e+00
6000 +3.271968474e-09 +3.271968474e-09 -3.709999997e+00 -3.709999997e+00 +3.1200e+00 -2.2952e+00
6061 +2.105470465e-09 +2.105470465e-09 -3.709999998e+00 -3.709999998e+00 +3.1200e+00 -2.2952e+00
6160 +6.916045514e-10 +6.916045514e-10 -3.709999999e+00 -3.709999999e+00 +3.1200e+00 -2.2952e+00
6221 +5.371196821e-10 +5.371196821e-10 -3.709999999e+00 -3.709999999e+00 +3.1200e+00 -2.2952e+00
6760 +6.487077542e-11 +6.487077542e-11 -3.710000000e+00 -3.710000000e+00 +3.1200e+00 -2.2952e+00
6793 +3.870193055e-11 +3.870193055e-11 -3.710000000e+00 -3.710000000e+00 +3.1200e+00 -2.2952e+00
6873 +1.202415945e-11 +1.202415945e-11 -3.710000000e+00 -3.710000000e+00 +3.1200e+00 -2.2952e+00
7233 +5.480949028e-12 +5.480949028e-12 -3.710000000e+00 -3.710000000e+00 +3.1200e+00 -2.2952e+00
8480 +2.173816682e-12 +2.173816682e-12 -3.710000000e+00 -3.710000000e+00 +3.1200e+00 -2.2952e+00
9012 +6.661338148e-15 +6.661338148e-15 -3.710000000e+00 -3.710000000e+00 +3.1200e+00 -2.2952e+00
9793 +2.220446049e-15 +2.220446049e-15 -3.710000000e+00 -3.710000000e+00 +3.1200e+00 -2.2952e+00
10469 +0.000000000e+00 +0.000000000e+00 -3.710000000e+00 -3.710000000e+00 +3.1200e+00 -2.2952e+00
% function evaluation | noise-free fitness - Fopt (1.321800000000e+02) | best noise-free fitness - Fopt | measured fitness | best measured fitness | x1 | x2...
1 +5.121825023e+01 +5.121825023e+01 +1.833982502e+02 +1.833982502e+02 -2.7545e+00 -1.6168e-01
3 +1.790101208e+01 +1.790101208e+01 +1.500810121e+02 +1.500810121e+02 -2.6489e+00 +5.2592e-01
32 +1.057073483e+01 +1.057073483e+01 +1.427507348e+02 +1.427507348e+02 -3.8605e+00 +5.2132e-01
125 +3.270784556e+00 +3.270784556e+00 +1.354507846e+02 +1.354507846e+02 -3.8300e+00 +1.8909e+00
222 +1.557365897e+00 +1.557365897e+00 +1.337373659e+02 +1.337373659e+02 -3.7317e+00 +1.5130e+00
848 +3.266132234e-01 +3.266132234e-01 +1.325066132e+02 +1.325066132e+02 -3.7405e+00 +1.4718e+00
905 +3.380455233e-02 +3.380455233e-02 +1.322138046e+02 +1.322138046e+02 -3.7561e+00 +1.4859e+00
1614 +2.125568928e-02 +2.125568928e-02 +1.322012557e+02 +1.322012557e+02 -3.7566e+00 +1.4800e+00
1734 +1.014698101e-02 +1.014698101e-02 +1.321901470e+02 +1.321901470e+02 -3.7568e+00 +1.4823e+00
1854 +9.206670526e-03 +9.206670526e-03 +1.321892067e+02 +1.321892067e+02 -3.7581e+00 +1.4837e+00
1894 +6.094594145e-03 +6.094594145e-03 +1.321860946e+02 +1.321860946e+02 -3.7590e+00 +1.4817e+00
2056 +3.163386885e-03 +3.163386885e-03 +1.321831634e+02 +1.321831634e+02 -3.7605e+00 +1.4818e+00
2174 +2.347793345e-03 +2.347793345e-03 +1.321823478e+02 +1.321823478e+02 -3.7606e+00 +1.4827e+00
2374 +1.427774266e-03 +1.427774266e-03 +1.321814278e+02 +1.321814278e+02 -3.7612e+00 +1.4826e+00
2494 +7.526619225e-04 +7.526619225e-04 +1.321807527e+02 +1.321807527e+02 -3.7622e+00 +1.4826e+00
2534 +5.191348759e-04 +5.191348759e-04 +1.321805191e+02 +1.321805191e+02 -3.7624e+00 +1.4826e+00
2614 +3.772941871e-04 +3.772941871e-04 +1.321803773e+02 +1.321803773e+02 -3.7626e+00 +1.4826e+00
2894 +2.415301610e-04 +2.415301610e-04 +1.321802415e+02 +1.321802415e+02 -3.7630e+00 +1.4825e+00
3136 +1.420412582e-04 +1.420412582e-04 +1.321801420e+02 +1.321801420e+02 -3.7631e+00 +1.4824e+00
3736 +2.155197370e-05 +2.155197370e-05 +1.321800216e+02 +1.321800216e+02 -3.7637e+00 +1.4824e+00
3814 +1.249284293e-05 +1.249284293e-05 +1.321800125e+02 +1.321800125e+02 -3.7637e+00 +1.4824e+00
4014 +7.273272047e-07 +7.273272047e-07 +1.321800007e+02 +1.321800007e+02 -3.7639e+00 +1.4824e+00
4534 +1.732707631e-07 +1.732707631e-07 +1.321800002e+02 +1.321800002e+02 -3.7640e+00 +1.4824e+00
4721 +2.052550485e-08 +2.052550485e-08 +1.321800000e+02 +1.321800000e+02 -3.7640e+00 +1.4824e+00
5456 +1.071313704e-08 +1.071313704e-08 +1.321800000e+02 +1.321800000e+02 -3.7640e+00 +1.4824e+00
5934 +7.113129641e-09 +7.113129641e-09 +1.321800000e+02 +1.321800000e+02 -3.7640e+00 +1.4824e+00
6201 +4.306883739e-09 +4.306883739e-09 +1.321800000e+02 +1.321800000e+02 -3.7640e+00 +1.4824e+00
6294 +2.548347311e-09 +2.548347311e-09 +1.321800000e+02 +1.321800000e+02 -3.7640e+00 +1.4824e+00
6373 +8.321876521e-10 +8.321876521e-10 +1.321800000e+02 +1.321800000e+02 -3.7640e+00 +1.4824e+00
6493 +3.584261776e-10 +3.584261776e-10 +1.321800000e+02 +1.321800000e+02 -3.7640e+00 +1.4824e+00
6773 +1.129478733e-10 +1.129478733e-10 +1.321800000e+02 +1.321800000e+02 -3.7640e+00 +1.4824e+00
7173 +4.160938261e-11 +4.160938261e-11 +1.321800000e+02 +1.321800000e+02 -3.7640e+00 +1.4824e+00
7481 +2.236788532e-11 +2.236788532e-11 +1.321800000e+02 +1.321800000e+02 -3.7640e+00 +1.4824e+00
7761 +2.415845302e-12 +2.415845302e-12 +1.321800000e+02 +1.321800000e+02 -3.7640e+00 +1.4824e+00
7790 +9.094947018e-13 +9.094947018e-13 +1.321800000e+02 +1.321800000e+02 -3.7640e+00 +1.4824e+00
7961 +2.557953849e-13 +2.557953849e-13 +1.321800000e+02 +1.321800000e+02 -3.7640e+00 +1.4824e+00
8933 +1.136868377e-13 +1.136868377e-13 +1.321800000e+02 +1.321800000e+02 -3.7640e+00 +1.4824e+00
9133 +5.684341886e-14 +5.684341886e-14 +1.321800000e+02 +1.321800000e+02 -3.7640e+00 +1.4824e+00
9813 +2.842170943e-14 +2.842170943e-14 +1.321800000e+02 +1.321800000e+02 -3.7640e+00 +1.4824e+00
9853 +0.000000000e+00 +0.000000000e+00 +1.321800000e+02 +1.321800000e+02 -3.7640e+00 +1.4824e+00
% function evaluation | noise-free fitness - Fopt (-5.847300000000e+02) | best noise-free fitness - Fopt | measured fitness | best measured fitness | x1 | x2...
1 +3.756629767e+01 +3.756629767e+01 -5.471637023e+02 -5.471637023e+02 -4.5436e-02 -3.5793e+00
12 +1.348553946e+01 +1.348553946e+01 -5.712444605e+02 -5.712444605e+02 -1.9493e+00 -3.0344e+00
135 +5.716953176e+00 +5.716953176e+00 -5.790130468e+02 -5.790130468e+02 -1.7447e+00 -3.0278e+00
250 +2.263646503e+00 +2.263646503e+00 -5.824663535e+02 -5.824663535e+02 -2.6103e+00 -2.6279e+00
337 +1.377742310e+00 +1.377742310e+00 -5.833522577e+02 -5.833522577e+02 -2.6861e+00 -3.3416e+00
1115 +8.172342034e-01 +8.172342034e-01 -5.839127658e+02 -5.839127658e+02 -2.5749e+00 -3.0307e+00
1331 +6.071133336e-01 +6.071133336e-01 -5.841228867e+02 -5.841228867e+02 -2.6969e+00 -3.0229e+00
1424 +2.298484075e-01 +2.298484075e-01 -5.845001516e+02 -5.845001516e+02 -2.6349e+00 -3.0403e+00
1570 +1.552626958e-01 +1.552626958e-01 -5.845747373e+02 -5.845747373e+02 -2.6706e+00 -3.0256e+00
1934 +7.739782816e-02 +7.739782816e-02 -5.846526022e+02 -5.846526022e+02 -2.6525e+00 -3.0229e+00
2094 +1.079097258e-02 +1.079097258e-02 -5.847192090e+02 -5.847192090e+02 -2.6536e+00 -3.0297e+00
2170 +8.370732505e-03 +8.370732505e-03 -5.847216293e+02 -5.847216293e+02 -2.6481e+00 -3.0316e+00
2460 +5.639421564e-04 +5.639421564e-04 -5.847294361e+02 -5.847294361e+02 -2.6473e+00 -3.0295e+00
2719 +2.662597740e-05 +2.662597740e-05 -5.847299734e+02 -5.847299734e+02 -2.6457e+00 -3.0295e+00
3690 +2.428597554e-07 +2.428597554e-07 -5.847299998e+02 -5.847299998e+02 -2.6456e+00 -3.0296e+00
4690 +1.052645757e-07 +1.052645757e-07 -5.847299999e+02 -5.847299999e+02 -2.6456e+00 -3.0296e+00
5138 +8.786287253e-08 +8.786287253e-08 -5.847299999e+02 -5.847299999e+02 -2.6456e+00 -3.0296e+00
5770 +6.160212251e-08 +6.160212251e-08 -5.847299999e+02 -5.847299999e+02 -2.6456e+00 -3.0296e+00
6018 +1.202829480e-08 +1.202829480e-08 -5.847300000e+02 -5.847300000e+02 -2.6456e+00 -3.0296e+00
6170 +6.938307706e-09 +6.938307706e-09 -5.847300000e+02 -5.847300000e+02 -2.6456e+00 -3.0296e+00
6178 +1.360490387e-09 +1.360490387e-09 -5.847300000e+02 -5.847300000e+02 -2.6456e+00 -3.0296e+00
6698 +3.592504072e-10 +3.592504072e-10 -5.847300000e+02 -5.847300000e+02 -2.6456e+00 -3.0296e+00
6738 +9.492850950e-11 +9.492850950e-11 -5.847300000e+02 -5.847300000e+02 -2.6456e+00 -3.0296e+00
7490 +8.185452316e-12 +8.185452316e-12 -5.847300000e+02 -5.847300000e+02 -2.6456e+00 -3.0296e+00
7658 +1.250555215e-12 +1.250555215e-12 -5.847300000e+02 -5.847300000e+02 -2.6456e+00 -3.0296e+00
8308 +1.136868377e-13 +1.136868377e-13 -5.847300000e+02 -5.847300000e+02 -2.6456e+00 -3.0296e+00
8658 +0.000000000e+00 +0.000000000e+00 -5.847300000e+02 -5.847300000e+02 -2.6456e+00 -3.0296e+00
% function evaluation | noise-free fitness - Fopt (-3.654000000000e+01) | best noise-free fitness - Fopt | measured fitness | best measured fitness | x1 | x2...
1 +7.369171724e+01 +7.369171724e+01 +3.715171724e+01 +3.715171724e+01 +4.3212e+00 -9.4248e-01
2 +3.203731017e+01 +3.203731017e+01 -4.502689833e+00 -4.502689833e+00 +3.0830e-01 -2.9922e+00
4 +1.833560764e+01 +1.833560764e+01 -1.820439236e+01 -1.820439236e+01 +8.3828e-01 -1.1236e+00
7 +1.393486207e+01 +1.393486207e+01 -2.260513793e+01 -2.260513793e+01 -2.0264e+00 -2.9734e+00
95 +8.239536939e+00 +8.239536939e+00 -2.830046306e+01 -2.830046306e+01 +0.0000e+00 -1.8835e+00
282 +4.953488406e+00 +4.953488406e+00 -3.158651159e+01 -3.158651159e+01 -1.8108e-01 -1.5764e+00
413 +3.544390989e+00 +3.544390989e+00 -3.299560901e+01 -3.299560901e+01 +8.2504e-01 -1.8338e+00
594 +2.357249841e+00 +2.357249841e+00 -3.418275016e+01 -3.418275016e+01 +8.1128e-01 -1.8538e+00
822 +1.485811159e+00 +1.485811159e+00 -3.505418884e+01 -3.505418884e+01 -2.4913e-01 -1.8693e+00
1757 +7.571411191e-01 +7.571411191e-01 -3.578285888e+01 -3.578285888e+01 -2.2829e-01 -2.2134e+00
1999 +4.969639744e-01 +4.969639744e-01 -3.604303603e+01 -3.604303603e+01 -1.5918e-01 -2.2245e+00
2154 +1.037862821e-01 +1.037862821e-01 -3.643621372e+01 -3.643621372e+01 -2.0216e-01 -2.2258e+00
2199 +4.069608900e-02 +4.069608900e-02 -3.649930391e+01 -3.649930391e+01 -2.1099e-01 -2.2370e+00
2946 +2.859853832e-03 +2.859853832e-03 -3.653714015e+01 -3.653714015e+01 -2.0208e-01 -2.2324e+00
3328 +1.409343028e-03 +1.409343028e-03 -3.653859066e+01 -3.653859066e+01 -1.9967e-01 -2.2341e+00
3720 +1.780732577e-04 +1.780732577e-04 -3.653982193e+01 -3.653982193e+01 -2.0206e-01 -2.2339e+00
4360 +2.508742299e-05 +2.508742299e-05 -3.653997491e+01 -3.653997491e+01 -2.0194e-01 -2.2336e+00
4520 +6.191623228e-06 +6.191623228e-06 -3.653999381e+01 -3.653999381e+01 -2.0178e-01 -2.2336e+00
4946 +3.127091624e-06 +3.127091624e-06 -3.653999687e+01 -3.653999687e+01 -2.0159e-01 -2.2336e+00
5026 +8.040849764e-08 +8.040849764e-08 -3.653999992e+01 -3.653999992e+01 -2.0158e-01 -2.2336e+00
6400 +5.736784914e-08 +5.736784914e-08 -3.653999994e+01 -3.653999994e+01 -2.0158e-01 -2.2336e+00
6600 +2.238002139e-08 +2.238002139e-08 -3.653999998e+01 -3.653999998e+01 -2.0159e-01 -2.2336e+00
7386 +3.641403623e-09 +3.641403623e-09 -3.654000000e+01 -3.654000000e+01 -2.0160e-01 -2.2336e+00
7989 +1.612221467e-09 +1.612221467e-09 -3.654000000e+01 -3.654000000e+01 -2.0160e-01 -2.2336e+00
8200 +1.535653382e-09 +1.535653382e-09 -3.654000000e+01 -3.654000000e+01 -2.0160e-01 -2.2336e+00
8360 +6.977174394e-10 +6.977174394e-10 -3.654000000e+01 -3.654000000e+01 -2.0160e-01 -2.2336e+00
8515 +2.442490654e-10 +2.442490654e-10 -3.654000000e+01 -3.654000000e+01 -2.0160e-01 -2.2336e+00
8709 +4.705213996e-11 +4.705213996e-11 -3.654000000e+01 -3.654000000e+01 -2.0160e-01 -2.2336e+00
9109 +3.971933893e-11 +3.971933893e-11 -3.654000000e+01 -3.654000000e+01 -2.0160e-01 -2.2336e+00
9309 +1.826094831e-12 +1.826094831e-12 -3.654000000e+01 -3.654000000e+01 -2.0160e-01 -2.2336e+00
9549 +6.394884622e-13 +6.394884622e-13 -3.654000000e+01 -3.654000000e+01 -2.0160e-01 -2.2336e+00
10309 +1.421085472e-13 +1.421085472e-13 -3.654000000e+01 -3.654000000e+01 -2.0160e-01 -2.2336e+00
10840 +2.842170943e-14 +2.842170943e-14 -3.654000000e+01 -3.654000000e+01 -2.0160e-01 -2.2336e+00
11397 +7.105427358e-15 +7.105427358e-15 -3.654000000e+01 -3.654000000e+01 -2.0160e-01 -2.2336e+00
12077 +0.000000000e+00 +0.000000000e+00 -3.654000000e+01 -3.654000000e+01 -2.0160e-01 -2.2336e+00
% function evaluation | noise-free fitness - Fopt (1.000000000000e+03) | best noise-free fitness - Fopt | measured fitness | best measured fitness | x1 | x2...
1 +8.562233771e+02 +8.562233771e+02 +1.856223377e+03 +1.856223377e+03 +2.2896e+00 +3.8616e+00
2 +5.570459886e+01 +5.570459886e+01 +1.055704599e+03 +1.055704599e+03 -2.5472e+00 -2.9844e+00
3 +1.617386085e+01 +1.617386085e+01 +1.016173861e+03 +1.016173861e+03 -2.4340e+00 +1.4688e-01
86 +5.066173077e+00 +5.066173077e+00 +1.005066173e+03 +1.005066173e+03 -1.5311e+00 -1.1698e+00
420 +3.019793981e+00 +3.019793981e+00 +1.003019794e+03 +1.003019794e+03 -2.5683e+00 -4.1962e-01
822 +1.777483325e+00 +1.777483325e+00 +1.001777483e+03 +1.001777483e+03 -2.5241e+00 -8.1956e-01
1224 +1.511734806e+00 +1.511734806e+00 +1.001511735e+03 +1.001511735e+03 -2.6047e+00 -8.1855e-01
1555 +9.709851695e-01 +9.709851695e-01 +1.000970985e+03 +1.000970985e+03 -1.6463e+00 -8.1324e-01
1583 +2.744820189e-02 +2.744820189e-02 +1.000027448e+03 +1.000027448e+03 -1.5823e+00 -8.1807e-01
2632 +1.817654762e-02 +1.817654762e-02 +1.000018177e+03 +1.000018177e+03 -1.5679e+00 -8.1780e-01
2801 +6.322850762e-03 +6.322850762e-03 +1.000006323e+03 +1.000006323e+03 -1.5728e+00 -8.2263e-01
3281 +4.772582982e-03 +4.772582982e-03 +1.000004773e+03 +1.000004773e+03 -1.5744e+00 -8.2227e-01
3623 +1.696777042e-03 +1.696777042e-03 +1.000001697e+03 +1.000001697e+03 -1.5698e+00 -8.2114e-01
3757 +6.741710745e-04 +6.741710745e-04 +1.000000674e+03 +1.000000674e+03 -1.5738e+00 -8.2028e-01
4068 +5.041101626e-04 +5.041101626e-04 +1.000000504e+03 +1.000000504e+03 -1.5714e+00 -8.2051e-01
4188 +2.575729849e-04 +2.575729849e-04 +1.000000258e+03 +1.000000258e+03 -1.5738e+00 -8.2063e-01
4600 +2.124195544e-04 +2.124195544e-04 +1.000000212e+03 +1.000000212e+03 -1.5738e+00 -8.2067e-01
4774 +4.689452840e-05 +4.689452840e-05 +1.000000047e+03 +1.000000047e+03 -1.5726e+00 -8.2094e-01
4846 +1.198901941e-06 +1.198901941e-06 +1.000000001e+03 +1.000000001e+03 -1.5729e+00 -8.2078e-01
5388 +6.262655461e-07 +6.262655461e-07 +1.000000001e+03 +1.000000001e+03 -1.5728e+00 -8.2082e-01
6254 +1.423999265e-07 +1.423999265e-07 +1.000000000e+03 +1.000000000e+03 -1.5728e+00 -8.2080e-01
6348 +9.994255379e-08 +9.994255379e-08 +1.000000000e+03 +1.000000000e+03 -1.5728e+00 -8.2080e-01
6828 +4.121250186e-08 +4.121250186e-08 +1.000000000e+03 +1.000000000e+03 -1.5728e+00 -8.2080e-01
7108 +5.453557606e-09 +5.453557606e-09 +1.000000000e+03 +1.000000000e+03 -1.5728e+00 -8.2080e-01
7188 +1.493503987e-09 +1.493503987e-09 +1.000000000e+03 +1.000000000e+03 -1.5728e+00 -8.2080e-01
7260 +8.418510333e-10 +8.418510333e-10 +1.000000000e+03 +1.000000000e+03 -1.5728e+00 -8.2080e-01
7668 +1.921307557e-11 +1.921307557e-11 +1.000000000e+03 +1.000000000e+03 -1.5728e+00 -8.2080e-01
8668 +9.890754882e-12 +9.890754882e-12 +1.000000000e+03 +1.000000000e+03 -1.5728e+00 -8.2080e-01
9660 +1.591615728e-12 +1.591615728e-12 +1.000000000e+03 +1.000000000e+03 -1.5728e+00 -8.2080e-01
9780 +5.684341886e-13 +5.684341886e-13 +1.000000000e+03 +1.000000000e+03 -1.5728e+00 -8.2080e-01
9940 +2.273736754e-13 +2.273736754e-13 +1.000000000e+03 +1.000000000e+03 -1.5728e+00 -8.2080e-01
10479 +1.136868377e-13 +1.136868377e-13 +1.000000000e+03 +1.000000000e+03 -1.5728e+00 -8.2080e-01
10943 +0.000000000e+00 +0.000000000e+00 +1.000000000e+03 +1.000000000e+03 -1.5728e+00 -8.2080e-01
% function evaluation | noise-free fitness - Fopt (4.661000000000e+01) | best noise-free fitness - Fopt | measured fitness | best measured fitness | x1 | x2...
1 +6.810188053e+01 +6.810188053e+01 +1.147118805e+02 +1.147118805e+02 -2.5779e+00 +2.6282e+00
2 +5.882053190e+01 +5.882053190e+01 +1.054305319e+02 +1.054305319e+02 +3.3754e+00 +2.0799e+00
7 +3.317919942e+01 +3.317919942e+01 +7.978919942e+01 +7.978919942e+01 +1.6454e+00 +3.4613e+00
41 +1.811964684e+01 +1.811964684e+01 +6.472964684e+01 +6.472964684e+01 -1.3795e+00 +4.3643e+00
67 +1.331576511e+01 +1.331576511e+01 +5.992576511e+01 +5.992576511e+01 -2.2179e+00 +3.2176e+00
82 +8.675525134e+00 +8.675525134e+00 +5.528552513e+01 +5.528552513e+01 +0.0000e+00 +3.9228e+00
117 +5.616174383e+00 +5.616174383e+00 +5.222617438e+01 +5.222617438e+01 +2.8288e+00 +4.2518e+00
272 +1.953221069e+00 +1.953221069e+00 +4.856322107e+01 +4.856322107e+01 -1.7641e-01 +3.9435e+00
698 +1.038970029e+00 +1.038970029e+00 +4.764897003e+01 +4.764897003e+01 +1.8325e+00 +3.9165e+00
838 +9.459677131e-01 +9.459677131e-01 +4.755596771e+01 +4.755596771e+01 +8.9867e-01 +3.9099e+00
903 +3.191949012e-01 +3.191949012e-01 +4.692919490e+01 +4.692919490e+01 +8.6942e-01 +3.9292e+00
1058 +1.946191273e-01 +1.946191273e-01 +4.680461913e+01 +4.680461913e+01 +8.6578e-01 +3.9180e+00
1078 +6.959227348e-02 +6.959227348e-02 +4.667959227e+01 +4.667959227e+01 +8.1876e-01 +3.9239e+00
1882 +1.986597940e-02 +1.986597940e-02 +4.662986598e+01 +4.662986598e+01 +8.3861e-01 +3.9242e+00
1964 +1.336895005e-02 +1.336895005e-02 +4.662336895e+01 +4.662336895e+01 +8.3788e-01 +3.9236e+00
2125 +1.431764634e-03 +1.431764634e-03 +4.661143176e+01 +4.661143176e+01 +8.3747e-01 +3.9211e+00
2220 +1.190280208e-04 +1.190280208e-04 +4.661011903e+01 +4.661011903e+01 +8.3485e-01 +3.9206e+00
2927 +8.703696124e-05 +8.703696124e-05 +4.661008704e+01 +4.661008704e+01 +8.3586e-01 +3.9208e+00
3047 +1.497806350e-05 +1.497806350e-05 +4.661001498e+01 +4.661001498e+01 +8.3538e-01 +3.9209e+00
3407 +7.296869406e-06 +7.296869406e-06 +4.661000730e+01 +4.661000730e+01 +8.3518e-01 +3.9209e+00
3567 +4.595112038e-06 +4.595112038e-06 +4.661000460e+01 +4.661000460e+01 +8.3527e-01 +3.9208e+00
3847 +3.680836855e-06 +3.680836855e-06 +4.661000368e+01 +4.661000368e+01 +8.3518e-01 +3.9208e+00
4257 +5.339137701e-07 +5.339137701e-07 +4.661000053e+01 +4.661000053e+01 +8.3518e-01 +3.9208e+00
4287 +1.848548905e-07 +1.848548905e-07 +4.661000018e+01 +4.661000018e+01 +8.3523e-01 +3.9208e+00
4887 +1.125420823e-07 +1.125420823e-07 +4.661000011e+01 +4.661000011e+01 +8.3517e-01 +3.9208e+00
4962 +7.067734487e-08 +7.067734487e-08 +4.661000007e+01 +4.661000007e+01 +8.3522e-01 +3.9208e+00
5007 +5.130637248e-08 +5.130637248e-08 +4.661000005e+01 +4.661000005e+01 +8.3521e-01 +3.9208e+00
5672 +1.623594414e-08 +1.623594414e-08 +4.661000002e+01 +4.661000002e+01 +8.3521e-01 +3.9208e+00
6561 +1.300751507e-08 +1.300751507e-08 +4.661000001e+01 +4.661000001e+01 +8.3520e-01 +3.9208e+00
6687 +6.177955925e-10 +6.177955925e-10 +4.661000000e+01 +4.661000000e+01 +8.3520e-01 +3.9208e+00
7407 +3.610125532e-10 +3.610125532e-10 +4.661000000e+01 +4.661000000e+01 +8.3520e-01 +3.9208e+00
7567 +2.411937317e-10 +2.411937317e-10 +4.661000000e+01 +4.661000000e+01 +8.3520e-01 +3.9208e+00
7919 +8.118661299e-11 +8.118661299e-11 +4.661000000e+01 +4.661000000e+01 +8.3520e-01 +3.9208e+00
7967 +3.269917670e-11 +3.269917670e-11 +4.661000000e+01 +4.661000000e+01 +8.3520e-01 +3.9208e+00
8047 +1.542588279e-11 +1.542588279e-11 +4.661000000e+01 +4.661000000e+01 +8.3520e-01 +3.9208e+00
8447 +6.728839708e-12 +6.728839708e-12 +4.661000000e+01 +4.661000000e+01 +8.3520e-01 +3.9208e+00
8487 +4.121147867e-13 +4.121147867e-13 +4.661000000e+01 +4.661000000e+01 +8.3520e-01 +3.9208e+00
8767 +9.947598301e-14 +9.947598301e-14 +4.661000000e+01 +4.661000000e+01 +8.3520e-01 +3.9208e+00
9047 +4.973799150e-14 +4.973799150e-14 +4.661000000e+01 +4.661000000e+01 +8.3520e-01 +3.9208e+00
9567 +2.842170943e-14 +2.842170943e-14 +4.661000000e+01 +4.661000000e+01 +8.3520e-01 +3.9208e+00
9607 +1.421085472e-14 +1.421085472e-14 +4.661000000e+01 +4.661000000e+01 +8.3520e-01 +3.9208e+00
9847 +7.105427358e-15 +7.105427358e-15 +4.661000000e+01 +4.661000000e+01 +8.3520e-01 +3.9208e+00
9887 +0.000000000e+00 +0.000000000e+00 +4.661000000e+01 +4.661000000e+01 +8.3520e-01 +3.9208e+00
% function evaluation | noise-free fitness - Fopt (-2.643100000000e+02) | best noise-free fitness - Fopt | measured fitness | best measured fitness | x1 | x2...
1 +3.750749698e+02 +3.750749698e+02 +1.107649698e+02 +1.107649698e+02 +3.3753e+00 +2.1519e+00
4 +8.036161476e+01 +8.036161476e+01 -1.839483852e+02 -1.839483852e+02 +2.6734e-01 +4.6979e-01
9 +3.523664879e+01 +3.523664879e+01 -2.290733512e+02 -2.290733512e+02 -1.0236e-01 -2.2820e+00
45 +1.194954398e+01 +1.194954398e+01 -2.523604560e+02 -2.523604560e+02 -5.0000e+00 -2.1483e+00
87 +8.973486301e+00 +8.973486301e+00 -2.553365137e+02 -2.553365137e+02 -5.0000e+00 -1.0897e+00
118 +3.564344175e+00 +3.564344175e+00 -2.607456558e+02 -2.607456558e+02 -2.3179e+00 -1.4671e+00
434 +1.833259270e+00 +1.833259270e+00 -2.624767407e+02 -2.624767407e+02 -3.1802e+00 -1.1019e+00
671 +1.414051188e+00 +1.414051188e+00 -2.628959488e+02 -2.628959488e+02 -3.2395e+00 -1.7797e+00
1223 +3.812837785e-01 +3.812837785e-01 -2.639287162e+02 -2.639287162e+02 -3.2239e+00 -1.4684e+00
1489 +2.180234736e-01 +2.180234736e-01 -2.640919765e+02 -2.640919765e+02 -3.2148e+00 -1.4577e+00
1493 +1.353216411e-01 +1.353216411e-01 -2.641746784e+02 -2.641746784e+02 -3.2367e+00 -1.4650e+00
1543 +8.256003837e-02 +8.256003837e-02 -2.642274400e+02 -2.642274400e+02 -3.2445e+00 -1.4638e+00
2133 +5.298111350e-02 +5.298111350e-02 -2.642570189e+02 -2.642570189e+02 -3.2655e+00 -1.4554e+00
2296 +1.432234156e-02 +1.432234156e-02 -2.642956777e+02 -2.642956777e+02 -3.2434e+00 -1.4586e+00
2326 +1.427024459e-03 +1.427024459e-03 -2.643085730e+02 -2.643085730e+02 -3.2525e+00 -1.4584e+00
2656 +4.850667360e-04 +4.850667360e-04 -2.643095149e+02 -2.643095149e+02 -3.2495e+00 -1.4576e+00
2933 +1.153922930e-04 +1.153922930e-04 -2.643098846e+02 -2.643098846e+02 -3.2510e+00 -1.4573e+00
3183 +6.372063638e-06 +6.372063638e-06 -2.643099936e+02 -2.643099936e+02 -3.2511e+00 -1.4576e+00
3933 +2.696768433e-06 +2.696768433e-06 -2.643099973e+02 -2.643099973e+02 -3.2511e+00 -1.4576e+00
4721 +1.489382214e-06 +1.489382214e-06 -2.643099985e+02 -2.643099985e+02 -3.2513e+00 -1.4576e+00
5296 +8.062456232e-07 +8.062456232e-07 -2.643099992e+02 -2.643099992e+02 -3.2511e+00 -1.4576e+00
5362 +6.302715860e-07 +6.302715860e-07 -2.643099994e+02 -2.643099994e+02 -3.2512e+00 -1.4576e+00
5445 +8.204631285e-08 +8.204631285e-08 -2.643099999e+02 -2.643099999e+02 -3.2512e+00 -1.4576e+00
5696 +2.200800964e-08 +2.200800964e-08 -2.643100000e+02 -2.643100000e+02 -3.2512e+00 -1.4576e+00
5896 +8.307665667e-10 +8.307665667e-10 -2.643100000e+02 -2.643100000e+02 -3.2512e+00 -1.4576e+00
6370 +3.885247679e-10 +3.885247679e-10 -2.643100000e+02 -2.643100000e+02 -3.2512e+00 -1.4576e+00
6725 +5.553602023e-11 +5.553602023e-11 -2.643100000e+02 -2.643100000e+02 -3.2512e+00 -1.4576e+00
7850 +3.285549610e-11 +3.285549610e-11 -2.643100000e+02 -2.643100000e+02 -3.2512e+00 -1.4576e+00
8090 +1.807620720e-11 +1.807620720e-11 -2.643100000e+02 -2.643100000e+02 -3.2512e+00 -1.4576e+00
8130 +6.366462912e-12 +6.366462912e-12 -2.643100000e+02 -2.643100000e+02 -3.2512e+00 -1.4576e+00
8170 +6.821210263e-13 +6.821210263e-13 -2.643100000e+02 -2.643100000e+02 -3.2512e+00 -1.4576e+00
8370 +1.705302566e-13 +1.705302566e-13 -2.643100000e+02 -2.643100000e+02 -3.2512e+00 -1.4576e+00
8410 +5.684341886e-14 +5.684341886e-14 -2.643100000e+02 -2.643100000e+02 -3.2512e+00 -1.4576e+00
9565 +0.000000000e+00 +0.000000000e+00 -2.643100000e+02 -2.643100000e+02 -3.2512e+00 -1.4576e+00
% function evaluation | noise-free fitness - Fopt (7.273000000000e+01) | best noise-free fitness - Fopt | measured fitness | best measured fitness | x1 | x2...
1 +5.797749522e+01 +5.797749522e+01 +1.307074952e+02 +1.307074952e+02 -2.9516e+00 -4.0155e+00
2 +2.470352052e+01 +2.470352052e+01 +9.743352052e+01 +9.743352052e+01 -4.4643e+00 -2.4309e+00
69 +7.059560683e+00 +7.059560683e+00 +7.978956068e+01 +7.978956068e+01 -5.3179e-01 -1.9482e+00
134 +3.387704128e+00 +3.387704128e+00 +7.611770413e+01 +7.611770413e+01 -2.6462e+00 -2.5597e+00
184 +1.811367179e+00 +1.811367179e+00 +7.454136718e+01 +7.454136718e+01 -2.6140e+00 -2.3043e+00
657 +1.390565473e+00 +1.390565473e+00 +7.412056547e+01 +7.412056547e+01 -2.5772e+00 -2.2449e+00
962 +4.643944289e-01 +4.643944289e-01 +7.319439443e+01 +7.319439443e+01 -2.5858e+00 -2.2910e+00
1167 +1.539266808e-01 +1.539266808e-01 +7.288392668e+01 +7.288392668e+01 -2.5979e+00 -2.2838e+00
1876 +1.875856940e-02 +1.875856940e-02 +7.274875857e+01 +7.274875857e+01 -2.5846e+00 -2.2726e+00
1950 +1.021084597e-02 +1.021084597e-02 +7.274021085e+01 +7.274021085e+01 -2.5802e+00 -2.2782e+00
2076 +6.313725841e-03 +6.313725841e-03 +7.273631373e+01 +7.273631373e+01 -2.5783e+00 -2.2771e+00
2236 +2.248369346e-03 +2.248369346e-03 +7.273224837e+01 +7.273224837e+01 -2.5789e+00 -2.2759e+00
2755 +1.009481958e-03 +1.009481958e-03 +7.273100948e+01 +7.273100948e+01 -2.5827e+00 -2.2767e+00
2978 +1.765864494e-04 +1.765864494e-04 +7.273017659e+01 +7.273017659e+01 -2.5832e+00 -2.2758e+00
2996 +1.087942552e-04 +1.087942552e-04 +7.273010879e+01 +7.273010879e+01 -2.5819e+00 -2.2758e+00
3156 +3.914758318e-05 +3.914758318e-05 +7.273003915e+01 +7.273003915e+01 -2.5820e+00 -2.2760e+00
3683 +1.054959525e-05 +1.054959525e-05 +7.273001055e+01 +7.273001055e+01 -2.5824e+00 -2.2761e+00
3956 +7.407309781e-06 +7.407309781e-06 +7.273000741e+01 +7.273000741e+01 -2.5825e+00 -2.2759e+00
4217 +5.873740932e-06 +5.873740932e-06 +7.273000587e+01 +7.273000587e+01 -2.5823e+00 -2.2760e+00
4297 +3.641395082e-06 +3.641395082e-06 +7.273000364e+01 +7.273000364e+01 -2.5824e+00 -2.2760e+00
4577 +8.651201568e-07 +8.651201568e-07 +7.273000087e+01 +7.273000087e+01 -2.5823e+00 -2.2760e+00
4923 +4.057692422e-07 +4.057692422e-07 +7.273000041e+01 +7.273000041e+01 -2.5824e+00 -2.2760e+00
4977 +3.962772581e-07 +3.962772581e-07 +7.273000040e+01 +7.273000040e+01 -2.5824e+00 -2.2760e+00
5003 +1.596628607e-07 +1.596628607e-07 +7.273000016e+01 +7.273000016e+01 -2.5824e+00 -2.2760e+00
5057 +7.733100915e-08 +7.733100915e-08 +7.273000008e+01 +7.273000008e+01 -2.5824e+00 -2.2760e+00
5283 +4.245110574e-08 +4.245110574e-08 +7.273000004e+01 +7.273000004e+01 -2.5824e+00 -2.2760e+00
5363 +2.594491377e-08 +2.594491377e-08 +7.273000003e+01 +7.273000003e+01 -2.5824e+00 -2.2760e+00
5516 +2.345507255e-08 +2.345507255e-08 +7.273000002e+01 +7.273000002e+01 -2.5824e+00 -2.2760e+00
5683 +7.589989082e-09 +7.589989082e-09 +7.273000001e+01 +7.273000001e+01 -2.5824e+00 -2.2760e+00
5836 +2.308254921e-09 +2.308254921e-09 +7.273000000e+01 +7.273000000e+01 -2.5824e+00 -2.2760e+00
5857 +1.226894142e-09 +1.226894142e-09 +7.273000000e+01 +7.273000000e+01 -2.5824e+00 -2.2760e+00
6356 +6.723297474e-10 +6.723297474e-10 +7.273000000e+01 +7.273000000e+01 -2.5824e+00 -2.2760e+00
6563 +3.847162588e-10 +3.847162588e-10 +7.273000000e+01 +7.273000000e+01 -2.5824e+00 -2.2760e+00
6857 +4.315836577e-11 +4.315836577e-11 +7.273000000e+01 +7.273000000e+01 -2.5824e+00 -2.2760e+00
7396 +5.826450433e-12 +5.826450433e-12 +7.273000000e+01 +7.273000000e+01 -2.5824e+00 -2.2760e+00
8137 +1.477928890e-12 +1.477928890e-12 +7.273000000e+01 +7.273000000e+01 -2.5824e+00 -2.2760e+00
8836 +5.400124792e-13 +5.400124792e-13 +7.273000000e+01 +7.273000000e+01 -2.5824e+00 -2.2760e+00
9443 +2.131628207e-13 +2.131628207e-13 +7.273000000e+01 +7.273000000e+01 -2.5824e+00 -2.2760e+00
9737 +1.563194019e-13 +1.563194019e-13 +7.273000000e+01 +7.273000000e+01 -2.5824e+00 -2.2760e+00
9857 +5.684341886e-14 +5.684341886e-14 +7.273000000e+01 +7.273000000e+01 -2.5824e+00 -2.2760e+00
10156 +2.842170943e-14 +2.842170943e-14 +7.273000000e+01 +7.273000000e+01 -2.5824e+00 -2.2760e+00
10163 +1.421085472e-14 +1.421085472e-14 +7.273000000e+01 +7.273000000e+01 -2.5824e+00 -2.2760e+00
10283 +0.000000000e+00 +0.000000000e+00 +7.273000000e+01 +7.273000000e+01 -2.5824e+00 -2.2760e+00
% function evaluation | noise-free fitness - Fopt (1.368700000000e+02) | best noise-free fitness - Fopt | measured fitness | best measured fitness | x1 | x2...
1 +4.043075482e+02 +4.043075482e+02 +5.411775482e+02 +5.411775482e+02 +1.5624e+00 -3.1106e+00
2 +2.114648190e+02 +2.114648190e+02 +3.483348190e+02 +3.483348190e+02 +2.6880e+00 -6.5423e-01
6 +1.281742838e+02 +1.281742838e+02 +2.650442838e+02 +2.650442838e+02 -4.7349e+00 +1.2539e+00
7 +4.025919520e+01 +4.025919520e+01 +1.771291952e+02 +1.771291952e+02 +3.5536e+00 +2.2881e+00
12 +5.508559895e+00 +5.508559895e+00 +1.423785599e+02 +1.423785599e+02 +3.5375e+00 +3.5563e+00
132 +1.083176603e+00 +1.083176603e+00 +1.379531766e+02 +1.379531766e+02 +3.5049e+00 +3.2971e+00
207 +1.310271966e-01 +1.310271966e-01 +1.370010272e+02 +1.370010272e+02 +3.4915e+00 +3.6094e+00
912 +5.007728073e-02 +5.007728073e-02 +1.369200773e+02 +1.369200773e+02 +3.5142e+00 +3.6074e+00
1285 +3.747063913e-02 +3.747063913e-02 +1.369074706e+02 +1.369074706e+02 +3.5283e+00 +3.6101e+00
1445 +1.342455020e-03 +1.342455020e-03 +1.368713425e+02 +1.368713425e+02 +3.5186e+00 +3.6121e+00
2364 +4.259372595e-04 +4.259372595e-04 +1.368704259e+02 +1.368704259e+02 +3.5145e+00 +3.6120e+00
2483 +3.264555321e-04 +3.264555321e-04 +1.368703265e+02 +1.368703265e+02 +3.5150e+00 +3.6117e+00
2883 +1.704784946e-04 +1.704784946e-04 +1.368701705e+02 +1.368701705e+02 +3.5169e+00 +3.6120e+00
3003 +1.215963422e-04 +1.215963422e-04 +1.368701216e+02 +1.368701216e+02 +3.5152e+00 +3.6120e+00
3083 +6.847392680e-05 +6.847392680e-05 +1.368700685e+02 +1.368700685e+02 +3.5155e+00 +3.6120e+00
3214 +4.026980918e-05 +4.026980918e-05 +1.368700403e+02 +1.368700403e+02 +3.5163e+00 +3.6119e+00
3374 +4.402598051e-06 +4.402598051e-06 +1.368700044e+02 +1.368700044e+02 +3.5159e+00 +3.6120e+00
3774 +2.851044201e-08 +2.851044201e-08 +1.368700000e+02 +1.368700000e+02 +3.5160e+00 +3.6120e+00
4375 +1.648587045e-08 +1.648587045e-08 +1.368700000e+02 +1.368700000e+02 +3.5160e+00 +3.6120e+00
4768 +4.058222203e-09 +4.058222203e-09 +1.368700000e+02 +1.368700000e+02 +3.5160e+00 +3.6120e+00
4928 +2.755598416e-09 +2.755598416e-09 +1.368700000e+02 +1.368700000e+02 +3.5160e+00 +3.6120e+00
5288 +2.230137852e-09 +2.230137852e-09 +1.368700000e+02 +1.368700000e+02 +3.5160e+00 +3.6120e+00
5808 +1.574221642e-09 +1.574221642e-09 +1.368700000e+02 +1.368700000e+02 +3.5160e+00 +3.6120e+00
5968 +3.107629709e-10 +3.107629709e-10 +1.368700000e+02 +1.368700000e+02 +3.5160e+00 +3.6120e+00
6248 +2.289368695e-10 +2.289368695e-10 +1.368700000e+02 +1.368700000e+02 +3.5160e+00 +3.6120e+00
6541 +1.143405370e-10 +1.143405370e-10 +1.368700000e+02 +1.368700000e+02 +3.5160e+00 +3.6120e+00
7141 +7.398170965e-11 +7.398170965e-11 +1.368700000e+02 +1.368700000e+02 +3.5160e+00 +3.6120e+00
7603 +2.165734259e-11 +2.165734259e-11 +1.368700000e+02 +1.368700000e+02 +3.5160e+00 +3.6120e+00
7683 +2.614797268e-12 +2.614797268e-12 +1.368700000e+02 +1.368700000e+02 +3.5160e+00 +3.6120e+00
8123 +9.947598301e-13 +9.947598301e-13 +1.368700000e+02 +1.368700000e+02 +3.5160e+00 +3.6120e+00
8466 +2.842170943e-14 +2.842170943e-14 +1.368700000e+02 +1.368700000e+02 +3.5160e+00 +3.6120e+00
10586 +0.000000000e+00 +0.000000000e+00 +1.368700000e+02 +1.368700000e+02 +3.5160e+00 +3.6120e+00
% function evaluation | noise-free fitness - Fopt (2.196000000000e+01) | best noise-free fitness - Fopt | measured fitness | best measured fitness | x1 | x2...
1 +1.707845166e+01 +1.707845166e+01 +3.903845166e+01 +3.903845166e+01 +4.4530e+00 -1.3246e+00
26 +1.466806945e+01 +1.466806945e+01 +3.662806945e+01 +3.662806945e+01 +2.1921e+00 -1.6074e+00
88 +1.711404954e+00 +1.711404954e+00 +2.367140495e+01 +2.367140495e+01 +4.3172e+00 -6.4712e-01
207 +1.199929494e+00 +1.199929494e+00 +2.315992949e+01 +2.315992949e+01 +4.3008e+00 -6.2711e-01
1030 +7.278034406e-01 +7.278034406e-01 +2.268780344e+01 +2.268780344e+01 +3.2532e+00 -6.2106e-01
1120 +2.762743830e-01 +2.762743830e-01 +2.223627438e+01 +2.223627438e+01 +3.3124e+00 -6.2461e-01
1939 +1.628824242e-01 +1.628824242e-01 +2.212288242e+01 +2.212288242e+01 +3.3108e+00 -6.4405e-01
2023 +1.071262972e-01 +1.071262972e-01 +2.206712630e+01 +2.206712630e+01 +3.3119e+00 -6.4041e-01
2104 +9.858812014e-02 +9.858812014e-02 +2.205858812e+01 +2.205858812e+01 +3.2711e+00 -6.3581e-01
2388 +5.920392807e-02 +5.920392807e-02 +2.201920393e+01 +2.201920393e+01 +3.3115e+00 -6.3680e-01
2500 +3.490362371e-02 +3.490362371e-02 +2.199490362e+01 +2.199490362e+01 +3.2911e+00 -6.3189e-01
3065 +1.446744689e-02 +1.446744689e-02 +2.197446745e+01 +2.197446745e+01 +3.2974e+00 -6.3346e-01
3248 +3.816552295e-03 +3.816552295e-03 +2.196381655e+01 +2.196381655e+01 +3.2946e+00 -6.3735e-01
3348 +2.354507240e-03 +2.354507240e-03 +2.196235451e+01 +2.196235451e+01 +3.2937e+00 -6.3712e-01
3463 +6.787153725e-04 +6.787153725e-04 +2.196067872e+01 +2.196067872e+01 +3.2926e+00 -6.3548e-01
3503 +3.611148214e-04 +3.611148214e-04 +2.196036111e+01 +2.196036111e+01 +3.2940e+00 -6.3638e-01
3583 +2.097400059e-04 +2.097400059e-04 +2.196020974e+01 +2.196020974e+01 +3.2938e+00 -6.3568e-01
3988 +1.071279357e-04 +1.071279357e-04 +2.196010713e+01 +2.196010713e+01 +3.2930e+00 -6.3588e-01
4348 +5.192193275e-05 +5.192193275e-05 +2.196005192e+01 +2.196005192e+01 +3.2940e+00 -6.3592e-01
4828 +3.436955308e-05 +3.436955308e-05 +2.196003437e+01 +2.196003437e+01 +3.2940e+00 -6.3602e-01
4933 +2.353235556e-05 +2.353235556e-05 +2.196002353e+01 +2.196002353e+01 +3.2938e+00 -6.3592e-01
5108 +1.153716124e-05 +1.153716124e-05 +2.196001154e+01 +2.196001154e+01 +3.2938e+00 -6.3595e-01
5253 +5.775567558e-06 +5.775567558e-06 +2.196000578e+01 +2.196000578e+01 +3.2937e+00 -6.3597e-01
5343 +2.256852422e-06 +2.256852422e-06 +2.196000226e+01 +2.196000226e+01 +3.2937e+00 -6.3599e-01
5586 +1.058170600e-06 +1.058170600e-06 +2.196000106e+01 +2.196000106e+01 +3.2935e+00 -6.3601e-01
5757 +3.514692004e-07 +3.514692004e-07 +2.196000035e+01 +2.196000035e+01 +3.2936e+00 -6.3601e-01
5946 +1.832044916e-07 +1.832044916e-07 +2.196000018e+01 +2.196000018e+01 +3.2936e+00 -6.3599e-01
5973 +4.494756922e-08 +4.494756922e-08 +2.196000004e+01 +2.196000004e+01 +3.2936e+00 -6.3600e-01
6533 +1.147976647e-08 +1.147976647e-08 +2.196000001e+01 +2.196000001e+01 +3.2936e+00 -6.3600e-01
6933 +7.132388902e-09 +7.132388902e-09 +2.196000001e+01 +2.196000001e+01 +3.2936e+00 -6.3600e-01
7013 +5.337280840e-09 +5.337280840e-09 +2.196000001e+01 +2.196000001e+01 +3.2936e+00 -6.3600e-01
7666 +1.391565974e-09 +1.391565974e-09 +2.196000000e+01 +2.196000000e+01 +3.2936e+00 -6.3600e-01
7853 +5.920384183e-10 +5.920384183e-10 +2.196000000e+01 +2.196000000e+01 +3.2936e+00 -6.3600e-01
8129 +3.398064052e-10 +3.398064052e-10 +2.196000000e+01 +2.196000000e+01 +3.2936e+00 -6.3600e-01
8573 +1.745377176e-10 +1.745377176e-10 +2.196000000e+01 +2.196000000e+01 +3.2936e+00 -6.3600e-01
8693 +1.422471030e-10 +1.422471030e-10 +2.196000000e+01 +2.196000000e+01 +3.2936e+00 -6.3600e-01
9213 +9.835687820e-11 +9.835687820e-11 +2.196000000e+01 +2.196000000e+01 +3.2936e+00 -6.3600e-01
9309 +4.884626037e-11 +4.884626037e-11 +2.196000000e+01 +2.196000000e+01 +3.2936e+00 -6.3600e-01
9333 +3.415934202e-11 +3.415934202e-11 +2.196000000e+01 +2.196000000e+01 +3.2936e+00 -6.3600e-01
9693 +2.503952601e-11 +2.503952601e-11 +2.196000000e+01 +2.196000000e+01 +3.2936e+00 -6.3600e-01
9813 +1.340438871e-11 +1.340438871e-11 +2.196000000e+01 +2.196000000e+01 +3.2936e+00 -6.3600e-01
10093 +8.057554624e-12 +8.057554624e-12 +2.196000000e+01 +2.196000000e+01 +3.2936e+00 -6.3600e-01
10128 +2.717825964e-12 +2.717825964e-12 +2.196000000e+01 +2.196000000e+01 +3.2936e+00 -6.3600e-01
10328 +9.698908343e-13 +9.698908343e-13 +2.196000000e+01 +2.196000000e+01 +3.2936e+00 -6.3600e-01
10373 +2.664535259e-13 +2.664535259e-13 +2.196000000e+01 +2.196000000e+01 +3.2936e+00 -6.3600e-01
10413 +1.243449788e-13 +1.243449788e-13 +2.196000000e+01 +2.196000000e+01 +3.2936e+00 -6.3600e-01
10533 +8.526512829e-14 +8.526512829e-14 +2.196000000e+01 +2.196000000e+01 +3.2936e+00 -6.3600e-01
10613 +5.329070518e-14 +5.329070518e-14 +2.196000000e+01 +2.196000000e+01 +3.2936e+00 -6.3600e-01
10653 +1.776356839e-14 +1.776356839e-14 +2.196000000e+01 +2.196000000e+01 +3.2936e+00 -6.3600e-01
10693 +7.105427358e-15 +7.105427358e-15 +2.196000000e+01 +2.196000000e+01 +3.2936e+00 -6.3600e-01
10733 +3.552713679e-15 +3.552713679e-15 +2.196000000e+01 +2.196000000e+01 +3.2936e+00 -6.3600e-01
11409 +0.000000000e+00 +0.000000000e+00 +2.196000000e+01 +2.196000000e+01 +3.2936e+00 -6.3600e-01
% function evaluation | noise-free fitness - Fopt (-2.139000000000e+01) | best noise-free fitness - Fopt | measured fitness | best measured fitness | x1 | x2...
1 +1.982042463e+01 +1.982042463e+01 -1.569575375e+00 -1.569575375e+00 +2.1642e+00 +2.6159e+00
15 +1.374356241e+01 +1.374356241e+01 -7.646437588e+00 -7.646437588e+00 +3.8775e+00 +2.8018e+00
26 +9.921215445e+00 +9.921215445e+00 -1.146878456e+01 -1.146878456e+01 +2.3666e+00 +3.1380e+00
38 +5.992661677e+00 +5.992661677e+00 -1.539733832e+01 -1.539733832e+01 +4.1224e+00 +3.1344e+00
139 +2.122652305e+00 +2.122652305e+00 -1.926734770e+01 -1.926734770e+01 +3.2776e+00 +2.4829e+00
337 +1.099398505e+00 +1.099398505e+00 -2.029060150e+01 -2.029060150e+01 +3.2763e+00 +2.8146e+00
1133 +8.603641971e-01 +8.603641971e-01 -2.052963580e+01 -2.052963580e+01 +3.2670e+00 +2.8113e+00
1168 +1.918365444e-01 +1.918365444e-01 -2.119816346e+01 -2.119816346e+01 +3.2213e+00 +2.7934e+00
1201 +1.013179053e-01 +1.013179053e-01 -2.128868209e+01 -2.128868209e+01 +3.1863e+00 +2.8067e+00
1213 +4.843287824e-02 +4.843287824e-02 -2.134156712e+01 -2.134156712e+01 +3.2085e+00 +2.8073e+00
1481 +1.289482719e-02 +1.289482719e-02 -2.137710517e+01 -2.137710517e+01 +3.2011e+00 +2.7999e+00
1853 +9.981524843e-03 +9.981524843e-03 -2.138001848e+01 -2.138001848e+01 +3.2003e+00 +2.8005e+00
2093 +3.646064355e-03 +3.646064355e-03 -2.138635394e+01 -2.138635394e+01 +3.2022e+00 +2.8037e+00
2253 +1.569162273e-03 +1.569162273e-03 -2.138843084e+01 -2.138843084e+01 +3.2018e+00 +2.8030e+00
2533 +9.439352891e-04 +9.439352891e-04 -2.138905606e+01 -2.138905606e+01 +3.2017e+00 +2.8025e+00
3218 +1.680787391e-04 +1.680787391e-04 -2.138983192e+01 -2.138983192e+01 +3.2034e+00 +2.8026e+00
3449 +2.505366034e-05 +2.505366034e-05 -2.138997495e+01 -2.138997495e+01 +3.2043e+00 +2.8023e+00
4135 +3.437256630e-06 +3.437256630e-06 -2.138999656e+01 -2.138999656e+01 +3.2039e+00 +2.8024e+00
4812 +1.993843227e-06 +1.993843227e-06 -2.138999801e+01 -2.138999801e+01 +3.2041e+00 +2.8024e+00
5001 +1.715391136e-07 +1.715391136e-07 -2.138999983e+01 -2.138999983e+01 +3.2040e+00 +2.8024e+00
5881 +4.425657352e-08 +4.425657352e-08 -2.138999996e+01 -2.138999996e+01 +3.2040e+00 +2.8024e+00
5935 +2.660490495e-08 +2.660490495e-08 -2.138999997e+01 -2.138999997e+01 +3.2040e+00 +2.8024e+00
6161 +1.156228890e-08 +1.156228890e-08 -2.138999999e+01 -2.138999999e+01 +3.2040e+00 +2.8024e+00
6288 +5.712024631e-09 +5.712024631e-09 -2.138999999e+01 -2.138999999e+01 +3.2040e+00 +2.8024e+00
6401 +2.870830684e-09 +2.870830684e-09 -2.139000000e+01 -2.139000000e+01 +3.2040e+00 +2.8024e+00
6775 +1.533855709e-09 +1.533855709e-09 -2.139000000e+01 -2.139000000e+01 +3.2040e+00 +2.8024e+00
7041 +8.660911988e-10 +8.660911988e-10 -2.139000000e+01 -2.139000000e+01 +3.2040e+00 +2.8024e+00
7429 +2.088640372e-10 +2.088640372e-10 -2.139000000e+01 -2.139000000e+01 +3.2040e+00 +2.8024e+00
7575 +3.306865892e-11 +3.306865892e-11 -2.139000000e+01 -2.139000000e+01 +3.2040e+00 +2.8024e+00
7888 +2.341593586e-11 +2.341593586e-11 -2.139000000e+01 -2.139000000e+01 +3.2040e+00 +2.8024e+00
8481 +1.032773866e-11 +1.032773866e-11 -2.139000000e+01 -2.139000000e+01 +3.2040e+00 +2.8024e+00
8848 +8.284928299e-12 +8.284928299e-12 -2.139000000e+01 -2.139000000e+01 +3.2040e+00 +2.8024e+00
9001 +4.977351864e-12 +4.977351864e-12 -2.139000000e+01 -2.139000000e+01 +3.2040e+00 +2.8024e+00
9112 +3.026912054e-12 +3.026912054e-12 -2.139000000e+01 -2.139000000e+01 +3.2040e+00 +2.8024e+00
9128 +2.025046797e-13 +2.025046797e-13 -2.139000000e+01 -2.139000000e+01 +3.2040e+00 +2.8024e+00
9528 +6.394884622e-14 +6.394884622e-14 -2.139000000e+01 -2.139000000e+01 +3.2040e+00 +2.8024e+00
10048 +2.842170943e-14 +2.842170943e-14 -2.139000000e+01 -2.139000000e+01 +3.2040e+00 +2.8024e+00
10721 +2.131628207e-14 +2.131628207e-14 -2.139000000e+01 -2.139000000e+01 +3.2040e+00 +2.8024e+00
11041 +1.065814104e-14 +1.065814104e-14 -2.139000000e+01 -2.139000000e+01 +3.2040e+00 +2.8024e+00
11121 +3.552713679e-15 +3.552713679e-15 -2.139000000e+01 -2.139000000e+01 +3.2040e+00 +2.8024e+00
11641 +0.000000000e+00 +0.000000000e+00 -2.139000000e+01 -2.139000000e+01 +3.2040e+00 +2.8024e+00
% function evaluation | noise-free fitness - Fopt (5.176600000000e+02) | best noise-free fitness - Fopt | measured fitness | best measured fitness | x1 | x2...
1 +2.055868365e+02 +2.055868365e+02 +7.232468365e+02 +7.232468365e+02 +4.3116e+00 -1.9929e-01
4 +1.459256593e+02 +1.459256593e+02 +6.635856593e+02 +6.635856593e+02 -4.6030e+00 -2.1884e-01
8 +3.051281542e+01 +3.051281542e+01 +5.481728154e+02 +5.481728154e+02 -4.8650e+00 +1.9234e+00
11 +2.201639232e+01 +2.201639232e+01 +5.396763923e+02 +5.396763923e+02 -1.2287e+00 +3.8068e+00
87 +1.075499523e+01 +1.075499523e+01 +5.284149952e+02 +5.284149952e+02 -5.0000e+00 +2.5093e+00
124 +9.059605462e+00 +9.059605462e+00 +5.267196055e+02 +5.267196055e+02 -4.9695e+00 +3.8404e+00
163 +6.027600647e+00 +6.027600647e+00 +5.236876006e+02 +5.236876006e+02 -5.0000e+00 +3.1717e+00
196 +3.437458019e+00 +3.437458019e+00 +5.210974580e+02 +5.210974580e+02 -3.7604e+00 +3.1572e+00
392 +1.997679586e+00 +1.997679586e+00 +5.196576796e+02 +5.196576796e+02 -3.8726e+00 +3.4975e+00
779 +1.180401034e+00 +1.180401034e+00 +5.188404010e+02 +5.188404010e+02 -3.9085e+00 +3.1977e+00
823 +7.683760176e-01 +7.683760176e-01 +5.184283760e+02 +5.184283760e+02 -3.9241e+00 +3.1576e+00
1070 +1.050990558e-01 +1.050990558e-01 +5.177650991e+02 +5.177650991e+02 -3.8929e+00 +3.1804e+00
1541 +2.844746664e-02 +2.844746664e-02 +5.176884475e+02 +5.176884475e+02 -3.8904e+00 +3.1693e+00
1805 +2.563393827e-03 +2.563393827e-03 +5.176625634e+02 +5.176625634e+02 -3.8914e+00 +3.1729e+00
1965 +6.693064972e-05 +6.693064972e-05 +5.176600669e+02 +5.176600669e+02 -3.8881e+00 +3.1730e+00
2645 +1.748551495e-05 +1.748551495e-05 +5.176600175e+02 +5.176600175e+02 -3.8878e+00 +3.1727e+00
2925 +1.088436773e-05 +1.088436773e-05 +5.176600109e+02 +5.176600109e+02 -3.8878e+00 +3.1728e+00
3101 +2.506719511e-06 +2.506719511e-06 +5.176600025e+02 +5.176600025e+02 -3.8881e+00 +3.1728e+00
3781 +7.264686701e-07 +7.264686701e-07 +5.176600007e+02 +5.176600007e+02 -3.8880e+00 +3.1728e+00
3899 +3.262514383e-07 +3.262514383e-07 +5.176600003e+02 +5.176600003e+02 -3.8880e+00 +3.1728e+00
4405 +1.054680752e-07 +1.054680752e-07 +5.176600001e+02 +5.176600001e+02 -3.8880e+00 +3.1728e+00
4739 +5.176252671e-08 +5.176252671e-08 +5.176600001e+02 +5.176600001e+02 -3.8880e+00 +3.1728e+00
5094 +4.337493920e-09 +4.337493920e-09 +5.176600000e+02 +5.176600000e+02 -3.8880e+00 +3.1728e+00
5730 +1.293756213e-10 +1.293756213e-10 +5.176600000e+02 +5.176600000e+02 -3.8880e+00 +3.1728e+00
7005 +5.934452929e-11 +5.934452929e-11 +5.176600000e+02 +5.176600000e+02 -3.8880e+00 +3.1728e+00
7045 +2.808064892e-11 +2.808064892e-11 +5.176600000e+02 +5.176600000e+02 -3.8880e+00 +3.1728e+00
7125 +4.206412996e-12 +4.206412996e-12 +5.176600000e+02 +5.176600000e+02 -3.8880e+00 +3.1728e+00
7240 +3.410605132e-12 +3.410605132e-12 +5.176600000e+02 +5.176600000e+02 -3.8880e+00 +3.1728e+00
7640 +4.547473509e-13 +4.547473509e-13 +5.176600000e+02 +5.176600000e+02 -3.8880e+00 +3.1728e+00
7830 +1.136868377e-13 +1.136868377e-13 +5.176600000e+02 +5.176600000e+02 -3.8880e+00 +3.1728e+00
8030 +0.000000000e+00 +0.000000000e+00 +5.176600000e+02 +5.176600000e+02 -3.8880e+00 +3.1728e+00
