% function evaluation | noise-free fitness - Fopt (7.627000000000e+01) | best noise-free fitness - Fopt | measured fitness | best measured fitness | x1 | x2...
1 +5.453169304e+07 +5.453169304e+07 +5.453176931e+07 +5.453176931e+07 +3.3801e+00 +3.0042e+00 +2.7894e+00
3 +3.426310589e+07 +3.426310589e+07 +3.426318216e+07 +3.426318216e+07 -2.0789e+00 +2.1312e+00 +2.2415e+00
5 +1.253086665e+06 +1.253086665e+06 +1.253162935e+06 +1.253162935e+06 -4.2841e+00 -4.6794e+00 +3.6892e+00
6 +3.547310943e+02 +3.547310943e+02 +4.310010943e+02 +4.310010943e+02 +3.3919e+00 -4.0855e+00 -5.0016e-01
94 +2.753399166e+01 +2.753399166e+01 +1.038039917e+02 +1.038039917e+02 +2.0528e+00 -1.2065e+00 -4.7495e+00
190 +5.396458192e+00 +5.396458192e+00 +8.166645819e+01 +8.166645819e+01 -1.7676e+00 -2.8106e+00 -1.6223e+00
317 +2.738810351e+00 +2.738810351e+00 +7.900881035e+01 +7.900881035e+01 -2.1326e+00 -2.5497e+00 -1.9676e+00
499 +1.886288549e+00 +1.886288549e+00 +7.815628855e+01 +7.815628855e+01 -5.9760e-01 -2.7830e+00 -1.8698e+00
572 +3.318660417e-01 +3.318660417e-01 +7.660186604e+01 +7.660186604e+01 -9.3312e-01 -2.8787e+00 -1.6634e+00
867 +1.485837003e-01 +1.485837003e-01 +7.641858370e+01 +7.641858370e+01 -1.2864e+00 -3.0516e+00 -1.3357e+00
893 +7.565514557e-04 +7.565514557e-04 +7.627075655e+01 +7.627075655e+01 -9.4274e-01 -3.1402e+00 -1.2574e+00
1158 +5.448367331e-04 +5.448367331e-04 +7.627054484e+01 +7.627054484e+01 -9.3569e-01 -3.1540e+00 -1.2372e+00
1203 +3.466520107e-04 +3.466520107e-04 +7.627034665e+01 +7.627034665e+01 -9.4791e-01 -3.1493e+00 -1.2424e+00
1234 +2.430707325e-04 +2.430707325e-04 +7.627024307e+01 +7.627024307e+01 -9.3195e-01 -3.1539e+00 -1.2380e+00
1243 +1.459600185e-04 +1.459600185e-04 +7.627014596e+01 +7.627014596e+01 -9.4792e-01 -3.1456e+00 -1.2483e+00
1246 +3.139154785e-05 +3.139154785e-05 +7.627003139e+01 +7.627003139e+01 -9.3883e-01 -3.1490e+00 -1.2445e+00
1322 +8.650394534e-06 +8.650394534e-06 +7.627000865e+01 +7.627000865e+01 -9.3842e-01 -3.1488e+00 -1.2449e+00
1411 +1.886076717e-06 +1.886076717e-06 +7.627000189e+01 +7.627000189e+01 -9.3809e-01 -3.1500e+00 -1.2430e+00
1506 +7.166670173e-07 +7.166670173e-07 +7.627000072e+01 +7.627000072e+01 -9.3920e-01 -3.1502e+00 -1.2425e+00
1511 +3.031608031e-07 +3.031608031e-07 +7.627000030e+01 +7.627000030e+01 -9.3846e-01 -3.1507e+00 -1.2420e+00
1592 +1.272323686e-07 +1.272323686e-07 +7.627000013e+01 +7.627000013e+01 -9.3822e-01 -3.1506e+00 -1.2422e+00
1616 +7.399211199e-08 +7.399211199e-08 +7.627000007e+01 +7.627000007e+01 -9.3854e-01 -3.1503e+00 -1.2426e+00
1651 +6.303017130e-08 +6.303017130e-08 +7.627000006e+01 +7.627000006e+01 -9.3846e-01 -3.1503e+00 -1.2425e+00
1684 +3.386062986e-09 +3.386062986e-09 +7.627000000e+01 +7.627000000e+01 -9.3835e-01 -3.1504e+00 -1.2424e+00
% function evaluation | noise-free fitness - Fopt (-2.255000000000e+01) | best noise-free fitness - Fopt | measured fitness | best measured fitness | x1 | x2...
1 +4.450837309e+07 +4.450837309e+07 +4.450835054e+07 +4.450835054e+07 -3.9200e+00 -4.3850e+00 -1.7654e+00
2 +1.053948413e+07 +1.053948413e+07 +1.053946158e+07 +1.053946158e+07 -7.8712e-01 +2.5188e+00 +2.6597e+00
4 +2.765845312e+05 +2.765845312e+05 +2.765619812e+05 +2.765619812e+05 +2.4551e+00 -1.5018e+00 -1.0427e-01
7 +1.005785828e+05 +1.005785828e+05 +1.005560328e+05 +1.005560328e+05 +3.7701e+00 -3.7065e+00 -1.6335e-01
13 +1.276969433e+04 +1.276969433e+04 +1.274714433e+04 +1.274714433e+04 +3.0374e+00 -2.5227e+00 -2.1836e+00
22 +4.715658528e+03 +4.715658528e+03 +4.693108528e+03 +4.693108528e+03 +2.1536e+00 -1.3567e+00 -5.4568e+00
62 +2.281075857e+03 +2.281075857e+03 +2.258525857e+03 +2.258525857e+03 +2.6246e+00 -2.3767e+00 -3.8024e+00
71 +2.219340062e+02 +2.219340062e+02 +1.993840062e+02 +1.993840062e+02 +3.1224e+00 -2.9882e+00 -1.5736e+00
85 +5.835511864e+01 +5.835511864e+01 +3.580511864e+01 +3.580511864e+01 +2.7563e+00 -1.4275e+00 -1.8813e+00
140 +3.529727534e+01 +3.529727534e+01 +1.274727534e+01 +1.274727534e+01 +2.7728e+00 -8.2964e-01 -9.0289e-01
153 +9.749043238e+00 +9.749043238e+00 -1.280095676e+01 -1.280095676e+01 +3.0491e+00 +6.8262e-02 +2.3653e+00
526 +5.061535110e+00 +5.061535110e+00 -1.748846489e+01 -1.748846489e+01 +3.1088e+00 +6.2767e-01 +3.5710e+00
748 +3.873913371e+00 +3.873913371e+00 -1.867608663e+01 -1.867608663e+01 +3.0163e+00 +9.5727e-01 +3.3874e+00
826 +2.365808423e+00 +2.365808423e+00 -2.018419158e+01 -2.018419158e+01 +2.9025e+00 +1.4077e+00 +3.2218e+00
858 +1.139646354e+00 +1.139646354e+00 -2.141035365e+01 -2.141035365e+01 +2.8144e+00 +1.6315e+00 +2.9203e+00
875 +9.829749584e-01 +9.829749584e-01 -2.156702504e+01 -2.156702504e+01 +2.7388e+00 +1.6752e+00 +2.4500e+00
901 +2.592324397e-01 +2.592324397e-01 -2.229076756e+01 -2.229076756e+01 +2.5949e+00 +2.3262e+00 +2.3583e+00
927 +1.654788867e-01 +1.654788867e-01 -2.238452111e+01 -2.238452111e+01 +2.6423e+00 +2.2036e+00 +2.5171e+00
964 +1.227567680e-01 +1.227567680e-01 -2.242724323e+01 -2.242724323e+01 +2.5105e+00 +2.6758e+00 +2.2552e+00
976 +9.959681904e-02 +9.959681904e-02 -2.245040318e+01 -2.245040318e+01 +2.5680e+00 +2.3935e+00 +2.2611e+00
991 +1.454086953e-02 +1.454086953e-02 -2.253545913e+01 -2.253545913e+01 +2.5649e+00 +2.5460e+00 +2.4556e+00
1069 +5.593787400e-03 +5.593787400e-03 -2.254440621e+01 -2.254440621e+01 +2.5682e+00 +2.5414e+00 +2.4723e+00
1134 +3.560606867e-03 +3.560606867e-03 -2.254643939e+01 -2.254643939e+01 +2.5688e+00 +2.5421e+00 +2.4780e+00
1144 +8.385641182e-04 +8.385641182e-04 -2.254916144e+01 -2.254916144e+01 +2.5627e+00 +2.5757e+00 +2.4828e+00
1228 +4.380240168e-04 +4.380240168e-04 -2.254956198e+01 -2.254956198e+01 +2.5615e+00 +2.5859e+00 +2.4891e+00
1268 +3.825504366e-04 +3.825504366e-04 -2.254961745e+01 -2.254961745e+01 +2.5648e+00 +2.5935e+00 +2.5228e+00
1306 +9.531189822e-05 +9.531189822e-05 -2.254990469e+01 -2.254990469e+01 +2.5655e+00 +2.5830e+00 +2.5127e+00
1366 +1.577639878e-05 +1.577639878e-05 -2.254998422e+01 -2.254998422e+01 +2.5650e+00 +2.5812e+00 +2.5068e+00
1426 +5.799763148e-06 +5.799763148e-06 -2.254999420e+01 -2.254999420e+01 +2.5652e+00 +2.5820e+00 +2.5099e+00
1547 +3.199952417e-06 +3.199952417e-06 -2.254999680e+01 -2.254999680e+01 +2.5654e+00 +2.5812e+00 +2.5097e+00
1605 +4.835846745e-07 +4.835846745e-07 -2.254999952e+01 -2.254999952e+01 +2.5657e+00 +2.5798e+00 +2.5102e+00
1627 +3.925945151e-07 +3.925945151e-07 -2.254999961e+01 -2.254999961e+01 +2.5656e+00 +2.5798e+00 +2.5095e+00
1709 +5.107565926e-08 +5.107565926e-08 -2.254999995e+01 -2.254999995e+01 +2.5656e+00 +2.5801e+00 +2.5094e+00
1805 +3.389051884e-08 +3.389051884e-08 -2.254999997e+01 -2.254999997e+01 +2.5656e+00 +2.5799e+00 +2.5095e+00
1848 +2.199293547e-08 +2.199293547e-08 -2.254999998e+01 -2.254999998e+01 +2.5656e+00 +2.5800e+00 +2.5096e+00
1849 +3.149803973e-09 +3.149803973e-09 -2.255000000e+01 -2.255000000e+01 +2.5656e+00 +2.5800e+00 +2.5096e+00
% function evaluation | noise-free fitness - Fopt (1.366000000000e+01) | best noise-free fitness - Fopt | measured fitness | best measured fitness | x1 | x2...
1 +2.211735827e+06 +2.211735827e+06 +2.211749487e+06 +2.211749487e+06 -3.6816e+00 +1.5293e+00 +2.7020e+00
2 +1.241590148e+06 +1.241590148e+06 +1.241603808e+06 +1.241603808e+06 +2.0532e+00 -7.0301e-01 +2.7242e-02
5 +9.236236037e+05 +9.236236037e+05 +9.236372637e+05 +9.236372637e+05 +4.1106e+00 +3.0279e+00 -1.2433e+00
10 +1.975470733e+04 +1.975470733e+04 +1.976836733e+04 +1.976836733e+04 +1.3802e+00 -2.9973e+00 -3.8699e+00
80 +4.162772212e+02 +4.162772212e+02 +4.299372212e+02 +4.299372212e+02 +1.0651e+00 -3.5333e-01 -6.1743e-01
148 +1.942217052e+02 +1.942217052e+02 +2.078817052e+02 +2.078817052e+02 +1.5400e-01 -3.3979e+00 -3.0303e+00
237 +1.158346324e+02 +1.158346324e+02 +1.294946324e+02 +1.294946324e+02 -1.7470e+00 -3.9758e+00 -2.0030e+00
318 +5.210227201e+01 +5.210227201e+01 +6.576227201e+01 +6.576227201e+01 -7.7624e-01 -1.7008e+00 -4.5360e-01
388 +2.481928778e+01 +2.481928778e+01 +3.847928778e+01 +3.847928778e+01 +1.3168e-01 -1.1488e+00 -6.2809e-01
459 +1.423751553e+01 +1.423751553e+01 +2.789751553e+01 +2.789751553e+01 +8.2588e-02 -2.1384e-01 +3.8920e-01
499 +6.348105148e+00 +6.348105148e+00 +2.000810515e+01 +2.000810515e+01 +2.2952e-01 +3.3875e+00 +4.0508e+00
526 +1.748594259e+00 +1.748594259e+00 +1.540859426e+01 +1.540859426e+01 -2.5092e-01 +2.5557e+00 +3.5793e+00
671 +7.200120391e-01 +7.200120391e-01 +1.438001204e+01 +1.438001204e+01 +1.1847e+00 +2.5925e+00 +2.4085e+00
686 +1.943089648e-01 +1.943089648e-01 +1.385430896e+01 +1.385430896e+01 +5.4310e-01 +2.5203e+00 +2.8730e+00
834 +2.785554134e-02 +2.785554134e-02 +1.368785554e+01 +1.368785554e+01 +3.9493e-01 +2.1713e+00 +2.6321e+00
978 +1.224714252e-02 +1.224714252e-02 +1.367224714e+01 +1.367224714e+01 +5.0681e-01 +2.2687e+00 +2.6399e+00
1010 +8.721606600e-03 +8.721606600e-03 +1.366872161e+01 +1.366872161e+01 +4.6153e-01 +2.2637e+00 +2.6729e+00
1079 +1.382364532e-03 +1.382364532e-03 +1.366138236e+01 +1.366138236e+01 +4.1302e-01 +2.2013e+00 +2.6481e+00
1174 +9.874861803e-05 +9.874861803e-05 +1.366009875e+01 +1.366009875e+01 +4.3013e-01 +2.2189e+00 +2.6521e+00
1413 +2.819025322e-05 +2.819025322e-05 +1.366002819e+01 +1.366002819e+01 +4.2380e-01 +2.2241e+00 +2.6630e+00
1546 +2.273538516e-05 +2.273538516e-05 +1.366002274e+01 +1.366002274e+01 +4.2997e-01 +2.2231e+00 +2.6567e+00
1563 +1.201688484e-05 +1.201688484e-05 +1.366001202e+01 +1.366001202e+01 +4.2853e-01 +2.2260e+00 +2.6610e+00
1569 +8.369380193e-06 +8.369380193e-06 +1.366000837e+01 +1.366000837e+01 +4.2803e-01 +2.2262e+00 +2.6616e+00
1588 +5.928257080e-06 +5.928257080e-06 +1.366000593e+01 +1.366000593e+01 +4.2842e-01 +2.2251e+00 +2.6601e+00
1624 +9.263003715e-07 +9.263003715e-07 +1.366000093e+01 +1.366000093e+01 +4.2696e-01 +2.2233e+00 +2.6594e+00
1651 +1.365213649e-07 +1.365213649e-07 +1.366000014e+01 +1.366000014e+01 +4.2715e-01 +2.2241e+00 +2.6602e+00
1798 +7.525529000e-08 +7.525529000e-08 +1.366000008e+01 +1.366000008e+01 +4.2726e-01 +2.2239e+00 +2.6598e+00
1811 +1.435224384e-08 +1.435224384e-08 +1.366000001e+01 +1.366000001e+01 +4.2717e-01 +2.2239e+00 +2.6600e+00
1866 +9.625113151e-09 +9.625113151e-09 +1.366000001e+01 +1.366000001e+01 +4.2715e-01 +2.2239e+00 +2.6600e+00
% function evaluation | noise-free fitness - Fopt (9.378400000000e+02) | best noise-free fitness - Fopt | measured fitness | best measured fitness | x1 | x2...
1 +7.039066967e+06 +7.039066967e+06 +7.040004807e+06 +7.040004807e+06 -3.4528e+00 -4.1857e+00 +8.4248e-01
3 +5.140414978e+06 +5.140414978e+06 +5.141352818e+06 +5.141352818e+06 +4.3926e+00 +3.5586e+00 -3.6964e+00
5 +3.569475172e+06 +3.569475172e+06 +3.570413012e+06 +3.570413012e+06 -6.3869e-01 +1.2179e-02 +7.1683e-01
17 +8.909971592e+03 +8.909971592e+03 +9.847811592e+03 +9.847811592e+03 +8.8671e-01 +1.2179e-02 +1.6894e+00
76 +9.396993969e+01 +9.396993969e+01 +1.031809940e+03 +1.031809940e+03 -2.6708e-01 -1.4404e+00 +2.4780e+00
226 +1.961187265e+01 +1.961187265e+01 +9.574518726e+02 +9.574518726e+02 -1.1596e+00 -6.8210e-01 +3.5496e+00
425 +1.277420288e+01 +1.277420288e+01 +9.506142029e+02 +9.506142029e+02 +7.5315e-01 +8.9249e-01 +2.2082e+00
440 +8.064919272e+00 +8.064919272e+00 +9.459049193e+02 +9.459049193e+02 +8.5883e-01 +1.5609e+00 +2.3042e+00
500 +5.999411617e+00 +5.999411617e+00 +9.438394116e+02 +9.438394116e+02 +9.7107e-01 +2.1592e+00 +2.3731e+00
604 +3.658358583e+00 +3.658358583e+00 +9.414983586e+02 +9.414983586e+02 -4.3294e-01 +2.7550e+00 +3.8701e+00
726 +1.165821754e+00 +1.165821754e+00 +9.390058218e+02 +9.390058218e+02 +4.4825e-01 +4.0153e+00 +3.4063e+00
766 +9.986631982e-01 +9.986631982e-01 +9.388386632e+02 +9.388386632e+02 +4.0844e-02 +4.1154e+00 +3.8190e+00
824 +2.307555544e-01 +2.307555544e-01 +9.380707556e+02 +9.380707556e+02 -2.0154e-01 +3.1692e+00 +3.7705e+00
841 +1.452264917e-01 +1.452264917e-01 +9.379852265e+02 +9.379852265e+02 -1.6039e-01 +3.3469e+00 +3.7837e+00
856 +8.037442546e-02 +8.037442546e-02 +9.379203744e+02 +9.379203744e+02 -4.9364e-01 +3.4930e+00 +4.1396e+00
857 +4.436038606e-03 +4.436038606e-03 +9.378444360e+02 +9.378444360e+02 -2.5804e-01 +3.5393e+00 +3.9314e+00
1000 +5.864513178e-04 +5.864513178e-04 +9.378405865e+02 +9.378405865e+02 -2.8426e-01 +3.5875e+00 +3.9701e+00
1210 +9.908606864e-05 +9.908606864e-05 +9.378400991e+02 +9.378400991e+02 -2.9607e-01 +3.5704e+00 +3.9762e+00
1358 +4.380469295e-05 +4.380469295e-05 +9.378400438e+02 +9.378400438e+02 -2.9552e-01 +3.5827e+00 +3.9793e+00
1381 +2.558493441e-05 +2.558493441e-05 +9.378400256e+02 +9.378400256e+02 -2.9558e-01 +3.5772e+00 +3.9777e+00
1428 +1.522236983e-05 +1.522236983e-05 +9.378400152e+02 +9.378400152e+02 -2.9477e-01 +3.5801e+00 +3.9778e+00
1490 +7.342510798e-06 +7.342510798e-06 +9.378400073e+02 +9.378400073e+02 -2.9517e-01 +3.5776e+00 +3.9774e+00
1546 +2.566855187e-06 +2.566855187e-06 +9.378400026e+02 +9.378400026e+02 -2.9713e-01 +3.5788e+00 +3.9796e+00
1560 +1.776337513e-07 +1.776337513e-07 +9.378400002e+02 +9.378400002e+02 -2.9692e-01 +3.5787e+00 +3.9794e+00
1681 +1.390241096e-07 +1.390241096e-07 +9.378400001e+02 +9.378400001e+02 -2.9685e-01 +3.5780e+00 +3.9791e+00
1761 +5.237643563e-08 +5.237643563e-08 +9.378400001e+02 +9.378400001e+02 -2.9665e-01 +3.5783e+00 +3.9790e+00
1805 +3.643162927e-08 +3.643162927e-08 +9.378400000e+02 +9.378400000e+02 -2.9686e-01 +3.5783e+00 +3.9792e+00
1807 +1.564535523e-08 +1.564535523e-08 +9.378400000e+02 +9.378400000e+02 -2.9677e-01 +3.5783e+00 +3.9791e+00
1835 +1.171201802e-09 +1.171201802e-09 +9.378400000e+02 +9.378400000e+02 -2.9680e-01 +3.5784e+00 +3.9792e+00
% function evaluation | noise-free fitness - Fopt (-7.872000000000e+01) | best noise-free fitness - Fopt | measured fitness | best measured fitness | x1 | x2...
1 +7.155577925e+06 +7.155577925e+06 +7.155499205e+06 +7.155499205e+06 -1.0196e+00 -6.4078e-02 +1.6014e+00
3 +1.745941746e+06 +1.745941746e+06 +1.745863026e+06 +1.745863026e+06 +4.5890e+00 -4.4407e+00 -1.5659e+00
17 +1.238229081e+05 +1.238229081e+05 +1.237441881e+05 +1.237441881e+05 -3.5608e+00 +2.7581e+00 -2.8757e+00
23 +6.357358035e+04 +6.357358035e+04 +6.349486035e+04 +6.349486035e+04 +2.8877e+00 -2.0644e+00 -1.7011e+00
24 +4.142466999e+04 +4.142466999e+04 +4.134594999e+04 +4.134594999e+04 +2.1615e-01 +1.8011e+00 -3.9949e+00
32 +1.931640301e+04 +1.931640301e+04 +1.923768301e+04 +1.923768301e+04 +4.1854e+00 -2.0644e+00 -1.9432e+00
36 +1.011844905e+04 +1.011844905e+04 +1.003972905e+04 +1.003972905e+04 +7.1543e-01 +7.7858e-01 -2.9128e+00
84 +4.192499388e+03 +4.192499388e+03 +4.113779388e+03 +4.113779388e+03 +1.3320e+00 -2.3649e+00 -5.3808e-01
110 +2.141894141e+03 +2.141894141e+03 +2.063174141e+03 +2.063174141e+03 +4.8106e+00 -5.3798e+00 +8.3839e-01
130 +3.780347866e+01 +3.780347866e+01 -4.091652134e+01 -4.091652134e+01 +2.2995e+00 -3.4789e+00 -5.0390e-03
226 +1.709427169e+01 +1.709427169e+01 -6.162572831e+01 -6.162572831e+01 +2.2386e+00 -3.8446e+00 +3.0608e-01
344 +1.514000439e+01 +1.514000439e+01 -6.357999561e+01 -6.357999561e+01 +2.5415e+00 -4.2201e+00 +5.2404e-01
437 +9.998230593e+00 +9.998230593e+00 -6.872176941e+01 -6.872176941e+01 +1.3646e+00 -2.9343e+00 -1.7224e-01
664 +4.582523031e+00 +4.582523031e+00 -7.413747697e+01 -7.413747697e+01 +2.1384e+00 -2.4476e+00 -8.1557e-01
697 +3.843827273e+00 +3.843827273e+00 -7.487617273e+01 -7.487617273e+01 +2.4529e+00 -2.4975e+00 -8.7102e-01
742 +2.397188515e+00 +2.397188515e+00 -7.632281148e+01 -7.632281148e+01 +2.0642e+00 -1.3712e+00 -1.6819e+00
770 +9.363873988e-01 +9.363873988e-01 -7.778361260e+01 -7.778361260e+01 +2.5707e+00 -1.4198e+00 -1.7989e+00
859 +4.078068038e-01 +4.078068038e-01 -7.831219320e+01 -7.831219320e+01 +2.8485e+00 -1.2148e+00 -2.0541e+00
877 +3.226580391e-01 +3.226580391e-01 -7.839734196e+01 -7.839734196e+01 +2.9576e+00 -1.4094e+00 -1.9274e+00
946 +2.508250422e-01 +2.508250422e-01 -7.846917496e+01 -7.846917496e+01 +2.9728e+00 -1.1904e+00 -2.1127e+00
985 +8.996149040e-02 +8.996149040e-02 -7.863003851e+01 -7.863003851e+01 +3.1479e+00 -1.4280e+00 -1.9707e+00
1011 +3.676857746e-02 +3.676857746e-02 -7.868323142e+01 -7.868323142e+01 +3.4714e+00 -1.5521e+00 -1.9684e+00
1057 +1.245554945e-02 +1.245554945e-02 -7.870754445e+01 -7.870754445e+01 +3.4467e+00 -1.3401e+00 -2.1360e+00
1128 +3.937793705e-03 +3.937793705e-03 -7.871606221e+01 -7.871606221e+01 +3.3851e+00 -1.4451e+00 -2.0300e+00
1192 +2.422739083e-03 +2.422739083e-03 -7.871757726e+01 -7.871757726e+01 +3.4497e+00 -1.4353e+00 -2.0583e+00
1247 +1.312455525e-03 +1.312455525e-03 -7.871868754e+01 -7.871868754e+01 +3.3857e+00 -1.3994e+00 -2.0680e+00
1253 +8.384280899e-04 +8.384280899e-04 -7.871916157e+01 -7.871916157e+01 +3.4154e+00 -1.4213e+00 -2.0592e+00
1313 +2.495066767e-04 +2.495066767e-04 -7.871975049e+01 -7.871975049e+01 +3.4201e+00 -1.4157e+00 -2.0652e+00
1368 +1.088736063e-04 +1.088736063e-04 -7.871989113e+01 -7.871989113e+01 +3.4125e+00 -1.4165e+00 -2.0622e+00
1390 +9.136555174e-05 +9.136555174e-05 -7.871990863e+01 -7.871990863e+01 +3.4061e+00 -1.4180e+00 -2.0590e+00
1482 +5.443813106e-05 +5.443813106e-05 -7.871994556e+01 -7.871994556e+01 +3.4148e+00 -1.4257e+00 -2.0553e+00
1493 +1.947437970e-05 +1.947437970e-05 -7.871998053e+01 -7.871998053e+01 +3.4110e+00 -1.4184e+00 -2.0601e+00
1534 +6.250360187e-06 +6.250360187e-06 -7.871999375e+01 -7.871999375e+01 +3.4100e+00 -1.4198e+00 -2.0587e+00
1621 +2.468711685e-06 +2.468711685e-06 -7.871999753e+01 -7.871999753e+01 +3.4117e+00 -1.4205e+00 -2.0587e+00
1669 +8.014416721e-07 +8.014416721e-07 -7.871999920e+01 -7.871999920e+01 +3.4116e+00 -1.4221e+00 -2.0573e+00
1727 +2.335167579e-07 +2.335167579e-07 -7.871999977e+01 -7.871999977e+01 +3.4113e+00 -1.4220e+00 -2.0573e+00
1763 +9.558318936e-08 +9.558318936e-08 -7.871999990e+01 -7.871999990e+01 +3.4112e+00 -1.4218e+00 -2.0574e+00
1849 +1.622581181e-09 +1.622581181e-09 -7.872000000e+01 -7.872000000e+01 +3.4112e+00 -1.4216e+00 -2.0576e+00
% function evaluation | noise-free fitness - Fopt (-5.984300000000e+02) | best noise-free fitness - Fopt | measured fitness | best measured fitness | x1 | x2...
1 +1.993221476e+07 +1.993221476e+07 +1.993161633e+07 +1.993161633e+07 +2.8153e+00 +4.5954e+00 +2.8011e+00
2 +8.429882278e+06 +8.429882278e+06 +8.429283848e+06 +8.429283848e+06 -4.0326e-02 -2.6712e-01 -4.0534e+00
4 +1.575197054e+06 +1.575197054e+06 +1.574598624e+06 +1.574598624e+06 -5.1202e-01 -5.1868e-01 +3.2438e+00
6 +6.598235224e+05 +6.598235224e+05 +6.592250924e+05 +6.592250924e+05 -2.9251e+00 +3.5990e+00 +1.3459e+00
10 +5.492907153e+03 +5.492907153e+03 +4.894477153e+03 +4.894477153e+03 -1.8855e+00 +1.0571e+00 +1.7823e+00
31 +4.406754940e+01 +4.406754940e+01 -5.543624506e+02 -5.543624506e+02 -1.8855e+00 +1.3909e+00 +2.1863e+00
197 +7.957827876e+00 +7.957827876e+00 -5.904721721e+02 -5.904721721e+02 -2.3665e+00 +2.2928e+00 -4.1474e-01
217 +4.377706584e-01 +4.377706584e-01 -5.979922293e+02 -5.979922293e+02 -2.8253e+00 +7.5671e-01 -2.7992e+00
555 +3.310701073e-01 +3.310701073e-01 -5.980989299e+02 -5.980989299e+02 -2.8444e+00 +1.1810e+00 -2.9249e+00
632 +4.668793183e-02 +4.668793183e-02 -5.983833121e+02 -5.983833121e+02 -2.8361e+00 +1.1810e+00 -2.8774e+00
813 +1.208397243e-02 +1.208397243e-02 -5.984179160e+02 -5.984179160e+02 -2.7995e+00 +1.2278e+00 -2.6839e+00
848 +6.013381543e-03 +6.013381543e-03 -5.984239866e+02 -5.984239866e+02 -2.8098e+00 +1.3796e+00 -2.7473e+00
958 +3.198409977e-03 +3.198409977e-03 -5.984268016e+02 -5.984268016e+02 -2.8152e+00 +1.3115e+00 -2.7729e+00
1002 +2.590497614e-04 +2.590497614e-04 -5.984297410e+02 -5.984297410e+02 -2.8100e+00 +1.2997e+00 -2.7442e+00
1113 +2.327766357e-04 +2.327766357e-04 -5.984297672e+02 -5.984297672e+02 -2.8088e+00 +1.3179e+00 -2.7387e+00
1190 +5.784515008e-05 +5.784515008e-05 -5.984299422e+02 -5.984299422e+02 -2.8109e+00 +1.3174e+00 -2.7500e+00
1261 +3.669128614e-05 +3.669128614e-05 -5.984299633e+02 -5.984299633e+02 -2.8103e+00 +1.3118e+00 -2.7465e+00
1362 +2.030280768e-05 +2.030280768e-05 -5.984299797e+02 -5.984299797e+02 -2.8100e+00 +1.3098e+00 -2.7449e+00
1370 +1.523029243e-05 +1.523029243e-05 -5.984299848e+02 -5.984299848e+02 -2.8101e+00 +1.3102e+00 -2.7457e+00
1377 +4.746835089e-06 +4.746835089e-06 -5.984299953e+02 -5.984299953e+02 -2.8103e+00 +1.3137e+00 -2.7469e+00
1390 +3.486060109e-06 +3.486060109e-06 -5.984299965e+02 -5.984299965e+02 -2.8102e+00 +1.3118e+00 -2.7458e+00
1423 +8.319852896e-07 +8.319852896e-07 -5.984299992e+02 -5.984299992e+02 -2.8104e+00 +1.3132e+00 -2.7472e+00
1505 +1.830549081e-07 +1.830549081e-07 -5.984299998e+02 -5.984299998e+02 -2.8105e+00 +1.3126e+00 -2.7475e+00
1633 +7.504456789e-08 +7.504456789e-08 -5.984299999e+02 -5.984299999e+02 -2.8104e+00 +1.3126e+00 -2.7474e+00
1703 +5.124547897e-09 +5.124547897e-09 -5.984300000e+02 -5.984300000e+02 -2.8104e+00 +1.3128e+00 -2.7472e+00
% function evaluation | noise-free fitness - Fopt (-8.542000000000e+01) | best noise-free fitness - Fopt | measured fitness | best measured fitness | x1 | x2...
1 +1.050316794e+07 +1.050316794e+07 +1.050308252e+07 +1.050308252e+07 -3.1243e+00 -2.8980e+00 -2.0183e+00
2 +7.630434354e+06 +7.630434354e+06 +7.630348934e+06 +7.630348934e+06 +2.2212e+00 +2.2872e+00 -1.0898e+00
7 +1.078694922e+06 +1.078694922e+06 +1.078609502e+06 +1.078609502e+06 -3.0105e+00 -1.8938e+00 +2.1829e+00
8 +4.449856812e+05 +4.449856812e+05 +4.449002612e+05 +4.449002612e+05 +4.3961e+00 +2.6888e+00 +2.8401e+00
11 +2.314164564e+05 +2.314164564e+05 +2.313310364e+05 +2.313310364e+05 +1.1069e+00 -4.5412e+00 -2.4213e+00
17 +1.847091548e+04 +1.847091548e+04 +1.838549548e+04 +1.838549548e+04 +4.3585e+00 +2.3568e+00 +1.4512e+00
46 +9.934258219e+02 +9.934258219e+02 +9.080058219e+02 +9.080058219e+02 +4.3585e+00 +2.0628e+00 +1.4512e+00
153 +2.251990941e+02 +2.251990941e+02 +1.397790941e+02 +1.397790941e+02 +2.1358e+00 -5.0300e-01 +9.6541e-01
186 +1.556091142e+02 +1.556091142e+02 +7.018911416e+01 +7.018911416e+01 +5.9520e+00 +1.2269e+00 -5.2641e-01
199 +4.590665418e+01 +4.590665418e+01 -3.951334582e+01 -3.951334582e+01 +6.6788e+00 +2.5424e+00 +3.2270e-03
227 +5.678777138e+00 +5.678777138e+00 -7.974122286e+01 -7.974122286e+01 +3.9840e+00 -1.8450e-01 -2.2146e-01
477 +2.455428314e+00 +2.455428314e+00 -8.296457169e+01 -8.296457169e+01 +1.9031e+00 -4.6219e-01 +1.1556e+00
483 +4.523919746e-01 +4.523919746e-01 -8.496760803e+01 -8.496760803e+01 +2.6241e+00 -9.6818e-01 +1.7017e-01
546 +1.721497821e-01 +1.721497821e-01 -8.524785022e+01 -8.524785022e+01 +3.0403e+00 -5.3686e-01 +2.1349e-01
569 +3.406143287e-02 +3.406143287e-02 -8.538593857e+01 -8.538593857e+01 +2.6901e+00 -6.4809e-01 +3.9031e-01
813 +1.983176865e-02 +1.983176865e-02 -8.540016823e+01 -8.540016823e+01 +2.6038e+00 -6.0500e-01 +4.9341e-01
833 +1.487277083e-02 +1.487277083e-02 -8.540512723e+01 -8.540512723e+01 +2.6675e+00 -5.9295e-01 +4.5452e-01
840 +4.196634217e-03 +4.196634217e-03 -8.541580337e+01 -8.541580337e+01 +2.7749e+00 -5.6442e-01 +3.9538e-01
880 +1.682473269e-03 +1.682473269e-03 -8.541831753e+01 -8.541831753e+01 +2.6958e+00 -5.5930e-01 +4.6099e-01
914 +3.177706657e-04 +3.177706657e-04 -8.541968223e+01 -8.541968223e+01 +2.7223e+00 -5.6250e-01 +4.3778e-01
1037 +1.745760714e-04 +1.745760714e-04 -8.541982542e+01 -8.541982542e+01 +2.7119e+00 -5.7106e-01 +4.3859e-01
1134 +3.505761109e-05 +3.505761109e-05 -8.541996494e+01 -8.541996494e+01 +2.7171e+00 -5.7132e-01 +4.3431e-01
1257 +9.072884936e-06 +9.072884936e-06 -8.541999093e+01 -8.541999093e+01 +2.7137e+00 -5.7564e-01 +4.3326e-01
1348 +3.912740681e-06 +3.912740681e-06 -8.541999609e+01 -8.541999609e+01 +2.7166e+00 -5.7713e-01 +4.2975e-01
1403 +2.419306384e-06 +2.419306384e-06 -8.541999758e+01 -8.541999758e+01 +2.7166e+00 -5.7630e-01 +4.3044e-01
1421 +1.491569762e-06 +1.491569762e-06 -8.541999851e+01 -8.541999851e+01 +2.7163e+00 -5.7500e-01 +4.3183e-01
1427 +6.665846257e-07 +6.665846257e-07 -8.541999933e+01 -8.541999933e+01 +2.7156e+00 -5.7663e-01 +4.3098e-01
1447 +4.811151655e-07 +4.811151655e-07 -8.541999952e+01 -8.541999952e+01 +2.7160e+00 -5.7621e-01 +4.3100e-01
1450 +1.752914898e-07 +1.752914898e-07 -8.541999982e+01 -8.541999982e+01 +2.7161e+00 -5.7615e-01 +4.3100e-01
1456 +1.236600582e-07 +1.236600582e-07 -8.541999988e+01 -8.541999988e+01 +2.7159e+00 -5.7585e-01 +4.3143e-01
1563 +8.218971459e-08 +8.218971459e-08 -8.541999992e+01 -8.541999992e+01 +2.7159e+00 -5.7616e-01 +4.3112e-01
1581 +4.916344665e-08 +4.916344665e-08 -8.541999995e+01 -8.541999995e+01 +2.7159e+00 -5.7596e-01 +4.3128e-01
1639 +3.292026918e-08 +3.292026918e-08 -8.541999997e+01 -8.541999997e+01 +2.7160e+00 -5.7613e-01 +4.3110e-01
1653 +1.286774420e-08 +1.286774420e-08 -8.541999999e+01 -8.541999999e+01 +2.7159e+00 -5.7607e-01 +4.3120e-01
1689 +3.322924158e-09 +3.322924158e-09 -8.542000000e+01 -8.542000000e+01 +2.7160e+00 -5.7598e-01 +4.3122e-01
% function evaluation | noise-free fitness - Fopt (1.932500000000e+02) | best noise-free fitness - Fopt | measured fitness | best measured fitness | x1 | x2...
1 +8.265598797e+05 +8.265598797e+05 +8.267531297e+05 +8.267531297e+05 +1.8188e+00 -1.8918e+00 +7.1428e-01
8 +1.921963348e+05 +1.921963348e+05 +1.923895848e+05 +1.923895848e+05 -3.8464e+00 +1.9122e+00 -4.8079e+00
14 +1.346884312e+02 +1.346884312e+02 +3.279384312e+02 +3.279384312e+02 +4.9819e+00 -2.3534e+00 +1.9258e+00
213 +8.239432666e+01 +8.239432666e+01 +2.756443267e+02 +2.756443267e+02 +3.7047e-01 -1.7480e+00 -1.6698e+00
298 +6.050124067e+01 +6.050124067e+01 +2.537512407e+02 +2.537512407e+02 -4.9192e-01 -3.4653e+00 -2.7401e+00
373 +3.511911139e+01 +3.511911139e+01 +2.283691114e+02 +2.283691114e+02 -9.2720e-01 -1.4424e+00 -2.6387e+00
406 +2.318878127e+01 +2.318878127e+01 +2.164387813e+02 +2.164387813e+02 -3.1506e+00 -1.6818e+00 -4.4909e+00
619 +1.508098732e+01 +1.508098732e+01 +2.083309873e+02 +2.083309873e+02 -1.4494e+00 +1.2723e-01 -2.7123e+00
751 +5.834223422e+00 +5.834223422e+00 +1.990842234e+02 +1.990842234e+02 -3.2157e+00 +1.0646e+00 -3.9283e+00
919 +3.401130544e+00 +3.401130544e+00 +1.966511305e+02 +1.966511305e+02 -3.6736e+00 +1.3702e+00 -4.2307e+00
926 +2.253944302e+00 +2.253944302e+00 +1.955039443e+02 +1.955039443e+02 -2.7618e+00 +2.0676e+00 -3.3390e+00
998 +7.099519594e-01 +7.099519594e-01 +1.939599520e+02 +1.939599520e+02 -3.2756e+00 +2.3584e+00 -3.6892e+00
1006 +6.188556542e-01 +6.188556542e-01 +1.938688557e+02 +1.938688557e+02 -3.1035e+00 +2.5361e+00 -3.5108e+00
1067 +2.715401094e-01 +2.715401094e-01 +1.935215401e+02 +1.935215401e+02 -3.6597e+00 +2.6498e+00 -3.9344e+00
1114 +5.543239651e-03 +5.543239651e-03 +1.932555432e+02 +1.932555432e+02 -3.6958e+00 +3.1233e+00 -3.8580e+00
1412 +3.409499434e-03 +3.409499434e-03 +1.932534095e+02 +1.932534095e+02 -3.6713e+00 +3.1112e+00 -3.8409e+00
1416 +1.544677150e-03 +1.544677150e-03 +1.932515447e+02 +1.932515447e+02 -3.6560e+00 +3.1705e+00 -3.8153e+00
1439 +6.427595087e-04 +6.427595087e-04 +1.932506428e+02 +1.932506428e+02 -3.6516e+00 +3.1279e+00 -3.8212e+00
1546 +1.446979676e-04 +1.446979676e-04 +1.932501447e+02 +1.932501447e+02 -3.6529e+00 +3.1433e+00 -3.8189e+00
1724 +8.911167126e-05 +8.911167126e-05 +1.932500891e+02 +1.932500891e+02 -3.6447e+00 +3.1298e+00 -3.8153e+00
1774 +1.104259354e-06 +1.104259354e-06 +1.932500011e+02 +1.932500011e+02 -3.6450e+00 +3.1373e+00 -3.8138e+00
1968 +9.410689188e-07 +9.410689188e-07 +1.932500009e+02 +1.932500009e+02 -3.6452e+00 +3.1383e+00 -3.8137e+00
2043 +1.296452012e-07 +1.296452012e-07 +1.932500001e+02 +1.932500001e+02 -3.6446e+00 +3.1377e+00 -3.8134e+00
2072 +4.654481245e-08 +4.654481245e-08 +1.932500000e+02 +1.932500000e+02 -3.6449e+00 +3.1377e+00 -3.8136e+00
2180 +1.390489501e-08 +1.390489501e-08 +1.932500000e+02 +1.932500000e+02 -3.6448e+00 +3.1377e+00 -3.8136e+00
2227 +9.666223377e-09 +9.666223377e-09 +1.932500000e+02 +1.932500000e+02 -3.6448e+00 +3.1377e+00 -3.8136e+00
2232 +5.872408337e-09 +5.872408337e-09 +1.932500000e+02 +1.932500000e+02 -3.6448e+00 +3.1377e+00 -3.8136e+00
% function evaluation | noise-free fitness - Fopt (-1.815000000000e+02) | best noise-free fitness - Fopt | measured fitness | best measured fitness | x1 | x2...
1 +1.979225767e+07 +1.979225767e+07 +1.979207617e+07 +1.979207617e+07 -9.0021e-01 -4.8718e+00 -9.7666e-01
2 +8.335018025e+06 +8.335018025e+06 +8.334836525e+06 +8.334836525e+06 -4.4425e+00 -3.3096e+00 +4.8248e+00
3 +3.810692726e+06 +3.810692726e+06 +3.810511226e+06 +3.810511226e+06 -2.8862e+00 -1.5197e+00 +1.8326e-01
14 +2.735379752e+05 +2.735379752e+05 +2.733564752e+05 +2.733564752e+05 -3.6189e+00 -2.1951e-01 -3.3683e+00
17 +1.283723438e+03 +1.283723438e+03 +1.102223438e+03 +1.102223438e+03 -8.0473e-01 +6.1187e+00 -1.8652e+00
36 +9.583515015e+02 +9.583515015e+02 +7.768515015e+02 +7.768515015e+02 -3.4688e+00 +3.6567e-01 -1.6017e+00
154 +3.398516210e+02 +3.398516210e+02 +1.583516210e+02 +1.583516210e+02 -1.9733e+00 +2.8498e+00 -2.4721e+00
162 +1.769468979e+02 +1.769468979e+02 -4.553102137e+00 -4.553102137e+00 -5.0634e+00 -3.0720e+00 -1.6010e+00
172 +1.108252952e+02 +1.108252952e+02 -7.067470484e+01 -7.067470484e+01 -8.0473e-01 +5.9968e+00 -1.8610e+00
226 +3.292480859e+01 +3.292480859e+01 -1.485751914e+02 -1.485751914e+02 -8.0473e-01 +5.9968e+00 -1.8784e+00
259 +1.170564258e+01 +1.170564258e+01 -1.697943574e+02 -1.697943574e+02 -1.8896e+00 +3.6815e+00 -1.8372e+00
392 +8.604211115e+00 +8.604211115e+00 -1.728957889e+02 -1.728957889e+02 -8.0724e-01 +5.4099e+00 -2.5090e+00
403 +3.699461153e+00 +3.699461153e+00 -1.778005388e+02 -1.778005388e+02 -1.2164e+00 +3.8938e+00 -3.1700e+00
442 +1.595680792e+00 +1.595680792e+00 -1.799043192e+02 -1.799043192e+02 -1.9232e+00 +2.5014e+00 -3.0092e+00
543 +1.570560444e+00 +1.570560444e+00 -1.799294396e+02 -1.799294396e+02 -1.5863e+00 +1.9571e+00 -4.3771e+00
548 +7.147242027e-01 +7.147242027e-01 -1.807852758e+02 -1.807852758e+02 -1.5353e+00 +3.3181e+00 -3.0439e+00
589 +1.989233672e-01 +1.989233672e-01 -1.813010766e+02 -1.813010766e+02 -1.2421e+00 +3.3048e+00 -3.7435e+00
647 +1.399617242e-01 +1.399617242e-01 -1.813600383e+02 -1.813600383e+02 -1.2437e+00 +3.2386e+00 -3.8102e+00
701 +7.544862862e-02 +7.544862862e-02 -1.814245514e+02 -1.814245514e+02 -1.4068e+00 +2.9773e+00 -3.7089e+00
773 +4.920531948e-02 +4.920531948e-02 -1.814507947e+02 -1.814507947e+02 -1.3481e+00 +2.9696e+00 -3.8538e+00
790 +2.186638955e-02 +2.186638955e-02 -1.814781336e+02 -1.814781336e+02 -1.2954e+00 +3.0085e+00 -3.9347e+00
802 +9.848222704e-03 +9.848222704e-03 -1.814901518e+02 -1.814901518e+02 -1.4316e+00 +2.8625e+00 -3.7727e+00
813 +3.430757081e-03 +3.430757081e-03 -1.814965692e+02 -1.814965692e+02 -1.3613e+00 +2.9405e+00 -3.8537e+00
950 +1.724088284e-04 +1.724088284e-04 -1.814998276e+02 -1.814998276e+02 -1.3723e+00 +2.9306e+00 -3.8383e+00
1213 +1.188389822e-04 +1.188389822e-04 -1.814998812e+02 -1.814998812e+02 -1.3712e+00 +2.9392e+00 -3.8318e+00
1226 +2.346007227e-05 +2.346007227e-05 -1.814999765e+02 -1.814999765e+02 -1.3773e+00 +2.9291e+00 -3.8283e+00
1323 +8.573397338e-06 +8.573397338e-06 -1.814999914e+02 -1.814999914e+02 -1.3777e+00 +2.9316e+00 -3.8249e+00
1365 +1.699834684e-06 +1.699834684e-06 -1.814999983e+02 -1.814999983e+02 -1.3774e+00 +2.9309e+00 -3.8262e+00
1472 +1.055851470e-06 +1.055851470e-06 -1.814999989e+02 -1.814999989e+02 -1.3772e+00 +2.9320e+00 -3.8254e+00
1534 +5.734638080e-07 +5.734638080e-07 -1.814999994e+02 -1.814999994e+02 -1.3771e+00 +2.9320e+00 -3.8257e+00
1571 +2.788582094e-07 +2.788582094e-07 -1.814999997e+02 -1.814999997e+02 -1.3767e+00 +2.9325e+00 -3.8262e+00
1576 +5.219604304e-08 +5.219604304e-08 -1.814999999e+02 -1.814999999e+02 -1.3767e+00 +2.9320e+00 -3.8266e+00
1641 +1.814504458e-08 +1.814504458e-08 -1.815000000e+02 -1.815000000e+02 -1.3768e+00 +2.9320e+00 -3.8263e+00
1699 +3.853472208e-09 +3.853472208e-09 -1.815000000e+02 -1.815000000e+02 -1.3768e+00 +2.9320e+00 -3.8264e+00
% function evaluation | noise-free fitness - Fopt (4.526200000000e+02) | best noise-free fitness - Fopt | measured fitness | best measured fitness | x1 | x2...
1 +2.349018697e+07 +2.349018697e+07 +2.349063959e+07 +2.349063959e+07 -1.0968e-01 -4.8378e+00 +3.8349e+00
3 +1.991390966e+06 +1.991390966e+06 +1.991843586e+06 +1.991843586e+06 +3.8067e+00 -2.2100e-02 +2.0702e+00
5 +3.619616693e+05 +3.619616693e+05 +3.624142893e+05 +3.624142893e+05 -4.3167e+00 -1.7452e-01 +4.5938e+00
14 +2.133407958e+05 +2.133407958e+05 +2.137934158e+05 +2.137934158e+05 +1.9446e+00 +1.4764e+00 +1.8120e+00
33 +1.221869547e+04 +1.221869547e+04 +1.267131547e+04 +1.267131547e+04 -9.3816e-01 -1.7452e-01 +4.5938e+00
41 +7.910876588e+02 +7.910876588e+02 +1.243707659e+03 +1.243707659e+03 +2.7403e+00 +1.5217e+00 -2.9169e-01
78 +3.626374628e+02 +3.626374628e+02 +8.152574628e+02 +8.152574628e+02 +9.0782e+00 +2.9455e+00 -5.3280e-02
204 +7.556151086e+01 +7.556151086e+01 +5.281815109e+02 +5.281815109e+02 +3.9912e+00 +1.6415e+00 +6.4248e-01
208 +4.281832166e+01 +4.281832166e+01 +4.954383217e+02 +4.954383217e+02 +2.4728e+00 +9.2115e-01 +3.1909e+00
347 +2.803529076e+01 +2.803529076e+01 +4.806552908e+02 +4.806552908e+02 +3.3068e+00 +1.0890e+00 +3.3907e+00
424 +1.184556852e+01 +1.184556852e+01 +4.644655685e+02 +4.644655685e+02 +6.8660e-01 +2.9681e-01 +4.6968e+00
514 +9.931100610e+00 +9.931100610e+00 +4.625511006e+02 +4.625511006e+02 -7.8131e-01 -9.9762e-02 +5.0829e+00
542 +5.865126722e+00 +5.865126722e+00 +4.584851267e+02 +4.584851267e+02 +1.0979e+00 +6.2880e-01 +3.0454e+00
557 +3.194865555e+00 +3.194865555e+00 +4.558148656e+02 +4.558148656e+02 +1.3859e-01 +2.7242e-01 +3.9770e+00
566 +1.537965643e+00 +1.537965643e+00 +4.541579656e+02 +4.541579656e+02 -1.1430e+00 -5.5995e-02 +4.1871e+00
734 +4.890772858e-01 +4.890772858e-01 +4.531090773e+02 +4.531090773e+02 -1.4518e+00 -5.5079e-02 +3.6846e+00
766 +2.816569607e-01 +2.816569607e-01 +4.529016570e+02 +4.529016570e+02 -7.6575e-01 +2.2800e-01 +2.8282e+00
792 +7.146770703e-02 +7.146770703e-02 +4.526914677e+02 +4.526914677e+02 -1.1284e+00 +1.2825e-01 +2.9330e+00
912 +5.204644140e-02 +5.204644140e-02 +4.526720464e+02 +4.526720464e+02 -1.1754e+00 +1.2970e-01 +2.8492e+00
931 +3.261605348e-02 +3.261605348e-02 +4.526526161e+02 +4.526526161e+02 -1.1580e+00 +1.1688e-01 +2.9646e+00
986 +1.683759180e-02 +1.683759180e-02 +4.526368376e+02 +4.526368376e+02 -1.1008e+00 +1.1692e-01 +3.0565e+00
991 +1.186590191e-02 +1.186590191e-02 +4.526318659e+02 +4.526318659e+02 -1.1371e+00 +1.0287e-01 +3.0966e+00
1051 +8.374217466e-04 +8.374217466e-04 +4.526208374e+02 +4.526208374e+02 -1.1982e+00 +9.2202e-02 +3.0714e+00
1202 +5.462471746e-04 +5.462471746e-04 +4.526205462e+02 +4.526205462e+02 -1.1843e+00 +9.7176e-02 +3.0597e+00
1303 +1.540700027e-04 +1.540700027e-04 +4.526201541e+02 +4.526201541e+02 -1.1920e+00 +9.5068e-02 +3.0617e+00
1446 +6.540441603e-05 +6.540441603e-05 +4.526200654e+02 +4.526200654e+02 -1.1913e+00 +9.2438e-02 +3.0811e+00
1476 +1.727544407e-05 +1.727544407e-05 +4.526200173e+02 +4.526200173e+02 -1.1977e+00 +9.2015e-02 +3.0736e+00
1557 +9.426964368e-06 +9.426964368e-06 +4.526200094e+02 +4.526200094e+02 -1.1949e+00 +9.3135e-02 +3.0706e+00
1611 +1.562791738e-06 +1.562791738e-06 +4.526200016e+02 +4.526200016e+02 -1.1951e+00 +9.2496e-02 +3.0746e+00
1711 +1.601105168e-07 +1.601105168e-07 +4.526200002e+02 +4.526200002e+02 -1.1947e+00 +9.2747e-02 +3.0735e+00
1789 +1.046450393e-07 +1.046450393e-07 +4.526200001e+02 +4.526200001e+02 -1.1946e+00 +9.2738e-02 +3.0738e+00
1821 +7.848080941e-08 +7.848080941e-08 +4.526200001e+02 +4.526200001e+02 -1.1946e+00 +9.2724e-02 +3.0738e+00
1844 +2.573688107e-08 +2.573688107e-08 +4.526200000e+02 +4.526200000e+02 -1.1944e+00 +9.2827e-02 +3.0735e+00
1928 +2.263573151e-08 +2.263573151e-08 +4.526200000e+02 +4.526200000e+02 -1.1945e+00 +9.2787e-02 +3.0735e+00
1998 +4.290427569e-09 +4.290427569e-09 +4.526200000e+02 +4.526200000e+02 -1.1944e+00 +9.2813e-02 +3.0736e+00
% function evaluation | noise-free fitness - Fopt (-1.184600000000e+02) | best noise-free fitness - Fopt | measured fitness | best measured fitness | x1 | x2...
1 +1.388961161e+07 +1.388961161e+07 +1.388949315e+07 +1.388949315e+07 +3.3839e+00 -1.0691e+00 -4.7094e+00
3 +4.611220624e+05 +4.611220624e+05 +4.610036024e+05 +4.610036024e+05 +1.3379e+00 -2.5754e+00 +2.8585e+00
4 +2.287801621e+05 +2.287801621e+05 +2.286617021e+05 +2.286617021e+05 +2.4918e+00 -3.9266e+00 +3.6094e+00
26 +1.410768497e+05 +1.410768497e+05 +1.409583897e+05 +1.409583897e+05 +3.3839e+00 -1.0691e+00 +1.6940e+00
35 +5.066159888e+04 +5.066159888e+04 +5.054313888e+04 +5.054313888e+04 +1.7673e+00 +4.9323e-01 -8.2916e-01
41 +3.443452764e+04 +3.443452764e+04 +3.431606764e+04 +3.431606764e+04 +2.0838e+00 -8.9447e-01 +1.0102e+00
51 +1.268871344e+04 +1.268871344e+04 +1.257025344e+04 +1.257025344e+04 +3.8400e+00 -2.3519e+00 +4.5525e+00
54 +3.035224359e+02 +3.035224359e+02 +1.850624359e+02 +1.850624359e+02 +6.5381e-01 -3.9179e+00 +2.3124e+00
93 +9.825328184e+01 +9.825328184e+01 -2.020671816e+01 -2.020671816e+01 -1.8007e+00 -4.1252e+00 -3.0005e-01
189 +3.876214355e+01 +3.876214355e+01 -7.969785645e+01 -7.969785645e+01 +1.9803e+00 +6.6313e-01 -1.2002e+00
196 +1.658259130e+01 +1.658259130e+01 -1.018774087e+02 -1.018774087e+02 -1.6859e+00 -3.4366e+00 -9.4281e-01
301 +1.404706714e+01 +1.404706714e+01 -1.044129329e+02 -1.044129329e+02 -1.4307e+00 -3.1705e+00 -9.3890e-01
319 +6.830390200e+00 +6.830390200e+00 -1.116296098e+02 -1.116296098e+02 -2.8603e+00 -1.9160e+00 -4.0299e+00
336 +4.312860521e+00 +4.312860521e+00 -1.141471395e+02 -1.141471395e+02 -3.2107e+00 -2.2231e+00 -4.0972e+00
472 +2.495192848e+00 +2.495192848e+00 -1.159648072e+02 -1.159648072e+02 -2.8522e+00 -3.8734e+00 -1.8345e+00
547 +8.054624771e-01 +8.054624771e-01 -1.176545375e+02 -1.176545375e+02 -3.3675e+00 -3.7868e+00 -2.5408e+00
631 +2.505040303e-01 +2.505040303e-01 -1.182094960e+02 -1.182094960e+02 -3.0160e+00 -3.3757e+00 -2.5851e+00
712 +1.106693869e-01 +1.106693869e-01 -1.183493306e+02 -1.183493306e+02 -2.4836e+00 -3.0206e+00 -2.3523e+00
781 +4.966568316e-02 +4.966568316e-02 -1.184103343e+02 -1.184103343e+02 -2.7265e+00 -3.0824e+00 -2.5701e+00
936 +3.414164660e-04 +3.414164660e-04 -1.184596586e+02 -1.184596586e+02 -2.6521e+00 -3.1718e+00 -2.3829e+00
1255 +1.901404864e-04 +1.901404864e-04 -1.184598099e+02 -1.184598099e+02 -2.6453e+00 -3.1579e+00 -2.3904e+00
1266 +1.227849860e-04 +1.227849860e-04 -1.184598772e+02 -1.184598772e+02 -2.6607e+00 -3.1715e+00 -2.3934e+00
1377 +4.176507524e-05 +4.176507524e-05 -1.184599582e+02 -1.184599582e+02 -2.6570e+00 -3.1699e+00 -2.3907e+00
1414 +1.318694697e-05 +1.318694697e-05 -1.184599868e+02 -1.184599868e+02 -2.6523e+00 -3.1686e+00 -2.3866e+00
1471 +5.921987878e-07 +5.921987878e-07 -1.184599994e+02 -1.184599994e+02 -2.6521e+00 -3.1666e+00 -2.3886e+00
1656 +1.016174735e-07 +1.016174735e-07 -1.184599999e+02 -1.184599999e+02 -2.6519e+00 -3.1662e+00 -2.3889e+00
1763 +1.751243417e-08 +1.751243417e-08 -1.184600000e+02 -1.184600000e+02 -2.6519e+00 -3.1663e+00 -2.3888e+00
1822 +7.978371741e-09 +7.978371741e-09 -1.184600000e+02 -1.184600000e+02 -2.6519e+00 -3.1663e+00 -2.3888e+00
% function evaluation | noise-free fitness - Fopt (9.973000000000e+01) | best noise-free fitness - Fopt | measured fitness | best measured fitness | x1 | x2...
1 +3.376831421e+06 +3.376831421e+06 +3.376931151e+06 +3.376931151e+06 -4.2620e+00 -4.8073e+00 +1.8466e+00
3 +8.115732813e+05 +8.115732813e+05 +8.116730113e+05 +8.116730113e+05 -2.5238e+00 +2.3966e+00 -2.5554e+00
6 +1.876670753e+04 +1.876670753e+04 +1.886643753e+04 +1.886643753e+04 -3.0080e+00 -1.2737e+00 -2.0466e+00
47 +1.081299774e+04 +1.081299774e+04 +1.091272774e+04 +1.091272774e+04 -2.3606e+00 -2.9876e+00 -7.5367e+00
61 +7.988269401e+02 +7.988269401e+02 +8.985569401e+02 +8.985569401e+02 -2.3606e+00 -2.9876e+00 -6.1840e+00
88 +1.773640448e+02 +1.773640448e+02 +2.770940448e+02 +2.770940448e+02 -1.0480e+00 -1.0310e+01 -6.3793e+00
139 +7.779142218e+01 +7.779142218e+01 +1.775214222e+02 +1.775214222e+02 -2.1981e+00 -4.0374e+00 -5.4861e+00
299 +5.969971081e+01 +5.969971081e+01 +1.594297108e+02 +1.594297108e+02 -1.8817e+00 -5.8231e+00 -5.4056e+00
303 +2.719111044e+01 +2.719111044e+01 +1.269211104e+02 +1.269211104e+02 -2.4032e+00 -2.8188e+00 -5.5066e+00
386 +1.469575184e+01 +1.469575184e+01 +1.144257518e+02 +1.144257518e+02 -2.8637e+00 -4.6520e-01 -4.6712e+00
449 +7.876302715e+00 +7.876302715e+00 +1.076063027e+02 +1.076063027e+02 -3.0289e+00 +3.3206e-01 -4.2063e+00
502 +5.689777453e+00 +5.689777453e+00 +1.054197775e+02 +1.054197775e+02 -2.9459e+00 -2.5677e-01 -3.8396e+00
578 +3.196305645e+00 +3.196305645e+00 +1.029263056e+02 +1.029263056e+02 -3.4457e+00 +2.2389e+00 -2.7375e+00
611 +2.491966217e+00 +2.491966217e+00 +1.022219662e+02 +1.022219662e+02 -3.3065e+00 +1.5988e+00 -3.2148e+00
777 +1.052085335e+00 +1.052085335e+00 +1.007820853e+02 +1.007820853e+02 -3.3108e+00 +1.3596e+00 -2.4289e+00
803 +5.292550862e-01 +5.292550862e-01 +1.002592551e+02 +1.002592551e+02 -3.1440e+00 +4.0317e-01 -2.4372e+00
813 +2.696812634e-01 +2.696812634e-01 +9.999968126e+01 +9.999968126e+01 -3.1796e+00 +4.3911e-01 -1.9358e+00
853 +2.325558218e-01 +2.325558218e-01 +9.996255582e+01 +9.996255582e+01 -3.1555e+00 +3.4888e-01 -2.0848e+00
921 +9.346330590e-02 +9.346330590e-02 +9.982346331e+01 +9.982346331e+01 -3.1823e+00 +4.4518e-01 -1.9159e+00
967 +2.484438858e-02 +2.484438858e-02 +9.975484439e+01 +9.975484439e+01 -3.2486e+00 +7.5826e-01 -1.7174e+00
1047 +6.059134304e-03 +6.059134304e-03 +9.973605913e+01 +9.973605913e+01 -3.2398e+00 +6.9821e-01 -1.6880e+00
1120 +2.159299270e-03 +2.159299270e-03 +9.973215930e+01 +9.973215930e+01 -3.2295e+00 +6.7590e-01 -1.7947e+00
1144 +4.705452828e-04 +4.705452828e-04 +9.973047055e+01 +9.973047055e+01 -3.2370e+00 +7.1227e-01 -1.7756e+00
1352 +1.423659434e-04 +1.423659434e-04 +9.973014237e+01 +9.973014237e+01 -3.2354e+00 +7.0052e-01 -1.7691e+00
1417 +5.688125540e-05 +5.688125540e-05 +9.973005688e+01 +9.973005688e+01 -3.2362e+00 +7.0346e-01 -1.7637e+00
1430 +2.854557324e-05 +2.854557324e-05 +9.973002855e+01 +9.973002855e+01 -3.2359e+00 +6.9988e-01 -1.7587e+00
1471 +1.207838108e-05 +1.207838108e-05 +9.973001208e+01 +9.973001208e+01 -3.2357e+00 +6.9988e-01 -1.7622e+00
1478 +2.812385333e-06 +2.812385333e-06 +9.973000281e+01 +9.973000281e+01 -3.2350e+00 +6.9536e-01 -1.7607e+00
1639 +2.383423663e-06 +2.383423663e-06 +9.973000238e+01 +9.973000238e+01 -3.2354e+00 +6.9817e-01 -1.7617e+00
1658 +5.093178714e-07 +5.093178714e-07 +9.973000051e+01 +9.973000051e+01 -3.2352e+00 +6.9698e-01 -1.7614e+00
1694 +1.759621568e-07 +1.759621568e-07 +9.973000018e+01 +9.973000018e+01 -3.2352e+00 +6.9667e-01 -1.7609e+00
1730 +1.303667290e-07 +1.303667290e-07 +9.973000013e+01 +9.973000013e+01 -3.2352e+00 +6.9700e-01 -1.7611e+00
1773 +9.687725822e-08 +9.687725822e-08 +9.973000010e+01 +9.973000010e+01 -3.2353e+00 +6.9704e-01 -1.7606e+00
1788 +2.654910247e-08 +2.654910247e-08 +9.973000003e+01 +9.973000003e+01 -3.2352e+00 +6.9690e-01 -1.7607e+00
1834 +8.898112469e-09 +8.898112469e-09 +9.973000001e+01 +9.973000001e+01 -3.2352e+00 +6.9686e-01 -1.7607e+00
% function evaluation | noise-free fitness - Fopt (4.044000000000e+01) | best noise-free fitness - Fopt | measured fitness | best measured fitness | x1 | x2...
1 +7.959002581e+06 +7.959002581e+06 +7.959043021e+06 +7.959043021e+06 -2.3427e+00 +4.2282e-01 -1.2444e+00
3 +8.575124548e+05 +8.575124548e+05 +8.575528948e+05 +8.575528948e+05 +1.6408e+00 -3.0103e+00 -4.9573e+00
5 +4.347445932e+05 +4.347445932e+05 +4.347850332e+05 +4.347850332e+05 +3.8074e+00 +8.3548e-01 +3.4775e+00
12 +3.005564653e+05 +3.005564653e+05 +3.005969053e+05 +3.005969053e+05 +2.2120e+00 -7.2754e-01 +5.1697e-02
26 +3.027168625e+04 +3.027168625e+04 +3.031212625e+04 +3.031212625e+04 +1.5356e+00 +4.0874e+00 +8.1727e-01
33 +1.370479212e+04 +1.370479212e+04 +1.374523212e+04 +1.374523212e+04 +3.8074e+00 +3.7274e+00 +3.8046e+00
49 +1.789831011e+03 +1.789831011e+03 +1.830271011e+03 +1.830271011e+03 +2.1860e+00 +3.7475e+00 +1.8758e+00
69 +2.766258782e+01 +2.766258782e+01 +6.810258782e+01 +6.810258782e+01 +2.5826e+00 -1.9183e+00 -1.2436e+00
256 +2.340295985e+01 +2.340295985e+01 +6.384295985e+01 +6.384295985e+01 +2.7541e+00 -1.5477e+00 -7.7605e-01
339 +1.406512108e+01 +1.406512108e+01 +5.450512108e+01 +5.450512108e+01 +3.3151e+00 +4.4462e-01 +1.2494e+00
530 +6.178169297e+00 +6.178169297e+00 +4.661816930e+01 +4.661816930e+01 +2.9584e+00 +1.4452e+00 +1.4044e+00
566 +3.396943348e+00 +3.396943348e+00 +4.383694335e+01 +4.383694335e+01 +2.8529e+00 +2.8556e+00 +2.1484e+00
661 +2.403738911e+00 +2.403738911e+00 +4.284373891e+01 +4.284373891e+01 +2.8914e+00 +2.9104e+00 +2.2366e+00
736 +1.153676621e+00 +1.153676621e+00 +4.159367662e+01 +4.159367662e+01 +2.8037e+00 +2.1867e+00 +1.6588e+00
896 +9.829527922e-01 +9.829527922e-01 +4.142295279e+01 +4.142295279e+01 +2.7321e+00 +2.6502e+00 +1.8555e+00
924 +5.049638795e-01 +5.049638795e-01 +4.094496388e+01 +4.094496388e+01 +2.4786e+00 +2.7537e+00 +1.5748e+00
949 +2.077557303e-01 +2.077557303e-01 +4.064775573e+01 +4.064775573e+01 +2.3492e+00 +2.8684e+00 +1.4705e+00
1026 +1.278402485e-01 +1.278402485e-01 +4.056784025e+01 +4.056784025e+01 +2.2928e+00 +2.8546e+00 +1.3847e+00
1101 +5.555999039e-02 +5.555999039e-02 +4.049555999e+01 +4.049555999e+01 +2.2312e+00 +2.7690e+00 +1.2463e+00
1130 +2.868766289e-02 +2.868766289e-02 +4.046868766e+01 +4.046868766e+01 +2.0543e+00 +2.7235e+00 +9.7560e-01
1143 +2.345616422e-02 +2.345616422e-02 +4.046345616e+01 +4.046345616e+01 +2.1216e+00 +2.9071e+00 +1.1841e+00
1151 +7.692450588e-03 +7.692450588e-03 +4.044769245e+01 +4.044769245e+01 +2.1054e+00 +2.8754e+00 +1.1418e+00
1189 +4.554123798e-03 +4.554123798e-03 +4.044455412e+01 +4.044455412e+01 +2.1360e+00 +2.8012e+00 +1.1365e+00
1248 +2.484318803e-03 +2.484318803e-03 +4.044248432e+01 +4.044248432e+01 +2.0868e+00 +2.8488e+00 +1.0994e+00
1324 +6.751937173e-04 +6.751937173e-04 +4.044067519e+01 +4.044067519e+01 +2.0759e+00 +2.8261e+00 +1.0702e+00
1366 +4.930600591e-04 +4.930600591e-04 +4.044049306e+01 +4.044049306e+01 +2.0908e+00 +2.8292e+00 +1.0926e+00
1499 +7.278090484e-05 +7.278090484e-05 +4.044007278e+01 +4.044007278e+01 +2.0961e+00 +2.8080e+00 +1.0864e+00
1622 +4.498075813e-05 +4.498075813e-05 +4.044004498e+01 +4.044004498e+01 +2.0941e+00 +2.8109e+00 +1.0854e+00
1662 +3.603816839e-05 +3.603816839e-05 +4.044003604e+01 +4.044003604e+01 +2.0928e+00 +2.8178e+00 +1.0880e+00
1665 +9.452907513e-06 +9.452907513e-06 +4.044000945e+01 +4.044000945e+01 +2.0907e+00 +2.8149e+00 +1.0833e+00
1790 +5.035552235e-06 +5.035552235e-06 +4.044000504e+01 +4.044000504e+01 +2.0917e+00 +2.8129e+00 +1.0834e+00
1811 +2.588159610e-06 +2.588159610e-06 +4.044000259e+01 +4.044000259e+01 +2.0927e+00 +2.8132e+00 +1.0850e+00
1848 +2.373799326e-06 +2.373799326e-06 +4.044000237e+01 +4.044000237e+01 +2.0910e+00 +2.8148e+00 +1.0837e+00
1930 +6.272530371e-07 +6.272530371e-07 +4.044000063e+01 +4.044000063e+01 +2.0918e+00 +2.8150e+00 +1.0849e+00
2032 +1.593213312e-07 +1.593213312e-07 +4.044000016e+01 +4.044000016e+01 +2.0919e+00 +2.8148e+00 +1.0849e+00
2147 +7.289703063e-08 +7.289703063e-08 +4.044000007e+01 +4.044000007e+01 +2.0920e+00 +2.8142e+00 +1.0847e+00
2150 +4.776325113e-08 +4.776325113e-08 +4.044000005e+01 +4.044000005e+01 +2.0919e+00 +2.8143e+00 +1.0846e+00
2187 +2.030947144e-08 +2.030947144e-08 +4.044000002e+01 +4.044000002e+01 +2.0919e+00 +2.8144e+00 +1.0847e+00
2271 +1.584201925e-08 +1.584201925e-08 +4.044000002e+01 +4.044000002e+01 +2.0920e+00 +2.8145e+00 +1.0848e+00
2279 +7.819984660e-09 +7.819984660e-09 +4.044000001e+01 +4.044000001e+01 +2.0920e+00 +2.8145e+00 +1.0848e+00
% function evaluation | noise-free fitness - Fopt (-1.216000000000e+02) | best noise-free fitness - Fopt | measured fitness | best measured fitness | x1 | x2...
1 +1.651542520e+05 +1.651542520e+05 +1.650326520e+05 +1.650326520e+05 -2.0613e-01 -2.7754e+00 +1.4088e-01
4 +1.211055177e+05 +1.211055177e+05 +1.209839177e+05 +1.209839177e+05 +1.3333e+00 -3.2651e+00 -3.3314e-01
32 +9.704695295e+04 +9.704695295e+04 +9.692535295e+04 +9.692535295e+04 -9.8850e-01 -1.5779e+00 -4.8318e-01
47 +5.606180997e+04 +5.606180997e+04 +5.594020997e+04 +5.594020997e+04 +3.1690e+00 -6.6598e+00 +5.2252e-01
49 +2.694222346e+04 +2.694222346e+04 +2.682062346e+04 +2.682062346e+04 -4.4270e+00 -8.4350e-01 +4.4902e-02
57 +1.243676933e+02 +1.243676933e+02 +2.767693349e+00 +2.767693349e+00 -1.3853e+00 -7.0499e+00 +3.3958e+00
155 +6.286509879e+01 +6.286509879e+01 -5.873490121e+01 -5.873490121e+01 -5.3846e-02 +8.3314e-01 -3.1810e+00
192 +3.626388029e+01 +3.626388029e+01 -8.533611971e+01 -8.533611971e+01 -1.2698e+00 +2.7638e-01 -2.1545e+00
280 +2.359517955e+01 +2.359517955e+01 -9.800482045e+01 -9.800482045e+01 -1.1156e+00 +6.7404e-01 -2.5186e+00
299 +1.549283572e+01 +1.549283572e+01 -1.061071643e+02 -1.061071643e+02 -7.2948e-01 -3.1055e+00 +1.2367e-01
392 +7.219722984e+00 +7.219722984e+00 -1.143802770e+02 -1.143802770e+02 -1.2497e+00 -8.2790e-01 -1.3270e+00
512 +6.222571277e+00 +6.222571277e+00 -1.153774287e+02 -1.153774287e+02 -1.0905e+00 -2.0433e+00 -4.9653e-01
587 +3.536427846e+00 +3.536427846e+00 -1.180635722e+02 -1.180635722e+02 -1.7421e+00 -9.0080e-01 -1.0288e+00
628 +2.473028468e+00 +2.473028468e+00 -1.191269715e+02 -1.191269715e+02 -1.9494e+00 -2.0391e+00 -7.0399e-02
676 +1.032658008e+00 +1.032658008e+00 -1.205673420e+02 -1.205673420e+02 -2.7941e+00 -1.7954e+00 +1.6836e-01
711 +4.088992627e-01 +4.088992627e-01 -1.211911007e+02 -1.211911007e+02 -2.7788e+00 -1.0274e+00 -4.1578e-01
834 +7.969622086e-02 +7.969622086e-02 -1.215203038e+02 -1.215203038e+02 -3.3182e+00 -9.0792e-01 -2.3682e-01
956 +3.097533871e-02 +3.097533871e-02 -1.215690247e+02 -1.215690247e+02 -3.3389e+00 -1.1659e+00 -3.2969e-02
977 +2.328983334e-02 +2.328983334e-02 -1.215767102e+02 -1.215767102e+02 -3.1566e+00 -1.2301e+00 -7.5521e-02
1081 +1.399223973e-02 +1.399223973e-02 -1.215860078e+02 -1.215860078e+02 -3.3180e+00 -1.0807e+00 -1.0708e-01
1092 +6.368395175e-03 +6.368395175e-03 -1.215936316e+02 -1.215936316e+02 -3.2771e+00 -1.1471e+00 -7.7672e-02
1129 +3.328954302e-03 +3.328954302e-03 -1.215966710e+02 -1.215966710e+02 -3.1997e+00 -1.1721e+00 -9.7621e-02
1165 +2.314519024e-04 +2.314519024e-04 -1.215997685e+02 -1.215997685e+02 -3.2370e+00 -1.1320e+00 -1.0911e-01
1355 +7.650331497e-06 +7.650331497e-06 -1.215999923e+02 -1.215999923e+02 -3.2277e+00 -1.1338e+00 -1.1236e-01
1439 +2.297725587e-06 +2.297725587e-06 -1.215999977e+02 -1.215999977e+02 -3.2287e+00 -1.1325e+00 -1.1286e-01
1535 +9.759193631e-07 +9.759193631e-07 -1.215999990e+02 -1.215999990e+02 -3.2304e+00 -1.1314e+00 -1.1284e-01
1590 +1.075811440e-07 +1.075811440e-07 -1.215999999e+02 -1.215999999e+02 -3.2294e+00 -1.1322e+00 -1.1273e-01
1743 +9.001628598e-08 +9.001628598e-08 -1.215999999e+02 -1.215999999e+02 -3.2298e+00 -1.1319e+00 -1.1282e-01
1756 +6.269600306e-08 +6.269600306e-08 -1.215999999e+02 -1.215999999e+02 -3.2294e+00 -1.1322e+00 -1.1278e-01
1771 +3.397364878e-08 +3.397364878e-08 -1.216000000e+02 -1.216000000e+02 -3.2298e+00 -1.1319e+00 -1.1280e-01
1804 +2.322579462e-08 +2.322579462e-08 -1.216000000e+02 -1.216000000e+02 -3.2295e+00 -1.1321e+00 -1.1276e-01
1862 +1.303915553e-08 +1.303915553e-08 -1.216000000e+02 -1.216000000e+02 -3.2295e+00 -1.1320e+00 -1.1285e-01
1867 +6.246523299e-09 +6.246523299e-09 -1.216000000e+02 -1.216000000e+02 -3.2296e+00 -1.1321e+00 -1.1276e-01
% function evaluation | noise-free fitness - Fopt (-3.811000000000e+01) | best noise-free fitness - Fopt | measured fitness | best measured fitness | x1 | x2...
1 +1.165658789e+07 +1.165658789e+07 +1.165654978e+07 +1.165654978e+07 +4.3503e+00 -3.7213e+00 +3.1672e+00
2 +1.789700194e+06 +1.789700194e+06 +1.789662084e+06 +1.789662084e+06 +8.1186e-01 -3.5759e+00 +1.1861e+00
3 +3.561947100e+05 +3.561947100e+05 +3.561566000e+05 +3.561566000e+05 -1.1804e+00 -3.2072e+00 +4.9140e+00
4 +3.076871408e+04 +3.076871408e+04 +3.073060408e+04 +3.073060408e+04 -1.2465e+00 -2.9464e+00 +1.0354e+00
19 +2.572880135e+03 +2.572880135e+03 +2.534770135e+03 +2.534770135e+03 -2.1725e+00 -2.2037e+00 +5.6300e-01
65 +4.207072957e+01 +4.207072957e+01 +3.960729568e+00 +3.960729568e+00 -1.0442e+00 -3.1455e+00 +2.2574e+00
301 +3.486907816e+01 +3.486907816e+01 -3.240921839e+00 -3.240921839e+00 -3.2691e-01 -3.4008e+00 +4.5461e+00
303 +2.060653630e+01 +2.060653630e+01 -1.750346370e+01 -1.750346370e+01 -7.7716e-01 -3.3199e+00 +2.7390e+00
322 +3.120508981e+00 +3.120508981e+00 -3.498949102e+01 -3.498949102e+01 -1.6482e+00 -3.3470e+00 -1.5037e+00
454 +1.511094903e+00 +1.511094903e+00 -3.659890510e+01 -3.659890510e+01 -1.9752e+00 -2.8775e+00 -1.0670e+00
611 +7.481028223e-01 +7.481028223e-01 -3.736189718e+01 -3.736189718e+01 -2.0636e+00 -2.6719e+00 -6.0528e-01
699 +1.692913711e-01 +1.692913711e-01 -3.794070863e+01 -3.794070863e+01 -2.4113e+00 -2.5137e+00 -1.5791e+00
796 +1.527669262e-01 +1.527669262e-01 -3.795723307e+01 -3.795723307e+01 -2.5269e+00 -2.2217e+00 -8.8247e-01
812 +7.424297767e-02 +7.424297767e-02 -3.803575702e+01 -3.803575702e+01 -2.5882e+00 -2.2213e+00 -1.1726e+00
828 +1.462785843e-02 +1.462785843e-02 -3.809537214e+01 -3.809537214e+01 -2.3891e+00 -2.4219e+00 -1.0821e+00
1002 +7.398114703e-03 +7.398114703e-03 -3.810260189e+01 -3.810260189e+01 -2.4150e+00 -2.4033e+00 -1.1256e+00
1081 +4.128423822e-03 +4.128423822e-03 -3.810587158e+01 -3.810587158e+01 -2.4382e+00 -2.3945e+00 -1.1989e+00
1113 +7.270591170e-04 +7.270591170e-04 -3.810927294e+01 -3.810927294e+01 -2.4231e+00 -2.4141e+00 -1.2107e+00
1267 +4.521786800e-04 +4.521786800e-04 -3.810954782e+01 -3.810954782e+01 -2.4257e+00 -2.4118e+00 -1.2130e+00
1290 +1.914901374e-04 +1.914901374e-04 -3.810980851e+01 -3.810980851e+01 -2.4220e+00 -2.4121e+00 -1.1965e+00
1307 +8.367671290e-05 +8.367671290e-05 -3.810991632e+01 -3.810991632e+01 -2.4259e+00 -2.4085e+00 -1.1998e+00
1382 +3.221636323e-05 +3.221636323e-05 -3.810996778e+01 -3.810996778e+01 -2.4220e+00 -2.4114e+00 -1.1934e+00
1424 +2.095335014e-05 +2.095335014e-05 -3.810997905e+01 -3.810997905e+01 -2.4266e+00 -2.4066e+00 -1.1951e+00
1505 +1.502226152e-05 +1.502226152e-05 -3.810998498e+01 -3.810998498e+01 -2.4231e+00 -2.4096e+00 -1.1914e+00
1565 +5.828018978e-06 +5.828018978e-06 -3.810999417e+01 -3.810999417e+01 -2.4239e+00 -2.4089e+00 -1.1923e+00
1596 +2.894795422e-06 +2.894795422e-06 -3.810999711e+01 -3.810999711e+01 -2.4266e+00 -2.4061e+00 -1.1930e+00
1622 +8.211942841e-07 +8.211942841e-07 -3.810999918e+01 -3.810999918e+01 -2.4262e+00 -2.4066e+00 -1.1931e+00
1676 +5.290703555e-07 +5.290703555e-07 -3.810999947e+01 -3.810999947e+01 -2.4257e+00 -2.4073e+00 -1.1935e+00
1786 +1.651568482e-07 +1.651568482e-07 -3.810999983e+01 -3.810999983e+01 -2.4256e+00 -2.4071e+00 -1.1924e+00
1811 +1.144098718e-07 +1.144098718e-07 -3.810999989e+01 -3.810999989e+01 -2.4255e+00 -2.4073e+00 -1.1930e+00
1875 +9.202393869e-08 +9.202393869e-08 -3.810999991e+01 -3.810999991e+01 -2.4256e+00 -2.4073e+00 -1.1931e+00
1890 +5.931251934e-08 +5.931251934e-08 -3.810999994e+01 -3.810999994e+01 -2.4257e+00 -2.4070e+00 -1.1927e+00
1959 +3.559232908e-08 +3.559232908e-08 -3.810999996e+01 -3.810999996e+01 -2.4257e+00 -2.4071e+00 -1.1927e+00
1961 +4.100385809e-09 +4.100385809e-09 -3.811000000e+01 -3.811000000e+01 -2.4256e+00 -2.4072e+00 -1.1927e+00
