% function evaluation | noise-free fitness - Fopt (7.948000000000e+01) | best noise-free fitness - Fopt | measured fitness | best measured fitness | x1 | x2...
1 +4.207663503e+00 +4.207663503e+00 +8.368766350e+01 +8.368766350e+01 -1.1643e+00 -1.5205e+00 -2.1618e+00
16 +3.166329260e+00 +3.166329260e+00 +8.264632926e+01 +8.264632926e+01 -1.0309e+00 -1.0349e+00 +5.0217e-01
27 +1.879621181e+00 +1.879621181e+00 +8.135962118e+01 +8.135962118e+01 -9.6597e-01 -1.5882e+00 -1.1802e+00
78 +1.390995653e+00 +1.390995653e+00 +8.087099565e+01 +8.087099565e+01 -6.8746e-01 -5.2019e-01 -1.0428e+00
166 +3.391266530e-01 +3.391266530e-01 +7.981912665e+01 +7.981912665e+01 -1.4207e-01 -7.4620e-01 -8.4488e-01
235 +1.959317903e-01 +1.959317903e-01 +7.967593179e+01 +7.967593179e+01 +5.1028e-01 -1.1725e+00 -1.0837e+00
284 +6.147918025e-02 +6.147918025e-02 +7.954147918e+01 +7.954147918e+01 +8.7603e-02 -1.3414e+00 -7.1334e-01
448 +2.184350615e-02 +2.184350615e-02 +7.950184351e+01 +7.950184351e+01 +1.2726e-01 -1.2348e+00 -7.2563e-01
617 +3.689194994e-03 +3.689194994e-03 +7.948368919e+01 +7.948368919e+01 +2.8186e-01 -1.1939e+00 -7.6234e-01
1166 +6.468932295e-04 +6.468932295e-04 +7.948064689e+01 +7.948064689e+01 +2.2759e-01 -1.1580e+00 -7.2084e-01
1652 +6.068109854e-04 +6.068109854e-04 +7.948060681e+01 +7.948060681e+01 +2.5353e-01 -1.1592e+00 -6.9950e-01
1772 +3.591472646e-04 +3.591472646e-04 +7.948035915e+01 +7.948035915e+01 +2.5023e-01 -1.1565e+00 -7.0523e-01
1829 +1.357079227e-04 +1.357079227e-04 +7.948013571e+01 +7.948013571e+01 +2.4607e-01 -1.1557e+00 -7.3344e-01
2078 +6.332295465e-05 +6.332295465e-05 +7.948006332e+01 +7.948006332e+01 +2.5593e-01 -1.1639e+00 -7.2211e-01
2217 +6.616982532e-06 +6.616982532e-06 +7.948000662e+01 +7.948000662e+01 +2.5503e-01 -1.1571e+00 -7.2276e-01
2497 +3.122269192e-06 +3.122269192e-06 +7.948000312e+01 +7.948000312e+01 +2.5251e-01 -1.1570e+00 -7.2227e-01
2893 +1.402339933e-06 +1.402339933e-06 +7.948000140e+01 +7.948000140e+01 +2.5288e-01 -1.1568e+00 -7.2282e-01
3293 +4.052890006e-07 +4.052890006e-07 +7.948000041e+01 +7.948000041e+01 +2.5288e-01 -1.1565e+00 -7.2456e-01
3373 +1.597718011e-07 +1.597718011e-07 +7.948000016e+01 +7.948000016e+01 +2.5288e-01 -1.1564e+00 -7.2388e-01
3413 +4.136620646e-08 +4.136620646e-08 +7.948000004e+01 +7.948000004e+01 +2.5288e-01 -1.1568e+00 -7.2418e-01
3493 +2.905353824e-08 +2.905353824e-08 +7.948000003e+01 +7.948000003e+01 +2.5288e-01 -1.1568e+00 -7.2415e-01
3853 +7.687759762e-09 +7.687759762e-09 +7.948000001e+01 +7.948000001e+01 +2.5288e-01 -1.1568e+00 -7.2402e-01
5053 +5.757016197e-09 +5.757016197e-09 +7.948000001e+01 +7.948000001e+01 +2.5284e-01 -1.1568e+00 -7.2406e-01
5173 +9.148521940e-10 +9.148521940e-10 +7.948000000e+01 +7.948000000e+01 +2.5283e-01 -1.1568e+00 -7.2399e-01
5465 +1.897433322e-10 +1.897433322e-10 +7.948000000e+01 +7.948000000e+01 +2.5279e-01 -1.1568e+00 -7.2401e-01
5613 +6.917844075e-11 +6.917844075e-11 +7.948000000e+01 +7.948000000e+01 +2.5281e-01 -1.1568e+00 -7.2400e-01
5815 +2.638955721e-11 +2.638955721e-11 +7.948000000e+01 +7.948000000e+01 +2.5280e-01 -1.1568e+00 -7.2400e-01
6585 +1.514877113e-11 +1.514877113e-11 +7.948000000e+01 +7.948000000e+01 +2.5280e-01 -1.1568e+00 -7.2400e-01
7065 +5.371703082e-12 +5.371703082e-12 +7.948000000e+01 +7.948000000e+01 +2.5280e-01 -1.1568e+00 -7.2400e-01
7415 +3.169020601e-12 +3.169020601e-12 +7.948000000e+01 +7.948000000e+01 +2.5280e-01 -1.1568e+00 -7.2400e-01
7591 +6.110667528e-13 +6.110667528e-13 +7.948000000e+01 +7.948000000e+01 +2.5280e-01 -1.1568e+00 -7.2400e-01
8809 +7.105427358e-14 +7.105427358e-14 +7.948000000e+01 +7.948000000e+01 +2.5280e-01 -1.1568e+00 -7.2400e-01
8945 +4.263256415e-14 +4.263256415e-14 +7.948000000e+01 +7.948000000e+01 +2.5280e-01 -1.1568e+00 -7.2400e-01
9065 +1.421085472e-14 +1.421085472e-14 +7.948000000e+01 +7.948000000e+01 +2.5280e-01 -1.1568e+00 -7.2400e-01
9825 +0.000000000e+00 +0.000000000e+00 +7.948000000e+01 +7.948000000e+01 +2.5280e-01 -1.1568e+00 -7.2400e-01
% function evaluation | noise-free fitness - Fopt (3.944800000000e+02) | best noise-free fitness - Fopt | measured fitness | best measured fitness | x1 | x2...
1 +8.726361233e+00 +8.726361233e+00 +4.032063612e+02 +4.032063612e+02 -1.7043e+00 -1.4314e+00 -2.4670e+00
20 +5.647278355e+00 +5.647278355e+00 +4.001272784e+02 +4.001272784e+02 -4.4685e+00 -3.9499e+00 -1.7531e+00
46 +8.105149417e-01 +8.105149417e-01 +3.952905149e+02 +3.952905149e+02 -3.1653e+00 -2.4072e+00 -3.6033e+00
81 +4.053221979e-01 +4.053221979e-01 +3.948853222e+02 +3.948853222e+02 -3.9286e+00 -2.3023e+00 -4.0444e+00
143 +2.487609582e-01 +2.487609582e-01 +3.947287610e+02 +3.947287610e+02 -4.0323e+00 -3.0809e+00 -4.2435e+00
223 +6.426506521e-02 +6.426506521e-02 +3.945442651e+02 +3.945442651e+02 -3.9916e+00 -3.0297e+00 -3.6122e+00
365 +4.471720262e-02 +4.471720262e-02 +3.945247172e+02 +3.945247172e+02 -4.0949e+00 -2.9456e+00 -3.8577e+00
379 +3.709961840e-02 +3.709961840e-02 +3.945170996e+02 +3.945170996e+02 -3.7586e+00 -2.9786e+00 -3.7036e+00
542 +2.124765873e-02 +2.124765873e-02 +3.945012477e+02 +3.945012477e+02 -3.9798e+00 -2.9429e+00 -3.6935e+00
546 +1.380704008e-03 +1.380704008e-03 +3.944813807e+02 +3.944813807e+02 -3.8848e+00 -2.8563e+00 -3.7966e+00
735 +9.691272924e-04 +9.691272924e-04 +3.944809691e+02 +3.944809691e+02 -3.8848e+00 -2.8639e+00 -3.7935e+00
1151 +5.059861800e-04 +5.059861800e-04 +3.944805060e+02 +3.944805060e+02 -3.8978e+00 -2.8856e+00 -3.8244e+00
1185 +3.194575052e-04 +3.194575052e-04 +3.944803195e+02 +3.944803195e+02 -3.8860e+00 -2.8863e+00 -3.8146e+00
1335 +7.380059071e-05 +7.380059071e-05 +3.944800738e+02 +3.944800738e+02 -3.9046e+00 -2.8946e+00 -3.8067e+00
1564 +5.855085726e-05 +5.855085726e-05 +3.944800586e+02 +3.944800586e+02 -3.9048e+00 -2.8941e+00 -3.8045e+00
1591 +3.485435212e-05 +3.485435212e-05 +3.944800349e+02 +3.944800349e+02 -3.9029e+00 -2.8867e+00 -3.8035e+00
1983 +2.010797829e-05 +2.010797829e-05 +3.944800201e+02 +3.944800201e+02 -3.9013e+00 -2.8888e+00 -3.8054e+00
2044 +1.194865558e-05 +1.194865558e-05 +3.944800119e+02 +3.944800119e+02 -3.9012e+00 -2.8923e+00 -3.8032e+00
2115 +6.994519765e-06 +6.994519765e-06 +3.944800070e+02 +3.944800070e+02 -3.9007e+00 -2.8910e+00 -3.8036e+00
2191 +5.024681457e-06 +5.024681457e-06 +3.944800050e+02 +3.944800050e+02 -3.9002e+00 -2.8899e+00 -3.8037e+00
2355 +2.427181869e-06 +2.427181869e-06 +3.944800024e+02 +3.944800024e+02 -3.8993e+00 -2.8913e+00 -3.8015e+00
2764 +1.022361062e-06 +1.022361062e-06 +3.944800010e+02 +3.944800010e+02 -3.8984e+00 -2.8903e+00 -3.8014e+00
3175 +7.258466894e-07 +7.258466894e-07 +3.944800007e+02 +3.944800007e+02 -3.8979e+00 -2.8910e+00 -3.8021e+00
3484 +4.324933798e-07 +4.324933798e-07 +3.944800004e+02 +3.944800004e+02 -3.8978e+00 -2.8902e+00 -3.8021e+00
3564 +3.888656579e-07 +3.888656579e-07 +3.944800004e+02 +3.944800004e+02 -3.8979e+00 -2.8901e+00 -3.8026e+00
3724 +2.234535259e-07 +2.234535259e-07 +3.944800002e+02 +3.944800002e+02 -3.8979e+00 -2.8903e+00 -3.8025e+00
3734 +5.859595831e-08 +5.859595831e-08 +3.944800001e+02 +3.944800001e+02 -3.8985e+00 -2.8906e+00 -3.8024e+00
4301 +2.491179885e-08 +2.491179885e-08 +3.944800000e+02 +3.944800000e+02 -3.8985e+00 -2.8903e+00 -3.8025e+00
4917 +7.623725651e-09 +7.623725651e-09 +3.944800000e+02 +3.944800000e+02 -3.8983e+00 -2.8904e+00 -3.8024e+00
5077 +3.722504971e-09 +3.722504971e-09 +3.944800000e+02 +3.944800000e+02 -3.8984e+00 -2.8904e+00 -3.8025e+00
5651 +1.921705461e-09 +1.921705461e-09 +3.944800000e+02 +3.944800000e+02 -3.8984e+00 -2.8904e+00 -3.8024e+00
5731 +2.709725777e-10 +2.709725777e-10 +3.944800000e+02 +3.944800000e+02 -3.8984e+00 -2.8904e+00 -3.8024e+00
5945 +2.502815732e-10 +2.502815732e-10 +3.944800000e+02 +3.944800000e+02 -3.8984e+00 -2.8904e+00 -3.8024e+00
6065 +1.579110176e-10 +1.579110176e-10 +3.944800000e+02 +3.944800000e+02 -3.8984e+00 -2.8904e+00 -3.8024e+00
6484 +8.344613889e-11 +8.344613889e-11 +3.944800000e+02 +3.944800000e+02 -3.8984e+00 -2.8904e+00 -3.8024e+00
6811 +1.665512173e-11 +1.665512173e-11 +3.944800000e+02 +3.944800000e+02 -3.8984e+00 -2.8904e+00 -3.8024e+00
6930 +1.290345608e-11 +1.290345608e-11 +3.944800000e+02 +3.944800000e+02 -3.8984e+00 -2.8904e+00 -3.8024e+00
7480 +3.012701200e-12 +3.012701200e-12 +3.944800000e+02 +3.944800000e+02 -3.8984e+00 -2.8904e+00 -3.8024e+00
8061 +2.046363079e-12 +2.046363079e-12 +3.944800000e+02 +3.944800000e+02 -3.8984e+00 -2.8904e+00 -3.8024e+00
8247 +1.307398634e-12 +1.307398634e-12 +3.944800000e+02 +3.944800000e+02 -3.8984e+00 -2.8904e+00 -3.8024e+00
8290 +7.389644452e-13 +7.389644452e-13 +3.944800000e+02 +3.944800000e+02 -3.8984e+00 -2.8904e+00 -3.8024e+00
8613 +5.684341886e-13 +5.684341886e-13 +3.944800000e+02 +3.944800000e+02 -3.8984e+00 -2.8904e+00 -3.8024e+00
8621 +2.273736754e-13 +2.273736754e-13 +3.944800000e+02 +3.944800000e+02 -3.8984e+00 -2.8904e+00 -3.8024e+00
8701 +5.684341886e-14 +5.684341886e-14 +3.944800000e+02 +3.944800000e+02 -3.8984e+00 -2.8904e+00 -3.8024e+00
9053 +0.000000000e+00 +0.000000000e+00 +3.944800000e+02 +3.944800000e+02 -3.8984e+00 -2.8904e+00 -3.8024e+00
% function evaluation | noise-free fitness - Fopt (-2.471100000000e+02) | best noise-free fitness - Fopt | measured fitness | best measured fitness | x1 | x2...
1 +1.591522524e+01 +1.591522524e+01 -2.311947748e+02 -2.311947748e+02 -2.0585e+00 +2.9122e+00 -3.0470e+00
3 +1.406853250e+01 +1.406853250e+01 -2.330414675e+02 -2.330414675e+02 -4.0119e-01 -1.3277e+00 -1.1201e+00
6 +6.120327463e+00 +6.120327463e+00 -2.409896725e+02 -2.409896725e+02 -4.1136e+00 +1.2699e+00 +1.5186e+00
44 +1.342830358e+00 +1.342830358e+00 -2.457671696e+02 -2.457671696e+02 -2.7982e+00 +4.1437e-01 -1.4537e-01
97 +8.845991314e-01 +8.845991314e-01 -2.462254009e+02 -2.462254009e+02 -4.1925e+00 +8.3914e-01 -1.2612e+00
109 +1.780033020e-01 +1.780033020e-01 -2.469319967e+02 -2.469319967e+02 -3.6935e+00 +6.0156e-01 -6.0004e-01
239 +1.005942863e-01 +1.005942863e-01 -2.470094057e+02 -2.470094057e+02 -3.5047e+00 +2.5976e-01 -5.8557e-01
417 +8.692295784e-02 +8.692295784e-02 -2.470230770e+02 -2.470230770e+02 -3.6692e+00 +3.4667e-01 -4.6838e-01
577 +3.632635254e-02 +3.632635254e-02 -2.470736736e+02 -2.470736736e+02 -3.7074e+00 +3.3898e-01 -5.9318e-01
657 +1.376943910e-02 +1.376943910e-02 -2.470962306e+02 -2.470962306e+02 -3.6930e+00 +2.2169e-01 -7.3932e-01
897 +4.625276223e-03 +4.625276223e-03 -2.471053747e+02 -2.471053747e+02 -3.8553e+00 +1.7061e-01 -6.7323e-01
994 +3.711071332e-03 +3.711071332e-03 -2.471062889e+02 -2.471062889e+02 -3.7439e+00 +2.3031e-01 -6.9271e-01
1437 +1.549468603e-03 +1.549468603e-03 -2.471084505e+02 -2.471084505e+02 -3.7622e+00 +2.1380e-01 -7.0255e-01
1502 +8.450878978e-04 +8.450878978e-04 -2.471091549e+02 -2.471091549e+02 -3.7857e+00 +1.7718e-01 -6.8837e-01
1752 +1.213614876e-04 +1.213614876e-04 -2.471098786e+02 -2.471098786e+02 -3.7958e+00 +1.9828e-01 -6.8168e-01
2004 +6.285604400e-05 +6.285604400e-05 -2.471099371e+02 -2.471099371e+02 -3.8004e+00 +2.0504e-01 -6.8375e-01
2142 +9.759034782e-06 +9.759034782e-06 -2.471099902e+02 -2.471099902e+02 -3.7962e+00 +2.0408e-01 -6.8919e-01
2433 +6.027116967e-06 +6.027116967e-06 -2.471099940e+02 -2.471099940e+02 -3.7974e+00 +2.0221e-01 -6.8917e-01
2644 +1.751599029e-06 +1.751599029e-06 -2.471099982e+02 -2.471099982e+02 -3.7973e+00 +2.0381e-01 -6.9092e-01
2924 +1.492214579e-06 +1.492214579e-06 -2.471099985e+02 -2.471099985e+02 -3.7974e+00 +2.0385e-01 -6.9127e-01
3457 +9.103201251e-07 +9.103201251e-07 -2.471099991e+02 -2.471099991e+02 -3.7975e+00 +2.0320e-01 -6.9077e-01
3577 +3.674993536e-07 +3.674993536e-07 -2.471099996e+02 -2.471099996e+02 -3.7981e+00 +2.0296e-01 -6.9072e-01
3641 +6.582706646e-08 +6.582706646e-08 -2.471099999e+02 -2.471099999e+02 -3.7987e+00 +2.0318e-01 -6.9121e-01
3897 +9.308962490e-09 +9.308962490e-09 -2.471100000e+02 -2.471100000e+02 -3.7984e+00 +2.0328e-01 -6.9119e-01
4257 +6.450022738e-10 +6.450022738e-10 -2.471100000e+02 -2.471100000e+02 -3.7984e+00 +2.0322e-01 -6.9118e-01
4457 +5.110791790e-10 +5.110791790e-10 -2.471100000e+02 -2.471100000e+02 -3.7984e+00 +2.0321e-01 -6.9118e-01
4737 +3.945217486e-10 +3.945217486e-10 -2.471100000e+02 -2.471100000e+02 -3.7984e+00 +2.0321e-01 -6.9118e-01
5004 +1.459738996e-10 +1.459738996e-10 -2.471100000e+02 -2.471100000e+02 -3.7984e+00 +2.0320e-01 -6.9119e-01
5284 +6.195932656e-11 +6.195932656e-11 -2.471100000e+02 -2.471100000e+02 -3.7984e+00 +2.0320e-01 -6.9121e-01
5657 +2.813749234e-11 +2.813749234e-11 -2.471100000e+02 -2.471100000e+02 -3.7984e+00 +2.0320e-01 -6.9120e-01
5817 +1.134026206e-11 +1.134026206e-11 -2.471100000e+02 -2.471100000e+02 -3.7984e+00 +2.0320e-01 -6.9120e-01
6201 +9.407585821e-12 +9.407585821e-12 -2.471100000e+02 -2.471100000e+02 -3.7984e+00 +2.0320e-01 -6.9120e-01
6592 +5.115907697e-12 +5.115907697e-12 -2.471100000e+02 -2.471100000e+02 -3.7984e+00 +2.0320e-01 -6.9120e-01
6672 +2.415845302e-12 +2.415845302e-12 -2.471100000e+02 -2.471100000e+02 -3.7984e+00 +2.0320e-01 -6.9120e-01
6697 +7.389644452e-13 +7.389644452e-13 -2.471100000e+02 -2.471100000e+02 -3.7984e+00 +2.0320e-01 -6.9120e-01
6777 +3.126388037e-13 +3.126388037e-13 -2.471100000e+02 -2.471100000e+02 -3.7984e+00 +2.0320e-01 -6.9120e-01
6877 +1.705302566e-13 +1.705302566e-13 -2.471100000e+02 -2.471100000e+02 -3.7984e+00 +2.0320e-01 -6.9120e-01
7217 +2.842170943e-14 +2.842170943e-14 -2.471100000e+02 -2.471100000e+02 -3.7984e+00 +2.0320e-01 -6.9120e-01
8417 +0.000000000e+00 +0.000000000e+00 -2.471100000e+02 -2.471100000e+02 -3.7984e+00 +2.0320e-01 -6.9120e-01
% function evaluation | noise-free fitness - Fopt (-1.520400000000e+02) | best noise-free fitness - Fopt | measured fitness | best measured fitness | x1 | x2...
1 +4.046588418e+01 +4.046588418e+01 -1.115741158e+02 -1.115741158e+02 -6.0372e-01 -3.6327e+00 -8.0026e-02
4 +1.872581390e+01 +1.872581390e+01 -1.333141861e+02 -1.333141861e+02 +1.3446e-01 +2.3997e+00 +2.7193e-01
10 +2.550840379e+00 +2.550840379e+00 -1.494891596e+02 -1.494891596e+02 +1.1584e+00 +1.9253e+00 -4.4417e+00
90 +8.206967544e-01 +8.206967544e-01 -1.512193032e+02 -1.512193032e+02 -8.2891e-01 +9.4822e-01 -4.4528e+00
94 +2.923074584e-01 +2.923074584e-01 -1.517476925e+02 -1.517476925e+02 +0.0000e+00 +1.8889e+00 -3.9936e+00
141 +1.629978779e-01 +1.629978779e-01 -1.518770021e+02 -1.518770021e+02 -3.7005e-01 +1.4955e+00 -4.3086e+00
314 +1.456643030e-01 +1.456643030e-01 -1.518943357e+02 -1.518943357e+02 -5.5703e-01 +1.1759e+00 -3.9150e+00
316 +7.297098322e-02 +7.297098322e-02 -1.519670290e+02 -1.519670290e+02 -4.1040e-01 +1.5739e+00 -4.0980e+00
485 +4.828597606e-02 +4.828597606e-02 -1.519917140e+02 -1.519917140e+02 -4.2797e-01 +1.5703e+00 -3.9572e+00
601 +2.937242650e-02 +2.937242650e-02 -1.520106276e+02 -1.520106276e+02 -1.2527e-01 +1.4098e+00 -4.0198e+00
892 +1.759697074e-02 +1.759697074e-02 -1.520224030e+02 -1.520224030e+02 -1.4883e-01 +1.4645e+00 -3.8807e+00
947 +8.806161633e-03 +8.806161633e-03 -1.520311938e+02 -1.520311938e+02 -3.0364e-01 +1.4518e+00 -4.0067e+00
979 +4.205983415e-03 +4.205983415e-03 -1.520357940e+02 -1.520357940e+02 -2.1791e-01 +1.4103e+00 -3.8850e+00
1108 +1.679859979e-03 +1.679859979e-03 -1.520383201e+02 -1.520383201e+02 -2.4925e-01 +1.4111e+00 -3.8903e+00
1347 +1.571061021e-03 +1.571061021e-03 -1.520384289e+02 -1.520384289e+02 -3.0501e-01 +1.4345e+00 -3.9192e+00
1573 +4.956142580e-04 +4.956142580e-04 -1.520395044e+02 -1.520395044e+02 -2.8423e-01 +1.4383e+00 -3.9261e+00
1657 +5.658023062e-05 +5.658023062e-05 -1.520399434e+02 -1.520399434e+02 -2.7334e-01 +1.4254e+00 -3.9207e+00
1827 +3.564944365e-06 +3.564944365e-06 -1.520399964e+02 -1.520399964e+02 -2.6705e-01 +1.4221e+00 -3.9247e+00
3124 +1.833720518e-06 +1.833720518e-06 -1.520399982e+02 -1.520399982e+02 -2.6595e-01 +1.4237e+00 -3.9244e+00
3382 +9.715224962e-07 +9.715224962e-07 -1.520399990e+02 -1.520399990e+02 -2.6800e-01 +1.4237e+00 -3.9243e+00
3582 +5.229637736e-07 +5.229637736e-07 -1.520399995e+02 -1.520399995e+02 -2.6779e-01 +1.4240e+00 -3.9244e+00
3628 +2.172053257e-07 +2.172053257e-07 -1.520399998e+02 -1.520399998e+02 -2.6764e-01 +1.4241e+00 -3.9247e+00
3828 +1.281047446e-07 +1.281047446e-07 -1.520399999e+02 -1.520399999e+02 -2.6753e-01 +1.4241e+00 -3.9247e+00
4068 +9.385826161e-08 +9.385826161e-08 -1.520399999e+02 -1.520399999e+02 -2.6745e-01 +1.4242e+00 -3.9249e+00
4492 +2.331964311e-08 +2.331964311e-08 -1.520400000e+02 -1.520400000e+02 -2.6727e-01 +1.4241e+00 -3.9248e+00
4769 +1.403026317e-08 +1.403026317e-08 -1.520400000e+02 -1.520400000e+02 -2.6710e-01 +1.4241e+00 -3.9248e+00
4793 +7.854453088e-09 +7.854453088e-09 -1.520400000e+02 -1.520400000e+02 -2.6715e-01 +1.4240e+00 -3.9247e+00
5169 +4.363670314e-09 +4.363670314e-09 -1.520400000e+02 -1.520400000e+02 -2.6726e-01 +1.4240e+00 -3.9248e+00
5193 +9.787299859e-10 +9.787299859e-10 -1.520400000e+02 -1.520400000e+02 -2.6721e-01 +1.4240e+00 -3.9248e+00
5369 +5.618971954e-10 +5.618971954e-10 -1.520400000e+02 -1.520400000e+02 -2.6720e-01 +1.4240e+00 -3.9248e+00
5449 +1.097930635e-10 +1.097930635e-10 -1.520400000e+02 -1.520400000e+02 -2.6720e-01 +1.4240e+00 -3.9248e+00
5948 +8.284928299e-11 +8.284928299e-11 -1.520400000e+02 -1.520400000e+02 -2.6720e-01 +1.4240e+00 -3.9248e+00
6434 +4.428102329e-11 +4.428102329e-11 -1.520400000e+02 -1.520400000e+02 -2.6720e-01 +1.4240e+00 -3.9248e+00
6569 +2.299316293e-11 +2.299316293e-11 -1.520400000e+02 -1.520400000e+02 -2.6720e-01 +1.4240e+00 -3.9248e+00
7329 +1.404032446e-11 +1.404032446e-11 -1.520400000e+02 -1.520400000e+02 -2.6720e-01 +1.4240e+00 -3.9248e+00
7394 +5.172751116e-12 +5.172751116e-12 -1.520400000e+02 -1.520400000e+02 -2.6720e-01 +1.4240e+00 -3.9248e+00
7671 +2.444267011e-12 +2.444267011e-12 -1.520400000e+02 -1.520400000e+02 -2.6720e-01 +1.4240e+00 -3.9248e+00
7890 +1.421085472e-12 +1.421085472e-12 -1.520400000e+02 -1.520400000e+02 -2.6720e-01 +1.4240e+00 -3.9248e+00
8049 +3.126388037e-13 +3.126388037e-13 -1.520400000e+02 -1.520400000e+02 -2.6720e-01 +1.4240e+00 -3.9248e+00
8129 +1.989519660e-13 +1.989519660e-13 -1.520400000e+02 -1.520400000e+02 -2.6720e-01 +1.4240e+00 -3.9248e+00
8209 +5.684341886e-14 +5.684341886e-14 -1.520400000e+02 -1.520400000e+02 -2.6720e-01 +1.4240e+00 -3.9248e+00
8369 +2.842170943e-14 +2.842170943e-14 -1.520400000e+02 -1.520400000e+02 -2.6720e-01 +1.4240e+00 -3.9248e+00
9351 +0.000000000e+00 +0.000000000e+00 -1.520400000e+02 -1.520400000e+02 -2.6720e-01 +1.4240e+00 -3.9248e+00
% function evaluation | noise-free fitness - Fopt (-2.525000000000e+01) | best noise-free fitness - Fopt | measured fitness | best measured fitness | x1 | x2...
1 +7.106045367e+01 +7.106045367e+01 +4.581045367e+01 +4.581045367e+01 -3.6786e+00 -3.2824e+00 -3.0108e+00
2 +7.174952320e+00 +7.174952320e+00 -1.807504768e+01 -1.807504768e+01 +2.2309e+00 +2.8842e+00 -1.8720e+00
27 +4.581529223e+00 +4.581529223e+00 -2.066847078e+01 -2.066847078e+01 +2.1829e+00 +2.2168e-02 +4.6929e-02
55 +1.923283684e+00 +1.923283684e+00 -2.332671632e+01 -2.332671632e+01 +4.7999e+00 +2.7282e-01 -7.9980e-01
82 +3.769747512e-01 +3.769747512e-01 -2.487302525e+01 -2.487302525e+01 +3.8269e+00 +2.8861e-01 -9.6149e-01
147 +2.175738754e-01 +2.175738754e-01 -2.503242612e+01 -2.503242612e+01 +3.5565e+00 +4.8036e-01 -9.8543e-01
193 +1.324857149e-01 +1.324857149e-01 -2.511751429e+01 -2.511751429e+01 +3.9207e+00 +5.2962e-01 -1.2558e+00
324 +7.201402068e-02 +7.201402068e-02 -2.517798598e+01 -2.517798598e+01 +3.7262e+00 +4.7673e-01 -1.2361e+00
509 +4.503953958e-02 +4.503953958e-02 -2.520496046e+01 -2.520496046e+01 +3.7726e+00 +6.1331e-01 -1.2819e+00
622 +3.722213787e-02 +3.722213787e-02 -2.521277786e+01 -2.521277786e+01 +3.7008e+00 +7.6916e-01 -1.5303e+00
690 +2.089447026e-02 +2.089447026e-02 -2.522910553e+01 -2.522910553e+01 +3.6348e+00 +4.9247e-01 -1.4112e+00
930 +5.156273074e-03 +5.156273074e-03 -2.524484373e+01 -2.524484373e+01 +3.5919e+00 +7.0336e-01 -1.4201e+00
1115 +2.615930722e-03 +2.615930722e-03 -2.524738407e+01 -2.524738407e+01 +3.6374e+00 +6.8087e-01 -1.4223e+00
1155 +1.670902317e-03 +1.670902317e-03 -2.524832910e+01 -2.524832910e+01 +3.5742e+00 +6.2870e-01 -1.4178e+00
1275 +2.862525194e-04 +2.862525194e-04 -2.524971375e+01 -2.524971375e+01 +3.6077e+00 +6.5062e-01 -1.4198e+00
1555 +6.311054470e-05 +6.311054470e-05 -2.524993689e+01 -2.524993689e+01 +3.6204e+00 +6.3006e-01 -1.4207e+00
1795 +5.836328396e-05 +5.836328396e-05 -2.524994164e+01 -2.524994164e+01 +3.6086e+00 +6.3038e-01 -1.4206e+00
1875 +2.616456951e-05 +2.616456951e-05 -2.524997384e+01 -2.524997384e+01 +3.6146e+00 +6.3019e-01 -1.4206e+00
2195 +2.265076114e-05 +2.265076114e-05 -2.524997735e+01 -2.524997735e+01 +3.6146e+00 +6.3056e-01 -1.4206e+00
2955 +1.008434857e-05 +1.008434857e-05 -2.524998992e+01 -2.524998992e+01 +3.6138e+00 +6.3219e-01 -1.4208e+00
3128 +4.465219380e-06 +4.465219380e-06 -2.524999553e+01 -2.524999553e+01 +3.6136e+00 +6.3514e-01 -1.4236e+00
3461 +3.901804725e-06 +3.901804725e-06 -2.524999610e+01 -2.524999610e+01 +3.6143e+00 +6.3437e-01 -1.4234e+00
3574 +2.397272915e-06 +2.397272915e-06 -2.524999760e+01 -2.524999760e+01 +3.6150e+00 +6.3397e-01 -1.4223e+00
3728 +1.243362508e-06 +1.243362508e-06 -2.524999876e+01 -2.524999876e+01 +3.6148e+00 +6.3427e-01 -1.4212e+00
4009 +7.005466856e-07 +7.005466856e-07 -2.524999930e+01 -2.524999930e+01 +3.6149e+00 +6.3455e-01 -1.4217e+00
4089 +4.454840763e-07 +4.454840763e-07 -2.524999955e+01 -2.524999955e+01 +3.6148e+00 +6.3481e-01 -1.4212e+00
4166 +3.225475140e-07 +3.225475140e-07 -2.524999968e+01 -2.524999968e+01 +3.6140e+00 +6.3515e-01 -1.4212e+00
4169 +2.006300548e-07 +2.006300548e-07 -2.524999980e+01 -2.524999980e+01 +3.6146e+00 +6.3481e-01 -1.4217e+00
4248 +1.131803273e-07 +1.131803273e-07 -2.524999989e+01 -2.524999989e+01 +3.6146e+00 +6.3500e-01 -1.4218e+00
4566 +6.562662591e-08 +6.562662591e-08 -2.524999993e+01 -2.524999993e+01 +3.6144e+00 +6.3495e-01 -1.4217e+00
4650 +5.000317316e-08 +5.000317316e-08 -2.524999995e+01 -2.524999995e+01 +3.6142e+00 +6.3511e-01 -1.4216e+00
4922 +3.198047693e-08 +3.198047693e-08 -2.524999997e+01 -2.524999997e+01 +3.6145e+00 +6.3504e-01 -1.4216e+00
5002 +2.400848587e-08 +2.400848587e-08 -2.524999998e+01 -2.524999998e+01 +3.6144e+00 +6.3505e-01 -1.4216e+00
5366 +1.306946373e-08 +1.306946373e-08 -2.524999999e+01 -2.524999999e+01 +3.6145e+00 +6.3527e-01 -1.4216e+00
5569 +7.345576591e-09 +7.345576591e-09 -2.524999999e+01 -2.524999999e+01 +3.6143e+00 +6.3524e-01 -1.4216e+00
5690 +4.000593634e-09 +4.000593634e-09 -2.525000000e+01 -2.525000000e+01 +3.6144e+00 +6.3524e-01 -1.4216e+00
5730 +1.815141815e-09 +1.815141815e-09 -2.525000000e+01 -2.525000000e+01 +3.6144e+00 +6.3522e-01 -1.4216e+00
5770 +1.365336288e-09 +1.365336288e-09 -2.525000000e+01 -2.525000000e+01 +3.6144e+00 +6.3521e-01 -1.4216e+00
6089 +9.191438721e-10 +9.191438721e-10 -2.525000000e+01 -2.525000000e+01 +3.6144e+00 +6.3522e-01 -1.4216e+00
6370 +6.110170148e-10 +6.110170148e-10 -2.525000000e+01 -2.525000000e+01 +3.6144e+00 +6.3521e-01 -1.4216e+00
6530 +3.973816831e-10 +3.973816831e-10 -2.525000000e+01 -2.525000000e+01 +3.6144e+00 +6.3521e-01 -1.4216e+00
6712 +2.492228646e-10 +2.492228646e-10 -2.525000000e+01 -2.525000000e+01 +3.6144e+00 +6.3521e-01 -1.4216e+00
7019 +1.157367535e-10 +1.157367535e-10 -2.525000000e+01 -2.525000000e+01 +3.6144e+00 +6.3519e-01 -1.4216e+00
7090 +6.706102340e-11 +6.706102340e-11 -2.525000000e+01 -2.525000000e+01 +3.6144e+00 +6.3520e-01 -1.4216e+00
7155 +4.283506883e-11 +4.283506883e-11 -2.525000000e+01 -2.525000000e+01 +3.6144e+00 +6.3520e-01 -1.4216e+00
7419 +3.580424845e-11 +3.580424845e-11 -2.525000000e+01 -2.525000000e+01 +3.6144e+00 +6.3520e-01 -1.4216e+00
7609 +2.432898327e-11 +2.432898327e-11 -2.525000000e+01 -2.525000000e+01 +3.6144e+00 +6.3520e-01 -1.4216e+00
7810 +1.524824711e-11 +1.524824711e-11 -2.525000000e+01 -2.525000000e+01 +3.6144e+00 +6.3520e-01 -1.4216e+00
8090 +9.759304476e-12 +9.759304476e-12 -2.525000000e+01 -2.525000000e+01 +3.6144e+00 +6.3520e-01 -1.4216e+00
8290 +5.723421737e-12 +5.723421737e-12 -2.525000000e+01 -2.525000000e+01 +3.6144e+00 +6.3520e-01 -1.4216e+00
8299 +3.549160965e-12 +3.549160965e-12 -2.525000000e+01 -2.525000000e+01 +3.6144e+00 +6.3520e-01 -1.4216e+00
8339 +2.220446049e-12 +2.220446049e-12 -2.525000000e+01 -2.525000000e+01 +3.6144e+00 +6.3520e-01 -1.4216e+00
8459 +1.577404873e-12 +1.577404873e-12 -2.525000000e+01 -2.525000000e+01 +3.6144e+00 +6.3520e-01 -1.4216e+00
8649 +2.593480986e-13 +2.593480986e-13 -2.525000000e+01 -2.525000000e+01 +3.6144e+00 +6.3520e-01 -1.4216e+00
8699 +2.273736754e-13 +2.273736754e-13 -2.525000000e+01 -2.525000000e+01 +3.6144e+00 +6.3520e-01 -1.4216e+00
8859 +6.394884622e-14 +6.394884622e-14 -2.525000000e+01 -2.525000000e+01 +3.6144e+00 +6.3520e-01 -1.4216e+00
9059 +4.263256415e-14 +4.263256415e-14 -2.525000000e+01 -2.525000000e+01 +3.6144e+00 +6.3520e-01 -1.4216e+00
9299 +3.907985047e-14 +3.907985047e-14 -2.525000000e+01 -2.525000000e+01 +3.6144e+00 +6.3520e-01 -1.4216e+00
9473 +1.776356839e-14 +1.776356839e-14 -2.525000000e+01 -2.525000000e+01 +3.6144e+00 +6.3520e-01 -1.4216e+00
9579 +1.065814104e-14 +1.065814104e-14 -2.525000000e+01 -2.525000000e+01 +3.6144e+00 +6.3520e-01 -1.4216e+00
9988 +3.552713679e-15 +3.552713679e-15 -2.525000000e+01 -2.525000000e+01 +3.6144e+00 +6.3520e-01 -1.4216e+00
10179 +0.000000000e+00 +0.000000000e+00 -2.525000000e+01 -2.525000000e+01 +3.6144e+00 +6.3520e-01 -1.4216e+00
% function evaluation | noise-free fitness - Fopt (-2.017200000000e+02) | best noise-free fitness - Fopt | measured fitness | best measured fitness | x1 | x2...
1 +6.072984230e+01 +6.072984230e+01 -1.409901577e+02 -1.409901577e+02 -3.6615e+00 +2.4331e+00 +4.2704e+00
2 +2.384284662e+01 +2.384284662e+01 -1.778771534e+02 -1.778771534e+02 +1.4313e+00 +1.0337e-01 +1.6341e+00
3 +5.472495645e+00 +5.472495645e+00 -1.962475044e+02 -1.962475044e+02 -1.7154e-01 -1.3112e+00 -2.1159e+00
19 +1.602512772e+00 +1.602512772e+00 -2.001174872e+02 -2.001174872e+02 -1.4420e+00 -2.8832e+00 +3.1993e-01
98 +7.309445879e-01 +7.309445879e-01 -2.009890554e+02 -2.009890554e+02 -1.4691e+00 -3.7505e+00 -8.2417e-01
144 +2.726048918e-01 +2.726048918e-01 -2.014473951e+02 -2.014473951e+02 -1.8994e+00 -2.7212e+00 -1.0434e+00
181 +1.647186988e-01 +1.647186988e-01 -2.015552813e+02 -2.015552813e+02 -1.0821e+00 -2.7238e+00 -1.0758e+00
219 +8.605158213e-02 +8.605158213e-02 -2.016339484e+02 -2.016339484e+02 -1.5254e+00 -3.0843e+00 -7.3784e-01
412 +4.091013238e-02 +4.091013238e-02 -2.016790899e+02 -2.016790899e+02 -1.3947e+00 -2.7247e+00 -8.5897e-01
436 +2.788351011e-02 +2.788351011e-02 -2.016921165e+02 -2.016921165e+02 -1.3743e+00 -3.0629e+00 -9.7682e-01
606 +7.420764358e-03 +7.420764358e-03 -2.017125792e+02 -2.017125792e+02 -1.3382e+00 -2.9113e+00 -9.6946e-01
867 +5.366521105e-03 +5.366521105e-03 -2.017146335e+02 -2.017146335e+02 -1.4458e+00 -2.9464e+00 -8.9012e-01
1034 +1.441351577e-03 +1.441351577e-03 -2.017185586e+02 -2.017185586e+02 -1.4570e+00 -2.8942e+00 -9.4484e-01
1114 +9.535799697e-04 +9.535799697e-04 -2.017190464e+02 -2.017190464e+02 -1.3958e+00 -2.8922e+00 -9.5767e-01
1169 +4.420035600e-05 +4.420035600e-05 -2.017199558e+02 -2.017199558e+02 -1.4218e+00 -2.9075e+00 -9.5188e-01
1771 +1.450299948e-05 +1.450299948e-05 -2.017199855e+02 -2.017199855e+02 -1.4193e+00 -2.9053e+00 -9.4908e-01
1931 +3.439744773e-06 +3.439744773e-06 -2.017199966e+02 -2.017199966e+02 -1.4192e+00 -2.9056e+00 -9.4658e-01
2529 +1.301036406e-06 +1.301036406e-06 -2.017199987e+02 -2.017199987e+02 -1.4210e+00 -2.9058e+00 -9.4671e-01
2571 +1.054928873e-07 +1.054928873e-07 -2.017199999e+02 -2.017199999e+02 -1.4211e+00 -2.9058e+00 -9.4566e-01
3371 +7.763145504e-08 +7.763145504e-08 -2.017199999e+02 -2.017199999e+02 -1.4210e+00 -2.9058e+00 -9.4558e-01
4293 +3.212213073e-08 +3.212213073e-08 -2.017200000e+02 -2.017200000e+02 -1.4208e+00 -2.9058e+00 -9.4558e-01
4669 +2.158637358e-08 +2.158637358e-08 -2.017200000e+02 -2.017200000e+02 -1.4209e+00 -2.9057e+00 -9.4558e-01
4731 +1.048547915e-08 +1.048547915e-08 -2.017200000e+02 -2.017200000e+02 -1.4209e+00 -2.9057e+00 -9.4557e-01
4949 +2.201630878e-09 +2.201630878e-09 -2.017200000e+02 -2.017200000e+02 -1.4208e+00 -2.9056e+00 -9.4564e-01
5009 +1.209343736e-09 +1.209343736e-09 -2.017200000e+02 -2.017200000e+02 -1.4208e+00 -2.9056e+00 -9.4562e-01
5089 +5.926779068e-10 +5.926779068e-10 -2.017200000e+02 -2.017200000e+02 -1.4208e+00 -2.9056e+00 -9.4558e-01
5561 +1.427338248e-10 +1.427338248e-10 -2.017200000e+02 -2.017200000e+02 -1.4208e+00 -2.9056e+00 -9.4559e-01
5761 +9.109157872e-11 +9.109157872e-11 -2.017200000e+02 -2.017200000e+02 -1.4208e+00 -2.9056e+00 -9.4559e-01
5949 +2.177102942e-11 +2.177102942e-11 -2.017200000e+02 -2.017200000e+02 -1.4208e+00 -2.9056e+00 -9.4560e-01
6041 +1.472244548e-11 +1.472244548e-11 -2.017200000e+02 -2.017200000e+02 -1.4208e+00 -2.9056e+00 -9.4560e-01
6241 +9.521272659e-12 +9.521272659e-12 -2.017200000e+02 -2.017200000e+02 -1.4208e+00 -2.9056e+00 -9.4560e-01
6354 +6.053824109e-12 +6.053824109e-12 -2.017200000e+02 -2.017200000e+02 -1.4208e+00 -2.9056e+00 -9.4560e-01
6549 +2.984279490e-12 +2.984279490e-12 -2.017200000e+02 -2.017200000e+02 -1.4208e+00 -2.9056e+00 -9.4560e-01
6601 +1.051603249e-12 +1.051603249e-12 -2.017200000e+02 -2.017200000e+02 -1.4208e+00 -2.9056e+00 -9.4560e-01
6721 +4.263256415e-13 +4.263256415e-13 -2.017200000e+02 -2.017200000e+02 -1.4208e+00 -2.9056e+00 -9.4560e-01
6881 +1.705302566e-13 +1.705302566e-13 -2.017200000e+02 -2.017200000e+02 -1.4208e+00 -2.9056e+00 -9.4560e-01
6961 +1.136868377e-13 +1.136868377e-13 -2.017200000e+02 -2.017200000e+02 -1.4208e+00 -2.9056e+00 -9.4560e-01
7281 +5.684341886e-14 +5.684341886e-14 -2.017200000e+02 -2.017200000e+02 -1.4208e+00 -2.9056e+00 -9.4560e-01
7441 +2.842170943e-14 +2.842170943e-14 -2.017200000e+02 -2.017200000e+02 -1.4208e+00 -2.9056e+00 -9.4560e-01
7601 +0.000000000e+00 +0.000000000e+00 -2.017200000e+02 -2.017200000e+02 -1.4208e+00 -2.9056e+00 -9.4560e-01
% function evaluation | noise-free fitness - Fopt (-1.000000000000e+03) | best noise-free fitness - Fopt | measured fitness | best measured fitness | x1 | x2...
1 +6.244398127e+01 +6.244398127e+01 -9.375560187e+02 -9.375560187e+02 +3.8368e+00 -4.3819e+00 +4.9669e+00
3 +1.193654360e+01 +1.193654360e+01 -9.880634564e+02 -9.880634564e+02 +2.9585e+00 -7.8067e-01 +1.1861e+00
6 +8.051590779e+00 +8.051590779e+00 -9.919484092e+02 -9.919484092e+02 -1.0707e+00 +2.8792e+00 -3.0747e-01
25 +4.485176858e+00 +4.485176858e+00 -9.955148231e+02 -9.955148231e+02 -1.7376e+00 +1.1662e+00 +8.0012e-01
61 +3.696549250e+00 +3.696549250e+00 -9.963034507e+02 -9.963034507e+02 +7.6838e-01 +1.2920e+00 +1.2402e+00
70 +1.395151801e+00 +1.395151801e+00 -9.986048482e+02 -9.986048482e+02 +9.6104e-01 +6.0683e-01 +2.9776e-01
129 +9.535931017e-01 +9.535931017e-01 -9.990464069e+02 -9.990464069e+02 -5.5701e-01 -5.1906e-01 +2.8607e-01
166 +2.406527714e-01 +2.406527714e-01 -9.997593472e+02 -9.997593472e+02 +1.1169e-01 -2.1907e-01 -1.9250e-01
217 +7.956405464e-02 +7.956405464e-02 -9.999204359e+02 -9.999204359e+02 -2.5134e-01 +2.4756e-01 -3.4072e-01
491 +5.684547493e-02 +5.684547493e-02 -9.999431545e+02 -9.999431545e+02 -1.0993e-01 +3.2531e-01 -3.3512e-01
829 +2.796590980e-02 +2.796590980e-02 -9.999720341e+02 -9.999720341e+02 -1.5817e-01 +1.5646e-01 -2.4739e-01
850 +2.472577203e-02 +2.472577203e-02 -9.999752742e+02 -9.999752742e+02 -3.3940e-02 +1.6170e-01 -2.5599e-01
879 +4.992648470e-03 +4.992648470e-03 -9.999950074e+02 -9.999950074e+02 -1.0143e-01 +2.9252e-01 -1.0507e-01
908 +2.088512572e-03 +2.088512572e-03 -9.999979115e+02 -9.999979115e+02 -3.3079e-02 +2.4123e-01 -1.1856e-01
1370 +9.386363881e-04 +9.386363881e-04 -9.999990614e+02 -9.999990614e+02 -6.2110e-02 +2.4793e-01 -1.0195e-01
1650 +2.056718733e-05 +2.056718733e-05 -9.999999794e+02 -9.999999794e+02 -7.7906e-02 +2.2978e-01 -1.1598e-01
2227 +1.247555520e-05 +1.247555520e-05 -9.999999875e+02 -9.999999875e+02 -7.6273e-02 +2.2970e-01 -1.2305e-01
2907 +4.615797025e-07 +4.615797025e-07 -9.999999995e+02 -9.999999995e+02 -7.7058e-02 +2.2743e-01 -1.1973e-01
3610 +3.421498604e-07 +3.421498604e-07 -9.999999997e+02 -9.999999997e+02 -7.6923e-02 +2.2799e-01 -1.1943e-01
3770 +1.894807156e-08 +1.894807156e-08 -1.000000000e+03 -1.000000000e+03 -7.6863e-02 +2.2806e-01 -1.2011e-01
4170 +9.360405784e-09 +9.360405784e-09 -1.000000000e+03 -1.000000000e+03 -7.6847e-02 +2.2798e-01 -1.2008e-01
4958 +5.575884643e-09 +5.575884643e-09 -1.000000000e+03 -1.000000000e+03 -7.6768e-02 +2.2806e-01 -1.2003e-01
5130 +3.538616511e-09 +3.538616511e-09 -1.000000000e+03 -1.000000000e+03 -7.6789e-02 +2.2804e-01 -1.2004e-01
5410 +2.010892786e-09 +2.010892786e-09 -1.000000000e+03 -1.000000000e+03 -7.6781e-02 +2.2804e-01 -1.1999e-01
5514 +6.458549251e-10 +6.458549251e-10 -1.000000000e+03 -1.000000000e+03 -7.6803e-02 +2.2802e-01 -1.2002e-01
5530 +5.210267773e-10 +5.210267773e-10 -1.000000000e+03 -1.000000000e+03 -7.6789e-02 +2.2799e-01 -1.1998e-01
5794 +2.863771442e-10 +2.863771442e-10 -1.000000000e+03 -1.000000000e+03 -7.6804e-02 +2.2802e-01 -1.2000e-01
6074 +2.557953849e-11 +2.557953849e-11 -1.000000000e+03 -1.000000000e+03 -7.6799e-02 +2.2800e-01 -1.2000e-01
6090 +1.170974429e-11 +1.170974429e-11 -1.000000000e+03 -1.000000000e+03 -7.6798e-02 +2.2800e-01 -1.2000e-01
6490 +5.229594535e-12 +5.229594535e-12 -1.000000000e+03 -1.000000000e+03 -7.6802e-02 +2.2800e-01 -1.2000e-01
7010 +2.501110430e-12 +2.501110430e-12 -1.000000000e+03 -1.000000000e+03 -7.6801e-02 +2.2800e-01 -1.2000e-01
8118 +1.477928890e-12 +1.477928890e-12 -1.000000000e+03 -1.000000000e+03 -7.6800e-02 +2.2800e-01 -1.2000e-01
8130 +5.684341886e-13 +5.684341886e-13 -1.000000000e+03 -1.000000000e+03 -7.6800e-02 +2.2800e-01 -1.2000e-01
8404 +3.410605132e-13 +3.410605132e-13 -1.000000000e+03 -1.000000000e+03 -7.6801e-02 +2.2800e-01 -1.2000e-01
8570 +2.273736754e-13 +2.273736754e-13 -1.000000000e+03 -1.000000000e+03 -7.6800e-02 +2.2800e-01 -1.2000e-01
8678 +1.136868377e-13 +1.136868377e-13 -1.000000000e+03 -1.000000000e+03 -7.6800e-02 +2.2800e-01 -1.2000e-01
8690 +0.000000000e+00 +0.000000000e+00 -1.000000000e+03 -1.000000000e+03 -7.6800e-02 +2.2800e-01 -1.2000e-01
% function evaluation | noise-free fitness - Fopt (-4.290000000000e+01) | best noise-free fitness - Fopt | measured fitness | best measured fitness | x1 | x2...
1 +4.524238963e+01 +4.524238963e+01 +2.342389635e+00 +2.342389635e+00 -2.8569e+00 +2.4835e+00 -1.2515e-02
6 +1.939925299e+01 +1.939925299e+01 -2.350074701e+01 -2.350074701e+01 +4.3078e+00 +1.4445e+00 -7.9612e-02
8 +9.243767392e+00 +9.243767392e+00 -3.365623261e+01 -3.365623261e+01 +2.1993e+00 -1.0819e-01 +2.2526e+00
48 +2.512863975e+00 +2.512863975e+00 -4.038713602e+01 -4.038713602e+01 +3.3676e+00 +1.2133e+00 +4.5802e+00
73 +9.310915886e-01 +9.310915886e-01 -4.196890841e+01 -4.196890841e+01 +3.0986e+00 +2.3560e+00 +3.0316e+00
94 +5.485966585e-01 +5.485966585e-01 -4.235140334e+01 -4.235140334e+01 +3.1330e+00 +2.3892e+00 +4.4185e+00
109 +9.260547343e-02 +9.260547343e-02 -4.280739453e+01 -4.280739453e+01 +2.7670e+00 +2.1710e+00 +3.9681e+00
205 +3.111839742e-02 +3.111839742e-02 -4.286888160e+01 -4.286888160e+01 +2.7898e+00 +2.3557e+00 +3.8369e+00
467 +2.443599326e-02 +2.443599326e-02 -4.287556401e+01 -4.287556401e+01 +2.6766e+00 +2.4579e+00 +3.7267e+00
681 +1.577187273e-03 +1.577187273e-03 -4.289842281e+01 -4.289842281e+01 +2.6253e+00 +2.4289e+00 +3.8346e+00
1233 +9.650264863e-04 +9.650264863e-04 -4.289903497e+01 -4.289903497e+01 +2.6627e+00 +2.4292e+00 +3.8654e+00
1304 +3.664400178e-04 +3.664400178e-04 -4.289963356e+01 -4.289963356e+01 +2.6145e+00 +2.4249e+00 +3.8787e+00
2084 +9.094218758e-05 +9.094218758e-05 -4.289990906e+01 -4.289990906e+01 +2.6394e+00 +2.4215e+00 +3.8698e+00
2190 +6.013930234e-05 +6.013930234e-05 -4.289993986e+01 -4.289993986e+01 +2.6380e+00 +2.4214e+00 +3.8738e+00
2430 +3.474248186e-05 +3.474248186e-05 -4.289996526e+01 -4.289996526e+01 +2.6356e+00 +2.4222e+00 +3.8721e+00
2649 +1.827501776e-05 +1.827501776e-05 -4.289998172e+01 -4.289998172e+01 +2.6314e+00 +2.4246e+00 +3.8767e+00
2841 +1.299195141e-05 +1.299195141e-05 -4.289998701e+01 -4.289998701e+01 +2.6336e+00 +2.4275e+00 +3.8771e+00
3084 +6.144105612e-06 +6.144105612e-06 -4.289999386e+01 -4.289999386e+01 +2.6306e+00 +2.4282e+00 +3.8740e+00
3241 +3.762932458e-06 +3.762932458e-06 -4.289999624e+01 -4.289999624e+01 +2.6339e+00 +2.4259e+00 +3.8727e+00
3310 +1.894459537e-06 +1.894459537e-06 -4.289999811e+01 -4.289999811e+01 +2.6330e+00 +2.4272e+00 +3.8722e+00
3550 +1.379403031e-06 +1.379403031e-06 -4.289999862e+01 -4.289999862e+01 +2.6327e+00 +2.4276e+00 +3.8725e+00
3647 +9.626082118e-07 +9.626082118e-07 -4.289999904e+01 -4.289999904e+01 +2.6324e+00 +2.4275e+00 +3.8745e+00
4007 +6.082500832e-07 +6.082500832e-07 -4.289999939e+01 -4.289999939e+01 +2.6321e+00 +2.4270e+00 +3.8733e+00
4127 +1.467834210e-07 +1.467834210e-07 -4.289999985e+01 -4.289999985e+01 +2.6327e+00 +2.4270e+00 +3.8739e+00
4167 +5.064522668e-08 +5.064522668e-08 -4.289999995e+01 -4.289999995e+01 +2.6329e+00 +2.4270e+00 +3.8737e+00
4367 +3.299830098e-08 +3.299830098e-08 -4.289999997e+01 -4.289999997e+01 +2.6327e+00 +2.4271e+00 +3.8736e+00
4433 +1.604476552e-08 +1.604476552e-08 -4.289999998e+01 -4.289999998e+01 +2.6329e+00 +2.4271e+00 +3.8737e+00
4633 +1.494456114e-08 +1.494456114e-08 -4.289999999e+01 -4.289999999e+01 +2.6327e+00 +2.4271e+00 +3.8736e+00
4647 +7.537167335e-09 +7.537167335e-09 -4.289999999e+01 -4.289999999e+01 +2.6328e+00 +2.4271e+00 +3.8737e+00
4687 +6.039250877e-09 +6.039250877e-09 -4.289999999e+01 -4.289999999e+01 +2.6328e+00 +2.4271e+00 +3.8736e+00
5188 +9.288001479e-10 +9.288001479e-10 -4.290000000e+01 -4.290000000e+01 +2.6328e+00 +2.4272e+00 +3.8736e+00
5927 +4.572484613e-10 +4.572484613e-10 -4.290000000e+01 -4.290000000e+01 +2.6328e+00 +2.4272e+00 +3.8736e+00
5967 +3.932001391e-10 +3.932001391e-10 -4.290000000e+01 -4.290000000e+01 +2.6328e+00 +2.4272e+00 +3.8736e+00
6087 +8.046185940e-11 +8.046185940e-11 -4.290000000e+01 -4.290000000e+01 +2.6328e+00 +2.4272e+00 +3.8736e+00
6681 +4.099831585e-11 +4.099831585e-11 -4.290000000e+01 -4.290000000e+01 +2.6328e+00 +2.4272e+00 +3.8736e+00
6833 +1.837463515e-11 +1.837463515e-11 -4.290000000e+01 -4.290000000e+01 +2.6328e+00 +2.4272e+00 +3.8736e+00
7198 +7.631228982e-12 +7.631228982e-12 -4.290000000e+01 -4.290000000e+01 +2.6328e+00 +2.4272e+00 +3.8736e+00
7233 +9.805489753e-13 +9.805489753e-13 -4.290000000e+01 -4.290000000e+01 +2.6328e+00 +2.4272e+00 +3.8736e+00
7905 +9.237055565e-14 +9.237055565e-14 -4.290000000e+01 -4.290000000e+01 +2.6328e+00 +2.4272e+00 +3.8736e+00
8785 +4.973799150e-14 +4.973799150e-14 -4.290000000e+01 -4.290000000e+01 +2.6328e+00 +2.4272e+00 +3.8736e+00
8985 +2.842170943e-14 +2.842170943e-14 -4.290000000e+01 -4.290000000e+01 +2.6328e+00 +2.4272e+00 +3.8736e+00
9210 +2.131628207e-14 +2.131628207e-14 -4.290000000e+01 -4.290000000e+01 +2.6328e+00 +2.4272e+00 +3.8736e+00
9505 +1.421085472e-14 +1.421085472e-14 -4.290000000e+01 -4.290000000e+01 +2.6328e+00 +2.4272e+00 +3.8736e+00
9581 +7.105427358e-15 +7.105427358e-15 -4.290000000e+01 -4.290000000e+01 +2.6328e+00 +2.4272e+00 +3.8736e+00
9890 +0.000000000e+00 +0.000000000e+00 -4.290000000e+01 -4.290000000e+01 +2.6328e+00 +2.4272e+00 +3.8736e+00
% function evaluation | noise-free fitness - Fopt (-1.013200000000e+02) | best noise-free fitness - Fopt | measured fitness | best measured fitness | x1 | x2...
1 +5.405680979e+01 +5.405680979e+01 -4.726319021e+01 -4.726319021e+01 -2.3459e+00 -2.9044e+00 +4.3573e+00
2 +3.825550141e+01 +3.825550141e+01 -6.306449859e+01 -6.306449859e+01 +2.9035e-01 -1.2554e+00 -2.5200e+00
6 +4.081410078e+00 +4.081410078e+00 -9.723858992e+01 -9.723858992e+01 +3.5809e+00 +2.4574e+00 +2.6392e+00
14 +3.684251777e+00 +3.684251777e+00 -9.763574822e+01 -9.763574822e+01 +1.7899e+00 +4.4518e+00 +2.8663e+00
49 +2.339773215e+00 +2.339773215e+00 -9.898022678e+01 -9.898022678e+01 +1.3790e+00 +4.0011e+00 +2.8022e+00
72 +7.471804895e-01 +7.471804895e-01 -1.005728195e+02 -1.005728195e+02 +2.3988e+00 +2.3494e+00 +1.6740e+00
103 +4.646042446e-01 +4.646042446e-01 -1.008553958e+02 -1.008553958e+02 +2.3476e+00 +2.5537e+00 +1.9950e+00
131 +6.422003743e-02 +6.422003743e-02 -1.012557800e+02 -1.012557800e+02 +1.6119e+00 +2.5219e+00 +2.0242e+00
209 +6.458902245e-03 +6.458902245e-03 -1.013135411e+02 -1.013135411e+02 +1.7624e+00 +2.7161e+00 +1.9486e+00
967 +1.313991141e-03 +1.313991141e-03 -1.013186860e+02 -1.013186860e+02 +1.6989e+00 +2.7256e+00 +1.9944e+00
1927 +8.893318289e-04 +8.893318289e-04 -1.013191107e+02 -1.013191107e+02 +1.7109e+00 +2.7290e+00 +1.9746e+00
1949 +3.024411439e-04 +3.024411439e-04 -1.013196976e+02 -1.013196976e+02 +1.7046e+00 +2.7397e+00 +1.9752e+00
2007 +1.383079713e-04 +1.383079713e-04 -1.013198617e+02 -1.013198617e+02 +1.6983e+00 +2.7435e+00 +1.9736e+00
2146 +8.894779502e-05 +8.894779502e-05 -1.013199111e+02 -1.013199111e+02 +1.6958e+00 +2.7462e+00 +1.9709e+00
2527 +3.810947936e-05 +3.810947936e-05 -1.013199619e+02 -1.013199619e+02 +1.6910e+00 +2.7533e+00 +1.9726e+00
2666 +1.143475600e-06 +1.143475600e-06 -1.013199989e+02 -1.013199989e+02 +1.6965e+00 +2.7545e+00 +1.9729e+00
2767 +3.646831459e-07 +3.646831459e-07 -1.013199996e+02 -1.013199996e+02 +1.6969e+00 +2.7549e+00 +1.9731e+00
3207 +8.891717584e-08 +8.891717584e-08 -1.013199999e+02 -1.013199999e+02 +1.6969e+00 +2.7551e+00 +1.9738e+00
3887 +3.448606378e-08 +3.448606378e-08 -1.013200000e+02 -1.013200000e+02 +1.6967e+00 +2.7553e+00 +1.9736e+00
4285 +1.236671210e-08 +1.236671210e-08 -1.013200000e+02 -1.013200000e+02 +1.6969e+00 +2.7552e+00 +1.9735e+00
4416 +6.034014177e-09 +6.034014177e-09 -1.013200000e+02 -1.013200000e+02 +1.6968e+00 +2.7552e+00 +1.9735e+00
4687 +3.788883873e-09 +3.788883873e-09 -1.013200000e+02 -1.013200000e+02 +1.6968e+00 +2.7552e+00 +1.9736e+00
5016 +2.186865800e-09 +2.186865800e-09 -1.013200000e+02 -1.013200000e+02 +1.6968e+00 +2.7552e+00 +1.9736e+00
5047 +1.491713419e-09 +1.491713419e-09 -1.013200000e+02 -1.013200000e+02 +1.6968e+00 +2.7552e+00 +1.9736e+00
5287 +6.272387054e-10 +6.272387054e-10 -1.013200000e+02 -1.013200000e+02 +1.6968e+00 +2.7552e+00 +1.9736e+00
5407 +1.332409738e-10 +1.332409738e-10 -1.013200000e+02 -1.013200000e+02 +1.6968e+00 +2.7552e+00 +1.9736e+00
5958 +4.887112937e-11 +4.887112937e-11 -1.013200000e+02 -1.013200000e+02 +1.6968e+00 +2.7552e+00 +1.9736e+00
6607 +2.799538379e-11 +2.799538379e-11 -1.013200000e+02 -1.013200000e+02 +1.6968e+00 +2.7552e+00 +1.9736e+00
6647 +4.220623850e-12 +4.220623850e-12 -1.013200000e+02 -1.013200000e+02 +1.6968e+00 +2.7552e+00 +1.9736e+00
6958 +2.486899575e-12 +2.486899575e-12 -1.013200000e+02 -1.013200000e+02 +1.6968e+00 +2.7552e+00 +1.9736e+00
7078 +1.364242053e-12 +1.364242053e-12 -1.013200000e+02 -1.013200000e+02 +1.6968e+00 +2.7552e+00 +1.9736e+00
7200 +8.526512829e-13 +8.526512829e-13 -1.013200000e+02 -1.013200000e+02 +1.6968e+00 +2.7552e+00 +1.9736e+00
7358 +5.400124792e-13 +5.400124792e-13 -1.013200000e+02 -1.013200000e+02 +1.6968e+00 +2.7552e+00 +1.9736e+00
7447 +2.842170943e-13 +2.842170943e-13 -1.013200000e+02 -1.013200000e+02 +1.6968e+00 +2.7552e+00 +1.9736e+00
7600 +1.847411113e-13 +1.847411113e-13 -1.013200000e+02 -1.013200000e+02 +1.6968e+00 +2.7552e+00 +1.9736e+00
7720 +5.684341886e-14 +5.684341886e-14 -1.013200000e+02 -1.013200000e+02 +1.6968e+00 +2.7552e+00 +1.9736e+00
8600 +2.842170943e-14 +2.842170943e-14 -1.013200000e+02 -1.013200000e+02 +1.6968e+00 +2.7552e+00 +1.9736e+00
8920 +1.421085472e-14 +1.421085472e-14 -1.013200000e+02 -1.013200000e+02 +1.6968e+00 +2.7552e+00 +1.9736e+00
10158 +0.000000000e+00 +0.000000000e+00 -1.013200000e+02 -1.013200000e+02 +1.6968e+00 +2.7552e+00 +1.9736e+00
% function evaluation | noise-free fitness - Fopt (3.650000000000e+00) | best noise-free fitness - Fopt | measured fitness | best measured fitness | x1 | x2...
1 +4.324378431e+01 +4.324378431e+01 +4.689378431e+01 +4.689378431e+01 +2.0637e-02 +2.5837e+00 -4.1875e+00
2 +2.208868346e+01 +2.208868346e+01 +2.573868346e+01 +2.573868346e+01 -2.4454e-01 -5.4085e-01 +4.9433e+00
5 +1.418908063e+01 +1.418908063e+01 +1.783908063e+01 +1.783908063e+01 +3.8098e+00 -5.7914e-01 -5.8958e-01
8 +3.966991277e+00 +3.966991277e+00 +7.616991277e+00 +7.616991277e+00 -4.5603e-01 -2.2380e+00 -1.2016e+00
11 +1.828054578e+00 +1.828054578e+00 +5.478054578e+00 +5.478054578e+00 +1.8269e+00 -1.7451e+00 +5.3300e-01
51 +1.393854222e+00 +1.393854222e+00 +5.043854222e+00 +5.043854222e+00 -2.5552e-01 -2.7191e+00 +2.5774e-03
66 +1.015778065e-01 +1.015778065e-01 +3.751577806e+00 +3.751577806e+00 +7.0451e-01 -2.1439e+00 +3.5936e-01
496 +2.351521303e-02 +2.351521303e-02 +3.673515213e+00 +3.673515213e+00 +4.6255e-01 -2.0454e+00 +3.9669e-01
593 +6.685057699e-03 +6.685057699e-03 +3.656685058e+00 +3.656685058e+00 +5.1950e-01 -2.0147e+00 +4.6225e-01
910 +2.101194446e-03 +2.101194446e-03 +3.652101194e+00 +3.652101194e+00 +4.8431e-01 -2.0093e+00 +5.0088e-01
990 +1.576999899e-03 +1.576999899e-03 +3.651577000e+00 +3.651577000e+00 +4.7038e-01 -1.9916e+00 +5.0228e-01
1320 +9.955939767e-04 +9.955939767e-04 +3.650995594e+00 +3.650995594e+00 +4.9537e-01 -1.9616e+00 +4.9998e-01
1858 +4.825787545e-04 +4.825787545e-04 +3.650482579e+00 +3.650482579e+00 +4.7740e-01 -1.9878e+00 +5.3257e-01
1881 +3.453423233e-04 +3.453423233e-04 +3.650345342e+00 +3.650345342e+00 +4.8207e-01 -1.9855e+00 +5.2045e-01
1895 +7.178576611e-05 +7.178576611e-05 +3.650071786e+00 +3.650071786e+00 +5.0045e-01 -1.9715e+00 +5.3399e-01
2393 +2.734954280e-05 +2.734954280e-05 +3.650027350e+00 +3.650027350e+00 +4.9787e-01 -1.9757e+00 +5.3250e-01
2616 +2.323054393e-06 +2.323054393e-06 +3.650002323e+00 +3.650002323e+00 +4.9474e-01 -1.9755e+00 +5.2983e-01
3507 +5.207328835e-07 +5.207328835e-07 +3.650000521e+00 +3.650000521e+00 +4.9471e-01 -1.9743e+00 +5.2816e-01
3592 +2.912114216e-07 +2.912114216e-07 +3.650000291e+00 +3.650000291e+00 +4.9425e-01 -1.9748e+00 +5.2906e-01
3993 +1.384087009e-07 +1.384087009e-07 +3.650000138e+00 +3.650000138e+00 +4.9427e-01 -1.9747e+00 +5.2894e-01
4536 +9.832929715e-08 +9.832929715e-08 +3.650000098e+00 +3.650000098e+00 +4.9432e-01 -1.9747e+00 +5.2866e-01
4541 +4.317568481e-08 +4.317568481e-08 +3.650000043e+00 +3.650000043e+00 +4.9440e-01 -1.9745e+00 +5.2900e-01
4669 +3.004293747e-08 +3.004293747e-08 +3.650000030e+00 +3.650000030e+00 +4.9454e-01 -1.9744e+00 +5.2890e-01
4989 +7.696426163e-09 +7.696426163e-09 +3.650000008e+00 +3.650000008e+00 +4.9432e-01 -1.9744e+00 +5.2882e-01
5117 +1.929010285e-09 +1.929010285e-09 +3.650000002e+00 +3.650000002e+00 +4.9436e-01 -1.9744e+00 +5.2879e-01
5504 +8.352687431e-10 +8.352687431e-10 +3.650000001e+00 +3.650000001e+00 +4.9438e-01 -1.9744e+00 +5.2880e-01
5584 +4.516107488e-10 +4.516107488e-10 +3.650000000e+00 +3.650000000e+00 +4.9442e-01 -1.9744e+00 +5.2880e-01
5832 +3.207780708e-10 +3.207780708e-10 +3.650000000e+00 +3.650000000e+00 +4.9441e-01 -1.9744e+00 +5.2878e-01
6037 +1.092890223e-10 +1.092890223e-10 +3.650000000e+00 +3.650000000e+00 +4.9441e-01 -1.9744e+00 +5.2880e-01
6152 +1.853583953e-11 +1.853583953e-11 +3.650000000e+00 +3.650000000e+00 +4.9440e-01 -1.9744e+00 +5.2880e-01
6592 +1.375743963e-11 +1.375743963e-11 +3.650000000e+00 +3.650000000e+00 +4.9440e-01 -1.9744e+00 +5.2880e-01
6837 +2.986055847e-12 +2.986055847e-12 +3.650000000e+00 +3.650000000e+00 +4.9440e-01 -1.9744e+00 +5.2880e-01
7304 +5.675460102e-13 +5.675460102e-13 +3.650000000e+00 +3.650000000e+00 +4.9440e-01 -1.9744e+00 +5.2880e-01
7504 +3.894662370e-13 +3.894662370e-13 +3.650000000e+00 +3.650000000e+00 +4.9440e-01 -1.9744e+00 +5.2880e-01
8352 +1.669775429e-13 +1.669775429e-13 +3.650000000e+00 +3.650000000e+00 +4.9440e-01 -1.9744e+00 +5.2880e-01
8432 +7.771561172e-14 +7.771561172e-14 +3.650000000e+00 +3.650000000e+00 +4.9440e-01 -1.9744e+00 +5.2880e-01
8738 +2.486899575e-14 +2.486899575e-14 +3.650000000e+00 +3.650000000e+00 +4.9440e-01 -1.9744e+00 +5.2880e-01
9117 +5.773159728e-15 +5.773159728e-15 +3.650000000e+00 +3.650000000e+00 +4.9440e-01 -1.9744e+00 +5.2880e-01
9477 +4.440892099e-16 +4.440892099e-16 +3.650000000e+00 +3.650000000e+00 +4.9440e-01 -1.9744e+00 +5.2880e-01
10317 +0.000000000e+00 +0.000000000e+00 +3.650000000e+00 +3.650000000e+00 +4.9440e-01 -1.9744e+00 +5.2880e-01
% function evaluation | noise-free fitness - Fopt (2.205300000000e+02) | best noise-free fitness - Fopt | measured fitness | best measured fitness | x1 | x2...
1 +1.215910018e+02 +1.215910018e+02 +3.421210018e+02 +3.421210018e+02 -2.9025e+00 +4.0615e+00 -3.9695e+00
2 +3.960783219e+01 +3.960783219e+01 +2.601378322e+02 +2.601378322e+02 -1.7791e+00 +1.2736e-01 -4.4744e-02
5 +3.614063882e+00 +3.614063882e+00 +2.241440639e+02 +2.241440639e+02 +4.2929e+00 -2.6119e+00 +1.5901e+00
13 +9.050474530e-01 +9.050474530e-01 +2.214350475e+02 +2.214350475e+02 +2.1241e+00 -3.7279e+00 +1.3119e+00
52 +6.011339469e-01 +6.011339469e-01 +2.211311339e+02 +2.211311339e+02 +3.1503e+00 -4.5494e+00 +6.6029e-01
152 +1.966577376e-01 +1.966577376e-01 +2.207266577e+02 +2.207266577e+02 +3.0710e+00 -4.0764e+00 +5.8001e-01
210 +1.473281095e-01 +1.473281095e-01 +2.206773281e+02 +2.206773281e+02 +3.1725e+00 -3.6224e+00 +1.2089e+00
356 +8.603088629e-02 +8.603088629e-02 +2.206160309e+02 +2.206160309e+02 +2.9726e+00 -3.7318e+00 +6.8460e-01
436 +5.488161257e-02 +5.488161257e-02 +2.205848816e+02 +2.205848816e+02 +3.0262e+00 -3.7735e+00 +7.3265e-01
461 +8.371451987e-03 +8.371451987e-03 +2.205383715e+02 +2.205383715e+02 +3.0483e+00 -3.8214e+00 +8.8202e-01
658 +4.006469233e-03 +4.006469233e-03 +2.205340065e+02 +2.205340065e+02 +3.0523e+00 -3.8211e+00 +9.3842e-01
858 +1.427375402e-03 +1.427375402e-03 +2.205314274e+02 +2.205314274e+02 +3.0229e+00 -3.8333e+00 +9.7584e-01
1318 +8.902807302e-04 +8.902807302e-04 +2.205308903e+02 +2.205308903e+02 +3.0131e+00 -3.8634e+00 +9.7248e-01
1407 +5.677609750e-04 +5.677609750e-04 +2.205305678e+02 +2.205305678e+02 +3.0084e+00 -3.8651e+00 +9.6460e-01
1478 +3.733485585e-04 +3.733485585e-04 +2.205303733e+02 +2.205303733e+02 +3.0128e+00 -3.8511e+00 +9.6323e-01
1688 +1.603917258e-04 +1.603917258e-04 +2.205301604e+02 +2.205301604e+02 +3.0039e+00 -3.8581e+00 +9.4995e-01
1745 +1.119431479e-04 +1.119431479e-04 +2.205301119e+02 +2.205301119e+02 +2.9866e+00 -3.8508e+00 +9.5357e-01
1838 +9.923542765e-05 +9.923542765e-05 +2.205300992e+02 +2.205300992e+02 +2.9869e+00 -3.8469e+00 +9.5326e-01
1918 +7.927050490e-06 +7.927050490e-06 +2.205300079e+02 +2.205300079e+02 +2.9973e+00 -3.8475e+00 +9.5007e-01
2502 +5.343142107e-06 +5.343142107e-06 +2.205300053e+02 +2.205300053e+02 +2.9968e+00 -3.8460e+00 +9.5168e-01
2558 +2.311840603e-07 +2.311840603e-07 +2.205300002e+02 +2.205300002e+02 +2.9970e+00 -3.8481e+00 +9.5237e-01
3298 +8.635331028e-08 +8.635331028e-08 +2.205300001e+02 +2.205300001e+02 +2.9969e+00 -3.8479e+00 +9.5304e-01
3606 +5.353598453e-08 +5.353598453e-08 +2.205300001e+02 +2.205300001e+02 +2.9969e+00 -3.8479e+00 +9.5262e-01
3665 +7.953303793e-09 +7.953303793e-09 +2.205300000e+02 +2.205300000e+02 +2.9969e+00 -3.8480e+00 +9.5280e-01
4553 +3.028986839e-09 +3.028986839e-09 +2.205300000e+02 +2.205300000e+02 +2.9968e+00 -3.8480e+00 +9.5284e-01
4976 +1.338435140e-09 +1.338435140e-09 +2.205300000e+02 +2.205300000e+02 +2.9968e+00 -3.8480e+00 +9.5278e-01
5578 +9.604832485e-10 +9.604832485e-10 +2.205300000e+02 +2.205300000e+02 +2.9968e+00 -3.8480e+00 +9.5280e-01
5978 +1.867306310e-11 +1.867306310e-11 +2.205300000e+02 +2.205300000e+02 +2.9968e+00 -3.8480e+00 +9.5280e-01
6138 +9.322320693e-12 +9.322320693e-12 +2.205300000e+02 +2.205300000e+02 +2.9968e+00 -3.8480e+00 +9.5280e-01
6433 +4.206412996e-12 +4.206412996e-12 +2.205300000e+02 +2.205300000e+02 +2.9968e+00 -3.8480e+00 +9.5280e-01
6622 +2.160049917e-12 +2.160049917e-12 +2.205300000e+02 +2.205300000e+02 +2.9968e+00 -3.8480e+00 +9.5280e-01
7138 +1.165290087e-12 +1.165290087e-12 +2.205300000e+02 +2.205300000e+02 +2.9968e+00 -3.8480e+00 +9.5280e-01
7633 +1.989519660e-13 +1.989519660e-13 +2.205300000e+02 +2.205300000e+02 +2.9968e+00 -3.8480e+00 +9.5280e-01
8273 +1.421085472e-13 +1.421085472e-13 +2.205300000e+02 +2.205300000e+02 +2.9968e+00 -3.8480e+00 +9.5280e-01
8398 +5.684341886e-14 +5.684341886e-14 +2.205300000e+02 +2.205300000e+02 +2.9968e+00 -3.8480e+00 +9.5280e-01
8478 +2.842170943e-14 +2.842170943e-14 +2.205300000e+02 +2.205300000e+02 +2.9968e+00 -3.8480e+00 +9.5280e-01
8755 +0.000000000e+00 +0.000000000e+00 +2.205300000e+02 +2.205300000e+02 +2.9968e+00 -3.8480e+00 +9.5280e-01
% function evaluation | noise-free fitness - Fopt (4.212900000000e+02) | best noise-free fitness - Fopt | measured fitness | best measured fitness | x1 | x2...
1 +3.001058321e+01 +3.001058321e+01 +4.513005832e+02 +4.513005832e+02 -3.6417e+00 -1.9352e+00 -4.9930e-01
3 +2.198861112e+01 +2.198861112e+01 +4.432786111e+02 +4.432786111e+02 -1.0226e+00 -2.2487e-01 +2.0257e+00
5 +1.308085115e+01 +1.308085115e+01 +4.343708511e+02 +4.343708511e+02 -3.6068e+00 +3.2471e-01 -9.5504e-01
11 +8.160274964e+00 +8.160274964e+00 +4.294502750e+02 +4.294502750e+02 -1.9738e+00 +2.8699e+00 -9.5014e-01
17 +1.375002764e+00 +1.375002764e+00 +4.226650028e+02 +4.226650028e+02 -3.5518e+00 +3.9953e+00 +2.0275e-01
106 +8.893641093e-01 +8.893641093e-01 +4.221793641e+02 +4.221793641e+02 -3.2710e+00 +3.4049e+00 +4.1914e-01
132 +3.470825810e-01 +3.470825810e-01 +4.216370826e+02 +4.216370826e+02 -4.4141e+00 +3.5457e+00 +1.3413e+00
223 +1.325244153e-01 +1.325244153e-01 +4.214225244e+02 +4.214225244e+02 -4.1878e+00 +3.4489e+00 +1.3019e+00
282 +4.279383494e-02 +4.279383494e-02 +4.213327938e+02 +4.213327938e+02 -4.1187e+00 +3.3829e+00 +9.6399e-01
371 +3.431339913e-02 +3.431339913e-02 +4.213243134e+02 +4.213243134e+02 -3.8051e+00 +3.3757e+00 +1.1488e+00
385 +1.800220131e-02 +1.800220131e-02 +4.213080022e+02 +4.213080022e+02 -4.0775e+00 +3.3279e+00 +1.1092e+00
505 +3.420544471e-03 +3.420544471e-03 +4.212934205e+02 +4.212934205e+02 -3.9054e+00 +3.3245e+00 +1.0902e+00
834 +5.682578548e-04 +5.682578548e-04 +4.212905683e+02 +4.212905683e+02 -3.9516e+00 +3.2851e+00 +1.0728e+00
1305 +2.663372260e-04 +2.663372260e-04 +4.212902663e+02 +4.212902663e+02 -3.9493e+00 +3.3011e+00 +1.0772e+00
1314 +2.238025731e-04 +2.238025731e-04 +4.212902238e+02 +4.212902238e+02 -3.9557e+00 +3.3195e+00 +1.0554e+00
1514 +1.516362122e-04 +1.516362122e-04 +4.212901516e+02 +4.212901516e+02 -3.9559e+00 +3.2965e+00 +1.0554e+00
1794 +7.904391498e-05 +7.904391498e-05 +4.212900790e+02 +4.212900790e+02 -3.9558e+00 +3.3115e+00 +1.0554e+00
1801 +2.143623396e-05 +2.143623396e-05 +4.212900214e+02 +4.212900214e+02 -3.9561e+00 +3.3042e+00 +1.0656e+00
1874 +1.069358365e-05 +1.069358365e-05 +4.212900107e+02 +4.212900107e+02 -3.9560e+00 +3.3047e+00 +1.0638e+00
2236 +6.343243626e-06 +6.343243626e-06 +4.212900063e+02 +4.212900063e+02 -3.9521e+00 +3.3047e+00 +1.0613e+00
2681 +5.639828203e-06 +5.639828203e-06 +4.212900056e+02 +4.212900056e+02 -3.9529e+00 +3.3050e+00 +1.0606e+00
2761 +2.923001489e-06 +2.923001489e-06 +4.212900029e+02 +4.212900029e+02 -3.9527e+00 +3.3049e+00 +1.0625e+00
3034 +1.084442601e-06 +1.084442601e-06 +4.212900011e+02 +4.212900011e+02 -3.9541e+00 +3.3063e+00 +1.0633e+00
3114 +1.056667429e-07 +1.056667429e-07 +4.212900001e+02 +4.212900001e+02 -3.9539e+00 +3.3063e+00 +1.0623e+00
3274 +3.306809049e-08 +3.306809049e-08 +4.212900000e+02 +4.212900000e+02 -3.9536e+00 +3.3065e+00 +1.0625e+00
3994 +2.270121513e-08 +2.270121513e-08 +4.212900000e+02 +4.212900000e+02 -3.9536e+00 +3.3066e+00 +1.0624e+00
4001 +6.425807442e-09 +6.425807442e-09 +4.212900000e+02 +4.212900000e+02 -3.9536e+00 +3.3065e+00 +1.0624e+00
4321 +1.310979769e-09 +1.310979769e-09 +4.212900000e+02 +4.212900000e+02 -3.9536e+00 +3.3064e+00 +1.0624e+00
4521 +1.521698323e-10 +1.521698323e-10 +4.212900000e+02 +4.212900000e+02 -3.9536e+00 +3.3064e+00 +1.0624e+00
5809 +7.219114195e-11 +7.219114195e-11 +4.212900000e+02 +4.212900000e+02 -3.9536e+00 +3.3064e+00 +1.0624e+00
6001 +3.882405508e-11 +3.882405508e-11 +4.212900000e+02 +4.212900000e+02 -3.9536e+00 +3.3064e+00 +1.0624e+00
6089 +2.046363079e-11 +2.046363079e-11 +4.212900000e+02 +4.212900000e+02 -3.9536e+00 +3.3064e+00 +1.0624e+00
6561 +8.185452316e-12 +8.185452316e-12 +4.212900000e+02 +4.212900000e+02 -3.9536e+00 +3.3064e+00 +1.0624e+00
6609 +2.103206498e-12 +2.103206498e-12 +4.212900000e+02 +4.212900000e+02 -3.9536e+00 +3.3064e+00 +1.0624e+00
6889 +7.389644452e-13 +7.389644452e-13 +4.212900000e+02 +4.212900000e+02 -3.9536e+00 +3.3064e+00 +1.0624e+00
7121 +6.252776075e-13 +6.252776075e-13 +4.212900000e+02 +4.212900000e+02 -3.9536e+00 +3.3064e+00 +1.0624e+00
7401 +3.410605132e-13 +3.410605132e-13 +4.212900000e+02 +4.212900000e+02 -3.9536e+00 +3.3064e+00 +1.0624e+00
7481 +1.136868377e-13 +1.136868377e-13 +4.212900000e+02 +4.212900000e+02 -3.9536e+00 +3.3064e+00 +1.0624e+00
7881 +0.000000000e+00 +0.000000000e+00 +4.212900000e+02 +4.212900000e+02 -3.9536e+00 +3.3064e+00 +1.0624e+00
% function evaluation | noise-free fitness - Fopt (-7.900000000000e+01) | best noise-free fitness - Fopt | measured fitness | best measured fitness | x1 | x2...
1 +3.815019124e+01 +3.815019124e+01 -4.084980876e+01 -4.084980876e+01 +3.6183e-01 +1.4293e+00 -4.6820e+00
7 +2.464496928e+01 +2.464496928e+01 -5.435503072e+01 -5.435503072e+01 +3.0251e-01 -2.3028e+00 -7.0047e-01
9 +1.520312571e+01 +1.520312571e+01 -6.379687429e+01 -6.379687429e+01 -3.5540e+00 +2.8347e+00 +3.9516e+00
10 +8.261342535e+00 +8.261342535e+00 -7.073865746e+01 -7.073865746e+01 -2.5511e+00 +1.0566e-02 +3.0437e+00
21 +5.136871777e+00 +5.136871777e+00 -7.386312822e+01 -7.386312822e+01 -1.7722e+00 +2.6707e+00 +1.5844e+00
63 +1.069260966e+00 +1.069260966e+00 -7.793073903e+01 -7.793073903e+01 -3.5943e+00 +3.5170e-01 +7.7663e-01
88 +5.563747329e-01 +5.563747329e-01 -7.844362527e+01 -7.844362527e+01 -2.5896e+00 +1.7596e+00 +4.6991e-01
198 +1.875594658e-01 +1.875594658e-01 -7.881244053e+01 -7.881244053e+01 -3.2533e+00 +1.3304e+00 +1.1507e-01
484 +1.380109569e-01 +1.380109569e-01 -7.886198904e+01 -7.886198904e+01 -2.9907e+00 +1.0317e+00 +8.0112e-01
537 +8.547711257e-02 +8.547711257e-02 -7.891452289e+01 -7.891452289e+01 -3.1442e+00 +1.2592e+00 +7.2331e-01
564 +4.143240222e-02 +4.143240222e-02 -7.895856760e+01 -7.895856760e+01 -2.9736e+00 +1.2809e+00 +3.0715e-01
644 +2.912024712e-02 +2.912024712e-02 -7.897087975e+01 -7.897087975e+01 -3.0085e+00 +1.2722e+00 +5.9337e-01
804 +8.377944033e-03 +8.377944033e-03 -7.899162206e+01 -7.899162206e+01 -2.9996e+00 +1.2273e+00 +5.1533e-01
1004 +5.215012515e-03 +5.215012515e-03 -7.899478499e+01 -7.899478499e+01 -3.0009e+00 +1.1626e+00 +5.1564e-01
1204 +3.925591094e-03 +3.925591094e-03 -7.899607441e+01 -7.899607441e+01 -3.0002e+00 +1.1566e+00 +4.9931e-01
1219 +2.724923433e-04 +2.724923433e-04 -7.899972751e+01 -7.899972751e+01 -3.0626e+00 +1.1699e+00 +4.6913e-01
1364 +4.076006879e-05 +4.076006879e-05 -7.899995924e+01 -7.899995924e+01 -3.0487e+00 +1.1735e+00 +4.5567e-01
2244 +2.159151940e-05 +2.159151940e-05 -7.899997841e+01 -7.899997841e+01 -3.0513e+00 +1.1727e+00 +4.5876e-01
2524 +1.443248611e-05 +1.443248611e-05 -7.899998557e+01 -7.899998557e+01 -3.0493e+00 +1.1728e+00 +4.5840e-01
2598 +7.277589447e-06 +7.277589447e-06 -7.899999272e+01 -7.899999272e+01 -3.0486e+00 +1.1706e+00 +4.5905e-01
2684 +5.496254474e-06 +5.496254474e-06 -7.899999450e+01 -7.899999450e+01 -3.0478e+00 +1.1691e+00 +4.6065e-01
2764 +3.231344849e-06 +3.231344849e-06 -7.899999677e+01 -7.899999677e+01 -3.0492e+00 +1.1703e+00 +4.6061e-01
2804 +1.862439461e-06 +1.862439461e-06 -7.899999814e+01 -7.899999814e+01 -3.0475e+00 +1.1704e+00 +4.6062e-01
3056 +1.208602441e-06 +1.208602441e-06 -7.899999879e+01 -7.899999879e+01 -3.0471e+00 +1.1717e+00 +4.6127e-01
3216 +5.961734786e-07 +5.961734786e-07 -7.899999940e+01 -7.899999940e+01 -3.0474e+00 +1.1716e+00 +4.6126e-01
3296 +3.509434379e-07 +3.509434379e-07 -7.899999965e+01 -7.899999965e+01 -3.0475e+00 +1.1714e+00 +4.6126e-01
3638 +1.627216903e-07 +1.627216903e-07 -7.899999984e+01 -7.899999984e+01 -3.0479e+00 +1.1712e+00 +4.6198e-01
3958 +1.280077129e-07 +1.280077129e-07 -7.899999987e+01 -7.899999987e+01 -3.0480e+00 +1.1709e+00 +4.6146e-01
4217 +4.163339895e-08 +4.163339895e-08 -7.899999996e+01 -7.899999996e+01 -3.0482e+00 +1.1711e+00 +4.6163e-01
4400 +1.617254952e-08 +1.617254952e-08 -7.899999998e+01 -7.899999998e+01 -3.0479e+00 +1.1712e+00 +4.6156e-01
4576 +1.004063677e-08 +1.004063677e-08 -7.899999999e+01 -7.899999999e+01 -3.0480e+00 +1.1712e+00 +4.6151e-01
4696 +2.232539487e-09 +2.232539487e-09 -7.900000000e+01 -7.900000000e+01 -3.0480e+00 +1.1712e+00 +4.6159e-01
5336 +9.503366982e-10 +9.503366982e-10 -7.900000000e+01 -7.900000000e+01 -3.0480e+00 +1.1712e+00 +4.6162e-01
5444 +1.110436187e-10 +1.110436187e-10 -7.900000000e+01 -7.900000000e+01 -3.0480e+00 +1.1712e+00 +4.6159e-01
6178 +4.033040568e-11 +4.033040568e-11 -7.900000000e+01 -7.900000000e+01 -3.0480e+00 +1.1712e+00 +4.6160e-01
6465 +3.439026841e-12 +3.439026841e-12 -7.900000000e+01 -7.900000000e+01 -3.0480e+00 +1.1712e+00 +4.6160e-01
6658 +6.963318810e-13 +6.963318810e-13 -7.900000000e+01 -7.900000000e+01 -3.0480e+00 +1.1712e+00 +4.6160e-01
7484 +3.410605132e-13 +3.410605132e-13 -7.900000000e+01 -7.900000000e+01 -3.0480e+00 +1.1712e+00 +4.6160e-01
7924 +8.526512829e-14 +8.526512829e-14 -7.900000000e+01 -7.900000000e+01 -3.0480e+00 +1.1712e+00 +4.6160e-01
8178 +1.421085472e-14 +1.421085472e-14 -7.900000000e+01 -7.900000000e+01 -3.0480e+00 +1.1712e+00 +4.6160e-01
8964 +0.000000000e+00 +0.000000000e+00 -7.900000000e+01 -7.900000000e+01 -3.0480e+00 +1.1712e+00 +4.6160e-01
% function evaluation | noise-free fitness - Fopt (-4.133000000000e+01) | best noise-free fitness - Fopt | measured fitness | best measured fitness | x1 | x2...
1 +4.438632175e+01 +4.438632175e+01 +3.056321747e+00 +3.056321747e+00 -4.5034e+00 +2.7659e+00 +5.0735e-01
4 +2.143781888e+01 +2.143781888e+01 -1.989218112e+01 -1.989218112e+01 -7.6475e-01 +1.7042e+00 +2.2394e+00
7 +4.012169996e+00 +4.012169996e+00 -3.731783000e+01 -3.731783000e+01 -4.0249e-01 -1.4774e+00 -2.7354e+00
9 +2.795983669e+00 +2.795983669e+00 -3.853401633e+01 -3.853401633e+01 -1.0541e-01 -2.6939e+00 +4.1194e-02
64 +1.354822412e+00 +1.354822412e+00 -3.997517759e+01 -3.997517759e+01 +1.3037e+00 -9.8159e-01 -2.8149e-01
89 +7.955546047e-01 +7.955546047e-01 -4.053444540e+01 -4.053444540e+01 +8.0416e-03 -2.2209e+00 -8.9387e-01
159 +1.296146370e-01 +1.296146370e-01 -4.120038536e+01 -4.120038536e+01 +6.5231e-01 -1.2092e+00 -7.4388e-01
451 +5.572335266e-03 +5.572335266e-03 -4.132442766e+01 -4.132442766e+01 +4.6808e-01 -1.3961e+00 -9.7563e-01
993 +3.908311404e-03 +3.908311404e-03 -4.132609169e+01 -4.132609169e+01 +4.7160e-01 -1.4005e+00 -9.6012e-01
1139 +1.716118483e-03 +1.716118483e-03 -4.132828388e+01 -4.132828388e+01 +4.4776e-01 -1.4536e+00 -9.6553e-01
1172 +5.996827705e-04 +5.996827705e-04 -4.132940032e+01 -4.132940032e+01 +4.4040e-01 -1.4561e+00 -9.0552e-01
1459 +3.470966141e-04 +3.470966141e-04 -4.132965290e+01 -4.132965290e+01 +4.3952e-01 -1.4370e+00 -9.2780e-01
1659 +2.141969501e-04 +2.141969501e-04 -4.132978580e+01 -4.132978580e+01 +4.4230e-01 -1.4492e+00 -9.3409e-01
1797 +9.808702123e-05 +9.808702123e-05 -4.132990191e+01 -4.132990191e+01 +4.4851e-01 -1.4470e+00 -9.3311e-01
2183 +3.468967304e-05 +3.468967304e-05 -4.132996531e+01 -4.132996531e+01 +4.5030e-01 -1.4504e+00 -9.2941e-01
2477 +2.108312989e-05 +2.108312989e-05 -4.132997892e+01 -4.132997892e+01 +4.5385e-01 -1.4466e+00 -9.2080e-01
2657 +2.742310144e-06 +2.742310144e-06 -4.132999726e+01 -4.132999726e+01 +4.5299e-01 -1.4503e+00 -9.2462e-01
3137 +8.233015407e-07 +8.233015407e-07 -4.132999918e+01 -4.132999918e+01 +4.5316e-01 -1.4481e+00 -9.2452e-01
3371 +3.049089088e-07 +3.049089088e-07 -4.132999970e+01 -4.132999970e+01 +4.5320e-01 -1.4486e+00 -9.2445e-01
3984 +2.002097261e-07 +2.002097261e-07 -4.132999980e+01 -4.132999980e+01 +4.5323e-01 -1.4486e+00 -9.2462e-01
4474 +5.619813237e-08 +5.619813237e-08 -4.132999994e+01 -4.132999994e+01 +4.5344e-01 -1.4490e+00 -9.2479e-01
4623 +1.987243081e-08 +1.987243081e-08 -4.132999998e+01 -4.132999998e+01 +4.5356e-01 -1.4488e+00 -9.2493e-01
4703 +1.497880930e-08 +1.497880930e-08 -4.132999999e+01 -4.132999999e+01 +4.5348e-01 -1.4488e+00 -9.2484e-01
4943 +7.863832252e-09 +7.863832252e-09 -4.132999999e+01 -4.132999999e+01 +4.5353e-01 -1.4488e+00 -9.2474e-01
5224 +3.370395518e-09 +3.370395518e-09 -4.133000000e+01 -4.133000000e+01 +4.5357e-01 -1.4488e+00 -9.2475e-01
5343 +1.545458872e-09 +1.545458872e-09 -4.133000000e+01 -4.133000000e+01 +4.5360e-01 -1.4488e+00 -9.2476e-01
5553 +7.828759863e-11 +7.828759863e-11 -4.133000000e+01 -4.133000000e+01 +4.5360e-01 -1.4488e+00 -9.2479e-01
6184 +5.131539638e-11 +5.131539638e-11 -4.133000000e+01 -4.133000000e+01 +4.5360e-01 -1.4488e+00 -9.2480e-01
6504 +2.812328148e-11 +2.812328148e-11 -4.133000000e+01 -4.133000000e+01 +4.5360e-01 -1.4488e+00 -9.2480e-01
7011 +1.406164074e-11 +1.406164074e-11 -4.133000000e+01 -4.133000000e+01 +4.5360e-01 -1.4488e+00 -9.2480e-01
7064 +9.677592061e-12 +9.677592061e-12 -4.133000000e+01 -4.133000000e+01 +4.5360e-01 -1.4488e+00 -9.2480e-01
7531 +6.188827228e-12 +6.188827228e-12 -4.133000000e+01 -4.133000000e+01 +4.5360e-01 -1.4488e+00 -9.2480e-01
7834 +2.643218977e-12 +2.643218977e-12 -4.133000000e+01 -4.133000000e+01 +4.5360e-01 -1.4488e+00 -9.2480e-01
7863 +2.430056156e-12 +2.430056156e-12 -4.133000000e+01 -4.133000000e+01 +4.5360e-01 -1.4488e+00 -9.2480e-01
7930 +1.570299446e-12 +1.570299446e-12 -4.133000000e+01 -4.133000000e+01 +4.5360e-01 -1.4488e+00 -9.2480e-01
8143 +2.629008122e-13 +2.629008122e-13 -4.133000000e+01 -4.133000000e+01 +4.5360e-01 -1.4488e+00 -9.2480e-01
8744 +2.202682481e-13 +2.202682481e-13 -4.133000000e+01 -4.133000000e+01 +4.5360e-01 -1.4488e+00 -9.2480e-01
8771 +7.815970093e-14 +7.815970093e-14 -4.133000000e+01 -4.133000000e+01 +4.5360e-01 -1.4488e+00 -9.2480e-01
8849 +2.842170943e-14 +2.842170943e-14 -4.133000000e+01 -4.133000000e+01 +4.5360e-01 -1.4488e+00 -9.2480e-01
9343 +1.421085472e-14 +1.421085472e-14 -4.133000000e+01 -4.133000000e+01 +4.5360e-01 -1.4488e+00 -9.2480e-01
9450 +7.105427358e-15 +7.105427358e-15 -4.133000000e+01 -4.133000000e+01 +4.5360e-01 -1.4488e+00 -9.2480e-01
10131 +0.000000000e+00 +0.000000000e+00 -4.133000000e+01 -4.133000000e+01 +4.5360e-01 -1.4488e+00 -9.2480e-01
% function evaluation | noise-free fitness - Fopt (2.127500000000e+02) | best noise-free fitness - Fopt | measured fitness | best measured fitness | x1 | x2...
1 +9.882183111e+01 +9.882183111e+01 +3.115718311e+02 +3.115718311e+02 +1.9507e+00 +2.6251e-02 +4.2465e+00
2 +1.447288466e+01 +1.447288466e+01 +2.272228847e+02 +2.272228847e+02 -3.3319e+00 +7.8696e-01 -4.8563e+00
19 +5.956615938e+00 +5.956615938e+00 +2.187066159e+02 +2.187066159e+02 -2.8137e+00 -4.2499e+00 -1.8141e+00
22 +3.584694150e+00 +3.584694150e+00 +2.163346942e+02 +2.163346942e+02 -4.0754e+00 -1.1054e+00 -2.3237e+00
66 +2.262208606e+00 +2.262208606e+00 +2.150122086e+02 +2.150122086e+02 -3.2607e+00 -2.6225e+00 -4.7443e+00
101 +3.657209675e-01 +3.657209675e-01 +2.131157210e+02 +2.131157210e+02 -3.7123e+00 -2.1073e+00 -3.5253e+00
162 +1.833446931e-01 +1.833446931e-01 +2.129333447e+02 +2.129333447e+02 -3.9157e+00 -2.2509e+00 -3.3949e+00
244 +2.692662390e-02 +2.692662390e-02 +2.127769266e+02 +2.127769266e+02 -3.8575e+00 -2.7585e+00 -3.2218e+00
319 +2.377724968e-02 +2.377724968e-02 +2.127737772e+02 +2.127737772e+02 -3.8604e+00 -2.7986e+00 -3.2730e+00
654 +3.248269096e-03 +3.248269096e-03 +2.127532483e+02 +2.127532483e+02 -3.9047e+00 -2.6573e+00 -3.3690e+00
886 +1.552335648e-03 +1.552335648e-03 +2.127515523e+02 +2.127515523e+02 -3.8681e+00 -2.6498e+00 -3.3883e+00
1434 +9.545556649e-04 +9.545556649e-04 +2.127509546e+02 +2.127509546e+02 -3.8695e+00 -2.6819e+00 -3.3391e+00
1455 +3.440272417e-04 +3.440272417e-04 +2.127503440e+02 +2.127503440e+02 -3.8480e+00 -2.6857e+00 -3.3485e+00
1898 +2.254425100e-04 +2.254425100e-04 +2.127502254e+02 +2.127502254e+02 -3.8357e+00 -2.6733e+00 -3.3588e+00
1932 +1.430008500e-04 +1.430008500e-04 +2.127501430e+02 +2.127501430e+02 -3.8530e+00 -2.6832e+00 -3.3564e+00
2090 +5.352724435e-05 +5.352724435e-05 +2.127500535e+02 +2.127500535e+02 -3.8528e+00 -2.6773e+00 -3.3668e+00
2314 +6.810062047e-06 +6.810062047e-06 +2.127500068e+02 +2.127500068e+02 -3.8504e+00 -2.6744e+00 -3.3637e+00
2698 +5.653057798e-06 +5.653057798e-06 +2.127500057e+02 +2.127500057e+02 -3.8525e+00 -2.6727e+00 -3.3627e+00
3042 +1.578989782e-06 +1.578989782e-06 +2.127500016e+02 +2.127500016e+02 -3.8507e+00 -2.6717e+00 -3.3620e+00
3095 +4.498906776e-07 +4.498906776e-07 +2.127500004e+02 +2.127500004e+02 -3.8499e+00 -2.6729e+00 -3.3612e+00
3144 +2.772512175e-07 +2.772512175e-07 +2.127500003e+02 +2.127500003e+02 -3.8503e+00 -2.6733e+00 -3.3614e+00
3242 +1.267717096e-07 +1.267717096e-07 +2.127500001e+02 +2.127500001e+02 -3.8504e+00 -2.6732e+00 -3.3616e+00
3784 +9.849850358e-08 +9.849850358e-08 +2.127500001e+02 +2.127500001e+02 -3.8504e+00 -2.6725e+00 -3.3617e+00
3904 +3.706290386e-08 +3.706290386e-08 +2.127500000e+02 +2.127500000e+02 -3.8504e+00 -2.6727e+00 -3.3618e+00
4754 +1.582762366e-08 +1.582762366e-08 +2.127500000e+02 +2.127500000e+02 -3.8503e+00 -2.6727e+00 -3.3615e+00
4774 +8.674078344e-09 +8.674078344e-09 +2.127500000e+02 +2.127500000e+02 -3.8504e+00 -2.6727e+00 -3.3616e+00
5104 +3.284128525e-09 +3.284128525e-09 +2.127500000e+02 +2.127500000e+02 -3.8504e+00 -2.6727e+00 -3.3616e+00
5183 +2.087091389e-09 +2.087091389e-09 +2.127500000e+02 +2.127500000e+02 -3.8504e+00 -2.6728e+00 -3.3616e+00
5383 +1.218296575e-09 +1.218296575e-09 +2.127500000e+02 +2.127500000e+02 -3.8504e+00 -2.6728e+00 -3.3616e+00
5664 +5.258016245e-11 +5.258016245e-11 +2.127500000e+02 +2.127500000e+02 -3.8504e+00 -2.6728e+00 -3.3616e+00
6624 +1.787725523e-11 +1.787725523e-11 +2.127500000e+02 +2.127500000e+02 -3.8504e+00 -2.6728e+00 -3.3616e+00
6783 +1.432454155e-11 +1.432454155e-11 +2.127500000e+02 +2.127500000e+02 -3.8504e+00 -2.6728e+00 -3.3616e+00
6784 +6.565414878e-12 +6.565414878e-12 +2.127500000e+02 +2.127500000e+02 -3.8504e+00 -2.6728e+00 -3.3616e+00
7424 +5.371703082e-12 +5.371703082e-12 +2.127500000e+02 +2.127500000e+02 -3.8504e+00 -2.6728e+00 -3.3616e+00
7543 +2.700062396e-12 +2.700062396e-12 +2.127500000e+02 +2.127500000e+02 -3.8504e+00 -2.6728e+00 -3.3616e+00
7544 +2.302158464e-12 +2.302158464e-12 +2.127500000e+02 +2.127500000e+02 -3.8504e+00 -2.6728e+00 -3.3616e+00
7624 +9.663381206e-13 +9.663381206e-13 +2.127500000e+02 +2.127500000e+02 -3.8504e+00 -2.6728e+00 -3.3616e+00
7664 +3.126388037e-13 +3.126388037e-13 +2.127500000e+02 +2.127500000e+02 -3.8504e+00 -2.6728e+00 -3.3616e+00
7863 +1.421085472e-13 +1.421085472e-13 +2.127500000e+02 +2.127500000e+02 -3.8504e+00 -2.6728e+00 -3.3616e+00
7903 +5.684341886e-14 +5.684341886e-14 +2.127500000e+02 +2.127500000e+02 -3.8504e+00 -2.6728e+00 -3.3616e+00
8023 +2.842170943e-14 +2.842170943e-14 +2.127500000e+02 +2.127500000e+02 -3.8504e+00 -2.6728e+00 -3.3616e+00
9761 +0.000000000e+00 +0.000000000e+00 +2.127500000e+02 +2.127500000e+02 -3.8504e+00 -2.6728e+00 -3.3616e+00
