% function evaluation | noise-free fitness - Fopt (-4.620900000000e+02) | best noise-free fitness - Fopt | measured fitness | best measured fitness | x1 | x2...
1 +8.348885596e+01 +8.348885596e+01 -3.786011440e+02 -3.786011440e+02 +2.8661e+00 +7.8813e-01
4 +3.430577324e+01 +3.430577324e+01 -4.277842268e+02 -4.277842268e+02 -2.4602e+00 +2.6006e+00
9 +1.999740653e+01 +1.999740653e+01 -4.420925935e+02 -4.420925935e+02 +4.7559e-01 +2.5108e+00
35 +1.119677435e+01 +1.119677435e+01 -4.508932257e+02 -4.508932257e+02 +4.3287e-01 +2.9183e+00
41 +8.262506736e+00 +8.262506736e+00 -4.538274933e+02 -4.538274933e+02 +4.3287e-01 +2.8753e+00
72 +5.169846495e+00 +5.169846495e+00 -4.569201535e+02 -4.569201535e+02 +4.3287e-01 +2.2776e+00
81 +2.045704733e+00 +2.045704733e+00 -4.600442953e+02 -4.600442953e+02 +1.3591e+00 +2.2776e+00
141 +1.390597533e+00 +1.390597533e+00 -4.606994025e+02 -4.606994025e+02 +2.3451e+00 +2.2776e+00
161 +8.284802473e-01 +8.284802473e-01 -4.612615198e+02 -4.612615198e+02 +2.3197e+00 +2.2806e+00
241 +4.609628386e-01 +4.609628386e-01 -4.616290372e+02 -4.616290372e+02 +2.3197e+00 +2.2864e+00
321 +2.799878548e-01 +2.799878548e-01 -4.618100121e+02 -4.618100121e+02 +2.3213e+00 +2.3101e+00
323 +1.642300343e-01 +1.642300343e-01 -4.619257700e+02 -4.619257700e+02 +2.3239e+00 +2.3073e+00
362 +1.339605866e-01 +1.339605866e-01 -4.619560394e+02 -4.619560394e+02 +2.3213e+00 +2.3057e+00
401 +8.699786730e-02 +8.699786730e-02 -4.620030021e+02 -4.620030021e+02 +2.3333e+00 +2.3065e+00
451 +1.352759244e-02 +1.352759244e-02 -4.620764724e+02 -4.620764724e+02 +2.3333e+00 +2.3015e+00
465 +4.256988053e-04 +4.256988053e-04 -4.620895743e+02 -4.620895743e+02 +2.3393e+00 +2.3000e+00
501 +9.630229789e-05 +9.630229789e-05 -4.620899037e+02 -4.620899037e+02 +2.3401e+00 +2.3001e+00
624 +2.589079884e-06 +2.589079884e-06 -4.620899974e+02 -4.620899974e+02 +2.3407e+00 +2.3000e+00
691 +5.759100645e-07 +5.759100645e-07 -4.620899994e+02 -4.620899994e+02 +2.3408e+00 +2.3000e+00
713 +2.298610298e-07 +2.298610298e-07 -4.620899998e+02 -4.620899998e+02 +2.3408e+00 +2.3000e+00
721 +1.290742944e-07 +1.290742944e-07 -4.620899999e+02 -4.620899999e+02 +2.3408e+00 +2.3000e+00
773 +8.614051694e-10 +8.614051694e-10 -4.620900000e+02 -4.620900000e+02 +2.3408e+00 +2.3000e+00
928 +4.603180059e-10 +4.603180059e-10 -4.620900000e+02 -4.620900000e+02 +2.3408e+00 +2.3000e+00
932 +2.571596269e-10 +2.571596269e-10 -4.620900000e+02 -4.620900000e+02 +2.3408e+00 +2.3000e+00
947 +1.765556590e-10 +1.765556590e-10 -4.620900000e+02 -4.620900000e+02 +2.3408e+00 +2.3000e+00
949 +1.294893082e-10 +1.294893082e-10 -4.620900000e+02 -4.620900000e+02 +2.3408e+00 +2.3000e+00
956 +1.551825335e-11 +1.551825335e-11 -4.620900000e+02 -4.620900000e+02 +2.3408e+00 +2.3000e+00
1003 +8.242295735e-12 +8.242295735e-12 -4.620900000e+02 -4.620900000e+02 +2.3408e+00 +2.3000e+00
1012 +6.252776075e-12 +6.252776075e-12 -4.620900000e+02 -4.620900000e+02 +2.3408e+00 +2.3000e+00
1021 +3.922195901e-12 +3.922195901e-12 -4.620900000e+02 -4.620900000e+02 +2.3408e+00 +2.3000e+00
1025 +3.410605132e-13 +3.410605132e-13 -4.620900000e+02 -4.620900000e+02 +2.3408e+00 +2.3000e+00
1099 +1.705302566e-13 +1.705302566e-13 -4.620900000e+02 -4.620900000e+02 +2.3408e+00 +2.3000e+00
1116 +5.684341886e-14 +5.684341886e-14 -4.620900000e+02 -4.620900000e+02 +2.3408e+00 +2.3000e+00
1142 +0.000000000e+00 +0.000000000e+00 -4.620900000e+02 -4.620900000e+02 +2.3408e+00 +2.3000e+00
% function evaluation | noise-free fitness - Fopt (7.766000000000e+01) | best noise-free fitness - Fopt | measured fitness | best measured fitness | x1 | x2...
1 +8.413779819e+01 +8.413779819e+01 +1.617977982e+02 +1.617977982e+02 +3.1892e+00 -1.2788e+00
3 +5.215290333e+01 +5.215290333e+01 +1.298129033e+02 +1.298129033e+02 +1.4527e+00 -2.4983e+00
13 +3.480037194e+01 +3.480037194e+01 +1.124603719e+02 +1.124603719e+02 -1.5634e+00 -1.2788e+00
45 +1.239730740e+01 +1.239730740e+01 +9.005730740e+01 +9.005730740e+01 +6.3571e-01 -1.2061e+00
73 +7.525583355e+00 +7.525583355e+00 +8.518558335e+01 +8.518558335e+01 +2.8392e-01 -1.1627e+00
113 +6.163446686e+00 +6.163446686e+00 +8.382344669e+01 +8.382344669e+01 +5.5317e-01 -5.5259e-01
118 +2.598494193e+00 +2.598494193e+00 +8.025849419e+01 +8.025849419e+01 +1.4558e+00 -8.7169e-01
221 +1.177897778e+00 +1.177897778e+00 +7.883789778e+01 +7.883789778e+01 +1.4195e+00 -8.6125e-01
239 +5.182556840e-01 +5.182556840e-01 +7.817825568e+01 +7.817825568e+01 +2.3887e+00 -8.3952e-01
354 +2.203908225e-02 +2.203908225e-02 +7.768203908e+01 +7.768203908e+01 +2.3912e+00 -8.5346e-01
373 +1.521505862e-02 +1.521505862e-02 +7.767521506e+01 +7.767521506e+01 +2.3916e+00 -8.5792e-01
431 +8.398462721e-03 +8.398462721e-03 +7.766839846e+01 +7.766839846e+01 +2.3916e+00 -8.5589e-01
492 +2.438508215e-03 +2.438508215e-03 +7.766243851e+01 +7.766243851e+01 +2.3974e+00 -8.5499e-01
512 +5.333390824e-04 +5.333390824e-04 +7.766053334e+01 +7.766053334e+01 +2.3974e+00 -8.5559e-01
523 +1.267638494e-04 +1.267638494e-04 +7.766012676e+01 +7.766012676e+01 +2.3981e+00 -8.5575e-01
575 +2.216649015e-05 +2.216649015e-05 +7.766002217e+01 +7.766002217e+01 +2.3982e+00 -8.5591e-01
634 +8.005229716e-06 +8.005229716e-06 +7.766000801e+01 +7.766000801e+01 +2.3982e+00 -8.5602e-01
656 +9.403622414e-07 +9.403622414e-07 +7.766000094e+01 +7.766000094e+01 +2.3983e+00 -8.5601e-01
728 +3.243211637e-07 +3.243211637e-07 +7.766000032e+01 +7.766000032e+01 +2.3984e+00 -8.5601e-01
730 +1.498174811e-07 +1.498174811e-07 +7.766000015e+01 +7.766000015e+01 +2.3984e+00 -8.5600e-01
756 +6.075265446e-08 +6.075265446e-08 +7.766000006e+01 +7.766000006e+01 +2.3984e+00 -8.5599e-01
761 +2.558522283e-09 +2.558522283e-09 +7.766000000e+01 +7.766000000e+01 +2.3984e+00 -8.5600e-01
800 +2.692814860e-10 +2.692814860e-10 +7.766000000e+01 +7.766000000e+01 +2.3984e+00 -8.5600e-01
851 +9.720224625e-11 +9.720224625e-11 +7.766000000e+01 +7.766000000e+01 +2.3984e+00 -8.5600e-01
904 +3.373656909e-11 +3.373656909e-11 +7.766000000e+01 +7.766000000e+01 +2.3984e+00 -8.5600e-01
917 +3.410605132e-12 +3.410605132e-12 +7.766000000e+01 +7.766000000e+01 +2.3984e+00 -8.5600e-01
945 +1.350031198e-12 +1.350031198e-12 +7.766000000e+01 +7.766000000e+01 +2.3984e+00 -8.5600e-01
982 +8.952838471e-13 +8.952838471e-13 +7.766000000e+01 +7.766000000e+01 +2.3984e+00 -8.5600e-01
994 +0.000000000e+00 +0.000000000e+00 +7.766000000e+01 +7.766000000e+01 +2.3984e+00 -8.5600e-01
% function evaluation | noise-free fitness - Fopt (1.156800000000e+02) | best noise-free fitness - Fopt | measured fitness | best measured fitness | x1 | x2...
1 +4.104430388e+01 +4.104430388e+01 +1.567243039e+02 +1.567243039e+02 -9.1419e-01 -2.0740e+00
2 +3.220156340e+01 +3.220156340e+01 +1.478815634e+02 +1.478815634e+02 +8.9647e-01 -1.3700e+00
29 +2.255672052e+01 +2.255672052e+01 +1.382367205e+02 +1.382367205e+02 +2.3467e+00 -1.6423e+00
41 +1.105255586e+01 +1.105255586e+01 +1.267325559e+02 +1.267325559e+02 +3.3538e-01 -3.7493e-01
44 +7.234638310e+00 +7.234638310e+00 +1.229146383e+02 +1.229146383e+02 +3.6135e-01 -6.6184e-01
51 +4.018110741e+00 +4.018110741e+00 +1.196981107e+02 +1.196981107e+02 +1.1185e+00 -6.6184e-01
93 +3.897397436e+00 +3.897397436e+00 +1.195773974e+02 +1.195773974e+02 +1.2107e+00 -1.3179e+00
102 +1.225070861e+00 +1.225070861e+00 +1.169050709e+02 +1.169050709e+02 +2.1785e+00 -6.6629e-01
331 +6.514521460e-01 +6.514521460e-01 +1.163314521e+02 +1.163314521e+02 +2.1496e+00 -9.9848e-01
481 +4.181927087e-01 +4.181927087e-01 +1.160981927e+02 +1.160981927e+02 +2.1496e+00 -9.9464e-01
573 +4.184461865e-03 +4.184461865e-03 +1.156841845e+02 +1.156841845e+02 +2.1763e+00 -9.8451e-01
853 +2.645544116e-04 +2.645544116e-04 +1.156802646e+02 +1.156802646e+02 +2.1773e+00 -9.8307e-01
887 +1.604442446e-04 +1.604442446e-04 +1.156801604e+02 +1.156801604e+02 +2.1779e+00 -9.8297e-01
913 +1.427484424e-04 +1.427484424e-04 +1.156801427e+02 +1.156801427e+02 +2.1785e+00 -9.8307e-01
921 +3.713519962e-05 +3.713519962e-05 +1.156800371e+02 +1.156800371e+02 +2.1782e+00 -9.8307e-01
935 +7.694321866e-06 +7.694321866e-06 +1.156800077e+02 +1.156800077e+02 +2.1784e+00 -9.8313e-01
974 +5.733308640e-06 +5.733308640e-06 +1.156800057e+02 +1.156800057e+02 +2.1782e+00 -9.8320e-01
1032 +3.031977442e-06 +3.031977442e-06 +1.156800030e+02 +1.156800030e+02 +2.1784e+00 -9.8316e-01
1035 +4.741738877e-07 +4.741738877e-07 +1.156800005e+02 +1.156800005e+02 +2.1784e+00 -9.8319e-01
1069 +3.109041842e-07 +3.109041842e-07 +1.156800003e+02 +1.156800003e+02 +2.1784e+00 -9.8320e-01
1104 +2.349396340e-07 +2.349396340e-07 +1.156800002e+02 +1.156800002e+02 +2.1784e+00 -9.8320e-01
1141 +1.421569920e-07 +1.421569920e-07 +1.156800001e+02 +1.156800001e+02 +2.1784e+00 -9.8321e-01
1144 +8.459865342e-08 +8.459865342e-08 +1.156800001e+02 +1.156800001e+02 +2.1784e+00 -9.8320e-01
1159 +5.907608625e-08 +5.907608625e-08 +1.156800001e+02 +1.156800001e+02 +2.1784e+00 -9.8320e-01
1161 +2.217552719e-08 +2.217552719e-08 +1.156800000e+02 +1.156800000e+02 +2.1784e+00 -9.8320e-01
1175 +6.379508477e-09 +6.379508477e-09 +1.156800000e+02 +1.156800000e+02 +2.1784e+00 -9.8320e-01
1181 +4.698677003e-09 +4.698677003e-09 +1.156800000e+02 +1.156800000e+02 +2.1784e+00 -9.8320e-01
1186 +2.870663707e-09 +2.870663707e-09 +1.156800000e+02 +1.156800000e+02 +2.1784e+00 -9.8320e-01
1205 +8.634515325e-11 +8.634515325e-11 +1.156800000e+02 +1.156800000e+02 +2.1784e+00 -9.8320e-01
1217 +3.015543371e-11 +3.015543371e-11 +1.156800000e+02 +1.156800000e+02 +2.1784e+00 -9.8320e-01
1288 +3.083755473e-12 +3.083755473e-12 +1.156800000e+02 +1.156800000e+02 +2.1784e+00 -9.8320e-01
1291 +1.421085472e-12 +1.421085472e-12 +1.156800000e+02 +1.156800000e+02 +2.1784e+00 -9.8320e-01
1375 +6.536993169e-13 +6.536993169e-13 +1.156800000e+02 +1.156800000e+02 +2.1784e+00 -9.8320e-01
1383 +1.136868377e-13 +1.136868377e-13 +1.156800000e+02 +1.156800000e+02 +2.1784e+00 -9.8320e-01
1411 +9.947598301e-14 +9.947598301e-14 +1.156800000e+02 +1.156800000e+02 +2.1784e+00 -9.8320e-01
1429 +5.684341886e-14 +5.684341886e-14 +1.156800000e+02 +1.156800000e+02 +2.1784e+00 -9.8320e-01
1445 +2.842170943e-14 +2.842170943e-14 +1.156800000e+02 +1.156800000e+02 +2.1784e+00 -9.8320e-01
1458 +1.421085472e-14 +1.421085472e-14 +1.156800000e+02 +1.156800000e+02 +2.1784e+00 -9.8320e-01
1510 +0.000000000e+00 +0.000000000e+00 +1.156800000e+02 +1.156800000e+02 +2.1784e+00 -9.8320e-01
% function evaluation | noise-free fitness - Fopt (-3.710000000000e+00) | best noise-free fitness - Fopt | measured fitness | best measured fitness | x1 | x2...
1 +7.256682576e+01 +7.256682576e+01 +6.885682576e+01 +6.885682576e+01 +2.1230e+00 -4.8159e+00
10 +3.262581806e+01 +3.262581806e+01 +2.891581806e+01 +2.891581806e+01 -2.1622e+00 -2.6377e+00
48 +2.316934439e+01 +2.316934439e+01 +1.945934439e+01 +1.945934439e+01 +2.7812e+00 -3.0284e+00
51 +1.130056986e+01 +1.130056986e+01 +7.590569855e+00 +7.590569855e+00 +1.1833e+00 -3.0284e+00
75 +6.667188983e+00 +6.667188983e+00 +2.957188983e+00 +2.957188983e+00 +2.1222e+00 -1.6886e+00
113 +5.640521016e+00 +5.640521016e+00 +1.930521016e+00 +1.930521016e+00 +1.1680e+00 -2.2671e+00
119 +1.217711132e+00 +1.217711132e+00 -2.492288868e+00 -2.492288868e+00 +3.0794e+00 -2.3161e+00
257 +1.701090781e-01 +1.701090781e-01 -3.539890922e+00 -3.539890922e+00 +3.0949e+00 -2.2996e+00
311 +1.385212916e-01 +1.385212916e-01 -3.571478708e+00 -3.571478708e+00 +3.0949e+00 -2.2980e+00
382 +2.292389497e-02 +2.292389497e-02 -3.687076105e+00 -3.687076105e+00 +3.1092e+00 -2.2961e+00
431 +7.257311263e-03 +7.257311263e-03 -3.702742689e+00 -3.702742689e+00 +3.1149e+00 -2.2961e+00
571 +3.051605512e-03 +3.051605512e-03 -3.706948394e+00 -3.706948394e+00 +3.1179e+00 -2.2963e+00
572 +8.104608409e-04 +8.104608409e-04 -3.709189539e+00 -3.709189539e+00 +3.1183e+00 -2.2955e+00
614 +5.180917065e-04 +5.180917065e-04 -3.709481908e+00 -3.709481908e+00 +3.1185e+00 -2.2954e+00
645 +2.527534423e-04 +2.527534423e-04 -3.709747247e+00 -3.709747247e+00 +3.1189e+00 -2.2953e+00
649 +6.496597758e-05 +6.496597758e-05 -3.709935034e+00 -3.709935034e+00 +3.1196e+00 -2.2951e+00
655 +5.103296212e-05 +5.103296212e-05 -3.709948967e+00 -3.709948967e+00 +3.1197e+00 -2.2951e+00
674 +5.056154851e-06 +5.056154851e-06 -3.709994944e+00 -3.709994944e+00 +3.1198e+00 -2.2952e+00
681 +8.685864152e-07 +8.685864152e-07 -3.709999131e+00 -3.709999131e+00 +3.1200e+00 -2.2952e+00
726 +8.979984356e-08 +8.979984356e-08 -3.709999910e+00 -3.709999910e+00 +3.1200e+00 -2.2952e+00
783 +3.781102320e-08 +3.781102320e-08 -3.709999962e+00 -3.709999962e+00 +3.1200e+00 -2.2952e+00
831 +2.191644510e-08 +2.191644510e-08 -3.709999978e+00 -3.709999978e+00 +3.1200e+00 -2.2952e+00
834 +1.267137639e-08 +1.267137639e-08 -3.709999987e+00 -3.709999987e+00 +3.1200e+00 -2.2952e+00
852 +2.119034725e-09 +2.119034725e-09 -3.709999998e+00 -3.709999998e+00 +3.1200e+00 -2.2952e+00
888 +1.314754083e-09 +1.314754083e-09 -3.709999999e+00 -3.709999999e+00 +3.1200e+00 -2.2952e+00
930 +3.801625681e-10 +3.801625681e-10 -3.710000000e+00 -3.710000000e+00 +3.1200e+00 -2.2952e+00
951 +1.723226006e-10 +1.723226006e-10 -3.710000000e+00 -3.710000000e+00 +3.1200e+00 -2.2952e+00
953 +1.211075684e-10 +1.211075684e-10 -3.710000000e+00 -3.710000000e+00 +3.1200e+00 -2.2952e+00
973 +3.113642677e-11 +3.113642677e-11 -3.710000000e+00 -3.710000000e+00 +3.1200e+00 -2.2952e+00
977 +1.718403198e-11 +1.718403198e-11 -3.710000000e+00 -3.710000000e+00 +3.1200e+00 -2.2952e+00
1041 +7.413625269e-12 +7.413625269e-12 -3.710000000e+00 -3.710000000e+00 +3.1200e+00 -2.2952e+00
1043 +4.338307491e-12 +4.338307491e-12 -3.710000000e+00 -3.710000000e+00 +3.1200e+00 -2.2952e+00
1045 +1.700417585e-12 +1.700417585e-12 -3.710000000e+00 -3.710000000e+00 +3.1200e+00 -2.2952e+00
1104 +8.482103908e-13 +8.482103908e-13 -3.710000000e+00 -3.710000000e+00 +3.1200e+00 -2.2952e+00
1113 +5.000444503e-13 +5.000444503e-13 -3.710000000e+00 -3.710000000e+00 +3.1200e+00 -2.2952e+00
1126 +9.370282328e-14 +9.370282328e-14 -3.710000000e+00 -3.710000000e+00 +3.1200e+00 -2.2952e+00
1163 +2.220446049e-14 +2.220446049e-14 -3.710000000e+00 -3.710000000e+00 +3.1200e+00 -2.2952e+00
1181 +2.220446049e-15 +2.220446049e-15 -3.710000000e+00 -3.710000000e+00 +3.1200e+00 -2.2952e+00
1264 +0.000000000e+00 +0.000000000e+00 -3.710000000e+00 -3.710000000e+00 +3.1200e+00 -2.2952e+00
% function evaluation | noise-free fitness - Fopt (1.321800000000e+02) | best noise-free fitness - Fopt | measured fitness | best measured fitness | x1 | x2...
1 +2.112690301e+01 +2.112690301e+01 +1.533069030e+02 +1.533069030e+02 +2.8385e+00 +1.9948e+00
11 +1.084934351e+01 +1.084934351e+01 +1.430293435e+02 +1.430293435e+02 +2.8385e+00 +7.4447e-01
36 +7.894643717e+00 +7.894643717e+00 +1.400746437e+02 +1.400746437e+02 +3.7785e+00 +7.9650e-01
66 +2.281560159e+00 +2.281560159e+00 +1.344615602e+02 +1.344615602e+02 +3.6981e+00 +1.1580e+00
289 +1.257124740e+00 +1.257124740e+00 +1.334371247e+02 +1.334371247e+02 +2.7505e+00 +1.4732e+00
353 +5.032473809e-01 +5.032473809e-01 +1.326832474e+02 +1.326832474e+02 +3.7202e+00 +1.4761e+00
399 +1.075893794e-01 +1.075893794e-01 +1.322875894e+02 +1.322875894e+02 +3.7480e+00 +1.4775e+00
461 +9.008453797e-02 +9.008453797e-02 +1.322700845e+02 +1.322700845e+02 +3.7480e+00 +1.4784e+00
463 +4.801764894e-02 +4.801764894e-02 +1.322280176e+02 +1.322280176e+02 +3.7654e+00 +1.4797e+00
514 +5.158676993e-03 +5.158676993e-03 +1.321851587e+02 +1.321851587e+02 +3.7640e+00 +1.4808e+00
571 +1.971933623e-03 +1.971933623e-03 +1.321819719e+02 +1.321819719e+02 +3.7614e+00 +1.4819e+00
621 +8.076154009e-04 +8.076154009e-04 +1.321808076e+02 +1.321808076e+02 +3.7628e+00 +1.4819e+00
641 +2.833729883e-04 +2.833729883e-04 +1.321802834e+02 +1.321802834e+02 +3.7640e+00 +1.4827e+00
664 +2.696898653e-05 +2.696898653e-05 +1.321800270e+02 +1.321800270e+02 +3.7638e+00 +1.4825e+00
691 +1.979851905e-05 +1.979851905e-05 +1.321800198e+02 +1.321800198e+02 +3.7640e+00 +1.4825e+00
713 +9.153292581e-06 +9.153292581e-06 +1.321800092e+02 +1.321800092e+02 +3.7638e+00 +1.4824e+00
726 +3.122500715e-06 +3.122500715e-06 +1.321800031e+02 +1.321800031e+02 +3.7639e+00 +1.4824e+00
761 +2.297726780e-06 +2.297726780e-06 +1.321800023e+02 +1.321800023e+02 +3.7639e+00 +1.4824e+00
791 +5.924378002e-07 +5.924378002e-07 +1.321800006e+02 +1.321800006e+02 +3.7640e+00 +1.4824e+00
801 +1.662016302e-07 +1.662016302e-07 +1.321800002e+02 +1.321800002e+02 +3.7640e+00 +1.4824e+00
802 +3.447294716e-08 +3.447294716e-08 +1.321800000e+02 +1.321800000e+02 +3.7640e+00 +1.4824e+00
864 +4.651468544e-09 +4.651468544e-09 +1.321800000e+02 +1.321800000e+02 +3.7640e+00 +1.4824e+00
904 +2.618492090e-09 +2.618492090e-09 +1.321800000e+02 +1.321800000e+02 +3.7640e+00 +1.4824e+00
918 +9.993357253e-10 +9.993357253e-10 +1.321800000e+02 +1.321800000e+02 +3.7640e+00 +1.4824e+00
931 +8.509459803e-11 +8.509459803e-11 +1.321800000e+02 +1.321800000e+02 +3.7640e+00 +1.4824e+00
994 +4.700950740e-11 +4.700950740e-11 +1.321800000e+02 +1.321800000e+02 +3.7640e+00 +1.4824e+00
1002 +3.666400517e-11 +3.666400517e-11 +1.321800000e+02 +1.321800000e+02 +3.7640e+00 +1.4824e+00
1023 +1.330136001e-11 +1.330136001e-11 +1.321800000e+02 +1.321800000e+02 +3.7640e+00 +1.4824e+00
1043 +1.335820343e-12 +1.335820343e-12 +1.321800000e+02 +1.321800000e+02 +3.7640e+00 +1.4824e+00
1097 +1.421085472e-13 +1.421085472e-13 +1.321800000e+02 +1.321800000e+02 +3.7640e+00 +1.4824e+00
1167 +5.684341886e-14 +5.684341886e-14 +1.321800000e+02 +1.321800000e+02 +3.7640e+00 +1.4824e+00
1173 +0.000000000e+00 +0.000000000e+00 +1.321800000e+02 +1.321800000e+02 +3.7640e+00 +1.4824e+00
% function evaluation | noise-free fitness - Fopt (-5.847300000000e+02) | best noise-free fitness - Fopt | measured fitness | best measured fitness | x1 | x2...
1 +1.210395921e+02 +1.210395921e+02 -4.636904079e+02 -4.636904079e+02 +1.9732e+00 +2.5463e-01
4 +7.342453993e+01 +7.342453993e+01 -5.113054601e+02 -5.113054601e+02 -1.5572e+00 -4.9613e+00
5 +3.846251495e+01 +3.846251495e+01 -5.462674850e+02 -5.462674850e+02 -1.1964e+00 -2.8521e+00
23 +7.901405776e+00 +7.901405776e+00 -5.768285942e+02 -5.768285942e+02 +2.7571e+00 -3.0039e+00
91 +2.002111887e+00 +2.002111887e+00 -5.827278881e+02 -5.827278881e+02 +2.5951e+00 -3.0039e+00
92 +1.137853320e+00 +1.137853320e+00 -5.835921467e+02 -5.835921467e+02 +1.6549e+00 -3.0384e+00
243 +5.292823712e-01 +5.292823712e-01 -5.842007176e+02 -5.842007176e+02 +2.5951e+00 -3.0284e+00
281 +1.685792847e-02 +1.685792847e-02 -5.847131421e+02 -5.847131421e+02 +2.6366e+00 -3.0284e+00
409 +1.398619641e-02 +1.398619641e-02 -5.847160138e+02 -5.847160138e+02 +2.6366e+00 -3.0300e+00
463 +7.977202011e-03 +7.977202011e-03 -5.847220228e+02 -5.847220228e+02 +2.6390e+00 -3.0295e+00
485 +6.032932374e-03 +6.032932374e-03 -5.847239671e+02 -5.847239671e+02 +2.6406e+00 -3.0300e+00
491 +1.989845704e-03 +1.989845704e-03 -5.847280102e+02 -5.847280102e+02 +2.6430e+00 -3.0302e+00
501 +4.431573175e-04 +4.431573175e-04 -5.847295568e+02 -5.847295568e+02 +2.6453e+00 -3.0300e+00
579 +3.012417012e-04 +3.012417012e-04 -5.847296988e+02 -5.847296988e+02 +2.6444e+00 -3.0296e+00
584 +7.141645142e-06 +7.141645142e-06 -5.847299929e+02 -5.847299929e+02 +2.6455e+00 -3.0295e+00
592 +1.383626795e-07 +1.383626795e-07 -5.847299999e+02 -5.847299999e+02 +2.6456e+00 -3.0296e+00
691 +8.228016668e-08 +8.228016668e-08 -5.847299999e+02 -5.847299999e+02 +2.6456e+00 -3.0296e+00
712 +9.853579286e-09 +9.853579286e-09 -5.847300000e+02 -5.847300000e+02 +2.6456e+00 -3.0296e+00
718 +3.149580152e-09 +3.149580152e-09 -5.847300000e+02 -5.847300000e+02 +2.6456e+00 -3.0296e+00
747 +6.651816875e-10 +6.651816875e-10 -5.847300000e+02 -5.847300000e+02 +2.6456e+00 -3.0296e+00
784 +2.225988283e-10 +2.225988283e-10 -5.847300000e+02 -5.847300000e+02 +2.6456e+00 -3.0296e+00
801 +1.989519660e-11 +1.989519660e-11 -5.847300000e+02 -5.847300000e+02 +2.6456e+00 -3.0296e+00
822 +1.148237061e-11 +1.148237061e-11 -5.847300000e+02 -5.847300000e+02 +2.6456e+00 -3.0296e+00
887 +1.136868377e-12 +1.136868377e-12 -5.847300000e+02 -5.847300000e+02 +2.6456e+00 -3.0296e+00
901 +7.958078641e-13 +7.958078641e-13 -5.847300000e+02 -5.847300000e+02 +2.6456e+00 -3.0296e+00
932 +3.410605132e-13 +3.410605132e-13 -5.847300000e+02 -5.847300000e+02 +2.6456e+00 -3.0296e+00
958 +2.273736754e-13 +2.273736754e-13 -5.847300000e+02 -5.847300000e+02 +2.6456e+00 -3.0296e+00
963 +1.136868377e-13 +1.136868377e-13 -5.847300000e+02 -5.847300000e+02 +2.6456e+00 -3.0296e+00
994 +0.000000000e+00 +0.000000000e+00 -5.847300000e+02 -5.847300000e+02 +2.6456e+00 -3.0296e+00
% function evaluation | noise-free fitness - Fopt (-3.654000000000e+01) | best noise-free fitness - Fopt | measured fitness | best measured fitness | x1 | x2...
1 +2.427365927e+01 +2.427365927e+01 -1.226634073e+01 -1.226634073e+01 -1.6478e+00 -2.4076e+00
68 +6.986426310e+00 +6.986426310e+00 -2.955357369e+01 -2.955357369e+01 -1.8653e+00 -2.2021e+00
80 +1.569205297e+00 +1.569205297e+00 -3.497079470e+01 -3.497079470e+01 -7.5981e-01 -2.2412e+00
324 +3.629158023e-01 +3.629158023e-01 -3.617708420e+01 -3.617708420e+01 +1.8873e-01 -2.2208e+00
403 +9.065745327e-02 +9.065745327e-02 -3.644934255e+01 -3.644934255e+01 +1.8873e-01 -2.2386e+00
421 +4.665014837e-02 +4.665014837e-02 -3.649334985e+01 -3.649334985e+01 +1.8873e-01 -2.2308e+00
452 +8.526684954e-03 +8.526684954e-03 -3.653147332e+01 -3.653147332e+01 +1.9932e-01 -2.2356e+00
504 +5.370016705e-03 +5.370016705e-03 -3.653462998e+01 -3.653462998e+01 +1.9724e-01 -2.2342e+00
512 +9.751449549e-04 +9.751449549e-04 -3.653902486e+01 -3.653902486e+01 +1.9932e-01 -2.2335e+00
631 +2.180796613e-04 +2.180796613e-04 -3.653978192e+01 -3.653978192e+01 +2.0108e-01 -2.2333e+00
651 +1.203210264e-04 +1.203210264e-04 -3.653987968e+01 -3.653987968e+01 +2.0108e-01 -2.2334e+00
683 +5.455596941e-05 +5.455596941e-05 -3.653994544e+01 -3.653994544e+01 +2.0123e-01 -2.2335e+00
692 +3.642020427e-05 +3.642020427e-05 -3.653996358e+01 -3.653996358e+01 +2.0133e-01 -2.2335e+00
711 +2.079383202e-05 +2.079383202e-05 -3.653997921e+01 -3.653997921e+01 +2.0133e-01 -2.2335e+00
731 +9.433596666e-06 +9.433596666e-06 -3.653999057e+01 -3.653999057e+01 +2.0152e-01 -2.2335e+00
768 +5.143166426e-06 +5.143166426e-06 -3.653999486e+01 -3.653999486e+01 +2.0155e-01 -2.2336e+00
792 +1.826881189e-07 +1.826881189e-07 -3.653999982e+01 -3.653999982e+01 +2.0160e-01 -2.2336e+00
817 +2.754439521e-08 +2.754439521e-08 -3.653999997e+01 -3.653999997e+01 +2.0159e-01 -2.2336e+00
891 +1.251709847e-08 +1.251709847e-08 -3.653999999e+01 -3.653999999e+01 +2.0159e-01 -2.2336e+00
923 +5.553012272e-09 +5.553012272e-09 -3.653999999e+01 -3.653999999e+01 +2.0160e-01 -2.2336e+00
962 +7.640181821e-10 +7.640181821e-10 -3.654000000e+01 -3.654000000e+01 +2.0160e-01 -2.2336e+00
975 +1.769322466e-10 +1.769322466e-10 -3.654000000e+01 -3.654000000e+01 +2.0160e-01 -2.2336e+00
982 +3.885247679e-11 +3.885247679e-11 -3.654000000e+01 -3.654000000e+01 +2.0160e-01 -2.2336e+00
1029 +1.209343736e-11 +1.209343736e-11 -3.654000000e+01 -3.654000000e+01 +2.0160e-01 -2.2336e+00
1052 +9.130474155e-12 +9.130474155e-12 -3.654000000e+01 -3.654000000e+01 +2.0160e-01 -2.2336e+00
1062 +2.060573934e-13 +2.060573934e-13 -3.654000000e+01 -3.654000000e+01 +2.0160e-01 -2.2336e+00
1142 +5.684341886e-14 +5.684341886e-14 -3.654000000e+01 -3.654000000e+01 +2.0160e-01 -2.2336e+00
1174 +7.105427358e-15 +7.105427358e-15 -3.654000000e+01 -3.654000000e+01 +2.0160e-01 -2.2336e+00
1228 +0.000000000e+00 +0.000000000e+00 -3.654000000e+01 -3.654000000e+01 +2.0160e-01 -2.2336e+00
% function evaluation | noise-free fitness - Fopt (1.000000000000e+03) | best noise-free fitness - Fopt | measured fitness | best measured fitness | x1 | x2...
1 +1.339984948e+02 +1.339984948e+02 +1.133998495e+03 +1.133998495e+03 +3.6411e-01 -4.1197e+00
5 +1.460601941e+01 +1.460601941e+01 +1.014606019e+03 +1.014606019e+03 +8.1037e-01 -5.1105e-01
74 +8.488579169e+00 +8.488579169e+00 +1.008488579e+03 +1.008488579e+03 +1.4279e+00 -5.5114e-01
91 +4.987550288e+00 +4.987550288e+00 +1.004987550e+03 +1.004987550e+03 -4.5209e-01 -8.3687e-01
94 +3.893388665e+00 +3.893388665e+00 +1.003893389e+03 +1.003893389e+03 +1.4526e+00 -5.1105e-01
167 +2.025209566e+00 +2.025209566e+00 +1.002025210e+03 +1.002025210e+03 +5.7222e-01 -5.1886e-01
202 +1.001570365e+00 +1.001570365e+00 +1.001001570e+03 +1.001001570e+03 +1.5168e+00 -8.3487e-01
262 +1.474768398e-01 +1.474768398e-01 +1.000147477e+03 +1.000147477e+03 +1.5457e+00 -8.2104e-01
353 +1.236786859e-02 +1.236786859e-02 +1.000012368e+03 +1.000012368e+03 +1.5645e+00 -8.2013e-01
411 +4.080949753e-03 +4.080949753e-03 +1.000004081e+03 +1.000004081e+03 +1.5691e+00 -8.2013e-01
431 +3.901702845e-03 +3.901702845e-03 +1.000003902e+03 +1.000003902e+03 +1.5691e+00 -8.2021e-01
581 +1.201483954e-03 +1.201483954e-03 +1.000001201e+03 +1.000001201e+03 +1.5703e+00 -8.2093e-01
614 +5.586454754e-04 +5.586454754e-04 +1.000000559e+03 +1.000000559e+03 +1.5724e+00 -8.2028e-01
642 +4.201595084e-05 +4.201595084e-05 +1.000000042e+03 +1.000000042e+03 +1.5725e+00 -8.2070e-01
726 +3.485844661e-05 +3.485844661e-05 +1.000000035e+03 +1.000000035e+03 +1.5725e+00 -8.2071e-01
733 +3.811555075e-06 +3.811555075e-06 +1.000000004e+03 +1.000000004e+03 +1.5727e+00 -8.2077e-01
752 +1.197707320e-06 +1.197707320e-06 +1.000000001e+03 +1.000000001e+03 +1.5727e+00 -8.2079e-01
761 +3.636816928e-07 +3.636816928e-07 +1.000000000e+03 +1.000000000e+03 +1.5728e+00 -8.2079e-01
767 +1.900036750e-08 +1.900036750e-08 +1.000000000e+03 +1.000000000e+03 +1.5728e+00 -8.2080e-01
852 +1.573209829e-08 +1.573209829e-08 +1.000000000e+03 +1.000000000e+03 +1.5728e+00 -8.2080e-01
867 +8.041070032e-09 +8.041070032e-09 +1.000000000e+03 +1.000000000e+03 +1.5728e+00 -8.2080e-01
921 +5.523816071e-09 +5.523816071e-09 +1.000000000e+03 +1.000000000e+03 +1.5728e+00 -8.2080e-01
925 +8.758433978e-10 +8.758433978e-10 +1.000000000e+03 +1.000000000e+03 +1.5728e+00 -8.2080e-01
972 +1.149373929e-10 +1.149373929e-10 +1.000000000e+03 +1.000000000e+03 +1.5728e+00 -8.2080e-01
1012 +6.116351869e-11 +6.116351869e-11 +1.000000000e+03 +1.000000000e+03 +1.5728e+00 -8.2080e-01
1013 +3.296918294e-12 +3.296918294e-12 +1.000000000e+03 +1.000000000e+03 +1.5728e+00 -8.2080e-01
1096 +2.160049917e-12 +2.160049917e-12 +1.000000000e+03 +1.000000000e+03 +1.5728e+00 -8.2080e-01
1111 +1.250555215e-12 +1.250555215e-12 +1.000000000e+03 +1.000000000e+03 +1.5728e+00 -8.2080e-01
1121 +9.094947018e-13 +9.094947018e-13 +1.000000000e+03 +1.000000000e+03 +1.5728e+00 -8.2080e-01
1135 +3.410605132e-13 +3.410605132e-13 +1.000000000e+03 +1.000000000e+03 +1.5728e+00 -8.2080e-01
1151 +2.273736754e-13 +2.273736754e-13 +1.000000000e+03 +1.000000000e+03 +1.5728e+00 -8.2080e-01
1172 +1.136868377e-13 +1.136868377e-13 +1.000000000e+03 +1.000000000e+03 +1.5728e+00 -8.2080e-01
1182 +0.000000000e+00 +0.000000000e+00 +1.000000000e+03 +1.000000000e+03 +1.5728e+00 -8.2080e-01
% function evaluation | noise-free fitness - Fopt (4.661000000000e+01) | best noise-free fitness - Fopt | measured fitness | best measured fitness | x1 | x2...
1 +2.804184679e+01 +2.804184679e+01 +7.465184679e+01 +7.465184679e+01 -2.3517e+00 +4.1337e+00
22 +1.244420578e+01 +1.244420578e+01 +5.905420578e+01 +5.905420578e+01 +6.1153e-01 +4.4989e+00
87 +8.775952036e+00 +8.775952036e+00 +5.538595204e+01 +5.538595204e+01 -1.0046e+00 +3.5794e+00
101 +5.279472786e+00 +5.279472786e+00 +5.188947279e+01 +5.188947279e+01 -1.0650e+00 +3.6115e+00
131 +3.490469475e+00 +3.490469475e+00 +5.010046948e+01 +5.010046948e+01 -1.3101e-01 +4.2544e+00
171 +2.346537392e+00 +2.346537392e+00 +4.895653739e+01 +4.895653739e+01 -1.3101e-01 +4.2261e+00
361 +1.452002520e+00 +1.452002520e+00 +4.806200252e+01 +4.806200252e+01 -1.2700e-01 +3.9198e+00
411 +9.980707334e-01 +9.980707334e-01 +4.760807073e+01 +4.760807073e+01 -1.6299e-01 +3.9198e+00
564 +4.399552307e-02 +4.399552307e-02 +4.665399552e+01 +4.665399552e+01 +8.2431e-01 +3.9176e+00
619 +1.985115354e-03 +1.985115354e-03 +4.661198512e+01 +4.661198512e+01 +8.3304e-01 +3.9216e+00
652 +1.334357901e-03 +1.334357901e-03 +4.661133436e+01 +4.661133436e+01 +8.3482e-01 +3.9216e+00
684 +4.981236766e-04 +4.981236766e-04 +4.661049812e+01 +4.661049812e+01 +8.3429e-01 +3.9212e+00
692 +2.065688954e-04 +2.065688954e-04 +4.661020657e+01 +4.661020657e+01 +8.3482e-01 +3.9205e+00
718 +1.027858989e-04 +1.027858989e-04 +4.661010279e+01 +4.661010279e+01 +8.3504e-01 +3.9206e+00
732 +3.748220809e-05 +3.748220809e-05 +4.661003748e+01 +4.661003748e+01 +8.3482e-01 +3.9208e+00
742 +1.476885557e-05 +1.476885557e-05 +4.661001477e+01 +4.661001477e+01 +8.3497e-01 +3.9208e+00
772 +3.982248607e-06 +3.982248607e-06 +4.661000398e+01 +4.661000398e+01 +8.3516e-01 +3.9208e+00
832 +3.076641512e-06 +3.076641512e-06 +4.661000308e+01 +4.661000308e+01 +8.3516e-01 +3.9208e+00
853 +8.396668036e-07 +8.396668036e-07 +4.661000084e+01 +4.661000084e+01 +8.3514e-01 +3.9208e+00
861 +8.867063173e-08 +8.867063173e-08 +4.661000009e+01 +4.661000009e+01 +8.3519e-01 +3.9208e+00
954 +2.492642892e-08 +2.492642892e-08 +4.661000002e+01 +4.661000002e+01 +8.3520e-01 +3.9208e+00
991 +1.097034641e-08 +1.097034641e-08 +4.661000001e+01 +4.661000001e+01 +8.3520e-01 +3.9208e+00
1015 +6.973898792e-09 +6.973898792e-09 +4.661000001e+01 +4.661000001e+01 +8.3520e-01 +3.9208e+00
1031 +4.032230549e-09 +4.032230549e-09 +4.661000000e+01 +4.661000000e+01 +8.3520e-01 +3.9208e+00
1054 +2.258538245e-09 +2.258538245e-09 +4.661000000e+01 +4.661000000e+01 +8.3520e-01 +3.9208e+00
1061 +6.855529477e-10 +6.855529477e-10 +4.661000000e+01 +4.661000000e+01 +8.3520e-01 +3.9208e+00
1072 +2.644924280e-10 +2.644924280e-10 +4.661000000e+01 +4.661000000e+01 +8.3520e-01 +3.9208e+00
1083 +1.741824462e-10 +1.741824462e-10 +4.661000000e+01 +4.661000000e+01 +8.3520e-01 +3.9208e+00
1131 +1.410782602e-10 +1.410782602e-10 +4.661000000e+01 +4.661000000e+01 +8.3520e-01 +3.9208e+00
1153 +5.530154112e-11 +5.530154112e-11 +4.661000000e+01 +4.661000000e+01 +8.3520e-01 +3.9208e+00
1166 +1.312372433e-11 +1.312372433e-11 +4.661000000e+01 +4.661000000e+01 +8.3520e-01 +3.9208e+00
1182 +5.229594535e-12 +5.229594535e-12 +4.661000000e+01 +4.661000000e+01 +8.3520e-01 +3.9208e+00
1194 +8.313350008e-13 +8.313350008e-13 +4.661000000e+01 +4.661000000e+01 +8.3520e-01 +3.9208e+00
1231 +5.684341886e-14 +5.684341886e-14 +4.661000000e+01 +4.661000000e+01 +8.3520e-01 +3.9208e+00
1318 +0.000000000e+00 +0.000000000e+00 +4.661000000e+01 +4.661000000e+01 +8.3520e-01 +3.9208e+00
% function evaluation | noise-free fitness - Fopt (-2.643100000000e+02) | best noise-free fitness - Fopt | measured fitness | best measured fitness | x1 | x2...
1 +1.415287069e+01 +1.415287069e+01 -2.501571293e+02 -2.501571293e+02 +8.0593e-02 -1.4883e+00
52 +8.479128133e+00 +8.479128133e+00 -2.558308719e+02 -2.558308719e+02 +3.1132e+00 -1.1902e+00
112 +5.735713125e+00 +5.735713125e+00 -2.585742869e+02 -2.585742869e+02 +3.1132e+00 -1.1705e+00
152 +3.579050149e+00 +3.579050149e+00 -2.607309499e+02 -2.607309499e+02 +3.1737e+00 -1.4926e+00
189 +1.488742517e+00 +1.488742517e+00 -2.628212575e+02 -2.628212575e+02 +3.1733e+00 -1.4734e+00
262 +9.979562897e-01 +9.979562897e-01 -2.633120437e+02 -2.633120437e+02 +3.2038e+00 -1.4734e+00
304 +3.518630217e-01 +3.518630217e-01 -2.639581370e+02 -2.639581370e+02 +3.2129e+00 -1.4543e+00
318 +3.500406654e-02 +3.500406654e-02 -2.642749959e+02 -2.642749959e+02 +3.2420e+00 -1.4542e+00
321 +2.085173062e-02 +2.085173062e-02 -2.642891483e+02 -2.642891483e+02 +3.2496e+00 -1.4542e+00
413 +8.301530854e-03 +8.301530854e-03 -2.643016985e+02 -2.643016985e+02 +3.2451e+00 -1.4583e+00
452 +2.164422783e-03 +2.164422783e-03 -2.643078356e+02 -2.643078356e+02 +3.2515e+00 -1.4583e+00
471 +1.119892210e-03 +1.119892210e-03 -2.643088801e+02 -2.643088801e+02 +3.2515e+00 -1.4576e+00
481 +1.141847846e-04 +1.141847846e-04 -2.643098858e+02 -2.643098858e+02 +3.2504e+00 -1.4576e+00
571 +1.583668131e-05 +1.583668131e-05 -2.643099842e+02 -2.643099842e+02 +3.2509e+00 -1.4576e+00
650 +9.354057795e-06 +9.354057795e-06 -2.643099906e+02 -2.643099906e+02 +3.2511e+00 -1.4577e+00
651 +2.220202930e-06 +2.220202930e-06 -2.643099978e+02 -2.643099978e+02 +3.2511e+00 -1.4576e+00
675 +1.313574501e-06 +1.313574501e-06 -2.643099987e+02 -2.643099987e+02 +3.2511e+00 -1.4576e+00
681 +9.757133057e-07 +9.757133057e-07 -2.643099990e+02 -2.643099990e+02 +3.2511e+00 -1.4576e+00
722 +3.339309842e-07 +3.339309842e-07 -2.643099997e+02 -2.643099997e+02 +3.2512e+00 -1.4576e+00
732 +2.196982791e-07 +2.196982791e-07 -2.643099998e+02 -2.643099998e+02 +3.2512e+00 -1.4576e+00
733 +5.571888551e-08 +5.571888551e-08 -2.643099999e+02 -2.643099999e+02 +3.2512e+00 -1.4576e+00
754 +5.791889635e-09 +5.791889635e-09 -2.643100000e+02 -2.643100000e+02 +3.2512e+00 -1.4576e+00
781 +2.996898729e-09 +2.996898729e-09 -2.643100000e+02 -2.643100000e+02 +3.2512e+00 -1.4576e+00
831 +1.922842330e-09 +1.922842330e-09 -2.643100000e+02 -2.643100000e+02 +3.2512e+00 -1.4576e+00
851 +2.639808372e-10 +2.639808372e-10 -2.643100000e+02 -2.643100000e+02 +3.2512e+00 -1.4576e+00
861 +1.601279109e-10 +1.601279109e-10 -2.643100000e+02 -2.643100000e+02 +3.2512e+00 -1.4576e+00
875 +8.054712453e-11 +8.054712453e-11 -2.643100000e+02 -2.643100000e+02 +3.2512e+00 -1.4576e+00
893 +8.412825991e-12 +8.412825991e-12 -2.643100000e+02 -2.643100000e+02 +3.2512e+00 -1.4576e+00
929 +1.818989404e-12 +1.818989404e-12 -2.643100000e+02 -2.643100000e+02 +3.2512e+00 -1.4576e+00
972 +7.389644452e-13 +7.389644452e-13 -2.643100000e+02 -2.643100000e+02 +3.2512e+00 -1.4576e+00
993 +2.273736754e-13 +2.273736754e-13 -2.643100000e+02 -2.643100000e+02 +3.2512e+00 -1.4576e+00
1012 +1.136868377e-13 +1.136868377e-13 -2.643100000e+02 -2.643100000e+02 +3.2512e+00 -1.4576e+00
1031 +0.000000000e+00 +0.000000000e+00 -2.643100000e+02 -2.643100000e+02 +3.2512e+00 -1.4576e+00
% function evaluation | noise-free fitness - Fopt (7.273000000000e+01) | best noise-free fitness - Fopt | measured fitness | best measured fitness | x1 | x2...
1 +2.642584484e+02 +2.642584484e+02 +3.369884484e+02 +3.369884484e+02 +3.8361e+00 -4.3526e+00
3 +4.580929820e+01 +4.580929820e+01 +1.185392982e+02 +1.185392982e+02 -7.5247e-01 -2.7339e+00
6 +1.539353150e+01 +1.539353150e+01 +8.812353150e+01 +8.812353150e+01 +1.3930e+00 -1.9363e+00
33 +8.064345600e+00 +8.064345600e+00 +8.079434560e+01 +8.079434560e+01 +6.2562e-01 -1.7015e+00
43 +5.169497243e+00 +5.169497243e+00 +7.789949724e+01 +7.789949724e+01 +6.4908e-01 -1.9616e+00
103 +3.102509082e+00 +3.102509082e+00 +7.583250908e+01 +7.583250908e+01 +1.6284e+00 -1.9840e+00
131 +2.288012257e+00 +2.288012257e+00 +7.501801226e+01 +7.501801226e+01 +1.6135e+00 -1.9695e+00
234 +1.528978513e+00 +1.528978513e+00 +7.425897851e+01 +7.425897851e+01 +1.6121e+00 -2.2878e+00
381 +9.988478261e-01 +9.988478261e-01 +7.372884783e+01 +7.372884783e+01 +1.5887e+00 -2.2767e+00
1742 +4.465018858e-01 +4.465018858e-01 +7.317650189e+01 +7.317650189e+01 +2.5686e+00 -2.2901e+00
1771 +6.599272867e-02 +6.599272867e-02 +7.279599273e+01 +7.279599273e+01 +2.5686e+00 -2.2795e+00
1854 +1.938884195e-02 +1.938884195e-02 +7.274938884e+01 +7.274938884e+01 +2.5766e+00 -2.2736e+00
1954 +5.883298107e-03 +5.883298107e-03 +7.273588330e+01 +7.273588330e+01 +2.5802e+00 -2.2743e+00
1963 +2.830194053e-03 +2.830194053e-03 +7.273283019e+01 +7.273283019e+01 +2.5811e+00 -2.2749e+00
1966 +1.530026800e-03 +1.530026800e-03 +7.273153003e+01 +7.273153003e+01 +2.5797e+00 -2.2762e+00
% function evaluation | noise-free fitness - Fopt (1.368700000000e+02) | best noise-free fitness - Fopt | measured fitness | best measured fitness | x1 | x2...
1 +1.199597535e+02 +1.199597535e+02 +2.568297535e+02 +2.568297535e+02 -4.7080e+00 +1.6315e+00
5 +3.850289286e+01 +3.850289286e+01 +1.753728929e+02 +1.753728929e+02 +9.9179e-02 +4.0185e+00
21 +1.533097413e+01 +1.533097413e+01 +1.522009741e+02 +1.522009741e+02 +3.7991e+00 +2.9510e+00
42 +6.267433065e+00 +6.267433065e+00 +1.431374331e+02 +1.431374331e+02 +3.6112e+00 +2.8965e+00
97 +2.237015689e+00 +2.237015689e+00 +1.391070157e+02 +1.391070157e+02 +2.5033e+00 +3.9096e+00
143 +1.273115843e+00 +1.273115843e+00 +1.381431158e+02 +1.381431158e+02 +3.4807e+00 +3.9177e+00
362 +2.888371251e-01 +2.888371251e-01 +1.371588371e+02 +1.371588371e+02 +3.4807e+00 +3.6141e+00
375 +1.023572468e-01 +1.023572468e-01 +1.369723572e+02 +1.369723572e+02 +3.4943e+00 +3.6141e+00
441 +4.382880032e-02 +4.382880032e-02 +1.369138288e+02 +1.369138288e+02 +3.5141e+00 +3.6163e+00
513 +2.635047549e-02 +2.635047549e-02 +1.368963505e+02 +1.368963505e+02 +3.5065e+00 +3.6141e+00
524 +1.297395991e-02 +1.297395991e-02 +1.368829740e+02 +1.368829740e+02 +3.5079e+00 +3.6110e+00
582 +5.606626329e-03 +5.606626329e-03 +1.368756066e+02 +1.368756066e+02 +3.5111e+00 +3.6119e+00
587 +3.299514395e-03 +3.299514395e-03 +1.368732995e+02 +1.368732995e+02 +3.5141e+00 +3.6131e+00
606 +1.411224242e-04 +1.411224242e-04 +1.368701411e+02 +1.368701411e+02 +3.5161e+00 +3.6122e+00
664 +8.509226473e-05 +8.509226473e-05 +1.368700851e+02 +1.368700851e+02 +3.5155e+00 +3.6121e+00
691 +5.122258614e-05 +5.122258614e-05 +1.368700512e+02 +1.368700512e+02 +3.5155e+00 +3.6120e+00
715 +2.673210398e-05 +2.673210398e-05 +1.368700267e+02 +1.368700267e+02 +3.5159e+00 +3.6121e+00
724 +1.181458015e-05 +1.181458015e-05 +1.368700118e+02 +1.368700118e+02 +3.5158e+00 +3.6121e+00
749 +8.618647257e-06 +8.618647257e-06 +1.368700086e+02 +1.368700086e+02 +3.5158e+00 +3.6120e+00
759 +6.196170887e-06 +6.196170887e-06 +1.368700062e+02 +1.368700062e+02 +3.5159e+00 +3.6120e+00
768 +9.063739128e-07 +9.063739128e-07 +1.368700009e+02 +1.368700009e+02 +3.5160e+00 +3.6120e+00
785 +4.383574037e-07 +4.383574037e-07 +1.368700004e+02 +1.368700004e+02 +3.5160e+00 +3.6120e+00
786 +1.704054284e-07 +1.704054284e-07 +1.368700002e+02 +1.368700002e+02 +3.5160e+00 +3.6120e+00
791 +1.634379032e-08 +1.634379032e-08 +1.368700000e+02 +1.368700000e+02 +3.5160e+00 +3.6120e+00
852 +9.434870663e-09 +9.434870663e-09 +1.368700000e+02 +1.368700000e+02 +3.5160e+00 +3.6120e+00
863 +3.136619853e-09 +3.136619853e-09 +1.368700000e+02 +1.368700000e+02 +3.5160e+00 +3.6120e+00
895 +1.497539870e-09 +1.497539870e-09 +1.368700000e+02 +1.368700000e+02 +3.5160e+00 +3.6120e+00
918 +2.455067261e-10 +2.455067261e-10 +1.368700000e+02 +1.368700000e+02 +3.5160e+00 +3.6120e+00
965 +8.103029359e-11 +8.103029359e-11 +1.368700000e+02 +1.368700000e+02 +3.5160e+00 +3.6120e+00
986 +4.064304449e-11 +4.064304449e-11 +1.368700000e+02 +1.368700000e+02 +3.5160e+00 +3.6120e+00
1022 +4.177991286e-12 +4.177991286e-12 +1.368700000e+02 +1.368700000e+02 +3.5160e+00 +3.6120e+00
1091 +3.836930773e-12 +3.836930773e-12 +1.368700000e+02 +1.368700000e+02 +3.5160e+00 +3.6120e+00
1093 +3.410605132e-13 +3.410605132e-13 +1.368700000e+02 +1.368700000e+02 +3.5160e+00 +3.6120e+00
1153 +8.526512829e-14 +8.526512829e-14 +1.368700000e+02 +1.368700000e+02 +3.5160e+00 +3.6120e+00
1168 +5.684341886e-14 +5.684341886e-14 +1.368700000e+02 +1.368700000e+02 +3.5160e+00 +3.6120e+00
1192 +0.000000000e+00 +0.000000000e+00 +1.368700000e+02 +1.368700000e+02 +3.5160e+00 +3.6120e+00
% function evaluation | noise-free fitness - Fopt (2.196000000000e+01) | best noise-free fitness - Fopt | measured fitness | best measured fitness | x1 | x2...
1 +1.520522108e+02 +1.520522108e+02 +1.740122108e+02 +1.740122108e+02 -1.0569e+00 +2.7090e+00
4 +8.321726446e+01 +8.321726446e+01 +1.051772645e+02 +1.051772645e+02 -4.3322e+00 +5.4324e-01
7 +5.373220739e+01 +5.373220739e+01 +7.569220739e+01 +7.569220739e+01 -3.9893e+00 -1.3288e+00
21 +2.680473764e+01 +2.680473764e+01 +4.876473764e+01 +4.876473764e+01 +9.0586e-01 -8.4465e-02
42 +2.493471648e+01 +2.493471648e+01 +4.689471648e+01 +4.689471648e+01 -7.4615e-01 -1.2636e+00
63 +1.503313407e+01 +1.503313407e+01 +3.699313407e+01 +3.699313407e+01 +1.1368e+00 -8.4465e-02
108 +9.363382096e+00 +9.363382096e+00 +3.132338210e+01 +3.132338210e+01 +1.4383e+00 -4.3659e-02
116 +3.195823501e+00 +3.195823501e+00 +2.515582350e+01 +2.515582350e+01 +3.2024e+00 -3.0764e-01
204 +1.629380217e+00 +1.629380217e+00 +2.358938022e+01 +2.358938022e+01 +3.2436e+00 -9.5249e-01
371 +7.480517306e-01 +7.480517306e-01 +2.270805173e+01 +2.270805173e+01 +3.2436e+00 -6.2524e-01
412 +4.170257827e-01 +4.170257827e-01 +2.237702578e+01 +2.237702578e+01 +3.2622e+00 -6.4665e-01
451 +2.606167516e-01 +2.606167516e-01 +2.222061675e+01 +2.222061675e+01 +3.2774e+00 -6.4665e-01
502 +2.251190272e-01 +2.251190272e-01 +2.218511903e+01 +2.218511903e+01 +3.2797e+00 -6.4622e-01
588 +1.449625714e-01 +1.449625714e-01 +2.210496257e+01 +2.210496257e+01 +3.2814e+00 -6.4430e-01
612 +7.439514509e-02 +7.439514509e-02 +2.203439515e+01 +2.203439515e+01 +3.2818e+00 -6.4048e-01
621 +5.967140967e-02 +5.967140967e-02 +2.201967141e+01 +2.201967141e+01 +3.2857e+00 -6.4056e-01
683 +3.201816566e-02 +3.201816566e-02 +2.199201817e+01 +2.199201817e+01 +3.2821e+00 -6.3791e-01
732 +1.326923016e-02 +1.326923016e-02 +2.197326923e+01 +2.197326923e+01 +3.2881e+00 -6.3791e-01
762 +9.409049386e-03 +9.409049386e-03 +2.196940905e+01 +2.196940905e+01 +3.2883e+00 -6.3729e-01
774 +3.376039587e-03 +3.376039587e-03 +2.196337604e+01 +2.196337604e+01 +3.2910e+00 -6.3708e-01
777 +1.451801219e-04 +1.451801219e-04 +2.196014518e+01 +2.196014518e+01 +3.2933e+00 -6.3573e-01
862 +3.406682242e-05 +3.406682242e-05 +2.196003407e+01 +2.196003407e+01 +3.2933e+00 -6.3590e-01
882 +2.442350349e-05 +2.442350349e-05 +2.196002442e+01 +2.196002442e+01 +3.2936e+00 -6.3588e-01
896 +1.334166440e-05 +1.334166440e-05 +2.196001334e+01 +2.196001334e+01 +3.2936e+00 -6.3598e-01
923 +1.883987885e-06 +1.883987885e-06 +2.196000188e+01 +2.196000188e+01 +3.2935e+00 -6.3598e-01
967 +7.708519405e-07 +7.708519405e-07 +2.196000077e+01 +2.196000077e+01 +3.2935e+00 -6.3600e-01
974 +5.004130870e-07 +5.004130870e-07 +2.196000050e+01 +2.196000050e+01 +3.2936e+00 -6.3599e-01
982 +6.186471779e-09 +6.186471779e-09 +2.196000001e+01 +2.196000001e+01 +3.2936e+00 -6.3600e-01
1031 +9.095657560e-10 +9.095657560e-10 +2.196000000e+01 +2.196000000e+01 +3.2936e+00 -6.3600e-01
1091 +5.247962065e-10 +5.247962065e-10 +2.196000000e+01 +2.196000000e+01 +3.2936e+00 -6.3600e-01
1113 +6.804157238e-11 +6.804157238e-11 +2.196000000e+01 +2.196000000e+01 +3.2936e+00 -6.3600e-01
1144 +3.131006565e-11 +3.131006565e-11 +2.196000000e+01 +2.196000000e+01 +3.2936e+00 -6.3600e-01
1173 +1.060129762e-11 +1.060129762e-11 +2.196000000e+01 +2.196000000e+01 +3.2936e+00 -6.3600e-01
1182 +6.334488489e-12 +6.334488489e-12 +2.196000000e+01 +2.196000000e+01 +3.2936e+00 -6.3600e-01
1203 +1.396216476e-12 +1.396216476e-12 +2.196000000e+01 +2.196000000e+01 +3.2936e+00 -6.3600e-01
1242 +1.101341240e-13 +1.101341240e-13 +2.196000000e+01 +2.196000000e+01 +3.2936e+00 -6.3600e-01
1311 +1.065814104e-14 +1.065814104e-14 +2.196000000e+01 +2.196000000e+01 +3.2936e+00 -6.3600e-01
1391 +7.105427358e-15 +7.105427358e-15 +2.196000000e+01 +2.196000000e+01 +3.2936e+00 -6.3600e-01
1398 +0.000000000e+00 +0.000000000e+00 +2.196000000e+01 +2.196000000e+01 +3.2936e+00 -6.3600e-01
% function evaluation | noise-free fitness - Fopt (-2.139000000000e+01) | best noise-free fitness - Fopt | measured fitness | best measured fitness | x1 | x2...
1 +7.105159099e+01 +7.105159099e+01 +4.966159099e+01 +4.966159099e+01 +2.0902e-01 +4.8349e+00
3 +1.232280797e+01 +1.232280797e+01 -9.067192028e+00 -9.067192028e+00 +3.5033e+00 +2.8291e+00
74 +9.529397866e+00 +9.529397866e+00 -1.186060213e+01 -1.186060213e+01 +2.0816e+00 +2.5185e+00
104 +1.085901681e+00 +1.085901681e+00 -2.030409832e+01 -2.030409832e+01 +2.2164e+00 +2.8082e+00
461 +9.971648692e-01 +9.971648692e-01 -2.039283513e+01 -2.039283513e+01 +2.2089e+00 +2.8015e+00
% function evaluation | noise-free fitness - Fopt (5.176600000000e+02) | best noise-free fitness - Fopt | measured fitness | best measured fitness | x1 | x2...
1 +2.605057001e+02 +2.605057001e+02 +7.781657001e+02 +7.781657001e+02 +4.0644e+00 -1.7594e+00
2 +1.800743429e+02 +1.800743429e+02 +6.977343429e+02 +6.977343429e+02 -1.0325e-01 -7.0624e-01
5 +2.888649333e+01 +2.888649333e+01 +5.465464933e+02 +5.465464933e+02 +4.0728e+00 +3.6612e+00
28 +1.832021698e+01 +1.832021698e+01 +5.359802170e+02 +5.359802170e+02 +2.3148e+00 +3.5099e+00
61 +1.458444325e+01 +1.458444325e+01 +5.322444432e+02 +5.322444432e+02 +2.2861e+00 +3.1791e+00
75 +9.498046270e+00 +9.498046270e+00 +5.271580463e+02 +5.271580463e+02 +3.8543e+00 +2.2215e+00
119 +6.273411337e+00 +6.273411337e+00 +5.239334113e+02 +5.239334113e+02 +2.8429e+00 +3.4414e+00
122 +4.144917904e-01 +4.144917904e-01 +5.180744918e+02 +5.180744918e+02 +3.8543e+00 +3.1817e+00
303 +1.260413591e-01 +1.260413591e-01 +5.177860414e+02 +5.177860414e+02 +3.8658e+00 +3.1766e+00
374 +9.046653707e-02 +9.046653707e-02 +5.177504665e+02 +5.177504665e+02 +3.8776e+00 +3.1791e+00
401 +3.894985530e-02 +3.894985530e-02 +5.176989499e+02 +5.176989499e+02 +3.8808e+00 +3.1692e+00
408 +5.987197949e-03 +5.987197949e-03 +5.176659872e+02 +5.176659872e+02 +3.8833e+00 +3.1722e+00
456 +2.472501587e-03 +2.472501587e-03 +5.176624725e+02 +5.176624725e+02 +3.8879e+00 +3.1717e+00
463 +5.799621044e-04 +5.799621044e-04 +5.176605800e+02 +5.176605800e+02 +3.8866e+00 +3.1731e+00
472 +1.582276938e-04 +1.582276938e-04 +5.176601582e+02 +5.176601582e+02 +3.8879e+00 +3.1725e+00
498 +1.140441884e-05 +1.140441884e-05 +5.176600114e+02 +5.176600114e+02 +3.8880e+00 +3.1729e+00
532 +9.531085084e-06 +9.531085084e-06 +5.176600095e+02 +5.176600095e+02 +3.8879e+00 +3.1727e+00
581 +8.377121503e-07 +8.377121503e-07 +5.176600008e+02 +5.176600008e+02 +3.8879e+00 +3.1728e+00
621 +5.991296348e-10 +5.991296348e-10 +5.176600000e+02 +5.176600000e+02 +3.8880e+00 +3.1728e+00
722 +1.497255653e-10 +1.497255653e-10 +5.176600000e+02 +5.176600000e+02 +3.8880e+00 +3.1728e+00
781 +9.436007531e-12 +9.436007531e-12 +5.176600000e+02 +5.176600000e+02 +3.8880e+00 +3.1728e+00
854 +2.273736754e-12 +2.273736754e-12 +5.176600000e+02 +5.176600000e+02 +3.8880e+00 +3.1728e+00
891 +1.364242053e-12 +1.364242053e-12 +5.176600000e+02 +5.176600000e+02 +3.8880e+00 +3.1728e+00
901 +7.958078641e-13 +7.958078641e-13 +5.176600000e+02 +5.176600000e+02 +3.8880e+00 +3.1728e+00
915 +2.273736754e-13 +2.273736754e-13 +5.176600000e+02 +5.176600000e+02 +3.8880e+00 +3.1728e+00
923 +1.136868377e-13 +1.136868377e-13 +5.176600000e+02 +5.176600000e+02 +3.8880e+00 +3.1728e+00
951 +0.000000000e+00 +0.000000000e+00 +5.176600000e+02 +5.176600000e+02 +3.8880e+00 +3.1728e+00
