% function evaluation | noise-free fitness - Fopt (-5.235000000000e+01) | best noise-free fitness - Fopt | measured fitness | best measured fitness | x1 | x2...
1 +1.793390825e+01 +1.793390825e+01 -3.441609175e+01 -3.441609175e+01 +1.1825e+00 -3.9290e+00 +3.9542e+00 -4.4115e+00 -2.6112e+00
15 +4.241091801e+00 +4.241091801e+00 -4.810890820e+01 -4.810890820e+01 -2.1911e+00 -2.2609e+00 +3.4581e+00 -3.0590e-01 -1.1079e+00
62 +2.101463776e+00 +2.101463776e+00 -5.024853622e+01 -5.024853622e+01 -2.0038e+00 -1.0028e+00 +3.3514e+00 -1.8764e+00 -5.7361e-01
730 +6.622565084e-01 +6.622565084e-01 -5.168774349e+01 -5.168774349e+01 -1.8314e+00 -1.4708e+00 +2.6239e+00 -2.3672e+00 -1.3886e+00
1396 +6.036420480e-01 +6.036420480e-01 -5.174635795e+01 -5.174635795e+01 -1.8314e+00 -1.4708e+00 +2.6239e+00 -2.5606e+00 -1.4389e+00
1693 +2.979291082e-01 +2.979291082e-01 -5.205207089e+01 -5.205207089e+01 -8.3867e-01 -1.4646e+00 +3.3504e+00 -2.2526e+00 -1.4391e+00
1867 +2.421516262e-01 +2.421516262e-01 -5.210784837e+01 -5.210784837e+01 -4.0360e-01 -8.9181e-01 +2.5927e+00 -1.9652e+00 -1.3886e+00
2006 +8.536945549e-02 +8.536945549e-02 -5.226463054e+01 -5.226463054e+01 -1.1418e+00 -1.4747e+00 +2.6239e+00 -2.4360e+00 -1.3886e+00
2782 +5.695571211e-02 +5.695571211e-02 -5.229304429e+01 -5.229304429e+01 -1.1362e+00 -1.4491e+00 +2.6239e+00 -2.5611e+00 -1.3886e+00
3271 +3.280241701e-02 +3.280241701e-02 -5.231719758e+01 -5.231719758e+01 -8.3843e-01 -1.2088e+00 +2.5927e+00 -2.2521e+00 -1.4391e+00
4633 +2.199793672e-02 +2.199793672e-02 -5.232800206e+01 -5.232800206e+01 -8.3843e-01 -1.2247e+00 +2.5927e+00 -2.2521e+00 -1.4391e+00
% function evaluation | noise-free fitness - Fopt (-1.795400000000e+02) | best noise-free fitness - Fopt | measured fitness | best measured fitness | x1 | x2...
1 +1.300441553e+01 +1.300441553e+01 -1.665355845e+02 -1.665355845e+02 +1.9447e+00 -1.5507e+00 +4.0850e+00 +3.3609e-01 +4.8014e+00
7 +6.899146834e+00 +6.899146834e+00 -1.726408532e+02 -1.726408532e+02 -8.9363e-01 +2.8348e+00 -4.8180e+00 +2.3841e+00 +3.1938e+00
11 +4.514831519e+00 +4.514831519e+00 -1.750251685e+02 -1.750251685e+02 -7.2504e-01 +2.4093e+00 -3.5186e+00 +1.6639e+00 +2.3673e+00
56 +2.423307759e+00 +2.423307759e+00 -1.771166922e+02 -1.771166922e+02 -4.6795e-01 +1.8960e+00 -3.8163e+00 +2.5469e+00 +3.2244e+00
358 +5.819532895e-01 +5.819532895e-01 -1.789580467e+02 -1.789580467e+02 +1.0632e+00 +6.2444e-02 -3.8163e+00 +2.5469e+00 +3.2244e+00
1828 +3.770312651e-01 +3.770312651e-01 -1.791629687e+02 -1.791629687e+02 +1.0632e+00 +6.0491e-02 -3.5186e+00 +2.2747e+00 +3.2244e+00
2006 +1.931488358e-01 +1.931488358e-01 -1.793468512e+02 -1.793468512e+02 +1.0633e+00 +4.6815e-02 -3.5189e+00 +2.2589e+00 +3.8027e+00
2008 +4.854996883e-02 +4.854996883e-02 -1.794914500e+02 -1.794914500e+02 +1.0632e+00 +4.0952e-01 -3.5186e+00 +2.3842e+00 +3.8027e+00
3185 +3.972014218e-02 +3.972014218e-02 -1.795002799e+02 -1.795002799e+02 +1.0095e+00 +4.1001e-01 -3.5186e+00 +2.3842e+00 +3.8017e+00
4283 +2.509607631e-02 +2.509607631e-02 -1.795149039e+02 -1.795149039e+02 +9.5068e-01 +4.2506e-01 -3.5187e+00 +2.2591e+00 +3.8027e+00
% function evaluation | noise-free fitness - Fopt (7.731000000000e+01) | best noise-free fitness - Fopt | measured fitness | best measured fitness | x1 | x2...
1 +6.409447141e+01 +6.409447141e+01 +1.414044714e+02 +1.414044714e+02 +2.4176e+00 +4.1236e+00 +3.0465e+00 +2.2155e-01 -9.3496e-01
4 +5.647409675e+01 +5.647409675e+01 +1.337840967e+02 +1.337840967e+02 +4.3653e-01 +4.0274e+00 +3.9073e+00 -1.8253e+00 +4.5404e+00
5 +1.545750230e+01 +1.545750230e+01 +9.276750230e+01 +9.276750230e+01 +1.3941e+00 +2.3358e+00 -2.9844e+00 -3.6439e+00 +1.0002e+00
11 +8.056780667e+00 +8.056780667e+00 +8.536678067e+01 +8.536678067e+01 +1.3641e+00 -2.6243e+00 -7.1788e-01 -3.2216e+00 +3.5312e+00
52 +3.741673646e+00 +3.741673646e+00 +8.105167365e+01 +8.105167365e+01 +1.9432e+00 +5.9355e-01 -2.6055e-01 -1.4535e+00 +1.3785e+00
136 +1.712834797e+00 +1.712834797e+00 +7.902283480e+01 +7.902283480e+01 +7.8225e-01 -1.2988e+00 -1.7605e+00 -3.2895e+00 +1.7752e+00
403 +1.510337898e+00 +1.510337898e+00 +7.882033790e+01 +7.882033790e+01 +1.9432e+00 +5.9355e-01 -2.2558e+00 -1.4535e+00 +1.3785e+00
944 +6.489113240e-01 +6.489113240e-01 +7.795891132e+01 +7.795891132e+01 +4.7523e-01 -1.1499e+00 -2.1057e+00 -2.5328e+00 +1.2193e+00
1135 +4.764510809e-01 +4.764510809e-01 +7.778645108e+01 +7.778645108e+01 +7.8225e-01 -1.2988e+00 -1.7605e+00 -1.9535e+00 +1.3941e+00
1434 +2.562242542e-01 +2.562242542e-01 +7.756622425e+01 +7.756622425e+01 +9.7703e-01 -1.2359e+00 -1.7819e+00 -1.6427e+00 +8.3459e-01
1703 +2.170690370e-01 +2.170690370e-01 +7.752706904e+01 +7.752706904e+01 +9.7703e-01 -1.0249e+00 -2.1057e+00 -1.4535e+00 +1.1265e+00
2374 +1.509771182e-01 +1.509771182e-01 +7.746097712e+01 +7.746097712e+01 +7.8225e-01 -6.6066e-01 -2.1057e+00 -1.5290e+00 +1.1285e+00
2756 +7.263568030e-02 +7.263568030e-02 +7.738263568e+01 +7.738263568e+01 +9.4578e-01 -7.5664e-01 -2.1059e+00 -1.9534e+00 +9.0996e-01
3368 +3.322308555e-02 +3.322308555e-02 +7.734322309e+01 +7.734322309e+01 +7.8225e-01 -5.0664e-01 -2.1059e+00 -1.9534e+00 +1.0523e+00
3771 +2.458582434e-02 +2.458582434e-02 +7.733458582e+01 +7.733458582e+01 +7.8274e-01 -6.7628e-01 -2.0599e+00 -1.9389e+00 +1.0523e+00
4248 +1.427902288e-02 +1.427902288e-02 +7.732427902e+01 +7.732427902e+01 +9.4554e-01 -6.6066e-01 -2.2338e+00 -1.8065e+00 +1.0093e+00
% function evaluation | noise-free fitness - Fopt (3.992000000000e+01) | best noise-free fitness - Fopt | measured fitness | best measured fitness | x1 | x2...
1 +4.446336515e+01 +4.446336515e+01 +8.438336515e+01 +8.438336515e+01 +9.6370e-01 +5.8445e-01 -8.4204e-01 +1.5108e+00 +3.6303e+00
4 +2.661109868e+01 +2.661109868e+01 +6.653109868e+01 +6.653109868e+01 -6.1497e-01 +4.1229e+00 -1.2675e+00 +4.9685e+00 +2.0848e+00
5 +2.020241273e+01 +2.020241273e+01 +6.012241273e+01 +6.012241273e+01 -4.9901e+00 -1.9306e+00 -2.6754e+00 -7.5629e-01 +2.8252e+00
7 +9.194077025e+00 +9.194077025e+00 +4.911407703e+01 +4.911407703e+01 -1.5260e+00 +1.8024e+00 -9.5332e-01 +4.1734e-01 -1.2352e+00
70 +5.266934743e+00 +5.266934743e+00 +4.518693474e+01 +4.518693474e+01 +1.3295e+00 +1.4985e+00 +9.6478e-01 -4.8178e-02 -1.8577e+00
214 +2.993304303e+00 +2.993304303e+00 +4.291330430e+01 +4.291330430e+01 +3.4265e+00 -2.8326e+00 +1.4776e+00 -1.4133e+00 -1.8253e+00
355 +1.541239264e+00 +1.541239264e+00 +4.146123926e+01 +4.146123926e+01 +2.9205e+00 -1.4641e+00 +1.3916e+00 -1.7829e+00 -1.2556e+00
1500 +9.755771509e-01 +9.755771509e-01 +4.089557715e+01 +4.089557715e+01 +3.9265e+00 -1.7527e+00 +1.2806e+00 -2.5133e+00 -1.7628e+00
2052 +4.321497643e-01 +4.321497643e-01 +4.035214976e+01 +4.035214976e+01 +3.9077e+00 -1.0102e+00 +1.9932e+00 -2.6757e+00 -2.5548e+00
2270 +2.222153876e-01 +2.222153876e-01 +4.014221539e+01 +4.014221539e+01 +3.9265e+00 -1.4641e+00 +2.1508e+00 -2.5512e+00 -1.7628e+00
3051 +1.431418179e-01 +1.431418179e-01 +4.006314182e+01 +4.006314182e+01 +3.9264e+00 -1.2566e+00 +1.9932e+00 -2.5154e+00 -2.0846e+00
3485 +9.216096154e-02 +9.216096154e-02 +4.001216096e+01 +4.001216096e+01 +3.9265e+00 -1.0107e+00 +2.4321e+00 -2.5094e+00 -1.7628e+00
3953 +6.208436971e-02 +6.208436971e-02 +3.998208437e+01 +3.998208437e+01 +3.9275e+00 -1.2545e+00 +2.1513e+00 -2.3661e+00 -2.0846e+00
4043 +3.913507023e-02 +3.913507023e-02 +3.995913507e+01 +3.995913507e+01 +3.9077e+00 -1.0107e+00 +2.4008e+00 -2.3661e+00 -2.0547e+00
% function evaluation | noise-free fitness - Fopt (-5.661000000000e+01) | best noise-free fitness - Fopt | measured fitness | best measured fitness | x1 | x2...
1 +5.933677958e+01 +5.933677958e+01 +2.726779584e+00 +2.726779584e+00 +2.6625e+00 +1.4226e-02 -2.7899e+00 +3.7560e+00 -1.2809e+00
2 +3.614876928e+01 +3.614876928e+01 -2.046123072e+01 -2.046123072e+01 +3.5716e+00 +1.4817e+00 -8.7482e-01 +2.4278e+00 -3.3036e+00
4 +2.033302968e+01 +2.033302968e+01 -3.627697032e+01 -3.627697032e+01 -7.4570e-01 -1.6696e+00 +1.1698e+00 -2.4096e+00 -1.3243e+00
23 +7.448579222e+00 +7.448579222e+00 -4.916142078e+01 -4.916142078e+01 +4.9545e+00 +2.4556e+00 +1.6651e+00 -2.4446e+00 -1.3320e+00
32 +3.394553095e+00 +3.394553095e+00 -5.321544691e+01 -5.321544691e+01 +2.7927e+00 +3.1424e+00 +3.0352e+00 -3.9116e-01 -2.0686e+00
406 +1.869335233e+00 +1.869335233e+00 -5.474066477e+01 -5.474066477e+01 +2.7907e+00 +3.1424e+00 +2.6038e+00 -1.8974e+00 -2.0686e+00
904 +1.294399112e+00 +1.294399112e+00 -5.531560089e+01 -5.531560089e+01 +2.3033e+00 +2.2627e+00 +3.3268e+00 -3.5247e+00 -4.4086e+00
971 +9.270545365e-01 +9.270545365e-01 -5.568294546e+01 -5.568294546e+01 +2.7907e+00 +3.1424e+00 +2.6038e+00 -3.4436e+00 -2.3613e+00
1412 +4.888854439e-01 +4.888854439e-01 -5.612111456e+01 -5.612111456e+01 +1.7402e+00 +2.2627e+00 +3.3268e+00 -3.5247e+00 -2.3725e+00
2091 +2.522467873e-01 +2.522467873e-01 -5.635775321e+01 -5.635775321e+01 +2.3033e+00 +2.7632e+00 +3.2279e+00 -3.2849e+00 -3.5783e+00
2204 +9.005712103e-02 +9.005712103e-02 -5.651994288e+01 -5.651994288e+01 +1.9335e+00 +3.1424e+00 +3.0354e+00 -3.2839e+00 -3.3356e+00
3441 +5.650821972e-02 +5.650821972e-02 -5.655349178e+01 -5.655349178e+01 +2.0221e+00 +3.1424e+00 +3.0354e+00 -3.2839e+00 -3.3200e+00
3761 +3.604193477e-02 +3.604193477e-02 -5.657395807e+01 -5.657395807e+01 +2.0514e+00 +2.9556e+00 +3.1316e+00 -3.3474e+00 -3.0536e+00
3954 +2.381969865e-02 +2.381969865e-02 -5.658618030e+01 -5.658618030e+01 +1.9330e+00 +3.0174e+00 +3.0354e+00 -3.2839e+00 -3.1168e+00
4471 +1.538782785e-02 +1.538782785e-02 -5.659461217e+01 -5.659461217e+01 +1.8930e+00 +2.8804e+00 +3.2279e+00 -3.2839e+00 -3.0230e+00
% function evaluation | noise-free fitness - Fopt (5.134000000000e+01) | best noise-free fitness - Fopt | measured fitness | best measured fitness | x1 | x2...
1 +4.511785935e+01 +4.511785935e+01 +9.645785935e+01 +9.645785935e+01 +2.1618e+00 -3.3885e+00 -3.4075e+00 -2.2180e+00 +3.6165e+00
3 +3.677488812e+01 +3.677488812e+01 +8.811488812e+01 +8.811488812e+01 -3.7428e+00 +1.5999e+00 +3.6787e+00 +1.2532e+00 -2.6142e+00
9 +1.162169077e+01 +1.162169077e+01 +6.296169077e+01 +6.296169077e+01 -4.6543e+00 +3.5279e+00 -5.4436e-01 -2.7798e-01 +4.9155e+00
12 +8.469900263e+00 +8.469900263e+00 +5.980990026e+01 +5.980990026e+01 -1.8722e+00 -6.2089e-01 +3.6943e+00 +4.3232e+00 -1.1769e+00
59 +5.582259809e+00 +5.582259809e+00 +5.692225981e+01 +5.692225981e+01 -4.9843e-01 -2.0981e+00 +2.3919e+00 +4.0509e+00 -4.0746e-02
290 +2.908213498e+00 +2.908213498e+00 +5.424821350e+01 +5.424821350e+01 -2.0472e+00 -3.1479e+00 +8.2073e-01 +6.1819e-01 +1.5988e+00
694 +1.967468724e+00 +1.967468724e+00 +5.330746872e+01 +5.330746872e+01 -2.0426e+00 -1.2397e+00 +1.0035e+00 +3.4010e+00 -1.3872e-01
719 +1.206441862e+00 +1.206441862e+00 +5.254644186e+01 +5.254644186e+01 -2.5843e+00 -1.8862e+00 -3.3658e-01 +4.0164e+00 -1.3970e-01
745 +9.536002801e-01 +9.536002801e-01 +5.229360028e+01 +5.229360028e+01 -1.6876e+00 -2.4796e+00 +3.7198e-01 +2.0313e+00 +1.3060e-01
1348 +4.525082065e-01 +4.525082065e-01 +5.179250821e+01 +5.179250821e+01 -2.7529e+00 -2.5562e+00 -9.7604e-02 +2.4643e+00 -8.9745e-02
1466 +1.994146101e-01 +1.994146101e-01 +5.153941461e+01 +5.153941461e+01 -2.5561e+00 -2.5562e+00 +4.1579e-01 +2.7840e+00 +8.7887e-01
2385 +9.420950615e-02 +9.420950615e-02 +5.143420951e+01 +5.143420951e+01 -2.4306e+00 -2.3442e+00 +2.7598e-01 +2.4592e+00 +1.8476e-01
3142 +5.699250179e-02 +5.699250179e-02 +5.139699250e+01 +5.139699250e+01 -2.5109e+00 -2.0981e+00 +2.9973e-01 +2.6759e+00 +2.6288e-01
3385 +3.234540620e-02 +3.234540620e-02 +5.137234541e+01 +5.137234541e+01 -2.5551e+00 -2.3486e+00 +3.9187e-01 +2.9551e+00 +6.6815e-01
3603 +1.973744255e-02 +1.973744255e-02 +5.135973744e+01 +5.135973744e+01 -2.5368e+00 -2.3481e+00 +3.7198e-01 +2.8382e+00 +5.4608e-01
4312 +1.163918561e-02 +1.163918561e-02 +5.135163919e+01 +5.135163919e+01 -2.5368e+00 -2.3486e+00 +3.9166e-01 +2.7853e+00 +5.4415e-01
4882 +8.170436022e-03 +8.170436022e-03 +5.134817044e+01 +5.134817044e+01 -2.5109e+00 -2.3168e+00 +3.9187e-01 +2.8382e+00 +5.4608e-01
% function evaluation | noise-free fitness - Fopt (-1.244000000000e+02) | best noise-free fitness - Fopt | measured fitness | best measured fitness | x1 | x2...
1 +6.875689822e+01 +6.875689822e+01 -5.564310178e+01 -5.564310178e+01 -7.6745e-01 +3.9403e+00 +1.7637e+00 +3.5307e+00 -2.1795e+00
2 +3.342024809e+01 +3.342024809e+01 -9.097975191e+01 -9.097975191e+01 -4.0366e+00 +4.0652e+00 -3.7825e+00 +3.6118e+00 -3.7340e+00
3 +1.984486627e+01 +1.984486627e+01 -1.045551337e+02 -1.045551337e+02 -2.3423e+00 -3.3315e+00 -3.2314e+00 +1.1079e+00 +2.8014e+00
6 +1.424186909e+01 +1.424186909e+01 -1.101581309e+02 -1.101581309e+02 +2.0532e+00 -1.9163e+00 +2.3937e+00 -2.5547e+00 +1.1257e+00
9 +8.570241638e+00 +8.570241638e+00 -1.158297584e+02 -1.158297584e+02 -4.6860e+00 -2.9481e-02 +4.1084e+00 -1.3963e+00 +5.8903e-01
51 +5.402399091e+00 +5.402399091e+00 -1.189976009e+02 -1.189976009e+02 -8.7555e-01 +8.0751e-01 +1.7976e+00 +6.0741e-01 +8.7414e-01
158 +2.274711934e+00 +2.274711934e+00 -1.221252881e+02 -1.221252881e+02 +5.3663e-01 +9.2592e-01 +1.3741e+00 -1.4015e+00 -1.8515e+00
367 +1.285133335e+00 +1.285133335e+00 -1.231148667e+02 -1.231148667e+02 +1.0409e+00 +1.0538e+00 +2.1785e+00 -2.5895e+00 -1.8243e+00
678 +8.901088264e-01 +8.901088264e-01 -1.235098912e+02 -1.235098912e+02 +5.6656e-01 +5.6591e-01 +2.7064e+00 -1.8479e+00 -3.6586e+00
1245 +5.228663042e-01 +5.228663042e-01 -1.238771337e+02 -1.238771337e+02 +5.3663e-01 +8.2944e-01 +2.9085e+00 -2.5895e+00 -1.7618e+00
1725 +3.757525773e-01 +3.757525773e-01 -1.240242474e+02 -1.240242474e+02 +7.0664e-01 +6.3401e-01 +2.7064e+00 -2.5507e+00 -2.6315e+00
1798 +1.662274044e-01 +1.662274044e-01 -1.242337726e+02 -1.242337726e+02 +4.7860e-01 +7.9214e-01 +2.7064e+00 -1.9738e+00 -2.6569e+00
2323 +1.537512214e-01 +1.537512214e-01 -1.242462488e+02 -1.242462488e+02 +4.7860e-01 +6.3422e-01 +3.1998e+00 -2.0507e+00 -2.6402e+00
2398 +8.398569071e-02 +8.398569071e-02 -1.243160143e+02 -1.243160143e+02 +4.4735e-01 +7.9214e-01 +2.9094e+00 -1.9739e+00 -2.6257e+00
3457 +5.596366870e-02 +5.596366870e-02 -1.243440363e+02 -1.243440363e+02 +4.7860e-01 +8.2944e-01 +2.9005e+00 -2.0507e+00 -2.6402e+00
4132 +1.365580576e-02 +1.365580576e-02 -1.243863442e+02 -1.243863442e+02 +1.6708e-01 +7.9214e-01 +2.8314e+00 -2.5195e+00 -2.5331e+00
% function evaluation | noise-free fitness - Fopt (6.000000000000e-01) | best noise-free fitness - Fopt | measured fitness | best measured fitness | x1 | x2...
1 +1.740299723e+01 +1.740299723e+01 +1.800299723e+01 +1.800299723e+01 +3.7625e-01 +2.8849e+00 -1.7505e+00 +1.8896e+00 +1.0222e+00
8 +1.062942005e+01 +1.062942005e+01 +1.122942005e+01 +1.122942005e+01 +2.0425e+00 -1.2230e+00 +3.5860e+00 +9.1571e-01 +2.2559e+00
10 +6.010979005e+00 +6.010979005e+00 +6.610979005e+00 +6.610979005e+00 -4.5945e-01 +5.3360e-01 -9.8474e-01 +4.3101e+00 +9.8785e-01
23 +3.688502641e+00 +3.688502641e+00 +4.288502641e+00 +4.288502641e+00 +2.3206e+00 -1.7639e+00 +9.6521e-01 +3.0633e+00 +2.3658e+00
246 +1.980742801e+00 +1.980742801e+00 +2.580742801e+00 +2.580742801e+00 +2.8723e+00 -2.5471e+00 -8.4478e-01 +2.6665e+00 +1.1832e+00
264 +8.886810758e-01 +8.886810758e-01 +1.488681076e+00 +1.488681076e+00 +1.8967e+00 -1.8150e+00 +6.6162e-01 +2.8772e+00 +4.3394e-01
654 +6.134856508e-01 +6.134856508e-01 +1.213485651e+00 +1.213485651e+00 +1.8967e+00 -1.8150e+00 -2.7786e-01 +3.0348e+00 +2.0083e-01
1498 +3.925907252e-01 +3.925907252e-01 +9.925907252e-01 +9.925907252e-01 +2.8728e+00 -1.8767e+00 +6.3075e-01 +4.0703e+00 +2.0032e-01
1705 +2.410034561e-01 +2.410034561e-01 +8.410034561e-01 +8.410034561e-01 +2.4439e+00 -1.8151e+00 -2.7786e-01 +3.0348e+00 +2.0032e-01
2197 +1.568503022e-01 +1.568503022e-01 +7.568503022e-01 +7.568503022e-01 +2.8645e+00 -1.8763e+00 -2.7786e-01 +3.2902e+00 -6.0169e-02
2645 +7.401278257e-02 +7.401278257e-02 +6.740127826e-01 +6.740127826e-01 +2.6145e+00 -1.8151e+00 -8.2039e-02 +3.2902e+00 -6.0167e-02
3338 +5.594553422e-02 +5.594553422e-02 +6.559455342e-01 +6.559455342e-01 +2.4439e+00 -1.8767e+00 +1.4247e-01 +3.2901e+00 -6.0136e-02
4549 +3.950786730e-02 +3.950786730e-02 +6.395078673e-01 +6.395078673e-01 +2.6140e+00 -1.8767e+00 +1.7473e-02 +3.2901e+00 -3.0855e-02
5015 +1.990748873e-02 +1.990748873e-02 +6.199074887e-01 +6.199074887e-01 +2.4419e+00 -1.9410e+00 +1.4638e-01 +3.4777e+00 -6.0167e-02
% function evaluation | noise-free fitness - Fopt (-4.071000000000e+01) | best noise-free fitness - Fopt | measured fitness | best measured fitness | x1 | x2...
1 +7.052491338e+01 +7.052491338e+01 +2.981491338e+01 +2.981491338e+01 -3.9827e+00 +3.9721e+00 +2.6713e+00 -1.2823e+00 +4.4535e+00
2 +4.974837513e+01 +4.974837513e+01 +9.038375129e+00 +9.038375129e+00 -4.8789e+00 -3.0761e+00 +8.7585e-01 +2.6438e-01 -2.8630e+00
3 +2.850197894e+01 +2.850197894e+01 -1.220802106e+01 -1.220802106e+01 -4.5615e+00 -3.0598e+00 -3.3103e+00 +3.9546e+00 +1.0373e+00
14 +6.942727020e+00 +6.942727020e+00 -3.376727298e+01 -3.376727298e+01 -8.5919e-01 -4.8664e+00 +1.6417e+00 +4.0687e+00 -3.2637e+00
16 +2.058947225e+00 +2.058947225e+00 -3.865105278e+01 -3.865105278e+01 +4.9653e-01 -2.0327e+00 +3.0739e+00 +1.8436e+00 -1.2313e+00
376 +1.444982953e+00 +1.444982953e+00 -3.926501705e+01 -3.926501705e+01 +7.4144e-01 -2.4356e+00 +2.9426e-01 +1.9828e+00 +5.3453e-01
860 +9.676394205e-01 +9.676394205e-01 -3.974236058e+01 -3.974236058e+01 +3.7153e-01 -2.0327e+00 +4.6912e-01 +2.0662e+00 -4.4148e-01
1285 +4.835186040e-01 +4.835186040e-01 -4.022648140e+01 -4.022648140e+01 +1.2553e+00 -2.6872e+00 +1.8191e+00 +2.4859e+00 -3.2946e-01
1696 +3.769433851e-01 +3.769433851e-01 -4.033305661e+01 -4.033305661e+01 +7.2409e-01 -2.1872e+00 +1.8191e+00 +2.2034e+00 -2.5710e-01
1989 +5.789985993e-02 +5.789985993e-02 -4.065210014e+01 -4.065210014e+01 +7.9386e-01 -2.9822e+00 +1.4544e+00 +2.2197e+00 -3.2849e-01
2838 +3.895312706e-02 +3.895312706e-02 -4.067104687e+01 -4.067104687e+01 +6.3236e-01 -2.8452e+00 +1.4584e+00 +2.1904e+00 -5.2504e-01
3171 +1.004562245e-02 +1.004562245e-02 -4.069995438e+01 -4.069995438e+01 +6.9437e-01 -2.8471e+00 +1.3191e+00 +2.3699e+00 -4.7273e-01
4244 +9.988843866e-03 +9.988843866e-03 -4.070001116e+01 -4.070001116e+01 +6.9461e-01 -2.8452e+00 +1.3191e+00 +2.3699e+00 -4.7273e-01
% function evaluation | noise-free fitness - Fopt (8.143200000000e+02) | best noise-free fitness - Fopt | measured fitness | best measured fitness | x1 | x2...
1 +2.598306779e+02 +2.598306779e+02 +1.074150678e+03 +1.074150678e+03 +4.7311e+00 +4.5583e+00 +3.8388e+00 +2.7525e+00 -7.7279e-01
2 +2.516135904e+01 +2.516135904e+01 +8.394813590e+02 +8.394813590e+02 +3.2364e+00 -4.2312e+00 -4.6751e+00 -4.7239e+00 -3.4631e+00
5 +2.193015334e+01 +2.193015334e+01 +8.362501533e+02 +8.362501533e+02 -3.0951e+00 -8.0387e-02 +2.6101e+00 +7.8581e-01 +4.7660e+00
6 +1.489040166e+01 +1.489040166e+01 +8.292104017e+02 +8.292104017e+02 -3.6897e+00 -1.3048e+00 -4.0893e+00 -4.1440e+00 +3.2912e+00
10 +3.372809494e+00 +3.372809494e+00 +8.176928095e+02 +8.176928095e+02 -6.6552e-01 -4.1283e+00 +3.5646e+00 -2.4191e+00 +1.1000e+00
639 +2.409028226e+00 +2.409028226e+00 +8.167290282e+02 +8.167290282e+02 -1.4232e+00 -2.7398e+00 +4.7788e+00 -2.3545e-01 +2.1120e+00
650 +5.957890422e-01 +5.957890422e-01 +8.149157890e+02 +8.149157890e+02 -2.5117e+00 -4.4690e+00 +4.2208e+00 -1.5596e+00 +2.4894e+00
1699 +3.531096212e-01 +3.531096212e-01 +8.146731096e+02 +8.146731096e+02 -2.4719e+00 -4.1283e+00 +3.5959e+00 -1.6640e+00 +2.4828e+00
2261 +2.253252096e-01 +2.253252096e-01 +8.145453252e+02 +8.145453252e+02 -2.4412e+00 -4.1004e+00 +3.7060e+00 -1.1573e+00 +2.4755e+00
2271 +1.371341454e-01 +1.371341454e-01 +8.144571341e+02 +8.144571341e+02 -3.0970e+00 -4.1283e+00 +3.5958e+00 -9.9808e-01 +2.1120e+00
2879 +7.729796375e-02 +7.729796375e-02 +8.143972980e+02 +8.143972980e+02 -3.0345e+00 -4.1596e+00 +3.7059e+00 -1.1573e+00 +2.2255e+00
3707 +4.935228555e-02 +4.935228555e-02 +8.143693523e+02 +8.143693523e+02 -2.8469e+00 -3.9755e+00 +3.8310e+00 -1.1573e+00 +2.2255e+00
3769 +2.784389432e-02 +2.784389432e-02 +8.143478439e+02 +8.143478439e+02 -2.8510e+00 -4.1440e+00 +3.7737e+00 -1.1369e+00 +2.1120e+00
3978 +8.349584601e-03 +8.349584601e-03 +8.143283496e+02 +8.143283496e+02 -2.8472e+00 -3.9755e+00 +3.8310e+00 -1.1573e+00 +2.0270e+00
% function evaluation | noise-free fitness - Fopt (-6.205000000000e+01) | best noise-free fitness - Fopt | measured fitness | best measured fitness | x1 | x2...
1 +1.733366116e+01 +1.733366116e+01 -4.471633884e+01 -4.471633884e+01 +2.6460e+00 +9.8414e-02 -3.0383e+00 +2.0555e+00 +3.0668e+00
2 +1.181553949e+01 +1.181553949e+01 -5.023446051e+01 -5.023446051e+01 +3.6212e+00 -2.1414e+00 +4.5624e+00 -1.8781e+00 -1.3317e+00
10 +9.997855291e+00 +9.997855291e+00 -5.205214471e+01 -5.205214471e+01 +4.0917e+00 -2.8624e+00 -1.5240e-01 +3.7992e+00 +6.0623e-01
19 +5.708238737e+00 +5.708238737e+00 -5.634176126e+01 -5.634176126e+01 +1.8972e+00 -1.5527e+00 +2.7982e+00 +3.1653e+00 -1.3713e+00
176 +2.997304209e+00 +2.997304209e+00 -5.905269579e+01 -5.905269579e+01 +6.5712e-01 +6.6151e-01 -2.6105e-01 +2.2344e+00 -2.3717e+00
666 +2.402212374e+00 +2.402212374e+00 -5.964778763e+01 -5.964778763e+01 +2.4960e+00 -2.1852e+00 +9.8326e-01 +2.5723e+00 -1.2052e+00
1031 +1.454207894e+00 +1.454207894e+00 -6.059579211e+01 -6.059579211e+01 +1.3493e+00 -2.7761e-01 +7.3423e-01 +2.2500e+00 -2.1226e+00
1158 +5.026421909e-01 +5.026421909e-01 -6.154735781e+01 -6.154735781e+01 +1.2309e+00 -4.0761e-01 -2.6105e-01 +2.1719e+00 -1.6223e+00
1853 +3.540996663e-01 +3.540996663e-01 -6.169590033e+01 -6.169590033e+01 +1.3493e+00 -6.9339e-01 -3.1259e-01 +2.2969e+00 -2.1226e+00
2046 +1.984185942e-01 +1.984185942e-01 -6.185158141e+01 -6.185158141e+01 +1.9748e+00 -2.0463e-01 -2.6105e-01 +2.2342e+00 -1.7174e+00
2093 +1.278041351e-01 +1.278041351e-01 -6.192219586e+01 -6.192219586e+01 +1.6718e+00 -4.0810e-01 -2.6105e-01 +2.2344e+00 -1.6223e+00
3017 +9.998524302e-02 +9.998524302e-02 -6.195001476e+01 -6.195001476e+01 +1.8511e+00 -2.6211e-01 -3.5455e-01 +2.2343e+00 -1.6145e+00
3409 +6.207733066e-02 +6.207733066e-02 -6.198792267e+01 -6.198792267e+01 +1.6869e+00 -4.5420e-01 -3.8605e-01 +2.1716e+00 -1.6225e+00
4518 +3.205645722e-02 +3.205645722e-02 -6.201794354e+01 -6.201794354e+01 +1.8506e+00 -4.5615e-01 -4.3759e-01 +2.0449e+00 -1.6242e+00
4613 +2.215480038e-02 +2.215480038e-02 -6.202784520e+01 -6.202784520e+01 +1.7865e+00 -4.5468e-01 -4.3753e-01 +2.0469e+00 -1.6218e+00
% function evaluation | noise-free fitness - Fopt (-4.328000000000e+01) | best noise-free fitness - Fopt | measured fitness | best measured fitness | x1 | x2...
1 +4.235642887e+01 +4.235642887e+01 -9.235711334e-01 -9.235711334e-01 +2.1417e+00 -3.4378e+00 -2.0881e+00 +4.0635e+00 +3.7212e+00
2 +2.426709860e+01 +2.426709860e+01 -1.901290140e+01 -1.901290140e+01 +4.6254e+00 +1.3246e+00 -4.0578e+00 +3.0697e+00 -2.6743e+00
8 +1.516548556e+01 +1.516548556e+01 -2.811451444e+01 -2.811451444e+01 +4.1379e+00 -1.0432e+00 -1.4173e+00 +8.4899e-01 +6.8541e-01
42 +3.697126311e+00 +3.697126311e+00 -3.958287369e+01 -3.958287369e+01 +9.8534e-02 +4.2678e+00 -1.7664e+00 +6.5681e-01 +2.1198e+00
276 +2.209183003e+00 +2.209183003e+00 -4.107081700e+01 -4.107081700e+01 -1.0059e+00 +1.2220e+00 -2.3639e+00 +1.9879e+00 +4.4298e+00
334 +1.547827319e+00 +1.547827319e+00 -4.173217268e+01 -4.173217268e+01 -1.1502e+00 +2.0769e+00 -1.5297e+00 +1.7687e+00 +3.0721e+00
790 +5.400357133e-01 +5.400357133e-01 -4.273996429e+01 -4.273996429e+01 -7.0496e-01 +2.5403e+00 -2.3639e+00 +1.9879e+00 +3.1334e+00
1368 +2.280891307e-01 +2.280891307e-01 -4.305191087e+01 -4.305191087e+01 -7.0496e-01 +2.5403e+00 -3.1120e+00 +1.9254e+00 +3.1334e+00
2380 +1.513509495e-01 +1.513509495e-01 -4.312864905e+01 -4.312864905e+01 -7.0496e-01 +2.5403e+00 -3.1120e+00 +1.7687e+00 +2.7987e+00
2854 +7.516707198e-02 +7.516707198e-02 -4.320483293e+01 -4.320483293e+01 -6.4246e-01 +2.5403e+00 -3.0495e+00 +1.4962e+00 +2.8046e+00
3719 +6.208436229e-02 +6.208436229e-02 -4.321791564e+01 -4.321791564e+01 -6.4246e-01 +2.6653e+00 -2.8832e+00 +1.6243e+00 +3.1959e+00
3985 +1.939915021e-02 +1.939915021e-02 -4.326060085e+01 -4.326060085e+01 -5.7997e-01 +2.6810e+00 -2.8832e+00 +1.7535e+00 +3.0721e+00
4709 +1.063888583e-02 +1.063888583e-02 -4.326936111e+01 -4.326936111e+01 -5.1746e-01 +2.6653e+00 -2.8832e+00 +1.7536e+00 +3.0644e+00
% function evaluation | noise-free fitness - Fopt (-3.916000000000e+01) | best noise-free fitness - Fopt | measured fitness | best measured fitness | x1 | x2...
1 +7.189807529e+01 +7.189807529e+01 +3.273807529e+01 +3.273807529e+01 +4.5058e+00 -1.9701e+00 -3.1233e+00 -3.3753e+00 -3.9687e+00
2 +3.070498647e+01 +3.070498647e+01 -8.455013525e+00 -8.455013525e+00 -3.4995e-02 -4.9889e+00 +3.0354e+00 +4.5697e+00 -1.7214e+00
6 +9.646390744e+00 +9.646390744e+00 -2.951360926e+01 -2.951360926e+01 -4.3287e+00 -3.8227e+00 +4.4654e+00 +1.9310e+00 +4.2284e+00
15 +3.998819027e+00 +3.998819027e+00 -3.516118097e+01 -3.516118097e+01 -1.9754e+00 +2.0956e+00 +5.8231e-01 +3.3848e+00 -3.4001e+00
119 +1.850156145e+00 +1.850156145e+00 -3.730984386e+01 -3.730984386e+01 -4.0654e+00 +9.2267e-01 +3.0717e+00 +3.3069e+00 -1.3314e+00
512 +1.274403640e+00 +1.274403640e+00 -3.788559636e+01 -3.788559636e+01 -4.6634e+00 +2.3900e+00 +3.1442e+00 +2.7937e+00 -2.6458e+00
1187 +6.679854574e-01 +6.679854574e-01 -3.849201454e+01 -3.849201454e+01 -4.0654e+00 +1.4969e+00 +1.9227e+00 +2.6871e+00 -3.4645e+00
1401 +5.284255781e-01 +5.284255781e-01 -3.863157442e+01 -3.863157442e+01 -3.2361e+00 +2.3900e+00 +3.1442e+00 +2.7937e+00 -2.8959e+00
1684 +3.548623202e-01 +3.548623202e-01 -3.880513768e+01 -3.880513768e+01 -3.8196e+00 +2.2982e+00 +2.7596e+00 +3.3848e+00 -2.6449e+00
1754 +1.912557680e-01 +1.912557680e-01 -3.896874423e+01 -3.896874423e+01 -3.6602e+00 +2.1161e+00 +2.7596e+00 +3.2438e+00 -2.6449e+00
2011 +1.442247998e-01 +1.442247998e-01 -3.901577520e+01 -3.901577520e+01 -3.5696e+00 +1.9227e+00 +2.2909e+00 +3.2603e+00 -2.6449e+00
2787 +9.764363656e-02 +9.764363656e-02 -3.906235636e+01 -3.906235636e+01 -3.8196e+00 +2.0003e+00 +2.2586e+00 +2.8875e+00 -2.6771e+00
3559 +5.400137118e-02 +5.400137118e-02 -3.910599863e+01 -3.910599863e+01 -3.8201e+00 +1.9227e+00 +2.2596e+00 +2.9187e+00 -2.8968e+00
3746 +2.263525623e-02 +2.263525623e-02 -3.913736474e+01 -3.913736474e+01 -3.8196e+00 +1.8914e+00 +2.2909e+00 +2.8394e+00 -2.8968e+00
5072 +1.304462642e-02 +1.304462642e-02 -3.914695537e+01 -3.914695537e+01 -3.8201e+00 +1.9227e+00 +2.3846e+00 +2.7937e+00 -2.8968e+00
% function evaluation | noise-free fitness - Fopt (-1.732800000000e+02) | best noise-free fitness - Fopt | measured fitness | best measured fitness | x1 | x2...
1 +4.663920353e+01 +4.663920353e+01 -1.266407965e+02 -1.266407965e+02 -1.8165e+00 -4.0438e-01 -4.2810e+00 -2.4952e+00 -2.9791e+00
2 +1.057811943e+01 +1.057811943e+01 -1.627018806e+02 -1.627018806e+02 +9.9417e-01 -2.7235e+00 +3.7651e+00 +2.1271e+00 -3.2385e+00
53 +6.861189871e+00 +6.861189871e+00 -1.664188101e+02 -1.664188101e+02 -4.4400e+00 +1.0091e+00 +3.1559e+00 -5.6252e-01 -2.2352e+00
144 +2.627418337e+00 +2.627418337e+00 -1.706525817e+02 -1.706525817e+02 -4.0528e+00 -7.6409e-01 +4.0295e+00 +1.8343e-01 +9.6329e-02
460 +2.432976095e+00 +2.432976095e+00 -1.708470239e+02 -1.708470239e+02 -4.0528e+00 -7.6409e-01 +1.6647e+00 +1.8343e-01 +9.6329e-02
550 +1.238495520e+00 +1.238495520e+00 -1.720415045e+02 -1.720415045e+02 -2.5779e+00 -2.8259e-01 +1.6647e+00 -5.0331e-01 -1.0133e-01
864 +8.346956263e-01 +8.346956263e-01 -1.724453044e+02 -1.724453044e+02 -3.2986e+00 -1.1029e+00 +3.0616e+00 -1.9007e+00 +6.0814e-01
1273 +6.199497707e-01 +6.199497707e-01 -1.726600502e+02 -1.726600502e+02 -3.0294e+00 -1.2282e+00 +1.7832e+00 -1.5257e+00 +5.6127e-02
1440 +3.711538447e-01 +3.711538447e-01 -1.729088462e+02 -1.729088462e+02 -3.1548e+00 -9.4884e-01 +3.0303e+00 -9.7944e-01 +6.4909e-01
1849 +1.695323617e-01 +1.695323617e-01 -1.731104676e+02 -1.731104676e+02 -3.2986e+00 -1.0128e+00 +2.3670e+00 -9.6128e-01 +6.8049e-01
1945 +8.856098907e-02 +8.856098907e-02 -1.731914390e+02 -1.731914390e+02 -2.8366e+00 -9.4884e-01 +2.3650e+00 -1.1659e+00 +6.4909e-01
2268 +5.458061892e-02 +5.458061892e-02 -1.732254194e+02 -1.732254194e+02 -3.0524e+00 -1.1020e+00 +2.3670e+00 -9.6128e-01 +6.0911e-01
2629 +3.871565568e-02 +3.871565568e-02 -1.732412843e+02 -1.732412843e+02 -3.0294e+00 -1.0128e+00 +2.3670e+00 -8.9878e-01 +6.5138e-01
3288 +2.399987323e-02 +2.399987323e-02 -1.732560001e+02 -1.732560001e+02 -2.8366e+00 -9.6397e-01 +2.3670e+00 -9.6128e-01 +6.4909e-01
4757 +1.563340978e-02 +1.563340978e-02 -1.732643666e+02 -1.732643666e+02 -3.0294e+00 -1.0128e+00 +2.3631e+00 -8.6667e-01 +5.3882e-01
% function evaluation | noise-free fitness - Fopt (-1.017000000000e+01) | best noise-free fitness - Fopt | measured fitness | best measured fitness | x1 | x2...
1 +1.484890964e+02 +1.484890964e+02 +1.383190964e+02 +1.383190964e+02 -4.8020e-01 +3.0238e+00 -2.5347e+00 -4.6490e+00 +2.3063e+00
2 +3.822730766e+01 +3.822730766e+01 +2.805730766e+01 +2.805730766e+01 -1.6226e-01 +2.3207e+00 +7.5896e-01 -4.3217e+00 -3.5556e+00
23 +2.176318965e+01 +2.176318965e+01 +1.159318965e+01 +1.159318965e+01 -2.2387e+00 +2.5661e+00 -5.7334e-01 -2.4802e+00 -7.6659e-01
25 +1.427827256e+01 +1.427827256e+01 +4.108272560e+00 +4.108272560e+00 -7.9320e-01 +3.6920e+00 -4.6880e-01 +1.2345e+00 -1.8815e+00
58 +7.407392105e+00 +7.407392105e+00 -2.762607895e+00 -2.762607895e+00 -2.7205e+00 +2.5262e+00 +2.0270e+00 -1.5897e-01 +2.6869e-01
85 +3.883829634e+00 +3.883829634e+00 -6.286170366e+00 -6.286170366e+00 +2.2503e+00 +3.5589e+00 +4.4640e+00 -9.6608e-01 +2.1564e+00
145 +2.419695394e+00 +2.419695394e+00 -7.750304606e+00 -7.750304606e+00 +7.4166e-01 +1.4084e+00 +3.4118e+00 -3.2479e+00 +2.7972e+00
721 +1.500515391e+00 +1.500515391e+00 -8.669484609e+00 -8.669484609e+00 +1.0230e+00 +1.5589e+00 +3.6865e+00 -1.3910e+00 +1.7262e+00
966 +7.557810437e-01 +7.557810437e-01 -9.414218956e+00 -9.414218956e+00 +1.4174e+00 +2.1527e+00 +2.3387e+00 -8.5116e-01 +3.3579e+00
1037 +6.041448475e-01 +6.041448475e-01 -9.565855153e+00 -9.565855153e+00 +6.0103e-01 +1.6014e+00 +2.4386e+00 -1.5566e+00 +2.7972e+00
1460 +3.808910876e-01 +3.808910876e-01 -9.789108912e+00 -9.789108912e+00 +1.2582e+00 +1.5545e+00 +2.3347e+00 -1.7082e+00 +3.3560e+00
1982 +2.190092997e-01 +2.190092997e-01 -9.950990700e+00 -9.950990700e+00 +1.2488e+00 +2.0222e+00 +2.7443e+00 -1.8297e+00 +2.8737e+00
2257 +7.277577717e-02 +7.277577717e-02 -1.009722422e+01 -1.009722422e+01 +1.2098e+00 +1.4240e+00 +2.8453e+00 -1.5563e+00 +2.8126e+00
2381 +5.027273914e-02 +5.027273914e-02 -1.011972726e+01 -1.011972726e+01 +1.2738e+00 +1.5545e+00 +2.8347e+00 -1.5595e+00 +2.8115e+00
2434 +2.255672985e-02 +2.255672985e-02 -1.014744327e+01 -1.014744327e+01 +1.4798e+00 +1.6014e+00 +2.8482e+00 -1.4379e+00 +2.8622e+00
3372 +1.391375944e-02 +1.391375944e-02 -1.015608624e+01 -1.015608624e+01 +1.4798e+00 +1.6014e+00 +2.7443e+00 -1.4379e+00 +2.8622e+00
4626 +8.496630726e-03 +8.496630726e-03 -1.016150337e+01 -1.016150337e+01 +1.4174e+00 +1.6014e+00 +2.7448e+00 -1.5282e+00 +2.8622e+00
