% function evaluation | noise-free fitness - Fopt (9.294000000000e+01) | best noise-free fitness - Fopt | measured fitness | best measured fitness | x1 | x2...
1 +3.315786611e+02 +3.315786611e+02 +4.245186611e+02 +4.245186611e+02 -3.6024e+00 +1.2084e+00 +1.4815e+00 -2.0177e+00 +2.8946e+00
5 +1.721620514e+02 +1.721620514e+02 +2.651020514e+02 +2.651020514e+02 +2.0500e+00 +3.9227e+00 +8.7011e-01 +4.2951e+00 +2.2144e+00
7 +1.399906331e+02 +1.399906331e+02 +2.329306331e+02 +2.329306331e+02 -4.1869e+00 -3.1321e+00 -2.6228e+00 -1.3869e+00 +4.5168e+00
15 +6.157406405e+01 +6.157406405e+01 +1.545140640e+02 +1.545140640e+02 -2.0503e-01 -9.6459e-01 -2.3136e+00 -2.0073e+00 +8.2198e-01
47 +1.399696478e+01 +1.399696478e+01 +1.069369648e+02 +1.069369648e+02 +8.1308e-01 +2.2955e-01 +3.4759e-01 +3.5678e-01 -4.8318e-01
139 +3.844747200e+00 +3.844747200e+00 +9.678474720e+01 +9.678474720e+01 +1.5124e-01 +3.8897e-01 +6.6270e-01 +2.2984e+00 +1.0097e+00
317 +2.495324171e+00 +2.495324171e+00 +9.543532417e+01 +9.543532417e+01 +1.3010e-01 +0.0000e+00 +2.1309e-01 +2.3429e+00 +1.5820e+00
677 +1.118736512e+00 +1.118736512e+00 +9.405873651e+01 +9.405873651e+01 +3.7260e-01 +7.9961e-01 +2.8189e-01 +2.5958e+00 +1.1692e+00
958 +7.312869912e-01 +7.312869912e-01 +9.367128699e+01 +9.367128699e+01 -9.3850e-02 +1.0382e+00 -1.3999e-01 +2.2624e+00 +1.5000e+00
2202 +4.420955711e-01 +4.420955711e-01 +9.338209557e+01 +9.338209557e+01 -3.1211e-01 +3.4594e-01 +1.1711e-01 +2.8269e+00 +2.5224e+00
2429 +1.274654964e-01 +1.274654964e-01 +9.306746550e+01 +9.306746550e+01 -2.4202e-01 +5.8304e-01 +1.4318e-01 +2.8610e+00 +2.3487e+00
2646 +8.806778864e-02 +8.806778864e-02 +9.302806779e+01 +9.302806779e+01 -3.3668e-01 +7.0324e-01 +9.7690e-02 +2.7231e+00 +2.2369e+00
3738 +2.668359354e-02 +2.668359354e-02 +9.296668359e+01 +9.296668359e+01 -2.7212e-01 +7.2087e-01 +1.8291e-01 +2.9164e+00 +2.3137e+00
4069 +1.782083840e-02 +1.782083840e-02 +9.295782084e+01 +9.295782084e+01 -2.4740e-01 +7.6794e-01 +1.6571e-01 +2.9850e+00 +2.3295e+00
5082 +7.299341378e-03 +7.299341378e-03 +9.294729934e+01 +9.294729934e+01 -2.3401e-01 +7.9465e-01 +2.6282e-01 +3.0355e+00 +2.3168e+00
9467 +4.481704678e-07 +4.481704678e-07 +9.294000045e+01 +9.294000045e+01 -2.0629e-01 +7.8163e-01 +2.6227e-01 +3.1361e+00 +2.4072e+00
9530 +3.212888942e-07 +3.212888942e-07 +9.294000032e+01 +9.294000032e+01 -1.9734e-01 +7.7595e-01 +2.6445e-01 +3.1227e+00 +2.3908e+00
9628 +1.678057515e-08 +1.678057515e-08 +9.294000002e+01 +9.294000002e+01 -2.1418e-01 +7.4704e-01 +2.4439e-01 +3.1111e+00 +2.3857e+00
10134 +1.121631499e-08 +1.121631499e-08 +9.294000001e+01 +9.294000001e+01 -2.1396e-01 +7.4399e-01 +2.7756e-01 +3.1086e+00 +2.3808e+00
10374 +7.471172125e-09 +7.471172125e-09 +9.294000001e+01 +9.294000001e+01 -2.1343e-01 +7.4381e-01 +2.6254e-01 +3.1067e+00 +2.4009e+00
% function evaluation | noise-free fitness - Fopt (3.535000000000e+01) | best noise-free fitness - Fopt | measured fitness | best measured fitness | x1 | x2...
1 +1.240625015e+03 +1.240625015e+03 +1.275975015e+03 +1.275975015e+03 +2.1813e+00 +2.8459e+00 +6.7300e-01 -3.3029e+00 +4.0636e+00
3 +5.077555784e+02 +5.077555784e+02 +5.431055784e+02 +5.431055784e+02 -2.3297e+00 +2.7021e+00 -1.8467e+00 +1.1480e+00 -1.6694e+00
8 +1.911886143e+02 +1.911886143e+02 +2.265386143e+02 +2.265386143e+02 +3.3133e+00 -3.9920e+00 +4.7603e+00 -3.8430e+00 -3.8444e-01
15 +5.133935629e+01 +5.133935629e+01 +8.668935629e+01 +8.668935629e+01 +3.1830e+00 -1.3548e+00 +4.0233e+00 +3.7583e+00 +5.7881e-01
46 +1.421545765e+01 +1.421545765e+01 +4.956545765e+01 +4.956545765e+01 +5.0000e+00 -2.5897e+00 +5.0000e+00 -2.1665e-01 -4.3556e-01
111 +7.314877673e+00 +7.314877673e+00 +4.266487767e+01 +4.266487767e+01 +3.9582e-01 +1.9875e+00 +3.1552e+00 +1.5230e+00 -2.3500e+00
448 +3.451619751e+00 +3.451619751e+00 +3.880161975e+01 +3.880161975e+01 +6.6075e-01 +4.0545e+00 +3.0278e+00 +2.2074e+00 -2.6980e+00
470 +2.367184588e+00 +2.367184588e+00 +3.771718459e+01 +3.771718459e+01 +9.0779e-01 +3.4549e+00 +3.5869e+00 +1.8118e+00 -2.4547e+00
706 +1.491782264e+00 +1.491782264e+00 +3.684178226e+01 +3.684178226e+01 +6.5291e-01 +3.4471e+00 +2.9927e+00 +2.1077e+00 -2.1362e+00
1010 +7.721205924e-01 +7.721205924e-01 +3.612212059e+01 +3.612212059e+01 +1.0049e+00 +3.3442e+00 +3.3339e+00 +2.0913e+00 -1.8722e+00
9686 +2.168236233e-01 +2.168236233e-01 +3.556682362e+01 +3.556682362e+01 +1.4564e+00 +1.8427e+00 +3.7990e+00 +1.3658e+00 -1.9923e+00
9730 +1.394602388e-01 +1.394602388e-01 +3.548946024e+01 +3.548946024e+01 +1.6641e+00 +1.7231e+00 +3.8406e+00 +1.4082e+00 -2.0226e+00
11535 +3.915817431e-02 +3.915817431e-02 +3.538915817e+01 +3.538915817e+01 +1.5733e+00 +1.8653e+00 +3.8224e+00 +1.5414e+00 -1.9492e+00
11646 +1.606000443e-02 +1.606000443e-02 +3.536606000e+01 +3.536606000e+01 +1.6872e+00 +1.6894e+00 +3.8563e+00 +1.5108e+00 -1.8968e+00
14412 +9.953710724e-03 +9.953710724e-03 +3.535995371e+01 +3.535995371e+01 +1.6975e+00 +1.6557e+00 +3.8775e+00 +1.5101e+00 -1.8979e+00
% function evaluation | noise-free fitness - Fopt (3.820000000000e+00) | best noise-free fitness - Fopt | measured fitness | best measured fitness | x1 | x2...
1 +3.652064593e+03 +3.652064593e+03 +3.655884593e+03 +3.655884593e+03 +3.2488e+00 -4.8077e+00 -3.9950e+00 +2.1919e+00 +3.7009e+00
2 +1.782380914e+02 +1.782380914e+02 +1.820580914e+02 +1.820580914e+02 +1.3770e+00 -2.5515e+00 +3.5993e+00 +1.5029e+00 -3.9831e+00
5 +7.301018088e+01 +7.301018088e+01 +7.683018088e+01 +7.683018088e+01 +3.3891e+00 -5.2570e-01 +1.7098e+00 -1.2100e+00 -1.5556e+00
47 +1.775645777e+01 +1.775645777e+01 +2.157645777e+01 +2.157645777e+01 +3.1408e+00 +1.8143e+00 +1.3323e+00 -5.0000e+00 +3.3006e-01
157 +5.424216523e+00 +5.424216523e+00 +9.244216523e+00 +9.244216523e+00 +3.7575e+00 +1.9396e+00 +1.3696e+00 -5.0000e+00 +1.0016e+00
353 +3.935720406e+00 +3.935720406e+00 +7.755720406e+00 +7.755720406e+00 +4.2491e+00 +1.0670e+00 +1.5618e+00 -4.8163e+00 +1.6224e+00
601 +9.887836576e-01 +9.887836576e-01 +4.808783658e+00 +4.808783658e+00 +4.2156e+00 +1.4827e+00 +1.3574e+00 -3.0695e+00 +8.9986e-01
999 +5.543480128e-01 +5.543480128e-01 +4.374348013e+00 +4.374348013e+00 +4.1384e+00 +1.6530e+00 +1.4481e+00 -3.3233e+00 +7.5694e-01
1463 +3.863024366e-01 +3.863024366e-01 +4.206302437e+00 +4.206302437e+00 +4.1434e+00 +1.8542e+00 +1.2149e+00 -3.5275e+00 +7.7138e-01
% function evaluation | noise-free fitness - Fopt (2.175000000000e+01) | best noise-free fitness - Fopt | measured fitness | best measured fitness | x1 | x2...
1 +3.166092091e+02 +3.166092091e+02 +3.383592091e+02 +3.383592091e+02 -5.2341e-01 -3.1680e+00 +2.5930e+00 +4.9366e+00 -3.0880e+00
9 +1.892138082e+02 +1.892138082e+02 +2.109638082e+02 +2.109638082e+02 -5.1712e-01 -1.0496e+00 +2.3016e+00 +1.7619e+00 -2.8537e+00
19 +3.207098626e+01 +3.207098626e+01 +5.382098626e+01 +5.382098626e+01 +2.1892e+00 +2.4376e+00 -5.0138e-01 +3.1160e+00 -4.2185e+00
86 +1.579072089e+01 +1.579072089e+01 +3.754072089e+01 +3.754072089e+01 +2.5213e+00 +1.4106e+00 -7.9699e-01 +4.5823e+00 -3.5657e+00
193 +3.791266198e+00 +3.791266198e+00 +2.554126620e+01 +2.554126620e+01 +2.7701e+00 +4.3465e-01 -5.6375e-01 +5.0000e+00 -1.9403e+00
253 +1.408572720e+00 +1.408572720e+00 +2.315857272e+01 +2.315857272e+01 +3.6243e+00 +5.4743e-01 -1.3286e+00 +3.8050e+00 -1.1945e+00
1213 +6.298387371e-01 +6.298387371e-01 +2.237983874e+01 +2.237983874e+01 +3.3442e+00 +6.7523e-01 -8.6394e-01 +3.3287e+00 -1.7952e+00
1522 +3.686352951e-01 +3.686352951e-01 +2.211863530e+01 +2.211863530e+01 +3.0989e+00 +9.6787e-01 -9.4345e-01 +3.7567e+00 -2.1584e+00
1706 +2.160610303e-01 +2.160610303e-01 +2.196606103e+01 +2.196606103e+01 +3.0742e+00 +8.9245e-01 -7.1195e-01 +3.6692e+00 -1.9693e+00
6917 +7.670714427e-02 +7.670714427e-02 +2.182670714e+01 +2.182670714e+01 +3.5072e+00 +1.0258e+00 -9.1703e-01 +3.2284e+00 -1.8695e+00
7454 +6.297020329e-02 +6.297020329e-02 +2.181297020e+01 +2.181297020e+01 +3.5292e+00 +1.0252e+00 -9.5194e-01 +3.0987e+00 -1.8608e+00
13078 +3.929918757e-02 +3.929918757e-02 +2.178929919e+01 +2.178929919e+01 +3.5370e+00 +9.5064e-01 -9.3782e-01 +3.1810e+00 -1.8223e+00
13130 +1.457476349e-02 +1.457476349e-02 +2.176457476e+01 +2.176457476e+01 +3.6524e+00 +9.2855e-01 -1.0075e+00 +3.1171e+00 -1.7489e+00
17363 +3.287162904e-03 +3.287162904e-03 +2.175328716e+01 +2.175328716e+01 +3.7163e+00 +9.1831e-01 -1.0664e+00 +3.1326e+00 -1.6894e+00
23774 +3.860936602e-07 +3.860936602e-07 +2.175000039e+01 +2.175000039e+01 +3.7478e+00 +9.2126e-01 -1.0938e+00 +3.1195e+00 -1.7017e+00
23828 +5.278113591e-08 +5.278113591e-08 +2.175000005e+01 +2.175000005e+01 +3.7577e+00 +8.8091e-01 -1.0922e+00 +3.0963e+00 -1.6796e+00
24054 +1.462076682e-09 +1.462076682e-09 +2.175000000e+01 +2.175000000e+01 +3.7737e+00 +8.9324e-01 -1.0943e+00 +3.0962e+00 -1.6683e+00
% function evaluation | noise-free fitness - Fopt (6.479000000000e+01) | best noise-free fitness - Fopt | measured fitness | best measured fitness | x1 | x2...
1 +9.806681075e+01 +9.806681075e+01 +1.628568108e+02 +1.628568108e+02 +3.2899e-01 -3.3634e+00 -4.4706e+00 +2.2157e+00 -4.5704e-01
45 +2.622662964e+01 +2.622662964e+01 +9.101662964e+01 +9.101662964e+01 -5.2260e-01 -1.5904e+00 +6.3910e-01 +1.3459e+00 -1.2780e+00
93 +2.026097245e+01 +2.026097245e+01 +8.505097245e+01 +8.505097245e+01 -1.1354e+00 -4.0425e-01 +6.2225e-02 +1.8483e+00 -2.3747e+00
182 +3.418986476e+00 +3.418986476e+00 +6.820898648e+01 +6.820898648e+01 +4.3902e-01 -6.4043e-01 +8.5481e-02 +1.8366e+00 +0.0000e+00
561 +2.413674361e+00 +2.413674361e+00 +6.720367436e+01 +6.720367436e+01 -1.5995e+00 -1.7767e+00 +0.0000e+00 +2.0246e+00 -7.5956e-01
1094 +9.820829123e-01 +9.820829123e-01 +6.577208291e+01 +6.577208291e+01 -1.7724e+00 -1.8666e+00 +2.6725e-01 +1.7810e+00 -8.4923e-01
2257 +6.156072760e-01 +6.156072760e-01 +6.540560728e+01 +6.540560728e+01 -2.2353e+00 -2.0502e+00 +3.0869e-01 +1.5703e+00 -7.1682e-01
2807 +3.529944994e-01 +3.529944994e-01 +6.514299450e+01 +6.514299450e+01 -2.5825e+00 -2.2795e+00 +7.1892e-02 +1.7290e+00 -7.9541e-01
% function evaluation | noise-free fitness - Fopt (5.407000000000e+01) | best noise-free fitness - Fopt | measured fitness | best measured fitness | x1 | x2...
1 +5.879183169e+02 +5.879183169e+02 +6.419883169e+02 +6.419883169e+02 -3.5864e+00 -4.4700e+00 -4.6357e+00 +4.6802e+00 +3.5703e+00
13 +8.608042256e+01 +8.608042256e+01 +1.401504226e+02 +1.401504226e+02 +1.9858e+00 -3.1434e+00 +9.5618e-01 +1.0536e+00 +1.4352e+00
54 +3.670486953e+01 +3.670486953e+01 +9.077486953e+01 +9.077486953e+01 +8.8336e-01 +8.0204e-01 +8.9009e-01 +1.5299e+00 -3.2630e+00
138 +2.079363295e+01 +2.079363295e+01 +7.486363295e+01 +7.486363295e+01 +1.7982e+00 -6.8425e-01 +5.0000e+00 +6.9309e-01 -4.2997e+00
220 +5.529009515e+00 +5.529009515e+00 +5.959900951e+01 +5.959900951e+01 +6.6180e-01 -1.5295e+00 +2.8433e+00 +2.0253e+00 -4.6711e+00
334 +2.069568025e+00 +2.069568025e+00 +5.613956803e+01 +5.613956803e+01 +9.1518e-01 -2.6370e+00 +2.3369e+00 +2.1894e+00 -3.2404e+00
959 +1.533308458e+00 +1.533308458e+00 +5.560330846e+01 +5.560330846e+01 +9.7063e-01 -2.7167e+00 +2.6676e+00 +2.0455e+00 -3.5868e+00
1039 +8.177399530e-01 +8.177399530e-01 +5.488773995e+01 +5.488773995e+01 +9.7307e-01 -2.8634e+00 +3.0910e+00 +2.4319e+00 -3.5158e+00
1167 +3.347172567e-01 +3.347172567e-01 +5.440471726e+01 +5.440471726e+01 +1.0035e+00 -3.0914e+00 +3.4363e+00 +2.2850e+00 -3.6700e+00
1327 +2.404189573e-01 +2.404189573e-01 +5.431041896e+01 +5.431041896e+01 +9.9321e-01 -3.1378e+00 +3.5154e+00 +2.3437e+00 -3.6636e+00
1641 +1.546831131e-01 +1.546831131e-01 +5.422468311e+01 +5.422468311e+01 +9.2643e-01 -3.1103e+00 +3.4532e+00 +2.4163e+00 -3.4538e+00
1927 +9.966829006e-02 +9.966829006e-02 +5.416966829e+01 +5.416966829e+01 +9.5609e-01 -3.3125e+00 +3.5357e+00 +2.4114e+00 -3.5123e+00
2007 +6.278852220e-02 +6.278852220e-02 +5.413278852e+01 +5.413278852e+01 +9.8139e-01 -3.3145e+00 +3.5360e+00 +2.4076e+00 -3.5272e+00
2415 +3.473629358e-02 +3.473629358e-02 +5.410473629e+01 +5.410473629e+01 +9.7497e-01 -3.2384e+00 +3.5192e+00 +2.3989e+00 -3.4565e+00
2487 +2.418346730e-02 +2.418346730e-02 +5.409418347e+01 +5.409418347e+01 +9.8155e-01 -3.4256e+00 +3.4031e+00 +2.4453e+00 -3.4127e+00
2687 +1.058874940e-02 +1.058874940e-02 +5.408058875e+01 +5.408058875e+01 +9.8032e-01 -3.3893e+00 +3.4266e+00 +2.4469e+00 -3.4363e+00
3250 +7.235575543e-03 +7.235575543e-03 +5.407723558e+01 +5.407723558e+01 +9.7438e-01 -3.4009e+00 +3.4147e+00 +2.4830e+00 -3.4135e+00
3447 +4.953024799e-07 +4.953024799e-07 +5.407000050e+01 +5.407000050e+01 +9.7615e-01 -3.3898e+00 +3.4166e+00 +2.4432e+00 -3.4200e+00
4314 +2.993994741e-07 +2.993994741e-07 +5.407000030e+01 +5.407000030e+01 +9.6196e-01 -3.3626e+00 +3.4008e+00 +2.4381e+00 -3.4219e+00
4354 +1.690535498e-07 +1.690535498e-07 +5.407000017e+01 +5.407000017e+01 +9.5795e-01 -3.3552e+00 +3.3885e+00 +2.4396e+00 -3.4153e+00
4361 +1.084840804e-07 +1.084840804e-07 +5.407000011e+01 +5.407000011e+01 +9.4312e-01 -3.3419e+00 +3.4032e+00 +2.4626e+00 -3.4260e+00
4434 +5.325616570e-08 +5.325616570e-08 +5.407000005e+01 +5.407000005e+01 +9.4363e-01 -3.3445e+00 +3.3821e+00 +2.4623e+00 -3.4208e+00
4739 +2.952494071e-08 +2.952494071e-08 +5.407000003e+01 +5.407000003e+01 +9.4780e-01 -3.3684e+00 +3.3764e+00 +2.4587e+00 -3.4075e+00
4994 +4.166800238e-09 +4.166800238e-09 +5.407000000e+01 +5.407000000e+01 +9.4803e-01 -3.3585e+00 +3.3833e+00 +2.4620e+00 -3.4140e+00
% function evaluation | noise-free fitness - Fopt (-9.152000000000e+01) | best noise-free fitness - Fopt | measured fitness | best measured fitness | x1 | x2...
1 +1.839554132e+02 +1.839554132e+02 +9.243541320e+01 +9.243541320e+01 -5.1077e-01 +2.7384e+00 +4.2189e+00 +2.3140e-03 -2.3459e+00
17 +1.154191880e+02 +1.154191880e+02 +2.389918795e+01 +2.389918795e+01 -4.3377e+00 +3.7314e+00 -2.6828e+00 +1.0994e+00 +3.4210e+00
21 +7.943338930e+01 +7.943338930e+01 -1.208661070e+01 -1.208661070e+01 +1.9110e+00 +4.7145e+00 +1.0722e+00 -6.0230e-01 +2.4706e+00
30 +4.537504959e+01 +4.537504959e+01 -4.614495041e+01 -4.614495041e+01 +1.0027e+00 +3.0062e+00 -4.4905e+00 +1.5891e+00 +4.0747e+00
37 +1.564755086e+01 +1.564755086e+01 -7.587244914e+01 -7.587244914e+01 -4.4354e+00 +3.8311e+00 -1.7678e+00 +1.5650e+00 +1.3711e+00
246 +7.204326290e+00 +7.204326290e+00 -8.431567371e+01 -8.431567371e+01 -3.0964e+00 +3.6151e+00 -1.4154e+00 +1.6198e+00 +1.9171e+00
372 +3.699688963e+00 +3.699688963e+00 -8.782031104e+01 -8.782031104e+01 -1.0695e+00 +3.1799e+00 -1.7576e+00 +3.4293e+00 +3.2201e+00
786 +1.044959271e+00 +1.044959271e+00 -9.047504073e+01 -9.047504073e+01 -2.0361e+00 +2.9104e+00 -1.2757e+00 +3.9560e+00 +2.8210e+00
841 +3.310998935e-01 +3.310998935e-01 -9.118890011e+01 -9.118890011e+01 -2.6726e+00 +2.9030e+00 -7.4208e-01 +3.2055e+00 +2.0992e+00
1142 +1.195335531e-01 +1.195335531e-01 -9.140046645e+01 -9.140046645e+01 -2.6211e+00 +2.8643e+00 -7.1796e-01 +3.1189e+00 +2.1188e+00
1688 +9.218005830e-02 +9.218005830e-02 -9.142781994e+01 -9.142781994e+01 -2.5918e+00 +2.8576e+00 -8.3396e-01 +3.1122e+00 +2.1161e+00
1731 +4.126155102e-02 +4.126155102e-02 -9.147873845e+01 -9.147873845e+01 -2.5654e+00 +2.7260e+00 -7.4496e-01 +3.3092e+00 +2.1716e+00
2291 +2.505130477e-02 +2.505130477e-02 -9.149494870e+01 -9.149494870e+01 -2.4977e+00 +2.7924e+00 -7.4604e-01 +3.2338e+00 +2.1810e+00
2371 +1.548954068e-02 +1.548954068e-02 -9.150451046e+01 -9.150451046e+01 -2.4745e+00 +2.7470e+00 -7.7914e-01 +3.1814e+00 +2.1484e+00
2888 +8.590506101e-03 +8.590506101e-03 -9.151140949e+01 -9.151140949e+01 -2.4671e+00 +2.7506e+00 -7.8960e-01 +3.2496e+00 +2.1630e+00
4842 +4.774986877e-07 +4.774986877e-07 -9.151999952e+01 -9.151999952e+01 -2.4480e+00 +2.7507e+00 -8.4359e-01 +3.2488e+00 +2.2404e+00
4895 +5.234957712e-08 +5.234957712e-08 -9.151999995e+01 -9.151999995e+01 -2.4130e+00 +2.7904e+00 -8.6699e-01 +3.2324e+00 +2.2290e+00
4958 +2.373029417e-08 +2.373029417e-08 -9.151999998e+01 -9.151999998e+01 -2.4094e+00 +2.7833e+00 -8.5973e-01 +3.2331e+00 +2.2415e+00
5055 +3.602806942e-09 +3.602806942e-09 -9.152000000e+01 -9.152000000e+01 -2.4166e+00 +2.7886e+00 -8.6764e-01 +3.2352e+00 +2.2475e+00
% function evaluation | noise-free fitness - Fopt (2.263000000000e+01) | best noise-free fitness - Fopt | measured fitness | best measured fitness | x1 | x2...
1 +1.213692502e+03 +1.213692502e+03 +1.236322502e+03 +1.236322502e+03 -4.0439e+00 -3.9070e+00 -2.8092e+00 +1.7098e+00 +1.9845e+00
2 +3.706266338e+02 +3.706266338e+02 +3.932566338e+02 +3.932566338e+02 +5.5424e-01 -2.3284e+00 -1.3146e+00 -2.7871e+00 -2.2475e+00
12 +1.803719527e+02 +1.803719527e+02 +2.030019527e+02 +2.030019527e+02 +3.7890e+00 -1.8447e+00 -2.7173e-01 -2.2806e+00 +1.7610e+00
40 +1.209163321e+02 +1.209163321e+02 +1.435463321e+02 +1.435463321e+02 +2.4663e+00 -3.7055e+00 +3.3670e+00 -1.9379e+00 -2.0778e-01
54 +8.168945080e+01 +8.168945080e+01 +1.043194508e+02 +1.043194508e+02 +5.0000e+00 -1.2230e+00 +7.1953e-01 +7.2455e-01 +3.0059e+00
82 +2.874694671e+01 +2.874694671e+01 +5.137694671e+01 +5.137694671e+01 +2.0312e+00 -3.2361e+00 +4.5088e+00 +9.4430e-01 +5.0000e+00
101 +1.484290438e+01 +1.484290438e+01 +3.747290438e+01 +3.747290438e+01 +8.9002e-01 -3.6932e+00 +4.6043e+00 +8.8984e-01 +3.6098e+00
125 +6.687813823e+00 +6.687813823e+00 +2.931781382e+01 +2.931781382e+01 +2.0987e+00 -3.9980e+00 +4.5286e+00 +3.4003e+00 +3.4473e+00
219 +6.074626890e+00 +6.074626890e+00 +2.870462689e+01 +2.870462689e+01 +1.4437e+00 -3.2345e+00 +4.7094e+00 +2.2667e+00 +4.5369e+00
306 +2.959709194e+00 +2.959709194e+00 +2.558970919e+01 +2.558970919e+01 +3.5474e+00 -3.1167e+00 +3.0215e+00 +3.0197e+00 +2.9916e+00
345 +2.454370825e+00 +2.454370825e+00 +2.508437082e+01 +2.508437082e+01 +3.5380e+00 -3.1985e+00 +3.2366e+00 +3.1745e+00 +2.6485e+00
366 +1.307234083e+00 +1.307234083e+00 +2.393723408e+01 +2.393723408e+01 +3.6025e+00 -3.4538e+00 +3.2873e+00 +3.6028e+00 +2.8578e+00
592 +1.574981153e-01 +1.574981153e-01 +2.278749812e+01 +2.278749812e+01 +3.1096e+00 -3.5699e+00 +3.2065e+00 +3.0430e+00 +2.9341e+00
2973 +7.745190125e-02 +7.745190125e-02 +2.270745190e+01 +2.270745190e+01 +2.9402e+00 -3.5044e+00 +3.2534e+00 +2.9011e+00 +3.1026e+00
3572 +5.582389383e-02 +5.582389383e-02 +2.268582389e+01 +2.268582389e+01 +3.0199e+00 -3.5454e+00 +3.2578e+00 +2.9512e+00 +3.1295e+00
3632 +2.050297177e-02 +2.050297177e-02 +2.265050297e+01 +2.265050297e+01 +2.9408e+00 -3.5410e+00 +3.2778e+00 +2.9053e+00 +3.1303e+00
34447 +8.192957949e-03 +8.192957949e-03 +2.263819296e+01 +2.263819296e+01 +2.8580e+00 -3.6097e+00 +3.3464e+00 +2.8778e+00 +3.1606e+00
36213 +3.808294728e-07 +3.808294728e-07 +2.263000038e+01 +2.263000038e+01 +2.8171e+00 -3.6493e+00 +3.3963e+00 +2.8295e+00 +3.2110e+00
36300 +9.150722136e-08 +9.150722136e-08 +2.263000009e+01 +2.263000009e+01 +2.7909e+00 -3.6354e+00 +3.4209e+00 +2.8194e+00 +3.2297e+00
36693 +3.384371894e-09 +3.384371894e-09 +2.263000000e+01 +2.263000000e+01 +2.7612e+00 -3.6423e+00 +3.4332e+00 +2.8120e+00 +3.1955e+00
% function evaluation | noise-free fitness - Fopt (1.554000000000e+01) | best noise-free fitness - Fopt | measured fitness | best measured fitness | x1 | x2...
1 +2.073789971e+02 +2.073789971e+02 +2.229189971e+02 +2.229189971e+02 -1.8171e+00 +4.6186e+00 +3.6798e+00 +9.9850e-01 -1.1904e+00
15 +1.276785282e+02 +1.276785282e+02 +1.432185282e+02 +1.432185282e+02 +2.2684e+00 -4.2569e+00 +1.5051e+00 -3.4592e+00 -3.4638e+00
29 +4.149811668e+01 +4.149811668e+01 +5.703811668e+01 +5.703811668e+01 -3.3221e-01 -3.6557e+00 -6.5984e-01 +9.7281e-01 -3.0309e+00
47 +3.431771068e+01 +3.431771068e+01 +4.985771068e+01 +4.985771068e+01 +3.4033e-01 -5.0000e+00 +2.7920e+00 +1.4326e+00 +1.0495e+00
62 +2.211001288e+01 +2.211001288e+01 +3.765001288e+01 +3.765001288e+01 -1.8809e+00 -2.5988e+00 +1.5890e+00 +2.5371e-01 -1.4138e+00
181 +6.667294161e+00 +6.667294161e+00 +2.220729416e+01 +2.220729416e+01 -6.2389e-01 -3.2274e+00 +9.8313e-01 -6.3256e-01 -7.8962e-01
592 +6.184340375e+00 +6.184340375e+00 +2.172434038e+01 +2.172434038e+01 -1.1052e+00 -3.1706e+00 +1.2295e+00 -2.4785e-01 -6.9051e-01
677 +2.511998579e+00 +2.511998579e+00 +1.805199858e+01 +1.805199858e+01 -1.6475e+00 -2.5602e+00 +1.1037e+00 +1.1214e+00 -2.6221e+00
865 +1.801928630e+00 +1.801928630e+00 +1.734192863e+01 +1.734192863e+01 -9.0567e-01 -2.6981e+00 +1.1025e+00 +8.6548e-01 -2.9740e+00
1065 +8.798868335e-01 +8.798868335e-01 +1.641988683e+01 +1.641988683e+01 -1.1221e+00 -2.5641e+00 +1.0774e+00 +1.0760e+00 -3.0005e+00
2025 +4.900259016e-01 +4.900259016e-01 +1.603002590e+01 +1.603002590e+01 -1.1681e+00 -2.5879e+00 +9.0053e-01 +1.2316e+00 -3.0112e+00
2079 +3.299742798e-01 +3.299742798e-01 +1.586997428e+01 +1.586997428e+01 -1.1922e+00 -2.3910e+00 +8.8233e-01 +1.1338e+00 -3.1928e+00
2267 +1.395372545e-01 +1.395372545e-01 +1.567953725e+01 +1.567953725e+01 -1.3703e+00 -2.3046e+00 +8.4801e-01 +1.3008e+00 -3.3826e+00
2572 +8.063216322e-02 +8.063216322e-02 +1.562063216e+01 +1.562063216e+01 -1.4393e+00 -2.1947e+00 +8.2689e-01 +1.1757e+00 -3.2545e+00
2744 +5.933748454e-02 +5.933748454e-02 +1.559933748e+01 +1.559933748e+01 -1.4665e+00 -2.1027e+00 +9.0806e-01 +1.3876e+00 -3.3503e+00
3375 +1.754829163e-02 +1.754829163e-02 +1.555754829e+01 +1.555754829e+01 -1.5543e+00 -2.0430e+00 +8.4535e-01 +1.3593e+00 -3.3879e+00
3535 +1.133927058e-02 +1.133927058e-02 +1.555133927e+01 +1.555133927e+01 -1.5520e+00 -2.0548e+00 +8.4870e-01 +1.3586e+00 -3.3870e+00
4318 +1.801085965e-07 +1.801085965e-07 +1.554000018e+01 +1.554000018e+01 -1.5613e+00 -2.0445e+00 +8.5709e-01 +1.2878e+00 -3.2403e+00
4482 +1.940203731e-08 +1.940203731e-08 +1.554000002e+01 +1.554000002e+01 -1.5600e+00 -2.0294e+00 +8.5513e-01 +1.3026e+00 -3.2541e+00
4612 +1.318477061e-08 +1.318477061e-08 +1.554000001e+01 +1.554000001e+01 -1.5545e+00 -2.0288e+00 +8.5891e-01 +1.3009e+00 -3.2609e+00
4917 +1.703163832e-09 +1.703163832e-09 +1.554000000e+01 +1.554000000e+01 -1.5719e+00 -2.0237e+00 +8.4540e-01 +1.2849e+00 -3.2784e+00
% function evaluation | noise-free fitness - Fopt (-3.765100000000e+02) | best noise-free fitness - Fopt | measured fitness | best measured fitness | x1 | x2...
1 +6.861755419e+02 +6.861755419e+02 +3.096655419e+02 +3.096655419e+02 +4.0965e+00 -2.3756e+00 +4.0707e+00 +1.3067e-01 +2.2078e+00
3 +4.160811086e+02 +4.160811086e+02 +3.957110865e+01 +3.957110865e+01 +5.1833e-01 +4.9829e+00 +2.1513e+00 +4.5440e+00 +5.1595e-01
8 +1.905084184e+02 +1.905084184e+02 -1.860015816e+02 -1.860015816e+02 -3.7805e-01 +4.6439e+00 +3.2425e+00 -1.2753e+00 -1.2509e+00
13 +7.490320838e+01 +7.490320838e+01 -3.016067916e+02 -3.016067916e+02 +2.1298e+00 +1.5195e+00 +1.8274e+00 +1.2512e-01 -2.6639e+00
32 +3.833869370e+01 +3.833869370e+01 -3.381713063e+02 -3.381713063e+02 -3.8105e+00 +3.9577e+00 +1.5296e+00 +1.0039e+00 +4.1122e+00
78 +2.251825486e+01 +2.251825486e+01 -3.539917451e+02 -3.539917451e+02 -5.0000e+00 +3.8793e+00 +2.2729e+00 +2.5149e+00 +2.5880e+00
100 +7.746223881e+00 +7.746223881e+00 -3.687637761e+02 -3.687637761e+02 -3.6277e+00 +2.8467e+00 +4.6565e-01 +3.3924e-01 +2.7876e+00
164 +3.705330493e+00 +3.705330493e+00 -3.728046695e+02 -3.728046695e+02 -3.1196e+00 +2.9348e+00 +1.1260e+00 +0.0000e+00 +1.1955e+00
836 +2.213969590e+00 +2.213969590e+00 -3.742960304e+02 -3.742960304e+02 -3.2124e+00 +1.6889e+00 +2.3958e-02 +1.9596e+00 +5.0000e+00
1278 +1.568207095e+00 +1.568207095e+00 -3.749417929e+02 -3.749417929e+02 -3.4603e+00 +2.1113e+00 +3.2775e-01 +1.5937e+00 +4.0906e+00
1546 +9.949512114e-01 +9.949512114e-01 -3.755150488e+02 -3.755150488e+02 -3.0567e+00 +1.9246e+00 +7.6136e-01 +1.5101e+00 +4.0961e+00
1979 +2.855599299e-01 +2.855599299e-01 -3.762244401e+02 -3.762244401e+02 -3.2056e+00 +1.6494e+00 +7.5551e-01 +1.4825e+00 +4.0224e+00
2126 +2.350478082e-01 +2.350478082e-01 -3.762749522e+02 -3.762749522e+02 -3.0962e+00 +1.5518e+00 +7.2788e-01 +1.4730e+00 +4.0485e+00
3924 +1.329204893e-01 +1.329204893e-01 -3.763770795e+02 -3.763770795e+02 -2.9748e+00 +1.5997e+00 +9.5304e-01 +1.6538e+00 +3.3422e+00
4011 +6.389258783e-02 +6.389258783e-02 -3.764461074e+02 -3.764461074e+02 -2.9400e+00 +1.7422e+00 +1.0035e+00 +1.5849e+00 +3.1867e+00
4265 +6.088450479e-02 +6.088450479e-02 -3.764491155e+02 -3.764491155e+02 -2.9685e+00 +1.6398e+00 +9.9099e-01 +1.6204e+00 +3.3693e+00
5011 +2.214107907e-02 +2.214107907e-02 -3.764878589e+02 -3.764878589e+02 -2.9404e+00 +1.6478e+00 +1.0005e+00 +1.5656e+00 +3.1890e+00
6229 +6.444624043e-03 +6.444624043e-03 -3.765035554e+02 -3.765035554e+02 -2.9267e+00 +1.7651e+00 +1.0437e+00 +1.5109e+00 +3.0715e+00
6429 +3.038405727e-03 +3.038405727e-03 -3.765069616e+02 -3.765069616e+02 -2.9845e+00 +1.7505e+00 +1.0556e+00 +1.5248e+00 +3.0821e+00
6573 +5.223239441e-08 +5.223239441e-08 -3.765099999e+02 -3.765099999e+02 -2.9511e+00 +1.7550e+00 +1.0685e+00 +1.5396e+00 +2.9898e+00
6893 +2.851891168e-09 +2.851891168e-09 -3.765100000e+02 -3.765100000e+02 -2.9501e+00 +1.7521e+00 +1.0725e+00 +1.5399e+00 +3.0093e+00
% function evaluation | noise-free fitness - Fopt (3.960400000000e+02) | best noise-free fitness - Fopt | measured fitness | best measured fitness | x1 | x2...
1 +5.571461517e+02 +5.571461517e+02 +9.531861517e+02 +9.531861517e+02 -3.7039e+00 -4.8452e+00 -1.9005e-01 +5.4318e-01 +9.7078e-01
2 +2.435776561e+02 +2.435776561e+02 +6.396176561e+02 +6.396176561e+02 -2.7639e+00 -3.8090e-01 +1.7764e+00 +3.9353e+00 +3.3259e+00
4 +1.106580183e+02 +1.106580183e+02 +5.066980183e+02 +5.066980183e+02 -3.5319e+00 +2.7641e+00 +1.1755e+00 -6.7351e-01 -1.5549e+00
10 +8.924563244e+01 +8.924563244e+01 +4.852856324e+02 +4.852856324e+02 -1.6364e+00 -4.4225e+00 -1.4488e+00 +5.0096e-01 -1.6659e+00
55 +5.272216661e+01 +5.272216661e+01 +4.487621666e+02 +4.487621666e+02 -2.0290e-01 -1.7471e+00 +1.0388e+00 +1.6678e+00 +6.0328e-01
81 +2.367427484e+01 +2.367427484e+01 +4.197142748e+02 +4.197142748e+02 -1.0474e+00 -3.7317e+00 +6.1447e-01 +3.0790e+00 -2.9607e+00
220 +1.414008891e+01 +1.414008891e+01 +4.101800889e+02 +4.101800889e+02 -1.8302e-01 -4.2310e+00 +1.3236e+00 +5.0000e+00 -7.8246e-01
281 +9.868386473e+00 +9.868386473e+00 +4.059083865e+02 +4.059083865e+02 -1.7385e+00 -4.8790e+00 -5.7996e-01 +4.6414e+00 -3.7704e+00
381 +5.503489728e+00 +5.503489728e+00 +4.015434897e+02 +4.015434897e+02 -2.0098e-01 -5.0000e+00 -2.0518e-01 +5.0000e+00 -7.7342e-01
1927 +3.648939083e+00 +3.648939083e+00 +3.996889391e+02 +3.996889391e+02 -5.2192e-01 -4.9883e+00 -1.6092e-01 +4.6748e+00 -1.7896e+00
9086 +1.971960057e+00 +1.971960057e+00 +3.980119601e+02 +3.980119601e+02 -8.4425e-01 -4.2407e+00 +5.3920e-03 +4.1173e+00 -1.5586e+00
9806 +1.397308078e+00 +1.397308078e+00 +3.974373081e+02 +3.974373081e+02 -1.0251e+00 -3.7118e+00 +7.6191e-02 +3.8893e+00 -1.4991e+00
% function evaluation | noise-free fitness - Fopt (1.281100000000e+02) | best noise-free fitness - Fopt | measured fitness | best measured fitness | x1 | x2...
1 +5.033606640e+02 +5.033606640e+02 +6.314706640e+02 +6.314706640e+02 +2.3967e+00 -4.1614e+00 -4.4828e-01 -2.8415e+00 +2.3652e+00
4 +9.533718228e+01 +9.533718228e+01 +2.234471823e+02 +2.234471823e+02 +3.4960e+00 +3.3614e+00 -2.3816e-01 +1.7300e+00 -1.9100e+00
38 +5.092908107e+01 +5.092908107e+01 +1.790390811e+02 +1.790390811e+02 +3.8256e+00 -8.2110e-01 +1.0608e+00 -3.8769e+00 +3.9921e+00
68 +3.065923161e+01 +3.065923161e+01 +1.587692316e+02 +1.587692316e+02 +2.7252e+00 -6.6352e-01 +1.7841e-01 -3.4031e-01 +2.2654e+00
118 +2.135766952e+01 +2.135766952e+01 +1.494676695e+02 +1.494676695e+02 +2.2691e+00 -7.9717e-02 +6.9604e-01 +0.0000e+00 +0.0000e+00
141 +1.483136251e+01 +1.483136251e+01 +1.429413625e+02 +1.429413625e+02 +1.7272e+00 +2.0454e+00 -1.4870e-01 +3.5962e-01 -1.0476e+00
184 +8.289325190e+00 +8.289325190e+00 +1.363993252e+02 +1.363993252e+02 +4.8444e-01 +8.9814e-01 +9.1765e-02 +9.0680e-01 +6.9872e-02
352 +4.228315147e+00 +4.228315147e+00 +1.323383151e+02 +1.323383151e+02 +5.5686e-01 +7.8978e-01 -1.4540e-01 +0.0000e+00 +1.5135e+00
676 +3.243700611e+00 +3.243700611e+00 +1.313537006e+02 +1.313537006e+02 +6.8615e-01 +6.7691e-01 -1.2176e-01 +5.9733e-01 +6.7654e-01
1473 +1.815839100e+00 +1.815839100e+00 +1.299258391e+02 +1.299258391e+02 -7.2318e-01 +9.6167e-01 -7.2958e-01 +7.4000e-01 +9.6726e-01
1633 +1.506533914e+00 +1.506533914e+00 +1.296165339e+02 +1.296165339e+02 -9.5273e-01 +9.2775e-01 -7.2652e-01 +7.6366e-01 +1.2558e+00
4174 +7.384936014e-01 +7.384936014e-01 +1.288484936e+02 +1.288484936e+02 -1.3226e+00 +6.4858e-01 -7.4371e-01 +1.1047e+00 +1.3541e+00
7554 +5.735768420e-01 +5.735768420e-01 +1.286835768e+02 +1.286835768e+02 -2.0578e+00 +6.9364e-01 -1.0730e+00 +1.4663e+00 +1.3945e+00
7634 +3.796067662e-01 +3.796067662e-01 +1.284896068e+02 +1.284896068e+02 -2.1480e+00 +6.8091e-01 -9.5552e-01 +1.6334e+00 +1.4205e+00
% function evaluation | noise-free fitness - Fopt (-2.923500000000e+02) | best noise-free fitness - Fopt | measured fitness | best measured fitness | x1 | x2...
1 +1.946138771e+02 +1.946138771e+02 -9.773612287e+01 -9.773612287e+01 -2.0355e+00 -3.1500e+00 +4.1590e+00 +1.8273e+00 -5.5438e-01
11 +1.580338065e+02 +1.580338065e+02 -1.343161935e+02 -1.343161935e+02 +1.4942e+00 -4.3404e+00 +2.0343e+00 -4.3071e-02 +1.0117e+00
27 +4.330389131e+01 +4.330389131e+01 -2.490461087e+02 -2.490461087e+02 -2.3283e+00 -1.8991e+00 +2.4180e+00 +1.9404e-01 +2.5673e+00
67 +2.057122942e+01 +2.057122942e+01 -2.717787706e+02 -2.717787706e+02 -3.0238e+00 -5.0000e+00 +2.7365e+00 +2.9747e+00 +2.3855e+00
113 +8.915071470e+00 +8.915071470e+00 -2.834349285e+02 -2.834349285e+02 -6.8100e-01 -5.0000e+00 +1.4897e+00 +2.2755e+00 +2.0661e+00
284 +2.804009522e+00 +2.804009522e+00 -2.895459905e+02 -2.895459905e+02 -1.9537e+00 -4.6720e+00 +1.8844e+00 +2.2387e+00 +3.0678e+00
736 +9.747528748e-01 +9.747528748e-01 -2.913752471e+02 -2.913752471e+02 -2.3093e+00 -4.5919e+00 +1.4218e+00 +2.3674e+00 +2.7580e+00
2464 +1.715230435e-01 +1.715230435e-01 -2.921784770e+02 -2.921784770e+02 -2.2104e+00 -3.0919e+00 +1.4996e+00 +1.6967e+00 +2.7022e+00
3034 +1.002720764e-01 +1.002720764e-01 -2.922497279e+02 -2.922497279e+02 -2.1883e+00 -3.2456e+00 +1.2036e+00 +1.7823e+00 +2.6965e+00
3160 +6.513538522e-02 +6.513538522e-02 -2.922848646e+02 -2.922848646e+02 -2.1543e+00 -3.3482e+00 +1.4666e+00 +1.8202e+00 +2.7286e+00
3347 +5.299059970e-02 +5.299059970e-02 -2.922970094e+02 -2.922970094e+02 -2.1965e+00 -3.4453e+00 +1.3775e+00 +1.8411e+00 +2.7111e+00
3554 +3.234409228e-02 +3.234409228e-02 -2.923176559e+02 -2.923176559e+02 -2.1692e+00 -3.3713e+00 +1.4062e+00 +1.7981e+00 +2.7072e+00
3994 +1.469291717e-02 +1.469291717e-02 -2.923353071e+02 -2.923353071e+02 -2.1665e+00 -3.3365e+00 +1.4046e+00 +1.7794e+00 +2.7055e+00
8019 +4.983088502e-07 +4.983088502e-07 -2.923499995e+02 -2.923499995e+02 -1.9637e+00 -3.3241e+00 +1.2709e+00 +1.7276e+00 +2.5585e+00
8248 +6.339689662e-08 +6.339689662e-08 -2.923499999e+02 -2.923499999e+02 -1.9171e+00 -3.3370e+00 +1.2690e+00 +1.7349e+00 +2.5483e+00
8655 +5.858879604e-08 +5.858879604e-08 -2.923499999e+02 -2.923499999e+02 -1.9170e+00 -3.3324e+00 +1.2653e+00 +1.7358e+00 +2.5498e+00
8688 +1.602893462e-08 +1.602893462e-08 -2.923500000e+02 -2.923500000e+02 -1.9209e+00 -3.3346e+00 +1.2428e+00 +1.7447e+00 +2.5536e+00
9128 +1.000842076e-08 +1.000842076e-08 -2.923500000e+02 -2.923500000e+02 -1.9220e+00 -3.3355e+00 +1.2408e+00 +1.7493e+00 +2.5623e+00
9638 +8.642700777e-09 +8.642700777e-09 -2.923500000e+02 -2.923500000e+02 -1.9082e+00 -3.3574e+00 +1.2642e+00 +1.7471e+00 +2.5661e+00
% function evaluation | noise-free fitness - Fopt (3.110100000000e+02) | best noise-free fitness - Fopt | measured fitness | best measured fitness | x1 | x2...
1 +5.282047594e+02 +5.282047594e+02 +8.392147594e+02 +8.392147594e+02 -2.7232e+00 -2.3746e+00 +2.5628e+00 -2.8709e+00 -3.4040e+00
6 +1.113938960e+02 +1.113938960e+02 +4.224038960e+02 +4.224038960e+02 +2.2483e+00 -3.6730e+00 +3.5571e+00 -5.0118e-01 -5.5315e-02
24 +6.699057907e+01 +6.699057907e+01 +3.780005791e+02 +3.780005791e+02 +1.5222e+00 -1.2455e+00 -1.0300e+00 +1.9439e+00 +1.1652e+00
60 +5.189809006e+01 +5.189809006e+01 +3.629080901e+02 +3.629080901e+02 -3.7725e+00 -3.9355e+00 -3.1746e+00 +2.3478e+00 +5.0000e+00
83 +1.950486143e+01 +1.950486143e+01 +3.305148614e+02 +3.305148614e+02 -5.0494e-01 -2.2848e+00 -3.0662e+00 +4.7024e-01 +5.0000e+00
224 +1.185759266e+01 +1.185759266e+01 +3.228675927e+02 +3.228675927e+02 -9.7726e-01 -2.8871e+00 -1.1310e+00 +7.3957e-01 +4.6806e+00
225 +8.762681460e+00 +8.762681460e+00 +3.197726815e+02 +3.197726815e+02 -1.0806e+00 -3.2584e+00 -1.6340e+00 +5.3319e-01 +3.0333e+00
365 +4.412918228e+00 +4.412918228e+00 +3.154229182e+02 +3.154229182e+02 -6.2685e-01 -3.0975e+00 -1.8130e+00 +1.0608e+00 +2.2241e+00
444 +3.471732138e+00 +3.471732138e+00 +3.144817321e+02 +3.144817321e+02 -5.6139e-01 -3.3127e+00 -1.8980e+00 +1.2502e+00 +2.9229e+00
741 +2.341491122e+00 +2.341491122e+00 +3.133514911e+02 +3.133514911e+02 -1.6315e+00 -4.1417e+00 -1.7952e+00 +7.4837e-01 +2.0626e+00
837 +1.430333185e+00 +1.430333185e+00 +3.124403332e+02 +3.124403332e+02 -1.3905e+00 -3.8599e+00 -2.1662e+00 +7.2413e-01 +1.5226e+00
1015 +4.671725760e-01 +4.671725760e-01 +3.114771726e+02 +3.114771726e+02 -1.7876e+00 -3.6162e+00 -2.6527e+00 +1.0431e+00 +3.2361e+00
1449 +3.737156173e-01 +3.737156173e-01 +3.113837156e+02 +3.113837156e+02 -1.7782e+00 -3.6769e+00 -2.2021e+00 +1.0643e+00 +2.8957e+00
1956 +2.484938272e-01 +2.484938272e-01 +3.112584938e+02 +3.112584938e+02 -1.7665e+00 -3.3883e+00 -2.3390e+00 +9.4241e-01 +3.7598e+00
2112 +1.005387950e-01 +1.005387950e-01 +3.111105388e+02 +3.111105388e+02 -1.8332e+00 -3.4971e+00 -2.6148e+00 +9.2729e-01 +3.5323e+00
2192 +7.809808634e-02 +7.809808634e-02 +3.110880981e+02 +3.110880981e+02 -1.8525e+00 -3.3498e+00 -2.5596e+00 +9.3189e-01 +3.8506e+00
2632 +5.540643630e-02 +5.540643630e-02 +3.110654064e+02 +3.110654064e+02 -1.8715e+00 -3.3916e+00 -2.6095e+00 +9.5573e-01 +3.8307e+00
2938 +2.450903319e-02 +2.450903319e-02 +3.110345090e+02 +3.110345090e+02 -1.9498e+00 -3.5033e+00 -2.6622e+00 +9.1612e-01 +3.6797e+00
3938 +1.576711930e-02 +1.576711930e-02 +3.110257671e+02 +3.110257671e+02 -1.9094e+00 -3.4692e+00 -2.5979e+00 +9.5064e-01 +3.6722e+00
4016 +9.514139556e-03 +9.514139556e-03 +3.110195141e+02 +3.110195141e+02 -1.9424e+00 -3.4589e+00 -2.5565e+00 +9.4404e-01 +3.7750e+00
4700 +4.990658908e-08 +4.990658908e-08 +3.110100000e+02 +3.110100000e+02 -1.9521e+00 -3.4944e+00 -2.6276e+00 +9.3110e-01 +3.6622e+00
4754 +2.890470796e-08 +2.890470796e-08 +3.110100000e+02 +3.110100000e+02 -1.9822e+00 -3.5005e+00 -2.6393e+00 +9.2268e-01 +3.6684e+00
5098 +1.034175057e-08 +1.034175057e-08 +3.110100000e+02 +3.110100000e+02 -1.9936e+00 -3.4977e+00 -2.6269e+00 +9.4289e-01 +3.6640e+00
5194 +7.977121186e-09 +7.977121186e-09 +3.110100000e+02 +3.110100000e+02 -1.9697e+00 -3.4942e+00 -2.6300e+00 +9.4569e-01 +3.6578e+00
% function evaluation | noise-free fitness - Fopt (-8.051800000000e+02) | best noise-free fitness - Fopt | measured fitness | best measured fitness | x1 | x2...
1 +6.025351231e+02 +6.025351231e+02 -2.026448769e+02 -2.026448769e+02 +2.7074e+00 +1.4194e+00 +1.9350e+00 +5.9749e-01 +3.7798e-01
9 +3.183711707e+02 +3.183711707e+02 -4.868088293e+02 -4.868088293e+02 -4.9466e-01 +1.4031e+00 +3.7361e+00 +4.6859e+00 -2.3868e+00
10 +1.749957214e+02 +1.749957214e+02 -6.301842786e+02 -6.301842786e+02 -2.3660e+00 -2.8657e+00 +1.4395e+00 -1.9316e-01 -1.2424e+00
24 +1.086263016e+02 +1.086263016e+02 -6.965536984e+02 -6.965536984e+02 -9.2870e-01 -1.0134e+00 -7.1178e-01 +4.6615e+00 +2.5970e+00
46 +6.204232166e+01 +6.204232166e+01 -7.431376783e+02 -7.431376783e+02 +5.0000e+00 -7.1487e-01 -2.3176e+00 +5.0000e+00 +7.3863e-01
94 +1.090093731e+01 +1.090093731e+01 -7.942790627e+02 -7.942790627e+02 +1.6581e+00 -3.9108e+00 -3.8542e-02 +0.0000e+00 +3.9961e+00
262 +8.668244189e+00 +8.668244189e+00 -7.965117558e+02 -7.965117558e+02 +1.6623e+00 -2.9068e+00 -9.8728e-01 +2.5898e+00 +2.9029e+00
328 +1.754492535e+00 +1.754492535e+00 -8.034255075e+02 -8.034255075e+02 +1.8006e+00 -2.9542e+00 -1.7269e+00 +2.7264e+00 +1.4918e+00
1070 +8.941215359e-01 +8.941215359e-01 -8.042858785e+02 -8.042858785e+02 +1.9284e+00 -2.5033e+00 -1.0402e+00 +2.5782e+00 +1.9466e+00
27650 +5.058179911e-01 +5.058179911e-01 -8.046741820e+02 -8.046741820e+02 +2.5423e+00 -3.1454e+00 -3.2108e-01 +1.5927e+00 +2.2453e+00
27905 +2.162198145e-01 +2.162198145e-01 -8.049637802e+02 -8.049637802e+02 +2.3782e+00 -3.2291e+00 -1.3287e-01 +1.5408e+00 +2.2070e+00
29037 +1.560883869e-01 +1.560883869e-01 -8.050239116e+02 -8.050239116e+02 +2.3765e+00 -3.1616e+00 -2.7702e-01 +1.6778e+00 +2.1484e+00
