% function evaluation | noise-free fitness - Fopt (-5.235000000000e+01) | best noise-free fitness - Fopt | measured fitness | best measured fitness | x1 | x2...
1 +2.161128759e+02 +2.161128759e+02 +1.637628759e+02 +1.637628759e+02 +4.9393e+00 +2.7028e-01 +4.4302e+00 +1.5395e-01 -3.8294e+00 -3.4391e+00 +1.6021e+00 -3.2279e+00 -2.1899e+00 -1.8503e+00 +4.8938e+00 +2.2916e+00 +1.0297e-01 +3.1333e+00 +8.7496e-01 +3.5144e+00 +3.1735e+00 -2.8669e+00 +1.8993e+00 -2.9455e+00
3 +4.381144576e+01 +4.381144576e+01 -8.538554242e+00 -8.538554242e+00 +4.4576e-01 -3.2012e+00 +4.9341e+00 +1.1494e+00 -3.2890e+00 +3.1259e+00 -7.9759e-01 -2.8994e+00 -1.2350e+00 -1.9746e+00 +8.6670e-01 +2.4875e+00 -3.4997e+00 -1.2214e+00 +6.1383e-01 -2.9187e+00 +2.1185e+00 -1.2943e+00 +3.8750e+00 -2.2069e+00
270 +3.060534561e+01 +3.060534561e+01 -2.174465439e+01 -2.174465439e+01 +1.9734e+00 -4.6562e+00 +3.7114e+00 -3.2295e+00 +3.2984e-01 -1.8222e+00 -2.2020e-01 -5.3708e+00 +2.4885e+00 -2.9684e+00 -5.3846e+00 -3.4654e-01 +1.4690e+00 -1.8860e+00 -1.2354e+00 -2.0677e+00 +4.9711e-01 -1.3785e-01 +8.1622e+00 -3.7300e+00
1224 +2.493788785e+01 +2.493788785e+01 -2.741211215e+01 -2.741211215e+01 +2.9122e-01 +1.9059e+00 -7.2613e-01 -1.3589e+00 +1.1294e-01 +2.1188e+00 -1.6718e+00 -1.9258e+00 +4.4882e-01 -1.4585e+00 +1.1874e+00 -1.3416e+00 -1.4025e+00 +1.4926e+00 +3.6498e+00 -1.7220e+00 -7.2196e-01 +4.6412e-01 +9.1957e-01 -3.8166e+00
1904 +1.209051202e+01 +1.209051202e+01 -4.025948798e+01 -4.025948798e+01 +1.9442e+00 -1.9058e+00 +2.8800e+00 -3.1761e+00 -2.0940e+00 +2.7799e+00 -3.1778e+00 -3.6900e+00 +2.4874e+00 -2.9060e+00 -1.1884e-02 -4.6407e+00 +3.2164e+00 +5.0798e-01 -4.9764e-01 +2.9803e-01 -1.2321e+00 +2.5038e+00 +3.3015e+00 -7.1803e+00
2312 +9.686447877e+00 +9.686447877e+00 -4.266355212e+01 -4.266355212e+01 +1.3982e+00 -3.1300e+00 +3.0053e+00 -2.6796e-01 -1.0311e+00 +2.7792e+00 -1.1980e-01 -1.3099e+00 +2.3986e+00 -2.2655e+00 +1.7781e+00 -1.9040e+00 +5.8272e-01 -3.3232e+00 -1.9317e+00 +2.5092e+00 +6.4255e-01 +2.4438e+00 +3.0204e+00 -3.1460e+00
3103 +5.921622438e+00 +5.921622438e+00 -4.642837756e+01 -4.642837756e+01 +7.0316e-01 -2.2775e+00 +1.1325e+00 -1.4158e+00 -2.5788e+00 +3.6152e+00 -2.9527e+00 -1.0530e-01 +2.1955e+00 -1.3340e+00 +3.7826e+00 -2.7395e+00 +1.4746e+00 -1.3497e+00 -3.5856e-02 +1.0582e+00 -5.4904e-01 +2.4588e+00 +2.2356e+00 -3.5505e+00
3120 +3.868178413e+00 +3.868178413e+00 -4.848182159e+01 -4.848182159e+01 +1.5067e-01 -2.5109e+00 +3.2360e+00 -1.6680e+00 +6.1298e-01 +2.9460e+00 -2.0157e+00 -9.0398e-01 +2.3431e+00 -9.2256e-01 +2.0376e+00 -3.1988e-01 +3.7376e+00 -9.8573e-01 -2.7644e+00 +1.0726e+00 -9.7245e-01 +1.5970e+00 +3.4421e+00 -4.2752e+00
4446 +2.086162583e+00 +2.086162583e+00 -5.026383742e+01 -5.026383742e+01 -1.7082e+00 -1.5510e+00 +2.4127e+00 -2.1874e+00 -2.4779e-01 +3.4515e+00 -3.8919e+00 -6.3854e-01 +2.6165e+00 -1.4711e+00 +3.8587e+00 -6.8180e-01 +3.2293e+00 +1.2138e-01 -1.8142e+00 +1.5034e+00 -5.5955e-01 +2.3772e+00 +2.7122e+00 -2.9057e+00
4936 +1.463203244e+00 +1.463203244e+00 -5.088679676e+01 -5.088679676e+01 -8.2970e-01 -1.2067e+00 +3.6199e+00 -1.9473e+00 -2.1339e+00 +3.5737e+00 -3.4403e+00 -1.3935e-02 +3.0962e+00 -1.8083e+00 +4.0139e+00 -1.0961e+00 +2.9509e+00 -9.4217e-01 -2.1657e+00 +6.8314e-01 -1.5447e+00 +1.6332e+00 +3.5829e+00 -4.0016e+00
% function evaluation | noise-free fitness - Fopt (-1.795400000000e+02) | best noise-free fitness - Fopt | measured fitness | best measured fitness | x1 | x2...
1 +1.948253038e+02 +1.948253038e+02 +1.528530379e+01 +1.528530379e+01 +4.2268e+00 -1.7576e+00 +3.4709e-01 -1.5137e+00 +3.0620e+00 +6.9952e-02 +2.1551e+00 -3.0194e+00 +3.4956e+00 -1.5117e+00 +3.9134e+00 -1.8302e+00 -3.2046e-01 -3.4451e+00 -1.6225e+00 -8.0621e-01 +1.1279e+00 +1.5353e+00 +8.4468e-01 -3.1867e+00
5 +1.050597775e+02 +1.050597775e+02 -7.448022247e+01 -7.448022247e+01 -1.5765e+00 -4.6533e+00 -1.0952e-01 +3.1124e+00 -9.6578e-01 -2.1163e+00 +4.8509e+00 -3.7218e+00 -3.5022e+00 +4.2413e+00 -1.2390e+00 +4.0769e+00 +4.6737e-01 +5.2218e-01 +2.6992e+00 +4.1288e-01 -4.5289e+00 -4.5450e+00 +1.2199e-01 -3.4179e+00
9 +9.234832637e+01 +9.234832637e+01 -8.719167363e+01 -8.719167363e+01 +3.1051e+00 +3.4714e+00 +1.1937e+00 +1.0456e+00 +3.2122e+00 +3.9317e+00 +1.0632e-02 -4.4468e+00 -4.2811e+00 +2.1869e+00 -4.4699e+00 +1.4382e+00 -4.0762e+00 -2.7550e+00 +2.1869e+00 +2.2625e+00 +3.2372e+00 +7.7108e-01 +4.1217e+00 -3.3897e+00
60 +5.595172660e+01 +5.595172660e+01 -1.235882734e+02 -1.235882734e+02 -4.5198e+00 +1.9439e+00 +3.5692e+00 +5.7576e-03 +8.7076e-01 +9.2417e-01 -1.3009e+00 -4.8708e-01 -2.6637e+00 -2.6983e-01 +6.9974e-01 +3.1003e+00 -3.8505e+00 +1.2865e+00 -1.1767e-01 -2.6465e+00 +7.7567e-01 +2.7581e+00 -3.2405e+00 +1.9259e+00
446 +3.054163261e+01 +3.054163261e+01 -1.489983674e+02 -1.489983674e+02 -6.3799e+00 +1.1427e+00 -4.5034e-01 -3.5220e-01 +1.4588e+00 +1.6478e+00 +3.7717e+00 +3.1953e+00 -4.7153e-01 +2.7941e+00 +3.0145e+00 +3.7267e+00 +3.6878e+00 +9.3984e-01 +2.8886e+00 -3.3711e-01 -1.5019e+00 +3.8987e+00 -3.1063e+00 +5.5531e-01
803 +2.125600126e+01 +2.125600126e+01 -1.582839987e+02 -1.582839987e+02 -3.7816e+00 +1.2303e+00 +6.1197e-01 -2.1572e+00 +4.4495e+00 -1.5074e-01 +2.8053e+00 +5.4149e+00 -1.1300e-01 +3.7308e+00 +1.3978e+00 +6.8504e+00 +4.6826e+00 +3.2773e-01 +1.7227e+00 -1.7090e+00 -1.7874e+00 +6.7527e+00 +1.1563e+00 +2.1890e+00
1701 +1.382983236e+01 +1.382983236e+01 -1.657101676e+02 -1.657101676e+02 +4.7203e-01 -5.8402e-01 -2.9024e+00 +5.0175e-01 +4.5183e+00 +1.1529e+00 +4.4728e+00 +5.9239e+00 +1.1612e+00 +2.2911e+00 +1.3504e+00 +5.2728e+00 +2.7612e+00 -8.3164e-02 +2.5872e+00 -6.3797e-01 -2.0008e+00 +7.1700e+00 -4.3540e-01 -6.5446e-01
2125 +9.055715288e+00 +9.055715288e+00 -1.704842847e+02 -1.704842847e+02 +1.4969e+00 -2.0391e+00 -3.4051e+00 +3.5049e+00 +3.6277e+00 +6.4129e-01 +2.4224e-01 +3.8235e+00 +4.2170e-02 +2.8632e+00 +1.0751e+00 +2.0263e+00 -1.0630e+00 -5.9399e-01 +1.1819e+00 +7.7598e-01 +1.4067e-01 +4.9101e+00 -6.6283e-01 -2.9066e+00
2845 +4.550550612e+00 +4.550550612e+00 -1.749894494e+02 -1.749894494e+02 -3.0728e-01 -8.0304e-01 -1.7354e+00 +3.3473e+00 +4.0429e+00 +7.8031e-01 +2.6935e+00 +3.8310e+00 +8.9768e-02 +8.1886e-01 -1.3151e+00 +1.2445e+00 -1.7625e+00 +1.2758e+00 +1.7339e+00 +4.7023e-01 -3.6736e-01 +4.0346e+00 +8.0073e-01 -1.3475e+00
3626 +3.499411322e+00 +3.499411322e+00 -1.760405887e+02 -1.760405887e+02 -5.0569e-01 -2.9825e-01 -3.1869e+00 +2.7149e+00 +3.6166e+00 +8.2661e-01 +5.0469e+00 +2.8804e+00 -2.1896e-01 +9.9975e-01 -1.4976e+00 +1.3454e+00 -2.1569e+00 +2.0092e+00 +1.9581e+00 +2.1854e-01 -1.6746e+00 +3.0312e+00 +1.7911e+00 -9.2508e-01
3807 +2.476249254e+00 +2.476249254e+00 -1.770637507e+02 -1.770637507e+02 -5.8540e-01 +1.7361e+00 -3.3604e+00 +1.9919e+00 +3.8368e+00 +3.0724e-01 +3.7977e+00 +3.4075e+00 -5.7560e-01 +2.5409e+00 -1.3594e+00 +1.0240e+00 -6.2176e-01 +7.5408e-01 +2.7114e+00 +1.3609e+00 -1.0400e+00 +3.7028e+00 +1.5783e+00 -5.3984e-02
4810 +1.540326910e+00 +1.540326910e+00 -1.779996731e+02 -1.779996731e+02 +4.5635e-01 +7.4545e-01 -3.1580e+00 +1.8906e+00 +4.1644e+00 -7.1077e-01 +4.2680e+00 +4.4557e+00 -5.2657e-02 +2.1365e+00 -6.3930e-01 +5.0750e-01 -1.6230e+00 +2.0078e+00 +2.8630e+00 +2.0760e+00 -1.2857e+00 +3.6687e+00 +2.2149e+00 -1.0314e+00
% function evaluation | noise-free fitness - Fopt (7.731000000000e+01) | best noise-free fitness - Fopt | measured fitness | best measured fitness | x1 | x2...
1 +3.875517322e+02 +3.875517322e+02 +4.648617322e+02 +4.648617322e+02 -1.9172e+00 +7.7209e-01 -1.5853e+00 -4.3372e+00 -4.9882e+00 -2.0989e+00 +4.6135e+00 -4.6975e+00 -3.5613e+00 +4.9557e+00 +3.4152e+00 +1.1454e+00 -3.9744e+00 +2.8632e+00 -2.2202e+00 -4.5250e-02 +1.3695e+00 -1.3015e+00 -9.1991e-01 +1.6486e+00
2 +9.258938433e+01 +9.258938433e+01 +1.698993843e+02 +1.698993843e+02 -2.1006e+00 -4.2789e+00 +4.3037e+00 -1.9204e+00 +3.0137e-01 +2.8594e+00 +3.5893e+00 +1.0392e+00 +1.0139e+00 +1.5892e+00 +3.7660e+00 +3.4397e-01 +7.0542e-01 -4.8026e+00 -2.5639e+00 -1.3695e+00 -3.6692e+00 -3.8845e-01 +2.1079e+00 -2.6678e+00
6 +3.657694503e+01 +3.657694503e+01 +1.138869450e+02 +1.138869450e+02 -3.5651e-01 -9.9705e-02 +1.1012e+00 -1.9551e+00 +2.0258e+00 +1.8650e+00 -3.5002e+00 -3.4456e+00 -1.2723e+00 +1.0268e+00 -2.2882e+00 -2.7606e+00 -1.9393e-02 +4.7744e+00 -2.0213e+00 +4.4760e+00 -7.4969e-01 +4.5351e+00 -7.5978e-01 +4.6904e+00
101 +2.483237512e+01 +2.483237512e+01 +1.021423751e+02 +1.021423751e+02 +1.7270e-01 +1.2546e-01 -1.1451e+00 -1.7717e+00 -4.4395e+00 -1.9093e+00 -1.6124e+00 -3.5214e+00 +6.9818e-02 +4.1797e+00 +1.8415e+00 +2.5273e+00 +4.5815e+00 +2.2100e+00 +1.1072e+00 +9.2140e-01 -4.5478e+00 +3.4359e+00 -7.3780e-01 +2.8971e+00
1301 +1.540282411e+01 +1.540282411e+01 +9.271282411e+01 +9.271282411e+01 +4.0068e+00 -2.3790e+00 +5.7979e-01 -3.8110e+00 +7.7982e-01 -5.0084e+00 -1.9144e+00 +2.8889e-01 +1.1193e+00 +1.7238e+00 -7.7359e-01 +2.7240e+00 -4.2299e-02 -6.0141e-01 -1.5107e+00 +1.6505e+00 +9.5755e-01 +3.2660e+00 +2.5219e+00 +3.0433e+00
1832 +7.436097179e+00 +7.436097179e+00 +8.474609718e+01 +8.474609718e+01 -1.4445e-01 -1.4699e+00 -2.0874e+00 -1.7048e+00 -1.4031e+00 -9.8617e-01 -1.4626e+00 -3.9950e+00 +1.3228e+00 +2.8228e+00 +7.1787e-01 +1.8401e+00 +1.3358e-01 +2.1059e+00 -1.8810e+00 +4.3170e+00 -2.5559e+00 +2.5110e+00 +2.3046e+00 +2.6887e+00
2606 +4.443086462e+00 +4.443086462e+00 +8.175308646e+01 +8.175308646e+01 +1.7548e+00 -1.2202e+00 -3.0985e+00 -1.5889e+00 +7.6192e-01 -2.6997e+00 -1.0139e+00 -2.5621e+00 +4.2137e-01 +2.2513e+00 +1.6124e+00 +2.8380e+00 +9.2595e-01 +7.1687e-01 -2.0941e-01 +2.7354e+00 -2.4670e-01 +2.2895e+00 +2.7813e+00 +1.8569e+00
3405 +3.733975863e+00 +3.733975863e+00 +8.104397586e+01 +8.104397586e+01 +7.9591e-01 -1.6932e+00 -2.1802e+00 -2.7868e+00 -3.8306e-01 -3.1502e+00 -1.2147e+00 -2.3859e+00 +7.1046e-01 +2.2305e+00 +1.6742e+00 +1.9549e+00 -7.9409e-01 +1.6999e+00 +4.1953e-01 +3.5786e+00 -1.0701e+00 +1.3452e+00 +2.4396e+00 +1.5123e+00
4352 +2.499319652e+00 +2.499319652e+00 +7.980931965e+01 +7.980931965e+01 +9.2711e-01 +1.5196e-01 -2.4263e+00 -2.2578e+00 +1.0378e+00 -1.7364e+00 -4.0918e-01 -1.5501e+00 +1.2147e+00 +2.1348e+00 +1.4321e+00 +1.1147e+00 +2.1059e-01 -4.4817e-01 -5.9428e-01 +3.4050e+00 -1.2328e+00 +9.9991e-01 +3.6335e+00 +1.6397e+00
% function evaluation | noise-free fitness - Fopt (3.992000000000e+01) | best noise-free fitness - Fopt | measured fitness | best measured fitness | x1 | x2...
1 +4.174159182e+02 +4.174159182e+02 +4.573359182e+02 +4.573359182e+02 -6.7438e-01 +2.1585e+00 -1.4634e+00 +3.4979e+00 +3.0602e+00 +3.7733e-01 -5.8286e-01 +1.3492e+00 -2.8076e+00 -5.0676e-02 +3.9450e+00 +2.1765e+00 +4.3066e+00 -1.1599e+00 +7.2957e-01 +2.4399e-01 +2.1154e+00 +4.2800e+00 -1.8508e+00 -7.3141e-01
2 +1.458449626e+02 +1.458449626e+02 +1.857649626e+02 +1.857649626e+02 -3.8725e+00 -1.9224e-02 +4.4918e+00 +7.3555e-01 +1.3144e+00 +2.7823e+00 -2.4600e+00 -2.0712e+00 +2.2205e+00 +3.6757e+00 -1.7646e+00 +8.1064e-01 -2.8870e+00 -1.6923e+00 +9.4634e-01 -4.1956e+00 +1.8908e+00 -3.6896e+00 +2.4499e+00 -2.0962e+00
4 +7.907621754e+01 +7.907621754e+01 +1.189962175e+02 +1.189962175e+02 +2.1528e+00 +3.2240e+00 +4.4198e+00 +2.9021e+00 +8.9568e-01 +1.7189e+00 +2.7154e+00 +2.9191e+00 -3.2105e+00 +1.3414e+00 +1.0445e+00 -2.5181e+00 +5.5596e-01 -2.1974e+00 +5.6915e-01 -4.7046e+00 -4.7535e+00 -7.2494e-01 +2.9459e+00 -3.4819e+00
26 +3.963921862e+01 +3.963921862e+01 +7.955921862e+01 +7.955921862e+01 +4.6767e+00 -2.4501e+00 +2.4845e+00 +3.3326e-02 -3.2988e-01 -1.0485e+00 -9.1478e-01 -4.2979e+00 +2.1217e+00 +3.6463e+00 +1.9872e+00 -7.5020e-01 -9.4870e-01 +1.1397e-01 -1.6674e+00 +4.7809e+00 -8.1610e-02 +2.2482e+00 -3.3211e+00 -1.1500e+00
920 +2.187118261e+01 +2.187118261e+01 +6.179118261e+01 +6.179118261e+01 +4.4111e+00 +6.9290e-01 +4.4226e+00 -5.4677e-01 +1.4372e+00 +8.9720e-01 -7.5109e-01 -3.5381e-02 +8.2265e-01 +6.0826e+00 +1.5447e+00 -2.1618e+00 -2.1945e+00 -1.5000e+00 -1.3819e+00 -3.3995e+00 -3.4816e+00 +5.9609e-01 +1.3792e+00 -1.4051e+00
1507 +1.503327212e+01 +1.503327212e+01 +5.495327212e+01 +5.495327212e+01 +2.1775e+00 -3.7593e+00 +1.7416e+00 -2.2546e+00 -2.8709e+00 +1.7347e+00 +1.8997e+00 +1.2060e-01 +2.5189e+00 +3.4053e+00 +5.7487e-02 +2.9876e+00 +4.9299e+00 +1.5933e+00 -1.9052e+00 +2.2629e+00 +6.9626e-01 -1.5543e+00 -9.0034e-04 -5.1732e-01
1738 +9.558849624e+00 +9.558849624e+00 +4.947884962e+01 +4.947884962e+01 +3.8595e+00 -4.3252e-02 +6.0488e-01 -1.1810e+00 -2.2335e+00 +1.6106e+00 -5.0566e-01 -3.1086e+00 +3.5393e+00 +3.8263e+00 +1.9094e+00 -3.7493e-01 -2.0792e+00 +1.8408e+00 +1.4455e-02 +6.2036e-01 +3.8701e-01 +1.3750e+00 +1.0852e+00 -3.5756e+00
3206 +5.758935085e+00 +5.758935085e+00 +4.567893509e+01 +4.567893509e+01 +3.9769e+00 +9.4505e-01 +2.1277e+00 -1.6362e+00 -2.8314e+00 +2.2542e+00 +6.3533e-01 -1.7531e+00 +3.3235e+00 +4.2835e+00 -1.6889e+00 -3.1594e-01 -1.3576e-01 +6.7443e-01 -2.2990e+00 +1.4131e+00 +8.6425e-03 +1.8325e+00 +4.0161e-01 -9.2159e-01
3910 +3.710840581e+00 +3.710840581e+00 +4.363084058e+01 +4.363084058e+01 +2.7772e+00 +5.6205e-01 +2.4261e+00 -2.8075e+00 -2.2553e+00 +2.7263e+00 +2.3253e+00 -2.6241e+00 +3.0171e+00 +4.2833e+00 -4.0052e-01 -1.8790e-01 -4.9991e-01 -2.5426e-01 -7.1285e-01 +1.1002e+00 +1.0588e+00 +3.1533e-01 +1.0850e+00 -3.5911e+00
% function evaluation | noise-free fitness - Fopt (-5.661000000000e+01) | best noise-free fitness - Fopt | measured fitness | best measured fitness | x1 | x2...
1 +2.013515932e+02 +2.013515932e+02 +1.447415932e+02 +1.447415932e+02 -4.6765e+00 +4.7348e+00 +5.8643e-01 +9.5225e-01 +1.2054e-01 -4.7415e+00 -4.3725e+00 -4.0917e+00 -4.4616e+00 -2.1609e+00 -2.2713e+00 -3.6378e+00 -1.4453e+00 -7.4722e-01 +4.3154e-01 -4.4377e+00 +2.9968e+00 -1.1744e+00 -3.6139e+00 -2.2464e+00
6 +5.511262297e+01 +5.511262297e+01 -1.497377032e+00 -1.497377032e+00 -1.7310e+00 -2.1897e+00 +4.1840e+00 -3.3752e-01 +5.4789e-01 -3.7196e+00 +1.4383e+00 -2.9722e+00 -2.8707e+00 -2.8759e-01 +4.7379e+00 -3.3838e+00 +2.4265e+00 +4.1049e+00 +8.7838e-01 -3.0359e+00 +9.0657e-01 +5.1515e-01 -1.5876e+00 +1.2667e+00
39 +3.812901680e+01 +3.812901680e+01 -1.848098320e+01 -1.848098320e+01 +2.1900e+00 +3.6777e+00 +8.0555e-01 -2.7742e+00 +5.3611e-01 -2.5628e+00 -6.9995e-02 -3.7590e+00 -3.7155e+00 +1.7190e+00 -4.0197e+00 +2.6429e+00 +1.1467e+00 -3.0161e+00 +3.2461e+00 +4.0037e+00 +3.8301e-01 -4.0062e+00 -2.8138e+00 -4.3021e+00
111 +2.402465344e+01 +2.402465344e+01 -3.258534656e+01 -3.258534656e+01 -1.3630e+00 +3.4847e+00 +8.5218e-01 -1.6410e+00 +3.0681e+00 -1.4906e+00 +2.7417e+00 -2.8809e+00 -1.2835e+00 +1.8039e+00 +1.7305e+00 +1.9295e+00 +1.7252e-01 -3.9664e+00 +3.1298e+00 -1.7035e+00 -5.8049e-01 +5.6276e-01 -3.7482e+00 -2.4866e-01
1006 +1.390466378e+01 +1.390466378e+01 -4.270533622e+01 -4.270533622e+01 +2.4779e-02 +5.1202e+00 +3.1121e+00 -1.7250e+00 -4.4462e-01 -1.4408e+00 +1.3839e+00 -3.8985e+00 -2.6987e+00 +1.0101e+00 -6.9635e-01 -3.5608e+00 +3.2013e+00 -6.3541e-01 -7.9137e-01 +7.5701e-01 -3.2044e+00 +1.6059e+00 -9.5653e-01 -2.0645e-01
1502 +9.863145722e+00 +9.863145722e+00 -4.674685428e+01 -4.674685428e+01 -5.2486e-01 +5.0527e+00 +2.7677e+00 -1.4834e+00 -1.3759e+00 +3.4011e+00 +2.1346e+00 -1.1442e+00 -4.2976e+00 +1.6087e+00 -4.3489e+00 -1.8953e+00 +3.2098e+00 -1.2874e+00 -1.4038e+00 +1.0236e+00 +9.5966e-01 +3.8799e+00 -1.0793e+00 -9.8734e-01
2402 +6.046236015e+00 +6.046236015e+00 -5.056376399e+01 -5.056376399e+01 +7.6816e-01 +2.5362e+00 +4.5339e+00 -2.3323e+00 -2.6239e+00 +2.5730e+00 +3.2947e+00 -1.2149e+00 -4.1156e+00 -3.9084e-01 -5.1145e+00 -2.1246e+00 +3.1992e+00 +1.5422e+00 -1.6685e+00 -3.4643e-01 -1.9721e+00 +2.5215e+00 -2.4531e+00 -3.3047e+00
3521 +3.484212028e+00 +3.484212028e+00 -5.312578797e+01 -5.312578797e+01 +1.4490e+00 +3.6113e+00 +3.7636e+00 -2.6645e+00 -3.2822e+00 +1.1661e+00 +3.6923e+00 -1.5806e+00 -4.4648e+00 -2.9792e-01 -3.5430e+00 -8.2413e-01 +2.0279e+00 -7.7193e-01 -1.5927e+00 +1.7485e-03 -1.6079e+00 +1.6783e+00 -3.7023e+00 -1.9484e+00
4509 +1.505292506e+00 +1.505292506e+00 -5.510470749e+01 -5.510470749e+01 +2.0685e+00 +3.2456e+00 +3.1093e+00 -3.2092e+00 -2.6311e+00 +1.9673e+00 +2.9536e+00 -3.1688e+00 -4.4118e+00 +7.7129e-01 -2.9818e+00 -1.3558e+00 +2.3482e+00 +8.4742e-01 -2.5787e+00 +4.5923e-01 -1.3718e+00 +2.1623e+00 -3.8560e+00 -3.2365e+00
% function evaluation | noise-free fitness - Fopt (5.134000000000e+01) | best noise-free fitness - Fopt | measured fitness | best measured fitness | x1 | x2...
1 +1.330291263e+02 +1.330291263e+02 +1.843691263e+02 +1.843691263e+02 -2.2834e+00 -2.8029e+00 +1.5634e+00 +1.7567e+00 -3.1627e+00 +3.5322e+00 +3.9829e+00 -1.5357e-02 -1.1830e+00 -2.0508e+00 -3.0978e+00 +3.8125e+00 +4.8892e+00 -2.3147e+00 +3.1133e+00 -1.9992e+00 +3.2279e+00 +3.3691e-01 +1.6263e+00 -7.8466e-01
5 +9.669550143e+01 +9.669550143e+01 +1.480355014e+02 +1.480355014e+02 -1.4821e+00 +6.7065e-01 -3.9337e+00 +3.3585e+00 -1.4107e-01 +2.3555e+00 -3.3387e+00 -2.0790e+00 -2.9555e+00 -3.4688e+00 -2.7838e+00 +3.7651e-01 +2.0519e+00 -9.6665e-02 -2.4864e+00 -4.6891e+00 +2.2941e+00 +6.3945e-01 +3.7244e-01 +1.1153e+00
156 +4.449886060e+01 +4.449886060e+01 +9.583886060e+01 +9.583886060e+01 +6.5646e+00 -1.8258e+00 -4.0428e+00 +2.7673e-01 +2.3039e+00 +2.8222e+00 +2.6569e-01 -1.4841e+00 -9.3856e-01 +4.2833e+00 -2.7041e+00 +3.2252e+00 -2.1738e+00 -2.6684e+00 -1.1010e+00 +3.5183e+00 -1.1079e+00 -2.5058e+00 -3.8722e+00 +2.4074e+00
175 +3.906895590e+01 +3.906895590e+01 +9.040895590e+01 +9.040895590e+01 -3.3755e-01 -2.0272e-01 -3.0763e+00 +2.6038e+00 +3.5338e-02 +4.4082e-01 -2.5502e+00 -5.1048e+00 -1.8089e+00 +2.0891e+00 +2.7894e+00 +2.9363e+00 -7.1083e+00 +1.2380e-03 +2.0476e+00 +4.8792e+00 -4.7052e-01 -3.6678e+00 -5.0053e-01 -5.4310e-02
1030 +2.481668972e+01 +2.481668972e+01 +7.615668972e+01 +7.615668972e+01 +4.3480e+00 -3.4269e+00 -1.9126e+00 +5.3587e+00 -1.5705e+00 +1.9486e+00 -3.3700e+00 +4.1744e-02 -3.5041e+00 -2.4039e+00 +2.4245e+00 +1.7763e-01 -7.7174e+00 -2.1266e+00 +3.2515e+00 +3.7371e+00 +2.4089e+00 -7.2728e-01 -2.6708e-01 +2.8189e+00
1706 +1.492446596e+01 +1.492446596e+01 +6.626446596e+01 +6.626446596e+01 -8.1247e-01 -1.7472e+00 -3.3294e+00 +2.5452e+00 -2.4595e+00 +3.9590e-01 -4.2886e+00 -1.2569e-01 -4.0744e+00 -2.2561e+00 -8.5744e-01 +4.1971e+00 -3.2943e+00 -9.6313e-01 -2.7450e-01 +5.9492e-01 +4.9189e+00 +7.0274e-01 -1.8254e+00 +3.7298e+00
2613 +8.964642819e+00 +8.964642819e+00 +6.030464282e+01 +6.030464282e+01 +9.8143e-01 -8.3406e-01 -1.4795e+00 +1.8715e+00 -1.1212e+00 +1.2936e+00 -2.6881e+00 -3.2957e-01 -2.9732e+00 -6.2208e-01 +5.1606e-01 +3.2135e+00 -1.5644e+00 -7.1607e-01 -8.5192e-01 +2.7619e+00 +2.7177e+00 +1.7509e+00 -3.1522e+00 +2.9380e+00
3437 +5.009580837e+00 +5.009580837e+00 +5.634958084e+01 +5.634958084e+01 -3.9962e-01 -1.9949e+00 -1.6812e+00 +1.8420e+00 -1.2380e+00 +2.5997e+00 -1.6704e+00 -6.3762e-01 -1.2356e+00 +1.7995e+00 -9.8069e-01 +2.2500e+00 -8.6910e-01 -2.5364e+00 -1.5964e+00 +1.6993e+00 +2.1793e+00 +1.4132e+00 -2.3207e+00 +2.1859e+00
4407 +3.956357981e+00 +3.956357981e+00 +5.529635798e+01 +5.529635798e+01 -1.6581e+00 -1.9480e+00 -7.2287e-01 +2.5349e+00 -1.3809e+00 +3.2028e+00 -1.7415e+00 +7.8647e-01 -1.9873e+00 +8.1810e-01 -1.0411e+00 +1.2289e+00 -6.0829e-01 -3.2637e+00 -2.8534e+00 +1.3583e+00 +2.1518e+00 +2.5201e+00 -7.8874e-01 +1.8465e+00
% function evaluation | noise-free fitness - Fopt (-1.244000000000e+02) | best noise-free fitness - Fopt | measured fitness | best measured fitness | x1 | x2...
1 +3.824240648e+02 +3.824240648e+02 +2.580240648e+02 +2.580240648e+02 -9.5954e-01 +2.9333e+00 +1.0998e+00 +6.2561e-03 +1.1442e+00 -1.3622e+00 -1.4451e+00 +3.7347e+00 -4.6639e-01 -2.3746e-01 -4.4257e+00 +1.0516e-01 +3.3522e+00 +4.6226e+00 -6.3424e-01 +2.0585e-01 -9.1962e-01 -3.0862e+00 -4.8579e+00 +2.2061e+00
2 +1.446294691e+02 +1.446294691e+02 +2.022946907e+01 +2.022946907e+01 +3.6316e+00 +3.8697e+00 -4.9725e+00 +4.6131e+00 -4.0634e+00 -4.9517e+00 -2.3829e+00 -3.2531e+00 -5.2934e-01 -3.3684e-01 +1.6196e+00 -1.2636e+00 +3.7155e+00 +9.4804e-01 -3.8818e+00 -7.2335e-01 -3.0286e-01 +6.5711e-01 -1.9161e+00 -1.5850e+00
16 +9.769988087e+01 +9.769988087e+01 -2.670011913e+01 -2.670011913e+01 -2.0220e+00 -2.0313e+00 +3.0625e+00 +3.5733e+00 -2.8108e+00 -4.0907e-01 -4.7296e+00 -4.5977e+00 +4.4409e+00 +7.6124e-01 -1.1016e+00 -6.4417e-01 -4.3384e+00 -2.1702e+00 -3.5655e+00 -1.8995e+00 -4.8176e+00 +3.3476e+00 -1.7937e+00 +4.5490e+00
32 +5.103512785e+01 +5.103512785e+01 -7.336487215e+01 -7.336487215e+01 -1.2339e+00 +2.9070e+00 +2.6997e+00 +1.8105e+00 -2.0157e+00 -1.5281e+00 -4.5804e-01 +3.2375e-01 -1.9250e+00 +3.7769e+00 +2.6183e+00 -1.6156e+00 +7.0238e-01 -3.9106e+00 +1.9980e+00 +4.9771e+00 -1.9997e+00 -1.5918e+00 +3.6355e+00 +1.4470e+00
413 +3.267474011e+01 +3.267474011e+01 -9.172525989e+01 -9.172525989e+01 +4.9575e+00 +5.3430e-01 +1.1520e-01 -1.9918e+00 -3.6940e-01 -3.8846e+00 -6.9974e-01 -3.6677e+00 -5.1633e-02 +2.9432e+00 -1.3698e+00 +9.2496e-01 +3.8530e+00 +1.6551e+00 -5.3883e-01 -2.3694e+00 -3.7739e+00 +2.9367e-01 +1.3508e+00 +3.2342e-01
532 +2.130437562e+01 +2.130437562e+01 -1.030956244e+02 -1.030956244e+02 +1.2558e+00 -2.7293e+00 +2.8150e+00 +2.0171e+00 -8.8319e-01 -4.1652e+00 -1.0186e+00 -1.4268e+00 +2.4159e+00 +4.0325e+00 -4.9415e-01 -4.4335e+00 +1.7763e+00 +2.2242e+00 +7.1330e-02 -8.1934e-01 -1.4237e+00 -4.9010e+00 +6.0085e-01 -1.0182e-01
785 +1.325659317e+01 +1.325659317e+01 -1.111434068e+02 -1.111434068e+02 +3.0370e+00 -3.0980e+00 +3.5450e+00 -1.9748e+00 -8.1868e-01 -2.0035e+00 +1.1046e-01 -3.2955e-01 +1.8923e+00 +2.2456e+00 +2.1168e+00 -1.1561e+00 +6.9511e-01 +3.0429e+00 +1.4025e-01 +6.2422e-01 -1.5406e+00 -3.7420e+00 +5.6373e-01 -6.6368e-01
1704 +8.159603690e+00 +8.159603690e+00 -1.162403963e+02 -1.162403963e+02 +1.0276e+00 -2.2590e+00 +3.3677e+00 -1.6413e+00 -8.9938e-01 -6.3198e+00 -9.4833e-01 +1.2397e-01 +1.1398e+00 +1.2037e+00 +1.3916e+00 -4.6414e+00 +3.7954e-02 +6.8798e-01 +7.3460e-01 -2.9553e+00 -4.4925e+00 -2.6786e+00 +1.1453e+00 -1.3963e+00
2560 +5.912692893e+00 +5.912692893e+00 -1.184873071e+02 -1.184873071e+02 +1.8044e+00 +1.8751e-01 +3.1361e+00 -3.4589e+00 -3.1076e+00 -1.7559e+00 -1.2151e-01 +3.1656e-01 +2.1625e+00 +1.2134e+00 +3.3364e+00 -2.0665e+00 -2.0723e+00 +1.3367e-01 +3.0079e-01 -1.3506e+00 -3.7316e+00 -3.6729e+00 +1.9430e+00 -2.9701e+00
3304 +3.830863562e+00 +3.830863562e+00 -1.205691364e+02 -1.205691364e+02 +8.1911e-01 -2.1226e-01 +3.4418e+00 -3.3042e+00 -2.4005e+00 -3.1894e+00 -6.7495e-01 -9.8775e-01 +9.0663e-01 -6.0300e-03 +3.2817e+00 -2.6142e+00 +5.1216e-01 -2.0157e+00 +1.2252e+00 -1.6830e+00 -2.7933e+00 -4.0161e+00 +4.0086e+00 -3.4153e+00
3927 +2.231756590e+00 +2.231756590e+00 -1.221682434e+02 -1.221682434e+02 +4.9810e-01 +7.6765e-01 +2.3152e+00 -2.3481e+00 -2.1214e+00 -3.9462e+00 -1.0866e+00 +6.1064e-01 +1.4867e+00 +1.6144e+00 +4.4665e+00 -1.6594e+00 -8.2213e-01 -1.4844e+00 -1.2894e-01 -7.7843e-01 -3.1668e+00 -3.7778e+00 +3.9458e+00 -2.7794e+00
4535 +1.414361369e+00 +1.414361369e+00 -1.229856386e+02 -1.229856386e+02 +1.5025e-01 -2.9954e-02 +2.9676e+00 -2.2373e+00 -3.6373e+00 -3.3440e+00 +8.8199e-02 +5.2271e-01 +5.5861e-01 +1.3448e+00 +3.9260e+00 -2.2541e+00 -5.6497e-02 -1.7149e+00 -1.0493e-01 -1.6836e+00 -2.4641e+00 -4.1589e+00 +3.5158e+00 -2.8419e+00
4815 +9.503971718e-01 +9.503971718e-01 -1.234496028e+02 -1.234496028e+02 +4.3540e-01 +7.2380e-01 +2.5091e+00 -2.4878e+00 -2.4724e+00 -4.5220e+00 +1.6293e-01 +1.9530e-01 +1.2542e+00 +1.7849e+00 +3.8199e+00 -2.3707e+00 +3.7584e-01 -2.2317e+00 +7.2617e-03 -1.4739e+00 -3.0685e+00 -3.9417e+00 +2.2609e+00 -2.0873e+00
% function evaluation | noise-free fitness - Fopt (6.000000000000e-01) | best noise-free fitness - Fopt | measured fitness | best measured fitness | x1 | x2...
1 +1.539148163e+02 +1.539148163e+02 +1.545148163e+02 +1.545148163e+02 +4.2671e+00 -4.9572e+00 -4.5151e+00 +3.2460e+00 -1.8445e+00 -1.2474e+00 +3.5561e+00 -3.8138e-02 +3.0430e+00 +2.8886e+00 +4.9643e+00 -1.7958e+00 -1.0267e+00 -7.7081e-01 -4.6533e+00 +2.4223e+00 +2.2953e+00 -4.4090e+00 -4.4274e+00 -4.9392e+00
2 +9.235612726e+01 +9.235612726e+01 +9.295612726e+01 +9.295612726e+01 -3.6901e+00 -3.0725e+00 -2.6834e+00 +3.4681e+00 +2.2549e+00 +3.0174e-01 +2.2185e+00 -3.6145e+00 +3.3446e+00 +3.3024e+00 +3.2505e+00 +2.1614e+00 +7.7551e-01 +2.9261e+00 +3.6059e-01 +1.1813e+00 -4.7474e+00 +2.3726e+00 +9.3333e-01 +4.5402e+00
12 +5.815482094e+01 +5.815482094e+01 +5.875482094e+01 +5.875482094e+01 +4.6677e+00 +1.9213e+00 +4.9635e+00 +2.6230e+00 -3.9345e+00 +2.3227e+00 +4.6306e+00 +3.8457e+00 +3.2149e+00 +3.6366e+00 +6.2295e-02 +3.6567e+00 +1.3027e+00 +2.4002e+00 +1.4124e+00 +3.9273e+00 -4.2144e+00 -4.3852e+00 -2.8226e+00 +6.9190e-01
57 +3.942062698e+01 +3.942062698e+01 +4.002062698e+01 +4.002062698e+01 -1.1220e+00 +1.8356e+00 +1.8017e+00 +6.8218e-01 +3.8516e+00 -2.9280e+00 +3.0052e+00 +1.9074e+00 -4.0903e+00 +1.5461e+00 -9.7789e-01 +3.8632e+00 -4.2175e-01 -2.2631e+00 +1.0948e+00 +4.3805e+00 -2.9303e+00 +2.3933e+00 -1.7014e+00 -1.9848e+00
401 +2.071746435e+01 +2.071746435e+01 +2.131746435e+01 +2.131746435e+01 -6.5021e-01 +2.6722e-01 -4.0589e-01 +2.0396e+00 -1.8520e-01 -4.2422e+00 +3.0592e+00 -1.0407e+00 -1.2285e+00 -7.3573e-01 -1.2481e+00 +2.3320e+00 +1.7318e+00 -1.6263e+00 +1.4587e+00 +2.5762e+00 -2.2526e+00 -2.2088e+00 +9.8490e-01 -1.6161e+00
1305 +1.402014334e+01 +1.402014334e+01 +1.462014334e+01 +1.462014334e+01 +2.1193e+00 -8.2730e-02 -3.8704e-01 +2.7533e+00 +2.8628e+00 -3.0617e+00 +2.4860e+00 -1.6597e+00 +2.4347e-01 -9.8255e-01 -2.5181e+00 +2.0415e+00 -2.3935e-01 -3.1770e+00 -1.5355e+00 +3.4245e+00 -1.7545e+00 -4.2894e+00 -1.7632e+00 -2.5996e+00
2003 +9.468267819e+00 +9.468267819e+00 +1.006826782e+01 +1.006826782e+01 +2.7918e+00 -2.7137e+00 -2.2390e+00 +3.9769e+00 +1.0068e+00 -2.8749e+00 -4.6682e-01 -1.8348e+00 -2.0989e-01 +2.9555e-01 -1.9969e+00 +3.0333e+00 -1.2163e-01 +8.9945e-01 -3.5067e-01 +2.0851e+00 -3.1447e+00 -4.8239e+00 +1.2815e+00 -1.8675e+00
2704 +4.907812145e+00 +4.907812145e+00 +5.507812145e+00 +5.507812145e+00 +3.8137e+00 -1.1437e+00 -7.8195e-01 +4.6411e+00 +1.8701e-01 -4.5518e+00 -2.4064e+00 +2.6086e-01 -9.6965e-01 +9.6806e-01 -2.3633e+00 +3.0330e+00 +1.1405e+00 +1.6533e+00 +4.6719e-01 +3.0326e+00 -2.4194e+00 -5.5743e+00 +2.2694e-01 -1.6140e+00
3550 +3.682533836e+00 +3.682533836e+00 +4.282533836e+00 +4.282533836e+00 +2.5089e+00 -2.0935e+00 -2.9489e-01 +3.1820e+00 -3.6944e-01 -4.1235e+00 -1.7703e+00 -8.2214e-01 -5.3311e-01 -3.3148e-02 -2.3145e+00 +4.0645e+00 +9.5398e-01 -3.3501e-01 -7.9283e-01 +3.4036e+00 -1.2277e+00 -3.2733e+00 +2.0181e+00 -7.4675e-01
4020 +2.455758739e+00 +2.455758739e+00 +3.055758739e+00 +3.055758739e+00 +2.3170e+00 -4.1183e-01 +2.7496e-01 +4.3642e+00 -9.6843e-03 -3.4477e+00 -2.1269e+00 -3.8886e-01 -6.2762e-01 -6.1549e-01 -2.3778e+00 +4.0497e+00 +4.5684e-01 +2.4407e+00 -5.2049e-01 +2.9839e+00 -1.2674e+00 -3.4836e+00 +1.7614e+00 -8.4995e-02
4712 +1.552453234e+00 +1.552453234e+00 +2.152453234e+00 +2.152453234e+00 +2.8542e+00 -1.1769e+00 -2.8070e-02 +4.3731e+00 +2.9058e-01 -3.4466e+00 -3.0571e+00 -1.0872e-01 +2.7041e-01 -4.8353e-01 -2.3539e+00 +2.8624e+00 +6.6943e-01 +1.8223e+00 -1.4756e+00 +2.2898e+00 -9.5777e-01 -3.8049e+00 +1.4011e+00 -4.9412e-01
% function evaluation | noise-free fitness - Fopt (-4.071000000000e+01) | best noise-free fitness - Fopt | measured fitness | best measured fitness | x1 | x2...
1 +1.884016710e+02 +1.884016710e+02 +1.476916710e+02 +1.476916710e+02 -3.1749e+00 -3.6391e+00 -1.3108e+00 +1.9640e+00 +3.7668e+00 +3.3830e+00 -5.5370e-01 +2.9024e+00 -4.1659e+00 +2.2046e+00 -2.5157e+00 -4.3758e+00 -1.2715e+00 -2.2140e+00 -7.2784e-01 +2.2719e+00 +1.3762e+00 +4.2503e+00 +3.8555e+00 -7.3602e-01
4 +9.871176066e+01 +9.871176066e+01 +5.800176066e+01 +5.800176066e+01 +2.6429e+00 +3.4151e+00 +3.9865e+00 -3.5530e+00 +2.8833e+00 -2.0997e+00 -3.1296e+00 +2.1337e+00 -3.4208e+00 -1.5806e+00 -2.3646e+00 -4.8232e+00 +2.8722e+00 +1.4850e-02 +1.7625e+00 +4.8494e+00 -3.6090e+00 -4.1180e+00 -3.5666e+00 +4.6189e+00
9 +5.571740143e+01 +5.571740143e+01 +1.500740143e+01 +1.500740143e+01 +9.5298e-01 -2.3451e+00 -4.3454e-01 +4.7174e+00 -1.6046e+00 -2.3143e+00 +1.0664e+00 -3.4013e+00 -3.3428e-01 +4.1841e+00 -1.8342e+00 -4.6680e+00 -3.8046e+00 +2.2561e+00 -4.4191e-01 +2.5200e+00 -2.4312e+00 +3.4780e+00 -4.6368e+00 -1.3588e+00
148 +3.866398526e+01 +3.866398526e+01 -2.046014743e+00 -2.046014743e+00 -4.1758e+00 -3.8664e+00 +5.2828e+00 -1.8930e+00 -3.7865e+00 -1.9962e-02 +4.5012e+00 -2.5852e+00 -5.0774e-01 +7.5150e-02 -1.6188e+00 +1.2082e+00 +2.1322e+00 -1.5958e+00 -3.0842e+00 +2.8714e+00 -1.3499e+00 +2.1829e+00 -3.5719e+00 -2.6898e+00
1006 +2.140902561e+01 +2.140902561e+01 -1.930097439e+01 -1.930097439e+01 +1.0990e+00 -1.3252e-01 +9.9851e-02 +6.4840e+00 -3.2572e+00 -3.7592e+00 +3.9872e+00 -1.1170e+00 -2.6980e+00 +1.7225e+00 -2.9949e-01 +1.1052e+00 +5.9946e+00 +1.9230e+00 +4.1560e-01 +3.1023e+00 +3.7357e-01 +2.4247e+00 +7.8606e-01 +1.5869e+00
1124 +8.665758182e+00 +8.665758182e+00 -3.204424182e+01 -3.204424182e+01 +1.2202e+00 -2.8474e+00 +1.5700e+00 +4.0118e+00 -1.0927e-01 -5.5002e+00 +2.3408e+00 +3.0321e-01 -2.0370e+00 +1.9995e+00 +1.7669e+00 +1.2192e+00 +2.9083e+00 +9.1200e-01 -3.0958e+00 +3.8618e+00 -3.7237e+00 -1.0236e+00 -1.2983e+00 -8.0845e-01
2971 +6.247345837e+00 +6.247345837e+00 -3.446265416e+01 -3.446265416e+01 +1.5101e+00 -3.1002e+00 +7.9164e-01 +1.4856e+00 +9.5768e-01 -2.5928e+00 +2.3221e+00 +2.0681e+00 -1.1337e+00 -7.6824e-01 +3.3763e+00 +1.3062e+00 +2.7938e+00 +1.0786e-01 -1.3231e+00 +4.1363e+00 -1.5239e+00 -1.4177e+00 -9.3061e-01 -1.2737e+00
3419 +3.911048084e+00 +3.911048084e+00 -3.679895192e+01 -3.679895192e+01 +1.6173e+00 -2.7937e+00 +2.0435e+00 +2.2157e+00 -1.3411e+00 -3.3660e+00 +1.4775e+00 +7.7190e-01 -2.2758e+00 +2.1736e-01 +5.0281e+00 -4.6801e-02 +4.5780e+00 -7.2900e-01 -1.3208e+00 +4.4480e+00 -3.6775e-01 -2.2495e+00 +4.5181e-01 -4.3444e-01
4413 +1.810493567e+00 +1.810493567e+00 -3.889950643e+01 -3.889950643e+01 +1.0492e+00 -2.3639e+00 +1.6261e+00 +2.1717e+00 -1.3749e+00 -2.5696e+00 +6.9564e-01 +4.0463e-01 -1.7729e+00 -1.6501e-02 +4.1473e+00 -1.5456e+00 +3.9070e+00 +5.4233e-01 -2.3317e+00 +3.6109e+00 -4.3596e-01 -4.1583e+00 +6.7185e-01 -1.3014e+00
% function evaluation | noise-free fitness - Fopt (8.143200000000e+02) | best noise-free fitness - Fopt | measured fitness | best measured fitness | x1 | x2...
1 +3.457879528e+02 +3.457879528e+02 +1.160107953e+03 +1.160107953e+03 -4.6719e+00 -3.6619e+00 +4.2757e-01 +4.9550e+00 +3.4771e+00 +1.2893e+00 -2.3812e+00 +3.7435e+00 +3.5068e+00 +4.5766e-01 -4.9652e+00 -3.5096e+00 +2.9103e+00 +4.7322e+00 +1.1076e-01 -3.4546e+00 -3.7334e+00 +3.9772e-01 -1.5374e+00 +3.0469e+00
2 +1.709857712e+02 +1.709857712e+02 +9.853057712e+02 +9.853057712e+02 +4.8483e+00 +1.9346e+00 -4.7627e-01 -1.5574e+00 +2.0333e+00 +4.2767e+00 +4.1422e+00 +1.4680e+00 +2.6569e-02 -3.8220e+00 +2.6230e+00 +2.5158e+00 +1.3930e+00 -1.2711e+00 +4.6781e+00 -3.4654e-02 +1.8481e-01 -2.0828e-01 +4.6465e+00 -7.9637e-01
3 +1.462338569e+02 +1.462338569e+02 +9.605538569e+02 +9.605538569e+02 -1.2606e+00 +4.8621e+00 +2.7625e+00 +4.1027e+00 +1.6150e+00 -1.9819e+00 +1.4454e+00 +2.3647e+00 -2.2266e+00 -4.8933e+00 +2.9288e+00 +2.9381e+00 +4.4260e+00 -1.6065e+00 +2.2190e+00 +4.2374e+00 -1.1231e+00 +3.9252e+00 +1.5599e-01 +4.8891e+00
9 +7.348985734e+01 +7.348985734e+01 +8.878098573e+02 +8.878098573e+02 +1.8588e+00 +6.8779e-01 -4.3382e+00 -2.6886e-01 -1.1922e+00 +5.9442e-01 -1.3325e+00 +1.2165e+00 -1.5175e-01 -1.8972e+00 +3.8275e-01 +8.3431e-01 +1.1205e+00 -7.2171e-01 -1.2691e+00 +1.2146e-01 -2.9417e+00 -1.2720e+00 +3.2300e+00 -1.6478e-01
36 +5.780045935e+01 +5.780045935e+01 +8.721204593e+02 +8.721204593e+02 +1.7607e-01 -4.1150e+00 +2.7707e+00 +4.0176e-01 +1.9698e+00 -1.9330e+00 -4.3812e-01 +4.3581e+00 +1.6236e-01 -2.9044e+00 -4.2553e+00 -7.3046e-01 +3.4898e+00 +3.9521e+00 -2.7434e+00 +4.8834e+00 +2.2674e+00 +2.9536e+00 -2.4269e+00 +1.9343e+00
86 +3.832894066e+01 +3.832894066e+01 +8.526489407e+02 +8.526489407e+02 +1.6880e+00 +9.3755e-01 -2.9360e-01 -1.1364e+00 +2.0640e+00 -3.6563e+00 +1.0864e+00 +4.0673e+00 +2.2203e+00 -1.6619e+00 +4.1823e+00 +1.5868e+00 +2.6600e+00 +3.4126e+00 -1.6279e+00 +1.0344e+00 -1.9222e-01 +1.1055e+00 -4.5403e+00 +4.4104e+00
922 +2.151044139e+01 +2.151044139e+01 +8.358304414e+02 +8.358304414e+02 +1.6544e-01 -1.0247e+00 +1.5033e-01 -9.1644e-01 -5.3832e-01 -3.3140e+00 -3.3778e+00 +1.1717e+00 +5.3875e-01 -1.1552e+00 -1.6553e+00 -1.0129e+00 -1.6764e-01 -1.7837e+00 -9.6770e-01 +6.1096e+00 +1.0002e+00 -9.1595e-01 -4.2268e+00 +2.8472e+00
1413 +1.548297250e+01 +1.548297250e+01 +8.298029725e+02 +8.298029725e+02 -6.7397e-01 -3.7226e+00 +1.7020e+00 +4.4411e-01 -9.2334e-01 -3.8759e+00 +1.8822e+00 +3.4925e+00 -7.8843e-01 -3.3171e+00 +1.1183e+00 +3.1443e-01 +1.1108e+00 +1.8335e-01 -8.0669e-01 +3.8555e+00 +3.0891e+00 +3.7202e+00 -1.0261e+00 +3.8835e+00
2004 +9.745780039e+00 +9.745780039e+00 +8.240657800e+02 +8.240657800e+02 -1.6027e+00 -2.4241e+00 +4.4847e+00 -1.0079e+00 +3.1985e+00 -6.9973e-01 +1.2437e+00 +3.6584e+00 -1.7985e+00 -1.7177e+00 +1.1108e+00 +2.1651e+00 +5.6874e+00 +2.9936e+00 +2.0310e+00 +1.6874e+00 +5.2658e-01 +9.1150e-01 -4.0841e+00 +3.3433e+00
2804 +5.605109817e+00 +5.605109817e+00 +8.199251098e+02 +8.199251098e+02 -1.7469e+00 -3.5467e+00 +5.4183e+00 -2.4226e+00 +2.7581e+00 +2.5416e-01 +6.5521e-01 +3.7781e+00 -2.6405e+00 -1.6962e+00 +2.9368e-01 -6.5906e-01 +3.1092e+00 -1.6581e-01 +3.4306e+00 +2.8738e+00 +3.6039e-02 +3.1067e+00 -2.7485e+00 +2.3633e+00
4515 +3.304478781e+00 +3.304478781e+00 +8.176244788e+02 +8.176244788e+02 -1.8036e+00 -2.9499e+00 +3.8923e+00 -1.9073e+00 +2.6705e+00 -3.6954e-01 +2.2778e+00 +2.7855e-01 +7.1089e-01 -1.6423e+00 +4.3922e-01 -9.4812e-01 +1.9358e+00 +2.9750e-01 +3.5190e+00 +2.4206e+00 +3.4079e-01 +2.9241e+00 -2.8922e+00 +2.7156e+00
% function evaluation | noise-free fitness - Fopt (-6.205000000000e+01) | best noise-free fitness - Fopt | measured fitness | best measured fitness | x1 | x2...
1 +3.919179590e+02 +3.919179590e+02 +3.298679590e+02 +3.298679590e+02 +2.4162e+00 +2.1713e+00 +2.2576e+00 +3.6196e+00 -1.0174e+00 -3.1815e+00 -2.7535e+00 -2.2724e+00 -2.4219e+00 -1.0515e+00 -3.1777e-01 +2.4754e+00 +2.4082e+00 -4.7920e+00 +3.9797e+00 -2.1559e+00 -1.3715e+00 +4.6990e+00 -2.4097e+00 +4.8015e+00
2 +2.310905000e+02 +2.310905000e+02 +1.690405000e+02 +1.690405000e+02 +3.8406e+00 +1.8971e+00 +4.7069e+00 +1.2531e+00 -2.5119e+00 +3.1965e+00 +1.7825e+00 +4.4403e+00 +4.3982e+00 -6.4815e-02 +4.7818e+00 -2.6569e+00 -2.4936e+00 +1.9120e+00 +2.4177e+00 +4.5272e-02 +2.5256e+00 +4.2753e+00 +4.9985e+00 +5.1037e-01
3 +8.155739590e+01 +8.155739590e+01 +1.950739590e+01 +1.950739590e+01 -2.0310e+00 +1.1526e-01 -2.8178e+00 +2.9500e+00 +2.1379e+00 -3.9539e+00 -1.0818e+00 -2.4927e-01 -3.6366e+00 -1.8607e+00 -3.7771e+00 -1.2421e-01 -4.1951e+00 +3.8056e+00 -4.9415e+00 +1.1615e+00 -9.5694e-01 +4.0217e+00 +3.1246e+00 -1.0995e+00
20 +5.821155945e+01 +5.821155945e+01 -3.838440547e+00 -3.838440547e+00 +2.6267e+00 -7.7954e-01 -4.6200e+00 +4.6349e+00 +3.9189e+00 -3.4260e-01 +1.4225e+00 -4.3119e+00 -2.5750e+00 +1.2478e+00 -1.8800e+00 -4.8855e+00 -4.5885e+00 +1.7417e+00 +1.7416e+00 -3.8447e+00 -1.3166e-01 +4.4042e+00 +3.0841e-01 -1.1551e+00
455 +3.826208415e+01 +3.826208415e+01 -2.378791585e+01 -2.378791585e+01 +1.5409e+00 +3.7147e+00 -7.3521e+00 +3.0841e+00 -1.4424e+00 -6.0039e+00 +4.9724e-01 -6.9580e+00 -1.0230e+00 +2.1476e+00 +4.2137e+00 +1.6736e+00 +1.0787e+00 -5.4578e+00 -5.6124e-02 +4.5640e-01 +5.1776e+00 +7.9348e+00 +3.2477e+00 +9.2554e+00
1067 +1.770035408e+01 +1.770035408e+01 -4.434964592e+01 -4.434964592e+01 -4.5412e-01 -1.0341e+00 -9.6039e-01 +2.5032e+00 -1.3561e+00 -6.2659e+00 +4.3695e+00 -5.3739e+00 -1.5614e-01 +3.3751e+00 +9.9899e-02 -3.6740e+00 -2.3330e+00 -2.6293e+00 +3.9780e+00 +1.5173e+00 +1.5186e+00 +3.0631e+00 -5.1525e-01 +3.5444e+00
2101 +1.166048100e+01 +1.166048100e+01 -5.038951900e+01 -5.038951900e+01 +2.4285e+00 +1.0839e+00 -4.0610e-01 +3.7152e-01 -1.6595e+00 -6.1089e+00 +1.7671e+00 -4.7513e+00 -3.5543e+00 +4.2262e+00 -1.3822e+00 -1.0395e+00 +1.7023e+00 +3.8019e+00 -4.5857e-01 -1.5491e+00 +1.9991e+00 +2.3095e+00 +1.0763e+00 +3.6569e+00
2402 +9.865587510e+00 +9.865587510e+00 -5.218441249e+01 -5.218441249e+01 +2.0290e+00 +1.1061e+00 -9.6654e-02 +3.2735e+00 -3.1558e+00 -4.5683e+00 +2.6404e+00 -5.2016e+00 -9.3624e-01 +3.4693e+00 -2.0425e-01 -4.7663e-01 +1.8044e-01 +1.9241e+00 -1.2233e+00 -3.8840e+00 +1.2233e+00 +2.7833e+00 +6.3711e-01 +4.7763e+00
3904 +5.765164343e+00 +5.765164343e+00 -5.628483566e+01 -5.628483566e+01 +6.0331e-01 -6.0396e-01 +7.9336e-01 +2.1905e+00 -2.0102e+00 -4.6908e+00 +2.7827e+00 -3.6242e+00 -3.3332e+00 +4.3784e+00 -5.2103e-01 -1.6189e+00 -8.7532e-01 +9.0030e-01 +1.2593e+00 -2.1988e+00 +5.2599e-02 +2.8354e+00 +3.4123e-01 +3.4578e+00
4107 +3.886118413e+00 +3.886118413e+00 -5.816388159e+01 -5.816388159e+01 +2.2176e+00 +5.0589e-01 -1.7336e+00 +2.3332e+00 -8.4689e-01 -3.7721e+00 +2.4400e+00 -3.8909e+00 -2.3775e+00 +2.9098e+00 +2.3773e-01 -9.9601e-01 +2.2813e-01 -1.3068e-01 +1.4486e-01 -3.5896e+00 +4.2228e-01 +2.1631e+00 -1.0486e+00 +1.8792e+00
% function evaluation | noise-free fitness - Fopt (-4.328000000000e+01) | best noise-free fitness - Fopt | measured fitness | best measured fitness | x1 | x2...
1 +6.741099911e+02 +6.741099911e+02 +6.308299911e+02 +6.308299911e+02 -1.1863e+00 -3.8822e+00 +1.9515e+00 -4.4054e+00 -3.1395e+00 +3.2693e+00 -1.5920e+00 +3.7282e+00 -1.4649e+00 +4.0216e+00 -1.6897e+00 +1.0013e+00 +4.2349e+00 -2.7840e+00 -1.1969e+00 +1.3848e+00 +2.6021e-01 -6.8381e-01 +2.8073e+00 +4.4763e+00
3 +8.878545661e+01 +8.878545661e+01 +4.550545661e+01 +4.550545661e+01 +1.1786e-01 -4.1798e+00 +1.5062e+00 -4.2491e+00 +5.1486e-01 -3.2532e+00 -7.8257e-01 +3.3024e+00 +2.6489e+00 +4.4470e+00 +2.9163e+00 -3.2828e+00 -3.8763e+00 -2.8051e+00 -1.4757e+00 +2.2272e-01 +4.3134e+00 +4.6907e+00 +4.6884e+00 +1.3219e+00
13 +5.507454246e+01 +5.507454246e+01 +1.179454246e+01 +1.179454246e+01 -1.9406e+00 +1.3757e+00 -2.2639e+00 -2.3317e+00 -6.8023e-02 -1.3302e+00 -2.0729e+00 +3.8185e+00 +2.8212e+00 +5.4964e-01 +2.5158e+00 +2.6877e+00 -2.9467e+00 +3.4514e+00 -2.1511e+00 -4.7319e+00 +1.6785e+00 +1.3385e+00 +8.5557e-01 -3.5932e+00
84 +3.857951593e+01 +3.857951593e+01 -4.700484069e+00 -4.700484069e+00 -4.4174e-01 -5.0559e-01 -1.8796e+00 -1.0285e+00 +4.6128e+00 -3.1355e+00 +4.4319e-01 -8.6175e-01 +1.6368e-01 +4.2484e+00 -1.6739e+00 -2.6829e+00 -2.3372e+00 +2.8672e+00 -1.2573e+00 +4.1121e+00 +1.5320e+00 +3.9007e+00 +3.5298e+00 -2.6701e+00
924 +2.409891312e+01 +2.409891312e+01 -1.918108688e+01 -1.918108688e+01 -3.4271e+00 +1.6317e+00 -4.8018e+00 -1.0365e-01 -2.5724e+00 -4.8678e+00 -2.1624e+00 -2.3584e+00 +4.7358e+00 -6.0037e+00 +3.6511e-01 -4.5805e+00 -2.6403e+00 -6.5460e-01 -4.6265e+00 -2.9577e+00 +7.9648e+00 -1.5356e+00 +3.7664e+00 +4.5521e+00
1504 +1.470868040e+01 +1.470868040e+01 -2.857131960e+01 -2.857131960e+01 -1.5392e+00 -5.6094e-01 -3.6349e+00 -8.0409e-01 +4.5017e+00 -7.8583e-01 -1.6505e+00 -3.3010e-01 +1.6197e+00 +3.6770e+00 -1.3701e+00 -1.8871e+00 -2.2251e+00 +4.2650e+00 -3.5376e+00 +1.9763e-02 +6.1295e-01 -1.2982e+00 +5.1462e+00 -1.7987e+00
2610 +9.844003832e+00 +9.844003832e+00 -3.343599617e+01 -3.343599617e+01 -1.1833e+00 +1.4059e+00 -1.4072e+00 +1.9890e+00 +3.2559e+00 -2.3506e+00 -5.0800e+00 -3.4035e-01 -2.6898e-01 +2.9924e+00 -2.9176e-01 -1.9621e+00 -3.0152e+00 +4.4425e+00 -2.3119e+00 -5.2010e-01 +1.5296e+00 -8.6893e-01 +2.4326e+00 -2.7656e+00
3706 +4.901695051e+00 +4.901695051e+00 -3.837830495e+01 -3.837830495e+01 -3.9051e-01 +4.1375e+00 -2.8147e+00 +3.1187e+00 +1.9634e+00 -2.9872e+00 -4.1914e+00 -5.5224e-01 +2.1130e+00 -7.3718e-01 +2.3703e+00 -2.0096e+00 -4.2046e+00 +1.4814e+00 -1.6729e+00 +2.6908e-01 +1.9009e+00 -1.1912e+00 +2.5663e+00 -2.2970e+00
4518 +3.714661587e+00 +3.714661587e+00 -3.956533841e+01 -3.956533841e+01 -1.2274e+00 +3.7984e+00 -2.6178e+00 +1.1212e+00 +4.7032e+00 -2.9718e+00 -5.0851e+00 -8.8162e-01 +2.5743e+00 -7.3452e-01 +1.5936e+00 -1.5308e+00 -3.1678e+00 +2.4068e+00 -2.1783e+00 -1.2791e+00 +3.9443e+00 -1.7203e+00 +3.3636e+00 -1.7463e+00
% function evaluation | noise-free fitness - Fopt (-3.916000000000e+01) | best noise-free fitness - Fopt | measured fitness | best measured fitness | x1 | x2...
1 +3.708364119e+02 +3.708364119e+02 +3.316764119e+02 +3.316764119e+02 +4.8443e+00 -3.4141e+00 +1.4944e+00 -3.8393e+00 +2.0500e+00 -4.0486e+00 -4.2459e+00 +3.3660e+00 +3.6070e+00 +3.5512e+00 -1.6820e-01 +4.9445e+00 -4.7641e+00 +1.9582e+00 -3.0574e+00 -3.7304e+00 -1.2790e+00 -2.3086e+00 -3.8667e+00 -1.2772e+00
3 +1.312645799e+02 +1.312645799e+02 +9.210457987e+01 +9.210457987e+01 -5.6321e-01 +1.5877e+00 -3.4953e+00 -2.4248e+00 +4.1083e+00 -2.4529e+00 -5.4847e-01 +4.5229e-01 +2.9340e+00 +3.4223e-01 -2.0826e+00 -1.6121e+00 +2.6994e-01 -3.2854e+00 -3.5127e+00 +2.2679e-01 -1.2662e+00 -1.4733e+00 +2.6413e+00 +2.3571e+00
4 +9.479787516e+01 +9.479787516e+01 +5.563787516e+01 +5.563787516e+01 -2.7251e+00 +2.5150e+00 +3.0120e+00 -3.6615e+00 -9.0543e-01 +1.2829e-01 -4.2711e+00 +1.6392e+00 +3.3549e+00 +2.5396e+00 +1.7178e+00 -2.0355e+00 -2.1553e+00 +2.4446e+00 +3.2883e+00 -1.1248e-01 -1.4546e+00 +4.4003e+00 -1.1363e+00 +3.3260e+00
9 +3.578493108e+01 +3.578493108e+01 -3.375068924e+00 -3.375068924e+00 -3.7672e+00 +4.2028e+00 +2.6934e+00 +4.3037e+00 -4.0589e+00 +8.2996e-01 +1.2693e+00 -1.2113e+00 -3.6601e-01 +2.8882e+00 +8.2972e-01 -2.2050e+00 -4.9319e+00 -2.9719e-01 -5.7483e-01 -1.8683e+00 -2.7550e+00 +3.6374e+00 -2.8684e+00 -1.2910e+00
841 +2.026606351e+01 +2.026606351e+01 -1.889393649e+01 -1.889393649e+01 -3.3103e+00 -1.6479e-01 +8.9537e-01 +7.7142e+00 -5.8617e+00 +2.5753e+00 +4.0130e+00 -3.9348e-01 +2.3086e+00 +2.5165e+00 +1.0036e+00 -5.6748e+00 -3.1626e+00 -2.2247e+00 -9.7963e-01 -9.2202e-01 -1.8966e+00 -4.2612e+00 -4.4811e+00 -5.8328e-01
1753 +1.544256619e+01 +1.544256619e+01 -2.371743381e+01 -2.371743381e+01 -3.8125e+00 +4.8669e-01 +1.6196e+00 -1.2450e-01 -4.1020e+00 +3.1969e+00 -1.9431e+00 -3.3951e-01 -2.6820e+00 +2.2747e+00 +4.6875e-01 -1.3990e+00 -7.9879e-01 -3.9716e-01 -1.6482e+00 -2.5434e+00 +1.2469e+00 +4.9498e-01 -2.7456e-02 -1.4532e+00
3171 +9.827991020e+00 +9.827991020e+00 -2.933200898e+01 -2.933200898e+01 -3.1107e+00 +2.2729e+00 +2.2720e+00 +2.4137e+00 -2.2676e+00 -1.9046e+00 +3.9282e+00 -4.3114e+00 -5.2204e+00 +3.1992e+00 -3.8877e-01 -3.8026e+00 -2.9717e+00 -1.5700e+00 +1.3032e+00 -5.4194e+00 -2.0058e+00 -2.0240e+00 +2.0816e+00 -3.4982e+00
4481 +6.141377885e+00 +6.141377885e+00 -3.301862212e+01 -3.301862212e+01 -2.9865e+00 +1.1365e+00 +1.8457e+00 +2.5819e+00 -3.8421e+00 +9.7779e-01 +1.7763e+00 -1.4232e-01 -4.6495e+00 +3.1943e+00 +6.5992e-01 -1.0419e+00 -6.2566e+00 -8.4459e-01 +2.6629e-01 -3.4138e+00 +1.5406e+00 -1.6291e+00 +5.3451e+00 -2.6553e+00
% function evaluation | noise-free fitness - Fopt (-1.732800000000e+02) | best noise-free fitness - Fopt | measured fitness | best measured fitness | x1 | x2...
1 +3.240365471e+02 +3.240365471e+02 +1.507565471e+02 +1.507565471e+02 -4.7921e+00 +4.2977e+00 -4.2603e+00 +6.2726e-01 -1.7465e+00 +3.2435e+00 -4.9285e+00 -3.2083e-01 -4.3697e+00 -2.8373e+00 +4.8047e+00 +3.3568e+00 +4.5000e+00 -2.2240e+00 -4.0631e+00 -3.2166e+00 -1.3311e+00 -2.5138e+00 +3.2226e+00 +2.2436e+00
2 +1.246167937e+02 +1.246167937e+02 -4.866320634e+01 -4.866320634e+01 +3.8744e+00 -2.9848e+00 -1.9871e+00 +2.3900e-01 +4.2944e+00 -3.3521e+00 +3.0590e+00 +9.7900e-01 -3.7590e+00 +1.2570e+00 -3.9308e+00 +6.3962e-02 -1.7845e-01 -3.9602e+00 +5.2344e-01 -3.7595e+00 +1.0446e+00 +2.3461e+00 -3.3123e+00 +3.7802e+00
5 +9.665555072e+01 +9.665555072e+01 -7.662444928e+01 -7.662444928e+01 +4.0879e+00 -2.1255e+00 +4.0852e+00 +4.2425e+00 +2.8574e+00 +2.0041e+00 +2.8131e+00 +4.4155e-02 +4.4630e-01 +6.2960e-01 +4.9876e+00 +2.4766e+00 -3.9292e+00 +1.8512e-01 +2.1361e-03 +1.7793e-01 +2.6674e+00 +1.5255e+00 +1.9585e+00 +3.9211e+00
7 +5.554371890e+01 +5.554371890e+01 -1.177362811e+02 -1.177362811e+02 -2.2020e-01 +1.0798e-01 +4.6580e+00 -4.2299e+00 +4.0064e+00 +1.5542e+00 +3.3377e+00 +4.0792e+00 -1.2506e+00 -2.1773e+00 +1.1020e+00 +4.8689e+00 +2.7557e+00 +3.4605e+00 +3.3253e+00 -4.4108e+00 -3.4064e+00 -2.0341e+00 -4.0178e+00 -1.7946e+00
215 +3.626284147e+01 +3.626284147e+01 -1.370171585e+02 -1.370171585e+02 +2.6594e+00 +3.0980e-01 +1.5114e-01 -1.7497e-01 +2.4495e+00 -1.0566e+00 -1.5459e+00 +3.4675e+00 +1.1220e-01 +1.8380e+00 -3.1582e-01 +2.7492e+00 +5.2467e-01 +2.3362e+00 +2.9872e+00 -3.0380e+00 -1.6237e+00 -3.9157e+00 -3.5758e+00 -2.0049e+00
909 +2.273226788e+01 +2.273226788e+01 -1.505477321e+02 -1.505477321e+02 +3.8563e+00 +5.8736e+00 +1.4871e+00 -1.0642e+00 +1.2955e+00 +1.8183e+00 -2.2215e+00 +5.6177e+00 -9.5202e-01 -4.0808e+00 +1.3739e+00 +3.8305e+00 +3.5320e-01 -1.1388e+00 +4.6960e+00 -2.2217e+00 -2.2990e+00 -5.2336e+00 +1.6025e+00 +1.3289e+00
2312 +1.021428992e+01 +1.021428992e+01 -1.630657101e+02 -1.630657101e+02 -1.4246e+00 -9.3803e-01 +9.1993e-01 -2.3356e+00 -1.3984e+00 -5.3701e-02 -1.6008e+00 +2.9239e+00 -3.2697e+00 +6.0691e-01 +3.8762e-02 +3.3321e+00 -1.3054e-02 -1.0791e+00 +4.0767e+00 -7.5430e-02 -2.5185e+00 -4.6903e+00 -2.1002e+00 +1.1208e+00
2819 +8.890076007e+00 +8.890076007e+00 -1.643899240e+02 -1.643899240e+02 -3.1450e+00 -9.4489e-01 -1.4074e+00 -1.7440e+00 -4.3550e-01 +8.7884e-01 -1.4490e+00 +2.0884e+00 -2.4481e+00 -1.7955e-01 -1.0317e+00 +4.6917e+00 -1.4788e+00 +1.0521e+00 +5.2632e+00 -2.9374e+00 -3.4785e+00 -5.3240e+00 -2.6155e-01 +1.1382e+00
3401 +5.571451045e+00 +5.571451045e+00 -1.677085490e+02 -1.677085490e+02 -3.1220e+00 -2.3597e+00 +1.9792e+00 +3.9794e-01 +1.4404e-01 +1.1214e+00 -2.5047e+00 +1.8075e+00 -1.1057e+00 +1.0148e+00 +1.4406e+00 +3.0500e+00 -4.1590e+00 +1.4736e+00 +6.0674e+00 +4.8210e-01 -2.0996e+00 -3.7788e+00 -1.2666e+00 -1.7172e+00
4139 +3.508602602e+00 +3.508602602e+00 -1.697713974e+02 -1.697713974e+02 -3.2389e+00 -1.7520e+00 +8.3078e-01 -1.0767e+00 +1.2654e+00 +3.2872e+00 -1.3220e+00 +2.0853e+00 -1.8547e+00 +8.0140e-01 +5.4558e-01 +3.8589e+00 -3.3602e+00 +8.5152e-01 +3.1990e+00 -1.7203e+00 -2.4971e+00 -2.9210e+00 -1.2355e+00 -7.4128e-01
% function evaluation | noise-free fitness - Fopt (-1.017000000000e+01) | best noise-free fitness - Fopt | measured fitness | best measured fitness | x1 | x2...
1 +2.744544251e+02 +2.744544251e+02 +2.642844251e+02 +2.642844251e+02 +3.3713e+00 +3.8541e+00 +1.1076e+00 -4.0433e+00 -2.5424e+00 -7.8791e-01 -4.9703e+00 +3.3341e+00 -2.7579e+00 -1.7078e+00 +1.7563e+00 -3.2325e+00 -1.9680e+00 +1.6315e+00 -4.7939e+00 -1.1573e-01 +4.6118e-01 -6.7857e-01 +1.8728e-01 -4.9203e+00
2 +1.970340221e+02 +1.970340221e+02 +1.868640221e+02 +1.868640221e+02 +1.4597e+00 -3.3288e+00 -2.8158e+00 -7.1312e-01 +1.4142e+00 +4.1409e+00 -4.2680e+00 -4.2343e+00 +1.7956e+00 -4.7379e+00 +2.9230e+00 -2.5569e+00 +1.2883e+00 +1.4752e+00 -8.8966e-01 -1.5127e+00 -1.3231e+00 +2.8708e+00 +7.6502e-01 +2.4019e+00
4 +1.508644950e+02 +1.508644950e+02 +1.406944950e+02 +1.406944950e+02 -1.6613e+00 -1.2230e+00 -1.8611e+00 +3.0183e+00 -1.1705e+00 +3.3656e+00 -4.3318e+00 -2.1033e+00 +2.3790e+00 +3.6765e+00 -8.9928e-01 +2.3100e-01 -1.7245e+00 -2.8672e-01 +4.6989e+00 -4.3849e+00 -3.6316e+00 +1.1767e+00 -3.1581e+00 +4.4162e+00
12 +8.136773311e+01 +8.136773311e+01 +7.119773311e+01 +7.119773311e+01 -6.3731e-01 +1.5435e+00 +5.7626e-01 +1.8891e-01 -4.0302e+00 +1.5847e+00 +2.4775e+00 +3.2387e+00 +3.0234e+00 +2.9833e+00 -8.7487e-01 +2.9430e+00 +3.1701e+00 +2.6232e+00 +4.8307e+00 -2.8980e+00 +9.0564e-02 +2.3351e+00 +4.4345e+00 +2.2428e+00
26 +3.178988538e+01 +3.178988538e+01 +2.161988538e+01 +2.161988538e+01 +4.7123e+00 +2.3421e+00 +3.2869e+00 -3.1160e+00 +9.0740e-01 +1.7481e+00 -1.0684e+00 +1.9479e+00 +3.0569e+00 -3.0400e+00 -3.1910e-01 +1.4904e+00 +9.2492e-02 +2.7159e+00 +2.1297e+00 -2.5987e+00 +4.9745e+00 -1.0577e+00 -2.9915e+00 +2.5283e+00
453 +2.154418372e+01 +2.154418372e+01 +1.137418372e+01 +1.137418372e+01 -3.4096e-01 -7.5244e-01 +5.3775e+00 -6.9510e-01 +1.6052e+00 +1.2647e+00 -1.8986e+00 +2.6926e+00 +1.1230e+00 +7.3120e-01 +6.5079e-01 +3.2807e+00 +3.7940e+00 +2.8629e+00 +3.6168e+00 +1.5523e+00 +5.2243e+00 +9.2164e-02 -2.1790e+00 +8.7810e-01
2004 +1.419663437e+01 +1.419663437e+01 +4.026634369e+00 +4.026634369e+00 -2.2243e+00 +3.0981e-01 +1.5837e+00 -7.6415e-02 +1.5242e+00 +4.0926e-01 -4.2783e+00 +4.3445e+00 -2.8109e+00 +3.3935e+00 -3.0080e-01 +3.0423e-01 +6.8471e+00 +2.7525e+00 +5.3356e+00 +5.1238e+00 -1.2342e+00 +2.7529e+00 +2.8871e+00 +1.4120e+00
2687 +9.301357097e+00 +9.301357097e+00 -8.686429032e-01 -8.686429032e-01 -5.2325e-01 +3.9129e+00 +2.8516e+00 -1.9907e+00 +2.3943e+00 -1.3877e+00 -3.3885e+00 +1.2658e+00 -1.8737e+00 +1.5836e+00 -1.0434e-01 +1.2785e+00 +4.7341e+00 +2.2577e+00 +4.3231e+00 +6.1475e-01 +4.5169e-01 +2.1813e+00 +4.6516e-01 +2.9573e+00
2806 +5.151521077e+00 +5.151521077e+00 -5.018478923e+00 -5.018478923e+00 -4.6260e-01 +2.5161e+00 +1.3545e+00 -3.1083e+00 +3.3705e+00 -1.5946e+00 -4.5956e+00 +3.3072e+00 -1.3311e+00 +1.9331e+00 -2.0269e+00 -2.1377e-02 +4.7375e+00 +2.9824e+00 +4.6016e+00 +2.0192e+00 +2.0562e+00 +3.4948e+00 +2.6938e+00 +1.1786e+00
4001 +3.724354191e+00 +3.724354191e+00 -6.445645809e+00 -6.445645809e+00 +3.1024e+00 +1.0447e+00 +1.7496e+00 -1.5408e+00 +4.0260e+00 -1.5500e+00 -3.6317e+00 +3.8888e+00 -1.3594e+00 +2.7595e+00 -2.4297e+00 +2.5133e-01 +5.1480e+00 +3.8482e+00 +2.4312e+00 +3.8842e+00 +1.8748e+00 +1.8043e+00 +3.4951e+00 +2.7025e+00
4654 +2.488955663e+00 +2.488955663e+00 -7.681044337e+00 -7.681044337e+00 +7.0070e-01 +2.8412e+00 +2.8747e+00 -2.1481e+00 +4.1367e+00 -9.6332e-01 -4.2958e+00 +3.4496e+00 -9.0091e-01 +2.8634e+00 -1.8118e+00 -1.1480e+00 +5.0088e+00 +2.9333e+00 +2.6910e+00 +3.8720e+00 +2.3335e+00 +2.9943e+00 +3.2115e+00 +2.3414e+00
