% function evaluation | noise-free fitness - Fopt (-6.211100000000e+02) | best noise-free fitness - Fopt | measured fitness | best measured fitness | x1 | x2...
1 +2.513691220e+08 +2.513691220e+08 +2.513685009e+08 +2.513685009e+08 +5.3861e-01 -2.9065e+00 +2.0814e-01 -9.4232e-01 -4.4313e+00
4 +8.241618315e+07 +8.241618315e+07 +8.241556204e+07 +8.241556204e+07 -3.4134e+00 -1.5827e+00 -3.1408e+00 -4.3348e+00 +4.6710e+00
7 +4.525303048e+07 +4.525303048e+07 +4.525240937e+07 +4.525240937e+07 +3.5592e+00 +1.9683e+00 -1.6170e+00 -2.4771e+00 +3.4781e+00
11 +2.247280833e+07 +2.247280833e+07 +2.247218722e+07 +2.247218722e+07 +3.2772e+00 +1.3304e+00 +1.6326e+00 -4.6206e+00 -2.7395e-01
48 +1.407947405e+07 +1.407947405e+07 +1.407885294e+07 +1.407885294e+07 +6.7618e-01 +4.7121e+00 +4.9445e+00 -4.6132e+00 -8.7427e-01
54 +2.928291670e+06 +2.928291670e+06 +2.927670560e+06 +2.927670560e+06 -5.4549e-01 +3.5474e+00 -1.7264e+00 -2.1551e+00 -5.5241e-01
201 +4.735197972e+05 +4.735197972e+05 +4.728986872e+05 +4.728986872e+05 -5.4549e-01 +3.5474e+00 +1.3502e-03 -4.1619e+00 -5.5241e-01
377 +3.916893046e+05 +3.916893046e+05 +3.910681946e+05 +3.910681946e+05 -5.4549e-01 +3.5474e+00 +1.3502e-03 -4.0050e+00 -5.5241e-01
401 +1.855737420e+05 +1.855737420e+05 +1.849526320e+05 +1.849526320e+05 -5.4549e-01 +4.0176e+00 +1.3502e-03 -4.0050e+00 -5.5241e-01
433 +1.520319527e+05 +1.520319527e+05 +1.514108427e+05 +1.514108427e+05 -6.1462e-01 +3.9162e+00 +3.7206e-01 -3.7965e+00 -2.2819e-02
489 +8.079595670e+04 +8.079595670e+04 +8.017484670e+04 +8.017484670e+04 -1.1057e+00 +3.9107e+00 +1.3409e-01 -3.9037e+00 -7.2708e-01
552 +4.327917876e+04 +4.327917876e+04 +4.265806876e+04 +4.265806876e+04 -8.7581e-01 +4.0821e+00 +3.4028e-01 -3.6350e+00 -4.9635e-01
576 +3.937290246e+04 +3.937290246e+04 +3.875179246e+04 +3.875179246e+04 -8.9242e-01 +3.9918e+00 +3.0790e-01 -3.6350e+00 -3.2938e-01
610 +2.437281278e+03 +2.437281278e+03 +1.816171278e+03 +1.816171278e+03 -9.0339e-01 +3.9343e+00 +3.6199e-01 -3.8144e+00 -4.1179e-01
872 +5.766850286e+02 +5.766850286e+02 -4.442497135e+01 -4.442497135e+01 -9.6443e-01 +4.0629e+00 -1.4786e-01 -3.6894e+00 -6.5059e-01
957 +6.270626704e+01 +6.270626704e+01 -5.584037330e+02 -5.584037330e+02 -8.8723e-01 +3.9886e+00 +1.6184e-01 -3.7949e+00 -4.7190e-01
2180 +3.849292390e+01 +3.849292390e+01 -5.826170761e+02 -5.826170761e+02 -9.0834e-01 +4.0199e+00 +5.8529e-02 -3.7680e+00 -5.2850e-01
2181 +1.262443240e+01 +1.262443240e+01 -6.084855676e+02 -6.084855676e+02 -8.9921e-01 +4.0047e+00 +1.1036e-01 -3.7820e+00 -5.0543e-01
3092 +1.058365742e+00 +1.058365742e+00 -6.200516343e+02 -6.200516343e+02 -9.2877e-01 +4.0441e+00 -8.8277e-02 -3.7230e+00 -6.0559e-01
4865 +7.584573746e-01 +7.584573746e-01 -6.203515426e+02 -6.203515426e+02 -9.4344e-01 +4.0643e+00 -1.9205e-01 -3.6928e+00 -6.5827e-01
% function evaluation | noise-free fitness - Fopt (-2.548200000000e+02) | best noise-free fitness - Fopt | measured fitness | best measured fitness | x1 | x2...
1 +5.547269201e+08 +5.547269201e+08 +5.547266653e+08 +5.547266653e+08 -1.7246e+00 +3.7978e-01 -8.8974e-01 -3.4125e+00 +3.5285e+00
2 +1.688395452e+07 +1.688395452e+07 +1.688369970e+07 +1.688369970e+07 +3.7978e+00 +2.7233e+00 -2.7650e+00 +1.5821e+00 -4.3644e+00
10 +7.167849607e+06 +7.167849607e+06 +7.167594787e+06 +7.167594787e+06 +1.7481e+00 +4.2235e+00 -2.2174e-01 +2.3921e-01 -1.5473e+00
27 +4.929224812e+06 +4.929224812e+06 +4.928969992e+06 +4.928969992e+06 +2.9810e+00 +2.7233e+00 -1.2426e+00 +1.5821e+00 -4.3644e+00
60 +4.748338748e+05 +4.748338748e+05 +4.745790548e+05 +4.745790548e+05 +2.3251e+00 +2.6888e+00 +8.7853e-02 -1.7850e-01 -4.8102e+00
184 +3.875269563e+05 +3.875269563e+05 +3.872721363e+05 +3.872721363e+05 +2.0508e+00 +3.2876e+00 +5.5608e-03 +2.4385e-01 -4.2595e+00
290 +1.452531991e+05 +1.452531991e+05 +1.449983791e+05 +1.449983791e+05 +2.5258e+00 +3.2896e+00 +5.6782e-02 +2.3921e-01 -4.3451e+00
462 +7.757102841e+04 +7.757102841e+04 +7.731620841e+04 +7.731620841e+04 +2.4243e+00 +3.0199e+00 +1.2819e-01 +1.3813e-01 -4.4582e+00
528 +4.669305069e+04 +4.669305069e+04 +4.643823069e+04 +4.643823069e+04 +2.4333e+00 +3.0367e+00 +5.6280e-01 +1.2361e-01 -4.2823e+00
602 +2.578323441e+04 +2.578323441e+04 +2.552841441e+04 +2.552841441e+04 +2.5005e+00 +3.1214e+00 +3.9617e-01 +1.1112e-01 -4.1144e+00
636 +1.482251288e+04 +1.482251288e+04 +1.456769288e+04 +1.456769288e+04 +2.1617e+00 +2.9539e+00 +4.1980e-01 +2.8017e-01 -4.7837e+00
646 +3.094377469e+03 +3.094377469e+03 +2.839557469e+03 +2.839557469e+03 +3.0089e+00 +3.3721e+00 +1.7121e-01 -3.3331e-01 -3.4988e+00
1510 +1.807067543e+03 +1.807067543e+03 +1.552247543e+03 +1.552247543e+03 +2.7545e+00 +3.2594e+00 +2.8806e-01 -1.3306e-01 -3.9088e+00
1591 +1.064940993e+03 +1.064940993e+03 +8.101209932e+02 +8.101209932e+02 +3.0278e+00 +3.3975e+00 +1.9237e-01 -3.4649e-01 -3.5559e+00
2076 +9.220889889e+02 +9.220889889e+02 +6.672689889e+02 +6.672689889e+02 +2.9097e+00 +3.3476e+00 +2.1327e-01 -2.1943e-01 -3.7476e+00
2295 +2.573928906e+02 +2.573928906e+02 +2.572890607e+00 +2.572890607e+00 +2.8040e+00 +3.2749e+00 +2.6237e-01 -1.3824e-01 -3.8759e+00
2338 +5.106928217e+01 +5.106928217e+01 -2.037507178e+02 -2.037507178e+02 +2.7930e+00 +3.2594e+00 +2.5326e-01 -1.3306e-01 -3.9088e+00
3317 +2.899420380e+01 +2.899420380e+01 -2.258257962e+02 -2.258257962e+02 +2.6795e+00 +3.2025e+00 +3.0573e-01 -3.2925e-02 -4.0717e+00
4587 +1.610837849e+01 +1.610837849e+01 -2.387116215e+02 -2.387116215e+02 +2.7275e+00 +3.2255e+00 +2.8866e-01 -7.0755e-02 -4.0084e+00
4877 +1.284204997e+01 +1.284204997e+01 -2.419779500e+02 -2.419779500e+02 +2.8047e+00 +3.2674e+00 +2.5357e-01 -1.3762e-01 -3.8928e+00
% function evaluation | noise-free fitness - Fopt (5.661000000000e+01) | best noise-free fitness - Fopt | measured fitness | best measured fitness | x1 | x2...
1 +6.493448974e+09 +6.493448974e+09 +6.493449031e+09 +6.493449031e+09 +2.6824e-01 +1.5194e+00 -3.8463e-01 -3.3269e+00 +4.3721e+00
3 +3.503825013e+07 +3.503825013e+07 +3.503830674e+07 +3.503830674e+07 -2.4726e+00 -4.6614e+00 +1.1044e+00 +4.6816e+00 +1.3225e+00
22 +2.340666314e+07 +2.340666314e+07 +2.340671975e+07 +2.340671975e+07 -1.2451e+00 -3.0101e+00 +4.0399e-01 +2.3153e+00 -3.1159e+00
51 +1.025736802e+07 +1.025736802e+07 +1.025742463e+07 +1.025742463e+07 -2.8384e+00 -8.0895e-01 -2.1392e+00 -1.2728e+00 -4.5510e+00
81 +6.509493389e+06 +6.509493389e+06 +6.509549999e+06 +6.509549999e+06 -3.3715e+00 -2.4549e+00 -3.0748e+00 -1.2088e+00 -4.3250e+00
101 +6.139711086e+06 +6.139711086e+06 +6.139767696e+06 +6.139767696e+06 -3.3715e+00 -2.4549e+00 -3.0748e+00 -1.2088e+00 -4.2011e+00
181 +1.798230255e+06 +1.798230255e+06 +1.798286865e+06 +1.798286865e+06 -5.2025e+00 -2.0979e+00 -3.1625e+00 +5.8198e-01 -3.6758e+00
252 +7.034105473e+05 +7.034105473e+05 +7.034671573e+05 +7.034671573e+05 -3.3580e+00 -3.0170e+00 -3.9565e+00 +2.0714e-01 -3.0753e+00
301 +1.732329034e+05 +1.732329034e+05 +1.732895134e+05 +1.732895134e+05 -3.7584e+00 -2.2671e+00 -3.7300e+00 +1.1006e+00 -2.7234e+00
329 +3.848318888e+04 +3.848318888e+04 +3.853979888e+04 +3.853979888e+04 -3.8993e+00 -2.0979e+00 -4.0984e+00 +5.8198e-01 -3.0868e+00
609 +2.144446144e+04 +2.144446144e+04 +2.150107144e+04 +2.150107144e+04 -3.1779e+00 -3.1706e+00 -3.8937e+00 +1.0783e+00 -2.4514e+00
814 +1.870933631e+03 +1.870933631e+03 +1.927543631e+03 +1.927543631e+03 -3.6378e+00 -2.6486e+00 -3.8900e+00 +8.4381e-01 -2.7205e+00
1511 +4.724314561e+02 +4.724314561e+02 +5.290414561e+02 +5.290414561e+02 -3.7614e+00 -2.4079e+00 -3.8933e+00 +7.4233e-01 -2.8514e+00
2039 +1.087807319e+02 +1.087807319e+02 +1.653907319e+02 +1.653907319e+02 -3.7208e+00 -2.4625e+00 -3.8675e+00 +7.6171e-01 -2.7955e+00
2477 +3.467323357e+01 +3.467323357e+01 +9.128323357e+01 +9.128323357e+01 -3.7177e+00 -2.4861e+00 -3.8720e+00 +7.6979e-01 -2.7886e+00
3416 +1.318329850e+01 +1.318329850e+01 +6.979329850e+01 +6.979329850e+01 -3.7411e+00 -2.4496e+00 -3.8750e+00 +7.5681e-01 -2.8110e+00
3652 +3.902300065e+00 +3.902300065e+00 +6.051230007e+01 +6.051230007e+01 -3.7362e+00 -2.4496e+00 -3.8750e+00 +7.5677e-01 -2.8079e+00
% function evaluation | noise-free fitness - Fopt (-1.810000000000e+01) | best noise-free fitness - Fopt | measured fitness | best measured fitness | x1 | x2...
1 +5.908629390e+08 +5.908629390e+08 +5.908629209e+08 +5.908629209e+08 +3.5913e+00 -2.6810e-01 -1.2492e+00 +1.8778e-01 +3.0978e+00
5 +3.513071587e+08 +3.513071587e+08 +3.513071406e+08 +3.513071406e+08 +4.6473e+00 -1.3963e+00 +8.6880e-01 +3.5765e+00 -2.7277e+00
8 +9.061143886e+07 +9.061143886e+07 +9.061142076e+07 +9.061142076e+07 -6.1217e-01 -1.8769e+00 +1.4409e+00 -8.8700e-01 -3.7667e+00
14 +4.892897717e+07 +4.892897717e+07 +4.892895907e+07 +4.892895907e+07 +9.3492e-01 +4.9399e+00 +1.7133e+00 +5.1513e-01 -2.6141e+00
28 +3.367672080e+07 +3.367672080e+07 +3.367670270e+07 +3.367670270e+07 -4.1223e+00 +6.9449e+00 +8.0790e+00 +5.1513e-01 -2.6141e+00
40 +2.106665320e+07 +2.106665320e+07 +2.106663510e+07 +2.106663510e+07 -2.2771e+00 -1.7800e+00 +5.7283e+00 +2.9156e+00 -6.2614e-01
51 +1.562944670e+07 +1.562944670e+07 +1.562942860e+07 +1.562942860e+07 -2.2771e+00 -1.3774e+00 +5.7283e+00 +2.9156e+00 -6.2614e-01
59 +5.178437154e+06 +5.178437154e+06 +5.178419054e+06 +5.178419054e+06 -7.8019e-01 +5.7526e-02 +4.0968e+00 +2.1173e+00 +3.7108e+00
91 +3.606655476e+06 +3.606655476e+06 +3.606637376e+06 +3.606637376e+06 -6.3789e-01 +9.3118e-01 +5.3393e+00 +3.9107e+00 +1.3127e+00
242 +1.724915885e+06 +1.724915885e+06 +1.724897785e+06 +1.724897785e+06 -2.7888e+00 +2.0213e+00 +6.3269e+00 +2.2824e+00 +9.3327e-01
272 +7.919150022e+05 +7.919150022e+05 +7.918969022e+05 +7.918969022e+05 -2.9175e+00 +2.3661e+00 +7.3231e+00 +1.7754e-01 +1.2351e+00
376 +3.654372759e+05 +3.654372759e+05 +3.654191759e+05 +3.654191759e+05 -2.9105e+00 +1.5984e+00 +7.3231e+00 +1.7754e-01 +1.2351e+00
501 +7.533565435e+04 +7.533565435e+04 +7.531755435e+04 +7.531755435e+04 -2.9105e+00 +1.5984e+00 +7.3231e+00 +1.7754e-01 +5.5354e-01
585 +2.960460058e+04 +2.960460058e+04 +2.958650058e+04 +2.958650058e+04 -2.0441e+00 +1.2092e+00 +5.9134e+00 +1.4330e+00 +1.2018e+00
901 +1.205637679e+04 +1.205637679e+04 +1.203827679e+04 +1.203827679e+04 -1.4045e+00 +1.1318e+00 +4.4809e+00 +2.4405e+00 +1.5310e+00
1811 +6.682163353e+03 +6.682163353e+03 +6.664063353e+03 +6.664063353e+03 -1.4208e+00 +9.9310e-01 +4.3963e+00 +2.4134e+00 +1.6797e+00
1851 +3.969438030e+03 +3.969438030e+03 +3.951338030e+03 +3.951338030e+03 -1.4083e+00 +1.0957e+00 +4.3963e+00 +2.4341e+00 +1.5746e+00
2107 +2.244903710e+03 +2.244903710e+03 +2.226803710e+03 +2.226803710e+03 -1.7009e+00 +1.1818e+00 +4.9314e+00 +2.0346e+00 +1.4523e+00
2901 +4.683938824e+02 +4.683938824e+02 +4.502938824e+02 +4.502938824e+02 -1.9716e+00 +1.3004e+00 +5.5475e+00 +1.6291e+00 +1.2503e+00
3853 +2.064655088e+02 +2.064655088e+02 +1.883655088e+02 +1.883655088e+02 -2.1810e+00 +1.3757e+00 +5.9531e+00 +1.3910e+00 +1.1377e+00
4426 +1.284910690e+02 +1.284910690e+02 +1.103910690e+02 +1.103910690e+02 -2.1809e+00 +1.3772e+00 +5.9531e+00 +1.3796e+00 +1.1377e+00
% function evaluation | noise-free fitness - Fopt (3.777000000000e+01) | best noise-free fitness - Fopt | measured fitness | best measured fitness | x1 | x2...
1 +4.903747413e+07 +4.903747413e+07 +4.903751190e+07 +4.903751190e+07 +2.5915e+00 -4.8056e+00 +2.1565e+00 -3.7343e+00 -4.0534e+00
2 +2.503685797e+07 +2.503685797e+07 +2.503689574e+07 +2.503689574e+07 -2.2812e+00 +1.5432e+00 +8.8071e-01 -3.7627e+00 +4.1052e+00
4 +1.370323369e+07 +1.370323369e+07 +1.370327146e+07 +1.370327146e+07 +7.8153e-01 -3.9855e-01 -9.2491e-02 -2.6646e+00 +2.1004e+00
77 +9.938402061e+06 +9.938402061e+06 +9.938439831e+06 +9.938439831e+06 +7.8153e-01 +7.7705e-01 -9.2491e-02 -2.6646e+00 +2.1004e+00
108 +2.485961327e+06 +2.485961327e+06 +2.485999097e+06 +2.485999097e+06 -2.0097e+00 +2.1061e+00 +1.5729e+00 +8.9100e-01 +1.7547e+00
136 +9.951595686e+05 +9.951595686e+05 +9.951973386e+05 +9.951973386e+05 -2.0097e+00 +2.1061e+00 -9.6259e-01 +7.4846e-01 +1.4520e+00
491 +6.173224241e+05 +6.173224241e+05 +6.173601941e+05 +6.173601941e+05 -9.3151e-01 +1.7111e+00 +1.4203e+00 +5.0356e-01 +1.0855e+00
565 +2.789492057e+05 +2.789492057e+05 +2.789869757e+05 +2.789869757e+05 -7.5638e-01 +1.5893e+00 +1.3684e+00 -2.8387e-01 +1.1222e+00
588 +1.599409458e+05 +1.599409458e+05 +1.599787158e+05 +1.599787158e+05 -1.5997e+00 +2.0611e+00 -3.3906e-01 +8.1713e-01 +1.5275e+00
632 +1.281672663e+05 +1.281672663e+05 +1.282050363e+05 +1.282050363e+05 -6.1724e-01 +2.1485e+00 +1.3226e+00 -5.5142e-01 +9.4060e-01
771 +3.826966490e+04 +3.826966490e+04 +3.830743490e+04 +3.830743490e+04 -1.2962e+00 +2.0171e+00 +4.4766e-03 +9.8228e-01 +1.8044e+00
776 +1.314854750e+04 +1.314854750e+04 +1.318631750e+04 +1.318631750e+04 -1.2962e+00 +2.0171e+00 +4.4766e-03 +9.8228e-01 +1.5638e+00
1279 +1.369237857e+03 +1.369237857e+03 +1.407007857e+03 +1.407007857e+03 -1.0978e+00 +2.0365e+00 +3.3178e-01 +5.6756e-01 +1.4484e+00
3133 +5.975016711e+02 +5.975016711e+02 +6.352716711e+02 +6.352716711e+02 -1.5846e+00 +2.1763e+00 -3.1222e-01 +1.2988e+00 +1.7968e+00
3263 +2.863277609e+02 +2.863277609e+02 +3.240977609e+02 +3.240977609e+02 -1.3490e+00 +2.0923e+00 -1.1599e-02 +9.3890e-01 +1.5992e+00
4326 +1.590837854e+02 +1.590837854e+02 +1.968537854e+02 +1.968537854e+02 -1.3490e+00 +2.1008e+00 -1.1599e-02 +9.3890e-01 +1.5992e+00
4462 +1.064688444e+02 +1.064688444e+02 +1.442388444e+02 +1.442388444e+02 -1.4673e+00 +2.1418e+00 -1.5497e-01 +1.1234e+00 +1.6851e+00
% function evaluation | noise-free fitness - Fopt (-1.523000000000e+01) | best noise-free fitness - Fopt | measured fitness | best measured fitness | x1 | x2...
1 +4.326183133e+08 +4.326183133e+08 +4.326182981e+08 +4.326182981e+08 -1.9576e+00 +4.9925e+00 -8.9073e-02 -4.3194e-01 -1.8355e+00
2 +5.933044029e+07 +5.933044029e+07 +5.933042506e+07 +5.933042506e+07 +3.3894e-01 -4.9309e+00 +1.6093e+00 +1.8851e+00 -3.0014e+00
8 +3.871988320e+07 +3.871988320e+07 +3.871986797e+07 +3.871986797e+07 +4.7027e+00 -7.0141e-01 +1.2298e+00 +3.8083e+00 +1.0159e+00
28 +8.783604776e+06 +8.783604776e+06 +8.783589546e+06 +8.783589546e+06 +2.8332e+00 +4.8948e+00 -2.0802e+00 +3.6427e+00 -4.1721e+00
76 +2.693258691e+06 +2.693258691e+06 +2.693243461e+06 +2.693243461e+06 +3.8987e+00 +1.0409e+00 -2.0644e+00 +4.0332e+00 -4.8502e+00
145 +5.101296630e+05 +5.101296630e+05 +5.101144330e+05 +5.101144330e+05 +3.8314e+00 +1.1122e+00 -2.7394e+00 +3.2156e+00 -3.7482e+00
328 +3.038729890e+05 +3.038729890e+05 +3.038577590e+05 +3.038577590e+05 +3.2247e+00 +1.4804e+00 -2.2300e+00 +3.8627e+00 -3.6026e+00
329 +1.393852173e+05 +1.393852173e+05 +1.393699873e+05 +1.393699873e+05 +3.5273e+00 +6.7136e-01 -3.2909e+00 +2.9175e+00 -3.0388e+00
627 +6.421163699e+04 +6.421163699e+04 +6.419640699e+04 +6.419640699e+04 +3.6442e+00 +1.5637e+00 -2.5274e+00 +3.3037e+00 -3.1724e+00
755 +3.867747749e+04 +3.867747749e+04 +3.866224749e+04 +3.866224749e+04 +3.4637e+00 +8.3552e-01 -3.0316e+00 +3.2156e+00 -3.0605e+00
780 +1.171875429e+04 +1.171875429e+04 +1.170352429e+04 +1.170352429e+04 +3.4191e+00 +1.3215e+00 -2.7423e+00 +3.4260e+00 -3.1333e+00
801 +7.657630067e+03 +7.657630067e+03 +7.642400067e+03 +7.642400067e+03 +3.5344e+00 +1.3215e+00 -2.7423e+00 +3.4260e+00 -3.1333e+00
863 +4.724010029e+03 +4.724010029e+03 +4.708780029e+03 +4.708780029e+03 +3.6550e+00 +1.6229e+00 -2.3080e+00 +3.6720e+00 -3.3530e+00
1101 +2.183231240e+03 +2.183231240e+03 +2.168001240e+03 +2.168001240e+03 +3.6550e+00 +1.6229e+00 -2.3080e+00 +3.7535e+00 -3.3267e+00
1296 +3.379982179e+02 +3.379982179e+02 +3.227682179e+02 +3.227682179e+02 +3.6640e+00 +1.6768e+00 -2.3187e+00 +3.7428e+00 -3.3187e+00
2156 +2.462315373e+02 +2.462315373e+02 +2.310015373e+02 +2.310015373e+02 +3.5515e+00 +1.4567e+00 -2.4978e+00 +3.5939e+00 -3.2265e+00
2338 +1.388463743e+02 +1.388463743e+02 +1.236163743e+02 +1.236163743e+02 +3.5325e+00 +1.4122e+00 -2.5460e+00 +3.5762e+00 -3.2018e+00
2676 +4.565184259e+01 +4.565184259e+01 +3.042184259e+01 +3.042184259e+01 +3.4716e+00 +1.2000e+00 -2.7573e+00 +3.3881e+00 -3.0604e+00
3729 +3.617758125e+01 +3.617758125e+01 +2.094758125e+01 +2.094758125e+01 +3.4703e+00 +1.1917e+00 -2.7625e+00 +3.3891e+00 -3.0508e+00
% function evaluation | noise-free fitness - Fopt (-1.614300000000e+02) | best noise-free fitness - Fopt | measured fitness | best measured fitness | x1 | x2...
1 +1.865066312e+07 +1.865066312e+07 +1.865050169e+07 +1.865050169e+07 -3.0844e-01 -8.1892e-01 +3.6530e+00 +4.4899e-01 +7.7808e-03
10 +1.483469200e+07 +1.483469200e+07 +1.483453057e+07 +1.483453057e+07 +2.5329e+00 -4.8037e+00 +2.6146e+00 -1.5197e-01 +4.2291e+00
28 +6.960336470e+06 +6.960336470e+06 +6.960175040e+06 +6.960175040e+06 -1.7474e+00 -1.5937e+00 +3.0131e+00 +1.4751e+00 +9.1571e-01
52 +2.862400171e+06 +2.862400171e+06 +2.862238741e+06 +2.862238741e+06 -1.8937e+00 +1.1951e-01 +3.0940e+00 +3.6991e+00 -3.0579e+00
145 +1.414361518e+06 +1.414361518e+06 +1.414200088e+06 +1.414200088e+06 +1.7739e+00 -3.6623e+00 +3.3374e+00 +1.5477e+00 +4.6708e-01
276 +4.367532990e+05 +4.367532990e+05 +4.365918690e+05 +4.365918690e+05 +3.3027e-01 -3.4817e+00 +3.3374e+00 +1.6528e+00 +1.1646e+00
344 +3.553018219e+05 +3.553018219e+05 +3.551403919e+05 +3.551403919e+05 -3.1390e-01 -2.6092e+00 +4.1085e+00 +2.9461e+00 -1.2542e+00
406 +1.244294876e+05 +1.244294876e+05 +1.242680576e+05 +1.242680576e+05 -5.7959e-02 -3.0403e+00 +3.4488e+00 +2.7065e+00 -5.0272e-01
560 +4.881170034e+04 +4.881170034e+04 +4.865027034e+04 +4.865027034e+04 -9.2673e-01 -1.4865e+00 +3.9967e+00 +3.1276e+00 -1.7404e+00
731 +3.714359571e+04 +3.714359571e+04 +3.698216571e+04 +3.698216571e+04 +1.3648e-01 -3.0403e+00 +3.4488e+00 +2.1399e+00 +6.5077e-03
1142 +2.374893615e+04 +2.374893615e+04 +2.358750615e+04 +2.358750615e+04 +3.2867e-01 -3.5831e+00 +3.1743e+00 +1.9749e+00 +4.1810e-01
1153 +1.322783769e+04 +1.322783769e+04 +1.306640769e+04 +1.306640769e+04 -3.7749e-01 -2.5592e+00 +3.7737e+00 +2.7944e+00 -6.9288e-01
1179 +7.969180956e+03 +7.969180956e+03 +7.807750956e+03 +7.807750956e+03 +1.3648e-01 -3.0403e+00 +3.4488e+00 +2.3765e+00 +6.5077e-03
2037 +2.929492252e+03 +2.929492252e+03 +2.768062252e+03 +2.768062252e+03 +5.8238e-01 -3.6780e+00 +3.1743e+00 +1.9791e+00 +6.4566e-01
2776 +2.412062452e+03 +2.412062452e+03 +2.250632452e+03 +2.250632452e+03 +5.8238e-01 -3.6780e+00 +3.1656e+00 +1.9791e+00 +6.4566e-01
3425 +5.040180824e+02 +5.040180824e+02 +3.425880824e+02 +3.425880824e+02 -1.0246e+00 -1.6106e+00 +4.1313e+00 +3.2742e+00 -1.6858e+00
4482 +8.701618012e+01 +8.701618012e+01 -7.441381988e+01 -7.441381988e+01 -1.6078e+00 -8.2012e-01 +4.4958e+00 +3.7598e+00 -2.5200e+00
% function evaluation | noise-free fitness - Fopt (3.280300000000e+02) | best noise-free fitness - Fopt | measured fitness | best measured fitness | x1 | x2...
1 +2.230637598e+09 +2.230637598e+09 +2.230637926e+09 +2.230637926e+09 +4.3410e+00 -4.2484e+00 -2.3766e+00 -3.1865e-01 +3.6528e+00
3 +3.957377699e+07 +3.957377699e+07 +3.957410502e+07 +3.957410502e+07 +3.0469e+00 -2.0021e-01 +2.2807e+00 +1.2398e+00 -1.2906e+00
26 +5.519366259e+06 +5.519366259e+06 +5.519694289e+06 +5.519694289e+06 +2.5254e+00 +1.4892e+00 +2.2943e+00 +1.9757e+00 +4.1748e+00
126 +3.014576746e+06 +3.014576746e+06 +3.014904776e+06 +3.014904776e+06 +2.5254e+00 +1.4892e+00 +2.2943e+00 +1.7223e+00 +2.3589e+00
129 +1.009465939e+06 +1.009465939e+06 +1.009793969e+06 +1.009793969e+06 +2.0948e+00 +2.4162e+00 +2.9772e+00 +6.0724e-01 +1.7811e+00
201 +9.501428495e+05 +9.501428495e+05 +9.504708795e+05 +9.504708795e+05 +3.1096e+00 +3.1965e+00 +3.4382e+00 +6.0724e-01 +1.7811e+00
262 +5.645590204e+04 +5.645590204e+04 +5.678393204e+04 +5.678393204e+04 +3.4028e+00 +3.8345e+00 +2.5879e+00 -2.5466e-01 +2.9178e+00
604 +3.715680018e+04 +3.715680018e+04 +3.748483018e+04 +3.748483018e+04 +3.3850e+00 +3.8816e+00 +2.4901e+00 -1.1477e-01 +2.9208e+00
701 +1.905563572e+04 +1.905563572e+04 +1.938366572e+04 +1.938366572e+04 +3.4587e+00 +3.8816e+00 +2.4728e+00 -1.1477e-01 +2.9208e+00
827 +1.385577253e+04 +1.385577253e+04 +1.418380253e+04 +1.418380253e+04 +3.6392e+00 +3.8053e+00 +2.5879e+00 -3.2092e-02 +2.8184e+00
936 +6.201737603e+03 +6.201737603e+03 +6.529767603e+03 +6.529767603e+03 +3.4309e+00 +3.7105e+00 +2.6398e+00 -1.9823e-02 +2.8482e+00
953 +3.028825628e+03 +3.028825628e+03 +3.356855628e+03 +3.356855628e+03 +3.6392e+00 +4.0000e+00 +2.4762e+00 -2.2454e-01 +2.9474e+00
1319 +2.352852747e+03 +2.352852747e+03 +2.680882747e+03 +2.680882747e+03 +3.6746e+00 +4.0136e+00 +2.5129e+00 -1.8291e-01 +2.8808e+00
1459 +5.010053342e+02 +5.010053342e+02 +8.290353342e+02 +8.290353342e+02 +3.5016e+00 +3.7781e+00 +2.5708e+00 -1.9823e-02 +2.8572e+00
1718 +3.391232956e+02 +3.391232956e+02 +6.671532956e+02 +6.671532956e+02 +3.6355e+00 +3.9845e+00 +2.5013e+00 -1.7450e-01 +2.8726e+00
2059 +1.559269672e+02 +1.559269672e+02 +4.839569672e+02 +4.839569672e+02 +3.6522e+00 +4.0387e+00 +2.4727e+00 -2.1383e-01 +2.9066e+00
2667 +9.274734751e+00 +9.274734751e+00 +3.373047348e+02 +3.373047348e+02 +3.6645e+00 +4.0379e+00 +2.4675e+00 -2.1636e-01 +2.8999e+00
3990 +3.379442650e+00 +3.379442650e+00 +3.314094427e+02 +3.314094427e+02 +3.6418e+00 +4.0048e+00 +2.4804e+00 -1.8985e-01 +2.8896e+00
4639 +1.752917497e+00 +1.752917497e+00 +3.297829175e+02 +3.297829175e+02 +3.6609e+00 +4.0350e+00 +2.4675e+00 -2.1235e-01 +2.8993e+00
% function evaluation | noise-free fitness - Fopt (-3.213000000000e+01) | best noise-free fitness - Fopt | measured fitness | best measured fitness | x1 | x2...
1 +2.961784192e+07 +2.961784192e+07 +2.961780979e+07 +2.961780979e+07 -6.3424e-01 +4.6142e-02 +3.4803e-01 -3.5936e+00 -4.1092e+00
8 +2.384298859e+07 +2.384298859e+07 +2.384295646e+07 +2.384295646e+07 -3.4487e+00 -1.6043e+00 +1.3021e+00 -4.7767e+00 -3.2587e+00
33 +1.273740402e+07 +1.273740402e+07 +1.273737189e+07 +1.273737189e+07 +2.0427e+00 -9.8014e-01 +2.9464e+00 -4.5522e+00 -1.3680e+00
48 +7.885821225e+06 +7.885821225e+06 +7.885789095e+06 +7.885789095e+06 +6.5853e+00 +2.7057e+00 +3.3141e+00 -4.3215e+00 +8.5816e-01
78 +1.357783797e+06 +1.357783797e+06 +1.357751667e+06 +1.357751667e+06 +2.0427e+00 +1.4009e+00 +2.9464e+00 -3.1160e+00 +8.6753e-01
162 +5.104416549e+05 +5.104416549e+05 +5.104095249e+05 +5.104095249e+05 +7.2055e+00 +4.3686e+00 +6.4907e+00 -3.5936e+00 +7.6356e-02
379 +2.463470644e+05 +2.463470644e+05 +2.463149344e+05 +2.463149344e+05 +2.5548e+00 +2.1921e+00 +3.3984e+00 -3.3405e+00 +2.8121e-01
781 +6.138184696e+04 +6.138184696e+04 +6.134971696e+04 +6.134971696e+04 +3.7291e+00 +2.9215e+00 +4.6642e+00 -3.6726e+00 +1.3370e-01
1001 +2.981253568e+04 +2.981253568e+04 +2.978040568e+04 +2.978040568e+04 +3.7291e+00 +2.9215e+00 +4.6642e+00 -3.6726e+00 +2.4061e-01
1051 +1.156232577e+04 +1.156232577e+04 +1.153019577e+04 +1.153019577e+04 +3.7291e+00 +2.8653e+00 +4.5104e+00 -3.6726e+00 +2.4061e-01
1105 +2.052189596e+03 +2.052189596e+03 +2.020059596e+03 +2.020059596e+03 +5.7662e+00 +3.6106e+00 +5.5729e+00 -3.7615e+00 +4.8674e-01
2098 +1.265028952e+03 +1.265028952e+03 +1.232898952e+03 +1.232898952e+03 +4.4397e+00 +3.0855e+00 +4.8868e+00 -3.6728e+00 +3.8110e-01
2460 +4.279010714e+02 +4.279010714e+02 +3.957710714e+02 +3.957710714e+02 +5.8532e+00 +3.6457e+00 +5.6195e+00 -3.7776e+00 +5.2523e-01
2548 +2.481714229e+02 +2.481714229e+02 +2.160414229e+02 +2.160414229e+02 +6.8617e+00 +4.0346e+00 +6.0990e+00 -3.8702e+00 +6.3117e-01
4315 +1.278900289e+02 +1.278900289e+02 +9.576002895e+01 +9.576002895e+01 +6.1994e+00 +3.7898e+00 +5.7712e+00 -3.8223e+00 +5.6855e-01
% function evaluation | noise-free fitness - Fopt (1.576000000000e+01) | best noise-free fitness - Fopt | measured fitness | best measured fitness | x1 | x2...
1 +9.865091369e+07 +9.865091369e+07 +9.865092945e+07 +9.865092945e+07 +1.5851e+00 -4.9901e+00 -1.2373e+00 -8.5286e-01 +3.5089e+00
3 +2.934854522e+07 +2.934854522e+07 +2.934856098e+07 +2.934856098e+07 +3.9972e+00 -1.5210e-01 +2.9614e+00 +3.1344e-01 -1.7133e+00
8 +1.395303119e+07 +1.395303119e+07 +1.395304695e+07 +1.395304695e+07 +1.5989e+00 -3.7135e+00 +2.3757e+00 +2.8908e+00 -5.6278e-01
26 +5.786432103e+06 +5.786432103e+06 +5.786447863e+06 +5.786447863e+06 +1.5989e+00 -3.7135e+00 -1.2570e+00 +2.8908e+00 -5.6278e-01
70 +2.513317878e+06 +2.513317878e+06 +2.513333638e+06 +2.513333638e+06 +2.3097e+00 -1.9513e+00 +4.1902e-01 +2.7199e+00 -2.5895e+00
151 +2.155592174e+06 +2.155592174e+06 +2.155607934e+06 +2.155607934e+06 +2.3097e+00 -1.9513e+00 +4.1902e-01 +5.0885e+00 -2.5895e+00
181 +5.616235690e+05 +5.616235690e+05 +5.616393290e+05 +5.616393290e+05 +4.6505e+00 -1.1085e+00 -4.2049e-01 +3.3119e+00 -2.6911e+00
421 +3.548875519e+05 +3.548875519e+05 +3.549033119e+05 +3.549033119e+05 +4.8712e+00 -1.5359e+00 -4.6484e-01 +2.8908e+00 -2.4900e+00
480 +7.980744036e+04 +7.980744036e+04 +7.982320036e+04 +7.982320036e+04 +3.2842e+00 -1.7021e+00 -4.5860e-01 +3.6422e+00 -2.6081e+00
605 +3.149701065e+04 +3.149701065e+04 +3.151277065e+04 +3.151277065e+04 +4.8628e+00 -1.7086e+00 -5.6803e-01 +3.2992e+00 -2.7781e+00
794 +2.073229989e+04 +2.073229989e+04 +2.074805989e+04 +2.074805989e+04 +4.0337e+00 -1.6485e+00 -4.9633e-01 +3.5591e+00 -2.6594e+00
930 +9.604628969e+03 +9.604628969e+03 +9.620388969e+03 +9.620388969e+03 +3.6816e+00 -1.7726e+00 -4.7576e-01 +3.6625e+00 -2.5295e+00
1093 +2.081860002e+03 +2.081860002e+03 +2.097620002e+03 +2.097620002e+03 +3.6245e+00 -1.8278e+00 -4.5186e-01 +3.6827e+00 -2.5880e+00
1356 +8.477617624e+02 +8.477617624e+02 +8.635217624e+02 +8.635217624e+02 +3.8192e+00 -1.8460e+00 -4.3612e-01 +3.6658e+00 -2.6253e+00
1515 +3.895370370e+02 +3.895370370e+02 +4.052970370e+02 +4.052970370e+02 +4.2010e+00 -1.7493e+00 -4.3736e-01 +3.5722e+00 -2.6677e+00
1831 +7.251024237e+01 +7.251024237e+01 +8.827024237e+01 +8.827024237e+01 +3.7874e+00 -1.8241e+00 -4.3902e-01 +3.6710e+00 -2.5966e+00
2152 +2.040439191e+01 +2.040439191e+01 +3.616439191e+01 +3.616439191e+01 +3.7874e+00 -1.8277e+00 -4.3902e-01 +3.6710e+00 -2.6032e+00
2479 +1.189532882e+01 +1.189532882e+01 +2.765532882e+01 +2.765532882e+01 +3.7369e+00 -1.8436e+00 -4.3912e-01 +3.6805e+00 -2.5907e+00
2503 +8.214938163e+00 +8.214938163e+00 +2.397493816e+01 +2.397493816e+01 +3.7874e+00 -1.8276e+00 -4.3567e-01 +3.6710e+00 -2.6032e+00
2587 +5.628377003e+00 +5.628377003e+00 +2.138837700e+01 +2.138837700e+01 +3.7573e+00 -1.8371e+00 -4.3774e-01 +3.6754e+00 -2.5957e+00
3478 +3.891414251e+00 +3.891414251e+00 +1.965141425e+01 +1.965141425e+01 +3.7573e+00 -1.8371e+00 -4.3497e-01 +3.6754e+00 -2.5957e+00
3695 +1.207518429e+00 +1.207518429e+00 +1.696751843e+01 +1.696751843e+01 +3.7379e+00 -1.8412e+00 -4.3557e-01 +3.6811e+00 -2.5936e+00
4233 +5.933263748e-01 +5.933263748e-01 +1.635332637e+01 +1.635332637e+01 +3.7488e+00 -1.8391e+00 -4.3553e-01 +3.6790e+00 -2.5956e+00
% function evaluation | noise-free fitness - Fopt (3.735000000000e+01) | best noise-free fitness - Fopt | measured fitness | best measured fitness | x1 | x2...
1 +2.022318978e+07 +2.022318978e+07 +2.022322713e+07 +2.022322713e+07 -4.3594e+00 +2.8152e+00 +1.8596e+00 -1.9556e+00 +1.2653e+00
14 +4.173547889e+06 +4.173547889e+06 +4.173585239e+06 +4.173585239e+06 -4.7949e+00 +6.3754e-01 +4.0427e+00 -3.3684e+00 +5.7744e-01
94 +3.856195830e+06 +3.856195830e+06 +3.856233180e+06 +3.856233180e+06 -3.9035e+00 -1.7439e+00 +3.3719e+00 +2.9695e-01 +1.6564e-01
104 +1.038422338e+06 +1.038422338e+06 +1.038459688e+06 +1.038459688e+06 -4.8904e+00 +1.8927e-01 +6.9796e+00 -3.8921e+00 +2.2455e+00
234 +7.021025408e+05 +7.021025408e+05 +7.021398908e+05 +7.021398908e+05 -4.9903e+00 -3.5822e-01 +4.9152e+00 -2.4398e+00 +1.2312e+00
326 +2.703501052e+05 +2.703501052e+05 +2.703874552e+05 +2.703874552e+05 -4.3478e+00 -3.5822e-01 +4.9152e+00 -2.4398e+00 +1.5729e+00
401 +2.296987195e+05 +2.296987195e+05 +2.297360695e+05 +2.297360695e+05 -4.0192e+00 -1.3462e-01 +3.6253e+00 -1.6879e+00 +1.6206e+00
501 +1.524903977e+05 +1.524903977e+05 +1.525277477e+05 +1.525277477e+05 -3.4684e+00 -6.2486e-01 +2.7656e+00 -3.9530e-01 +1.7295e+00
513 +3.911108285e+04 +3.911108285e+04 +3.914843285e+04 +3.914843285e+04 -4.0787e+00 -2.5072e-01 +4.0441e+00 -1.7696e+00 +1.8166e+00
1017 +2.410231624e+04 +2.410231624e+04 +2.413966624e+04 +2.413966624e+04 -3.8627e+00 -5.4510e-01 +3.7793e+00 -1.4477e+00 +1.7105e+00
1070 +1.432002867e+04 +1.432002867e+04 +1.435737867e+04 +1.435737867e+04 -4.2100e+00 -4.2935e-01 +4.1870e+00 -1.7194e+00 +1.7375e+00
1320 +8.105878607e+03 +8.105878607e+03 +8.143228607e+03 +8.143228607e+03 -4.8014e+00 +1.7028e-01 +5.0937e+00 -2.5324e+00 +1.8672e+00
1387 +2.318300712e+03 +2.318300712e+03 +2.355650712e+03 +2.355650712e+03 -3.9194e+00 -5.9923e-01 +3.6916e+00 -1.2854e+00 +1.7901e+00
1748 +4.508359608e+02 +4.508359608e+02 +4.881859608e+02 +4.881859608e+02 -4.0214e+00 -5.2193e-01 +3.8461e+00 -1.3899e+00 +1.7842e+00
2560 +2.936212015e+02 +2.936212015e+02 +3.309712015e+02 +3.309712015e+02 -3.7716e+00 -7.5430e-01 +3.4205e+00 -9.8603e-01 +1.7618e+00
3276 +1.930844451e+02 +1.930844451e+02 +2.304344451e+02 +2.304344451e+02 -3.7716e+00 -7.5430e-01 +3.4205e+00 -9.8603e-01 +1.7479e+00
3651 +1.471943289e+02 +1.471943289e+02 +1.845443289e+02 +1.845443289e+02 -3.6127e+00 -8.8720e-01 +3.1168e+00 -7.2733e-01 +1.7349e+00
4752 +9.788342439e+01 +9.788342439e+01 +1.352334244e+02 +1.352334244e+02 -3.6311e+00 -8.7171e-01 +3.1498e+00 -7.5133e-01 +1.7340e+00
4986 +3.672083152e+01 +3.672083152e+01 +7.407083152e+01 +7.407083152e+01 -4.0214e+00 -5.0332e-01 +3.8624e+00 -1.3899e+00 +1.7783e+00
% function evaluation | noise-free fitness - Fopt (-3.096300000000e+02) | best noise-free fitness - Fopt | measured fitness | best measured fitness | x1 | x2...
1 +3.829285945e+07 +3.829285945e+07 +3.829254982e+07 +3.829254982e+07 +2.6238e+00 -4.6510e-01 -3.5548e+00 +1.6072e+00 -3.5608e+00
3 +1.586731855e+07 +1.586731855e+07 +1.586700892e+07 +1.586700892e+07 -4.6228e+00 -3.2806e+00 -1.5367e+00 -8.4646e-01 -1.2076e+00
52 +9.658010581e+06 +9.658010581e+06 +9.657700951e+06 +9.657700951e+06 -2.9177e+00 -1.7976e+00 -1.3095e+00 -1.4940e+00 +5.2024e-01
64 +4.667692634e+06 +4.667692634e+06 +4.667383004e+06 +4.667383004e+06 -2.2110e+00 -1.8722e+00 -4.4918e+00 +1.7014e+00 +3.1314e+00
152 +1.669388047e+06 +1.669388047e+06 +1.669078417e+06 +1.669078417e+06 -2.1899e+00 -3.8306e+00 -4.8760e+00 +1.6467e+00 +2.7791e+00
201 +5.832756570e+05 +5.832756570e+05 +5.829660270e+05 +5.829660270e+05 -2.4153e+00 -1.9352e+00 -3.4573e+00 +6.5109e-01 -1.0913e-01
476 +3.948610712e+05 +3.948610712e+05 +3.945514412e+05 +3.945514412e+05 -2.4153e+00 -2.3828e+00 -3.4573e+00 +6.5109e-01 +6.3537e-01
506 +6.884316691e+04 +6.884316691e+04 +6.853353691e+04 +6.853353691e+04 -1.7837e+00 -3.5709e+00 -5.2156e+00 +7.1700e-01 +2.0903e+00
1033 +2.999258847e+04 +2.999258847e+04 +2.968295847e+04 +2.968295847e+04 -2.0114e+00 -2.3530e+00 -4.1656e+00 +1.0249e+00 +1.1106e+00
1035 +2.431172802e+04 +2.431172802e+04 +2.400209802e+04 +2.400209802e+04 -2.3875e+00 -1.0784e+00 -2.8383e+00 +9.9434e-01 -6.6133e-02
1158 +1.276229393e+04 +1.276229393e+04 +1.245266393e+04 +1.245266393e+04 -2.0003e+00 -2.3524e+00 -4.0826e+00 +1.0065e+00 +1.0584e+00
1403 +4.645697645e+03 +4.645697645e+03 +4.336067645e+03 +4.336067645e+03 -2.3183e+00 -1.3661e+00 -2.9775e+00 +1.0206e+00 +2.3002e-01
1457 +2.779952857e+03 +2.779952857e+03 +2.470322857e+03 +2.470322857e+03 -2.6070e+00 -4.3751e-01 -2.0750e+00 +1.1851e+00 -6.6875e-01
2270 +2.490030948e+03 +2.490030948e+03 +2.180400948e+03 +2.180400948e+03 -2.2539e+00 -1.4159e+00 -2.9783e+00 +1.0831e+00 +1.9565e-01
2923 +1.568114106e+03 +1.568114106e+03 +1.258484106e+03 +1.258484106e+03 -2.0557e+00 -2.1540e+00 -3.7222e+00 +9.8233e-01 +8.7343e-01
3829 +2.478737157e+02 +2.478737157e+02 -6.175628427e+01 -6.175628427e+01 -2.2801e+00 -1.4482e+00 -3.0316e+00 +1.0503e+00 +2.3551e-01
% function evaluation | noise-free fitness - Fopt (-1.000000000000e+03) | best noise-free fitness - Fopt | measured fitness | best measured fitness | x1 | x2...
1 +2.031131535e+08 +2.031131535e+08 +2.031121535e+08 +2.031121535e+08 -4.6481e+00 -2.1042e+00 +9.0090e-01 -1.3900e+00 -2.5718e+00
2 +3.184606964e+07 +3.184606964e+07 +3.184506964e+07 +3.184506964e+07 +2.3370e-01 +7.8624e-01 -3.0789e+00 +2.9663e+00 +4.5128e+00
7 +2.466587664e+07 +2.466587664e+07 +2.466487664e+07 +2.466487664e+07 -1.0787e+00 +3.1685e-01 -4.2617e+00 -1.9669e+00 +1.5255e-01
96 +9.217425159e+06 +9.217425159e+06 +9.216425159e+06 +9.216425159e+06 -3.9684e+00 +4.7369e+00 -5.1417e+00 -1.2646e+00 +4.9309e-01
101 +5.662096040e+06 +5.662096040e+06 +5.661096040e+06 +5.661096040e+06 -3.9684e+00 +2.7181e+00 -5.1417e+00 +2.1858e+00 +1.0375e+00
230 +3.329631295e+06 +3.329631295e+06 +3.328631295e+06 +3.328631295e+06 +1.2192e+00 +2.2982e+00 -3.1364e+00 +5.6277e-01 +9.0526e-01
354 +7.348097241e+05 +7.348097241e+05 +7.338097241e+05 +7.338097241e+05 -2.8095e+00 +4.8007e+00 -5.3907e+00 +1.8463e+00 +8.0417e-01
386 +4.381853688e+05 +4.381853688e+05 +4.371853688e+05 +4.371853688e+05 -2.7092e+00 +3.9952e+00 -5.7887e+00 +1.7534e+00 +9.8090e-01
534 +3.935753325e+05 +3.935753325e+05 +3.925753325e+05 +3.925753325e+05 -2.8095e+00 +4.2711e+00 -6.6522e+00 +1.4861e+00 +1.0207e+00
580 +6.456778452e+04 +6.456778452e+04 +6.356778452e+04 +6.356778452e+04 -2.5797e+00 +4.5158e+00 -5.9795e+00 +1.4732e+00 +1.1624e+00
626 +1.610740448e+04 +1.610740448e+04 +1.510740448e+04 +1.510740448e+04 -2.5797e+00 +4.5158e+00 -5.9795e+00 +1.3129e+00 +1.0749e+00
1194 +8.819490370e+03 +8.819490370e+03 +7.819490370e+03 +7.819490370e+03 -3.3514e+00 +4.6131e+00 -6.3959e+00 +1.4571e+00 +8.7291e-01
1617 +3.467766231e+03 +3.467766231e+03 +2.467766231e+03 +2.467766231e+03 -2.2727e+00 +4.3925e+00 -5.6647e+00 +1.2256e+00 +1.0170e+00
1762 +1.314128886e+03 +1.314128886e+03 +3.141288856e+02 +3.141288856e+02 -2.2344e+00 +4.3967e+00 -5.6930e+00 +1.2080e+00 +1.0292e+00
2508 +9.110654950e+02 +9.110654950e+02 -8.893450505e+01 -8.893450505e+01 -2.4958e+00 +4.4729e+00 -5.8290e+00 +1.2780e+00 +1.0170e+00
2653 +3.846493236e+02 +3.846493236e+02 -6.153506764e+02 -6.153506764e+02 -2.0121e+00 +4.3683e+00 -5.5535e+00 +1.1629e+00 +1.0897e+00
3361 +1.483537342e+02 +1.483537342e+02 -8.516462658e+02 -8.516462658e+02 -2.8732e+00 +4.4903e+00 -6.0375e+00 +1.3672e+00 +9.6315e-01
% function evaluation | noise-free fitness - Fopt (5.800000000000e+01) | best noise-free fitness - Fopt | measured fitness | best measured fitness | x1 | x2...
1 +4.051701589e+08 +4.051701589e+08 +4.051702169e+08 +4.051702169e+08 -2.9156e+00 -4.8562e+00 -3.1706e+00 -3.9414e+00 -2.3322e+00
2 +7.281182289e+07 +7.281182289e+07 +7.281188089e+07 +7.281188089e+07 +2.5907e+00 -1.4787e+00 +1.6077e+00 -4.7753e+00 +3.2810e+00
5 +4.121110579e+07 +4.121110579e+07 +4.121116379e+07 +4.121116379e+07 -3.5726e+00 -2.4971e+00 -2.4728e+00 +1.2925e+00 -3.2566e-01
10 +8.401479890e+06 +8.401479890e+06 +8.401537890e+06 +8.401537890e+06 -4.9303e+00 +4.8178e+00 -3.6716e+00 -2.5191e-01 -2.7679e+00
21 +4.758119270e+06 +4.758119270e+06 +4.758177270e+06 +4.758177270e+06 -3.5811e+00 +4.3677e+00 -2.2648e+00 +1.1034e+00 +1.2942e+00
181 +2.291994800e+06 +2.291994800e+06 +2.292052800e+06 +2.292052800e+06 -9.0340e-01 +5.2534e+00 -1.8823e+00 -6.1832e-01 -1.2647e-01
321 +1.350196589e+06 +1.350196589e+06 +1.350254589e+06 +1.350254589e+06 -9.7154e-01 +3.9665e+00 -6.9055e-01 +6.3644e-01 +8.1812e-01
355 +5.087711754e+05 +5.087711754e+05 +5.088291754e+05 +5.088291754e+05 -8.0899e-01 +4.3182e+00 -1.2490e+00 +7.6821e-02 +5.2758e-01
379 +3.008695624e+05 +3.008695624e+05 +3.009275624e+05 +3.009275624e+05 -9.2720e-01 +4.5158e+00 -1.2074e+00 -5.1627e-01 -3.0710e-01
382 +3.688584155e+04 +3.688584155e+04 +3.694384155e+04 +3.694384155e+04 -1.9451e+00 +4.1897e+00 -1.9839e+00 +2.7540e-01 -1.6447e-01
978 +1.816783026e+04 +1.816783026e+04 +1.822583026e+04 +1.822583026e+04 -7.8397e-01 +4.3125e+00 -9.1687e-01 +2.3588e-02 +7.2439e-02
1093 +1.087802661e+04 +1.087802661e+04 +1.093602661e+04 +1.093602661e+04 -1.1130e+00 +4.3735e+00 -1.3527e+00 -5.1041e-02 -7.8626e-02
1104 +6.290260580e+03 +6.290260580e+03 +6.348260580e+03 +6.348260580e+03 -8.7122e-01 +4.3558e+00 -1.1897e+00 -2.4413e-03 -2.6449e-02
1370 +3.834963559e+03 +3.834963559e+03 +3.892963559e+03 +3.892963559e+03 -5.6739e-01 +4.4279e+00 -7.5149e-01 -1.3461e-01 +4.1447e-02
1540 +1.803405898e+03 +1.803405898e+03 +1.861405898e+03 +1.861405898e+03 -1.2017e+00 +4.2788e+00 -1.4684e+00 +2.3588e-02 -6.9260e-02
1704 +1.344146730e+03 +1.344146730e+03 +1.402146730e+03 +1.402146730e+03 -1.6148e+00 +4.1773e+00 -1.8306e+00 +1.4592e-01 -7.6369e-02
1799 +8.011523496e+02 +8.011523496e+02 +8.591523496e+02 +8.591523496e+02 -5.7107e-01 +4.4956e+00 -7.0212e-01 -7.7790e-02 +7.1849e-02
2177 +6.300307760e+02 +6.300307760e+02 +6.880307760e+02 +6.880307760e+02 -5.7107e-01 +4.4905e+00 -7.0283e-01 -7.7790e-02 +7.1849e-02
2453 +2.369396555e+02 +2.369396555e+02 +2.949396555e+02 +2.949396555e+02 -5.8133e-01 +4.4798e+00 -7.3900e-01 -7.7790e-02 +3.6438e-02
2830 +1.528765125e+02 +1.528765125e+02 +2.108765125e+02 +2.108765125e+02 -6.8076e-01 +4.4460e+00 -8.4532e-01 -7.4935e-02 +3.5808e-02
3453 +9.119684662e+01 +9.119684662e+01 +1.491968466e+02 +1.491968466e+02 -4.1398e-01 +4.5259e+00 -5.2047e-01 -1.2089e-01 +6.9358e-02
4652 +6.081967320e+01 +6.081967320e+01 +1.188196732e+02 +1.188196732e+02 -7.5974e-01 +4.4255e+00 -9.3901e-01 -3.5558e-02 +2.2333e-02
4730 +3.571451807e+01 +3.571451807e+01 +9.371451807e+01 +9.371451807e+01 -6.4022e-01 +4.4611e+00 -8.0251e-01 -7.0748e-02 +3.8766e-02
% function evaluation | noise-free fitness - Fopt (9.438000000000e+01) | best noise-free fitness - Fopt | measured fitness | best measured fitness | x1 | x2...
1 +8.895945655e+07 +8.895945655e+07 +8.895955093e+07 +8.895955093e+07 +2.4285e+00 +4.5323e+00 +2.2935e+00 -4.0605e+00 -4.1921e-01
5 +4.905983249e+07 +4.905983249e+07 +4.905992687e+07 +4.905992687e+07 -4.6134e-02 -2.8224e+00 -1.6080e+00 +1.2809e+00 -2.1340e+00
6 +3.245661038e+07 +3.245661038e+07 +3.245670476e+07 +3.245670476e+07 -4.9204e+00 +8.1400e-01 -4.8228e+00 -3.4457e+00 +2.1111e+00
10 +6.528426775e+06 +6.528426775e+06 +6.528521155e+06 +6.528521155e+06 -3.0132e+00 +4.1332e+00 -1.1560e+00 +1.2615e+00 -3.9418e+00
51 +6.121474783e+06 +6.121474783e+06 +6.121569163e+06 +6.121569163e+06 -3.0132e+00 +4.1332e+00 -2.1083e+00 +1.3495e-01 -1.7779e+00
214 +6.877504588e+05 +6.877504588e+05 +6.878448388e+05 +6.878448388e+05 -4.1115e+00 +3.1694e+00 -3.0552e+00 +7.9468e-01 -2.0988e+00
301 +5.655145156e+05 +5.655145156e+05 +5.656088956e+05 +5.656088956e+05 -4.1115e+00 +3.1694e+00 -3.0552e+00 +2.8843e-01 -2.3859e+00
433 +3.021145515e+05 +3.021145515e+05 +3.022089315e+05 +3.022089315e+05 -3.5662e+00 +3.0885e+00 -3.3995e+00 +2.8384e+00 -3.5544e+00
585 +2.348809430e+05 +2.348809430e+05 +2.349753230e+05 +2.349753230e+05 -2.9860e+00 +3.2231e+00 -3.9150e+00 +3.6415e+00 -3.6451e+00
628 +3.564059134e+04 +3.564059134e+04 +3.573497134e+04 +3.573497134e+04 -2.6827e+00 +3.8954e+00 -3.8131e+00 +3.6415e+00 -3.8241e+00
841 +1.598946473e+04 +1.598946473e+04 +1.608384473e+04 +1.608384473e+04 -2.9997e+00 +3.6308e+00 -3.8582e+00 +3.4123e+00 -3.7587e+00
1255 +7.533329760e+03 +7.533329760e+03 +7.627709760e+03 +7.627709760e+03 -3.4033e+00 +3.4418e+00 -3.3551e+00 +2.4045e+00 -3.1559e+00
1657 +4.423074624e+03 +4.423074624e+03 +4.517454624e+03 +4.517454624e+03 -3.2472e+00 +3.4661e+00 -3.3877e+00 +2.6144e+00 -3.2934e+00
2013 +2.940085477e+03 +2.940085477e+03 +3.034465477e+03 +3.034465477e+03 -3.3462e+00 +3.3837e+00 -3.3029e+00 +2.4074e+00 -3.1779e+00
2379 +1.723744344e+03 +1.723744344e+03 +1.818124344e+03 +1.818124344e+03 -3.3546e+00 +3.3794e+00 -3.3877e+00 +2.4047e+00 -3.1783e+00
2852 +1.543765033e+03 +1.543765033e+03 +1.638145033e+03 +1.638145033e+03 -3.3546e+00 +3.3927e+00 -3.3877e+00 +2.5017e+00 -3.1783e+00
3412 +9.060653364e+02 +9.060653364e+02 +1.000445336e+03 +1.000445336e+03 -3.2463e+00 +3.4468e+00 -3.4739e+00 +2.7191e+00 -3.3159e+00
3481 +4.093929438e+02 +4.093929438e+02 +5.037729438e+02 +5.037729438e+02 -3.3140e+00 +3.3927e+00 -3.3877e+00 +2.5017e+00 -3.2240e+00
3738 +2.330701921e+02 +2.330701921e+02 +3.274501921e+02 +3.274501921e+02 -3.5289e+00 +3.2318e+00 -3.2014e+00 +2.0295e+00 -2.9664e+00
4001 +4.605174832e+01 +4.605174832e+01 +1.404317483e+02 +1.404317483e+02 -3.5289e+00 +3.2318e+00 -3.1847e+00 +2.0040e+00 -2.9664e+00
