% function evaluation | noise-free fitness - Fopt (1.491500000000e+02) | best noise-free fitness - Fopt | measured fitness | best measured fitness | x1 | x2...
1 +1.117319010e+06 +1.117319010e+06 +1.117468160e+06 +1.117468160e+06
8 +7.344142304e+05 +7.344142304e+05 +7.345633804e+05 +7.345633804e+05
10 +5.241787377e+05 +5.241787377e+05 +5.243278877e+05 +5.243278877e+05
84 +2.423503450e+05 +2.423503450e+05 +2.424994950e+05 +2.424994950e+05
564 +1.530237273e+05 +1.530237273e+05 +1.531728773e+05 +1.531728773e+05
667 +9.656060980e+04 +9.656060980e+04 +9.670975980e+04 +9.670975980e+04
969 +6.135113784e+04 +6.135113784e+04 +6.150028784e+04 +6.150028784e+04
1356 +3.173024249e+04 +3.173024249e+04 +3.187939249e+04 +3.187939249e+04
1637 +2.159400294e+04 +2.159400294e+04 +2.174315294e+04 +2.174315294e+04
2259 +1.487918602e+04 +1.487918602e+04 +1.502833602e+04 +1.502833602e+04
2511 +9.913084456e+03 +9.913084456e+03 +1.006223446e+04 +1.006223446e+04
3148 +5.383051449e+03 +5.383051449e+03 +5.532201449e+03 +5.532201449e+03
3710 +3.388879705e+03 +3.388879705e+03 +3.538029705e+03 +3.538029705e+03
4353 +2.413320537e+03 +2.413320537e+03 +2.562470537e+03 +2.562470537e+03
6410 +1.389826449e+03 +1.389826449e+03 +1.538976449e+03 +1.538976449e+03
8027 +9.963815571e+02 +9.963815571e+02 +1.145531557e+03 +1.145531557e+03
9651 +6.175631032e+02 +6.175631032e+02 +7.667131032e+02 +7.667131032e+02
13399 +3.980135978e+02 +3.980135978e+02 +5.471635978e+02 +5.471635978e+02
24160 +2.370217314e+02 +2.370217314e+02 +3.861717314e+02 +3.861717314e+02
24523 +1.544091914e+02 +1.544091914e+02 +3.035591914e+02 +3.035591914e+02
% function evaluation | noise-free fitness - Fopt (-1.000000000000e+03) | best noise-free fitness - Fopt | measured fitness | best measured fitness | x1 | x2...
1 +8.763796777e+05 +8.763796777e+05 +8.753796777e+05 +8.753796777e+05
18 +6.108642338e+05 +6.108642338e+05 +6.098642338e+05 +6.098642338e+05
89 +2.108946488e+05 +2.108946488e+05 +2.098946488e+05 +2.098946488e+05
355 +1.416846813e+05 +1.416846813e+05 +1.406846813e+05 +1.406846813e+05
366 +9.519989179e+04 +9.519989179e+04 +9.419989179e+04 +9.419989179e+04
706 +5.539493648e+04 +5.539493648e+04 +5.439493648e+04 +5.439493648e+04
1018 +2.986950768e+04 +2.986950768e+04 +2.886950768e+04 +2.886950768e+04
1486 +2.221249524e+04 +2.221249524e+04 +2.121249524e+04 +2.121249524e+04
1937 +1.488124380e+04 +1.488124380e+04 +1.388124380e+04 +1.388124380e+04
2559 +8.925861322e+03 +8.925861322e+03 +7.925861322e+03 +7.925861322e+03
2986 +6.243169812e+03 +6.243169812e+03 +5.243169812e+03 +5.243169812e+03
4108 +3.427520035e+03 +3.427520035e+03 +2.427520035e+03 +2.427520035e+03
5289 +2.389685761e+03 +2.389685761e+03 +1.389685761e+03 +1.389685761e+03
6320 +1.554124056e+03 +1.554124056e+03 +5.541240560e+02 +5.541240560e+02
7074 +9.792999818e+02 +9.792999818e+02 -2.070001823e+01 -2.070001823e+01
8319 +6.151828567e+02 +6.151828567e+02 -3.848171433e+02 -3.848171433e+02
9724 +3.960872280e+02 +3.960872280e+02 -6.039127720e+02 -6.039127720e+02
13580 +2.509507759e+02 +2.509507759e+02 -7.490492241e+02 -7.490492241e+02
19871 +1.583633549e+02 +1.583633549e+02 -8.416366451e+02 -8.416366451e+02
28445 +9.994145204e+01 +9.994145204e+01 -9.000585480e+02 -9.000585480e+02
% function evaluation | noise-free fitness - Fopt (9.862000000000e+01) | best noise-free fitness - Fopt | measured fitness | best measured fitness | x1 | x2...
1 +1.688627095e+06 +1.688627095e+06 +1.688725715e+06 +1.688725715e+06
2 +1.019891086e+06 +1.019891086e+06 +1.019989706e+06 +1.019989706e+06
12 +9.992276030e+05 +9.992276030e+05 +9.993262230e+05 +9.993262230e+05
88 +6.090694425e+05 +6.090694425e+05 +6.091680625e+05 +6.091680625e+05
117 +3.239664682e+05 +3.239664682e+05 +3.240650882e+05 +3.240650882e+05
303 +2.110418985e+05 +2.110418985e+05 +2.111405185e+05 +2.111405185e+05
323 +1.211326244e+05 +1.211326244e+05 +1.212312444e+05 +1.212312444e+05
374 +7.299437073e+04 +7.299437073e+04 +7.309299073e+04 +7.309299073e+04
670 +6.015898506e+04 +6.015898506e+04 +6.025760506e+04 +6.025760506e+04
1003 +3.441006309e+04 +3.441006309e+04 +3.450868309e+04 +3.450868309e+04
1411 +2.502986220e+04 +2.502986220e+04 +2.512848220e+04 +2.512848220e+04
1566 +1.580661060e+04 +1.580661060e+04 +1.590523060e+04 +1.590523060e+04
2217 +8.852812603e+03 +8.852812603e+03 +8.951432603e+03 +8.951432603e+03
2769 +6.224330952e+03 +6.224330952e+03 +6.322950952e+03 +6.322950952e+03
3571 +3.802416568e+03 +3.802416568e+03 +3.901036568e+03 +3.901036568e+03
4383 +2.474802598e+03 +2.474802598e+03 +2.573422598e+03 +2.573422598e+03
6077 +1.576295270e+03 +1.576295270e+03 +1.674915270e+03 +1.674915270e+03
7192 +9.135776110e+02 +9.135776110e+02 +1.012197611e+03 +1.012197611e+03
8680 +5.960871808e+02 +5.960871808e+02 +6.947071808e+02 +6.947071808e+02
10827 +3.974317163e+02 +3.974317163e+02 +4.960517163e+02 +4.960517163e+02
20042 +2.507535507e+02 +2.507535507e+02 +3.493735507e+02 +3.493735507e+02
33481 +1.579862282e+02 +1.579862282e+02 +2.566062282e+02 +2.566062282e+02
47210 +9.855650095e+01 +9.855650095e+01 +1.971765009e+02 +1.971765009e+02
47975 +6.198911685e+01 +6.198911685e+01 +1.606091168e+02 +1.606091168e+02
% function evaluation | noise-free fitness - Fopt (-4.715000000000e+01) | best noise-free fitness - Fopt | measured fitness | best measured fitness | x1 | x2...
1 +1.206644430e+06 +1.206644430e+06 +1.206597280e+06 +1.206597280e+06
2 +7.595775836e+05 +7.595775836e+05 +7.595304336e+05 +7.595304336e+05
41 +4.357002541e+05 +4.357002541e+05 +4.356531041e+05 +4.356531041e+05
50 +3.967557074e+05 +3.967557074e+05 +3.967085574e+05 +3.967085574e+05
126 +2.214931162e+05 +2.214931162e+05 +2.214459662e+05 +2.214459662e+05
195 +1.293339961e+05 +1.293339961e+05 +1.292868461e+05 +1.292868461e+05
322 +4.674374555e+04 +4.674374555e+04 +4.669659555e+04 +4.669659555e+04
402 +3.618974385e+04 +3.618974385e+04 +3.614259385e+04 +3.614259385e+04
538 +2.463777474e+04 +2.463777474e+04 +2.459062474e+04 +2.459062474e+04
1351 +1.019660302e+04 +1.019660302e+04 +1.014945302e+04 +1.014945302e+04
1625 +8.431710827e+03 +8.431710827e+03 +8.384560827e+03 +8.384560827e+03
2059 +6.041358451e+03 +6.041358451e+03 +5.994208451e+03 +5.994208451e+03
2948 +3.762317303e+03 +3.762317303e+03 +3.715167303e+03 +3.715167303e+03
4111 +2.415856684e+03 +2.415856684e+03 +2.368706684e+03 +2.368706684e+03
4542 +1.509915799e+03 +1.509915799e+03 +1.462765799e+03 +1.462765799e+03
5347 +9.864382170e+02 +9.864382170e+02 +9.392882170e+02 +9.392882170e+02
6788 +6.197239751e+02 +6.197239751e+02 +5.725739751e+02 +5.725739751e+02
7584 +3.895083310e+02 +3.895083310e+02 +3.423583310e+02 +3.423583310e+02
9934 +2.422199564e+02 +2.422199564e+02 +1.950699564e+02 +1.950699564e+02
14194 +1.584135516e+02 +1.584135516e+02 +1.112635516e+02 +1.112635516e+02
19821 +9.904450378e+01 +9.904450378e+01 +5.189450378e+01 +5.189450378e+01
38366 +5.966485687e+01 +5.966485687e+01 +1.251485687e+01 +1.251485687e+01
40696 +3.961670524e+01 +3.961670524e+01 -7.533294757e+00 -7.533294757e+00
45417 +2.506037141e+01 +2.506037141e+01 -2.208962859e+01 -2.208962859e+01
% function evaluation | noise-free fitness - Fopt (3.752000000000e+01) | best noise-free fitness - Fopt | measured fitness | best measured fitness | x1 | x2...
1 +5.989400147e+05 +5.989400147e+05 +5.989775347e+05 +5.989775347e+05
41 +3.764891172e+05 +3.764891172e+05 +3.765266372e+05 +3.765266372e+05
139 +2.314952469e+05 +2.314952469e+05 +2.315327669e+05 +2.315327669e+05
227 +1.385389642e+05 +1.385389642e+05 +1.385764842e+05 +1.385764842e+05
302 +7.301592703e+04 +7.301592703e+04 +7.305344703e+04 +7.305344703e+04
444 +5.658810240e+04 +5.658810240e+04 +5.662562240e+04 +5.662562240e+04
680 +3.646574347e+04 +3.646574347e+04 +3.650326347e+04 +3.650326347e+04
1070 +2.448942321e+04 +2.448942321e+04 +2.452694321e+04 +2.452694321e+04
1854 +1.479966997e+04 +1.479966997e+04 +1.483718997e+04 +1.483718997e+04
3019 +9.996857244e+03 +9.996857244e+03 +1.003437724e+04 +1.003437724e+04
3442 +6.266134919e+03 +6.266134919e+03 +6.303654919e+03 +6.303654919e+03
5068 +3.943604347e+03 +3.943604347e+03 +3.981124347e+03 +3.981124347e+03
5505 +2.447671082e+03 +2.447671082e+03 +2.485191082e+03 +2.485191082e+03
6265 +1.578955712e+03 +1.578955712e+03 +1.616475712e+03 +1.616475712e+03
6625 +9.317544167e+02 +9.317544167e+02 +9.692744167e+02 +9.692744167e+02
8817 +6.062517503e+02 +6.062517503e+02 +6.437717503e+02 +6.437717503e+02
9724 +3.965935110e+02 +3.965935110e+02 +4.341135110e+02 +4.341135110e+02
11917 +2.468135342e+02 +2.468135342e+02 +2.843335342e+02 +2.843335342e+02
17587 +1.571495370e+02 +1.571495370e+02 +1.946695370e+02 +1.946695370e+02
% function evaluation | noise-free fitness - Fopt (-4.257500000000e+02) | best noise-free fitness - Fopt | measured fitness | best measured fitness | x1 | x2...
1 +1.828596767e+06 +1.828596767e+06 +1.828171017e+06 +1.828171017e+06
4 +1.240306149e+06 +1.240306149e+06 +1.239880399e+06 +1.239880399e+06
11 +8.698114260e+05 +8.698114260e+05 +8.693856760e+05 +8.693856760e+05
38 +5.406655833e+05 +5.406655833e+05 +5.402398333e+05 +5.402398333e+05
70 +3.915203232e+05 +3.915203232e+05 +3.910945732e+05 +3.910945732e+05
200 +1.300104699e+05 +1.300104699e+05 +1.295847199e+05 +1.295847199e+05
225 +9.640740969e+04 +9.640740969e+04 +9.598165969e+04 +9.598165969e+04
706 +5.546214319e+04 +5.546214319e+04 +5.503639319e+04 +5.503639319e+04
1053 +3.552875842e+04 +3.552875842e+04 +3.510300842e+04 +3.510300842e+04
1844 +2.475662668e+04 +2.475662668e+04 +2.433087668e+04 +2.433087668e+04
2351 +1.580655881e+04 +1.580655881e+04 +1.538080881e+04 +1.538080881e+04
2897 +9.767266294e+03 +9.767266294e+03 +9.341516294e+03 +9.341516294e+03
3846 +6.298657769e+03 +6.298657769e+03 +5.872907769e+03 +5.872907769e+03
5805 +3.974997042e+03 +3.974997042e+03 +3.549247042e+03 +3.549247042e+03
11615 +2.477372775e+03 +2.477372775e+03 +2.051622775e+03 +2.051622775e+03
11905 +1.431743071e+03 +1.431743071e+03 +1.005993071e+03 +1.005993071e+03
12051 +9.068752311e+02 +9.068752311e+02 +4.811252311e+02 +4.811252311e+02
12311 +5.782840694e+02 +5.782840694e+02 +1.525340694e+02 +1.525340694e+02
13148 +3.816846445e+02 +3.816846445e+02 -4.406535546e+01 -4.406535546e+01
14326 +2.271217467e+02 +2.271217467e+02 -1.986282533e+02 -1.986282533e+02
17538 +1.583293407e+02 +1.583293407e+02 -2.674206593e+02 -2.674206593e+02
23124 +9.980987206e+01 +9.980987206e+01 -3.259401279e+02 -3.259401279e+02
% function evaluation | noise-free fitness - Fopt (-2.209000000000e+02) | best noise-free fitness - Fopt | measured fitness | best measured fitness | x1 | x2...
1 +6.117716312e+05 +6.117716312e+05 +6.115507312e+05 +6.115507312e+05
62 +3.471833700e+05 +3.471833700e+05 +3.469624700e+05 +3.469624700e+05
159 +2.008227817e+05 +2.008227817e+05 +2.006018817e+05 +2.006018817e+05
196 +1.445493703e+05 +1.445493703e+05 +1.443284703e+05 +1.443284703e+05
223 +8.197054039e+04 +8.197054039e+04 +8.174964039e+04 +8.174964039e+04
421 +6.136928483e+04 +6.136928483e+04 +6.114838483e+04 +6.114838483e+04
774 +3.548368803e+04 +3.548368803e+04 +3.526278803e+04 +3.526278803e+04
896 +2.208955684e+04 +2.208955684e+04 +2.186865684e+04 +2.186865684e+04
1314 +1.457731408e+04 +1.457731408e+04 +1.435641408e+04 +1.435641408e+04
2344 +8.458959316e+03 +8.458959316e+03 +8.238059316e+03 +8.238059316e+03
3001 +6.115912379e+03 +6.115912379e+03 +5.895012379e+03 +5.895012379e+03
4435 +3.820416716e+03 +3.820416716e+03 +3.599516716e+03 +3.599516716e+03
4484 +2.455170017e+03 +2.455170017e+03 +2.234270017e+03 +2.234270017e+03
4644 +1.518332580e+03 +1.518332580e+03 +1.297432580e+03 +1.297432580e+03
5878 +8.988092935e+02 +8.988092935e+02 +6.779092935e+02 +6.779092935e+02
7203 +6.204174601e+02 +6.204174601e+02 +3.995174601e+02 +3.995174601e+02
9436 +3.804089843e+02 +3.804089843e+02 +1.595089843e+02 +1.595089843e+02
11860 +2.462619689e+02 +2.462619689e+02 +2.536196893e+01 +2.536196893e+01
15726 +1.567700413e+02 +1.567700413e+02 -6.412995866e+01 -6.412995866e+01
23749 +9.993755910e+01 +9.993755910e+01 -1.209624409e+02 -1.209624409e+02
% function evaluation | noise-free fitness - Fopt (-3.594800000000e+02) | best noise-free fitness - Fopt | measured fitness | best measured fitness | x1 | x2...
1 +8.391354905e+05 +8.391354905e+05 +8.387760105e+05 +8.387760105e+05
8 +5.593834927e+05 +5.593834927e+05 +5.590240127e+05 +5.590240127e+05
73 +3.149583003e+05 +3.149583003e+05 +3.145988203e+05 +3.145988203e+05
89 +2.491995657e+05 +2.491995657e+05 +2.488400857e+05 +2.488400857e+05
333 +1.573328346e+05 +1.573328346e+05 +1.569733546e+05 +1.569733546e+05
420 +6.630530525e+04 +6.630530525e+04 +6.594582525e+04 +6.594582525e+04
525 +5.886638351e+04 +5.886638351e+04 +5.850690351e+04 +5.850690351e+04
721 +3.720566461e+04 +3.720566461e+04 +3.684618461e+04 +3.684618461e+04
1021 +1.608116259e+04 +1.608116259e+04 +1.572168259e+04 +1.572168259e+04
1162 +1.530667156e+04 +1.530667156e+04 +1.494719156e+04 +1.494719156e+04
1772 +9.507359657e+03 +9.507359657e+03 +9.147879657e+03 +9.147879657e+03
2115 +4.856433267e+03 +4.856433267e+03 +4.496953267e+03 +4.496953267e+03
2466 +3.932574096e+03 +3.932574096e+03 +3.573094096e+03 +3.573094096e+03
2591 +2.431479084e+03 +2.431479084e+03 +2.071999084e+03 +2.071999084e+03
3461 +1.531544203e+03 +1.531544203e+03 +1.172064203e+03 +1.172064203e+03
4275 +9.409940739e+02 +9.409940739e+02 +5.815140739e+02 +5.815140739e+02
5622 +6.246647441e+02 +6.246647441e+02 +2.651847441e+02 +2.651847441e+02
8055 +3.865387943e+02 +3.865387943e+02 +2.705879432e+01 +2.705879432e+01
11407 +2.454386656e+02 +2.454386656e+02 -1.140413344e+02 -1.140413344e+02
21213 +1.573920212e+02 +1.573920212e+02 -2.020879788e+02 -2.020879788e+02
40382 +9.874251951e+01 +9.874251951e+01 -2.607374805e+02 -2.607374805e+02
% function evaluation | noise-free fitness - Fopt (2.748000000000e+01) | best noise-free fitness - Fopt | measured fitness | best measured fitness | x1 | x2...
1 +1.688112247e+06 +1.688112247e+06 +1.688139727e+06 +1.688139727e+06
4 +1.070756750e+06 +1.070756750e+06 +1.070784230e+06 +1.070784230e+06
5 +9.823412025e+05 +9.823412025e+05 +9.823686825e+05 +9.823686825e+05
25 +4.027508920e+05 +4.027508920e+05 +4.027783720e+05 +4.027783720e+05
125 +2.400675579e+05 +2.400675579e+05 +2.400950379e+05 +2.400950379e+05
359 +1.348230990e+05 +1.348230990e+05 +1.348505790e+05 +1.348505790e+05
595 +8.511523703e+04 +8.511523703e+04 +8.514271703e+04 +8.514271703e+04
807 +5.306065712e+04 +5.306065712e+04 +5.308813712e+04 +5.308813712e+04
1024 +3.843248659e+04 +3.843248659e+04 +3.845996659e+04 +3.845996659e+04
1454 +2.380132636e+04 +2.380132636e+04 +2.382880636e+04 +2.382880636e+04
1969 +1.333617414e+04 +1.333617414e+04 +1.336365414e+04 +1.336365414e+04
2713 +9.930261460e+03 +9.930261460e+03 +9.957741460e+03 +9.957741460e+03
3215 +5.720259550e+03 +5.720259550e+03 +5.747739550e+03 +5.747739550e+03
3778 +3.434640266e+03 +3.434640266e+03 +3.462120266e+03 +3.462120266e+03
5333 +2.377878270e+03 +2.377878270e+03 +2.405358270e+03 +2.405358270e+03
6437 +1.380139092e+03 +1.380139092e+03 +1.407619092e+03 +1.407619092e+03
7576 +9.806077341e+02 +9.806077341e+02 +1.008087734e+03 +1.008087734e+03
9333 +6.114356513e+02 +6.114356513e+02 +6.389156513e+02 +6.389156513e+02
11837 +3.969779386e+02 +3.969779386e+02 +4.244579386e+02 +4.244579386e+02
14414 +2.461386061e+02 +2.461386061e+02 +2.736186061e+02 +2.736186061e+02
23841 +1.554155476e+02 +1.554155476e+02 +1.828955476e+02 +1.828955476e+02
30394 +9.862596801e+01 +9.862596801e+01 +1.261059680e+02 +1.261059680e+02
% function evaluation | noise-free fitness - Fopt (3.609000000000e+01) | best noise-free fitness - Fopt | measured fitness | best measured fitness | x1 | x2...
1 +2.084030627e+06 +2.084030627e+06 +2.084066717e+06 +2.084066717e+06
2 +1.559903610e+06 +1.559903610e+06 +1.559939700e+06 +1.559939700e+06
22 +7.853205095e+05 +7.853205095e+05 +7.853565995e+05 +7.853565995e+05
62 +4.300177769e+05 +4.300177769e+05 +4.300538669e+05 +4.300538669e+05
90 +2.177603872e+05 +2.177603872e+05 +2.177964772e+05 +2.177964772e+05
251 +9.389942374e+04 +9.389942374e+04 +9.393551374e+04 +9.393551374e+04
375 +5.267828730e+04 +5.267828730e+04 +5.271437730e+04 +5.271437730e+04
784 +3.959912353e+04 +3.959912353e+04 +3.963521353e+04 +3.963521353e+04
1207 +1.643438421e+04 +1.643438421e+04 +1.647047421e+04 +1.647047421e+04
1367 +1.556028616e+04 +1.556028616e+04 +1.559637616e+04 +1.559637616e+04
1450 +8.989694477e+03 +8.989694477e+03 +9.025784477e+03 +9.025784477e+03
2186 +5.831600404e+03 +5.831600404e+03 +5.867690404e+03 +5.867690404e+03
2755 +3.152564610e+03 +3.152564610e+03 +3.188654610e+03 +3.188654610e+03
3475 +2.476652699e+03 +2.476652699e+03 +2.512742699e+03 +2.512742699e+03
4246 +1.430837458e+03 +1.430837458e+03 +1.466927458e+03 +1.466927458e+03
5126 +9.591552081e+02 +9.591552081e+02 +9.952452081e+02 +9.952452081e+02
6305 +6.185339346e+02 +6.185339346e+02 +6.546239346e+02 +6.546239346e+02
7647 +3.834031070e+02 +3.834031070e+02 +4.194931070e+02 +4.194931070e+02
14503 +2.495775542e+02 +2.495775542e+02 +2.856675542e+02 +2.856675542e+02
39469 +1.558110063e+02 +1.558110063e+02 +1.919010063e+02 +1.919010063e+02
44097 +9.987196190e+01 +9.987196190e+01 +1.359619619e+02 +1.359619619e+02
% function evaluation | noise-free fitness - Fopt (-5.791000000000e+01) | best noise-free fitness - Fopt | measured fitness | best measured fitness | x1 | x2...
1 +1.922908155e+06 +1.922908155e+06 +1.922850245e+06 +1.922850245e+06
2 +3.517696304e+05 +3.517696304e+05 +3.517117204e+05 +3.517117204e+05
142 +1.532888047e+05 +1.532888047e+05 +1.532308947e+05 +1.532308947e+05
367 +8.607198893e+04 +8.607198893e+04 +8.601407893e+04 +8.601407893e+04
467 +6.150518894e+04 +6.150518894e+04 +6.144727894e+04 +6.144727894e+04
877 +3.546307891e+04 +3.546307891e+04 +3.540516891e+04 +3.540516891e+04
1042 +2.452691851e+04 +2.452691851e+04 +2.446900851e+04 +2.446900851e+04
1816 +1.428079900e+04 +1.428079900e+04 +1.422288900e+04 +1.422288900e+04
1902 +8.253675834e+03 +8.253675834e+03 +8.195765834e+03 +8.195765834e+03
2578 +6.234872957e+03 +6.234872957e+03 +6.176962957e+03 +6.176962957e+03
3343 +3.923458759e+03 +3.923458759e+03 +3.865548759e+03 +3.865548759e+03
4773 +2.459554810e+03 +2.459554810e+03 +2.401644810e+03 +2.401644810e+03
5783 +1.389209525e+03 +1.389209525e+03 +1.331299525e+03 +1.331299525e+03
7481 +9.534413086e+02 +9.534413086e+02 +8.955313086e+02 +8.955313086e+02
8703 +6.304982496e+02 +6.304982496e+02 +5.725882496e+02 +5.725882496e+02
11132 +3.891711516e+02 +3.891711516e+02 +3.312611516e+02 +3.312611516e+02
14441 +2.509224453e+02 +2.509224453e+02 +1.930124453e+02 +1.930124453e+02
22658 +1.582795719e+02 +1.582795719e+02 +1.003695719e+02 +1.003695719e+02
42027 +9.950912714e+01 +9.950912714e+01 +4.159912714e+01 +4.159912714e+01
% function evaluation | noise-free fitness - Fopt (-3.349100000000e+02) | best noise-free fitness - Fopt | measured fitness | best measured fitness | x1 | x2...
1 +1.175462581e+06 +1.175462581e+06 +1.175127671e+06 +1.175127671e+06
7 +8.141441223e+05 +8.141441223e+05 +8.138092123e+05 +8.138092123e+05
14 +5.700677353e+05 +5.700677353e+05 +5.697328253e+05 +5.697328253e+05
64 +2.268969197e+05 +2.268969197e+05 +2.265620097e+05 +2.265620097e+05
324 +8.189429715e+04 +8.189429715e+04 +8.155938715e+04 +8.155938715e+04
573 +5.192561575e+04 +5.192561575e+04 +5.159070575e+04 +5.159070575e+04
865 +2.527139572e+04 +2.527139572e+04 +2.493648572e+04 +2.493648572e+04
1028 +2.458978248e+04 +2.458978248e+04 +2.425487248e+04 +2.425487248e+04
1360 +1.522930043e+04 +1.522930043e+04 +1.489439043e+04 +1.489439043e+04
1609 +7.102910098e+03 +7.102910098e+03 +6.768000098e+03 +6.768000098e+03
1814 +6.155640092e+03 +6.155640092e+03 +5.820730092e+03 +5.820730092e+03
2315 +2.757621376e+03 +2.757621376e+03 +2.422711376e+03 +2.422711376e+03
2753 +2.465531354e+03 +2.465531354e+03 +2.130621354e+03 +2.130621354e+03
3921 +1.564256021e+03 +1.564256021e+03 +1.229346021e+03 +1.229346021e+03
5449 +9.804413091e+02 +9.804413091e+02 +6.455313091e+02 +6.455313091e+02
7319 +5.992286429e+02 +5.992286429e+02 +2.643186429e+02 +2.643186429e+02
10037 +3.931708002e+02 +3.931708002e+02 +5.826080020e+01 +5.826080020e+01
14434 +2.500474795e+02 +2.500474795e+02 -8.486252050e+01 -8.486252050e+01
% function evaluation | noise-free fitness - Fopt (-4.670000000000e+01) | best noise-free fitness - Fopt | measured fitness | best measured fitness | x1 | x2...
1 +1.298041195e+06 +1.298041195e+06 +1.297994495e+06 +1.297994495e+06
21 +8.447609651e+05 +8.447609651e+05 +8.447142651e+05 +8.447142651e+05
60 +6.075875790e+05 +6.075875790e+05 +6.075408790e+05 +6.075408790e+05
68 +3.669123196e+05 +3.669123196e+05 +3.668656196e+05 +3.668656196e+05
289 +2.327777579e+05 +2.327777579e+05 +2.327310579e+05 +2.327310579e+05
442 +1.388344771e+05 +1.388344771e+05 +1.387877771e+05 +1.387877771e+05
584 +7.399946963e+04 +7.399946963e+04 +7.395276963e+04 +7.395276963e+04
752 +5.906851527e+04 +5.906851527e+04 +5.902181527e+04 +5.902181527e+04
1047 +3.153463816e+04 +3.153463816e+04 +3.148793816e+04 +3.148793816e+04
1336 +2.466729932e+04 +2.466729932e+04 +2.462059932e+04 +2.462059932e+04
1529 +1.574092332e+04 +1.574092332e+04 +1.569422332e+04 +1.569422332e+04
2766 +9.612819093e+03 +9.612819093e+03 +9.566119093e+03 +9.566119093e+03
4622 +5.716196087e+03 +5.716196087e+03 +5.669496087e+03 +5.669496087e+03
5554 +3.810799990e+03 +3.810799990e+03 +3.764099990e+03 +3.764099990e+03
5971 +2.489431837e+03 +2.489431837e+03 +2.442731837e+03 +2.442731837e+03
6225 +1.258464322e+03 +1.258464322e+03 +1.211764322e+03 +1.211764322e+03
7488 +8.686593532e+02 +8.686593532e+02 +8.219593532e+02 +8.219593532e+02
8176 +6.125319645e+02 +6.125319645e+02 +5.658319645e+02 +5.658319645e+02
10406 +3.930519054e+02 +3.930519054e+02 +3.463519054e+02 +3.463519054e+02
15905 +2.506034672e+02 +2.506034672e+02 +2.039034672e+02 +2.039034672e+02
23870 +1.583560012e+02 +1.583560012e+02 +1.116560012e+02 +1.116560012e+02
% function evaluation | noise-free fitness - Fopt (-9.308000000000e+01) | best noise-free fitness - Fopt | measured fitness | best measured fitness | x1 | x2...
1 +1.657817803e+06 +1.657817803e+06 +1.657724723e+06 +1.657724723e+06
4 +1.334353905e+06 +1.334353905e+06 +1.334260825e+06 +1.334260825e+06
8 +6.094044362e+05 +6.094044362e+05 +6.093113562e+05 +6.093113562e+05
53 +3.958404884e+05 +3.958404884e+05 +3.957474084e+05 +3.957474084e+05
137 +2.325233224e+05 +2.325233224e+05 +2.324302424e+05 +2.324302424e+05
184 +1.417355626e+05 +1.417355626e+05 +1.416424826e+05 +1.416424826e+05
333 +9.304905420e+04 +9.304905420e+04 +9.295597420e+04 +9.295597420e+04
454 +5.289415699e+04 +5.289415699e+04 +5.280107699e+04 +5.280107699e+04
1040 +3.608253697e+04 +3.608253697e+04 +3.598945697e+04 +3.598945697e+04
1295 +2.433662044e+04 +2.433662044e+04 +2.424354044e+04 +2.424354044e+04
2081 +1.560899001e+04 +1.560899001e+04 +1.551591001e+04 +1.551591001e+04
2817 +9.620451438e+03 +9.620451438e+03 +9.527371438e+03 +9.527371438e+03
3609 +6.082113903e+03 +6.082113903e+03 +5.989033903e+03 +5.989033903e+03
4154 +3.782621602e+03 +3.782621602e+03 +3.689541602e+03 +3.689541602e+03
5219 +2.182888758e+03 +2.182888758e+03 +2.089808758e+03 +2.089808758e+03
5804 +1.403940273e+03 +1.403940273e+03 +1.310860273e+03 +1.310860273e+03
7549 +8.090347091e+02 +8.090347091e+02 +7.159547091e+02 +7.159547091e+02
8109 +6.260700722e+02 +6.260700722e+02 +5.329900722e+02 +5.329900722e+02
10130 +3.952209231e+02 +3.952209231e+02 +3.021409231e+02 +3.021409231e+02
13240 +2.503266906e+02 +2.503266906e+02 +1.572466906e+02 +1.572466906e+02
19243 +1.576649090e+02 +1.576649090e+02 +6.458490898e+01 +6.458490898e+01
26682 +9.968454259e+01 +9.968454259e+01 +6.604542587e+00 +6.604542587e+00
% function evaluation | noise-free fitness - Fopt (4.168000000000e+01) | best noise-free fitness - Fopt | measured fitness | best measured fitness | x1 | x2...
1 +1.611642010e+06 +1.611642010e+06 +1.611683690e+06 +1.611683690e+06
5 +9.681556434e+05 +9.681556434e+05 +9.681973234e+05 +9.681973234e+05
42 +5.474402215e+05 +5.474402215e+05 +5.474819015e+05 +5.474819015e+05
53 +3.867122659e+05 +3.867122659e+05 +3.867539459e+05 +3.867539459e+05
130 +1.837205555e+05 +1.837205555e+05 +1.837622355e+05 +1.837622355e+05
171 +1.341081881e+05 +1.341081881e+05 +1.341498681e+05 +1.341498681e+05
405 +8.849064551e+04 +8.849064551e+04 +8.853232551e+04 +8.853232551e+04
759 +6.300472307e+04 +6.300472307e+04 +6.304640307e+04 +6.304640307e+04
1211 +3.078847467e+04 +3.078847467e+04 +3.083015467e+04 +3.083015467e+04
1328 +2.032632032e+04 +2.032632032e+04 +2.036800032e+04 +2.036800032e+04
1683 +1.550184447e+04 +1.550184447e+04 +1.554352447e+04 +1.554352447e+04
2010 +8.980717297e+03 +8.980717297e+03 +9.022397297e+03 +9.022397297e+03
3503 +5.778978602e+03 +5.778978602e+03 +5.820658602e+03 +5.820658602e+03
4581 +3.770992792e+03 +3.770992792e+03 +3.812672792e+03 +3.812672792e+03
5594 +2.195897459e+03 +2.195897459e+03 +2.237577459e+03 +2.237577459e+03
7059 +1.573365112e+03 +1.573365112e+03 +1.615045112e+03 +1.615045112e+03
7738 +9.572736288e+02 +9.572736288e+02 +9.989536288e+02 +9.989536288e+02
10085 +6.257644591e+02 +6.257644591e+02 +6.674444591e+02 +6.674444591e+02
12272 +3.835363593e+02 +3.835363593e+02 +4.252163593e+02 +4.252163593e+02
14297 +2.493651276e+02 +2.493651276e+02 +2.910451276e+02 +2.910451276e+02
19643 +1.573750167e+02 +1.573750167e+02 +1.990550167e+02 +1.990550167e+02
25817 +9.920909645e+01 +9.920909645e+01 +1.408890964e+02 +1.408890964e+02
32495 +6.235264178e+01 +6.235264178e+01 +1.040326418e+02 +1.040326418e+02
35060 +3.886762545e+01 +3.886762545e+01 +8.054762545e+01 +8.054762545e+01
