% function evaluation | noise-free fitness - Fopt (-5.465000000000e+02) | best noise-free fitness - Fopt | measured fitness | best measured fitness | x1 | x2...
1 +5.142409959e+04 +5.142409959e+04 +5.087759959e+04 +5.087759959e+04 -7.8523e-01 -2.6065e+00
2 +5.094394960e+03 +5.094394960e+03 +4.547894960e+03 +4.547894960e+03 -2.0795e+00 -4.7349e-01
7 +6.680443595e+02 +6.680443595e+02 +1.215443595e+02 +1.215443595e+02 -3.7909e+00 +7.7393e-01
9 +4.357496942e+00 +4.357496942e+00 -5.421425031e+02 -5.421425031e+02 +2.8527e-01 +1.4785e+00
15 +3.322046679e+00 +3.322046679e+00 -5.431779533e+02 -5.431779533e+02 +2.1058e-01 +2.3600e+00
21 +2.080873438e+00 +2.080873438e+00 -5.444191266e+02 -5.444191266e+02 +6.3585e-01 +1.6503e+00
103 +1.567278715e+00 +1.567278715e+00 -5.449327213e+02 -5.449327213e+02 -2.1209e+00 +1.2201e+00
175 +9.842986487e-01 +9.842986487e-01 -5.455157014e+02 -5.455157014e+02 -1.8978e+00 +2.1635e+00
204 +4.610858333e-01 +4.610858333e-01 -5.460389142e+02 -5.460389142e+02 -2.1711e+00 +2.0503e+00
242 +2.106941077e-01 +2.106941077e-01 -5.462893059e+02 -5.462893059e+02 -2.1965e+00 +2.0802e+00
331 +1.567136697e-01 +1.567136697e-01 -5.463432863e+02 -5.463432863e+02 -2.1026e+00 +2.0802e+00
332 +8.771547396e-02 +8.771547396e-02 -5.464122845e+02 -5.464122845e+02 -2.0818e+00 +2.1278e+00
374 +7.505464644e-03 +7.505464644e-03 -5.464924945e+02 -5.464924945e+02 -2.1218e+00 +2.1016e+00
526 +3.699598780e-04 +3.699598780e-04 -5.464996300e+02 -5.464996300e+02 -2.1045e+00 +2.1061e+00
563 +2.175550148e-04 +2.175550148e-04 -5.464997824e+02 -5.464997824e+02 -2.1020e+00 +2.1053e+00
678 +6.339505046e-05 +6.339505046e-05 -5.464999366e+02 -5.464999366e+02 -2.1046e+00 +2.1054e+00
694 +2.025199831e-05 +2.025199831e-05 -5.464999797e+02 -5.464999797e+02 -2.1050e+00 +2.1051e+00
741 +6.877528790e-06 +6.877528790e-06 -5.464999931e+02 -5.464999931e+02 -2.1050e+00 +2.1046e+00
751 +4.864730272e-06 +4.864730272e-06 -5.464999951e+02 -5.464999951e+02 -2.1050e+00 +2.1047e+00
763 +1.820265993e-06 +1.820265993e-06 -5.464999982e+02 -5.464999982e+02 -2.1046e+00 +2.1049e+00
781 +9.699031125e-07 +9.699031125e-07 -5.464999990e+02 -5.464999990e+02 -2.1049e+00 +2.1048e+00
792 +1.429800704e-07 +1.429800704e-07 -5.464999999e+02 -5.464999999e+02 -2.1048e+00 +2.1048e+00
868 +8.293579867e-08 +8.293579867e-08 -5.464999999e+02 -5.464999999e+02 -2.1048e+00 +2.1049e+00
871 +5.506478828e-08 +5.506478828e-08 -5.464999999e+02 -5.464999999e+02 -2.1048e+00 +2.1048e+00
881 +2.836895874e-08 +2.836895874e-08 -5.465000000e+02 -5.465000000e+02 -2.1048e+00 +2.1049e+00
903 +5.353513188e-10 +5.353513188e-10 -5.465000000e+02 -5.465000000e+02 -2.1048e+00 +2.1048e+00
978 +2.861497705e-10 +2.861497705e-10 -5.465000000e+02 -5.465000000e+02 -2.1048e+00 +2.1048e+00
995 +2.705746738e-11 +2.705746738e-11 -5.465000000e+02 -5.465000000e+02 -2.1048e+00 +2.1048e+00
1001 +1.728039933e-11 +1.728039933e-11 -5.465000000e+02 -5.465000000e+02 -2.1048e+00 +2.1048e+00
1043 +1.330136001e-11 +1.330136001e-11 -5.465000000e+02 -5.465000000e+02 -2.1048e+00 +2.1048e+00
1054 +3.524291969e-12 +3.524291969e-12 -5.465000000e+02 -5.465000000e+02 -2.1048e+00 +2.1048e+00
1086 +2.387423592e-12 +2.387423592e-12 -5.465000000e+02 -5.465000000e+02 -2.1048e+00 +2.1048e+00
1106 +9.094947018e-13 +9.094947018e-13 -5.465000000e+02 -5.465000000e+02 -2.1048e+00 +2.1048e+00
1112 +1.136868377e-13 +1.136868377e-13 -5.465000000e+02 -5.465000000e+02 -2.1048e+00 +2.1048e+00
1168 +0.000000000e+00 +0.000000000e+00 -5.465000000e+02 -5.465000000e+02 -2.1048e+00 +2.1048e+00
% function evaluation | noise-free fitness - Fopt (1.000000000000e+03) | best noise-free fitness - Fopt | measured fitness | best measured fitness | x1 | x2...
1 +3.334233129e+03 +3.334233129e+03 +4.334233129e+03 +4.334233129e+03 -6.2381e-01 +1.0731e-01
5 +8.499202719e+02 +8.499202719e+02 +1.849920272e+03 +1.849920272e+03 +2.6703e+00 +3.8811e+00
13 +1.126060278e+01 +1.126060278e+01 +1.011260603e+03 +1.011260603e+03 +2.6502e+00 +2.5252e+00
14 +4.873439985e+00 +4.873439985e+00 +1.004873440e+03 +1.004873440e+03 +1.8038e+00 +2.6413e+00
32 +2.156444099e+00 +2.156444099e+00 +1.002156444e+03 +1.002156444e+03 +1.3741e+00 +2.6413e+00
81 +6.751947917e-01 +6.751947917e-01 +1.000675195e+03 +1.000675195e+03 +1.4625e+00 +2.9877e+00
111 +6.182911952e-01 +6.182911952e-01 +1.000618291e+03 +1.000618291e+03 +1.5141e+00 +2.9994e+00
1554 +1.091991318e-02 +1.091991318e-02 +1.000010920e+03 +1.000010920e+03 -2.0930e+00 +2.1132e+00
1816 +4.877822317e-03 +4.877822317e-03 +1.000004878e+03 +1.000004878e+03 -2.1156e+00 +2.0994e+00
1865 +3.522614776e-03 +3.522614776e-03 +1.000003523e+03 +1.000003523e+03 -2.1114e+00 +2.1001e+00
1977 +5.286829781e-04 +5.286829781e-04 +1.000000529e+03 +1.000000529e+03 -2.1090e+00 +2.1044e+00
1981 +3.666392956e-05 +3.666392956e-05 +1.000000037e+03 +1.000000037e+03 -2.1053e+00 +2.1044e+00
2076 +9.037434438e-06 +9.037434438e-06 +1.000000009e+03 +1.000000009e+03 -2.1051e+00 +2.1046e+00
2122 +4.482185659e-06 +4.482185659e-06 +1.000000004e+03 +1.000000004e+03 -2.1051e+00 +2.1049e+00
2166 +3.251526891e-06 +3.251526891e-06 +1.000000003e+03 +1.000000003e+03 -2.1047e+00 +2.1050e+00
2169 +1.914708946e-06 +1.914708946e-06 +1.000000002e+03 +1.000000002e+03 -2.1050e+00 +2.1049e+00
2181 +6.774290569e-07 +6.774290569e-07 +1.000000001e+03 +1.000000001e+03 -2.1050e+00 +2.1048e+00
2224 +1.970851145e-07 +1.970851145e-07 +1.000000000e+03 +1.000000000e+03 -2.1049e+00 +2.1048e+00
2234 +5.930280622e-08 +5.930280622e-08 +1.000000000e+03 +1.000000000e+03 -2.1049e+00 +2.1048e+00
2244 +2.056481208e-09 +2.056481208e-09 +1.000000000e+03 +1.000000000e+03 -2.1048e+00 +2.1048e+00
2353 +9.553104974e-10 +9.553104974e-10 +1.000000000e+03 +1.000000000e+03 -2.1048e+00 +2.1048e+00
2367 +5.707079254e-10 +5.707079254e-10 +1.000000000e+03 +1.000000000e+03 -2.1048e+00 +2.1048e+00
2391 +7.833023119e-11 +7.833023119e-11 +1.000000000e+03 +1.000000000e+03 -2.1048e+00 +2.1048e+00
2436 +7.730704965e-12 +7.730704965e-12 +1.000000000e+03 +1.000000000e+03 -2.1048e+00 +2.1048e+00
2483 +5.911715562e-12 +5.911715562e-12 +1.000000000e+03 +1.000000000e+03 -2.1048e+00 +2.1048e+00
2491 +1.250555215e-12 +1.250555215e-12 +1.000000000e+03 +1.000000000e+03 -2.1048e+00 +2.1048e+00
2551 +3.410605132e-13 +3.410605132e-13 +1.000000000e+03 +1.000000000e+03 -2.1048e+00 +2.1048e+00
2568 +2.273736754e-13 +2.273736754e-13 +1.000000000e+03 +1.000000000e+03 -2.1048e+00 +2.1048e+00
2580 +0.000000000e+00 +0.000000000e+00 +1.000000000e+03 +1.000000000e+03 -2.1048e+00 +2.1048e+00
% function evaluation | noise-free fitness - Fopt (2.083800000000e+02) | best noise-free fitness - Fopt | measured fitness | best measured fitness | x1 | x2...
1 +1.879265473e+04 +1.879265473e+04 +1.900103473e+04 +1.900103473e+04 +4.2348e+00 +1.3616e-01
3 +8.390201227e+03 +8.390201227e+03 +8.598581227e+03 +8.598581227e+03 -1.4630e+00 -6.3872e-01
5 +6.264316675e+03 +6.264316675e+03 +6.472696675e+03 +6.472696675e+03 -1.4881e+00 -4.4865e-01
6 +3.425092371e+03 +3.425092371e+03 +3.633472371e+03 +3.633472371e+03 -1.7704e+00 -1.9177e-01
8 +9.873139969e+02 +9.873139969e+02 +1.195693997e+03 +1.195693997e+03 -4.0613e+00 +1.1108e-01
10 +1.693819433e+00 +1.693819433e+00 +2.100738194e+02 +2.100738194e+02 -8.8472e-01 +2.3819e+00
44 +6.790131415e-01 +6.790131415e-01 +2.090590131e+02 +2.090590131e+02 -2.2503e+00 +2.0430e+00
82 +5.900736305e-01 +5.900736305e-01 +2.089700736e+02 +2.089700736e+02 -1.9713e+00 +2.1128e+00
144 +2.010353670e-01 +2.010353670e-01 +2.085810354e+02 +2.085810354e+02 -2.0146e+00 +2.1284e+00
171 +8.258814089e-02 +8.258814089e-02 +2.084625881e+02 +2.084625881e+02 -2.0474e+00 +2.1202e+00
291 +5.864036827e-02 +5.864036827e-02 +2.084386404e+02 +2.084386404e+02 -2.0578e+00 +2.1202e+00
336 +1.107611025e-02 +1.107611025e-02 +2.083910761e+02 +2.083910761e+02 -2.1039e+00 +2.0985e+00
346 +1.106123161e-03 +1.106123161e-03 +2.083811061e+02 +2.083811061e+02 -2.1113e+00 +2.1037e+00
424 +3.210279289e-04 +3.210279289e-04 +2.083803210e+02 +2.083803210e+02 -2.1016e+00 +2.1061e+00
469 +1.150085888e-04 +1.150085888e-04 +2.083801150e+02 +2.083801150e+02 -2.1049e+00 +2.1055e+00
491 +9.926194556e-05 +9.926194556e-05 +2.083800993e+02 +2.083800993e+02 -2.1036e+00 +2.1056e+00
501 +6.156205538e-05 +6.156205538e-05 +2.083800616e+02 +2.083800616e+02 -2.1046e+00 +2.1054e+00
511 +3.096171071e-06 +3.096171071e-06 +2.083800031e+02 +2.083800031e+02 -2.1051e+00 +2.1049e+00
521 +1.225212884e-06 +1.225212884e-06 +2.083800012e+02 +2.083800012e+02 -2.1051e+00 +2.1048e+00
591 +3.006394422e-07 +3.006394422e-07 +2.083800003e+02 +2.083800003e+02 -2.1049e+00 +2.1048e+00
634 +1.965341880e-07 +1.965341880e-07 +2.083800002e+02 +2.083800002e+02 -2.1049e+00 +2.1048e+00
645 +8.162871268e-08 +8.162871268e-08 +2.083800001e+02 +2.083800001e+02 -2.1049e+00 +2.1048e+00
688 +5.584777796e-08 +5.584777796e-08 +2.083800001e+02 +2.083800001e+02 -2.1048e+00 +2.1048e+00
692 +1.460603016e-08 +1.460603016e-08 +2.083800000e+02 +2.083800000e+02 -2.1049e+00 +2.1048e+00
738 +6.396049912e-09 +6.396049912e-09 +2.083800000e+02 +2.083800000e+02 -2.1048e+00 +2.1048e+00
758 +4.877165338e-09 +4.877165338e-09 +2.083800000e+02 +2.083800000e+02 -2.1048e+00 +2.1048e+00
762 +2.191910653e-09 +2.191910653e-09 +2.083800000e+02 +2.083800000e+02 -2.1049e+00 +2.1048e+00
798 +1.031366992e-09 +1.031366992e-09 +2.083800000e+02 +2.083800000e+02 -2.1048e+00 +2.1048e+00
825 +4.794742381e-11 +4.794742381e-11 +2.083800000e+02 +2.083800000e+02 -2.1048e+00 +2.1048e+00
854 +3.288391781e-11 +3.288391781e-11 +2.083800000e+02 +2.083800000e+02 -2.1048e+00 +2.1048e+00
913 +2.142996891e-11 +2.142996891e-11 +2.083800000e+02 +2.083800000e+02 -2.1048e+00 +2.1048e+00
915 +1.182343112e-11 +1.182343112e-11 +2.083800000e+02 +2.083800000e+02 -2.1048e+00 +2.1048e+00
931 +3.780087354e-12 +3.780087354e-12 +2.083800000e+02 +2.083800000e+02 -2.1048e+00 +2.1048e+00
945 +1.904254532e-12 +1.904254532e-12 +2.083800000e+02 +2.083800000e+02 -2.1048e+00 +2.1048e+00
956 +1.051603249e-12 +1.051603249e-12 +2.083800000e+02 +2.083800000e+02 -2.1048e+00 +2.1048e+00
972 +7.389644452e-13 +7.389644452e-13 +2.083800000e+02 +2.083800000e+02 -2.1048e+00 +2.1048e+00
1000 +4.831690603e-13 +4.831690603e-13 +2.083800000e+02 +2.083800000e+02 -2.1048e+00 +2.1048e+00
1003 +1.989519660e-13 +1.989519660e-13 +2.083800000e+02 +2.083800000e+02 -2.1048e+00 +2.1048e+00
1031 +8.526512829e-14 +8.526512829e-14 +2.083800000e+02 +2.083800000e+02 -2.1048e+00 +2.1048e+00
1041 +2.842170943e-14 +2.842170943e-14 +2.083800000e+02 +2.083800000e+02 -2.1048e+00 +2.1048e+00
1098 +0.000000000e+00 +0.000000000e+00 +2.083800000e+02 +2.083800000e+02 -2.1048e+00 +2.1048e+00
% function evaluation | noise-free fitness - Fopt (-1.449600000000e+02) | best noise-free fitness - Fopt | measured fitness | best measured fitness | x1 | x2...
1 +4.429301170e+04 +4.429301170e+04 +4.414805170e+04 +4.414805170e+04 +9.6836e-01 +1.9102e+00
3 +6.872237614e+02 +6.872237614e+02 +5.422637614e+02 +5.422637614e+02 +2.9074e+00 -3.8772e+00
7 +2.744881911e+02 +2.744881911e+02 +1.295281911e+02 +1.295281911e+02 -2.7370e+00 -2.3201e+00
10 +1.651040000e+02 +1.651040000e+02 +2.014400000e+01 +2.014400000e+01 +3.1319e+00 -3.2282e+00
22 +5.666742256e+00 +5.666742256e+00 -1.392932577e+02 -1.392932577e+02 -1.7569e+00 -1.9753e+00
66 +3.920066921e+00 +3.920066921e+00 -1.410399331e+02 -1.410399331e+02 +2.4384e+00 -2.3276e+00
68 +2.347958449e+00 +2.347958449e+00 -1.426120416e+02 -1.426120416e+02 +2.5019e+00 -2.0634e+00
222 +1.273884024e+00 +1.273884024e+00 -1.436861160e+02 -1.436861160e+02 +1.4688e+00 -1.8671e+00
1530 +9.939614160e-01 +9.939614160e-01 -1.439660386e+02 -1.439660386e+02 +1.6110e+00 -3.0591e+00
1594 +6.292403460e-01 +6.292403460e-01 -1.443307597e+02 -1.443307597e+02 +1.4792e+00 -3.0068e+00
4370 +3.848508421e-01 +3.848508421e-01 -1.445751492e+02 -1.445751492e+02 -2.1544e+00 -2.1285e+00
4431 +5.278937382e-02 +5.278937382e-02 -1.449072106e+02 -1.449072106e+02 -2.1506e+00 -2.0928e+00
4541 +1.153622433e-02 +1.153622433e-02 -1.449484638e+02 -1.449484638e+02 -2.1262e+00 -2.0990e+00
4582 +4.042569009e-03 +4.042569009e-03 -1.449559574e+02 -1.449559574e+02 -2.1134e+00 -2.0998e+00
4592 +3.865117515e-03 +3.865117515e-03 -1.449561349e+02 -1.449561349e+02 -2.1166e+00 -2.1007e+00
4642 +1.594029322e-03 +1.594029322e-03 -1.449584060e+02 -1.449584060e+02 -2.1062e+00 -2.1020e+00
4711 +1.459609078e-03 +1.459609078e-03 -1.449585404e+02 -1.449585404e+02 -2.1068e+00 -2.1020e+00
4728 +8.571946663e-04 +8.571946663e-04 -1.449591428e+02 -1.449591428e+02 -2.1081e+00 -2.1056e+00
4731 +3.314165333e-04 +3.314165333e-04 -1.449596686e+02 -1.449596686e+02 -2.1062e+00 -2.1056e+00
4763 +8.320361064e-05 +8.320361064e-05 -1.449599168e+02 -1.449599168e+02 -2.1039e+00 -2.1046e+00
4783 +1.464535097e-05 +1.464535097e-05 -1.449599854e+02 -1.449599854e+02 -2.1056e+00 -2.1046e+00
4842 +3.639466598e-06 +3.639466598e-06 -1.449599964e+02 -1.449599964e+02 -2.1052e+00 -2.1048e+00
4873 +5.015283762e-07 +5.015283762e-07 -1.449599995e+02 -1.449599995e+02 -2.1049e+00 -2.1049e+00
4902 +1.593053298e-07 +1.593053298e-07 -1.449599998e+02 -1.449599998e+02 -2.1048e+00 -2.1049e+00
4912 +1.151772153e-07 +1.151772153e-07 -1.449599999e+02 -1.449599999e+02 -2.1048e+00 -2.1048e+00
4921 +7.632422694e-09 +7.632422694e-09 -1.449600000e+02 -1.449600000e+02 -2.1048e+00 -2.1048e+00
4965 +4.056914804e-10 +4.056914804e-10 -1.449600000e+02 -1.449600000e+02 -2.1048e+00 -2.1048e+00
4994 +3.534523785e-10 +3.534523785e-10 -1.449600000e+02 -1.449600000e+02 -2.1048e+00 -2.1048e+00
% function evaluation | noise-free fitness - Fopt (-6.300000000000e+00) | best noise-free fitness - Fopt | measured fitness | best measured fitness | x1 | x2...
1 +1.252423740e+05 +1.252423740e+05 +1.252360740e+05 +1.252360740e+05 -2.1827e+00 +3.8746e+00
2 +5.940939225e+00 +5.940939225e+00 -3.590607751e-01 -3.590607751e-01 +1.7493e+00 -2.0107e+00
12 +3.720326461e+00 +3.720326461e+00 -2.579673539e+00 -2.579673539e+00 -5.7756e-01 -2.2562e+00
93 +1.378537293e+00 +1.378537293e+00 -4.921462707e+00 -4.921462707e+00 -1.6499e+00 -3.0069e+00
212 +9.387594788e-01 +9.387594788e-01 -5.361240521e+00 -5.361240521e+00 -1.6301e+00 -3.0434e+00
475 +5.923572193e-01 +5.923572193e-01 -5.707642781e+00 -5.707642781e+00 -1.5104e+00 -3.0082e+00
3661 +5.049102636e-02 +5.049102636e-02 -6.249508974e+00 -6.249508974e+00 +2.1335e+00 -2.1085e+00
3861 +3.756160733e-02 +3.756160733e-02 -6.262438393e+00 -6.262438393e+00 +2.1335e+00 -2.0895e+00
3892 +2.082396059e-02 +2.082396059e-02 -6.279176039e+00 -6.279176039e+00 +2.0768e+00 -2.1097e+00
3907 +5.700805292e-04 +5.700805292e-04 -6.299429919e+00 -6.299429919e+00 +2.1033e+00 -2.1038e+00
3981 +5.105392077e-05 +5.105392077e-05 -6.299948946e+00 -6.299948946e+00 +2.1061e+00 -2.1043e+00
4018 +2.549455580e-05 +2.549455580e-05 -6.299974505e+00 -6.299974505e+00 +2.1051e+00 -2.1045e+00
4064 +2.096616497e-05 +2.096616497e-05 -6.299979034e+00 -6.299979034e+00 +2.1057e+00 -2.1047e+00
4089 +1.183027130e-05 +1.183027130e-05 -6.299988170e+00 -6.299988170e+00 +2.1055e+00 -2.1046e+00
4114 +4.167581199e-06 +4.167581199e-06 -6.299995832e+00 -6.299995832e+00 +2.1045e+00 -2.1050e+00
4119 +1.318208525e-06 +1.318208525e-06 -6.299998682e+00 -6.299998682e+00 +2.1050e+00 -2.1048e+00
4133 +6.116255493e-07 +6.116255493e-07 -6.299999388e+00 -6.299999388e+00 +2.1047e+00 -2.1049e+00
4145 +2.208214456e-07 +2.208214456e-07 -6.299999779e+00 -6.299999779e+00 +2.1048e+00 -2.1048e+00
4180 +3.490636313e-08 +3.490636313e-08 -6.299999965e+00 -6.299999965e+00 +2.1048e+00 -2.1048e+00
4207 +1.770036562e-08 +1.770036562e-08 -6.299999982e+00 -6.299999982e+00 +2.1048e+00 -2.1048e+00
4211 +1.036931607e-08 +1.036931607e-08 -6.299999990e+00 -6.299999990e+00 +2.1049e+00 -2.1048e+00
4227 +9.941207857e-09 +9.941207857e-09 -6.299999990e+00 -6.299999990e+00 +2.1049e+00 -2.1048e+00
4251 +5.463640207e-09 +5.463640207e-09 -6.299999995e+00 -6.299999995e+00 +2.1048e+00 -2.1048e+00
4256 +4.477680449e-10 +4.477680449e-10 -6.300000000e+00 -6.300000000e+00 +2.1048e+00 -2.1048e+00
4273 +2.180762237e-10 +2.180762237e-10 -6.300000000e+00 -6.300000000e+00 +2.1048e+00 -2.1048e+00
4301 +4.811351317e-11 +4.811351317e-11 -6.300000000e+00 -6.300000000e+00 +2.1048e+00 -2.1048e+00
4319 +1.671729422e-11 +1.671729422e-11 -6.300000000e+00 -6.300000000e+00 +2.1048e+00 -2.1048e+00
4351 +1.117328452e-12 +1.117328452e-12 -6.300000000e+00 -6.300000000e+00 +2.1048e+00 -2.1048e+00
4419 +3.606004384e-13 +3.606004384e-13 -6.300000000e+00 -6.300000000e+00 +2.1048e+00 -2.1048e+00
4432 +1.598721155e-13 +1.598721155e-13 -6.300000000e+00 -6.300000000e+00 +2.1048e+00 -2.1048e+00
4463 +4.796163466e-14 +4.796163466e-14 -6.300000000e+00 -6.300000000e+00 +2.1048e+00 -2.1048e+00
4465 +3.108624469e-14 +3.108624469e-14 -6.300000000e+00 -6.300000000e+00 +2.1048e+00 -2.1048e+00
4483 +1.332267630e-14 +1.332267630e-14 -6.300000000e+00 -6.300000000e+00 +2.1048e+00 -2.1048e+00
4492 +7.993605777e-15 +7.993605777e-15 -6.300000000e+00 -6.300000000e+00 +2.1048e+00 -2.1048e+00
4521 +2.664535259e-15 +2.664535259e-15 -6.300000000e+00 -6.300000000e+00 +2.1048e+00 -2.1048e+00
4623 +1.776356839e-15 +1.776356839e-15 -6.300000000e+00 -6.300000000e+00 +2.1048e+00 -2.1048e+00
4735 +8.881784197e-16 +8.881784197e-16 -6.300000000e+00 -6.300000000e+00 +2.1048e+00 -2.1048e+00
% function evaluation | noise-free fitness - Fopt (-2.206000000000e+01) | best noise-free fitness - Fopt | measured fitness | best measured fitness | x1 | x2...
1 +1.310830422e+01 +1.310830422e+01 -8.951695779e+00 -8.951695779e+00 +2.6245e+00 +1.8488e+00
2 +2.431598860e+00 +2.431598860e+00 -1.962840114e+01 -1.962840114e+01 +2.2826e+00 +1.2258e+00
13 +7.749655977e-01 +7.749655977e-01 -2.128503440e+01 -2.128503440e+01 +2.1983e+00 +2.1292e+00
61 +2.845217308e-01 +2.845217308e-01 -2.177547827e+01 -2.177547827e+01 +2.1925e+00 +2.1021e+00
63 +1.247862850e-01 +1.247862850e-01 -2.193521372e+01 -2.193521372e+01 +2.1152e+00 +2.1243e+00
161 +3.828410833e-03 +3.828410833e-03 -2.205617159e+01 -2.205617159e+01 +2.0925e+00 +2.1077e+00
185 +8.516158441e-04 +8.516158441e-04 -2.205914838e+01 -2.205914838e+01 +2.1078e+00 +2.1057e+00
211 +1.115303432e-04 +1.115303432e-04 -2.205988847e+01 -2.205988847e+01 +2.1033e+00 +2.1057e+00
321 +6.295244254e-05 +6.295244254e-05 -2.205993705e+01 -2.205993705e+01 +2.1033e+00 +2.1051e+00
332 +2.598107863e-05 +2.598107863e-05 -2.205997402e+01 -2.205997402e+01 +2.1052e+00 +2.1045e+00
352 +2.066553376e-05 +2.066553376e-05 -2.205997933e+01 -2.205997933e+01 +2.1050e+00 +2.1051e+00
412 +6.540218234e-06 +6.540218234e-06 -2.205999346e+01 -2.205999346e+01 +2.1050e+00 +2.1050e+00
425 +6.191301310e-06 +6.191301310e-06 -2.205999381e+01 -2.205999381e+01 +2.1052e+00 +2.1046e+00
440 +1.581890036e-06 +1.581890036e-06 -2.205999842e+01 -2.205999842e+01 +2.1050e+00 +2.1048e+00
450 +7.805863333e-08 +7.805863333e-08 -2.205999992e+01 -2.205999992e+01 +2.1048e+00 +2.1048e+00
516 +4.037675794e-08 +4.037675794e-08 -2.205999996e+01 -2.205999996e+01 +2.1048e+00 +2.1048e+00
521 +1.312344367e-08 +1.312344367e-08 -2.205999999e+01 -2.205999999e+01 +2.1048e+00 +2.1048e+00
561 +2.529791487e-09 +2.529791487e-09 -2.206000000e+01 -2.206000000e+01 +2.1048e+00 +2.1048e+00
593 +1.162231200e-09 +1.162231200e-09 -2.206000000e+01 -2.206000000e+01 +2.1049e+00 +2.1048e+00
602 +8.762732762e-10 +8.762732762e-10 -2.206000000e+01 -2.206000000e+01 +2.1048e+00 +2.1048e+00
629 +2.095177365e-10 +2.095177365e-10 -2.206000000e+01 -2.206000000e+01 +2.1048e+00 +2.1048e+00
655 +1.337241429e-10 +1.337241429e-10 -2.206000000e+01 -2.206000000e+01 +2.1048e+00 +2.1048e+00
725 +5.053379937e-11 +5.053379937e-11 -2.206000000e+01 -2.206000000e+01 +2.1048e+00 +2.1048e+00
733 +2.519584541e-11 +2.519584541e-11 -2.206000000e+01 -2.206000000e+01 +2.1048e+00 +2.1048e+00
746 +1.047695264e-11 +1.047695264e-11 -2.206000000e+01 -2.206000000e+01 +2.1048e+00 +2.1048e+00
754 +2.170708058e-12 +2.170708058e-12 -2.206000000e+01 -2.206000000e+01 +2.1048e+00 +2.1048e+00
831 +1.083577672e-12 +1.083577672e-12 -2.206000000e+01 -2.206000000e+01 +2.1048e+00 +2.1048e+00
846 +2.380318165e-13 +2.380318165e-13 -2.206000000e+01 -2.206000000e+01 +2.1048e+00 +2.1048e+00
923 +8.171241461e-14 +8.171241461e-14 -2.206000000e+01 -2.206000000e+01 +2.1048e+00 +2.1048e+00
930 +7.105427358e-15 +7.105427358e-15 -2.206000000e+01 -2.206000000e+01 +2.1048e+00 +2.1048e+00
935 +3.552713679e-15 +3.552713679e-15 -2.206000000e+01 -2.206000000e+01 +2.1048e+00 +2.1048e+00
1071 +0.000000000e+00 +0.000000000e+00 -2.206000000e+01 -2.206000000e+01 +2.1048e+00 +2.1048e+00
% function evaluation | noise-free fitness - Fopt (7.129000000000e+01) | best noise-free fitness - Fopt | measured fitness | best measured fitness | x1 | x2...
1 +1.880001274e+04 +1.880001274e+04 +1.887130274e+04 +1.887130274e+04 -7.5316e-01 -1.1815e+00
3 +1.371293357e+04 +1.371293357e+04 +1.378422357e+04 +1.378422357e+04 -1.8388e+00 +4.1476e+00
4 +2.354917081e+03 +2.354917081e+03 +2.426207081e+03 +2.426207081e+03 +2.2927e+00 +4.0956e+00
8 +3.869485963e+02 +3.869485963e+02 +4.582385963e+02 +4.582385963e+02 +2.0923e+00 +3.5889e+00
12 +4.302122504e+00 +4.302122504e+00 +7.559212250e+01 +7.559212250e+01 +6.9541e-01 +2.6800e+00
23 +3.841255213e+00 +3.841255213e+00 +7.513125521e+01 +7.513125521e+01 +2.3609e+00 +3.2911e+00
50 +2.083548727e+00 +2.083548727e+00 +7.337354873e+01 +7.337354873e+01 -9.1728e-01 +1.2328e+00
380 +1.181714829e+00 +1.181714829e+00 +7.247171483e+01 +7.247171483e+01 -1.0736e+00 +2.3536e+00
3322 +7.267466895e-01 +7.267466895e-01 +7.201674669e+01 +7.201674669e+01 +1.4540e+00 +3.0085e+00
3473 +6.145615201e-01 +6.145615201e-01 +7.190456152e+01 +7.190456152e+01 +1.4936e+00 +2.9972e+00
% function evaluation | noise-free fitness - Fopt (-1.054000000000e+01) | best noise-free fitness - Fopt | measured fitness | best measured fitness | x1 | x2...
1 +3.535513123e+04 +3.535513123e+04 +3.534459123e+04 +3.534459123e+04 -1.9383e+00 +1.3138e+00
2 +1.467482063e+01 +1.467482063e+01 +4.134820626e+00 +4.134820626e+00 +2.6479e+00 -1.8827e+00
7 +4.652931417e+00 +4.652931417e+00 -5.887068583e+00 -5.887068583e+00 +2.5068e+00 -1.7056e+00
26 +3.041338235e+00 +3.041338235e+00 -7.498661765e+00 -7.498661765e+00 -5.1059e-01 -1.6692e+00
47 +1.489031373e+00 +1.489031373e+00 -9.050968627e+00 -9.050968627e+00 -1.4012e+00 -3.0309e+00
102 +6.824626760e-01 +6.824626760e-01 -9.857537324e+00 -9.857537324e+00 -1.4769e+00 -2.9850e+00
136 +6.229154015e-01 +6.229154015e-01 -9.917084598e+00 -9.917084598e+00 -1.5149e+00 -2.9987e+00
1462 +3.463963875e-01 +3.463963875e-01 -1.019360361e+01 -1.019360361e+01 +2.2043e+00 -2.0600e+00
1522 +1.229290428e-01 +1.229290428e-01 -1.041707096e+01 -1.041707096e+01 +2.1723e+00 -2.0821e+00
1701 +8.452428590e-02 +8.452428590e-02 -1.045547571e+01 -1.045547571e+01 +2.1504e+00 -2.0821e+00
1722 +1.136504456e-02 +1.136504456e-02 -1.052863496e+01 -1.052863496e+01 +2.0884e+00 -2.1047e+00
1731 +8.610141036e-04 +8.610141036e-04 -1.053913899e+01 -1.053913899e+01 +2.1096e+00 -2.1047e+00
1803 +4.882860544e-04 +4.882860544e-04 -1.053951171e+01 -1.053951171e+01 +2.1066e+00 -2.1057e+00
1899 +2.593046876e-04 +2.593046876e-04 -1.053974070e+01 -1.053974070e+01 +2.1056e+00 -2.1056e+00
1907 +2.277631475e-04 +2.277631475e-04 -1.053977224e+01 -1.053977224e+01 +2.1075e+00 -2.1046e+00
1912 +1.051883583e-04 +1.051883583e-04 -1.053989481e+01 -1.053989481e+01 +2.1031e+00 -2.1056e+00
1937 +7.373929334e-05 +7.373929334e-05 -1.053992626e+01 -1.053992626e+01 +2.1032e+00 -2.1054e+00
1944 +1.823972566e-05 +1.823972566e-05 -1.053998176e+01 -1.053998176e+01 +2.1043e+00 -2.1052e+00
1954 +4.211562354e-06 +4.211562354e-06 -1.053999579e+01 -1.053999579e+01 +2.1052e+00 -2.1048e+00
2005 +1.815710052e-06 +1.815710052e-06 -1.053999818e+01 -1.053999818e+01 +2.1051e+00 -2.1047e+00
2024 +1.023467409e-07 +1.023467409e-07 -1.053999990e+01 -1.053999990e+01 +2.1049e+00 -2.1048e+00
2101 +3.794008308e-08 +3.794008308e-08 -1.053999996e+01 -1.053999996e+01 +2.1049e+00 -2.1048e+00
2137 +8.938034313e-09 +8.938034313e-09 -1.053999999e+01 -1.053999999e+01 +2.1048e+00 -2.1049e+00
2144 +2.902073248e-09 +2.902073248e-09 -1.054000000e+01 -1.054000000e+01 +2.1048e+00 -2.1048e+00
2175 +7.470539742e-10 +7.470539742e-10 -1.054000000e+01 -1.054000000e+01 +2.1048e+00 -2.1048e+00
2193 +5.994831298e-10 +5.994831298e-10 -1.054000000e+01 -1.054000000e+01 +2.1048e+00 -2.1048e+00
2194 +6.475708858e-11 +6.475708858e-11 -1.054000000e+01 -1.054000000e+01 +2.1048e+00 -2.1048e+00
2275 +3.304023721e-11 +3.304023721e-11 -1.054000000e+01 -1.054000000e+01 +2.1048e+00 -2.1048e+00
2287 +1.373123837e-12 +1.373123837e-12 -1.054000000e+01 -1.054000000e+01 +2.1048e+00 -2.1048e+00
2354 +1.882938250e-13 +1.882938250e-13 -1.054000000e+01 -1.054000000e+01 +2.1048e+00 -2.1048e+00
2391 +3.019806627e-14 +3.019806627e-14 -1.054000000e+01 -1.054000000e+01 +2.1048e+00 -2.1048e+00
2441 +2.486899575e-14 +2.486899575e-14 -1.054000000e+01 -1.054000000e+01 +2.1048e+00 -2.1048e+00
2503 +1.421085472e-14 +1.421085472e-14 -1.054000000e+01 -1.054000000e+01 +2.1048e+00 -2.1048e+00
2516 +7.105427358e-15 +7.105427358e-15 -1.054000000e+01 -1.054000000e+01 +2.1048e+00 -2.1048e+00
2528 +1.776356839e-15 +1.776356839e-15 -1.054000000e+01 -1.054000000e+01 +2.1048e+00 -2.1048e+00
% function evaluation | noise-free fitness - Fopt (3.860100000000e+02) | best noise-free fitness - Fopt | measured fitness | best measured fitness | x1 | x2...
1 +1.607985067e+04 +1.607985067e+04 +1.646586067e+04 +1.646586067e+04 +1.1199e+00 -4.4803e+00
2 +3.235986175e+00 +3.235986175e+00 +3.892459862e+02 +3.892459862e+02 +3.4363e-01 -1.4636e+00
44 +2.090573708e+00 +2.090573708e+00 +3.881005737e+02 +3.881005737e+02 -1.6363e+00 -2.7087e+00
123 +1.220747607e+00 +1.220747607e+00 +3.872307476e+02 +3.872307476e+02 +2.2617e+00 -9.1083e-01
261 +9.824725264e-01 +9.824725264e-01 +3.869924725e+02 +3.869924725e+02 +2.1696e+00 -9.1083e-01
536 +6.078856288e-01 +6.078856288e-01 +3.866178856e+02 +3.866178856e+02 +2.1209e+00 -9.5087e-01
3187 +1.062136783e-01 +1.062136783e-01 +3.861162137e+02 +3.861162137e+02 +2.0530e+00 -2.1302e+00
3482 +5.164284388e-02 +5.164284388e-02 +3.860616428e+02 +3.860616428e+02 +2.0921e+00 -2.1218e+00
3553 +5.274750646e-04 +5.274750646e-04 +3.860105275e+02 +3.860105275e+02 +2.1051e+00 -2.1062e+00
3681 +2.136602323e-04 +2.136602323e-04 +3.860102137e+02 +3.860102137e+02 +2.1045e+00 -2.1058e+00
3701 +1.377896856e-04 +1.377896856e-04 +3.860101378e+02 +3.860101378e+02 +2.1032e+00 -2.1058e+00
3723 +2.777404518e-06 +2.777404518e-06 +3.860100028e+02 +3.860100028e+02 +2.1047e+00 -2.1050e+00
3807 +6.797341712e-08 +6.797341712e-08 +3.860100001e+02 +3.860100001e+02 +2.1048e+00 -2.1049e+00
3851 +3.983586794e-09 +3.983586794e-09 +3.860100000e+02 +3.860100000e+02 +2.1048e+00 -2.1048e+00
3913 +3.080742772e-09 +3.080742772e-09 +3.860100000e+02 +3.860100000e+02 +2.1049e+00 -2.1048e+00
3973 +5.334186426e-10 +5.334186426e-10 +3.860100000e+02 +3.860100000e+02 +2.1048e+00 -2.1048e+00
3986 +3.063291842e-10 +3.063291842e-10 +3.860100000e+02 +3.860100000e+02 +2.1048e+00 -2.1048e+00
3997 +1.761009116e-10 +1.761009116e-10 +3.860100000e+02 +3.860100000e+02 +2.1048e+00 -2.1048e+00
4011 +7.395328794e-11 +7.395328794e-11 +3.860100000e+02 +3.860100000e+02 +2.1048e+00 -2.1048e+00
4012 +1.080024958e-11 +1.080024958e-11 +3.860100000e+02 +3.860100000e+02 +2.1048e+00 -2.1048e+00
4040 +1.136868377e-13 +1.136868377e-13 +3.860100000e+02 +3.860100000e+02 +2.1048e+00 -2.1048e+00
4165 +5.684341886e-14 +5.684341886e-14 +3.860100000e+02 +3.860100000e+02 +2.1048e+00 -2.1048e+00
4171 +0.000000000e+00 +0.000000000e+00 +3.860100000e+02 +3.860100000e+02 +2.1048e+00 -2.1048e+00
% function evaluation | noise-free fitness - Fopt (-1.257000000000e+01) | best noise-free fitness - Fopt | measured fitness | best measured fitness | x1 | x2...
1 +7.608877830e+03 +7.608877830e+03 +7.596307830e+03 +7.596307830e+03 +1.1489e+00 -4.9160e-01
5 +1.706156875e+03 +1.706156875e+03 +1.693586875e+03 +1.693586875e+03 +4.5603e+00 +9.5155e-01
10 +7.854682838e+02 +7.854682838e+02 +7.728982838e+02 +7.728982838e+02 -2.8921e+00 +3.9046e+00
12 +2.212600241e+02 +2.212600241e+02 +2.086900241e+02 +2.086900241e+02 +3.9864e-01 +2.8900e+00
15 +1.391367844e+02 +1.391367844e+02 +1.265667844e+02 +1.265667844e+02 -3.0821e+00 +2.6337e+00
33 +3.224700466e+00 +3.224700466e+00 -9.345299534e+00 -9.345299534e+00 -5.7298e-01 +1.7020e+00
45 +2.490551985e+00 +2.490551985e+00 -1.007944801e+01 -1.007944801e+01 +3.9450e-01 +1.3832e+00
142 +1.207819190e+00 +1.207819190e+00 -1.136218081e+01 -1.136218081e+01 -1.5415e+00 +1.8755e+00
411 +8.073937829e-01 +8.073937829e-01 -1.176260622e+01 -1.176260622e+01 +2.0962e+00 +2.1650e+00
519 +4.417006298e-01 +4.417006298e-01 -1.212829937e+01 -1.212829937e+01 +2.0584e+00 +2.1561e+00
552 +2.376466977e-01 +2.376466977e-01 -1.233235330e+01 -1.233235330e+01 +2.1111e+00 +2.1341e+00
630 +1.394617359e-01 +1.394617359e-01 -1.243053826e+01 -1.243053826e+01 +2.0872e+00 +2.1321e+00
675 +8.162302223e-02 +8.162302223e-02 -1.248837698e+01 -1.248837698e+01 +2.1618e+00 +2.0902e+00
685 +1.617924027e-03 +1.617924027e-03 -1.256838208e+01 -1.256838208e+01 +2.1111e+00 +2.1017e+00
774 +1.744887149e-04 +1.744887149e-04 -1.256982551e+01 -1.256982551e+01 +2.1024e+00 +2.1058e+00
853 +1.104307988e-04 +1.104307988e-04 -1.256988957e+01 -1.256988957e+01 +2.1069e+00 +2.1043e+00
910 +9.131103708e-05 +9.131103708e-05 -1.256990869e+01 -1.256990869e+01 +2.1030e+00 +2.1051e+00
912 +2.742745158e-05 +2.742745158e-05 -1.256997257e+01 -1.256997257e+01 +2.1053e+00 +2.1044e+00
926 +1.337213130e-05 +1.337213130e-05 -1.256998663e+01 -1.256998663e+01 +2.1042e+00 +2.1051e+00
941 +7.276662977e-06 +7.276662977e-06 -1.256999272e+01 -1.256999272e+01 +2.1051e+00 +2.1049e+00
953 +3.559169599e-06 +3.559169599e-06 -1.256999644e+01 -1.256999644e+01 +2.1049e+00 +2.1047e+00
972 +1.339566222e-06 +1.339566222e-06 -1.256999866e+01 -1.256999866e+01 +2.1046e+00 +2.1049e+00
1008 +5.173654003e-07 +5.173654003e-07 -1.256999948e+01 -1.256999948e+01 +2.1047e+00 +2.1049e+00
1095 +7.821937231e-08 +7.821937231e-08 -1.256999992e+01 -1.256999992e+01 +2.1048e+00 +2.1049e+00
1146 +6.050112589e-08 +6.050112589e-08 -1.256999994e+01 -1.256999994e+01 +2.1048e+00 +2.1049e+00
1183 +3.876658283e-08 +3.876658283e-08 -1.256999996e+01 -1.256999996e+01 +2.1048e+00 +2.1049e+00
1204 +1.608251488e-08 +1.608251488e-08 -1.256999998e+01 -1.256999998e+01 +2.1048e+00 +2.1049e+00
1211 +1.078031175e-08 +1.078031175e-08 -1.256999999e+01 -1.256999999e+01 +2.1048e+00 +2.1049e+00
1212 +2.684043210e-09 +2.684043210e-09 -1.257000000e+01 -1.257000000e+01 +2.1048e+00 +2.1048e+00
1230 +2.166745006e-09 +2.166745006e-09 -1.257000000e+01 -1.257000000e+01 +2.1049e+00 +2.1048e+00
1264 +1.555314100e-09 +1.555314100e-09 -1.257000000e+01 -1.257000000e+01 +2.1049e+00 +2.1048e+00
1279 +2.995292903e-11 +2.995292903e-11 -1.257000000e+01 -1.257000000e+01 +2.1048e+00 +2.1048e+00
1281 +1.938715855e-11 +1.938715855e-11 -1.257000000e+01 -1.257000000e+01 +2.1048e+00 +2.1048e+00
1399 +1.119282445e-11 +1.119282445e-11 -1.257000000e+01 -1.257000000e+01 +2.1048e+00 +2.1048e+00
1415 +9.002576462e-12 +9.002576462e-12 -1.257000000e+01 -1.257000000e+01 +2.1048e+00 +2.1048e+00
1431 +5.053735208e-12 +5.053735208e-12 -1.257000000e+01 -1.257000000e+01 +2.1048e+00 +2.1048e+00
1435 +2.343014671e-12 +2.343014671e-12 -1.257000000e+01 -1.257000000e+01 +2.1048e+00 +2.1048e+00
1443 +1.243449788e-13 +1.243449788e-13 -1.257000000e+01 -1.257000000e+01 +2.1048e+00 +2.1048e+00
1496 +3.552713679e-14 +3.552713679e-14 -1.257000000e+01 -1.257000000e+01 +2.1048e+00 +2.1048e+00
1503 +2.131628207e-14 +2.131628207e-14 -1.257000000e+01 -1.257000000e+01 +2.1048e+00 +2.1048e+00
1564 +1.243449788e-14 +1.243449788e-14 -1.257000000e+01 -1.257000000e+01 +2.1048e+00 +2.1048e+00
1577 +7.105427358e-15 +7.105427358e-15 -1.257000000e+01 -1.257000000e+01 +2.1048e+00 +2.1048e+00
1614 +1.776356839e-15 +1.776356839e-15 -1.257000000e+01 -1.257000000e+01 +2.1048e+00 +2.1048e+00
% function evaluation | noise-free fitness - Fopt (-1.270400000000e+02) | best noise-free fitness - Fopt | measured fitness | best measured fitness | x1 | x2...
1 +5.974533645e+03 +5.974533645e+03 +5.847493645e+03 +5.847493645e+03 +3.0801e+00 -4.7335e+00
4 +5.787013316e+01 +5.787013316e+01 -6.916986684e+01 -6.916986684e+01 +2.6601e+00 -3.5247e+00
13 +8.938629631e+00 +8.938629631e+00 -1.181013704e+02 -1.181013704e+02 -2.5846e+00 -1.4687e+00
15 +9.412619832e-01 +9.412619832e-01 -1.260987380e+02 -1.260987380e+02 -2.0075e+00 -2.0741e+00
121 +6.014949825e-01 +6.014949825e-01 -1.264385050e+02 -1.264385050e+02 -2.0433e+00 -2.0741e+00
136 +2.750723654e-01 +2.750723654e-01 -1.267649276e+02 -1.267649276e+02 -2.1198e+00 -2.0679e+00
312 +2.479125837e-01 +2.479125837e-01 -1.267920874e+02 -1.267920874e+02 -2.0330e+00 -2.1008e+00
332 +2.765536894e-02 +2.765536894e-02 -1.270123446e+02 -1.270123446e+02 -2.0778e+00 -2.1056e+00
396 +1.308969049e-02 +1.308969049e-02 -1.270269103e+02 -1.270269103e+02 -2.1118e+00 -2.0962e+00
422 +7.076256210e-04 +7.076256210e-04 -1.270392924e+02 -1.270392924e+02 -2.0998e+00 -2.1056e+00
452 +5.849157028e-04 +5.849157028e-04 -1.270394151e+02 -1.270394151e+02 -2.1007e+00 -2.1067e+00
524 +3.000849121e-04 +3.000849121e-04 -1.270396999e+02 -1.270396999e+02 -2.1014e+00 -2.1056e+00
531 +2.007373140e-04 +2.007373140e-04 -1.270397993e+02 -1.270397993e+02 -2.1020e+00 -2.1056e+00
653 +8.784229668e-05 +8.784229668e-05 -1.270399122e+02 -1.270399122e+02 -2.1064e+00 -2.1048e+00
714 +4.589492390e-05 +4.589492390e-05 -1.270399541e+02 -1.270399541e+02 -2.1046e+00 -2.1053e+00
744 +3.854985705e-05 +3.854985705e-05 -1.270399615e+02 -1.270399615e+02 -2.1053e+00 -2.1051e+00
752 +1.553681399e-05 +1.553681399e-05 -1.270399845e+02 -1.270399845e+02 -2.1049e+00 -2.1051e+00
766 +1.764859817e-06 +1.764859817e-06 -1.270399982e+02 -1.270399982e+02 -2.1050e+00 -2.1049e+00
793 +1.616437828e-07 +1.616437828e-07 -1.270399998e+02 -1.270399998e+02 -2.1048e+00 -2.1048e+00
802 +1.140924439e-07 +1.140924439e-07 -1.270399999e+02 -1.270399999e+02 -2.1049e+00 -2.1049e+00
898 +1.173764019e-08 +1.173764019e-08 -1.270400000e+02 -1.270400000e+02 -2.1048e+00 -2.1048e+00
906 +4.400078524e-09 +4.400078524e-09 -1.270400000e+02 -1.270400000e+02 -2.1048e+00 -2.1048e+00
994 +3.901291734e-09 +3.901291734e-09 -1.270400000e+02 -1.270400000e+02 -2.1048e+00 -2.1048e+00
1025 +1.353399171e-09 +1.353399171e-09 -1.270400000e+02 -1.270400000e+02 -2.1048e+00 -2.1048e+00
1046 +5.845635087e-10 +5.845635087e-10 -1.270400000e+02 -1.270400000e+02 -2.1048e+00 -2.1048e+00
1066 +1.703881480e-11 +1.703881480e-11 -1.270400000e+02 -1.270400000e+02 -2.1048e+00 -2.1048e+00
1119 +7.574385563e-12 +7.574385563e-12 -1.270400000e+02 -1.270400000e+02 -2.1048e+00 -2.1048e+00
1184 +4.845901458e-12 +4.845901458e-12 -1.270400000e+02 -1.270400000e+02 -2.1048e+00 -2.1048e+00
1186 +3.240074875e-12 +3.240074875e-12 -1.270400000e+02 -1.270400000e+02 -2.1048e+00 -2.1048e+00
1197 +2.401634447e-12 +2.401634447e-12 -1.270400000e+02 -1.270400000e+02 -2.1048e+00 -2.1048e+00
1231 +1.520561455e-12 +1.520561455e-12 -1.270400000e+02 -1.270400000e+02 -2.1048e+00 -2.1048e+00
1236 +7.673861546e-13 +7.673861546e-13 -1.270400000e+02 -1.270400000e+02 -2.1048e+00 -2.1048e+00
1242 +3.552713679e-13 +3.552713679e-13 -1.270400000e+02 -1.270400000e+02 -2.1048e+00 -2.1048e+00
1284 +7.105427358e-14 +7.105427358e-14 -1.270400000e+02 -1.270400000e+02 -2.1048e+00 -2.1048e+00
1327 +4.263256415e-14 +4.263256415e-14 -1.270400000e+02 -1.270400000e+02 -2.1048e+00 -2.1048e+00
1332 +0.000000000e+00 +0.000000000e+00 -1.270400000e+02 -1.270400000e+02 -2.1048e+00 -2.1048e+00
% function evaluation | noise-free fitness - Fopt (-3.752000000000e+01) | best noise-free fitness - Fopt | measured fitness | best measured fitness | x1 | x2...
1 +7.470227732e+03 +7.470227732e+03 +7.432707732e+03 +7.432707732e+03 +1.3222e+00 +5.2224e-01
2 +6.305274264e+03 +6.305274264e+03 +6.267754264e+03 +6.267754264e+03 +4.6022e+00 -2.6698e+00
3 +1.119603507e+03 +1.119603507e+03 +1.082083507e+03 +1.082083507e+03 -2.6516e+00 -1.3108e+00
6 +2.121502736e+00 +2.121502736e+00 -3.539849726e+01 -3.539849726e+01 +1.7828e+00 -2.2038e+00
85 +1.291877034e+00 +1.291877034e+00 -3.622812297e+01 -3.622812297e+01 -1.5760e+00 -1.8762e+00
318 +8.690888505e-01 +8.690888505e-01 -3.665091115e+01 -3.665091115e+01 +2.0433e+00 -1.0035e+00
391 +5.928321453e-01 +5.928321453e-01 -3.692716785e+01 -3.692716785e+01 +2.1008e+00 -9.6095e-01
1999 +2.123728070e-01 +2.123728070e-01 -3.730762719e+01 -3.730762719e+01 +2.0501e+00 -2.0950e+00
2041 +1.323548957e-01 +1.323548957e-01 -3.738764510e+01 -3.738764510e+01 +2.0501e+00 -2.1034e+00
2125 +2.001584508e-03 +2.001584508e-03 -3.751799842e+01 -3.751799842e+01 +2.0964e+00 -2.1078e+00
2282 +5.302110849e-04 +5.302110849e-04 -3.751946979e+01 -3.751946979e+01 +2.1061e+00 -2.1031e+00
2293 +3.837939951e-04 +3.837939951e-04 -3.751961621e+01 -3.751961621e+01 +2.1050e+00 -2.1060e+00
2302 +2.203581146e-05 +2.203581146e-05 -3.751997796e+01 -3.751997796e+01 +2.1058e+00 -2.1046e+00
2306 +5.416593162e-06 +5.416593162e-06 -3.751999458e+01 -3.751999458e+01 +2.1045e+00 -2.1048e+00
2341 +4.125791833e-07 +4.125791833e-07 -3.751999959e+01 -3.751999959e+01 +2.1048e+00 -2.1048e+00
2412 +1.591295486e-07 +1.591295486e-07 -3.751999984e+01 -3.751999984e+01 +2.1049e+00 -2.1048e+00
2454 +4.845162493e-09 +4.845162493e-09 -3.752000000e+01 -3.752000000e+01 +2.1049e+00 -2.1048e+00
2501 +4.902602768e-10 +4.902602768e-10 -3.752000000e+01 -3.752000000e+01 +2.1048e+00 -2.1048e+00
2601 +2.148681233e-11 +2.148681233e-11 -3.752000000e+01 -3.752000000e+01 +2.1048e+00 -2.1048e+00
2641 +1.563194019e-12 +1.563194019e-12 -3.752000000e+01 -3.752000000e+01 +2.1048e+00 -2.1048e+00
2768 +9.237055565e-13 +9.237055565e-13 -3.752000000e+01 -3.752000000e+01 +2.1048e+00 -2.1048e+00
2781 +2.344791028e-13 +2.344791028e-13 -3.752000000e+01 -3.752000000e+01 +2.1048e+00 -2.1048e+00
2782 +0.000000000e+00 +0.000000000e+00 -3.752000000e+01 -3.752000000e+01 +2.1048e+00 -2.1048e+00
% function evaluation | noise-free fitness - Fopt (-3.311600000000e+02) | best noise-free fitness - Fopt | measured fitness | best measured fitness | x1 | x2...
1 +1.656163661e+03 +1.656163661e+03 +1.325003661e+03 +1.325003661e+03 +4.5300e+00 -4.1050e-01
2 +3.153794574e+02 +3.153794574e+02 -1.578054256e+01 -1.578054256e+01 -3.2308e+00 -1.8257e+00
11 +3.091661976e+00 +3.091661976e+00 -3.280683380e+02 -3.280683380e+02 -2.5342e+00 -1.8257e+00
66 +1.709134661e+00 +1.709134661e+00 -3.294508653e+02 -3.294508653e+02 +2.0683e+00 -2.0241e+00
67 +1.291084965e+00 +1.291084965e+00 -3.298689150e+02 -3.298689150e+02 +2.0562e+00 -1.7977e+00
205 +7.188212993e-01 +7.188212993e-01 -3.304411787e+02 -3.304411787e+02 +2.0560e+00 -9.5685e-01
241 +4.399589485e-01 +4.399589485e-01 -3.307200411e+02 -3.307200411e+02 +2.2053e+00 -2.0521e+00
400 +7.113972212e-02 +7.113972212e-02 -3.310888603e+02 -3.310888603e+02 +2.1465e+00 -2.0840e+00
408 +3.844826996e-02 +3.844826996e-02 -3.311215517e+02 -3.311215517e+02 +2.1437e+00 -2.0963e+00
442 +2.411667243e-02 +2.411667243e-02 -3.311358833e+02 -3.311358833e+02 +2.1194e+00 -2.0926e+00
451 +7.776261215e-03 +7.776261215e-03 -3.311522237e+02 -3.311522237e+02 +2.1143e+00 -2.0978e+00
549 +3.204308198e-03 +3.204308198e-03 -3.311567957e+02 -3.311567957e+02 +2.1011e+00 -2.1024e+00
573 +7.503744525e-04 +7.503744525e-04 -3.311592496e+02 -3.311592496e+02 +2.1047e+00 -2.1032e+00
587 +5.714929072e-04 +5.714929072e-04 -3.311594285e+02 -3.311594285e+02 +2.1003e+00 -2.1055e+00
593 +1.247956069e-04 +1.247956069e-04 -3.311598752e+02 -3.311598752e+02 +2.1040e+00 -2.1044e+00
620 +8.286231377e-06 +8.286231377e-06 -3.311599917e+02 -3.311599917e+02 +2.1043e+00 -2.1050e+00
660 +2.102222879e-06 +2.102222879e-06 -3.311599979e+02 -3.311599979e+02 +2.1047e+00 -2.1050e+00
692 +8.230258572e-07 +8.230258572e-07 -3.311599992e+02 -3.311599992e+02 +2.1047e+00 -2.1049e+00
699 +5.578801279e-07 +5.578801279e-07 -3.311599994e+02 -3.311599994e+02 +2.1047e+00 -2.1049e+00
713 +2.595211299e-07 +2.595211299e-07 -3.311599997e+02 -3.311599997e+02 +2.1048e+00 -2.1049e+00
727 +2.394305056e-07 +2.394305056e-07 -3.311599998e+02 -3.311599998e+02 +2.1048e+00 -2.1048e+00
741 +1.510238690e-07 +1.510238690e-07 -3.311599998e+02 -3.311599998e+02 +2.1048e+00 -2.1049e+00
744 +1.968317065e-09 +1.968317065e-09 -3.311600000e+02 -3.311600000e+02 +2.1048e+00 -2.1048e+00
829 +1.188425358e-09 +1.188425358e-09 -3.311600000e+02 -3.311600000e+02 +2.1048e+00 -2.1048e+00
846 +1.863895704e-10 +1.863895704e-10 -3.311600000e+02 -3.311600000e+02 +2.1048e+00 -2.1048e+00
883 +9.430323189e-11 +9.430323189e-11 -3.311600000e+02 -3.311600000e+02 +2.1048e+00 -2.1048e+00
885 +4.450839697e-11 +4.450839697e-11 -3.311600000e+02 -3.311600000e+02 +2.1048e+00 -2.1048e+00
901 +1.830358087e-11 +1.830358087e-11 -3.311600000e+02 -3.311600000e+02 +2.1048e+00 -2.1048e+00
911 +1.080024958e-11 +1.080024958e-11 -3.311600000e+02 -3.311600000e+02 +2.1048e+00 -2.1048e+00
939 +2.387423592e-12 +2.387423592e-12 -3.311600000e+02 -3.311600000e+02 +2.1048e+00 -2.1048e+00
968 +1.136868377e-12 +1.136868377e-12 -3.311600000e+02 -3.311600000e+02 +2.1048e+00 -2.1048e+00
993 +5.115907697e-13 +5.115907697e-13 -3.311600000e+02 -3.311600000e+02 +2.1048e+00 -2.1048e+00
1001 +3.410605132e-13 +3.410605132e-13 -3.311600000e+02 -3.311600000e+02 +2.1048e+00 -2.1048e+00
1007 +1.705302566e-13 +1.705302566e-13 -3.311600000e+02 -3.311600000e+02 +2.1048e+00 -2.1048e+00
1013 +1.136868377e-13 +1.136868377e-13 -3.311600000e+02 -3.311600000e+02 +2.1048e+00 -2.1048e+00
1043 +5.684341886e-14 +5.684341886e-14 -3.311600000e+02 -3.311600000e+02 +2.1048e+00 -2.1048e+00
1073 +0.000000000e+00 +0.000000000e+00 -3.311600000e+02 -3.311600000e+02 +2.1048e+00 -2.1048e+00
% function evaluation | noise-free fitness - Fopt (4.481000000000e+01) | best noise-free fitness - Fopt | measured fitness | best measured fitness | x1 | x2...
1 +3.761922234e+00 +3.761922234e+00 +4.857192223e+01 +4.857192223e+01 -9.5256e-01 +2.5054e+00
24 +1.768395219e+00 +1.768395219e+00 +4.657839522e+01 +4.657839522e+01 -1.9606e+00 +1.7699e+00
43 +1.408414370e+00 +1.408414370e+00 +4.621841437e+01 +4.621841437e+01 -2.1160e+00 +2.0213e+00
114 +4.114429200e-01 +4.114429200e-01 +4.522144292e+01 +4.522144292e+01 -2.2339e+00 +2.0744e+00
141 +3.477755218e-01 +3.477755218e-01 +4.515777552e+01 +4.515777552e+01 -2.2233e+00 +2.0744e+00
159 +1.237462405e-01 +1.237462405e-01 +4.493374624e+01 +4.493374624e+01 -2.1750e+00 +2.0872e+00
191 +7.119771928e-02 +7.119771928e-02 +4.488119772e+01 +4.488119772e+01 -2.1556e+00 +2.0872e+00
225 +5.556549448e-02 +5.556549448e-02 +4.486556549e+01 +4.486556549e+01 -2.1356e+00 +2.0859e+00
258 +2.867005411e-02 +2.867005411e-02 +4.483867005e+01 +4.483867005e+01 -2.1098e+00 +2.0930e+00
264 +2.973250289e-03 +2.973250289e-03 +4.481297325e+01 +4.481297325e+01 -2.1073e+00 +2.1009e+00
271 +5.557131007e-04 +5.557131007e-04 +4.481055571e+01 +4.481055571e+01 -2.1073e+00 +2.1030e+00
363 +2.160664208e-04 +2.160664208e-04 +4.481021607e+01 +4.481021607e+01 -2.1019e+00 +2.1055e+00
419 +1.969189381e-05 +1.969189381e-05 +4.481001969e+01 +4.481001969e+01 -2.1040e+00 +2.1049e+00
438 +7.358069404e-06 +7.358069404e-06 +4.481000736e+01 +4.481000736e+01 -2.1045e+00 +2.1048e+00
504 +8.617040521e-07 +8.617040521e-07 +4.481000086e+01 +4.481000086e+01 -2.1047e+00 +2.1048e+00
552 +3.005392273e-07 +3.005392273e-07 +4.481000030e+01 +4.481000030e+01 -2.1049e+00 +2.1048e+00
578 +1.841666233e-07 +1.841666233e-07 +4.481000018e+01 +4.481000018e+01 -2.1048e+00 +2.1048e+00
613 +2.425582579e-08 +2.425582579e-08 +4.481000002e+01 +4.481000002e+01 -2.1048e+00 +2.1049e+00
632 +6.935110264e-10 +6.935110264e-10 +4.481000000e+01 +4.481000000e+01 -2.1048e+00 +2.1048e+00
696 +6.356515314e-11 +6.356515314e-11 +4.481000000e+01 +4.481000000e+01 -2.1048e+00 +2.1048e+00
738 +2.768274499e-11 +2.768274499e-11 +4.481000000e+01 +4.481000000e+01 -2.1048e+00 +2.1048e+00
756 +2.219735507e-11 +2.219735507e-11 +4.481000000e+01 +4.481000000e+01 -2.1048e+00 +2.1048e+00
811 +4.845901458e-12 +4.845901458e-12 +4.481000000e+01 +4.481000000e+01 -2.1048e+00 +2.1048e+00
830 +1.143973805e-12 +1.143973805e-12 +4.481000000e+01 +4.481000000e+01 -2.1048e+00 +2.1048e+00
835 +7.105427358e-14 +7.105427358e-14 +4.481000000e+01 +4.481000000e+01 -2.1048e+00 +2.1048e+00
921 +4.973799150e-14 +4.973799150e-14 +4.481000000e+01 +4.481000000e+01 -2.1048e+00 +2.1048e+00
959 +2.131628207e-14 +2.131628207e-14 +4.481000000e+01 +4.481000000e+01 -2.1048e+00 +2.1048e+00
962 +7.105427358e-15 +7.105427358e-15 +4.481000000e+01 +4.481000000e+01 -2.1048e+00 +2.1048e+00
1022 +0.000000000e+00 +0.000000000e+00 +4.481000000e+01 +4.481000000e+01 -2.1048e+00 +2.1048e+00
% function evaluation | noise-free fitness - Fopt (-1.764600000000e+02) | best noise-free fitness - Fopt | measured fitness | best measured fitness | x1 | x2...
1 +9.316960392e+00 +9.316960392e+00 -1.671430396e+02 -1.671430396e+02 +2.6365e+00 +2.7004e+00
11 +5.762611388e+00 +5.762611388e+00 -1.706973886e+02 -1.706973886e+02 +1.9502e+00 +2.7004e+00
12 +3.401091554e+00 +3.401091554e+00 -1.730589084e+02 -1.730589084e+02 -6.4223e-01 +2.4158e+00
62 +2.079259959e+00 +2.079259959e+00 -1.743807400e+02 -1.743807400e+02 -2.5168e-01 +2.5939e+00
87 +1.566943965e+00 +1.566943965e+00 -1.748930560e+02 -1.748930560e+02 -9.0913e-01 +2.4316e+00
1621 +8.930324463e-01 +8.930324463e-01 -1.755669676e+02 -1.755669676e+02 +1.4880e+00 +3.0369e+00
1811 +6.273588981e-01 +6.273588981e-01 -1.758326411e+02 -1.758326411e+02 +1.4752e+00 +2.9996e+00
3192 +1.893927970e-01 +1.893927970e-01 -1.762706072e+02 -1.762706072e+02 -2.0731e+00 +2.1384e+00
3224 +6.480841236e-02 +6.480841236e-02 -1.763951916e+02 -1.763951916e+02 -2.1370e+00 +2.1092e+00
3243 +4.555421955e-02 +4.555421955e-02 -1.764144458e+02 -1.764144458e+02 -2.0889e+00 +2.0963e+00
3267 +1.466461040e-03 +1.466461040e-03 -1.764585335e+02 -1.764585335e+02 -2.1054e+00 +2.1071e+00
3321 +7.924197774e-06 +7.924197774e-06 -1.764599921e+02 -1.764599921e+02 -2.1054e+00 +2.1047e+00
3411 +3.736885532e-06 +3.736885532e-06 -1.764599963e+02 -1.764599963e+02 -2.1045e+00 +2.1049e+00
3451 +4.509091980e-07 +4.509091980e-07 -1.764599995e+02 -1.764599995e+02 -2.1047e+00 +2.1049e+00
3507 +1.987478981e-08 +1.987478981e-08 -1.764600000e+02 -1.764600000e+02 -2.1048e+00 +2.1048e+00
3572 +5.202736020e-09 +5.202736020e-09 -1.764600000e+02 -1.764600000e+02 -2.1048e+00 +2.1048e+00
3592 +3.828205308e-09 +3.828205308e-09 -1.764600000e+02 -1.764600000e+02 -2.1049e+00 +2.1048e+00
3605 +2.015156042e-09 +2.015156042e-09 -1.764600000e+02 -1.764600000e+02 -2.1049e+00 +2.1048e+00
3633 +1.212953293e-09 +1.212953293e-09 -1.764600000e+02 -1.764600000e+02 -2.1048e+00 +2.1048e+00
3646 +7.828759863e-10 +7.828759863e-10 -1.764600000e+02 -1.764600000e+02 -2.1048e+00 +2.1048e+00
3684 +1.225828328e-10 +1.225828328e-10 -1.764600000e+02 -1.764600000e+02 -2.1048e+00 +2.1048e+00
3694 +6.068034963e-11 +6.068034963e-11 -1.764600000e+02 -1.764600000e+02 -2.1048e+00 +2.1048e+00
3701 +3.822719918e-11 +3.822719918e-11 -1.764600000e+02 -1.764600000e+02 -2.1048e+00 +2.1048e+00
3706 +4.973799150e-12 +4.973799150e-12 -1.764600000e+02 -1.764600000e+02 -2.1048e+00 +2.1048e+00
3737 +1.847411113e-12 +1.847411113e-12 -1.764600000e+02 -1.764600000e+02 -2.1048e+00 +2.1048e+00
3814 +1.080024958e-12 +1.080024958e-12 -1.764600000e+02 -1.764600000e+02 -2.1048e+00 +2.1048e+00
3833 +5.684341886e-14 +5.684341886e-14 -1.764600000e+02 -1.764600000e+02 -2.1048e+00 +2.1048e+00
3887 +2.842170943e-14 +2.842170943e-14 -1.764600000e+02 -1.764600000e+02 -2.1048e+00 +2.1048e+00
3924 +0.000000000e+00 +0.000000000e+00 -1.764600000e+02 -1.764600000e+02 -2.1048e+00 +2.1048e+00
