% function evaluation | noise-free fitness - Fopt (-4.620900000000e+02) | best noise-free fitness - Fopt | measured fitness | best measured fitness | x1 | x2...
1 +4.249923058e+02 +4.249923058e+02 -3.709769415e+01 -3.709769415e+01 -2.3237e+00 +4.3336e+00 -3.5644e+00 +2.4050e+00 -3.3506e+00
3 +2.466783818e+02 +2.466783818e+02 -2.154116182e+02 -2.154116182e+02 -1.6644e+00 +4.2984e-01 +1.5167e+00 -4.4350e+00 +2.9188e-01
7 +1.254365178e+02 +1.254365178e+02 -3.366534822e+02 -3.366534822e+02 +1.8672e+00 +6.5113e-01 +7.7123e-01 +2.0548e+00 +1.2052e+00
15 +9.043303671e+01 +9.043303671e+01 -3.716569633e+02 -3.716569633e+02 -3.8740e-01 +1.3028e+00 -3.1477e-01 +1.3950e-01 +1.5120e+00
182 +4.901795687e+01 +4.901795687e+01 -4.130720431e+02 -4.130720431e+02 -1.8108e+00 +2.2506e+00 +5.7544e-01 -3.9765e-01 +1.9880e+00
353 +2.747586215e+01 +2.747586215e+01 -4.346141379e+02 -4.346141379e+02 -3.5245e+00 +1.6168e+00 +1.1788e+00 +2.9210e-01 +1.9896e+00
673 +2.427095752e+01 +2.427095752e+01 -4.378190425e+02 -4.378190425e+02 -1.4321e+00 +1.4912e+00 +1.0465e+00 +2.8817e-01 +1.5979e+00
953 +8.424006090e+00 +8.424006090e+00 -4.536659939e+02 -4.536659939e+02 -1.3573e+00 +1.4469e+00 +1.1252e+00 +3.1990e-01 +2.3093e+00
2750 +6.248690158e+00 +6.248690158e+00 -4.558413098e+02 -4.558413098e+02 -2.3438e+00 +1.4941e+00 +1.1343e+00 +3.0992e-01 +2.3082e+00
3870 +3.743452358e+00 +3.743452358e+00 -4.583465476e+02 -4.583465476e+02 -2.3597e+00 +1.5005e+00 +1.5939e+00 +3.2451e-01 +2.2838e+00
5006 +2.298251250e+00 +2.298251250e+00 -4.597917487e+02 -4.597917487e+02 -2.3443e+00 +1.5018e+00 +2.2139e+00 +3.1063e-01 +2.2891e+00
9209 +1.005961482e+00 +1.005961482e+00 -4.610840385e+02 -4.610840385e+02 -2.3407e+00 +1.4915e+00 +2.2149e+00 +7.2756e-01 +2.2977e+00
9830 +9.990523073e-01 +9.990523073e-01 -4.610909477e+02 -4.610909477e+02 -2.3403e+00 +1.4967e+00 +2.2125e+00 +7.2689e-01 +2.2987e+00
% function evaluation | noise-free fitness - Fopt (7.766000000000e+01) | best noise-free fitness - Fopt | measured fitness | best measured fitness | x1 | x2...
1 +5.686147336e+02 +5.686147336e+02 +6.462747336e+02 +6.462747336e+02 +4.4218e+00 -1.1173e+00 +3.8619e+00 -4.7458e+00 -1.9827e+00
4 +3.721972132e+02 +3.721972132e+02 +4.498572132e+02 +4.498572132e+02 -1.9937e+00 +3.2409e+00 +5.3103e-01 -3.3257e+00 -3.7635e+00
7 +1.669032019e+02 +1.669032019e+02 +2.445632019e+02 +2.445632019e+02 -1.7111e+00 +2.7991e+00 -2.8794e+00 +3.6305e-01 -4.2350e+00
17 +1.015305033e+02 +1.015305033e+02 +1.791905033e+02 +1.791905033e+02 -1.1940e-02 +2.2007e+00 -1.6801e+00 +4.0397e+00 -2.2046e+00
24 +8.413852423e+01 +8.413852423e+01 +1.617985242e+02 +1.617985242e+02 +2.3461e+00 -3.2259e+00 -3.0818e+00 +1.9761e+00 -1.9071e+00
53 +4.664004036e+01 +4.664004036e+01 +1.243000404e+02 +1.243000404e+02 +6.3512e-01 -6.4918e-01 -2.3911e+00 +2.3458e+00 -1.8258e+00
331 +3.866567740e+01 +3.866567740e+01 +1.163256774e+02 +1.163256774e+02 +3.3236e+00 -7.4544e-01 -2.8127e+00 +3.3605e+00 -2.9014e+00
679 +1.525960145e+01 +1.525960145e+01 +9.291960145e+01 +9.291960145e+01 +2.4195e+00 -8.0591e-02 -1.8464e+00 +2.8053e+00 -1.8302e+00
918 +8.135895129e+00 +8.135895129e+00 +8.579589513e+01 +8.579589513e+01 +2.3574e+00 -8.1960e-01 -1.8424e+00 +3.3126e+00 -1.7672e+00
1558 +5.011410206e+00 +5.011410206e+00 +8.267141021e+01 +8.267141021e+01 +2.4622e+00 -9.1202e-01 -1.8045e+00 +3.3326e+00 -2.1112e+00
2893 +3.971209105e+00 +3.971209105e+00 +8.163120910e+01 +8.163120910e+01 +2.3697e+00 -9.1895e-02 -1.8854e+00 +3.3208e+00 -2.1210e+00
4028 +2.289853569e+00 +2.289853569e+00 +7.994985357e+01 +7.994985357e+01 +2.3709e+00 -8.4760e-01 -1.8549e+00 +3.3147e+00 -2.1051e+00
6135 +1.489698094e+00 +1.489698094e+00 +7.914969809e+01 +7.914969809e+01 +2.3532e+00 -8.4857e-01 -1.8644e+00 +3.3219e+00 -2.4671e+00
8639 +9.985716705e-01 +9.985716705e-01 +7.865857167e+01 +7.865857167e+01 +2.3973e+00 -8.5468e-01 -1.8683e+00 +3.3249e+00 -2.4643e+00
9236 +2.080154267e-01 +2.080154267e-01 +7.786801543e+01 +7.786801543e+01 +2.4022e+00 -8.5920e-01 -1.2796e+00 +3.3247e+00 -2.4539e+00
9487 +1.421943661e-01 +1.421943661e-01 +7.780219437e+01 +7.780219437e+01 +2.4042e+00 -8.6638e-01 -1.2792e+00 +3.3248e+00 -2.4699e+00
9835 +5.855328384e-02 +5.855328384e-02 +7.771855328e+01 +7.771855328e+01 +2.3980e+00 -8.6579e-01 -1.2685e+00 +3.3240e+00 -2.4604e+00
10583 +2.699394486e-02 +2.699394486e-02 +7.768699394e+01 +7.768699394e+01 +2.4055e+00 -8.6281e-01 -1.2738e+00 +3.3238e+00 -2.4643e+00
10767 +1.603348803e-02 +1.603348803e-02 +7.767603349e+01 +7.767603349e+01 +2.4053e+00 -8.5986e-01 -1.2728e+00 +3.3237e+00 -2.4636e+00
10879 +6.846438678e-03 +6.846438678e-03 +7.766684644e+01 +7.766684644e+01 +2.4034e+00 -8.5476e-01 -1.2712e+00 +3.3230e+00 -2.4646e+00
11047 +5.489538237e-03 +5.489538237e-03 +7.766548954e+01 +7.766548954e+01 +2.4026e+00 -8.5579e-01 -1.2708e+00 +3.3236e+00 -2.4644e+00
12005 +3.952315016e-03 +3.952315016e-03 +7.766395232e+01 +7.766395232e+01 +2.4016e+00 -8.5612e-01 -1.2707e+00 +3.3228e+00 -2.4647e+00
12167 +2.510718213e-03 +2.510718213e-03 +7.766251072e+01 +7.766251072e+01 +2.4006e+00 -8.5575e-01 -1.2708e+00 +3.3228e+00 -2.4637e+00
12249 +9.437564338e-04 +9.437564338e-04 +7.766094376e+01 +7.766094376e+01 +2.3991e+00 -8.5488e-01 -1.2726e+00 +3.3231e+00 -2.4642e+00
12329 +6.053147043e-04 +6.053147043e-04 +7.766060531e+01 +7.766060531e+01 +2.3991e+00 -8.5539e-01 -1.2728e+00 +3.3234e+00 -2.4640e+00
12467 +5.750819804e-05 +5.750819804e-05 +7.766005751e+01 +7.766005751e+01 +2.3979e+00 -8.5588e-01 -1.2720e+00 +3.3233e+00 -2.4640e+00
13167 +2.710926995e-05 +2.710926995e-05 +7.766002711e+01 +7.766002711e+01 +2.3982e+00 -8.5608e-01 -1.2720e+00 +3.3233e+00 -2.4640e+00
13578 +1.947803021e-05 +1.947803021e-05 +7.766001948e+01 +7.766001948e+01 +2.3982e+00 -8.5604e-01 -1.2720e+00 +3.3233e+00 -2.4640e+00
13644 +1.470109612e-05 +1.470109612e-05 +7.766001470e+01 +7.766001470e+01 +2.3983e+00 -8.5587e-01 -1.2720e+00 +3.3233e+00 -2.4640e+00
13684 +6.632352395e-06 +6.632352395e-06 +7.766000663e+01 +7.766000663e+01 +2.3984e+00 -8.5595e-01 -1.2720e+00 +3.3232e+00 -2.4640e+00
13804 +5.284492289e-06 +5.284492289e-06 +7.766000528e+01 +7.766000528e+01 +2.3983e+00 -8.5593e-01 -1.2720e+00 +3.3232e+00 -2.4640e+00
14098 +2.991333488e-06 +2.991333488e-06 +7.766000299e+01 +7.766000299e+01 +2.3983e+00 -8.5605e-01 -1.2720e+00 +3.3232e+00 -2.4640e+00
14122 +9.521927353e-07 +9.521927353e-07 +7.766000095e+01 +7.766000095e+01 +2.3984e+00 -8.5596e-01 -1.2720e+00 +3.3232e+00 -2.4640e+00
14498 +4.657600243e-07 +4.657600243e-07 +7.766000047e+01 +7.766000047e+01 +2.3984e+00 -8.5602e-01 -1.2720e+00 +3.3232e+00 -2.4640e+00
14698 +3.856689403e-07 +3.856689403e-07 +7.766000039e+01 +7.766000039e+01 +2.3984e+00 -8.5601e-01 -1.2720e+00 +3.3232e+00 -2.4640e+00
15442 +2.224274169e-07 +2.224274169e-07 +7.766000022e+01 +7.766000022e+01 +2.3984e+00 -8.5601e-01 -1.2720e+00 +3.3232e+00 -2.4640e+00
16460 +9.045540139e-08 +9.045540139e-08 +7.766000009e+01 +7.766000009e+01 +2.3984e+00 -8.5600e-01 -1.2720e+00 +3.3232e+00 -2.4640e+00
16573 +2.886676498e-08 +2.886676498e-08 +7.766000003e+01 +7.766000003e+01 +2.3984e+00 -8.5600e-01 -1.2720e+00 +3.3232e+00 -2.4640e+00
16653 +1.641754466e-08 +1.641754466e-08 +7.766000002e+01 +7.766000002e+01 +2.3984e+00 -8.5600e-01 -1.2720e+00 +3.3232e+00 -2.4640e+00
16660 +1.045120257e-08 +1.045120257e-08 +7.766000001e+01 +7.766000001e+01 +2.3984e+00 -8.5600e-01 -1.2720e+00 +3.3232e+00 -2.4640e+00
17197 +3.392941039e-09 +3.392941039e-09 +7.766000000e+01 +7.766000000e+01 +2.3984e+00 -8.5600e-01 -1.2720e+00 +3.3232e+00 -2.4640e+00
% function evaluation | noise-free fitness - Fopt (1.156800000000e+02) | best noise-free fitness - Fopt | measured fitness | best measured fitness | x1 | x2...
1 +1.130086487e+03 +1.130086487e+03 +1.245766487e+03 +1.245766487e+03 -4.9308e+00 +7.1097e-01 +3.2858e+00 +4.2095e+00 +1.4203e+00
4 +1.778828459e+02 +1.778828459e+02 +2.935628459e+02 +2.935628459e+02 +4.2729e+00 -4.4196e+00 -2.5464e-01 +1.5017e-01 -3.4216e+00
5 +1.273221088e+02 +1.273221088e+02 +2.430021088e+02 +2.430021088e+02 +1.4040e+00 +3.5294e+00 +2.0808e-01 +4.8819e+00 -2.8681e+00
45 +9.163027235e+01 +9.163027235e+01 +2.073102723e+02 +2.073102723e+02 +3.5616e-01 +1.5500e+00 +1.0991e+00 +1.5916e+00 -2.7886e+00
69 +4.838960212e+01 +4.838960212e+01 +1.640696021e+02 +1.640696021e+02 -1.2343e+00 -5.2351e-01 -1.4298e+00 +2.2390e+00 -3.0086e+00
463 +3.944431630e+01 +3.944431630e+01 +1.551243163e+02 +1.551243163e+02 -2.2857e+00 +2.3900e-01 -9.4961e-01 +2.7134e+00 -3.5167e+00
540 +2.100343335e+01 +2.100343335e+01 +1.366834333e+02 +1.366834333e+02 -2.3053e+00 +6.9986e-01 +2.4143e-01 +3.5132e+00 -4.2464e+00
700 +1.403004825e+01 +1.403004825e+01 +1.297100483e+02 +1.297100483e+02 -2.2347e+00 -2.2901e-01 -2.8445e-01 +2.7047e+00 -4.2320e+00
1737 +9.726661621e+00 +9.726661621e+00 +1.254066616e+02 +1.254066616e+02 -2.1597e+00 -1.7288e+00 +2.6920e-01 +2.6395e+00 -4.2742e+00
3586 +6.286558712e+00 +6.286558712e+00 +1.219665587e+02 +1.219665587e+02 -2.1731e+00 -9.3534e-01 +2.3643e-01 +2.6968e+00 -4.3021e+00
5489 +3.038817887e+00 +3.038817887e+00 +1.187188179e+02 +1.187188179e+02 -2.1609e+00 -9.8150e-01 +2.1749e-01 +3.0936e+00 -3.1969e+00
5967 +2.480035469e+00 +2.480035469e+00 +1.181600355e+02 +1.181600355e+02 -2.1896e+00 -9.8298e-01 +2.7113e-01 +3.0709e+00 -3.8986e+00
6496 +1.373296823e+00 +1.373296823e+00 +1.170532968e+02 +1.170532968e+02 -2.2079e+00 -9.7893e-01 +2.6241e-01 +3.0851e+00 -3.9170e+00
7190 +4.552228777e-01 +4.552228777e-01 +1.161352229e+02 +1.161352229e+02 -2.1835e+00 -1.0139e+00 +2.3610e-01 +3.0916e+00 -3.6094e+00
7794 +3.355758189e-01 +3.355758189e-01 +1.160155758e+02 +1.160155758e+02 -2.1985e+00 -9.7644e-01 +2.3313e-01 +3.0999e+00 -3.6088e+00
7874 +1.892683641e-01 +1.892683641e-01 +1.158692684e+02 +1.158692684e+02 -2.1971e+00 -9.8164e-01 +2.3614e-01 +3.0861e+00 -3.5981e+00
8070 +1.544750101e-01 +1.544750101e-01 +1.158344750e+02 +1.158344750e+02 -2.1904e+00 -9.9593e-01 +2.3659e-01 +3.0912e+00 -3.6082e+00
8434 +5.904174020e-02 +5.904174020e-02 +1.157390417e+02 +1.157390417e+02 -2.1947e+00 -9.8197e-01 +2.4610e-01 +3.0879e+00 -3.6058e+00
9470 +1.556230513e-02 +1.556230513e-02 +1.156955623e+02 +1.156955623e+02 -2.1784e+00 -9.7680e-01 +2.4278e-01 +3.0896e+00 -3.6048e+00
9583 +4.395898500e-03 +4.395898500e-03 +1.156843959e+02 +1.156843959e+02 -2.1789e+00 -9.8184e-01 +2.4602e-01 +3.0875e+00 -3.6055e+00
9783 +3.931125207e-03 +3.931125207e-03 +1.156839311e+02 +1.156839311e+02 -2.1804e+00 -9.8419e-01 +2.4399e-01 +3.0877e+00 -3.6057e+00
10554 +1.840200182e-03 +1.840200182e-03 +1.156818402e+02 +1.156818402e+02 -2.1798e+00 -9.8369e-01 +2.4540e-01 +3.0878e+00 -3.6048e+00
10932 +1.418500928e-03 +1.418500928e-03 +1.156814185e+02 +1.156814185e+02 -2.1785e+00 -9.8270e-01 +2.4537e-01 +3.0878e+00 -3.6050e+00
10994 +8.963292057e-04 +8.963292057e-04 +1.156808963e+02 +1.156808963e+02 -2.1786e+00 -9.8308e-01 +2.4535e-01 +3.0880e+00 -3.6046e+00
11358 +1.290310718e-04 +1.290310718e-04 +1.156801290e+02 +1.156801290e+02 -2.1782e+00 -9.8313e-01 +2.4497e-01 +3.0885e+00 -3.6048e+00
11914 +8.592864071e-05 +8.592864071e-05 +1.156800859e+02 +1.156800859e+02 -2.1782e+00 -9.8341e-01 +2.4484e-01 +3.0886e+00 -3.6047e+00
11978 +6.001686792e-05 +6.001686792e-05 +1.156800600e+02 +1.156800600e+02 -2.1781e+00 -9.8344e-01 +2.4476e-01 +3.0888e+00 -3.6049e+00
12412 +1.579775987e-05 +1.579775987e-05 +1.156800158e+02 +1.156800158e+02 -2.1786e+00 -9.8334e-01 +2.4480e-01 +3.0888e+00 -3.6048e+00
12754 +5.746202120e-06 +5.746202120e-06 +1.156800057e+02 +1.156800057e+02 -2.1783e+00 -9.8330e-01 +2.4478e-01 +3.0888e+00 -3.6048e+00
12874 +1.293105811e-06 +1.293105811e-06 +1.156800013e+02 +1.156800013e+02 -2.1783e+00 -9.8322e-01 +2.4479e-01 +3.0888e+00 -3.6048e+00
13504 +4.183230544e-07 +4.183230544e-07 +1.156800004e+02 +1.156800004e+02 -2.1784e+00 -9.8322e-01 +2.4479e-01 +3.0888e+00 -3.6048e+00
13594 +1.395018927e-07 +1.395018927e-07 +1.156800001e+02 +1.156800001e+02 -2.1784e+00 -9.8320e-01 +2.4479e-01 +3.0888e+00 -3.6048e+00
13984 +8.558069453e-08 +8.558069453e-08 +1.156800001e+02 +1.156800001e+02 -2.1784e+00 -9.8320e-01 +2.4479e-01 +3.0888e+00 -3.6048e+00
14434 +4.583634450e-08 +4.583634450e-08 +1.156800000e+02 +1.156800000e+02 -2.1784e+00 -9.8321e-01 +2.4480e-01 +3.0888e+00 -3.6048e+00
14554 +2.267699983e-08 +2.267699983e-08 +1.156800000e+02 +1.156800000e+02 -2.1784e+00 -9.8320e-01 +2.4480e-01 +3.0888e+00 -3.6048e+00
14704 +3.664055725e-09 +3.664055725e-09 +1.156800000e+02 +1.156800000e+02 -2.1784e+00 -9.8320e-01 +2.4480e-01 +3.0888e+00 -3.6048e+00
% function evaluation | noise-free fitness - Fopt (-3.710000000000e+00) | best noise-free fitness - Fopt | measured fitness | best measured fitness | x1 | x2...
1 +5.429336794e+02 +5.429336794e+02 +5.392236794e+02 +5.392236794e+02 +4.8137e+00 -2.7209e+00 -3.5909e+00 -4.2879e+00 +4.8306e+00
3 +1.941724645e+02 +1.941724645e+02 +1.904624645e+02 +1.904624645e+02 +4.2379e+00 +2.6971e+00 -1.3919e+00 +1.9623e+00 +1.8849e+00
25 +7.592221581e+01 +7.592221581e+01 +7.221221581e+01 +7.221221581e+01 +3.7221e+00 -3.9962e+00 +2.4509e+00 +3.4274e+00 +2.6692e+00
87 +4.414309959e+01 +4.414309959e+01 +4.043309959e+01 +4.043309959e+01 +9.5697e-01 +3.1929e-01 +7.3766e-01 +3.8190e+00 +2.5141e+00
150 +2.022668232e+01 +2.022668232e+01 +1.651668232e+01 +1.651668232e+01 +3.2259e+00 -9.1950e-01 +1.8674e+00 +4.8415e+00 +3.2077e+00
953 +1.376437776e+01 +1.376437776e+01 +1.005437776e+01 +1.005437776e+01 +3.1861e+00 -1.4197e+00 +2.8450e+00 +4.8132e+00 +2.8687e+00
1747 +9.831910330e+00 +9.831910330e+00 +6.121910330e+00 +6.121910330e+00 +3.0677e+00 -1.5604e+00 +1.8549e+00 +4.8190e+00 +2.8483e+00
2799 +5.892066777e+00 +5.892066777e+00 +2.182066777e+00 +2.182066777e+00 +3.1320e+00 -1.5749e+00 +1.7786e+00 +4.8289e+00 +3.1495e+00
7067 +3.981045806e+00 +3.981045806e+00 +2.710458060e-01 +2.710458060e-01 +3.1188e+00 -2.2941e+00 +1.7840e+00 +4.8279e+00 +3.1526e+00
11194 +6.236184551e-01 +6.236184551e-01 -3.086381545e+00 -3.086381545e+00 +3.0804e+00 -2.2860e+00 +1.7732e+00 +3.8985e+00 +3.1566e+00
11367 +1.454828768e-01 +1.454828768e-01 -3.564517123e+00 -3.564517123e+00 +3.1276e+00 -2.2884e+00 +1.7718e+00 +3.9050e+00 +3.1511e+00
12095 +9.546395468e-02 +9.546395468e-02 -3.614536045e+00 -3.614536045e+00 +3.1072e+00 -2.3039e+00 +1.7794e+00 +3.9058e+00 +3.1522e+00
12433 +4.899770561e-02 +4.899770561e-02 -3.661002294e+00 -3.661002294e+00 +3.1176e+00 -2.2863e+00 +1.7783e+00 +3.9116e+00 +3.1522e+00
12553 +3.218496306e-02 +3.218496306e-02 -3.677815037e+00 -3.677815037e+00 +3.1208e+00 -2.2895e+00 +1.7804e+00 +3.9067e+00 +3.1526e+00
12713 +2.379771489e-02 +2.379771489e-02 -3.686202285e+00 -3.686202285e+00 +3.1199e+00 -2.2882e+00 +1.7801e+00 +3.9116e+00 +3.1528e+00
12810 +8.556916109e-03 +8.556916109e-03 -3.701443084e+00 -3.701443084e+00 +3.1212e+00 -2.2993e+00 +1.7819e+00 +3.9106e+00 +3.1529e+00
12844 +3.486922883e-03 +3.486922883e-03 -3.706513077e+00 -3.706513077e+00 +3.1205e+00 -2.2957e+00 +1.7809e+00 +3.9105e+00 +3.1531e+00
13433 +2.107187462e-03 +2.107187462e-03 -3.707892813e+00 -3.707892813e+00 +3.1199e+00 -2.2951e+00 +1.7813e+00 +3.9107e+00 +3.1527e+00
13686 +1.150609089e-03 +1.150609089e-03 -3.708849391e+00 -3.708849391e+00 +3.1203e+00 -2.2953e+00 +1.7819e+00 +3.9105e+00 +3.1527e+00
13953 +9.529545628e-04 +9.529545628e-04 -3.709047045e+00 -3.709047045e+00 +3.1207e+00 -2.2963e+00 +1.7829e+00 +3.9105e+00 +3.1532e+00
14073 +6.029629829e-04 +6.029629829e-04 -3.709397037e+00 -3.709397037e+00 +3.1208e+00 -2.2961e+00 +1.7831e+00 +3.9102e+00 +3.1531e+00
14253 +3.461558537e-04 +3.461558537e-04 -3.709653844e+00 -3.709653844e+00 +3.1203e+00 -2.2956e+00 +1.7833e+00 +3.9100e+00 +3.1529e+00
14410 +1.065210789e-04 +1.065210789e-04 -3.709893479e+00 -3.709893479e+00 +3.1196e+00 -2.2954e+00 +1.7830e+00 +3.9103e+00 +3.1528e+00
14490 +5.290693298e-05 +5.290693298e-05 -3.709947093e+00 -3.709947093e+00 +3.1197e+00 -2.2951e+00 +1.7831e+00 +3.9103e+00 +3.1527e+00
14690 +3.528898104e-05 +3.528898104e-05 -3.709964711e+00 -3.709964711e+00 +3.1199e+00 -2.2951e+00 +1.7830e+00 +3.9104e+00 +3.1528e+00
14995 +2.038576311e-05 +2.038576311e-05 -3.709979614e+00 -3.709979614e+00 +3.1201e+00 -2.2951e+00 +1.7830e+00 +3.9104e+00 +3.1528e+00
15210 +1.525222322e-05 +1.525222322e-05 -3.709984748e+00 -3.709984748e+00 +3.1199e+00 -2.2951e+00 +1.7832e+00 +3.9104e+00 +3.1527e+00
15250 +5.274350860e-06 +5.274350860e-06 -3.709994726e+00 -3.709994726e+00 +3.1199e+00 -2.2951e+00 +1.7832e+00 +3.9104e+00 +3.1528e+00
15633 +2.571002577e-06 +2.571002577e-06 -3.709997429e+00 -3.709997429e+00 +3.1199e+00 -2.2952e+00 +1.7832e+00 +3.9104e+00 +3.1528e+00
15650 +2.019638288e-06 +2.019638288e-06 -3.709997980e+00 -3.709997980e+00 +3.1199e+00 -2.2951e+00 +1.7832e+00 +3.9104e+00 +3.1528e+00
15690 +1.448851013e-06 +1.448851013e-06 -3.709998551e+00 -3.709998551e+00 +3.1199e+00 -2.2952e+00 +1.7832e+00 +3.9104e+00 +3.1528e+00
15810 +6.754843067e-07 +6.754843067e-07 -3.709999325e+00 -3.709999325e+00 +3.1200e+00 -2.2952e+00 +1.7832e+00 +3.9104e+00 +3.1528e+00
15835 +4.580578365e-07 +4.580578365e-07 -3.709999542e+00 -3.709999542e+00 +3.1200e+00 -2.2952e+00 +1.7832e+00 +3.9104e+00 +3.1528e+00
15970 +3.318278492e-07 +3.318278492e-07 -3.709999668e+00 -3.709999668e+00 +3.1200e+00 -2.2952e+00 +1.7832e+00 +3.9104e+00 +3.1528e+00
16035 +1.832176482e-07 +1.832176482e-07 -3.709999817e+00 -3.709999817e+00 +3.1200e+00 -2.2952e+00 +1.7832e+00 +3.9104e+00 +3.1528e+00
16313 +1.575452471e-07 +1.575452471e-07 -3.709999842e+00 -3.709999842e+00 +3.1200e+00 -2.2952e+00 +1.7832e+00 +3.9104e+00 +3.1528e+00
16753 +9.599719775e-08 +9.599719775e-08 -3.709999904e+00 -3.709999904e+00 +3.1200e+00 -2.2952e+00 +1.7832e+00 +3.9104e+00 +3.1528e+00
16795 +6.138639419e-08 +6.138639419e-08 -3.709999939e+00 -3.709999939e+00 +3.1200e+00 -2.2952e+00 +1.7832e+00 +3.9104e+00 +3.1528e+00
17130 +1.613743983e-08 +1.613743983e-08 -3.709999984e+00 -3.709999984e+00 +3.1200e+00 -2.2952e+00 +1.7832e+00 +3.9104e+00 +3.1528e+00
17330 +1.479603950e-08 +1.479603950e-08 -3.709999985e+00 -3.709999985e+00 +3.1200e+00 -2.2952e+00 +1.7832e+00 +3.9104e+00 +3.1528e+00
17931 +7.374787891e-09 +7.374787891e-09 -3.709999993e+00 -3.709999993e+00 +3.1200e+00 -2.2952e+00 +1.7832e+00 +3.9104e+00 +3.1528e+00
% function evaluation | noise-free fitness - Fopt (1.321800000000e+02) | best noise-free fitness - Fopt | measured fitness | best measured fitness | x1 | x2...
1 +2.496820543e+02 +2.496820543e+02 +3.818620543e+02 +3.818620543e+02 +4.8845e+00 +2.7316e-01 -2.5033e+00 -2.9834e+00 -2.3347e+00
2 +1.575516950e+02 +1.575516950e+02 +2.897316950e+02 +2.897316950e+02 +3.4538e-01 -4.2823e+00 +4.7095e+00 -3.7156e+00 -2.0499e+00
6 +9.216871519e+01 +9.216871519e+01 +2.243487152e+02 +2.243487152e+02 +2.4014e-01 -1.0187e-01 +2.1305e+00 -2.8990e+00 -9.8927e-01
11 +5.070727502e+01 +5.070727502e+01 +1.828872750e+02 +1.828872750e+02 -1.1310e+00 +6.2283e-01 +2.8671e+00 -2.3028e+00 -3.7159e+00
26 +3.592932860e+01 +3.592932860e+01 +1.681093286e+02 +1.681093286e+02 -3.8240e+00 +3.1158e+00 +4.5110e+00 -1.0518e+00 -2.9587e+00
427 +2.206664957e+01 +2.206664957e+01 +1.542466496e+02 +1.542466496e+02 -3.8096e+00 +8.3910e-01 +2.9238e+00 -2.8909e+00 -3.1672e+00
1304 +9.175575580e+00 +9.175575580e+00 +1.413555756e+02 +1.413555756e+02 -3.6905e+00 +1.5130e+00 +2.7969e+00 -2.0181e+00 -2.7779e+00
1707 +5.774671995e+00 +5.774671995e+00 +1.379546720e+02 +1.379546720e+02 -3.7314e+00 +1.4830e+00 +2.8259e+00 -1.9076e+00 -2.1300e+00
2087 +3.700322884e+00 +3.700322884e+00 +1.358803229e+02 +1.358803229e+02 -3.7450e+00 +1.4907e+00 +2.8308e+00 -1.4872e+00 -2.1393e+00
3507 +2.383992973e+00 +2.383992973e+00 +1.345639930e+02 +1.345639930e+02 -3.7483e+00 +1.4822e+00 +2.8366e+00 -1.9733e+00 -2.1377e+00
7645 +1.158763651e+00 +1.158763651e+00 +1.333387637e+02 +1.333387637e+02 -3.7460e+00 +1.4773e+00 +2.8579e+00 -1.9692e+00 -2.4972e+00
9702 +9.995625843e-01 +9.995625843e-01 +1.331795626e+02 +1.331795626e+02 -3.7605e+00 +1.4811e+00 +2.8644e+00 -1.9667e+00 -2.4921e+00
% function evaluation | noise-free fitness - Fopt (-5.847300000000e+02) | best noise-free fitness - Fopt | measured fitness | best measured fitness | x1 | x2...
1 +2.008530070e+02 +2.008530070e+02 -3.838769930e+02 -3.838769930e+02 +3.9450e+00 +5.6061e-01 -1.9838e+00 -2.6724e+00 -2.7327e+00
22 +1.138807104e+02 +1.138807104e+02 -4.708492896e+02 -4.708492896e+02 -2.3693e-01 -3.9433e+00 -4.1088e+00 -2.3097e+00 +6.5471e-01
25 +6.757359213e+01 +6.757359213e+01 -5.171564079e+02 -5.171564079e+02 -2.6409e+00 +2.8024e-01 -7.5336e-01 -3.7680e+00 -7.2441e-02
91 +5.820906086e+01 +5.820906086e+01 -5.265209391e+02 -5.265209391e+02 -8.2341e-01 -1.3042e+00 -1.5984e+00 -3.3674e+00 +1.4113e-01
425 +3.870401471e+01 +3.870401471e+01 -5.460259853e+02 -5.460259853e+02 -3.0966e+00 -1.5034e+00 -2.8259e+00 -4.7561e+00 +7.6423e-02
530 +2.055892711e+01 +2.055892711e+01 -5.641710729e+02 -5.641710729e+02 -4.4936e+00 -2.2584e+00 -2.9490e+00 -4.8222e+00 -1.3401e+00
1797 +1.472258745e+01 +1.472258745e+01 -5.700074126e+02 -5.700074126e+02 -4.4330e+00 -2.2635e+00 -2.8827e+00 -4.7600e+00 -3.0218e-01
3433 +9.334350558e+00 +9.334350558e+00 -5.753956494e+02 -5.753956494e+02 -4.6060e+00 -2.1699e+00 -2.8449e+00 -3.9195e+00 -3.3770e-01
5262 +6.288437895e+00 +6.288437895e+00 -5.784415621e+02 -5.784415621e+02 -4.6890e+00 -2.1678e+00 -2.3217e+00 -3.8955e+00 -6.7467e-01
% function evaluation | noise-free fitness - Fopt (-3.654000000000e+01) | best noise-free fitness - Fopt | measured fitness | best measured fitness | x1 | x2...
1 +3.099909979e+02 +3.099909979e+02 +2.734509979e+02 +2.734509979e+02 -3.8002e+00 -2.9243e+00 +3.8540e+00 +2.8484e+00 -1.9537e+00
8 +8.900823108e+01 +8.900823108e+01 +5.246823108e+01 +5.246823108e+01 +3.5879e+00 -5.4118e-01 +1.7749e+00 -1.3851e+00 -3.6283e-01
16 +5.626153453e+01 +5.626153453e+01 +1.972153453e+01 +1.972153453e+01 -2.1462e+00 -4.6807e+00 -1.4832e+00 -5.8114e-01 +8.8805e-01
201 +2.792120758e+01 +2.792120758e+01 -8.618792416e+00 -8.618792416e+00 -1.2627e+00 -4.5322e+00 -9.0237e-02 +8.6700e-01 +1.4219e+00
379 +2.440199687e+01 +2.440199687e+01 -1.213800313e+01 -1.213800313e+01 +4.9369e-01 -1.4981e+00 -5.5826e-02 -6.8922e-01 +4.0032e-01
826 +9.620902403e+00 +9.620902403e+00 -2.691909760e+01 -2.691909760e+01 -1.3597e-01 -1.5257e+00 -2.9501e-02 -7.0189e-01 +4.1205e-01
1285 +6.121932608e+00 +6.121932608e+00 -3.041806739e+01 -3.041806739e+01 -2.6127e-01 -1.5836e+00 -4.0770e-02 -6.8212e-01 +4.6575e-01
2376 +3.808509760e+00 +3.808509760e+00 -3.273149024e+01 -3.273149024e+01 -2.2352e-01 -3.0373e+00 -8.5533e-03 -6.8766e-01 +4.4394e-01
4267 +2.492756731e+00 +2.492756731e+00 -3.404724327e+01 -3.404724327e+01 -1.8489e-01 -2.1976e+00 -2.6280e-02 -6.7600e-01 +4.5192e-01
6767 +1.227978126e+00 +1.227978126e+00 -3.531202187e+01 -3.531202187e+01 -2.2238e-01 -2.2508e+00 -2.8567e-02 -6.6878e-01 +7.6525e-01
8823 +9.984324455e-01 +9.984324455e-01 -3.554156755e+01 -3.554156755e+01 -2.0308e-01 -2.2352e+00 -2.5570e-02 -6.6744e-01 +7.6172e-01
% function evaluation | noise-free fitness - Fopt (1.000000000000e+03) | best noise-free fitness - Fopt | measured fitness | best measured fitness | x1 | x2...
1 +4.279938755e+02 +4.279938755e+02 +1.427993876e+03 +1.427993876e+03 -4.0924e+00 -1.6745e+00 +2.4150e+00 +4.3312e+00 -3.0824e+00
3 +7.419003306e+01 +7.419003306e+01 +1.074190033e+03 +1.074190033e+03 -2.4702e+00 +2.9020e-02 +1.6766e+00 +3.5660e+00 +4.1705e+00
89 +4.978308365e+01 +4.978308365e+01 +1.049783084e+03 +1.049783084e+03 -3.8112e+00 +5.0416e-01 -1.9122e+00 +2.7792e+00 +2.9995e+00
154 +3.643757663e+01 +3.643757663e+01 +1.036437577e+03 +1.036437577e+03 -3.4766e+00 +6.2625e-01 +0.0000e+00 +3.1530e+00 +2.3707e+00
423 +2.085763525e+01 +2.085763525e+01 +1.020857635e+03 +1.020857635e+03 -3.3929e+00 -1.5774e+00 +3.6865e-01 +1.9067e+00 +3.2812e+00
2238 +9.609313184e+00 +9.609313184e+00 +1.009609313e+03 +1.009609313e+03 -3.6417e+00 +1.9757e-03 +3.7974e-01 +3.1564e+00 +3.2892e+00
4960 +6.185060604e+00 +6.185060604e+00 +1.006185061e+03 +1.006185061e+03 -3.5026e+00 +1.5404e-02 -1.8166e-01 +3.1157e+00 +3.2945e+00
13836 +3.836060156e+00 +3.836060156e+00 +1.003836060e+03 +1.003836060e+03 -1.5874e+00 +3.8596e-02 -1.7234e-01 +3.0754e+00 +2.9585e+00
13851 +2.490949545e+00 +2.490949545e+00 +1.002490950e+03 +1.002490950e+03 -1.5175e+00 +3.2412e-02 -1.7297e-01 +3.1009e+00 +2.9582e+00
13869 +1.472498475e+00 +1.472498475e+00 +1.001472498e+03 +1.001472498e+03 -1.5523e+00 +1.3866e-02 -1.7303e-01 +3.0997e+00 +2.9478e+00
16604 +9.986361356e-01 +9.986361356e-01 +1.000998636e+03 +1.000998636e+03 -1.5725e+00 +1.3893e-02 -1.7059e-01 +3.1170e+00 +2.9439e+00
21350 +5.390324349e-01 +5.390324349e-01 +1.000539032e+03 +1.000539032e+03 -1.6156e+00 -8.1202e-01 -1.5950e-01 +3.1126e+00 +2.9442e+00
21386 +1.441477806e-01 +1.441477806e-01 +1.000144148e+03 +1.000144148e+03 -1.5898e+00 -8.1034e-01 -1.6524e-01 +3.1126e+00 +2.9443e+00
21529 +5.560046941e-02 +5.560046941e-02 +1.000055600e+03 +1.000055600e+03 -1.5709e+00 -8.1875e-01 -1.6096e-01 +3.1182e+00 +2.9444e+00
21944 +2.740396684e-02 +2.740396684e-02 +1.000027404e+03 +1.000027404e+03 -1.5700e+00 -8.2266e-01 -1.7477e-01 +3.1146e+00 +2.9444e+00
21984 +2.120570329e-02 +2.120570329e-02 +1.000021206e+03 +1.000021206e+03 -1.5682e+00 -8.1389e-01 -1.7149e-01 +3.1179e+00 +2.9444e+00
22104 +8.489295292e-03 +8.489295292e-03 +1.000008489e+03 +1.000008489e+03 -1.5679e+00 -8.2188e-01 -1.7216e-01 +3.1167e+00 +2.9444e+00
22304 +5.789172948e-03 +5.789172948e-03 +1.000005789e+03 +1.000005789e+03 -1.5681e+00 -8.1989e-01 -1.7099e-01 +3.1179e+00 +2.9444e+00
23228 +3.871784058e-03 +3.871784058e-03 +1.000003872e+03 +1.000003872e+03 -1.5697e+00 -8.1953e-01 -1.6983e-01 +3.1184e+00 +2.9447e+00
23407 +9.685705832e-04 +9.685705832e-04 +1.000000969e+03 +1.000000969e+03 -1.5712e+00 -8.2158e-01 -1.7087e-01 +3.1175e+00 +2.9443e+00
23822 +5.028290743e-04 +5.028290743e-04 +1.000000503e+03 +1.000000503e+03 -1.5732e+00 -8.2117e-01 -1.7042e-01 +3.1177e+00 +2.9445e+00
23864 +3.935486139e-04 +3.935486139e-04 +1.000000394e+03 +1.000000394e+03 -1.5722e+00 -8.2092e-01 -1.7062e-01 +3.1176e+00 +2.9444e+00
24188 +2.349687423e-04 +2.349687423e-04 +1.000000235e+03 +1.000000235e+03 -1.5735e+00 -8.2075e-01 -1.7058e-01 +3.1176e+00 +2.9443e+00
24304 +1.497157284e-04 +1.497157284e-04 +1.000000150e+03 +1.000000150e+03 -1.5726e+00 -8.2099e-01 -1.7066e-01 +3.1176e+00 +2.9442e+00
24464 +5.537426148e-05 +5.537426148e-05 +1.000000055e+03 +1.000000055e+03 -1.5728e+00 -8.2087e-01 -1.7068e-01 +3.1176e+00 +2.9441e+00
24643 +3.470876629e-05 +3.470876629e-05 +1.000000035e+03 +1.000000035e+03 -1.5729e+00 -8.2088e-01 -1.7063e-01 +3.1176e+00 +2.9440e+00
24988 +1.479659841e-05 +1.479659841e-05 +1.000000015e+03 +1.000000015e+03 -1.5726e+00 -8.2069e-01 -1.7043e-01 +3.1176e+00 +2.9440e+00
25207 +9.397299891e-06 +9.397299891e-06 +1.000000009e+03 +1.000000009e+03 -1.5727e+00 -8.2075e-01 -1.7033e-01 +3.1177e+00 +2.9440e+00
25403 +5.778268246e-06 +5.778268246e-06 +1.000000006e+03 +1.000000006e+03 -1.5727e+00 -8.2074e-01 -1.7037e-01 +3.1176e+00 +2.9440e+00
25483 +2.334287160e-06 +2.334287160e-06 +1.000000002e+03 +1.000000002e+03 -1.5728e+00 -8.2074e-01 -1.7036e-01 +3.1176e+00 +2.9440e+00
25748 +9.533702041e-07 +9.533702041e-07 +1.000000001e+03 +1.000000001e+03 -1.5728e+00 -8.2077e-01 -1.7039e-01 +3.1176e+00 +2.9440e+00
26062 +3.267082320e-07 +3.267082320e-07 +1.000000000e+03 +1.000000000e+03 -1.5728e+00 -8.2082e-01 -1.7039e-01 +3.1176e+00 +2.9440e+00
26342 +1.968406877e-07 +1.968406877e-07 +1.000000000e+03 +1.000000000e+03 -1.5728e+00 -8.2082e-01 -1.7040e-01 +3.1176e+00 +2.9440e+00
26542 +1.390136504e-07 +1.390136504e-07 +1.000000000e+03 +1.000000000e+03 -1.5728e+00 -8.2081e-01 -1.7040e-01 +3.1176e+00 +2.9440e+00
26702 +6.501068128e-08 +6.501068128e-08 +1.000000000e+03 +1.000000000e+03 -1.5728e+00 -8.2080e-01 -1.7040e-01 +3.1176e+00 +2.9440e+00
26980 +5.930451152e-08 +5.930451152e-08 +1.000000000e+03 +1.000000000e+03 -1.5728e+00 -8.2081e-01 -1.7040e-01 +3.1176e+00 +2.9440e+00
27064 +1.710691322e-08 +1.710691322e-08 +1.000000000e+03 +1.000000000e+03 -1.5728e+00 -8.2080e-01 -1.7040e-01 +3.1176e+00 +2.9440e+00
27144 +1.147611783e-08 +1.147611783e-08 +1.000000000e+03 +1.000000000e+03 -1.5728e+00 -8.2080e-01 -1.7040e-01 +3.1176e+00 +2.9440e+00
27184 +9.908603715e-09 +9.908603715e-09 +1.000000000e+03 +1.000000000e+03 -1.5728e+00 -8.2080e-01 -1.7040e-01 +3.1176e+00 +2.9440e+00
% function evaluation | noise-free fitness - Fopt (4.661000000000e+01) | best noise-free fitness - Fopt | measured fitness | best measured fitness | x1 | x2...
1 +2.383236742e+02 +2.383236742e+02 +2.849336742e+02 +2.849336742e+02 -3.2804e+00 +3.0510e+00 -2.6038e+00 +3.7179e+00 -4.5487e+00
6 +1.165043975e+02 +1.165043975e+02 +1.631143975e+02 +1.631143975e+02 -3.6031e+00 +4.2315e+00 +4.5240e+00 +3.4085e+00 -2.0011e+00
44 +6.052628503e+01 +6.052628503e+01 +1.071362850e+02 +1.071362850e+02 -2.3999e+00 +3.7177e+00 +1.5387e+00 +2.4439e+00 -1.9198e+00
199 +2.047007869e+01 +2.047007869e+01 +6.708007869e+01 +6.708007869e+01 -2.2963e+00 +3.9417e+00 +1.2679e+00 +2.5058e+00 -1.0251e+00
659 +1.417572249e+01 +1.417572249e+01 +6.078572249e+01 +6.078572249e+01 -9.6029e-01 +4.0003e+00 +1.7547e+00 +3.3306e+00 -1.3503e+00
2102 +9.793666255e+00 +9.793666255e+00 +5.640366626e+01 +5.640366626e+01 -1.0779e+00 +4.7962e+00 +1.1613e+00 +2.8862e+00 -6.8881e-01
2508 +5.496813792e+00 +5.496813792e+00 +5.210681379e+01 +5.210681379e+01 -2.2942e-01 +4.6936e+00 +1.7023e+00 +2.8702e+00 -6.5695e-01
3695 +3.762488454e+00 +3.762488454e+00 +5.037248845e+01 +5.037248845e+01 -1.7713e-01 +4.6675e+00 +1.7162e+00 +2.8789e+00 -6.4321e-01
6827 +2.236236936e+00 +2.236236936e+00 +4.884623694e+01 +4.884623694e+01 +8.4005e-01 +4.7202e+00 +1.7051e+00 +2.8790e+00 -6.4455e-01
12323 +1.178664681e+00 +1.178664681e+00 +4.778866468e+01 +4.778866468e+01 +8.1250e-01 +4.7397e+00 +1.7186e+00 +2.8852e+00 -1.0088e+00
16017 +9.993697753e-01 +9.993697753e-01 +4.760936978e+01 +4.760936978e+01 +8.3525e-01 +4.7510e+00 +1.7180e+00 +2.8787e+00 -1.0080e+00
% function evaluation | noise-free fitness - Fopt (-2.643100000000e+02) | best noise-free fitness - Fopt | measured fitness | best measured fitness | x1 | x2...
1 +3.593890164e+02 +3.593890164e+02 +9.507901639e+01 +9.507901639e+01 -4.0014e+00 -2.7159e+00 -3.9055e+00 -3.2791e+00 -2.4200e+00
2 +2.417685202e+02 +2.417685202e+02 -2.254147980e+01 -2.254147980e+01 -2.5068e+00 +1.2704e+00 +1.6252e+00 -1.7817e+00 +3.3504e-01
9 +1.444706425e+02 +1.444706425e+02 -1.198393575e+02 -1.198393575e+02 -1.4314e+00 -4.3957e+00 -1.0019e+00 -1.6344e+00 +1.8295e-02
22 +7.668625144e+01 +7.668625144e+01 -1.876237486e+02 -1.876237486e+02 -3.8333e+00 -3.7803e+00 -2.0039e+00 +1.1360e+00 +3.2628e+00
106 +6.176868834e+01 +6.176868834e+01 -2.025413117e+02 -2.025413117e+02 -2.3148e+00 -1.0380e+00 -5.0000e+00 -1.7997e+00 +2.9264e+00
163 +3.284008056e+01 +3.284008056e+01 -2.314699194e+02 -2.314699194e+02 -1.1622e+00 +6.4936e-02 -4.1922e+00 -3.4201e-01 +3.8379e+00
1210 +2.415417847e+01 +2.415417847e+01 -2.401558215e+02 -2.401558215e+02 -1.2351e+00 -7.0498e-01 -4.3814e+00 -8.4969e-01 +3.1986e+00
2064 +1.065794308e+01 +1.065794308e+01 -2.536520569e+02 -2.536520569e+02 -3.2073e+00 -2.2176e+00 -3.1747e+00 -1.2791e+00 +3.2218e+00
2583 +9.191685781e+00 +9.191685781e+00 -2.551183142e+02 -2.551183142e+02 -3.3710e+00 -1.4731e+00 -3.2071e+00 -1.2018e+00 +3.2051e+00
2903 +5.120359605e+00 +5.120359605e+00 -2.591896404e+02 -2.591896404e+02 -3.3404e+00 -1.3837e+00 -2.6553e+00 -8.1257e-01 +3.2020e+00
4201 +3.435111175e+00 +3.435111175e+00 -2.608748888e+02 -2.608748888e+02 -3.2589e+00 -1.4530e+00 -3.2756e+00 -8.0155e-01 +3.1926e+00
4412 +2.299721759e+00 +2.299721759e+00 -2.620102782e+02 -2.620102782e+02 -3.2318e+00 -1.4378e+00 -3.2822e+00 -8.3166e-01 +3.2145e+00
11262 +1.034223105e+00 +1.034223105e+00 -2.632757769e+02 -2.632757769e+02 -3.2542e+00 -1.4570e+00 -3.2920e+00 -8.2429e-01 +2.8672e+00
11335 +9.971032224e-01 +9.971032224e-01 -2.633128968e+02 -2.633128968e+02 -3.2527e+00 -1.4598e+00 -3.2919e+00 -8.2665e-01 +2.8629e+00
% function evaluation | noise-free fitness - Fopt (7.273000000000e+01) | best noise-free fitness - Fopt | measured fitness | best measured fitness | x1 | x2...
1 +1.228914891e+02 +1.228914891e+02 +1.956214891e+02 +1.956214891e+02 -4.3730e+00 -1.0390e+00 +5.7798e-01 -1.3269e+00 +2.8374e+00
12 +9.668525515e+01 +9.668525515e+01 +1.694152551e+02 +1.694152551e+02 -9.7780e-01 -1.0512e+00 -1.7161e+00 +2.2852e+00 +1.4675e+00
109 +4.505197101e+01 +4.505197101e+01 +1.177819710e+02 +1.177819710e+02 -2.4894e+00 -8.8082e-01 -4.3218e+00 +5.4074e-01 +1.8549e+00
184 +2.861615029e+01 +2.861615029e+01 +1.013461503e+02 +1.013461503e+02 -2.5003e+00 -2.6479e-01 -1.4919e+00 +1.3468e+00 +2.1036e+00
489 +7.423320115e+00 +7.423320115e+00 +8.015332012e+01 +8.015332012e+01 -2.5218e+00 -1.5910e+00 -2.1557e+00 +1.4130e+00 +2.0459e+00
1295 +4.745129843e+00 +4.745129843e+00 +7.747512984e+01 +7.747512984e+01 -2.5567e+00 -1.6039e+00 -2.0931e+00 +1.4245e+00 +1.6709e+00
2375 +3.913506899e+00 +3.913506899e+00 +7.664350690e+01 +7.664350690e+01 -2.5702e+00 -1.5947e+00 -2.0838e+00 +1.4124e+00 +1.6952e+00
3428 +2.306030317e+00 +2.306030317e+00 +7.503603032e+01 +7.503603032e+01 -2.5943e+00 -1.4626e+00 -2.0952e+00 +1.4094e+00 +1.6709e+00
4794 +1.320039455e+00 +1.320039455e+00 +7.405003946e+01 +7.405003946e+01 -2.5977e+00 -1.4799e+00 -2.0835e+00 +9.2703e-01 +1.6794e+00
6314 +9.975639355e-01 +9.975639355e-01 +7.372756394e+01 +7.372756394e+01 -2.5827e+00 -1.4465e+00 -2.0873e+00 +9.3197e-01 +1.6770e+00
7978 +5.744886101e-01 +5.744886101e-01 +7.330448861e+01 +7.330448861e+01 -2.5807e+00 -2.2973e+00 -2.0914e+00 +9.3083e-01 +1.6627e+00
8028 +3.314466847e-01 +3.314466847e-01 +7.306144668e+01 +7.306144668e+01 -2.5806e+00 -2.2946e+00 -2.0912e+00 +9.3243e-01 +1.6662e+00
8112 +1.488853327e-01 +1.488853327e-01 +7.287888533e+01 +7.287888533e+01 -2.5789e+00 -2.2636e+00 -2.0911e+00 +9.3369e-01 +1.6696e+00
8538 +6.261465533e-02 +6.261465533e-02 +7.279261466e+01 +7.279261466e+01 -2.5789e+00 -2.2717e+00 -2.0835e+00 +9.2731e-01 +1.6761e+00
8828 +1.615600450e-02 +1.615600450e-02 +7.274615600e+01 +7.274615600e+01 -2.5789e+00 -2.2706e+00 -2.0900e+00 +9.3139e-01 +1.6759e+00
8922 +1.110179777e-02 +1.110179777e-02 +7.274110180e+01 +7.274110180e+01 -2.5790e+00 -2.2776e+00 -2.0903e+00 +9.3097e-01 +1.6755e+00
9618 +5.429364657e-03 +5.429364657e-03 +7.273542936e+01 +7.273542936e+01 -2.5786e+00 -2.2744e+00 -2.0883e+00 +9.3217e-01 +1.6760e+00
10098 +3.968626890e-03 +3.968626890e-03 +7.273396863e+01 +7.273396863e+01 -2.5787e+00 -2.2766e+00 -2.0886e+00 +9.3221e-01 +1.6763e+00
10471 +2.393347943e-03 +2.393347943e-03 +7.273239335e+01 +7.273239335e+01 -2.5794e+00 -2.2764e+00 -2.0883e+00 +9.3282e-01 +1.6774e+00
10778 +1.530719742e-03 +1.530719742e-03 +7.273153072e+01 +7.273153072e+01 -2.5795e+00 -2.2758e+00 -2.0884e+00 +9.3267e-01 +1.6768e+00
11100 +6.674334803e-04 +6.674334803e-04 +7.273066743e+01 +7.273066743e+01 -2.5823e+00 -2.2753e+00 -2.0882e+00 +9.3330e-01 +1.6768e+00
11108 +5.609340801e-04 +5.609340801e-04 +7.273056093e+01 +7.273056093e+01 -2.5809e+00 -2.2757e+00 -2.0886e+00 +9.3254e-01 +1.6766e+00
11260 +2.229715146e-04 +2.229715146e-04 +7.273022297e+01 +7.273022297e+01 -2.5824e+00 -2.2759e+00 -2.0886e+00 +9.3241e-01 +1.6769e+00
11311 +1.213465366e-04 +1.213465366e-04 +7.273012135e+01 +7.273012135e+01 -2.5829e+00 -2.2759e+00 -2.0888e+00 +9.3265e-01 +1.6769e+00
11420 +9.534596394e-05 +9.534596394e-05 +7.273009535e+01 +7.273009535e+01 -2.5826e+00 -2.2759e+00 -2.0886e+00 +9.3298e-01 +1.6769e+00
11500 +5.269113979e-05 +5.269113979e-05 +7.273005269e+01 +7.273005269e+01 -2.5823e+00 -2.2760e+00 -2.0889e+00 +9.3295e-01 +1.6769e+00
11540 +3.225429076e-05 +3.225429076e-05 +7.273003225e+01 +7.273003225e+01 -2.5825e+00 -2.2759e+00 -2.0890e+00 +9.3288e-01 +1.6769e+00
12627 +2.074969312e-05 +2.074969312e-05 +7.273002075e+01 +7.273002075e+01 -2.5826e+00 -2.2761e+00 -2.0887e+00 +9.3289e-01 +1.6768e+00
12748 +4.310971036e-06 +4.310971036e-06 +7.273000431e+01 +7.273000431e+01 -2.5824e+00 -2.2760e+00 -2.0887e+00 +9.3279e-01 +1.6768e+00
12979 +2.363573458e-06 +2.363573458e-06 +7.273000236e+01 +7.273000236e+01 -2.5825e+00 -2.2760e+00 -2.0888e+00 +9.3276e-01 +1.6768e+00
13231 +6.904030130e-07 +6.904030130e-07 +7.273000069e+01 +7.273000069e+01 -2.5824e+00 -2.2760e+00 -2.0888e+00 +9.3282e-01 +1.6768e+00
13926 +3.459977620e-07 +3.459977620e-07 +7.273000035e+01 +7.273000035e+01 -2.5824e+00 -2.2760e+00 -2.0888e+00 +9.3280e-01 +1.6768e+00
13991 +1.374408498e-07 +1.374408498e-07 +7.273000014e+01 +7.273000014e+01 -2.5824e+00 -2.2760e+00 -2.0888e+00 +9.3281e-01 +1.6768e+00
14391 +9.908006859e-08 +9.908006859e-08 +7.273000010e+01 +7.273000010e+01 -2.5824e+00 -2.2760e+00 -2.0888e+00 +9.3280e-01 +1.6768e+00
14631 +3.923224767e-08 +3.923224767e-08 +7.273000004e+01 +7.273000004e+01 -2.5824e+00 -2.2760e+00 -2.0888e+00 +9.3280e-01 +1.6768e+00
14708 +2.148681233e-08 +2.148681233e-08 +7.273000002e+01 +7.273000002e+01 -2.5824e+00 -2.2760e+00 -2.0888e+00 +9.3280e-01 +1.6768e+00
15108 +5.607120102e-09 +5.607120102e-09 +7.273000001e+01 +7.273000001e+01 -2.5824e+00 -2.2760e+00 -2.0888e+00 +9.3280e-01 +1.6768e+00
% function evaluation | noise-free fitness - Fopt (1.368700000000e+02) | best noise-free fitness - Fopt | measured fitness | best measured fitness | x1 | x2...
1 +4.472779934e+02 +4.472779934e+02 +5.841479934e+02 +5.841479934e+02 +1.3341e+00 -3.0523e+00 -2.0782e+00 +4.8287e+00 +2.2987e+00
4 +3.070262409e+02 +3.070262409e+02 +4.438962409e+02 +4.438962409e+02 +2.9652e+00 -6.9804e-01 +5.9313e-01 +2.0978e-01 -3.6026e+00
5 +1.369330538e+02 +1.369330538e+02 +2.738030538e+02 +2.738030538e+02 -1.5239e+00 +3.4127e+00 +3.8622e+00 -1.8839e+00 -1.6921e+00
45 +6.667369094e+01 +6.667369094e+01 +2.035436909e+02 +2.035436909e+02 -3.5965e-02 +5.0000e+00 +3.4029e+00 +1.4676e+00 +5.7655e-01
49 +6.239848010e+01 +6.239848010e+01 +1.992684801e+02 +1.992684801e+02 +1.9461e-02 +4.1180e+00 +2.8250e+00 +1.3276e+00 +1.2720e+00
159 +2.818721792e+01 +2.818721792e+01 +1.650572179e+02 +1.650572179e+02 +1.4701e+00 +3.0313e+00 +3.2038e+00 +0.0000e+00 +2.8167e-01
237 +2.091870465e+01 +2.091870465e+01 +1.577887047e+02 +1.577887047e+02 +2.4704e+00 +3.6255e+00 +4.4302e+00 -1.1533e-01 +9.1032e-01
994 +1.046425623e+01 +1.046425623e+01 +1.473342562e+02 +1.473342562e+02 +2.4790e+00 +2.7839e+00 +4.4007e+00 -5.5082e-02 +9.4190e-01
1782 +9.887614266e+00 +9.887614266e+00 +1.467576143e+02 +1.467576143e+02 +2.4911e+00 +2.8520e+00 +4.3991e+00 -3.7748e-02 +9.4820e-01
2460 +5.967849343e+00 +5.967849343e+00 +1.428378493e+02 +1.428378493e+02 +2.4938e+00 +2.7741e+00 +4.3973e+00 +4.3263e-01 +9.1882e-01
5009 +3.793066214e+00 +3.793066214e+00 +1.406630662e+02 +1.406630662e+02 +2.5345e+00 +2.8238e+00 +3.8432e+00 +8.7159e-01 +8.9859e-01
6717 +2.136416335e+00 +2.136416335e+00 +1.390064163e+02 +1.390064163e+02 +2.5263e+00 +3.6151e+00 +3.8476e+00 +8.5507e-01 +9.0318e-01
7633 +1.513938971e+00 +1.513938971e+00 +1.383839390e+02 +1.383839390e+02 +2.5169e+00 +3.5958e+00 +3.8753e+00 +8.5714e-01 +5.4440e-01
11287 +9.990999140e-01 +9.990999140e-01 +1.378690999e+02 +1.378690999e+02 +2.5173e+00 +3.6140e+00 +3.8556e+00 +8.5204e-01 +5.5492e-01
13590 +2.296600528e-01 +2.296600528e-01 +1.370996601e+02 +1.370996601e+02 +3.4884e+00 +3.5981e+00 +3.8525e+00 +8.5215e-01 +5.5514e-01
13638 +1.264928356e-01 +1.264928356e-01 +1.369964928e+02 +1.369964928e+02 +3.5248e+00 +3.5949e+00 +3.8527e+00 +8.5211e-01 +5.5459e-01
13995 +9.669542076e-02 +9.669542076e-02 +1.369666954e+02 +1.369666954e+02 +3.5285e+00 +3.5997e+00 +3.8512e+00 +8.5207e-01 +5.5434e-01
14034 +2.683377435e-02 +2.683377435e-02 +1.368968338e+02 +1.368968338e+02 +3.5192e+00 +3.6032e+00 +3.8535e+00 +8.5189e-01 +5.5426e-01
14567 +1.597165035e-02 +1.597165035e-02 +1.368859717e+02 +1.368859717e+02 +3.5155e+00 +3.6069e+00 +3.8523e+00 +8.5191e-01 +5.5410e-01
14838 +1.234661771e-02 +1.234661771e-02 +1.368823466e+02 +1.368823466e+02 +3.5221e+00 +3.6101e+00 +3.8525e+00 +8.5188e-01 +5.5443e-01
14887 +3.354168791e-03 +3.354168791e-03 +1.368733542e+02 +1.368733542e+02 +3.5166e+00 +3.6111e+00 +3.8533e+00 +8.5185e-01 +5.5506e-01
15033 +2.096501155e-03 +2.096501155e-03 +1.368720965e+02 +1.368720965e+02 +3.5161e+00 +3.6124e+00 +3.8539e+00 +8.5185e-01 +5.5368e-01
15327 +1.066499936e-03 +1.066499936e-03 +1.368710665e+02 +1.368710665e+02 +3.5162e+00 +3.6132e+00 +3.8542e+00 +8.5185e-01 +5.5444e-01
15567 +9.328421064e-04 +9.328421064e-04 +1.368709328e+02 +1.368709328e+02 +3.5160e+00 +3.6130e+00 +3.8543e+00 +8.5184e-01 +5.5443e-01
15658 +5.421548454e-04 +5.421548454e-04 +1.368705422e+02 +1.368705422e+02 +3.5162e+00 +3.6125e+00 +3.8544e+00 +8.5188e-01 +5.5430e-01
15985 +3.616688211e-04 +3.616688211e-04 +1.368703617e+02 +1.368703617e+02 +3.5157e+00 +3.6123e+00 +3.8546e+00 +8.5186e-01 +5.5430e-01
16087 +1.663305227e-04 +1.663305227e-04 +1.368701663e+02 +1.368701663e+02 +3.5158e+00 +3.6120e+00 +3.8549e+00 +8.5184e-01 +5.5423e-01
16127 +1.350339681e-04 +1.350339681e-04 +1.368701350e+02 +1.368701350e+02 +3.5160e+00 +3.6118e+00 +3.8550e+00 +8.5183e-01 +5.5421e-01
16265 +4.880192435e-05 +4.880192435e-05 +1.368700488e+02 +1.368700488e+02 +3.5160e+00 +3.6120e+00 +3.8551e+00 +8.5181e-01 +5.5444e-01
16927 +2.834732715e-05 +2.834732715e-05 +1.368700283e+02 +1.368700283e+02 +3.5161e+00 +3.6120e+00 +3.8551e+00 +8.5203e-01 +5.5449e-01
17207 +1.843408219e-05 +1.843408219e-05 +1.368700184e+02 +1.368700184e+02 +3.5161e+00 +3.6119e+00 +3.8551e+00 +8.5204e-01 +5.5441e-01
17247 +1.142187389e-05 +1.142187389e-05 +1.368700114e+02 +1.368700114e+02 +3.5161e+00 +3.6119e+00 +3.8551e+00 +8.5201e-01 +5.5440e-01
17407 +8.542275992e-06 +8.542275992e-06 +1.368700085e+02 +1.368700085e+02 +3.5161e+00 +3.6119e+00 +3.8552e+00 +8.5200e-01 +5.5439e-01
17887 +5.943746714e-06 +5.943746714e-06 +1.368700059e+02 +1.368700059e+02 +3.5161e+00 +3.6119e+00 +3.8552e+00 +8.5197e-01 +5.5442e-01
17994 +1.888660023e-06 +1.888660023e-06 +1.368700019e+02 +1.368700019e+02 +3.5161e+00 +3.6120e+00 +3.8552e+00 +8.5198e-01 +5.5441e-01
18034 +9.788391537e-07 +9.788391537e-07 +1.368700010e+02 +1.368700010e+02 +3.5160e+00 +3.6120e+00 +3.8552e+00 +8.5199e-01 +5.5440e-01
19034 +5.484114354e-07 +5.484114354e-07 +1.368700005e+02 +1.368700005e+02 +3.5160e+00 +3.6120e+00 +3.8552e+00 +8.5199e-01 +5.5440e-01
19177 +2.679201998e-07 +2.679201998e-07 +1.368700003e+02 +1.368700003e+02 +3.5160e+00 +3.6120e+00 +3.8552e+00 +8.5199e-01 +5.5441e-01
19297 +2.215791994e-07 +2.215791994e-07 +1.368700002e+02 +1.368700002e+02 +3.5160e+00 +3.6120e+00 +3.8552e+00 +8.5201e-01 +5.5441e-01
19674 +1.526138647e-07 +1.526138647e-07 +1.368700002e+02 +1.368700002e+02 +3.5160e+00 +3.6120e+00 +3.8552e+00 +8.5201e-01 +5.5441e-01
19895 +7.791143730e-08 +7.791143730e-08 +1.368700001e+02 +1.368700001e+02 +3.5160e+00 +3.6120e+00 +3.8552e+00 +8.5200e-01 +5.5440e-01
19918 +4.796493158e-08 +4.796493158e-08 +1.368700000e+02 +1.368700000e+02 +3.5160e+00 +3.6120e+00 +3.8552e+00 +8.5200e-01 +5.5440e-01
20131 +2.331486826e-08 +2.331486826e-08 +1.368700000e+02 +1.368700000e+02 +3.5160e+00 +3.6120e+00 +3.8552e+00 +8.5200e-01 +5.5440e-01
20857 +1.166981178e-08 +1.166981178e-08 +1.368700000e+02 +1.368700000e+02 +3.5160e+00 +3.6120e+00 +3.8552e+00 +8.5200e-01 +5.5440e-01
21034 +8.925383099e-09 +8.925383099e-09 +1.368700000e+02 +1.368700000e+02 +3.5160e+00 +3.6120e+00 +3.8552e+00 +8.5200e-01 +5.5440e-01
% function evaluation | noise-free fitness - Fopt (2.196000000000e+01) | best noise-free fitness - Fopt | measured fitness | best measured fitness | x1 | x2...
1 +5.539325350e+03 +5.539325350e+03 +5.561285350e+03 +5.561285350e+03 -2.4293e+00 -3.1612e+00 -5.5939e-01 -4.4910e+00 +4.5967e+00
4 +1.628677352e+02 +1.628677352e+02 +1.848277352e+02 +1.848277352e+02 -3.9349e+00 -1.3699e+00 -1.4523e+00 +1.1276e+00 -8.9954e-01
7 +1.276764663e+02 +1.276764663e+02 +1.496364663e+02 +1.496364663e+02 +1.8847e+00 -4.2079e+00 -3.2329e-01 +3.9588e-02 -2.9650e+00
44 +7.740612132e+01 +7.740612132e+01 +9.936612132e+01 +9.936612132e+01 +1.0651e+00 -3.5914e+00 +2.6565e+00 +2.3009e+00 -3.6624e+00
91 +5.910361371e+01 +5.910361371e+01 +8.106361371e+01 +8.106361371e+01 +3.2751e+00 -2.1195e+00 +3.1132e+00 +3.2504e+00 -3.4043e+00
206 +3.896125795e+01 +3.896125795e+01 +6.092125795e+01 +6.092125795e+01 +6.1395e-01 -5.1672e-01 +2.2569e+00 +1.8868e+00 -1.8830e+00
971 +1.585313919e+01 +1.585313919e+01 +3.781313919e+01 +3.781313919e+01 +4.1674e+00 +1.8278e-01 +1.1341e+00 +2.2265e+00 -2.2795e+00
1163 +1.561986839e+01 +1.561986839e+01 +3.757986839e+01 +3.757986839e+01 +4.2449e+00 -4.8339e-02 +1.1687e+00 +1.8420e+00 -2.2106e+00
1843 +9.677156834e+00 +9.677156834e+00 +3.163715683e+01 +3.163715683e+01 +4.2860e+00 -1.1810e-02 +1.1851e+00 +1.9000e+00 -2.2396e+00
2864 +4.351241922e+00 +4.351241922e+00 +2.631124192e+01 +2.631124192e+01 +4.3175e+00 -6.3900e-01 +1.6853e+00 +2.7850e+00 -2.2437e+00
3897 +3.534277991e+00 +3.534277991e+00 +2.549427799e+01 +2.549427799e+01 +4.3325e+00 -6.2819e-01 +1.7063e+00 +2.3089e+00 -2.2422e+00
4540 +1.945233945e+00 +1.945233945e+00 +2.390523395e+01 +2.390523395e+01 +3.2425e+00 -6.3625e-01 +1.7094e+00 +2.3100e+00 -2.2399e+00
4696 +1.121514705e+00 +1.121514705e+00 +2.308151471e+01 +2.308151471e+01 +3.2864e+00 -6.4494e-01 +1.6913e+00 +2.2970e+00 -2.2430e+00
6820 +9.981667273e-01 +9.981667273e-01 +2.295816673e+01 +2.295816673e+01 +3.2957e+00 -6.3758e-01 +1.6938e+00 +2.2983e+00 -2.2548e+00
14224 +2.157551857e-01 +2.157551857e-01 +2.217575519e+01 +2.217575519e+01 +3.3003e+00 -6.4098e-01 +1.6937e+00 +2.2982e+00 -2.6058e+00
14348 +5.851757490e-02 +5.851757490e-02 +2.201851757e+01 +2.201851757e+01 +3.3040e+00 -6.3956e-01 +1.6940e+00 +2.2982e+00 -2.6128e+00
14584 +2.396270734e-02 +2.396270734e-02 +2.198396271e+01 +2.198396271e+01 +3.2990e+00 -6.4232e-01 +1.6944e+00 +2.2982e+00 -2.6153e+00
15475 +1.411561915e-02 +1.411561915e-02 +2.197411562e+01 +2.197411562e+01 +3.2984e+00 -6.3497e-01 +1.6960e+00 +2.2983e+00 -2.6152e+00
15510 +9.339181725e-03 +9.339181725e-03 +2.196933918e+01 +2.196933918e+01 +3.2976e+00 -6.3440e-01 +1.6955e+00 +2.2976e+00 -2.6164e+00
15870 +4.929318335e-03 +4.929318335e-03 +2.196492932e+01 +2.196492932e+01 +3.2966e+00 -6.3350e-01 +1.6939e+00 +2.2982e+00 -2.6164e+00
15927 +1.019965353e-03 +1.019965353e-03 +2.196101997e+01 +2.196101997e+01 +3.2930e+00 -6.3445e-01 +1.6926e+00 +2.2980e+00 -2.6167e+00
16567 +6.989243100e-04 +6.989243100e-04 +2.196069892e+01 +2.196069892e+01 +3.2928e+00 -6.3516e-01 +1.6924e+00 +2.2980e+00 -2.6167e+00
16750 +5.192196372e-04 +5.192196372e-04 +2.196051922e+01 +2.196051922e+01 +3.2921e+00 -6.3592e-01 +1.6928e+00 +2.2982e+00 -2.6168e+00
16767 +2.295403252e-04 +2.295403252e-04 +2.196022954e+01 +2.196022954e+01 +3.2929e+00 -6.3611e-01 +1.6930e+00 +2.2981e+00 -2.6167e+00
17350 +1.366927190e-04 +1.366927190e-04 +2.196013669e+01 +2.196013669e+01 +3.2937e+00 -6.3592e-01 +1.6931e+00 +2.2981e+00 -2.6167e+00
17630 +9.499134462e-05 +9.499134462e-05 +2.196009499e+01 +2.196009499e+01 +3.2936e+00 -6.3592e-01 +1.6931e+00 +2.2982e+00 -2.6169e+00
18141 +4.779411993e-05 +4.779411993e-05 +2.196004779e+01 +2.196004779e+01 +3.2937e+00 -6.3601e-01 +1.6931e+00 +2.2984e+00 -2.6169e+00
18249 +3.452503273e-05 +3.452503273e-05 +2.196003453e+01 +2.196003453e+01 +3.2938e+00 -6.3609e-01 +1.6930e+00 +2.2984e+00 -2.6169e+00
18301 +2.284173037e-05 +2.284173037e-05 +2.196002284e+01 +2.196002284e+01 +3.2936e+00 -6.3608e-01 +1.6930e+00 +2.2983e+00 -2.6168e+00
18341 +1.027902056e-05 +1.027902056e-05 +2.196001028e+01 +2.196001028e+01 +3.2937e+00 -6.3602e-01 +1.6929e+00 +2.2984e+00 -2.6168e+00
18390 +9.385235966e-06 +9.385235966e-06 +2.196000939e+01 +2.196000939e+01 +3.2938e+00 -6.3602e-01 +1.6929e+00 +2.2984e+00 -2.6168e+00
18621 +6.044039669e-06 +6.044039669e-06 +2.196000604e+01 +2.196000604e+01 +3.2937e+00 -6.3606e-01 +1.6928e+00 +2.2984e+00 -2.6168e+00
18769 +3.161679842e-06 +3.161679842e-06 +2.196000316e+01 +2.196000316e+01 +3.2937e+00 -6.3601e-01 +1.6928e+00 +2.2984e+00 -2.6168e+00
19007 +2.038718172e-06 +2.038718172e-06 +2.196000204e+01 +2.196000204e+01 +3.2936e+00 -6.3599e-01 +1.6928e+00 +2.2984e+00 -2.6168e+00
19447 +9.166786050e-07 +9.166786050e-07 +2.196000092e+01 +2.196000092e+01 +3.2936e+00 -6.3602e-01 +1.6928e+00 +2.2984e+00 -2.6168e+00
19527 +4.675640639e-07 +4.675640639e-07 +2.196000047e+01 +2.196000047e+01 +3.2936e+00 -6.3600e-01 +1.6928e+00 +2.2984e+00 -2.6168e+00
19806 +2.947204649e-07 +2.947204649e-07 +2.196000029e+01 +2.196000029e+01 +3.2936e+00 -6.3600e-01 +1.6928e+00 +2.2984e+00 -2.6168e+00
19902 +1.263317699e-07 +1.263317699e-07 +2.196000013e+01 +2.196000013e+01 +3.2936e+00 -6.3601e-01 +1.6928e+00 +2.2984e+00 -2.6168e+00
20050 +6.626077464e-08 +6.626077464e-08 +2.196000007e+01 +2.196000007e+01 +3.2936e+00 -6.3601e-01 +1.6928e+00 +2.2984e+00 -2.6168e+00
20289 +4.473278992e-08 +4.473278992e-08 +2.196000004e+01 +2.196000004e+01 +3.2936e+00 -6.3600e-01 +1.6928e+00 +2.2984e+00 -2.6168e+00
20541 +2.133501198e-08 +2.133501198e-08 +2.196000002e+01 +2.196000002e+01 +3.2936e+00 -6.3600e-01 +1.6928e+00 +2.2984e+00 -2.6168e+00
20621 +9.160501691e-09 +9.160501691e-09 +2.196000001e+01 +2.196000001e+01 +3.2936e+00 -6.3600e-01 +1.6928e+00 +2.2984e+00 -2.6168e+00
% function evaluation | noise-free fitness - Fopt (-2.139000000000e+01) | best noise-free fitness - Fopt | measured fitness | best measured fitness | x1 | x2...
1 +8.899185936e+02 +8.899185936e+02 +8.685285936e+02 +8.685285936e+02 +2.6312e+00 -3.5197e+00 +1.7788e+00 +2.9035e+00 -4.8707e-01
2 +2.142353066e+02 +2.142353066e+02 +1.928453066e+02 +1.928453066e+02 -3.5252e+00 +3.5351e+00 +4.9936e+00 -2.7754e+00 -3.6632e+00
29 +1.422942138e+02 +1.422942138e+02 +1.209042138e+02 +1.209042138e+02 +4.5860e+00 +1.0230e+00 +3.4551e+00 -8.3404e-01 -1.4291e+00
47 +9.452454853e+01 +9.452454853e+01 +7.313454853e+01 +7.313454853e+01 +1.5379e+00 +5.0000e+00 +6.7585e-01 -1.8816e+00 -2.9163e-01
71 +6.130822137e+01 +6.130822137e+01 +3.991822137e+01 +3.991822137e+01 +2.4755e+00 +3.3353e+00 +1.2168e-01 -2.5421e+00 -6.4918e-01
441 +3.677407986e+01 +3.677407986e+01 +1.538407986e+01 +1.538407986e+01 +3.4816e+00 +2.8234e+00 +4.5322e-01 -2.2699e+00 -1.5510e+00
520 +2.193980748e+01 +2.193980748e+01 +5.498074775e-01 +5.498074775e-01 +3.3033e+00 +3.5975e+00 +4.0336e-01 -3.6038e+00 -1.6594e+00
600 +8.690057429e+00 +8.690057429e+00 -1.269994257e+01 -1.269994257e+01 +3.1839e+00 +3.4918e+00 +4.5864e-01 -3.1455e+00 -1.6356e+00
1236 +5.654358198e+00 +5.654358198e+00 -1.573564180e+01 -1.573564180e+01 +3.2322e+00 +3.6322e+00 +4.6867e-01 -3.4941e+00 -1.2678e+00
1997 +3.356746610e+00 +3.356746610e+00 -1.803325339e+01 -1.803325339e+01 +3.1709e+00 +2.8490e+00 +5.1758e-01 -3.5034e+00 -1.6100e+00
3260 +2.477030719e+00 +2.477030719e+00 -1.891296928e+01 -1.891296928e+01 +3.1908e+00 +2.8285e+00 +5.1940e-01 -3.5030e+00 -1.6280e+00
4284 +1.579235024e+00 +1.579235024e+00 -1.981076498e+01 -1.981076498e+01 +3.2418e+00 +2.8294e+00 +1.1329e+00 -3.5022e+00 -1.6160e+00
6300 +9.995829058e-01 +9.995829058e-01 -2.039041709e+01 -2.039041709e+01 +3.2031e+00 +2.8013e+00 +1.1296e+00 -3.4972e+00 -1.6222e+00
10452 +2.415612835e-01 +2.415612835e-01 -2.114843872e+01 -2.114843872e+01 +3.2277e+00 +2.8158e+00 +1.1286e+00 -3.0975e+00 -1.6217e+00
10483 +9.144602355e-02 +9.144602355e-02 -2.129855398e+01 -2.129855398e+01 +3.2233e+00 +2.8097e+00 +1.1284e+00 -3.0895e+00 -1.6217e+00
10537 +3.297070469e-02 +3.297070469e-02 -2.135702930e+01 -2.135702930e+01 +3.2105e+00 +2.8084e+00 +1.1284e+00 -3.0870e+00 -1.6217e+00
10768 +9.206253042e-03 +9.206253042e-03 -2.138079375e+01 -2.138079375e+01 +3.2031e+00 +2.8065e+00 +1.1292e+00 -3.0893e+00 -1.6208e+00
11341 +4.133467198e-03 +4.133467198e-03 -2.138586653e+01 -2.138586653e+01 +3.2026e+00 +2.8041e+00 +1.1287e+00 -3.0912e+00 -1.6212e+00
11981 +3.606915301e-03 +3.606915301e-03 -2.138639308e+01 -2.138639308e+01 +3.2029e+00 +2.8044e+00 +1.1287e+00 -3.0903e+00 -1.6207e+00
12091 +2.085059788e-03 +2.085059788e-03 -2.138791494e+01 -2.138791494e+01 +3.2026e+00 +2.8021e+00 +1.1311e+00 -3.0914e+00 -1.6203e+00
12185 +8.102330315e-04 +8.102330315e-04 -2.138918977e+01 -2.138918977e+01 +3.2026e+00 +2.8028e+00 +1.1304e+00 -3.0903e+00 -1.6203e+00
12461 +4.908170927e-04 +4.908170927e-04 -2.138950918e+01 -2.138950918e+01 +3.2028e+00 +2.8030e+00 +1.1306e+00 -3.0906e+00 -1.6208e+00
13451 +3.525019700e-04 +3.525019700e-04 -2.138964750e+01 -2.138964750e+01 +3.2032e+00 +2.8030e+00 +1.1308e+00 -3.0905e+00 -1.6208e+00
13611 +1.735806782e-04 +1.735806782e-04 -2.138982642e+01 -2.138982642e+01 +3.2042e+00 +2.8030e+00 +1.1303e+00 -3.0905e+00 -1.6208e+00
13858 +9.498626602e-05 +9.498626602e-05 -2.138990501e+01 -2.138990501e+01 +3.2038e+00 +2.8025e+00 +1.1303e+00 -3.0903e+00 -1.6210e+00
13978 +5.001123032e-05 +5.001123032e-05 -2.138994999e+01 -2.138994999e+01 +3.2040e+00 +2.8026e+00 +1.1303e+00 -3.0905e+00 -1.6209e+00
14058 +2.184847702e-05 +2.184847702e-05 -2.138997815e+01 -2.138997815e+01 +3.2041e+00 +2.8025e+00 +1.1304e+00 -3.0905e+00 -1.6209e+00
14138 +1.089189992e-05 +1.089189992e-05 -2.138998911e+01 -2.138998911e+01 +3.2040e+00 +2.8025e+00 +1.1304e+00 -3.0904e+00 -1.6208e+00
14178 +6.302630442e-06 +6.302630442e-06 -2.138999370e+01 -2.138999370e+01 +3.2040e+00 +2.8025e+00 +1.1304e+00 -3.0903e+00 -1.6208e+00
15221 +2.001824299e-06 +2.001824299e-06 -2.138999800e+01 -2.138999800e+01 +3.2040e+00 +2.8024e+00 +1.1304e+00 -3.0904e+00 -1.6208e+00
15378 +5.577806981e-07 +5.577806981e-07 -2.138999944e+01 -2.138999944e+01 +3.2040e+00 +2.8024e+00 +1.1304e+00 -3.0904e+00 -1.6208e+00
15578 +3.045207855e-07 +3.045207855e-07 -2.138999970e+01 -2.138999970e+01 +3.2040e+00 +2.8024e+00 +1.1304e+00 -3.0904e+00 -1.6208e+00
16305 +1.247190156e-07 +1.247190156e-07 -2.138999988e+01 -2.138999988e+01 +3.2040e+00 +2.8024e+00 +1.1304e+00 -3.0904e+00 -1.6208e+00
16458 +8.685700692e-08 +8.685700692e-08 -2.138999991e+01 -2.138999991e+01 +3.2040e+00 +2.8024e+00 +1.1304e+00 -3.0904e+00 -1.6208e+00
16851 +2.217515771e-08 +2.217515771e-08 -2.138999998e+01 -2.138999998e+01 +3.2040e+00 +2.8024e+00 +1.1304e+00 -3.0904e+00 -1.6208e+00
17029 +1.548007234e-08 +1.548007234e-08 -2.138999998e+01 -2.138999998e+01 +3.2040e+00 +2.8024e+00 +1.1304e+00 -3.0904e+00 -1.6208e+00
17576 +9.181370331e-09 +9.181370331e-09 -2.138999999e+01 -2.138999999e+01 +3.2040e+00 +2.8024e+00 +1.1304e+00 -3.0904e+00 -1.6208e+00
% function evaluation | noise-free fitness - Fopt (5.176600000000e+02) | best noise-free fitness - Fopt | measured fitness | best measured fitness | x1 | x2...
1 +3.641458590e+02 +3.641458590e+02 +8.818058590e+02 +8.818058590e+02 +1.2080e+00 -3.5255e+00 +1.4172e+00 -6.7321e-01 +4.1473e+00
2 +1.623713412e+02 +1.623713412e+02 +6.800313412e+02 +6.800313412e+02 -1.7374e+00 -2.7495e+00 +1.8667e+00 +2.5735e+00 +6.8049e-02
3 +6.866187727e+01 +6.866187727e+01 +5.863218773e+02 +5.863218773e+02 -7.6593e-01 +2.5174e+00 +1.5029e+00 +4.2552e+00 +1.4355e+00
52 +5.724742059e+01 +5.724742059e+01 +5.749074206e+02 +5.749074206e+02 -1.2142e+00 +3.2617e+00 +1.7197e+00 +3.1124e+00 +2.5397e+00
192 +3.696629601e+01 +3.696629601e+01 +5.546262960e+02 +5.546262960e+02 -1.7099e+00 +2.5041e+00 +2.2589e+00 +4.1999e+00 +2.3023e+00
736 +1.914000538e+01 +1.914000538e+01 +5.368000054e+02 +5.368000054e+02 -7.2047e-01 +3.1463e+00 +1.1147e+00 +4.1822e+00 +2.5279e+00
1332 +1.309251654e+01 +1.309251654e+01 +5.307525165e+02 +5.307525165e+02 -2.8897e+00 +3.9837e+00 +5.9252e-01 +3.6959e+00 +2.4811e+00
1667 +8.777135512e+00 +8.777135512e+00 +5.264371355e+02 +5.264371355e+02 -2.9377e+00 +3.7927e+00 +6.2149e-01 +3.6924e+00 +1.9096e+00
2748 +5.756369554e+00 +5.756369554e+00 +5.234163696e+02 +5.234163696e+02 -2.9217e+00 +3.9908e+00 +5.3646e-01 +3.7585e+00 +1.9296e+00
3175 +3.598234086e+00 +3.598234086e+00 +5.212582341e+02 +5.212582341e+02 -2.8892e+00 +4.0056e+00 +6.2712e-01 +3.7414e+00 +1.9310e+00
3295 +2.235165119e+00 +2.235165119e+00 +5.198951651e+02 +5.198951651e+02 -2.8936e+00 +4.0116e+00 +6.0181e-01 +3.7341e+00 +1.9167e+00
5125 +1.425412284e+00 +1.425412284e+00 +5.190854123e+02 +5.190854123e+02 -3.9293e+00 +3.9991e+00 +5.9038e-01 +3.7369e+00 +1.9032e+00
8207 +9.999205604e-01 +9.999205604e-01 +5.186599206e+02 +5.186599206e+02 -3.8880e+00 +4.0003e+00 +5.9003e-01 +3.7362e+00 +1.9076e+00
