% function evaluation | noise-free fitness - Fopt (1.491500000000e+02) | best noise-free fitness - Fopt | measured fitness | best measured fitness | x1 | x2...
1 +2.689588292e+05 +2.689588292e+05 +2.691079792e+05 +2.691079792e+05 +3.8357e+00 -4.5269e+00 -6.7528e-01 +3.0079e+00 +1.0261e+00 +1.5224e+00 +4.2115e+00 +8.5133e-01 -4.7922e+00 +1.4507e+00
2 +1.396925385e+05 +1.396925385e+05 +1.398416885e+05 +1.398416885e+05 +3.0541e+00 -1.6933e+00 -4.4616e+00 +4.6389e+00 +2.4877e-01 +1.9751e+00 -7.8445e-01 +4.7537e-01 +3.7438e+00 -1.2540e+00
10 +7.549445092e+04 +7.549445092e+04 +7.564360092e+04 +7.564360092e+04 -5.3750e-02 +1.2998e+00 +1.7716e+00 +5.2012e-01 -3.4008e+00 +4.4897e-01 +3.3691e+00 -4.8495e-01 -1.7788e+00 +3.8122e+00
29 +5.683833640e+04 +5.683833640e+04 +5.698748640e+04 +5.698748640e+04 +2.5499e+00 -4.5882e+00 -1.0406e+00 +4.3105e+00 -7.3709e-01 -4.9256e-02 -3.1429e+00 -3.2215e+00 -3.2621e+00 +4.8124e+00
38 +3.779829311e+04 +3.779829311e+04 +3.794744311e+04 +3.794744311e+04 +1.6882e+00 +3.4464e-01 -2.3842e+00 +3.3860e+00 -5.7439e-01 -4.4789e+00 -3.9391e+00 -3.8841e+00 -3.7614e+00 +2.1527e+00
48 +1.847331591e+04 +1.847331591e+04 +1.862246591e+04 +1.862246591e+04 -3.5483e-01 +1.8685e+00 +1.3099e+00 +3.2455e+00 -2.6375e+00 -5.0000e+00 -1.5600e+00 -1.0677e+00 -1.9066e+00 +3.7828e-02
122 +4.501424254e+03 +4.501424254e+03 +4.650574254e+03 +4.650574254e+03 -7.1988e-01 +0.0000e+00 -2.1342e+00 -6.3328e-01 -3.5463e+00 +0.0000e+00 -3.3189e-01 -2.0106e+00 +4.0841e-01 +1.8154e+00
239 +2.134184420e+03 +2.134184420e+03 +2.283334420e+03 +2.283334420e+03 +0.0000e+00 -2.4152e+00 -1.0140e+00 +1.7797e+00 -5.0000e+00 -2.7961e+00 -2.5465e+00 -2.6309e+00 +2.3558e-01 +2.1773e+00
1035 +1.373823171e+03 +1.373823171e+03 +1.522973171e+03 +1.522973171e+03 +9.2417e-02 -2.6723e+00 -2.3411e-01 +2.2958e+00 -2.5000e+00 -1.1467e+00 -5.0162e-01 -1.9848e+00 -1.9672e+00 +8.8545e-02
1331 +9.347858113e+02 +9.347858113e+02 +1.083935811e+03 +1.083935811e+03 -2.0851e+00 -8.3287e-01 -7.6895e-01 +1.0676e+00 -4.0314e+00 -3.6878e+00 -1.7977e+00 -2.3758e+00 -1.8243e+00 +6.2510e-01
1454 +4.395712413e+02 +4.395712413e+02 +5.887212413e+02 +5.887212413e+02 -1.1545e+00 -1.2764e+00 -5.9263e-01 +1.3587e+00 -2.6004e+00 -2.5000e+00 -1.7314e+00 -2.8945e+00 -2.1456e-01 -7.6933e-02
1651 +3.805573608e+02 +3.805573608e+02 +5.297073608e+02 +5.297073608e+02 -1.6272e+00 -1.0005e+00 -5.5635e-01 +1.5257e+00 -2.5000e+00 -1.6630e+00 -2.1824e+00 -2.5066e+00 -1.6360e+00 +4.4457e-01
2836 +1.311439760e+02 +1.311439760e+02 +2.802939760e+02 +2.802939760e+02 -1.1414e+00 -1.4653e+00 -1.1491e+00 +0.0000e+00 -3.1218e+00 -2.0567e+00 -2.0379e+00 -2.3964e+00 -1.1023e+00 -5.1417e-01
3353 +5.478907812e+01 +5.478907812e+01 +2.039390781e+02 +2.039390781e+02 -1.6863e+00 -9.2163e-01 -1.2534e+00 +7.4788e-01 -3.5272e+00 -2.1689e+00 -1.9236e+00 -2.2683e+00 -6.2361e-01 -5.6976e-01
4792 +3.265311091e+01 +3.265311091e+01 +1.818031109e+02 +1.818031109e+02 -8.9882e-01 -1.3135e+00 -1.0295e+00 +9.1540e-01 -3.9889e+00 -2.0564e+00 -1.8001e+00 -2.3200e+00 -1.0190e+00 -7.2038e-01
5495 +2.509715110e+01 +2.509715110e+01 +1.742471511e+02 +1.742471511e+02 -4.9846e-01 -1.1893e+00 -1.2180e+00 +8.1696e-01 -3.7698e+00 -2.1420e+00 -1.7366e+00 -1.8915e+00 -8.6103e-01 -6.7650e-01
6544 +1.569868102e+01 +1.569868102e+01 +1.648486810e+02 +1.648486810e+02 -4.2122e-01 -8.5091e-01 -7.4936e-01 +7.2382e-01 -3.6763e+00 -2.1258e+00 -1.6828e+00 -2.0554e+00 -8.0644e-01 -3.6395e-01
8074 +9.616650798e+00 +9.616650798e+00 +1.587666508e+02 +1.587666508e+02 -3.9789e-01 -9.5411e-01 -7.6521e-01 +8.7955e-01 -3.6856e+00 -2.1866e+00 -1.7441e+00 -2.1122e+00 -9.2710e-01 -6.1351e-01
46118 +6.309307673e+00 +6.309307673e+00 +1.554593077e+02 +1.554593077e+02 -2.8571e-01 -7.7522e-01 -6.2500e-01 +9.8684e-01 -3.7162e+00 -2.1780e+00 -1.7975e+00 -2.0614e+00 -8.9972e-01 -4.8939e-01
% function evaluation | noise-free fitness - Fopt (-1.000000000000e+03) | best noise-free fitness - Fopt | measured fitness | best measured fitness | x1 | x2...
1 +9.907584174e+04 +9.907584174e+04 +9.807584174e+04 +9.807584174e+04 -2.7731e+00 +3.4966e+00 -2.8686e+00 +1.4784e+00 -4.2374e+00 -3.9990e+00 +1.0944e+00 -4.3644e+00 +1.2858e+00 +1.3923e+00
2 +4.130594692e+04 +4.130594692e+04 +4.030594692e+04 +4.030594692e+04 -3.8771e+00 +2.1598e+00 +3.4434e-01 -3.6593e+00 -3.8510e+00 +2.8589e+00 -5.4015e-01 -9.6640e-02 -3.2752e+00 +8.1589e-01
25 +3.711182169e+04 +3.711182169e+04 +3.611182169e+04 +3.611182169e+04 -2.6370e+00 -2.9156e+00 +4.1966e+00 -1.2946e+00 +4.2742e-01 +2.2998e-01 -4.1003e+00 +6.4491e-02 +6.2757e-01 -1.5085e+00
43 +1.371871570e+04 +1.371871570e+04 +1.271871570e+04 +1.271871570e+04 -8.4891e-01 -4.6267e-01 +1.2402e+00 -2.2172e+00 -1.2968e+00 -2.9585e+00 -1.0096e+00 -1.1667e+00 +1.1441e+00 +3.6150e+00
159 +6.180237375e+03 +6.180237375e+03 +5.180237375e+03 +5.180237375e+03 -2.7155e+00 +1.0298e+00 +1.3648e+00 -5.3286e-01 -5.0000e+00 -1.4036e+00 -2.1526e+00 -3.3230e+00 +1.7022e+00 +5.0000e+00
275 +3.894961206e+03 +3.894961206e+03 +2.894961206e+03 +2.894961206e+03 -3.3609e+00 +1.4729e+00 +2.0892e+00 -3.1224e+00 -4.1255e+00 -1.0807e+00 -2.0864e+00 -4.5551e+00 +1.9531e+00 +5.0000e+00
325 +2.120871319e+03 +2.120871319e+03 +1.120871319e+03 +1.120871319e+03 -3.9099e+00 +5.7913e-01 +1.4154e+00 -4.1924e+00 -3.8391e+00 -1.0866e+00 -2.4398e+00 -9.0249e-01 +1.9555e+00 +4.5568e+00
336 +1.497559729e+03 +1.497559729e+03 +4.975597289e+02 +4.975597289e+02 -2.6083e+00 +2.1097e-01 +7.5732e-01 -1.4766e+00 -4.2488e+00 -7.5806e-01 -3.4427e+00 -8.8794e-01 +7.4819e-01 +1.1170e+00
595 +8.602331648e+02 +8.602331648e+02 -1.397668352e+02 -1.397668352e+02 -5.0000e+00 +1.5921e+00 +2.0133e+00 -1.5712e+00 -3.3678e+00 +3.0258e-01 -1.7274e+00 -1.5599e+00 -7.6034e-01 +3.9895e+00
1676 +4.200282569e+02 +4.200282569e+02 -5.799717431e+02 -5.799717431e+02 -3.2700e+00 +2.4063e-01 +1.1412e+00 -2.4899e+00 -3.7260e+00 -1.9191e+00 -1.9252e+00 -1.2283e+00 +1.5561e+00 +3.0707e+00
1756 +3.527141835e+02 +3.527141835e+02 -6.472858165e+02 -6.472858165e+02 -3.8959e+00 +8.1446e-01 +1.4169e+00 -2.5201e+00 -2.9857e+00 -3.8219e-01 -1.9293e+00 -1.7351e+00 +1.3912e+00 +3.0877e+00
2169 +1.716639729e+02 +1.716639729e+02 -8.283360271e+02 -8.283360271e+02 -4.5124e+00 +2.7517e-02 -2.4613e-01 -2.0085e+00 -2.6670e+00 -2.4497e-01 -2.8316e+00 -2.4094e+00 -2.6226e-01 +1.9167e+00
2671 +1.334199763e+02 +1.334199763e+02 -8.665800237e+02 -8.665800237e+02 -4.5475e+00 +5.6926e-01 +1.4906e+00 -1.6652e+00 -2.7967e+00 -3.3293e-01 -2.4934e+00 -2.0686e+00 +0.0000e+00 +2.0778e+00
5266 +5.738124233e+01 +5.738124233e+01 -9.426187577e+02 -9.426187577e+02 -3.7896e+00 +1.7198e-01 +5.4636e-01 -2.4520e+00 -3.3144e+00 -1.1155e+00 -3.3090e+00 -2.1459e+00 -6.2107e-02 +2.0430e+00
5875 +3.500160537e+01 +3.500160537e+01 -9.649983946e+02 -9.649983946e+02 -3.8349e+00 +1.4755e-01 +6.9292e-01 -2.3129e+00 -3.0867e+00 -7.6378e-01 -3.3350e+00 -2.1059e+00 +9.9940e-02 +2.0524e+00
6737 +2.244499535e+01 +2.244499535e+01 -9.775550047e+02 -9.775550047e+02 -4.0985e+00 +0.0000e+00 +4.7430e-01 -2.5000e+00 -2.9930e+00 -6.7962e-01 -2.9076e+00 -2.2191e+00 +1.8222e-01 +2.1203e+00
7931 +1.504028430e+01 +1.504028430e+01 -9.849597157e+02 -9.849597157e+02 -3.7890e+00 +0.0000e+00 +7.1127e-01 -2.5000e+00 -3.0080e+00 -8.1371e-01 -2.9584e+00 -2.2374e+00 +2.0581e-01 +1.9896e+00
15686 +9.891183651e+00 +9.891183651e+00 -9.901088163e+02 -9.901088163e+02 -3.8086e+00 +2.7197e-01 +5.4612e-01 -2.6001e+00 -3.0336e+00 -8.3299e-01 -2.9489e+00 -2.2002e+00 +2.0861e-01 +1.9265e+00
% function evaluation | noise-free fitness - Fopt (9.862000000000e+01) | best noise-free fitness - Fopt | measured fitness | best measured fitness | x1 | x2...
1 +1.876124343e+05 +1.876124343e+05 +1.877110543e+05 +1.877110543e+05 -3.0988e+00 +4.1672e+00 +2.0284e+00 +6.6511e-01 -1.7751e+00 +1.2178e+00 -2.9500e+00 -1.8608e+00 -2.6827e+00 -5.9106e-01
3 +9.797749346e+04 +9.797749346e+04 +9.807611346e+04 +9.807611346e+04 +3.6609e+00 +1.2807e+00 +2.3948e+00 -4.9303e-01 -2.9486e+00 +2.0598e+00 -2.0558e+00 -4.8423e+00 -3.6213e+00 +2.4366e-02
16 +6.234584498e+04 +6.234584498e+04 +6.244446498e+04 +6.244446498e+04 -4.3995e+00 -4.9816e+00 -2.1871e+00 -9.4895e-01 +3.7531e+00 +4.2805e+00 -1.5725e+00 -4.5959e+00 -6.9014e-01 +4.3217e+00
47 +1.711245898e+04 +1.711245898e+04 +1.721107898e+04 +1.721107898e+04 -2.7585e+00 -1.3572e+00 +1.1959e+00 -3.7914e-01 +6.1675e-02 -1.7689e+00 -9.6978e-01 -8.7516e-01 -8.0113e-01 +1.4557e+00
188 +1.070881816e+04 +1.070881816e+04 +1.080743816e+04 +1.080743816e+04 -1.1125e+00 +0.0000e+00 +1.5863e+00 -3.1120e+00 +1.6160e+00 +0.0000e+00 -2.4783e+00 -6.9214e-01 -7.8756e-01 +3.5307e+00
201 +9.957082622e+03 +9.957082622e+03 +1.005570262e+04 +1.005570262e+04 -1.4069e+00 -2.0724e+00 +3.4436e+00 -8.0775e-01 +1.4649e-01 -8.8857e-01 -2.6685e-01 -7.6199e-01 -1.5711e+00 +4.7484e-01
207 +6.183097675e+03 +6.183097675e+03 +6.281717675e+03 +6.281717675e+03 +7.3574e-01 +9.6717e-02 +1.9078e+00 -1.8336e+00 +4.3843e-01 -7.2885e-01 -2.9472e+00 -1.8416e+00 -8.3608e-01 +5.0000e+00
470 +3.320551386e+03 +3.320551386e+03 +3.419171386e+03 +3.419171386e+03 -3.9332e+00 -9.7356e-01 +1.6576e+00 -2.1833e+00 +0.0000e+00 -3.6070e-01 -2.2971e+00 -4.0528e+00 -3.8078e+00 -5.0000e+00
851 +2.391638428e+03 +2.391638428e+03 +2.490258428e+03 +2.490258428e+03 -2.3452e+00 -9.8897e-01 +2.1314e+00 -2.7296e+00 +2.4471e-01 +1.5623e+00 -3.1419e+00 -4.6137e+00 -4.1564e+00 -5.0000e+00
1058 +1.142380965e+03 +1.142380965e+03 +1.241000965e+03 +1.241000965e+03 -3.1788e-01 -1.1217e+00 +2.5205e+00 -2.1587e+00 +1.4384e+00 +1.3151e+00 -3.1357e+00 -3.8599e+00 -3.9452e+00 -3.2463e+00
1455 +9.259307139e+02 +9.259307139e+02 +1.024550714e+03 +1.024550714e+03 -4.9665e-01 -2.5318e+00 +2.5194e+00 -1.9894e+00 +4.0697e-01 +1.5253e-01 -2.5000e+00 -4.4532e+00 -3.7640e+00 -2.0647e+00
1772 +5.390220704e+02 +5.390220704e+02 +6.376420704e+02 +6.376420704e+02 -1.9076e+00 -2.9608e+00 +1.0915e+00 -2.5186e+00 -4.1870e-01 +1.0391e+00 -2.5000e+00 -4.5953e+00 -3.9630e+00 -1.9654e+00
1818 +3.674755917e+02 +3.674755917e+02 +4.660955917e+02 +4.660955917e+02 -2.5202e+00 -2.2254e+00 +1.7128e+00 -3.5355e+00 -3.4110e-01 +1.4812e+00 -2.8998e+00 -4.5254e+00 -3.0685e+00 -1.6179e-01
2253 +2.438464369e+02 +2.438464369e+02 +3.424664369e+02 +3.424664369e+02 -1.9025e+00 -2.8905e+00 +2.3353e+00 -2.3636e+00 +9.1544e-01 +6.2592e-01 -2.5620e+00 -3.9585e+00 -3.6134e+00 -8.6815e-01
2440 +9.388764509e+01 +9.388764509e+01 +1.925076451e+02 +1.925076451e+02 -1.7661e+00 -2.0971e+00 +8.7922e-01 -3.3014e+00 -9.2026e-02 +1.1401e+00 -2.2892e+00 -3.8477e+00 -3.2341e+00 -1.0664e+00
4825 +4.822771755e+01 +4.822771755e+01 +1.468477176e+02 +1.468477176e+02 -2.0530e+00 -2.0939e+00 +1.2701e+00 -3.1413e+00 +1.5728e-01 +9.7017e-01 -2.4797e+00 -3.8063e+00 -3.6115e+00 -6.0570e-01
6016 +3.932264626e+01 +3.932264626e+01 +1.379426463e+02 +1.379426463e+02 -1.3784e+00 -2.0023e+00 +1.2612e+00 -3.3516e+00 +3.8582e-01 +9.7670e-01 -2.3531e+00 -3.7506e+00 -3.8632e+00 -1.1649e+00
6379 +2.302227527e+01 +2.302227527e+01 +1.216422753e+02 +1.216422753e+02 -1.5776e+00 -2.1040e+00 +1.4750e+00 -3.2031e+00 -1.0171e-01 +8.1636e-01 -2.1756e+00 -3.6470e+00 -3.5254e+00 -1.3873e+00
6979 +1.402542410e+01 +1.402542410e+01 +1.126454241e+02 +1.126454241e+02 -1.9603e+00 -2.1372e+00 +1.4735e+00 -3.2015e+00 -3.5956e-02 +7.7279e-01 -2.3467e+00 -3.6527e+00 -3.6978e+00 -9.3843e-01
8659 +9.452452752e+00 +9.452452752e+00 +1.080724528e+02 +1.080724528e+02 -1.6864e+00 -2.1508e+00 +1.4479e+00 -3.2259e+00 -9.6759e-02 +7.6575e-01 -2.2827e+00 -3.7488e+00 -3.6631e+00 -1.1352e+00
% function evaluation | noise-free fitness - Fopt (-4.715000000000e+01) | best noise-free fitness - Fopt | measured fitness | best measured fitness | x1 | x2...
1 +1.053571580e+05 +1.053571580e+05 +1.053100080e+05 +1.053100080e+05 -3.3517e+00 -2.7118e+00 +2.2738e+00 +6.7484e-01 -2.0536e+00 +1.9192e+00 +2.6569e-01 -4.7132e+00 +3.0581e+00 +2.2192e+00
10 +1.000377203e+04 +1.000377203e+04 +9.956622028e+03 +9.956622028e+03 -4.8710e-01 -1.8150e+00 -2.0471e+00 -3.4950e+00 -1.7050e+00 +2.4032e+00 -3.4958e+00 -1.9611e-01 -4.3794e+00 +2.0748e+00
61 +9.844917947e+03 +9.844917947e+03 +9.797767947e+03 +9.797767947e+03 +8.1253e-01 -2.3789e+00 -3.1375e+00 -3.5019e+00 +4.8887e-01 -1.3470e+00 -1.6673e+00 -1.2150e+00 -5.0000e+00 +2.7170e+00
144 +6.202508312e+03 +6.202508312e+03 +6.155358312e+03 +6.155358312e+03 -5.5732e-02 -1.2006e+00 -2.2245e+00 -2.2448e+00 +8.0928e-02 -3.5102e-01 +7.2107e-02 -1.0253e+00 -3.5287e+00 +3.1341e+00
152 +2.587479412e+03 +2.587479412e+03 +2.540329412e+03 +2.540329412e+03 -1.7150e+00 -3.5122e+00 -4.1138e-01 -1.8574e+00 -8.5738e-01 +0.0000e+00 -2.1616e+00 -1.7335e+00 -3.8214e+00 +0.0000e+00
401 +1.231482121e+03 +1.231482121e+03 +1.184332121e+03 +1.184332121e+03 -4.6676e-01 -3.3884e+00 -1.0022e+00 -2.4111e+00 -3.7813e-01 +4.9250e-01 -1.6612e+00 -1.6286e+00 -2.2813e+00 -1.7239e+00
636 +5.384009641e+02 +5.384009641e+02 +4.912509641e+02 +4.912509641e+02 -2.1515e+00 -1.9981e+00 -1.6579e+00 -3.7556e+00 -6.9552e-01 +8.9517e-01 -2.1809e+00 -2.2399e+00 -2.6850e+00 -3.5280e+00
1216 +3.405540002e+02 +3.405540002e+02 +2.934040002e+02 +2.934040002e+02 -1.8383e+00 -1.0657e+00 -1.7803e+00 -3.3936e+00 -8.2663e-01 +0.0000e+00 -3.2337e+00 -2.8821e+00 -2.0906e+00 -2.9786e+00
1400 +2.409973631e+02 +2.409973631e+02 +1.938473631e+02 +1.938473631e+02 -4.9167e-01 -6.9764e-01 -1.3100e+00 -3.3334e+00 -7.2644e-01 +1.5679e-01 -2.8066e+00 -2.7604e+00 -2.0721e+00 -3.4540e+00
2851 +9.711068196e+01 +9.711068196e+01 +4.996068196e+01 +4.996068196e+01 -8.7682e-01 -1.4715e+00 -2.2353e+00 -3.0672e+00 -5.7915e-01 +8.6578e-01 -2.4464e+00 -2.2513e+00 -1.7012e+00 -2.0715e+00
4445 +4.398205594e+01 +4.398205594e+01 -3.167944064e+00 -3.167944064e+00 -4.1367e-01 -1.0663e+00 -1.7375e+00 -2.8078e+00 -3.3116e-01 +9.3097e-01 -2.2466e+00 -2.3803e+00 -1.4543e+00 -2.5447e+00
5163 +3.147098804e+01 +3.147098804e+01 -1.567901196e+01 -1.567901196e+01 -4.1659e-01 -1.1232e+00 -1.5400e+00 -3.0023e+00 -4.4168e-01 +9.3218e-01 -2.3510e+00 -2.5649e+00 -1.7307e+00 -2.5262e+00
7177 +1.718819609e+01 +1.718819609e+01 -2.996180391e+01 -2.996180391e+01 -5.7937e-01 -1.0117e+00 -1.5567e+00 -2.9408e+00 -1.6233e-01 +9.0990e-01 -2.3375e+00 -2.5332e+00 -1.8508e+00 -2.7924e+00
7421 +1.555262727e+01 +1.555262727e+01 -3.159737273e+01 -3.159737273e+01 -4.8129e-01 -9.9700e-01 -1.6312e+00 -2.9509e+00 -1.7180e-01 +8.7191e-01 -2.4665e+00 -2.4532e+00 -1.6520e+00 -2.7686e+00
8808 +8.947800456e+00 +8.947800456e+00 -3.820219954e+01 -3.820219954e+01 -4.7100e-01 -1.0452e+00 -1.5719e+00 -2.9065e+00 -3.3694e-01 +6.2500e-01 -2.5184e+00 -2.7156e+00 -1.9206e+00 -2.8365e+00
10285 +6.019184716e+00 +6.019184716e+00 -4.113081528e+01 -4.113081528e+01 -4.2761e-01 -9.4359e-01 -1.4861e+00 -2.8590e+00 -2.0665e-01 +6.6661e-01 -2.5371e+00 -2.7080e+00 -1.8025e+00 -2.7906e+00
% function evaluation | noise-free fitness - Fopt (3.752000000000e+01) | best noise-free fitness - Fopt | measured fitness | best measured fitness | x1 | x2...
1 +3.470912668e+05 +3.470912668e+05 +3.471287868e+05 +3.471287868e+05 +2.1647e+00 -1.5677e+00 -3.2579e+00 +3.4420e+00 -3.8012e+00 +3.5188e+00 +4.6335e+00 -1.0449e+00 -9.9375e-01 -3.0593e+00
5 +2.147444383e+05 +2.147444383e+05 +2.147819583e+05 +2.147819583e+05 +4.4996e+00 -4.6635e+00 -6.9523e-01 -1.2746e+00 -4.0086e+00 -3.2774e+00 +4.3285e+00 +2.6581e+00 +3.8065e+00 +1.9727e+00
11 +1.312378407e+05 +1.312378407e+05 +1.312753607e+05 +1.312753607e+05 -3.6762e+00 -9.8327e-02 +3.4949e-01 +1.9825e+00 -1.0866e+00 +9.1569e-01 -1.9938e-01 -5.8050e-02 +2.2306e+00 -1.7678e+00
15 +9.332748116e+04 +9.332748116e+04 +9.336500116e+04 +9.336500116e+04 +7.2828e-01 +1.5807e+00 +6.6403e-01 +3.1259e-01 -1.3776e+00 +1.3656e+00 +4.3215e+00 +4.5139e-01 -1.8886e+00 +1.7520e+00
18 +2.785085153e+04 +2.785085153e+04 +2.788837153e+04 +2.788837153e+04 -1.0098e+00 -3.2318e+00 +4.7643e+00 -4.8704e+00 +7.7304e-01 +3.6032e+00 +2.9847e+00 +2.7822e+00 +1.5388e+00 +4.1726e+00
46 +2.167179657e+04 +2.167179657e+04 +2.170931657e+04 +2.170931657e+04 +1.5516e+00 -7.5219e-01 +1.6577e+00 -1.9108e+00 +2.3657e+00 +6.4686e-01 +1.7131e+00 +3.4138e+00 -2.7997e+00 +3.2037e+00
53 +1.380653281e+04 +1.380653281e+04 +1.384405281e+04 +1.384405281e+04 -9.9851e-01 -2.6858e+00 +3.5808e+00 -4.2814e+00 +7.9458e-01 +3.4429e+00 +1.2611e+00 +1.3510e+00 +2.8393e+00 +4.8506e+00
145 +9.135495857e+03 +9.135495857e+03 +9.173015857e+03 +9.173015857e+03 +8.6885e-02 -3.6858e+00 +3.6963e+00 -3.9961e+00 +2.6477e+00 +0.0000e+00 +2.8409e+00 +0.0000e+00 -1.0765e-01 +4.1659e+00
204 +4.950231028e+03 +4.950231028e+03 +4.987751028e+03 +4.987751028e+03 +8.3241e-01 -1.5306e+00 +2.1158e+00 -2.1424e+00 -2.3891e-02 +5.5092e-02 +8.1793e-01 +1.4085e-01 +3.0009e+00 +4.7034e+00
271 +2.838378555e+03 +2.838378555e+03 +2.875898555e+03 +2.875898555e+03 -2.9333e-02 -3.7112e+00 +2.0213e+00 -1.7136e+00 +3.0382e+00 +2.0568e+00 +0.0000e+00 +2.5626e+00 -8.4183e-01 +4.8260e+00
781 +1.698136904e+03 +1.698136904e+03 +1.735656904e+03 +1.735656904e+03 +0.0000e+00 -2.1656e+00 +2.1658e+00 -2.3582e+00 +2.2922e+00 -5.3932e-01 +1.7453e+00 +1.2273e+00 -1.2921e+00 +4.7160e+00
942 +1.078445581e+03 +1.078445581e+03 +1.115965581e+03 +1.115965581e+03 +6.4665e-01 -2.5000e+00 +2.2867e+00 -2.5000e+00 +3.0923e+00 +1.9799e+00 +2.3334e+00 +1.4309e+00 -1.2050e+00 +4.9668e+00
1630 +5.727176525e+02 +5.727176525e+02 +6.102376525e+02 +6.102376525e+02 +5.8502e-01 -2.2331e+00 +3.0041e+00 -2.5000e+00 +1.4631e+00 +2.0199e+00 +2.1448e+00 +3.6139e+00 +3.7137e+00 +3.6183e+00
2504 +1.769404904e+02 +1.769404904e+02 +2.144604904e+02 +2.144604904e+02 +1.3516e+00 -3.2643e+00 +1.8299e+00 -1.9883e+00 +1.5530e+00 +1.7182e+00 +2.5756e+00 +3.3441e+00 +3.7544e+00 +4.9668e+00
4644 +1.446701315e+02 +1.446701315e+02 +1.821901315e+02 +1.821901315e+02 +1.3390e+00 -2.4438e+00 +1.8082e+00 -2.1228e+00 +2.7510e+00 +2.0282e+00 +2.6308e+00 +3.3337e+00 +3.7687e+00 +4.9496e+00
5272 +9.668891240e+01 +9.668891240e+01 +1.342089124e+02 +1.342089124e+02 +1.1272e+00 -2.9119e+00 +2.1630e+00 -1.6097e+00 +2.8628e+00 +1.9737e+00 +2.4995e+00 +3.4817e+00 +3.8102e+00 +4.9523e+00
7683 +6.305743697e+01 +6.305743697e+01 +1.005774370e+02 +1.005774370e+02 +3.4360e-01 -2.0401e+00 +2.5000e+00 -1.6566e+00 +2.9424e+00 +2.0306e+00 +2.5711e+00 +3.4181e+00 +3.7719e+00 +4.9511e+00
9895 +3.966454544e+01 +3.966454544e+01 +7.718454544e+01 +7.718454544e+01 +6.4501e-01 -2.2028e+00 +2.5000e+00 -1.6386e+00 +2.9871e+00 +1.9924e+00 +2.5528e+00 +3.4428e+00 +3.7859e+00 +4.9683e+00
17285 +2.499859306e+01 +2.499859306e+01 +6.251859306e+01 +6.251859306e+01 +6.1660e-01 -2.1947e+00 +2.6777e+00 -1.6410e+00 +2.9688e+00 +1.9978e+00 +2.5403e+00 +3.4281e+00 +3.7743e+00 +4.9609e+00
21751 +1.518938661e+01 +1.518938661e+01 +5.270938661e+01 +5.270938661e+01 +6.1151e-01 -2.0478e+00 +2.7686e+00 -1.5625e+00 +2.9824e+00 +1.9991e+00 +2.5407e+00 +3.4313e+00 +3.7729e+00 +4.9388e+00
25521 +8.592097981e+00 +8.592097981e+00 +4.611209798e+01 +4.611209798e+01 +2.3890e+00 -2.0462e+00 +2.8124e+00 -1.4849e+00 +3.0652e+00 +1.9990e+00 +2.5398e+00 +3.4285e+00 +3.7757e+00 +4.9161e+00
26529 +6.238855762e+00 +6.238855762e+00 +4.375885576e+01 +4.375885576e+01 +2.4538e+00 -2.0429e+00 +2.8125e+00 -1.4688e+00 +3.0359e+00 +2.0089e+00 +2.5503e+00 +3.4253e+00 +3.7634e+00 +4.9262e+00
32125 +3.882867162e+00 +3.882867162e+00 +4.140286716e+01 +4.140286716e+01 +2.4586e+00 -2.0112e+00 +2.8671e+00 -1.4844e+00 +3.0396e+00 +2.0250e+00 +2.5485e+00 +3.4299e+00 +3.7664e+00 +4.9480e+00
47316 +2.507479410e+00 +2.507479410e+00 +4.002747941e+01 +4.002747941e+01 +2.4933e+00 -1.9626e+00 +2.9100e+00 -1.4456e+00 +3.0534e+00 +2.0281e+00 +2.5448e+00 +3.4105e+00 +3.7006e+00 +4.5943e+00
% function evaluation | noise-free fitness - Fopt (-4.257500000000e+02) | best noise-free fitness - Fopt | measured fitness | best measured fitness | x1 | x2...
1 +9.776360654e+05 +9.776360654e+05 +9.772103154e+05 +9.772103154e+05 +4.7892e+00 -2.1209e+00 -8.4737e-01 +3.8125e-01 +3.1370e+00 +4.8762e+00 -1.7698e+00 -2.6024e-01 +4.5211e+00 +2.5588e+00
2 +3.926403386e+05 +3.926403386e+05 +3.922145886e+05 +3.922145886e+05 -2.2185e+00 +3.9401e+00 +4.0362e+00 -1.3779e+00 +5.7958e-01 +3.4182e+00 -3.6537e-01 -4.1177e+00 -3.7046e+00 +6.8590e-02
9 +1.768016264e+05 +1.768016264e+05 +1.763758764e+05 +1.763758764e+05 -3.3711e+00 +1.0407e+00 -3.1649e+00 +3.9126e+00 +3.1094e+00 -4.5973e+00 -1.8213e+00 -5.5843e-01 -2.1778e+00 +2.4435e+00
14 +9.561848999e+04 +9.561848999e+04 +9.519273999e+04 +9.519273999e+04 -1.2182e-01 -1.6716e+00 -4.0438e+00 -2.9498e+00 +1.2270e+00 -2.3970e-01 +4.0143e+00 -1.0044e+00 +2.6328e+00 +2.6441e+00
19 +4.784208182e+04 +4.784208182e+04 +4.741633182e+04 +4.741633182e+04 +2.1790e+00 +3.1139e+00 -1.3859e+00 -8.6397e-02 +1.0901e-01 -2.5242e+00 -1.6351e+00 -1.1986e+00 -4.4595e-01 -3.2586e+00
34 +3.622470023e+04 +3.622470023e+04 +3.579895023e+04 +3.579895023e+04 +8.6219e-01 +3.2197e+00 -3.9522e+00 -1.1586e+00 +3.3498e+00 -3.3240e+00 +3.8782e+00 -4.0925e+00 -3.4579e+00 +3.8595e+00
35 +2.014173823e+04 +2.014173823e+04 +1.971598823e+04 +1.971598823e+04 -4.9057e+00 -7.8710e-01 +2.4448e-01 -2.1189e+00 -7.2566e-01 -3.3322e+00 -6.6936e-02 -4.2537e+00 -9.1234e-01 -1.7004e+00
55 +8.800483951e+03 +8.800483951e+03 +8.374733951e+03 +8.374733951e+03 -2.9113e+00 +1.6440e+00 -1.9387e-01 -2.8116e+00 -1.3065e+00 -1.8297e+00 +7.1539e-01 -5.0000e+00 -1.0771e+00 -5.2706e-01
155 +4.524784830e+03 +4.524784830e+03 +4.099034830e+03 +4.099034830e+03 -3.2466e+00 +1.8228e+00 -1.7341e+00 -3.3266e+00 -5.3700e-01 -2.7879e+00 -1.9851e+00 -3.7700e+00 -5.7736e-01 +2.5960e+00
351 +3.789949208e+03 +3.789949208e+03 +3.364199208e+03 +3.364199208e+03 -2.5776e+00 +5.1873e-01 -2.9178e+00 -2.3880e+00 -9.3166e-01 -2.7791e+00 -5.1923e-01 -3.0050e+00 -1.6946e-01 +1.5553e+00
387 +1.361523389e+03 +1.361523389e+03 +9.357733885e+02 +9.357733885e+02 -1.4777e+00 +2.0735e+00 -3.3029e+00 -3.1332e+00 -3.2013e-01 -3.0776e+00 +2.8957e-02 -4.9418e+00 -8.7055e-01 +0.0000e+00
1005 +9.167099852e+02 +9.167099852e+02 +4.909599852e+02 +4.909599852e+02 -2.7777e+00 +2.3223e+00 -2.3400e+00 -3.5199e+00 +1.8975e+00 -3.9646e+00 -2.5999e-01 -3.6516e+00 -9.4335e-01 -1.2717e+00
1326 +2.539932633e+02 +2.539932633e+02 -1.717567367e+02 -1.717567367e+02 -1.7215e+00 +2.4733e+00 -2.7570e+00 -2.5000e+00 +1.6975e+00 -3.5809e+00 -7.4241e-01 -3.2575e+00 -1.4864e+00 -3.9145e-01
2144 +2.506258589e+02 +2.506258589e+02 -1.751241411e+02 -1.751241411e+02 -1.2316e+00 +2.3655e+00 -2.6085e+00 -3.0295e+00 +1.3748e+00 -2.7835e+00 +1.0136e+00 -3.1883e+00 -2.3260e+00 -1.2662e+00
3422 +1.298147549e+02 +1.298147549e+02 -2.959352451e+02 -2.959352451e+02 -2.4788e+00 +2.5853e+00 -2.5941e+00 -2.4052e+00 +1.6750e+00 -2.5000e+00 +5.3440e-01 -4.1540e+00 -2.5000e+00 -1.9938e+00
3466 +7.658901060e+01 +7.658901060e+01 -3.491609894e+02 -3.491609894e+02 -1.7020e+00 +2.5000e+00 -2.0337e+00 -2.0327e+00 +1.5436e+00 -3.7365e+00 +4.7370e-01 -3.9647e+00 -2.6513e+00 -2.4756e+00
5196 +4.738284749e+01 +4.738284749e+01 -3.783671525e+02 -3.783671525e+02 -2.8036e+00 +2.3386e+00 -2.4749e+00 -2.3126e+00 +1.3640e+00 -3.5860e+00 +4.2589e-01 -4.0109e+00 -2.6265e+00 -1.8956e+00
5352 +3.344468168e+01 +3.344468168e+01 -3.923053183e+02 -3.923053183e+02 -2.9857e+00 +2.2460e+00 -2.6237e+00 -2.1492e+00 +1.5216e+00 -3.1250e+00 +3.4734e-01 -3.9002e+00 -2.6992e+00 -2.0630e+00
7109 +1.720243814e+01 +1.720243814e+01 -4.085475619e+02 -4.085475619e+02 -2.5000e+00 +1.9516e+00 -2.5659e+00 -2.4900e+00 +1.3758e+00 -3.1121e+00 +8.3557e-02 -4.0765e+00 -2.6134e+00 -2.3155e+00
8924 +1.436930753e+01 +1.436930753e+01 -4.113806925e+02 -4.113806925e+02 -2.2827e+00 +1.8750e+00 -2.7107e+00 -2.4706e+00 +1.3623e+00 -3.0865e+00 +4.6363e-02 -3.9994e+00 -2.6036e+00 -2.3185e+00
11115 +9.801850077e+00 +9.801850077e+00 -4.159481499e+02 -4.159481499e+02 -2.1675e+00 +1.8786e+00 -2.6669e+00 -2.5014e+00 +1.2289e+00 -3.1991e+00 +1.1586e-01 -4.0165e+00 -2.5659e+00 -2.1155e+00
% function evaluation | noise-free fitness - Fopt (-2.209000000000e+02) | best noise-free fitness - Fopt | measured fitness | best measured fitness | x1 | x2...
1 +6.735110770e+05 +6.735110770e+05 +6.732901770e+05 +6.732901770e+05 +4.7704e+00 -3.0605e+00 +4.2522e+00 +3.4274e+00 -4.5482e+00 -4.6026e+00 -1.6748e+00 -4.5274e+00 +3.1975e+00 -1.2009e+00
2 +5.468469998e+05 +5.468469998e+05 +5.466260998e+05 +5.466260998e+05 +1.3721e+00 -2.5097e+00 +3.9654e+00 +1.2145e+00 -3.1358e-01 -4.6797e+00 +4.8360e+00 -2.0101e+00 +9.3974e-01 +4.5557e+00
3 +1.386427310e+05 +1.386427310e+05 +1.384218310e+05 +1.384218310e+05 +1.0510e-01 -4.0778e+00 +2.6087e+00 -2.4220e+00 +3.8856e+00 -1.4096e+00 -3.4913e+00 +5.3320e-01 -1.1969e+00 -2.9429e+00
10 +8.684147642e+04 +8.684147642e+04 +8.662057642e+04 +8.662057642e+04 +2.4566e+00 +5.4130e-01 -2.7289e+00 +3.5135e+00 -1.3069e+00 -2.6122e+00 -2.2928e+00 -9.1068e-01 -2.3611e+00 -2.7384e+00
27 +5.540708612e+04 +5.540708612e+04 +5.518618612e+04 +5.518618612e+04 -3.9735e+00 -4.6217e+00 -7.3296e-01 +2.5543e+00 +1.0862e+00 +4.8968e+00 +1.6415e+00 +2.6709e+00 +4.6542e+00 +3.2902e+00
34 +7.386660740e+03 +7.386660740e+03 +7.165760740e+03 +7.165760740e+03 +4.5866e-01 -1.7255e+00 -5.5943e-02 +1.9114e+00 -1.0837e+00 +1.8154e+00 -3.9840e+00 +2.8955e+00 +4.1885e+00 +4.9635e+00
136 +4.393161558e+03 +4.393161558e+03 +4.172261558e+03 +4.172261558e+03 +0.0000e+00 -2.6741e+00 -3.2376e+00 +2.4327e+00 +0.0000e+00 +6.0682e-02 -7.4936e-01 +3.3037e+00 +4.5877e+00 +0.0000e+00
261 +3.869324905e+03 +3.869324905e+03 +3.648424905e+03 +3.648424905e+03 -2.2526e+00 -1.9345e+00 -3.6941e+00 +5.9518e-02 -2.9610e-01 +2.0694e-01 -1.5726e+00 +9.1735e-01 +4.4966e+00 -4.7139e-01
371 +1.869562725e+03 +1.869562725e+03 +1.648662725e+03 +1.648662725e+03 +0.0000e+00 -1.4926e+00 -4.2927e+00 +2.5592e+00 +7.4326e-01 +0.0000e+00 -2.2221e+00 +2.3552e+00 +3.9097e+00 +4.0973e-01
1138 +9.187475918e+02 +9.187475918e+02 +6.978475918e+02 +6.978475918e+02 -1.7065e+00 +1.1019e-01 -2.8242e+00 +0.0000e+00 +6.8706e-02 +7.0415e-01 -2.5000e+00 +2.5599e+00 +3.2023e+00 -1.5810e+00
1310 +2.577055374e+02 +2.577055374e+02 +3.680553739e+01 +3.680553739e+01 -1.1070e+00 -5.8418e-01 -1.8416e+00 +6.9190e-01 +5.2584e-01 +9.5151e-01 -2.5000e+00 +1.2910e+00 +2.9155e+00 -1.8946e+00
2112 +1.821157167e+02 +1.821157167e+02 -3.878428329e+01 -3.878428329e+01 -1.2599e+00 -6.2339e-01 -2.5000e+00 +5.7536e-01 +9.4481e-01 +9.1070e-01 -2.5968e+00 +2.3362e+00 +2.8750e+00 -2.2932e+00
3322 +1.127929031e+02 +1.127929031e+02 -1.081070969e+02 -1.081070969e+02 -1.8285e+00 -9.8223e-01 -2.6133e+00 +5.8159e-01 +5.1678e-01 +8.4243e-01 -2.6796e+00 +2.2175e+00 +2.2384e+00 -2.1457e+00
3774 +8.125856746e+01 +8.125856746e+01 -1.396414325e+02 -1.396414325e+02 -1.3709e+00 -1.1243e+00 -2.6362e+00 +6.0465e-01 +5.9905e-01 +1.0014e+00 -2.3983e+00 +2.2308e+00 +2.2549e+00 -2.1715e+00
4814 +5.768966482e+01 +5.768966482e+01 -1.632103352e+02 -1.632103352e+02 -1.4680e+00 -1.0577e+00 -2.2999e+00 +1.2848e+00 +6.6276e-01 +9.8602e-01 -2.3461e+00 +1.7897e+00 +2.2856e+00 -2.4712e+00
5736 +3.111385115e+01 +3.111385115e+01 -1.897861488e+02 -1.897861488e+02 -1.3574e+00 -1.1643e+00 -2.6435e+00 +7.9901e-01 +6.2500e-01 +1.0516e+00 -2.0544e+00 +1.4855e+00 +1.9954e+00 -3.2445e+00
5944 +2.066591868e+01 +2.066591868e+01 -2.002340813e+02 -2.002340813e+02 -1.3197e+00 -1.2528e+00 -2.4585e+00 +7.6081e-01 +5.2618e-01 +9.7660e-01 -2.2578e+00 +1.7032e+00 +1.9775e+00 -3.0064e+00
7118 +1.477455573e+01 +1.477455573e+01 -2.061254443e+02 -2.061254443e+02 -1.5152e+00 -9.6143e-01 -2.4316e+00 +9.1594e-01 +5.3453e-01 +8.9596e-01 -2.1039e+00 +1.6758e+00 +1.9958e+00 -2.9880e+00
9772 +9.908522039e+00 +9.908522039e+00 -2.109914780e+02 -2.109914780e+02 -1.3784e+00 -1.1404e+00 -2.5692e+00 +8.4341e-01 +4.6341e-01 +9.8021e-01 -2.0025e+00 +1.7278e+00 +1.9113e+00 -2.9198e+00
% function evaluation | noise-free fitness - Fopt (-3.594800000000e+02) | best noise-free fitness - Fopt | measured fitness | best measured fitness | x1 | x2...
1 +1.387690485e+05 +1.387690485e+05 +1.384095685e+05 +1.384095685e+05 -3.6458e+00 -4.8111e+00 +3.3902e-01 -4.9156e+00 -3.7841e+00 +5.4047e-01 +3.1339e+00 +2.6454e+00 -2.3559e+00 -1.4918e+00
2 +4.453269167e+04 +4.453269167e+04 +4.417321167e+04 +4.417321167e+04 -4.6267e+00 -1.9181e+00 -1.1618e+00 +4.1260e-01 +3.6444e+00 +1.5566e-01 -1.9201e+00 +3.6734e+00 +1.1292e+00 +1.0134e+00
8 +3.408573941e+04 +3.408573941e+04 +3.372625941e+04 +3.372625941e+04 -1.2250e+00 -7.5454e-01 -1.5132e+00 +1.7898e+00 -1.7808e+00 -4.0878e+00 -2.9323e+00 +9.6275e-01 +4.5040e+00 +2.8349e-01
45 +1.949286727e+04 +1.949286727e+04 +1.913338727e+04 +1.913338727e+04 -2.5498e+00 -3.5873e+00 +3.7143e-01 +1.2659e+00 -2.4218e+00 -1.7426e-01 -5.0000e+00 -2.8409e-01 +3.6105e+00 -1.9573e+00
119 +1.227583866e+04 +1.227583866e+04 +1.191635866e+04 +1.191635866e+04 -3.3479e+00 -8.8176e-01 -9.7186e-02 -7.1449e-01 +1.3250e+00 -9.3355e-01 -1.9131e+00 +5.2161e-01 +4.0629e+00 -7.1352e-01
125 +9.531291119e+03 +9.531291119e+03 +9.171811119e+03 +9.171811119e+03 -1.2821e+00 -1.3130e+00 +2.1552e+00 +0.0000e+00 +0.0000e+00 -3.1893e+00 +0.0000e+00 +2.1912e-01 +1.8704e+00 -9.2959e-01
170 +6.117201556e+03 +6.117201556e+03 +5.757721556e+03 +5.757721556e+03 -5.0000e+00 -3.3545e+00 +5.0915e-01 +4.4243e-01 +0.0000e+00 -1.4074e+00 -6.3856e-03 +2.4902e-01 +1.6486e+00 -2.7865e+00
207 +3.189129859e+03 +3.189129859e+03 +2.829649859e+03 +2.829649859e+03 -5.0000e+00 -3.4889e+00 +2.8056e+00 +0.0000e+00 -5.3854e-01 +0.0000e+00 -2.3069e+00 +0.0000e+00 +1.0620e+00 -2.6109e+00
345 +1.284198972e+03 +1.284198972e+03 +9.247189717e+02 +9.247189717e+02 -5.0000e+00 -5.0000e+00 +2.5828e+00 -1.4416e-01 +1.7814e-01 -4.5577e-01 -1.5313e+00 +1.0267e+00 +2.5302e+00 -6.5829e-01
1652 +8.735903979e+02 +8.735903979e+02 +5.141103979e+02 +5.141103979e+02 -4.3097e+00 -5.0000e+00 +2.2028e+00 -1.3030e+00 -6.1935e-01 -1.4477e+00 -1.9980e+00 +1.0863e+00 +2.7388e+00 +2.0477e-01
1752 +4.547158377e+02 +4.547158377e+02 +9.523583765e+01 +9.523583765e+01 -3.7169e+00 -3.7500e+00 +1.3312e+00 -1.8173e+00 -1.0421e+00 -2.2181e+00 -2.5652e+00 +2.7872e-01 +2.2524e+00 -1.5304e+00
2078 +3.024203685e+02 +3.024203685e+02 -5.705963148e+01 -5.705963148e+01 -4.3281e+00 -2.8538e+00 +1.1790e+00 -2.5709e-01 -3.8112e-01 -8.6034e-01 -2.0007e+00 +9.8395e-01 +1.9487e+00 -2.4137e+00
2238 +1.275838798e+02 +1.275838798e+02 -2.318961202e+02 -2.318961202e+02 -4.2422e+00 -3.4075e+00 +1.0225e+00 -9.5523e-01 -7.6512e-01 -1.4086e+00 -1.4956e+00 +2.2902e+00 +1.4890e+00 -2.0403e+00
3210 +7.810464896e+01 +7.810464896e+01 -2.813753510e+02 -2.813753510e+02 -4.1003e+00 -3.8267e+00 +1.2088e+00 -7.9412e-01 -7.7101e-01 -2.0412e+00 -2.4144e+00 +1.7841e+00 +1.6994e+00 -2.1226e+00
3254 +5.635853778e+01 +5.635853778e+01 -3.031214622e+02 -3.031214622e+02 -3.7642e+00 -3.5952e+00 +9.9947e-01 -1.0124e+00 -5.7847e-01 -1.9467e+00 -1.9575e+00 +1.7631e+00 +1.6541e+00 -2.3676e+00
4202 +3.663318750e+01 +3.663318750e+01 -3.228468125e+02 -3.228468125e+02 -3.7831e+00 -3.6434e+00 +1.4550e+00 -9.1404e-01 -1.0471e+00 -1.8800e+00 -2.3437e+00 +1.9212e+00 +1.6344e+00 -2.6810e+00
5216 +2.454788554e+01 +2.454788554e+01 -3.349321145e+02 -3.349321145e+02 -3.7972e+00 -3.7338e+00 +1.4168e+00 -9.9020e-01 -9.3846e-01 -1.7160e+00 -2.2664e+00 +1.6601e+00 +1.3919e+00 -2.7077e+00
6053 +1.465810279e+01 +1.465810279e+01 -3.448218972e+02 -3.448218972e+02 -3.8258e+00 -3.5784e+00 +1.3896e+00 -1.3204e+00 -7.1670e-01 -1.8023e+00 -2.3331e+00 +1.5825e+00 +1.4553e+00 -2.6004e+00
8126 +9.852917019e+00 +9.852917019e+00 -3.496270830e+02 -3.496270830e+02 -3.7752e+00 -3.4631e+00 +1.3807e+00 -1.1620e+00 -8.9948e-01 -1.8201e+00 -2.4000e+00 +1.6404e+00 +1.5123e+00 -2.6371e+00
% function evaluation | noise-free fitness - Fopt (2.748000000000e+01) | best noise-free fitness - Fopt | measured fitness | best measured fitness | x1 | x2...
1 +5.242812836e+05 +5.242812836e+05 +5.243087636e+05 +5.243087636e+05 -4.2491e+00 +4.4423e+00 -4.5846e+00 +3.8483e+00 +3.5656e+00 +2.8355e+00 -3.9210e+00 -3.3583e+00 -1.7108e+00 +7.2064e-01
2 +2.419952695e+05 +2.419952695e+05 +2.420227495e+05 +2.420227495e+05 +1.2392e+00 -3.9948e+00 -3.4812e+00 -1.9827e+00 +2.1365e+00 -2.8592e+00 +3.6153e+00 +4.2640e+00 +3.2010e+00 -4.8081e+00
9 +1.193538998e+05 +1.193538998e+05 +1.193813798e+05 +1.193813798e+05 +7.8381e-01 +3.1202e+00 -3.3096e+00 -2.4894e-01 -1.9402e+00 -1.3256e-02 +2.1079e+00 +2.6876e+00 +2.9767e+00 -2.1109e+00
12 +9.228057689e+04 +9.228057689e+04 +9.230805689e+04 +9.230805689e+04 +3.3109e-01 -3.3138e+00 +2.2263e+00 -4.3566e+00 +1.9793e+00 +2.2812e+00 +4.6244e+00 -1.7909e+00 +1.7231e-01 +2.3143e+00
16 +2.283586010e+04 +2.283586010e+04 +2.286334010e+04 +2.286334010e+04 +3.2018e+00 -5.4878e-01 -2.2399e+00 +5.8749e-01 +2.2883e+00 +6.1875e-01 +2.2108e+00 +7.9921e-01 -1.5373e+00 +2.5610e+00
142 +8.215006626e+03 +8.215006626e+03 +8.242486626e+03 +8.242486626e+03 -5.8824e-01 +3.1487e+00 +3.6597e-01 -2.9401e+00 +7.8855e-01 +3.1094e-01 +3.0291e+00 +0.0000e+00 -5.8047e-01 +2.7919e+00
242 +3.186083015e+03 +3.186083015e+03 +3.213563015e+03 +3.213563015e+03 -6.0482e-02 +2.7935e+00 +1.0773e-01 -1.8873e+00 +2.0942e+00 -1.7419e+00 -3.7276e-01 +1.8372e+00 -1.0832e+00 +2.0511e+00
735 +1.903780818e+03 +1.903780818e+03 +1.931260818e+03 +1.931260818e+03 +1.0033e+00 +9.2624e-01 +8.6437e-01 -3.1461e+00 +1.9460e+00 -9.2804e-01 +1.4448e+00 +1.0691e+00 -1.6494e+00 +3.4762e+00
969 +9.596663726e+02 +9.596663726e+02 +9.871463726e+02 +9.871463726e+02 +2.0862e+00 +5.7051e-01 +1.0964e+00 -2.9593e+00 +2.4600e+00 -1.8954e+00 +5.6539e-01 +9.7577e-02 -1.2560e+00 +3.6157e+00
1243 +4.387719951e+02 +4.387719951e+02 +4.662519951e+02 +4.662519951e+02 +1.3449e+00 +6.6768e-01 +1.3981e+00 -1.8247e+00 +1.6605e+00 -2.5051e+00 +1.5382e-01 +1.5281e+00 -3.0366e-01 +3.1227e+00
2419 +2.889266200e+02 +2.889266200e+02 +3.164066200e+02 +3.164066200e+02 +1.8887e+00 +8.7987e-01 +6.1148e-01 -1.6984e+00 +2.5683e+00 -1.4435e+00 +1.6846e+00 +1.0691e+00 -2.1016e-02 +4.8100e+00
2843 +2.431763051e+02 +2.431763051e+02 +2.706563051e+02 +2.706563051e+02 +1.1857e+00 +1.2500e+00 +8.7390e-01 -1.8781e+00 +1.4017e+00 -1.8952e+00 +1.6308e+00 +1.0694e+00 -1.1057e-01 +4.3353e+00
3133 +1.321148600e+02 +1.321148600e+02 +1.595948600e+02 +1.595948600e+02 +2.2398e+00 +1.4703e+00 +4.4012e-01 -2.0309e+00 +2.5000e+00 -1.7774e+00 +2.1604e+00 +7.9624e-01 -9.3847e-01 +1.9840e+00
3436 +8.959553470e+01 +8.959553470e+01 +1.170755347e+02 +1.170755347e+02 +2.2304e+00 +1.5651e+00 +5.3703e-01 -2.5000e+00 +1.5188e+00 -2.5406e+00 +1.0235e+00 -6.4206e-01 -1.3992e+00 +1.3177e+00
4282 +5.003386021e+01 +5.003386021e+01 +7.751386021e+01 +7.751386021e+01 +2.1752e+00 +1.4748e+00 +9.3533e-01 -2.5943e+00 +1.6600e+00 -2.4150e+00 +1.3276e+00 +4.2270e-02 -1.4020e+00 +8.7530e-01
4682 +3.631460349e+01 +3.631460349e+01 +6.379460349e+01 +6.379460349e+01 +2.1879e+00 +1.3034e+00 +7.6963e-01 -2.7855e+00 +1.7493e+00 -2.3355e+00 +1.4435e+00 +3.2707e-02 -1.9618e+00 +8.4161e-01
4762 +2.165758461e+01 +2.165758461e+01 +4.913758461e+01 +4.913758461e+01 +2.2480e+00 +1.4458e+00 +7.8251e-01 -2.3385e+00 +1.7649e+00 -2.3357e+00 +1.3840e+00 -1.9518e-01 -1.7903e+00 +8.4503e-01
6921 +1.552523319e+01 +1.552523319e+01 +4.300523319e+01 +4.300523319e+01 +2.1700e+00 +1.4517e+00 +8.7925e-01 -2.3896e+00 +1.4923e+00 -2.4350e+00 +1.3528e+00 -1.5129e-01 -2.1073e+00 +4.1514e-01
8408 +9.882153899e+00 +9.882153899e+00 +3.736215390e+01 +3.736215390e+01 +2.3374e+00 +1.4755e+00 +8.6118e-01 -2.4178e+00 +1.5069e+00 -2.5456e+00 +1.3217e+00 -1.6832e-01 -2.0492e+00 +6.6387e-01
36231 +6.273286475e+00 +6.273286475e+00 +3.375328647e+01 +3.375328647e+01 +2.4067e+00 +1.6341e+00 +9.6153e-01 -2.3294e+00 +1.5501e+00 -2.4600e+00 +1.3127e+00 -2.1705e-01 -1.9734e+00 +5.7782e-01
% function evaluation | noise-free fitness - Fopt (3.609000000000e+01) | best noise-free fitness - Fopt | measured fitness | best measured fitness | x1 | x2...
1 +9.266423273e+04 +9.266423273e+04 +9.270032273e+04 +9.270032273e+04 +1.8835e-01 +1.4734e+00 -1.8829e+00 -2.9959e+00 -2.6816e+00 -2.4469e+00 -8.5194e-01 -3.2372e+00 -4.0116e+00 +2.9795e-01
18 +1.952621978e+04 +1.952621978e+04 +1.956230978e+04 +1.956230978e+04 -1.4156e+00 -7.4980e-01 -1.3349e+00 -5.0876e-01 +4.7786e-01 +2.1687e+00 +6.0001e-01 -3.7408e+00 -3.4919e+00 +1.8734e+00
85 +1.306177822e+04 +1.306177822e+04 +1.309786822e+04 +1.309786822e+04 -5.9381e-01 +3.4478e+00 -1.2799e+00 +0.0000e+00 -1.3561e+00 +3.6944e+00 -2.1349e+00 -4.6115e+00 -5.0000e+00 +1.9435e+00
151 +8.065318844e+03 +8.065318844e+03 +8.101408844e+03 +8.101408844e+03 +1.9043e+00 -2.9983e-01 -1.7045e+00 +0.0000e+00 -3.3490e-01 +0.0000e+00 -1.0682e+00 -2.6407e+00 -4.7928e+00 +5.1273e-01
249 +4.785465656e+03 +4.785465656e+03 +4.821555656e+03 +4.821555656e+03 -1.9146e+00 -9.5460e-01 -2.1204e+00 +6.0151e-01 +2.2677e+00 +3.0030e+00 -1.5415e+00 -4.9404e+00 -4.9579e+00 +2.8522e+00
251 +3.479767779e+03 +3.479767779e+03 +3.515857779e+03 +3.515857779e+03 +1.2456e+00 -9.5164e-01 -2.2004e+00 +1.5799e+00 +2.6266e-01 +2.0330e+00 -1.4439e+00 -4.0013e+00 -4.7598e+00 +3.4563e+00
296 +2.158880461e+03 +2.158880461e+03 +2.194970461e+03 +2.194970461e+03 +1.0881e+00 +1.5652e+00 -2.1457e+00 +9.4712e-01 -5.4287e-01 +4.1405e-01 -2.6440e+00 -2.4428e+00 -5.0000e+00 +2.8812e+00
802 +1.338858854e+03 +1.338858854e+03 +1.374948854e+03 +1.374948854e+03 -6.7130e-01 +3.8485e-01 -2.1017e+00 +5.5769e-01 +2.4552e-01 -3.0909e-02 -1.9771e+00 -2.5000e+00 -4.9970e+00 +3.1227e+00
1552 +8.024134570e+02 +8.024134570e+02 +8.385034570e+02 +8.385034570e+02 +1.8947e-01 +5.8293e-01 -1.3667e+00 +1.9535e+00 +1.7763e+00 +1.6736e+00 -2.6459e+00 -2.8869e+00 -5.0000e+00 +5.0000e+00
1659 +5.526886855e+02 +5.526886855e+02 +5.887786855e+02 +5.887786855e+02 +2.5994e-02 +1.4694e+00 -2.5000e+00 +1.2339e+00 +1.0900e+00 +1.9085e+00 -3.1775e+00 -3.2823e+00 -5.0000e+00 +3.4213e+00
2314 +3.684620697e+02 +3.684620697e+02 +4.045520697e+02 +4.045520697e+02 -4.2551e-01 +3.9055e-01 -2.4942e+00 +1.7256e+00 +0.0000e+00 +1.8052e+00 -2.5489e+00 -3.7512e+00 -4.8297e+00 +4.1515e+00
3915 +2.303925874e+02 +2.303925874e+02 +2.664825874e+02 +2.664825874e+02 -6.2903e-01 +7.0495e-01 -2.1638e+00 +1.4991e+00 +1.0581e+00 +1.3416e+00 -2.6724e+00 -3.3487e+00 -4.7567e+00 +3.2230e+00
5143 +1.411286073e+02 +1.411286073e+02 +1.772186073e+02 +1.772186073e+02 -1.2276e-01 +8.0194e-01 -2.6193e+00 +1.5208e+00 +7.4205e-01 +1.2822e+00 -3.1393e+00 -3.2488e+00 -4.3750e+00 +2.5000e+00
12961 +8.418055536e+01 +8.418055536e+01 +1.202705554e+02 +1.202705554e+02 -1.4124e-05 +8.0607e-01 -2.4026e+00 +1.4230e+00 +7.5508e-01 +1.1986e+00 -2.9074e+00 -3.5353e+00 -4.1247e+00 +2.5000e+00
14095 +5.721494214e+01 +5.721494214e+01 +9.330494214e+01 +9.330494214e+01 -8.2249e-09 +8.2683e-01 -2.3870e+00 +1.4300e+00 +7.7430e-01 +1.2109e+00 -2.8915e+00 -3.5156e+00 -2.6929e+00 +1.9656e+00
14099 +1.942764356e+01 +1.942764356e+01 +5.551764356e+01 +5.551764356e+01 +0.0000e+00 +7.8667e-01 -2.3755e+00 +1.4301e+00 +7.5926e-01 +1.2071e+00 -2.8917e+00 -3.5242e+00 -3.2916e+00 +1.1951e+00
14129 +9.307684888e+00 +9.307684888e+00 +4.539768489e+01 +4.539768489e+01 -8.6901e-06 +7.8511e-01 -2.3556e+00 +1.4282e+00 +7.7326e-01 +1.2099e+00 -2.8951e+00 -3.5339e+00 -3.4776e+00 +1.5767e+00
% function evaluation | noise-free fitness - Fopt (-5.791000000000e+01) | best noise-free fitness - Fopt | measured fitness | best measured fitness | x1 | x2...
1 +5.261550985e+05 +5.261550985e+05 +5.260971885e+05 +5.260971885e+05 -4.1672e+00 -3.9875e+00 +2.2071e+00 +2.6854e+00 +5.6133e-01 -3.3547e+00 -2.9463e+00 +4.2685e+00 +4.9581e-01 -1.1757e+00
3 +1.736297072e+05 +1.736297072e+05 +1.735717972e+05 +1.735717972e+05 +3.5479e+00 +4.0177e+00 +3.9526e+00 -2.5978e-01 -3.2816e+00 +2.1235e+00 -4.6837e+00 +1.1687e+00 -3.3489e+00 -3.1282e-01
10 +1.036371650e+05 +1.036371650e+05 +1.035792550e+05 +1.035792550e+05 +1.7855e+00 -3.3794e+00 -2.9919e+00 +1.4465e+00 +7.1496e-01 -1.0889e+00 +1.1543e+00 -2.8589e+00 -2.1107e+00 +3.0167e+00
33 +8.032796112e+04 +8.032796112e+04 +8.027005112e+04 +8.027005112e+04 +2.2961e-01 -3.4351e+00 +2.0108e+00 +2.4700e+00 -2.4002e+00 -7.9998e-01 -7.4253e-01 -2.3504e+00 +5.4270e-01 +1.7176e+00
43 +5.308446456e+04 +5.308446456e+04 +5.302655456e+04 +5.302655456e+04 +5.0000e+00 -9.8232e-01 -1.0474e+00 +4.7402e+00 +1.7184e+00 -2.8765e+00 -1.9762e+00 -3.8313e+00 -4.5639e+00 -1.3460e-01
49 +3.683702310e+04 +3.683702310e+04 +3.677911310e+04 +3.677911310e+04 +4.9306e+00 -1.0936e+00 -1.2090e+00 -6.6566e-01 +1.0105e+00 -1.4637e+00 -6.0146e-01 -2.0667e+00 -1.2011e+00 +1.3233e+00
114 +5.168070663e+03 +5.168070663e+03 +5.110160663e+03 +5.110160663e+03 +3.1952e+00 +0.0000e+00 -1.6704e-02 +0.0000e+00 +0.0000e+00 -1.5124e+00 +4.2715e-01 -1.5032e+00 +1.1786e-02 -1.7967e+00
192 +3.484601604e+03 +3.484601604e+03 +3.426691604e+03 +3.426691604e+03 -2.1115e-01 +3.1154e+00 -1.2173e+00 +1.3318e+00 +7.3644e-01 -3.6868e+00 +1.1009e+00 -1.8871e+00 -7.9702e-01 +0.0000e+00
279 +1.615472060e+03 +1.615472060e+03 +1.557562060e+03 +1.557562060e+03 +2.2115e+00 +6.1144e-01 +0.0000e+00 +1.0030e+00 -1.0089e-02 -2.0495e+00 -4.0567e-01 -4.6688e+00 -1.0211e+00 +1.2954e-01
881 +1.268977927e+03 +1.268977927e+03 +1.211067927e+03 +1.211067927e+03 +1.6600e+00 +3.2228e+00 +9.7822e-01 +1.9623e+00 +0.0000e+00 -2.2620e+00 -1.0665e+00 -4.3707e+00 -1.2383e+00 -3.7225e-02
1385 +6.752260213e+02 +6.752260213e+02 +6.173160213e+02 +6.173160213e+02 +3.8159e-01 +3.2116e+00 +8.3643e-01 +2.0886e+00 +6.0256e-01 -2.8228e+00 -1.2125e+00 -3.6768e+00 -1.6786e+00 -6.8224e-01
2202 +5.967144756e+02 +5.967144756e+02 +5.388044756e+02 +5.388044756e+02 +6.9404e-01 +2.9831e+00 +1.3601e+00 +2.5000e+00 +1.8791e+00 -3.3419e+00 -9.5662e-01 -2.7818e+00 -2.8915e+00 -1.1713e-01
2304 +1.774761533e+02 +1.774761533e+02 +1.195661533e+02 +1.195661533e+02 +1.4033e+00 +1.5077e+00 +5.1608e-01 +1.2762e+00 +1.4345e+00 -2.1270e+00 -9.6405e-01 -2.7447e+00 -2.1295e+00 -2.5316e+00
3389 +6.275536673e+01 +6.275536673e+01 +4.845366732e+00 +4.845366732e+00 +1.4104e+00 +1.8240e+00 +5.5044e-01 +1.6851e+00 +1.4877e+00 -2.2087e+00 -7.8019e-01 -2.8620e+00 -1.3975e+00 -2.3175e+00
5106 +3.869052467e+01 +3.869052467e+01 -1.921947533e+01 -1.921947533e+01 +1.9757e+00 +2.0822e+00 +4.8979e-01 +1.6243e+00 +1.4138e+00 -2.5634e+00 -1.3846e+00 -3.1250e+00 -1.5715e+00 -2.3025e+00
6291 +2.323818497e+01 +2.323818497e+01 -3.467181503e+01 -3.467181503e+01 +1.9895e+00 +2.0828e+00 +2.3516e-01 +1.4767e+00 +1.2757e+00 -2.6619e+00 -1.0871e+00 -3.1852e+00 -1.6621e+00 -1.8913e+00
6964 +1.107475556e+01 +1.107475556e+01 -4.683524444e+01 -4.683524444e+01 +2.0693e+00 +2.1459e+00 +4.1431e-01 +1.2104e+00 +1.0530e+00 -2.7485e+00 -1.1889e+00 -3.2843e+00 -1.6258e+00 -2.2482e+00
7118 +8.385871447e+00 +8.385871447e+00 -4.952412855e+01 -4.952412855e+01 +2.0236e+00 +2.1578e+00 +4.1234e-01 +1.2224e+00 +1.0691e+00 -2.7297e+00 -1.1480e+00 -3.2862e+00 -1.6209e+00 -2.1687e+00
12195 +6.283098023e+00 +6.283098023e+00 -5.162690198e+01 -5.162690198e+01 +2.1703e+00 +2.3838e+00 +6.2500e-01 +1.3887e+00 +1.0505e+00 -2.7425e+00 -1.1663e+00 -3.2209e+00 -1.6648e+00 -2.1048e+00
% function evaluation | noise-free fitness - Fopt (-3.349100000000e+02) | best noise-free fitness - Fopt | measured fitness | best measured fitness | x1 | x2...
1 +4.195622077e+04 +4.195622077e+04 +4.162131077e+04 +4.162131077e+04 +1.1086e+00 +2.4589e+00 -9.2909e-01 +4.3049e+00 +8.1140e-01 -2.1392e+00 -1.8447e+00 -4.6328e-01 -2.8736e+00 +2.6923e+00
45 +1.760559226e+04 +1.760559226e+04 +1.727068226e+04 +1.727068226e+04 +2.5374e-03 -3.1905e+00 -1.2683e+00 +1.0113e+00 +4.0988e-01 -1.5254e+00 +1.3181e+00 -2.4503e+00 -2.3245e-01 +3.5208e+00
77 +9.898741640e+03 +9.898741640e+03 +9.563831640e+03 +9.563831640e+03 -2.8266e+00 +9.2503e-01 -1.9789e-01 +2.0721e+00 -5.3494e-01 -2.1945e+00 -1.1783e+00 +2.7477e+00 -2.8017e+00 +3.4624e+00
141 +5.131213708e+03 +5.131213708e+03 +4.796303708e+03 +4.796303708e+03 -5.0000e+00 +2.1373e-01 +0.0000e+00 +3.8210e+00 +0.0000e+00 +0.0000e+00 +8.4759e-02 +2.2507e+00 -5.2056e-01 +2.8906e+00
246 +3.859341367e+03 +3.859341367e+03 +3.524431367e+03 +3.524431367e+03 -3.7506e+00 -8.1174e-02 -1.3692e+00 +1.0988e-01 +1.0223e+00 -1.2499e+00 +2.6808e-01 +9.1467e-01 -3.3342e+00 -1.0601e+00
750 +2.251406271e+03 +2.251406271e+03 +1.916496271e+03 +1.916496271e+03 -9.9874e-01 +6.7708e-01 +7.1341e-01 +1.6389e+00 -1.6485e-01 +7.1131e-01 +1.4634e-02 +1.4535e+00 -2.7473e+00 -1.4453e+00
1029 +1.169816005e+03 +1.169816005e+03 +8.349060046e+02 +8.349060046e+02 -1.4478e+00 +5.0205e-01 +5.5458e-01 +6.3238e-01 -2.0115e-01 -2.0003e-01 +7.3751e-01 +1.5966e+00 -1.8114e+00 +4.2867e-01
1042 +9.852485296e+02 +9.852485296e+02 +6.503385296e+02 +6.503385296e+02 -3.1887e+00 -2.2026e+00 +5.6751e-01 +1.1764e+00 -6.0554e-01 -7.5902e-01 +1.0517e+00 -6.2641e-01 -1.7339e+00 +1.7860e+00
1162 +4.444943890e+02 +4.444943890e+02 +1.095843890e+02 +1.095843890e+02 -2.2547e+00 -1.8100e+00 -1.3032e-01 +1.7747e+00 +3.2142e-01 -4.3110e-01 +1.5278e-01 +1.3546e+00 -1.5541e+00 -3.0328e-01
1589 +2.938698531e+02 +2.938698531e+02 -4.104014689e+01 -4.104014689e+01 -1.6773e+00 -1.1732e+00 -1.4759e-03 +2.1694e+00 -7.8744e-01 -2.2576e-01 -9.1221e-01 +1.0547e+00 -2.2982e+00 +8.0020e-01
2788 +2.060091283e+02 +2.060091283e+02 -1.289008717e+02 -1.289008717e+02 -1.6556e+00 -8.8829e-01 +3.3851e-01 +1.3889e+00 +9.9168e-02 -3.9960e-03 -7.1207e-01 +1.3379e+00 -1.7171e+00 +7.1627e-01
4754 +1.414038015e+02 +1.414038015e+02 -1.935061985e+02 -1.935061985e+02 -2.0088e+00 -1.2500e+00 +3.8699e-01 +1.6278e+00 -2.3193e-01 -7.6711e-01 -3.5806e-01 +3.9544e-01 -1.7807e+00 +2.6679e-01
4853 +7.433065275e+01 +7.433065275e+01 -2.605793472e+02 -2.605793472e+02 -2.5000e+00 -1.0114e+00 +3.8660e-01 +1.6554e+00 -3.1076e-01 +0.0000e+00 -2.7525e-01 +3.5759e-01 -2.5000e+00 +3.9179e-01
5653 +6.140497393e+01 +6.140497393e+01 -2.735050261e+02 -2.735050261e+02 -2.8928e+00 -1.0766e+00 +3.8499e-01 +1.9304e+00 -2.6125e-01 +0.0000e+00 -2.9306e-01 +3.3182e-01 -2.5000e+00 +8.2158e-01
8348 +3.967757169e+01 +3.967757169e+01 -2.952324283e+02 -2.952324283e+02 -2.5393e+00 -1.1227e+00 +4.0113e-01 +1.8848e+00 -8.4876e-02 -4.7903e-01 +1.6926e-01 +4.7408e-01 -2.5000e+00 +8.4831e-01
8897 +1.685534886e+01 +1.685534886e+01 -3.180546511e+02 -3.180546511e+02 -1.9203e+00 -5.7688e-01 +3.9087e-01 +1.9908e+00 -6.2085e-02 -2.6600e-01 +1.1793e-03 +1.3877e-01 -2.1757e+00 +6.9062e-01
9337 +1.333243626e+01 +1.333243626e+01 -3.215775637e+02 -3.215775637e+02 -1.9447e+00 -6.3555e-01 +4.1290e-01 +2.0289e+00 -4.9706e-02 -3.0248e-01 -1.7610e-01 +2.8985e-01 -2.1808e+00 +7.2158e-01
10722 +9.394726275e+00 +9.394726275e+00 -3.255152737e+02 -3.255152737e+02 -1.9551e+00 -6.3892e-01 +5.0723e-01 +1.8846e+00 -1.5321e-01 -3.0582e-01 -2.9794e-02 +3.2079e-01 -2.1877e+00 +6.4147e-01
12111 +6.278441617e+00 +6.278441617e+00 -3.286315584e+02 -3.286315584e+02 -1.8490e+00 -5.8727e-01 +4.6634e-01 +1.9253e+00 -1.5825e-01 -3.7138e-01 -4.4464e-02 +3.7173e-01 -2.2006e+00 +6.8053e-01
43581 +3.980908643e+00 +3.980908643e+00 -3.309290914e+02 -3.309290914e+02 -1.7360e+00 -3.4743e-01 +8.2640e-01 +2.3428e+00 +1.9980e-01 -1.7306e-01 -7.6625e-03 +3.7234e-01 -2.2174e+00 +6.9312e-01
% function evaluation | noise-free fitness - Fopt (-4.670000000000e+01) | best noise-free fitness - Fopt | measured fitness | best measured fitness | x1 | x2...
1 +1.830090679e+05 +1.830090679e+05 +1.829623679e+05 +1.829623679e+05 +4.8483e+00 +2.9896e+00 +2.1696e+00 -4.6023e+00 -2.7947e+00 -3.3818e+00 -2.4623e+00 +1.0271e+00 +2.5365e+00 +4.4752e+00
7 +8.586428414e+04 +8.586428414e+04 +8.581758414e+04 +8.581758414e+04 -2.0125e+00 -3.5758e+00 -2.0950e+00 -2.5771e+00 -3.9827e+00 +1.5821e+00 -1.6808e+00 -7.6373e-01 +4.2889e+00 +3.8959e+00
9 +5.181683355e+04 +5.181683355e+04 +5.177013355e+04 +5.177013355e+04 -8.7961e-01 +3.4126e+00 -2.1698e+00 +2.1588e-01 -4.1644e+00 -2.1243e+00 -1.0773e+00 +1.5495e+00 +2.8916e+00 +4.4958e+00
28 +2.768946252e+04 +2.768946252e+04 +2.764276252e+04 +2.764276252e+04 +1.1841e+00 -1.6757e+00 -7.5517e-01 -1.7710e+00 -4.4067e+00 -1.6942e+00 -1.0697e+00 +6.2469e-01 -2.6920e+00 +1.1105e+00
50 +1.333688214e+04 +1.333688214e+04 +1.329018214e+04 +1.329018214e+04 +1.0206e+00 +9.0162e-01 -2.6245e+00 -5.0000e+00 -3.5754e+00 -1.0094e+00 -3.0142e+00 -2.5948e+00 -1.6757e+00 -3.7990e-01
145 +5.326307916e+03 +5.326307916e+03 +5.279607916e+03 +5.279607916e+03 -1.9199e+00 +3.6139e-01 -4.8726e+00 -5.0000e+00 -2.2921e+00 -1.8933e+00 -2.1919e+00 -2.5707e+00 -9.2070e-01 -6.7683e-01
298 +2.886205376e+03 +2.886205376e+03 +2.839505376e+03 +2.839505376e+03 -1.1276e+00 -1.7681e-01 -1.3272e+00 -2.3339e+00 -3.0300e-01 -2.5722e+00 -1.6434e+00 +0.0000e+00 -5.1648e-01 +2.6182e+00
480 +2.125273975e+03 +2.125273975e+03 +2.078573975e+03 +2.078573975e+03 -6.2924e-01 -9.6608e-01 -4.6116e+00 -3.8992e+00 -2.8052e+00 -1.9526e+00 +6.1761e-01 -1.3315e+00 -1.1143e+00 +4.6415e+00
600 +1.436336275e+03 +1.436336275e+03 +1.389636275e+03 +1.389636275e+03 -1.2373e+00 -4.0845e-01 -4.1508e+00 -3.0690e+00 -1.4702e+00 -1.2291e+00 -2.0339e-01 -1.7992e+00 -1.5659e+00 +4.3864e+00
893 +9.500367025e+02 +9.500367025e+02 +9.033367025e+02 +9.033367025e+02 -1.0932e+00 -3.0818e-01 -3.7462e+00 -3.1803e+00 -1.2965e+00 -4.3110e+00 -1.3260e+00 -4.8779e-01 +2.0881e+00 +4.0461e+00
1133 +5.330858175e+02 +5.330858175e+02 +4.863858175e+02 +4.863858175e+02 -3.7543e-02 -6.1962e-01 -3.7554e+00 -4.6261e+00 -1.1893e+00 -3.2236e+00 -1.3736e+00 -6.6798e-01 +1.5891e+00 +3.0950e+00
2176 +3.680975456e+02 +3.680975456e+02 +3.213975456e+02 +3.213975456e+02 +1.1444e-01 +6.5803e-01 -2.6752e+00 -2.9234e+00 -8.8668e-01 -3.2093e+00 -4.1058e-01 -1.9289e+00 +1.7724e+00 +2.7971e+00
2690 +1.545474213e+02 +1.545474213e+02 +1.078474213e+02 +1.078474213e+02 -1.2663e+00 +3.4371e-01 -3.0034e+00 -3.4372e+00 -1.2330e+00 -3.3154e+00 -6.4267e-01 -2.5000e+00 +1.4225e+00 +2.2759e+00
4197 +7.628695612e+01 +7.628695612e+01 +2.958695612e+01 +2.958695612e+01 +0.0000e+00 +4.3942e-01 -3.1199e+00 -3.8045e+00 -1.1314e+00 -2.5000e+00 -8.2949e-01 -2.0737e+00 +6.4440e-01 +1.0196e+00
4409 +5.751675411e+01 +5.751675411e+01 +1.081675411e+01 +1.081675411e+01 +0.0000e+00 +6.8673e-01 -3.0479e+00 -2.9789e+00 -1.1324e+00 -3.0778e+00 -5.9172e-01 -1.8369e+00 +4.9778e-01 +1.2397e+00
4599 +3.627131098e+01 +3.627131098e+01 -1.042868902e+01 -1.042868902e+01 +0.0000e+00 +4.2850e-01 -3.4905e+00 -3.3919e+00 -1.6964e+00 -2.7540e+00 -4.8836e-01 -1.3844e+00 +2.1877e-01 +1.1714e+00
4679 +2.288739119e+01 +2.288739119e+01 -2.381260881e+01 -2.381260881e+01 +0.0000e+00 +3.6396e-01 -3.3804e+00 -3.5346e+00 -1.7124e+00 -2.7131e+00 -5.6151e-01 -1.5379e+00 +1.6658e-01 +8.4097e-01
6118 +1.296033028e+01 +1.296033028e+01 -3.373966972e+01 -3.373966972e+01 +0.0000e+00 +4.6937e-01 -3.3044e+00 -3.5649e+00 -1.6608e+00 -2.9770e+00 -7.5217e-01 -1.5566e+00 +9.1384e-02 +8.7584e-01
6718 +8.556370236e+00 +8.556370236e+00 -3.814362976e+01 -3.814362976e+01 +0.0000e+00 +5.7114e-01 -3.1250e+00 -3.4619e+00 -1.5176e+00 -2.9531e+00 -7.9484e-01 -1.5587e+00 +1.7834e-01 +8.4453e-01
41606 +6.308154671e+00 +6.308154671e+00 -4.039184533e+01 -4.039184533e+01 +9.1078e-02 +6.4381e-01 -3.0301e+00 -3.4181e+00 -1.4869e+00 -2.9602e+00 -7.8815e-01 -1.6042e+00 +1.8834e-01 +9.5471e-01
% function evaluation | noise-free fitness - Fopt (-9.308000000000e+01) | best noise-free fitness - Fopt | measured fitness | best measured fitness | x1 | x2...
1 +4.941004034e+05 +4.941004034e+05 +4.940073234e+05 +4.940073234e+05 -2.7049e+00 +4.3365e+00 -4.4403e+00 -4.5141e+00 -3.5485e+00 +4.1534e-02 -2.5867e+00 +4.3896e+00 -2.5985e+00 -1.4887e+00
2 +3.079427315e+05 +3.079427315e+05 +3.078496515e+05 +3.078496515e+05 -3.2677e+00 -8.7091e-01 -4.1244e+00 +1.2951e+00 -1.5790e+00 +4.2007e+00 -2.1378e+00 -6.2511e-01 +4.2748e+00 +2.6956e+00
3 +2.511758670e+05 +2.511758670e+05 +2.510827870e+05 +2.510827870e+05 +3.2087e+00 -3.0139e+00 -3.3775e+00 +2.8354e+00 +3.8090e+00 +1.8355e+00 -4.9733e+00 -1.2815e+00 -2.0573e+00 +4.2425e+00
5 +1.544293265e+05 +1.544293265e+05 +1.543362465e+05 +1.543362465e+05 -2.3958e+00 -9.4640e-01 -4.0059e+00 +1.1010e+00 -1.2252e+00 +3.2311e+00 +4.1843e+00 +2.9759e+00 +1.0825e+00 -2.7180e-01
10 +8.023776460e+04 +8.023776460e+04 +8.014468460e+04 +8.014468460e+04 -4.0451e+00 -3.7016e+00 -5.5404e-01 +3.5411e+00 -1.8830e+00 -3.3055e+00 -2.6549e+00 +2.7144e+00 +3.6267e+00 -3.9324e+00
21 +1.918298646e+04 +1.918298646e+04 +1.908990646e+04 +1.908990646e+04 -2.9303e+00 -3.1130e+00 +1.2001e+00 +3.0864e+00 -3.5619e+00 -6.4503e-01 -2.7840e+00 +1.6410e+00 -3.7396e+00 -1.1097e+00
58 +9.911638226e+03 +9.911638226e+03 +9.818558226e+03 +9.818558226e+03 -2.5895e+00 -3.8690e+00 -1.0475e-01 +9.6661e-01 +1.3445e+00 -8.3069e-01 -1.6992e+00 -1.4529e+00 +1.8893e-01 -1.8880e+00
96 +3.536671984e+03 +3.536671984e+03 +3.443591984e+03 +3.443591984e+03 -1.8908e-01 -8.7142e-01 +0.0000e+00 +2.1417e+00 -1.2720e-02 -1.8977e+00 +0.0000e+00 -1.7299e+00 -2.5513e+00 -4.1159e+00
761 +2.332107142e+03 +2.332107142e+03 +2.239027142e+03 +2.239027142e+03 -1.7125e+00 -4.0017e+00 +1.0035e-01 +2.4903e+00 -1.8641e+00 -3.1776e+00 +2.2816e-01 +8.4173e-01 -2.3187e+00 -2.7610e+00
1178 +1.140849111e+03 +1.140849111e+03 +1.047769111e+03 +1.047769111e+03 -1.6303e+00 -1.2632e+00 -8.7884e-01 +9.0900e-01 -2.0541e+00 -2.2707e+00 +4.4794e-01 -7.3215e-02 -1.7979e+00 -4.0829e+00
1305 +6.482574278e+02 +6.482574278e+02 +5.551774278e+02 +5.551774278e+02 -2.0535e+00 -3.0228e+00 -2.6093e+00 +8.2189e-01 -2.5000e+00 -2.9140e+00 -9.5792e-01 +5.4575e-01 -5.4344e-01 -2.1380e+00
1517 +3.784339213e+02 +3.784339213e+02 +2.853539213e+02 +2.853539213e+02 -1.6081e+00 -3.2305e+00 -1.1715e+00 +8.1428e-01 -2.0868e+00 -3.3072e+00 -1.0922e+00 -8.9980e-01 -1.3823e-01 -1.4028e+00
2819 +1.520525717e+02 +1.520525717e+02 +5.897257172e+01 +5.897257172e+01 -1.9076e+00 -2.7701e+00 -1.2144e+00 +1.5454e+00 -1.6834e+00 -1.8655e+00 -1.8270e-01 -3.7304e-01 -5.9955e-01 -1.8267e+00
3215 +9.143416308e+01 +9.143416308e+01 -1.645836918e+00 -1.645836918e+00 -1.8151e+00 -2.3547e+00 -9.6456e-01 +1.0833e+00 -1.8006e+00 -2.1502e+00 -1.1355e+00 -1.2198e-01 -8.8367e-01 -2.2811e+00
3750 +5.380914684e+01 +5.380914684e+01 -3.927085316e+01 -3.927085316e+01 -1.9420e+00 -2.9470e+00 -1.2500e+00 +1.0602e+00 -1.4067e+00 -2.4680e+00 -8.7792e-01 -2.1744e-01 -1.2500e+00 -2.5000e+00
5198 +2.416717995e+01 +2.416717995e+01 -6.891282005e+01 -6.891282005e+01 -2.9486e+00 -2.3849e+00 -1.2198e+00 +9.7541e-01 -2.0235e+00 -2.3737e+00 -9.2929e-01 -5.8532e-01 -1.1924e+00 -2.4948e+00
7087 +1.354205278e+01 +1.354205278e+01 -7.953794722e+01 -7.953794722e+01 -2.7635e+00 -2.5289e+00 -1.3137e+00 +1.0104e+00 -1.7356e+00 -2.5443e+00 -8.8264e-01 -5.8764e-01 -1.2138e+00 -2.5416e+00
11139 +9.978811638e+00 +9.978811638e+00 -8.310118836e+01 -8.310118836e+01 -1.9263e+00 -2.6493e+00 -1.5131e+00 +9.2395e-01 -1.7290e+00 -2.5258e+00 -8.3695e-01 -7.2432e-01 -1.2468e+00 -2.4938e+00
29074 +6.303681196e+00 +6.303681196e+00 -8.677631880e+01 -8.677631880e+01 -1.4675e+00 -2.2056e+00 -1.1719e+00 +1.0583e+00 -1.7466e+00 -2.5590e+00 -8.8763e-01 -6.7274e-01 -1.3428e+00 -2.5362e+00
% function evaluation | noise-free fitness - Fopt (4.168000000000e+01) | best noise-free fitness - Fopt | measured fitness | best measured fitness | x1 | x2...
1 +8.014080155e+04 +8.014080155e+04 +8.018248155e+04 +8.018248155e+04 -1.4790e-01 +4.2974e-01 +9.0395e-01 -1.8179e+00 -2.2920e+00 -3.2951e+00 +3.8511e+00 -1.6369e+00 +1.5322e+00 +1.2219e+00
24 +6.187793263e+04 +6.187793263e+04 +6.191961263e+04 +6.191961263e+04 +2.1405e+00 -2.3800e+00 -1.0360e+00 -1.5914e+00 +1.6339e+00 -3.3534e+00 +1.5831e+00 +5.8933e-01 +1.0706e+00 +5.5059e-01
47 +1.803224436e+04 +1.803224436e+04 +1.807392436e+04 +1.807392436e+04 +1.2809e+00 -2.1325e+00 -5.7687e-02 -3.7099e-01 +1.3885e+00 -2.5082e+00 +1.2909e+00 -3.4831e+00 -1.0484e+00 -2.2806e+00
71 +1.380142968e+04 +1.380142968e+04 +1.384310968e+04 +1.384310968e+04 +7.7823e-01 -1.1997e+00 -4.6298e-01 +4.5085e-01 +4.8702e-01 -1.3946e+00 -8.4875e-01 -5.3381e-01 -5.5488e-01 -1.1573e+00
133 +9.502333749e+03 +9.502333749e+03 +9.544013749e+03 +9.544013749e+03 +1.1856e+00 -4.7877e+00 +3.5827e-01 +2.7049e+00 +3.5543e-01 -1.1710e+00 +1.8676e+00 +0.0000e+00 -1.1543e+00 +3.7957e+00
285 +2.256709505e+03 +2.256709505e+03 +2.298389505e+03 +2.298389505e+03 +1.0937e+00 -3.9553e+00 +6.4111e-01 -1.0429e+00 -7.3467e-01 -3.0278e-01 +2.2851e+00 -2.0622e+00 -1.4276e+00 +3.8091e+00
673 +1.473552965e+03 +1.473552965e+03 +1.515232965e+03 +1.515232965e+03 +6.0163e-01 -1.5156e+00 +2.6437e-01 -7.4909e-01 -1.4679e+00 +0.0000e+00 +2.1659e-01 -1.7745e+00 -1.4483e+00 +3.4153e+00
1671 +4.469702284e+02 +4.469702284e+02 +4.886502284e+02 +4.886502284e+02 +1.6547e+00 -1.4774e+00 +4.9488e-01 +7.1135e-02 -1.0074e+00 -1.5710e+00 -3.3383e-01 -7.2673e-01 -2.1672e+00 +1.6320e+00
2939 +2.684418081e+02 +2.684418081e+02 +3.101218081e+02 +3.101218081e+02 +4.3130e-01 -1.6055e+00 +1.3281e+00 +9.9744e-02 -1.1620e+00 -8.9733e-01 -4.1799e-01 -3.2980e-01 -2.0545e+00 +2.1383e+00
3558 +2.091017301e+02 +2.091017301e+02 +2.507817301e+02 +2.507817301e+02 +8.8343e-01 -1.8246e+00 +1.3475e+00 +2.7052e-01 -1.3680e+00 -9.8867e-01 -3.1421e-01 -2.3887e-01 -2.0875e+00 +1.4813e+00
4263 +9.108549311e+01 +9.108549311e+01 +1.327654931e+02 +1.327654931e+02 +1.7533e+00 -1.6327e+00 +1.2364e+00 -1.4254e-01 -1.4127e+00 -8.7523e-01 +1.0342e+00 -9.3628e-01 -3.1884e+00 +1.0479e-01
5365 +5.678405582e+01 +5.678405582e+01 +9.846405582e+01 +9.846405582e+01 +9.3498e-01 -2.4128e+00 +1.1650e+00 +5.2311e-01 -1.0809e+00 -6.7208e-01 +1.0657e+00 -1.6754e+00 -3.7056e+00 +0.0000e+00
7125 +3.411132858e+01 +3.411132858e+01 +7.579132858e+01 +7.579132858e+01 +9.2331e-01 -2.2369e+00 +8.9428e-01 +0.0000e+00 -1.5827e+00 -8.0182e-01 +9.7459e-01 -1.7579e+00 -3.4171e+00 +0.0000e+00
7551 +2.415928842e+01 +2.415928842e+01 +6.583928842e+01 +6.583928842e+01 +7.6923e-01 -2.1847e+00 +7.9694e-01 +0.0000e+00 -1.5410e+00 -1.0580e+00 +8.6860e-01 -1.4335e+00 -3.6149e+00 +0.0000e+00
9047 +1.581557748e+01 +1.581557748e+01 +5.749557748e+01 +5.749557748e+01 +1.1582e+00 -2.2311e+00 +8.6203e-01 +0.0000e+00 -1.5422e+00 -1.1204e+00 +8.6974e-01 -1.5854e+00 -3.5037e+00 +0.0000e+00
14869 +9.065485909e+00 +9.065485909e+00 +5.074548591e+01 +5.074548591e+01 +1.2500e+00 -2.0509e+00 +9.4174e-01 +0.0000e+00 -1.4935e+00 -1.1759e+00 +8.3285e-01 -1.5795e+00 -3.5260e+00 -3.7284e-01
