% function evaluation | noise-free fitness - Fopt (1.491500000000e+02) | best noise-free fitness - Fopt | measured fitness | best measured fitness | x1 | x2...
1 +3.256467005e+05 +3.256467005e+05 +3.257958505e+05 +3.257958505e+05 +5.3181e-01 +4.9162e+00 +3.2434e+00 +2.5266e+00 -2.6767e-01 +2.9338e+00 -2.5210e-01 -4.6809e+00 -4.4137e+00 +3.9022e+00 -1.2732e+00 -1.3886e+00 +1.2428e+00 -1.4772e+00 -4.5293e+00 -4.3949e+00 -4.7811e+00 +2.7304e+00 -2.9244e+00 +5.6510e-01
7 +2.093949469e+05 +2.093949469e+05 +2.095440969e+05 +2.095440969e+05 -8.6072e-02 -1.2985e+00 -1.2490e+00 -1.6356e+00 -8.8641e-01 -8.6115e-01 +1.5541e+00 -2.5517e+00 +3.3500e+00 +2.0322e+00 -1.6987e+00 +2.8466e+00 +3.5509e+00 +7.4515e-01 +4.0043e+00 +9.6907e-01 -4.9132e+00 -3.9736e+00 -3.0141e-01 -2.1168e+00
17 +1.418358781e+05 +1.418358781e+05 +1.419850281e+05 +1.419850281e+05 +1.7953e-01 +1.5295e+00 -1.8199e+00 -3.8657e+00 -3.2270e+00 -1.0925e+00 +1.3953e+00 -2.6145e+00 -1.3135e+00 -2.9633e+00 -1.8106e+00 +1.0465e+00 -2.4335e+00 +2.5743e+00 +9.4864e-01 -3.7331e+00 -3.7974e+00 -4.2319e-02 -3.9331e+00 +2.9518e+00
45 +9.062884288e+04 +9.062884288e+04 +9.077799288e+04 +9.077799288e+04 +1.9421e+00 +2.1274e+00 -2.7450e+00 -4.3716e-01 +7.8328e-01 -4.3017e-01 +1.1427e+00 -2.5451e+00 -2.9984e+00 -2.9025e+00 -1.4208e+00 -1.7714e+00 +2.6749e+00 +2.9747e-01 -6.3849e-02 +5.3994e-01 -2.7966e+00 -2.5652e+00 -4.5361e+00 +3.0687e+00
132 +4.697792259e+04 +4.697792259e+04 +4.712707259e+04 +4.712707259e+04 -2.8567e-02 +7.9232e-01 -1.2195e+00 +0.0000e+00 -3.0416e+00 -6.8544e-01 +1.3515e-01 -4.4386e+00 +0.0000e+00 -4.5806e+00 -2.4003e+00 +1.8497e+00 -4.0365e-01 +8.2728e-01 +1.1374e-01 -6.6777e-01 -1.1810e+00 -5.1567e-01 -3.1760e+00 +0.0000e+00
221 +3.874390776e+04 +3.874390776e+04 +3.889305776e+04 +3.889305776e+04 +1.6056e+00 +6.7315e-02 +1.0907e+00 -3.3699e-01 -1.5743e+00 +0.0000e+00 -4.2579e-02 -4.3976e+00 -5.0962e-01 -1.3186e+00 -2.3845e+00 +5.7242e-01 -1.9237e+00 +1.3215e+00 -2.6087e+00 +4.8295e-01 +1.6062e+00 +4.4036e-01 -3.6812e+00 -9.7335e-01
714 +2.365975297e+04 +2.365975297e+04 +2.380890297e+04 +2.380890297e+04 -5.4492e-01 -2.1259e+00 -2.3582e+00 +2.2037e+00 -1.4061e+00 +7.0377e-02 -2.5468e+00 -2.8038e+00 -1.0723e+00 +1.9590e+00 -2.0120e+00 +5.5675e-01 +8.8912e-01 +1.9670e+00 +0.0000e+00 -3.9076e-01 +0.0000e+00 +1.0227e+00 -4.7468e+00 -2.4745e+00
1188 +1.197794054e+04 +1.197794054e+04 +1.212709054e+04 +1.212709054e+04 -1.6327e+00 -4.1083e-01 -1.6720e+00 -1.9293e+00 -3.0199e+00 -1.0748e+00 -2.6486e+00 -1.3221e+00 -3.1958e-01 +1.2305e+00 -2.4095e+00 +9.1250e-01 +3.7563e+00 -2.0912e+00 -2.6178e-02 -2.1364e+00 -5.8646e-01 -3.3863e-01 -4.7290e+00 -1.7571e+00
1563 +8.366298237e+03 +8.366298237e+03 +8.515448237e+03 +8.515448237e+03 -1.2272e+00 +3.5580e-01 -1.6834e+00 -1.0267e+00 -4.4791e+00 -1.0768e+00 -3.5172e+00 -1.4897e+00 +0.0000e+00 -8.7238e-01 -3.6458e+00 +7.8368e-02 +1.4705e+00 -2.5119e+00 -3.9303e-01 -1.3709e+00 -6.1747e-01 +4.3706e-01 -4.6498e+00 -4.2306e+00
3066 +5.584935495e+03 +5.584935495e+03 +5.734085495e+03 +5.734085495e+03 -1.9966e+00 +0.0000e+00 +4.2172e-01 -7.7957e-02 -3.6011e+00 -3.2149e+00 -1.9403e+00 -1.8499e+00 -2.6967e-01 +1.2863e+00 -2.9357e+00 -1.0522e+00 +1.9903e+00 -5.7753e-01 -1.2599e+00 -2.4408e+00 -5.8551e-01 -2.8990e-01 -4.9360e+00 -3.9024e+00
3082 +3.458961009e+03 +3.458961009e+03 +3.608111009e+03 +3.608111009e+03 -5.5491e-01 -2.6032e+00 -2.2478e+00 +7.1688e-01 -3.8552e+00 -2.1180e+00 -9.5578e-01 -2.6709e+00 -1.0086e+00 -1.4906e+00 -3.0921e+00 -2.1622e-01 +2.0558e+00 -4.4202e-01 -1.0111e+00 -8.3325e-01 -1.9306e+00 +4.8894e-01 -4.4779e+00 -3.4619e+00
4116 +1.891967420e+03 +1.891967420e+03 +2.041117420e+03 +2.041117420e+03 +0.0000e+00 -8.1196e-01 +3.6743e-01 +2.2744e+00 -2.5048e+00 -7.9994e-01 -1.1114e+00 -2.3809e+00 -8.0632e-01 -5.6287e-01 -2.7555e+00 +6.7732e-01 +2.2650e+00 +0.0000e+00 -8.9778e-01 -1.4969e+00 +4.7773e-01 -6.4230e-01 -4.3548e+00 -1.7699e+00
5126 +1.358015568e+03 +1.358015568e+03 +1.507165568e+03 +1.507165568e+03 +0.0000e+00 -6.0111e-01 -7.5733e-01 +4.2015e-01 -3.8376e+00 -1.5927e+00 -1.6920e+00 -6.0979e-01 -7.3740e-02 +1.0611e-02 -2.0540e+00 +1.1350e+00 +2.8088e+00 -4.8847e-01 -1.2500e+00 -1.0781e+00 -2.6411e-01 -8.3178e-01 -4.7401e+00 -1.0409e+00
6709 +9.849009607e+02 +9.849009607e+02 +1.134050961e+03 +1.134050961e+03 -2.2309e-04 -2.0785e-01 -2.1304e-01 +8.5984e-01 -4.3803e+00 -2.4865e+00 -2.2451e+00 -1.9017e+00 -4.0707e-01 -8.3948e-01 -2.5000e+00 +4.2336e-01 +2.0661e+00 -6.7051e-01 -1.9191e+00 -9.0098e-01 -7.1682e-01 -5.9303e-01 -3.7724e+00 -9.7875e-01
7384 +6.030429997e+02 +6.030429997e+02 +7.521929997e+02 +7.521929997e+02 +0.0000e+00 -4.7716e-01 -6.0311e-01 +3.4115e-01 -4.1768e+00 -2.4702e+00 -1.9289e+00 -1.9704e+00 -5.3730e-01 -1.4988e-01 -2.2354e+00 +9.0219e-01 +2.8987e+00 -5.6496e-01 -1.2288e+00 -1.2386e+00 -1.2267e+00 +6.2412e-02 -3.9302e+00 -1.6331e+00
9255 +3.882160582e+02 +3.882160582e+02 +5.373660582e+02 +5.373660582e+02 +0.0000e+00 -7.1185e-01 -8.3827e-01 +2.2930e-01 -3.4470e+00 -2.4920e+00 -1.4779e+00 -1.5341e+00 -4.5933e-01 -9.2225e-02 -1.9986e+00 +7.4186e-01 +2.4981e+00 -9.2862e-01 -1.6715e+00 -9.8587e-01 -3.8163e-01 -3.2803e-01 -3.9876e+00 -2.0889e+00
11471 +2.500851873e+02 +2.500851873e+02 +3.992351873e+02 +3.992351873e+02 -3.5770e-02 -6.7737e-01 -8.9841e-01 +3.3015e-01 -3.4584e+00 -2.5000e+00 -1.6752e+00 -1.8062e+00 -6.0081e-01 -5.7696e-01 -2.4984e+00 -1.6960e-01 +2.0850e+00 -1.1482e+00 -1.3765e+00 -1.3803e+00 -1.0186e+00 -4.5246e-01 -3.8335e+00 -2.5000e+00
18468 +1.574516283e+02 +1.574516283e+02 +3.066016283e+02 +3.066016283e+02 -3.0569e-01 -7.0313e-01 -6.6363e-01 +6.2500e-01 -3.6982e+00 -2.0425e+00 -1.7175e+00 -1.9986e+00 -7.4476e-01 -3.9063e-01 -2.6563e+00 -2.2674e-01 +1.7708e+00 -1.2500e+00 -1.5642e+00 -1.4486e+00 -8.3188e-01 -3.6719e-01 -3.7500e+00 -2.5000e+00
18850 +8.993643754e+01 +8.993643754e+01 +2.390864375e+02 +2.390864375e+02 -2.3236e-01 -6.6406e-01 -6.6209e-01 +6.2500e-01 -3.6969e+00 -2.1492e+00 -1.6992e+00 -2.0239e+00 -1.0083e+00 -4.1319e-01 -2.6536e+00 -2.2629e-01 +1.7653e+00 -1.2500e+00 -1.5625e+00 -1.4674e+00 -8.3984e-01 -3.6770e-01 -3.0563e+00 -3.1522e+00
18948 +4.888466756e+01 +4.888466756e+01 +1.980346676e+02 +1.980346676e+02 -2.4693e-01 -6.9265e-01 -6.6371e-01 +6.2500e-01 -3.7012e+00 -2.0807e+00 -1.6928e+00 -2.0095e+00 -7.6116e-01 -4.2642e-01 -2.6434e+00 -2.1938e-01 +1.7600e+00 -1.2500e+00 -1.5820e+00 -1.4563e+00 -8.4093e-01 -3.6366e-01 -3.0298e+00 -3.7095e+00
19136 +3.585302630e+01 +3.585302630e+01 +1.850030263e+02 +1.850030263e+02 -2.5334e-01 -6.9481e-01 -6.6279e-01 +6.2500e-01 -3.7044e+00 -2.1065e+00 -1.6913e+00 -2.0088e+00 -7.8577e-01 -4.2510e-01 -2.6408e+00 -2.2064e-01 +1.7632e+00 -1.5484e+00 -1.5830e+00 -1.4565e+00 -8.5246e-01 -3.7109e-01 -2.7038e+00 -3.7221e+00
19496 +2.317426704e+01 +2.317426704e+01 +1.723242670e+02 +1.723242670e+02 -2.2157e-01 -6.9306e-01 -6.6304e-01 +9.8563e-01 -3.7109e+00 -2.0554e+00 -1.6872e+00 -2.0040e+00 -9.5821e-01 -4.2484e-01 -2.6396e+00 -2.1896e-01 +1.7627e+00 -1.5533e+00 -1.5839e+00 -1.4545e+00 -8.5332e-01 -3.7109e-01 -2.8310e+00 -3.9202e+00
28036 +1.584745409e+01 +1.584745409e+01 +1.649974541e+02 +1.649974541e+02 -2.3667e-01 -6.8869e-01 -5.0749e-01 +1.0782e+00 -3.6709e+00 -2.1777e+00 -1.7989e+00 -2.0621e+00 -8.9996e-01 -4.7722e-01 -2.6612e+00 -2.1324e-01 +1.7615e+00 -1.5584e+00 -1.6830e+00 -1.4648e+00 -8.5934e-01 -3.5728e-01 -2.8125e+00 -3.8541e+00
% function evaluation | noise-free fitness - Fopt (-1.000000000000e+03) | best noise-free fitness - Fopt | measured fitness | best measured fitness | x1 | x2...
1 +8.172822482e+05 +8.172822482e+05 +8.162822482e+05 +8.162822482e+05 +4.0947e+00 -2.0220e+00 -9.4528e-02 +3.6911e-02 +3.9576e-01 +4.0529e+00 -1.3085e+00 -2.1940e+00 +1.6502e+00 +3.6961e+00 +1.4340e+00 +1.4231e+00 -6.7034e-01 +3.5348e+00 +4.2999e+00 -1.2334e+00 -4.2641e+00 -4.6887e+00 -3.6663e+00 +2.6305e+00
2 +3.876675250e+05 +3.876675250e+05 +3.866675250e+05 +3.866675250e+05 -2.0289e+00 +1.8452e-01 +2.6589e+00 -1.6475e+00 -3.4585e+00 -3.3911e+00 -4.1874e+00 +1.8858e+00 +6.7756e-02 -1.2441e+00 +4.0925e+00 -2.0457e+00 -3.1440e+00 -1.5417e+00 -1.1825e+00 +1.5034e+00 -2.2718e+00 -4.2341e+00 +3.9711e+00 +8.6720e-01
41 +2.462272859e+05 +2.462272859e+05 +2.452272859e+05 +2.452272859e+05 +3.1156e-01 +3.1814e-01 +2.2845e+00 -4.9631e+00 -2.0833e+00 +2.5935e+00 +3.6915e+00 -5.2510e-01 +1.7262e+00 -1.3039e+00 -1.4218e+00 +2.1701e-01 -1.5754e+00 -1.4652e+00 +1.5963e+00 -1.0001e+00 -2.9287e+00 -2.0438e+00 -5.0000e+00 -2.3695e+00
71 +1.040938274e+05 +1.040938274e+05 +1.030938274e+05 +1.030938274e+05 -2.7125e+00 -1.7779e+00 -2.7887e+00 -8.8120e-01 -2.4558e+00 +3.2228e+00 +1.1777e-01 +1.3046e+00 +4.7635e+00 -9.3308e-02 -9.4174e-01 -1.6979e+00 -1.9080e+00 -3.5671e+00 -1.7339e+00 +6.3521e-02 -2.2422e+00 -4.7720e+00 -4.3687e+00 -1.8406e-01
112 +6.017939219e+04 +6.017939219e+04 +5.917939219e+04 +5.917939219e+04 -4.7507e+00 -4.3502e-02 -1.0486e+00 +1.3021e-01 -2.4382e+00 +2.6659e+00 +2.7254e-02 -2.2285e+00 +2.7181e+00 -1.4765e-01 +0.0000e+00 -1.5103e+00 -9.6529e-02 -2.5977e+00 -1.0672e+00 +6.9686e-01 -1.0574e-01 +0.0000e+00 -4.5780e+00 -3.2152e+00
215 +3.194987072e+04 +3.194987072e+04 +3.094987072e+04 +3.094987072e+04 -1.9007e+00 +1.2550e+00 -5.7146e-02 -7.5883e-01 -7.6096e-01 +2.1427e+00 -1.1590e+00 +0.0000e+00 +1.9627e+00 +0.0000e+00 -1.1079e+00 -3.6225e-01 -9.1061e-01 -3.9413e+00 -3.2044e+00 +1.4398e+00 +0.0000e+00 -1.7186e+00 -3.6203e-01 -1.6656e+00
246 +1.859438368e+04 +1.859438368e+04 +1.759438368e+04 +1.759438368e+04 -3.1843e+00 -6.0719e-01 -6.3754e-01 -5.4022e-01 -1.9321e+00 +1.3229e+00 -5.7312e-01 -1.6003e+00 +4.6861e-01 +2.3389e+00 -3.2830e+00 +2.8385e-01 +0.0000e+00 -3.6786e+00 -2.8618e+00 +0.0000e+00 -2.3568e-01 -8.1351e-01 -1.1937e+00 -1.7350e+00
388 +1.400125993e+04 +1.400125993e+04 +1.300125993e+04 +1.300125993e+04 -5.0000e+00 -5.7412e-01 +2.7845e+00 -3.7048e+00 -3.5083e+00 -1.1843e+00 -8.5128e-01 +0.0000e+00 -1.3993e+00 +2.6240e+00 -3.4382e+00 -1.6249e+00 -2.3020e-01 -2.7387e+00 +2.3236e+00 +4.9065e-01 +9.9773e-01 -2.1838e+00 -2.5223e+00 -2.3537e+00
1251 +4.987621058e+03 +4.987621058e+03 +3.987621058e+03 +3.987621058e+03 -5.0000e+00 -1.5724e+00 +2.2339e+00 -2.5498e+00 -3.5266e+00 +1.1180e-01 -1.1145e+00 -1.0494e-01 +4.8566e-01 +2.4079e+00 -1.9245e+00 -2.0160e+00 -1.3947e+00 -4.1089e+00 +1.2459e+00 +1.9931e-02 +1.0505e+00 -1.8680e+00 -1.9063e+00 -2.4194e+00
2084 +3.666220744e+03 +3.666220744e+03 +2.666220744e+03 +2.666220744e+03 -5.0000e+00 +4.3470e-01 +1.2692e+00 -8.5246e-01 -3.4206e+00 -2.9778e-01 -1.3444e+00 -6.4739e-01 +2.3272e-01 +2.4284e+00 -8.4938e-01 -2.0596e+00 -2.2496e+00 -4.8289e+00 +1.2552e+00 -3.9593e-01 +1.4791e+00 -1.6531e+00 -1.6191e+00 -1.6999e+00
2888 +1.735773943e+03 +1.735773943e+03 +7.357739432e+02 +7.357739432e+02 -4.8106e+00 +2.9434e-01 +1.0715e+00 -2.2626e+00 -3.5608e+00 -3.4941e-01 -3.6696e+00 -1.6148e+00 +7.8259e-01 +9.3191e-01 -1.0507e+00 -2.1378e+00 -2.7622e+00 -4.9448e+00 +6.7075e-01 -1.2799e+00 +2.1424e-01 -2.5000e+00 -1.2884e+00 -1.1030e+00
3605 +1.485103762e+03 +1.485103762e+03 +4.851037621e+02 +4.851037621e+02 -4.7371e+00 +8.5526e-01 +2.0124e+00 -2.1382e+00 -3.4502e+00 -1.1120e+00 -3.6821e+00 -1.1167e+00 +0.0000e+00 +9.7648e-01 -9.9199e-01 -2.5000e+00 -2.1348e+00 -4.8925e+00 +5.1842e-01 -1.3741e+00 +1.3319e-01 -2.4155e+00 -1.4263e+00 -3.2238e-01
4463 +7.421920559e+02 +7.421920559e+02 -2.578079441e+02 -2.578079441e+02 -4.6830e+00 -2.1845e-01 +1.1602e+00 -2.1183e+00 -3.4390e+00 -1.0179e+00 -3.5072e+00 -2.0750e+00 +1.1192e-02 +8.9202e-01 -1.1758e+00 -1.8669e+00 -9.4177e-01 -4.3750e+00 +4.9542e-01 -2.3479e+00 -1.3894e-02 -2.4247e+00 -1.1383e+00 -7.8016e-02
5575 +6.014991768e+02 +6.014991768e+02 -3.985008232e+02 -3.985008232e+02 -4.8308e+00 +5.5014e-01 +1.1428e+00 -1.8991e+00 -2.7709e+00 -8.5703e-01 -2.3252e+00 -2.3507e+00 -4.7822e-01 +1.1710e+00 -1.5883e+00 -1.6098e+00 -1.6082e+00 -4.2338e+00 +3.2373e-01 -2.0808e+00 +5.1862e-01 -2.1500e+00 -1.1639e+00 +0.0000e+00
7793 +3.752116351e+02 +3.752116351e+02 -6.247883649e+02 -6.247883649e+02 -4.8487e+00 +8.1801e-01 +1.0549e+00 -2.3627e+00 -2.6404e+00 -5.9657e-02 -3.1337e+00 -2.3642e+00 +8.0855e-01 +2.5000e+00 -1.2500e+00 -1.5141e+00 -1.1174e+00 -3.9944e+00 -2.2053e-01 -1.9720e+00 -8.2503e-01 -2.3462e+00 -1.3238e+00 -5.2889e-02
8775 +2.376757423e+02 +2.376757423e+02 -7.623242577e+02 -7.623242577e+02 -4.8114e+00 +8.4167e-01 +1.3669e+00 -1.9871e+00 -2.9268e+00 -9.0255e-01 -2.4874e+00 -2.4147e+00 +5.4902e-01 +2.5000e+00 -1.3371e+00 -1.9146e+00 -1.5539e+00 -3.9081e+00 -1.9534e-01 -1.5893e+00 +3.8368e-01 -2.3659e+00 -1.3756e+00 +0.0000e+00
10849 +1.545442673e+02 +1.545442673e+02 -8.454557327e+02 -8.454557327e+02 -4.8438e+00 +9.3435e-01 +1.1708e+00 -1.9589e+00 -2.9798e+00 -9.0220e-01 -2.8798e+00 -2.3958e+00 +3.6046e-01 +2.0641e+00 -2.0435e+00 -1.7307e+00 -1.3051e+00 -3.7500e+00 -3.4162e-01 -1.2852e+00 +5.8140e-01 -2.3586e+00 -1.3528e+00 -7.0792e-02
19431 +9.974466825e+01 +9.974466825e+01 -9.002553318e+02 -9.002553318e+02 -4.7178e+00 +9.4781e-01 +1.1254e+00 -2.1875e+00 -2.8982e+00 -8.1158e-01 -2.9571e+00 -2.0794e+00 +2.2329e-01 +1.8750e+00 -1.8076e+00 -2.0991e+00 -1.4558e+00 -3.7818e+00 +1.6995e-01 -1.0179e+00 +5.7078e-01 -2.4441e+00 -1.3605e+00 -1.8301e-01
% function evaluation | noise-free fitness - Fopt (9.862000000000e+01) | best noise-free fitness - Fopt | measured fitness | best measured fitness | x1 | x2...
1 +4.604860907e+05 +4.604860907e+05 +4.605847107e+05 +4.605847107e+05 -3.2306e+00 -1.0391e-01 -1.2142e+00 +2.4743e+00 +3.5293e+00 -3.4649e+00 +3.6058e+00 -4.9383e+00 -3.6654e+00 -1.5824e+00 -2.3018e+00 +3.9774e+00 +1.7204e+00 -2.4547e+00 +1.7686e-02 -3.3797e+00 -1.6174e+00 +2.0581e+00 +3.7146e+00 -2.4762e+00
2 +3.686938615e+05 +3.686938615e+05 +3.687924815e+05 +3.687924815e+05 -3.3371e+00 -2.7651e+00 -2.2759e+00 +6.1913e-01 +2.0804e-01 -1.0500e+00 -2.1579e+00 -5.7869e-01 -5.4942e-01 +3.6269e+00 -4.3222e+00 +2.8889e-01 +1.5127e+00 -1.8712e+00 +3.1503e+00 +1.2300e+00 +6.3747e-01 +2.0792e-01 +7.9668e-01 -2.8776e+00
20 +1.545875553e+05 +1.545875553e+05 +1.546861753e+05 +1.546861753e+05 -2.2587e+00 -2.6246e-02 +1.4515e+00 -4.8613e+00 +4.4835e+00 +2.7910e+00 -4.9741e+00 -4.7905e+00 -1.2519e+00 -3.2401e+00 +3.4317e+00 -1.4023e+00 -4.8694e+00 -2.8265e+00 -8.8369e-02 -3.5676e+00 -1.0738e+00 -2.3381e+00 +4.0833e+00 -2.1621e+00
75 +4.319219706e+04 +4.319219706e+04 +4.329081706e+04 +4.329081706e+04 -2.0577e+00 +1.8340e-01 +3.9211e+00 -5.0000e+00 +2.4423e+00 +1.5533e+00 -4.9198e+00 -2.3295e+00 -5.0000e+00 +1.3859e+00 +2.2787e+00 -5.2004e-01 -2.2021e+00 -3.3551e+00 -1.7051e+00 -4.5122e+00 +2.8154e-01 +2.8150e+00 +4.6791e+00 -7.4014e-01
252 +3.136601194e+04 +3.136601194e+04 +3.146463194e+04 +3.146463194e+04 -3.0667e-01 -1.4256e+00 +2.9004e+00 -5.0000e+00 -2.6125e-01 +3.1208e+00 -2.2968e+00 -4.2922e+00 -5.0000e+00 -1.6281e+00 +3.8109e+00 -5.7037e-01 -1.9016e+00 -5.0000e+00 -1.6373e+00 -1.5911e+00 +7.6625e-01 -1.8276e+00 +4.2994e+00 +0.0000e+00
398 +2.380881562e+04 +2.380881562e+04 +2.390743562e+04 +2.390743562e+04 +1.9835e-01 +0.0000e+00 +1.5303e+00 -5.0000e+00 -1.6731e+00 +3.9316e+00 -1.1528e+00 -2.0993e+00 -4.2174e+00 -2.5855e+00 +3.0133e+00 +4.3203e-01 +1.1928e+00 -5.0000e+00 -1.5319e+00 -3.9953e+00 +1.0928e+00 -4.3072e-01 +2.1968e+00 -1.2359e+00
592 +1.578539246e+04 +1.578539246e+04 +1.588401246e+04 +1.588401246e+04 +0.0000e+00 +0.0000e+00 +1.5525e+00 -3.7790e+00 -2.5205e+00 +2.3045e+00 -2.9857e+00 -4.9148e+00 -5.0000e+00 +3.2439e-01 +2.1108e+00 -5.9009e-02 -1.5250e+00 -4.1772e+00 -2.6741e+00 -4.2841e+00 -8.1247e-01 +0.0000e+00 +1.0354e+00 +7.1448e-01
1037 +9.649399062e+03 +9.649399062e+03 +9.748019062e+03 +9.748019062e+03 -3.8671e-01 -1.0651e+00 +3.2098e+00 -2.5000e+00 +5.3881e-01 +5.9587e-01 -4.3461e+00 -4.8709e+00 -5.0000e+00 -2.2591e+00 +2.2383e+00 -1.4232e+00 +9.7978e-01 -4.3838e+00 -2.6111e+00 -2.8983e+00 -1.0791e+00 -1.6293e+00 +3.4077e+00 +3.4725e+00
1348 +4.484519380e+03 +4.484519380e+03 +4.583139380e+03 +4.583139380e+03 -2.3712e+00 -3.1027e+00 +2.6541e+00 -2.4101e+00 -1.5085e-01 +1.8641e+00 -3.7297e+00 -5.0000e+00 -4.3807e+00 -2.6574e+00 +2.2385e+00 -8.8370e-01 +1.1054e+00 -4.7971e+00 -2.6501e+00 -1.8598e+00 +5.8878e-01 +3.7636e-01 +2.5000e+00 -5.3243e-01
1841 +3.665982305e+03 +3.665982305e+03 +3.764602305e+03 +3.764602305e+03 -1.3750e+00 -1.9380e+00 +2.5360e+00 -1.7181e+00 +8.9656e-01 +1.3535e+00 -3.6611e+00 -5.0000e+00 -4.2084e+00 -2.7896e+00 +2.2513e+00 -1.0231e+00 +4.4246e-01 -5.0000e+00 -2.4885e+00 -3.1890e+00 +2.0470e+00 +1.2643e+00 +2.5000e+00 +7.9491e-01
2602 +2.314115388e+03 +2.314115388e+03 +2.412735388e+03 +2.412735388e+03 -1.4168e+00 -1.0576e+00 +2.5287e+00 -2.6218e+00 +1.3050e+00 +9.0873e-01 -2.1338e+00 -5.0000e+00 -4.9260e+00 +0.0000e+00 +9.1830e-01 -3.5505e+00 +9.4141e-01 -5.0000e+00 -3.0447e+00 -4.2041e+00 +1.0041e+00 +1.2994e+00 +1.8520e+00 +0.0000e+00
5812 +1.362866512e+03 +1.362866512e+03 +1.461486512e+03 +1.461486512e+03 -9.0275e-01 -1.6936e+00 +1.7061e+00 -3.7952e+00 +6.7408e-01 +1.5966e+00 -2.0403e+00 -5.0000e+00 -4.5140e+00 -2.4484e-01 +1.4025e+00 -3.1563e+00 +9.2735e-01 -5.0000e+00 -3.0207e+00 -2.5000e+00 +8.9020e-01 +1.3137e+00 +1.3899e+00 -4.4102e-01
6453 +9.599427019e+02 +9.599427019e+02 +1.058562702e+03 +1.058562702e+03 -8.7374e-01 -1.8113e+00 +1.4985e+00 -2.7499e+00 -2.4196e-01 +8.0949e-01 -2.0070e+00 -4.8438e+00 -4.3750e+00 -9.9560e-01 +8.2557e-01 -2.3957e+00 +3.4782e-02 -5.0000e+00 -3.5889e+00 -2.6233e+00 +1.1952e-01 +7.2796e-01 +1.2573e+00 -9.0635e-01
8819 +6.301768407e+02 +6.301768407e+02 +7.287968407e+02 +7.287968407e+02 -1.0639e+00 -1.4027e+00 +1.7784e+00 -3.1250e+00 -2.6909e-01 +8.3854e-01 -2.1785e+00 -4.8438e+00 -4.3750e+00 -7.6608e-01 +7.4208e-01 -2.4120e+00 +1.7689e-02 -4.9219e+00 -2.5840e+00 -2.5090e+00 +1.2789e+00 +1.4405e+00 +1.4958e+00 -4.3661e-01
15121 +1.250122048e+02 +1.250122048e+02 +2.236322048e+02 +2.236322048e+02 -9.3750e-01 -1.3748e+00 +2.0439e+00 -2.8232e+00 +8.0865e-02 +7.8125e-01 -2.3231e+00 -3.7470e+00 -4.3750e+00 -6.2598e-01 +8.6716e-01 -2.4356e+00 +1.3906e-01 -3.1846e+00 -2.6912e+00 -2.5001e+00 +1.0838e+00 +8.5265e-01 +1.2763e+00 -2.0952e-01
15317 +9.696710758e+01 +9.696710758e+01 +1.955871076e+02 +1.955871076e+02 -9.3750e-01 -1.2877e+00 +2.0373e+00 -2.8167e+00 +4.7525e-02 +7.8199e-01 -2.3007e+00 -3.5156e+00 -3.3776e+00 -6.4255e-01 +8.4428e-01 -2.5019e+00 +3.1250e-01 -3.4097e+00 -2.6827e+00 -2.5001e+00 +1.0621e+00 +8.8080e-01 +1.2851e+00 -3.3651e-01
20810 +6.257398934e+01 +6.257398934e+01 +1.611939893e+02 +1.611939893e+02 -8.7686e-01 -1.3634e+00 +2.0313e+00 -2.8152e+00 +6.2067e-02 +8.7395e-01 -2.3308e+00 -3.7543e+00 -3.7131e+00 -1.2532e+00 +8.9418e-01 -2.4432e+00 +3.1250e-01 -3.4111e+00 -2.9294e+00 -2.6375e+00 +1.0547e+00 +8.5938e-01 +1.2890e+00 -3.3456e-01
26796 +3.893152081e+01 +3.893152081e+01 +1.375515208e+02 +1.375515208e+02 -9.2370e-01 -1.3609e+00 +2.0907e+00 -2.8159e+00 +8.1105e-02 +8.5093e-01 -2.3249e+00 -3.7690e+00 -3.6894e+00 -1.1019e+00 +6.7909e-01 -2.4504e+00 +3.6340e-01 -3.7025e+00 -3.1250e+00 -2.8125e+00 +8.0330e-01 +8.5693e-01 +1.2701e+00 -3.5156e-01
31966 +2.164756978e+01 +2.164756978e+01 +1.202675698e+02 +1.202675698e+02 -9.1984e-01 -1.3601e+00 +2.0729e+00 -2.8168e+00 +9.0492e-02 +8.4761e-01 -2.3206e+00 -3.7546e+00 -3.6858e+00 -1.1062e+00 +6.5836e-01 -2.4910e+00 +3.1250e-01 -3.8238e+00 -3.5164e+00 -2.9807e+00 +7.0477e-01 +7.1141e-01 +1.2312e+00 -3.4555e-01
33711 +1.583618149e+01 +1.583618149e+01 +1.144561815e+02 +1.144561815e+02 -9.2044e-01 -1.3574e+00 +2.0753e+00 -2.8167e+00 +8.8297e-02 +8.4585e-01 -2.3337e+00 -3.7541e+00 -3.6849e+00 -1.1060e+00 +6.5715e-01 -2.5296e+00 +1.5308e-01 -3.9063e+00 -3.4886e+00 -3.1347e+00 +7.0313e-01 +6.7020e-01 +1.2316e+00 -3.5165e-01
% function evaluation | noise-free fitness - Fopt (-4.715000000000e+01) | best noise-free fitness - Fopt | measured fitness | best measured fitness | x1 | x2...
1 +7.150989876e+05 +7.150989876e+05 +7.150518376e+05 +7.150518376e+05 +4.1250e-01 +4.0304e+00 +3.8056e+00 -1.0603e-01 -3.6643e+00 -3.5958e+00 -2.8712e+00 -2.5257e+00 +3.3877e+00 +9.9130e-01 -3.2221e+00 +1.1905e+00 +1.5552e+00 +2.6791e+00 -1.2979e+00 +3.2002e+00 -4.8894e+00 -8.4365e-01 +3.3737e+00 -4.1714e-01
2 +4.974094607e+05 +4.974094607e+05 +4.973623107e+05 +4.973623107e+05 -2.6445e+00 +2.1993e+00 -7.1275e-01 -2.9006e+00 +1.0984e+00 -6.7083e-01 +2.9991e+00 -2.4978e+00 -6.3350e-01 -4.3205e+00 -4.8315e-01 +2.1244e+00 +3.5371e+00 -6.5960e-01 -4.3265e+00 +4.3532e+00 -1.5712e+00 -8.1861e-01 +2.3814e+00 -1.1466e-01
14 +3.087679160e+05 +3.087679160e+05 +3.087207660e+05 +3.087207660e+05 +8.5018e-01 -2.1851e+00 +9.3073e-01 -1.2007e+00 -4.5793e+00 -1.4152e+00 -2.6216e+00 -4.1998e+00 +6.4878e-01 +3.6294e+00 +3.1110e+00 +2.1219e-01 +1.6893e+00 -4.5192e+00 +4.0565e+00 +8.6908e-01 +2.4939e+00 -7.0055e-01 +2.8761e+00 -1.4806e+00
19 +6.284573792e+04 +6.284573792e+04 +6.279858792e+04 +6.279858792e+04 -2.5791e+00 +7.7287e-01 -9.1728e-01 -3.3366e+00 -3.7790e-01 +2.8582e-02 +1.3278e+00 -3.3625e+00 -2.6336e+00 -1.9665e-01 +2.6451e+00 -2.4716e+00 -2.3008e+00 -3.6211e+00 -5.9648e-01 -4.0902e-01 -1.3279e+00 -2.4427e+00 -2.3833e+00 -1.4974e+00
180 +3.173707124e+04 +3.173707124e+04 +3.168992124e+04 +3.168992124e+04 +4.9548e-01 -1.8305e+00 -1.3726e+00 -5.0000e+00 -2.8838e+00 +3.4918e+00 -9.9331e-01 -2.4195e+00 -3.2613e+00 -2.4771e+00 +2.9568e+00 -4.1669e+00 +1.8423e-01 +0.0000e+00 +6.0770e-01 -5.0000e+00 -8.8414e-01 -3.3849e+00 -1.7210e-01 -2.4161e+00
577 +1.039164823e+04 +1.039164823e+04 +1.034449823e+04 +1.034449823e+04 +3.1359e-01 +9.6057e-02 -1.6764e+00 -4.2593e+00 -5.7134e-01 +1.5493e+00 -4.3467e+00 -1.1450e+00 -8.0866e-01 -2.3994e+00 +2.3071e+00 -3.8199e+00 +1.4748e+00 -5.0000e+00 +1.4540e+00 -5.0000e+00 -1.2254e+00 -3.3487e+00 -4.7382e-01 +1.7380e+00
2045 +9.184906892e+03 +9.184906892e+03 +9.137756892e+03 +9.137756892e+03 -2.0629e+00 -1.4471e-01 -2.9762e+00 -4.0402e+00 -8.9080e-01 +0.0000e+00 -6.8311e-01 +0.0000e+00 +0.0000e+00 -2.6026e+00 +1.9240e+00 -2.3391e+00 +2.2073e+00 -4.9959e+00 +1.5223e+00 -3.7500e+00 -1.1048e+00 -2.4558e+00 -8.1696e-01 +1.2545e+00
2059 +5.732243700e+03 +5.732243700e+03 +5.685093700e+03 +5.685093700e+03 -1.3608e+00 -1.1579e+00 -1.7799e+00 -3.9023e+00 -6.7587e-01 +5.8310e-02 -3.2998e+00 -1.8553e+00 -4.3149e-01 -4.0031e+00 +2.2724e+00 -2.9283e+00 +4.0441e-01 -5.0000e+00 +2.8093e+00 -4.0366e+00 -2.3510e+00 -3.1783e+00 +1.3997e-01 +3.4526e+00
3037 +3.880499391e+03 +3.880499391e+03 +3.833349391e+03 +3.833349391e+03 +9.5692e-02 -1.0719e+00 -9.5195e-01 -3.1504e+00 -6.4127e-01 -2.6494e-01 -3.4538e+00 -2.8474e+00 -9.8257e-01 -3.7378e+00 +1.7887e+00 -2.8438e+00 +2.7908e+00 -4.8079e+00 +2.8044e+00 -3.2704e+00 -2.2476e+00 -2.8471e+00 +1.0090e-01 +2.7344e+00
3845 +2.449371480e+03 +2.449371480e+03 +2.402221480e+03 +2.402221480e+03 -2.6914e+00 -7.7514e-01 -2.1303e+00 -3.3966e+00 -1.1813e+00 +1.0514e+00 -3.1518e+00 -1.6447e+00 -9.4435e-01 -2.8498e+00 +2.7149e+00 -2.1774e+00 +2.4273e+00 -4.8148e+00 +2.4945e+00 -3.3098e+00 -2.4830e+00 -4.2974e+00 +8.2131e-01 +3.2617e+00
5679 +1.472905349e+03 +1.472905349e+03 +1.425755349e+03 +1.425755349e+03 -8.4377e-02 -1.4254e+00 -1.5920e+00 -2.6745e+00 +4.5209e-01 +1.0129e+00 -2.5939e+00 -2.9052e+00 -1.5934e+00 -2.8696e+00 +4.9524e-01 -2.4409e+00 +1.1739e+00 -4.4958e+00 +2.4692e+00 -2.9802e+00 -3.6003e+00 -2.5000e+00 +4.5437e-01 +2.6743e+00
6021 +9.861929772e+02 +9.861929772e+02 +9.390429772e+02 +9.390429772e+02 -3.7618e-01 -1.2832e+00 -2.2272e+00 -3.4915e+00 +5.1593e-01 +1.2625e+00 -2.5468e+00 -2.5000e+00 -1.3386e+00 -2.8901e+00 +2.7796e+00 -2.8434e+00 +1.4883e+00 -4.3750e+00 +2.4699e+00 -2.8253e+00 -2.0551e+00 -2.5000e+00 +5.1210e-01 +1.1485e+00
7713 +5.983459266e+02 +5.983459266e+02 +5.511959266e+02 +5.511959266e+02 -4.6663e-01 -1.3696e+00 -2.1314e+00 -3.5427e+00 -1.7654e-01 +6.3474e-01 -2.8156e+00 -3.2871e+00 -1.9279e+00 -2.6824e+00 +1.6251e+00 -3.0272e+00 +1.5346e+00 -4.3750e+00 +2.2011e+00 -2.7767e+00 -1.6867e+00 -2.6421e+00 +1.5010e-01 +9.2506e-01
13765 +3.572063727e+02 +3.572063727e+02 +3.100563727e+02 +3.100563727e+02 -5.8770e-01 -1.3577e+00 -1.9352e+00 -3.2170e+00 -4.0460e-01 +6.6873e-01 -2.5238e+00 -2.6747e+00 -1.8739e+00 -2.8220e+00 +1.6402e+00 -2.5391e+00 +1.4348e+00 -1.8948e+00 +2.6410e+00 -2.5000e+00 -1.6126e+00 -2.7818e+00 +2.0266e-01 +1.2440e+00
13777 +2.323550149e+02 +2.323550149e+02 +1.852050149e+02 +1.852050149e+02 -5.9003e-01 -1.3978e+00 -1.9658e+00 -3.2663e+00 -3.8777e-01 +6.3287e-01 -2.5000e+00 -2.6942e+00 -1.8132e+00 -2.8271e+00 +1.7254e+00 -2.5612e+00 +1.5518e+00 -3.9903e+00 +2.5961e+00 -2.5000e+00 -1.6598e+00 -2.7687e+00 +2.0985e-01 +1.2413e+00
14299 +1.583734957e+02 +1.583734957e+02 +1.112234957e+02 +1.112234957e+02 -6.1529e-01 -1.2505e+00 -1.9340e+00 -3.2882e+00 -4.2567e-01 +7.0695e-01 -2.5268e+00 -2.5901e+00 -1.7520e+00 -2.8453e+00 +1.7409e+00 -2.5732e+00 +1.5865e+00 -2.9618e+00 +2.5000e+00 -2.5000e+00 -1.6676e+00 -2.8121e+00 +2.0880e-01 +1.2326e+00
18731 +9.945799313e+01 +9.945799313e+01 +5.230799313e+01 +5.230799313e+01 -5.8377e-01 -1.2501e+00 -1.8755e+00 -3.2031e+00 -3.5613e-01 +6.8641e-01 -2.5189e+00 -2.6758e+00 -1.8200e+00 -2.8125e+00 +1.7864e+00 -2.5781e+00 +1.6613e+00 -2.8008e+00 +2.5000e+00 -1.5611e+00 -1.6549e+00 -2.8125e+00 +2.1432e-01 +1.2305e+00
% function evaluation | noise-free fitness - Fopt (3.752000000000e+01) | best noise-free fitness - Fopt | measured fitness | best measured fitness | x1 | x2...
1 +1.199860194e+06 +1.199860194e+06 +1.199897714e+06 +1.199897714e+06 +2.3077e+00 -2.1848e+00 +2.6572e+00 +3.7841e+00 +3.2783e+00 +2.1025e+00 +1.1634e+00 -2.1156e+00 -3.4045e+00 +2.1271e+00 -3.5024e+00 +4.7570e+00 +3.6960e-02 -2.4814e-01 +4.3143e+00 +4.8506e+00 -4.8698e+00 +4.8318e+00 -4.8733e+00 -2.6639e+00
2 +6.715932685e+05 +6.715932685e+05 +6.716307885e+05 +6.716307885e+05 +5.9083e-01 -3.6750e+00 -8.0126e-01 +3.9971e+00 -4.1904e+00 -3.9954e+00 +2.2259e+00 +2.3059e+00 +8.9709e-01 +2.7885e+00 +1.2956e+00 -2.5193e+00 +3.4060e+00 +3.0911e+00 +1.9338e+00 +2.4128e+00 -2.3531e-01 +2.7431e+00 -6.7341e-01 +3.5705e+00
4 +4.148958349e+05 +4.148958349e+05 +4.149333549e+05 +4.149333549e+05 +5.8235e-01 +8.7236e-02 +2.5586e+00 -4.0784e+00 +8.1054e-04 -4.4888e+00 +1.4953e+00 -6.1406e-01 +2.5019e+00 +3.6435e+00 +1.0219e+00 -4.4033e+00 -3.7205e+00 +1.7378e+00 +1.5759e+00 -3.8417e+00 -2.8336e+00 -2.8096e+00 +3.4409e+00 -2.1743e-01
8 +2.737716535e+05 +2.737716535e+05 +2.738091735e+05 +2.738091735e+05 -3.4937e+00 +5.8820e-01 -9.9501e-01 -2.5630e+00 +1.9459e+00 -1.2618e+00 -3.4229e+00 +3.9154e+00 -4.0314e+00 +1.1769e+00 -4.4943e-01 -1.5700e+00 +1.3652e+00 +4.7243e+00 -4.4862e+00 +7.7341e-01 +2.4281e+00 -9.1729e-01 -1.2109e-01 -1.6771e+00
52 +2.483494106e+05 +2.483494106e+05 +2.483869306e+05 +2.483869306e+05 +1.3007e-01 -1.0157e+00 -9.1678e-01 -3.4154e+00 +3.4312e+00 -1.9454e+00 -2.0242e+00 +5.0000e+00 +9.6972e-01 -2.1135e-01 -3.1064e+00 -3.7729e-01 +1.6762e+00 +5.0000e+00 -5.0000e+00 +3.3169e+00 -4.4083e-01 +6.4776e-01 -1.6305e-01 -3.2533e+00
87 +1.560382572e+05 +1.560382572e+05 +1.560757772e+05 +1.560757772e+05 +4.8196e+00 -1.5471e+00 -1.9495e-01 +2.5330e+00 +8.5792e-01 +4.1127e+00 +0.0000e+00 +2.3220e+00 +0.0000e+00 -2.2820e+00 -7.1388e-01 +1.9976e+00 -5.0045e-01 +3.7680e+00 -7.4612e-01 -3.1314e+00 +2.5739e+00 +4.6662e-04 -2.9815e+00 -5.0000e+00
89 +9.585520908e+04 +9.585520908e+04 +9.589272908e+04 +9.589272908e+04 +1.9240e+00 -4.8805e+00 +2.1778e+00 +1.1235e+00 +2.6808e+00 +5.0000e+00 +0.0000e+00 +0.0000e+00 -9.1127e-01 -2.5867e+00 +6.6140e-01 +3.7626e-01 -6.3404e-01 +2.0382e+00 -2.0977e+00 -4.0308e+00 +0.0000e+00 -4.9744e+00 +1.8281e+00 -9.7906e-01
126 +6.101059423e+04 +6.101059423e+04 +6.104811423e+04 +6.104811423e+04 -8.3479e-01 -3.2317e+00 +9.4946e-01 +0.0000e+00 +2.0506e+00 +0.0000e+00 +1.5556e+00 +0.0000e+00 +0.0000e+00 -1.8487e+00 +0.0000e+00 -1.6532e+00 +9.1549e-01 -7.9041e-01 +0.0000e+00 -5.0000e+00 +1.2681e+00 -3.9973e+00 +1.4645e+00 -1.7828e+00
387 +3.783346660e+04 +3.783346660e+04 +3.787098660e+04 +3.787098660e+04 +3.8047e+00 +3.8238e-01 +2.2834e+00 -1.1999e+00 +2.7137e+00 +1.3557e+00 +4.9429e-01 +1.6953e-01 -3.6591e-01 -3.8271e+00 +1.0417e-01 -1.3475e+00 -8.1752e-01 +1.1655e+00 -9.4773e-01 -3.9862e+00 -2.0402e+00 -5.9290e-01 -1.3762e+00 -3.3127e+00
655 +1.615959728e+04 +1.615959728e+04 +1.619711728e+04 +1.619711728e+04 +3.8110e+00 -5.9111e-01 +5.0000e+00 -3.5658e-02 +2.8922e+00 -1.4510e-01 +1.3885e+00 -4.8744e-01 +1.4767e+00 -1.8119e+00 +2.5935e+00 -4.1552e-01 +0.0000e+00 +2.1636e+00 -2.2394e+00 -1.8708e+00 -2.9408e+00 -2.7300e+00 -2.3194e+00 -2.9526e+00
771 +1.580043956e+04 +1.580043956e+04 +1.583795956e+04 +1.583795956e+04 +3.7308e+00 -4.9563e-01 +3.3798e+00 -1.5933e+00 +2.3917e+00 +0.0000e+00 +1.1521e+00 +3.8666e-01 +2.9865e+00 -2.4626e-01 +2.1533e+00 -1.4513e-01 +3.5182e+00 +0.0000e+00 -2.2946e+00 -1.3404e+00 -4.1965e+00 -2.5754e+00 -1.7327e+00 -3.0317e+00
1760 +6.787520229e+03 +6.787520229e+03 +6.825040229e+03 +6.825040229e+03 +7.7336e-01 -4.6436e+00 +2.1296e+00 -3.9492e+00 +1.6804e+00 +1.2346e+00 +1.8524e+00 +0.0000e+00 +1.1254e+00 -8.9224e-01 +8.1637e-01 -3.4394e-01 +1.1670e+00 +2.7619e+00 -3.8983e-01 -3.0216e-01 -5.3140e-01 -1.0761e+00 -9.3593e-01 +1.6219e-01
2394 +3.672468926e+03 +3.672468926e+03 +3.709988926e+03 +3.709988926e+03 +5.2756e-01 -2.8154e+00 +1.4790e+00 -2.5944e+00 +3.4315e+00 +4.5485e-01 +9.6524e-01 +1.7678e+00 +3.4774e-01 -1.0737e+00 +7.2320e-01 +0.0000e+00 -6.2158e-01 +2.6152e+00 -2.2307e+00 -8.9849e-01 +0.0000e+00 -1.8148e+00 -1.6158e+00 +3.1937e+00
2678 +2.509690643e+03 +2.509690643e+03 +2.547210643e+03 +2.547210643e+03 +2.5154e+00 -2.6128e+00 +2.6427e+00 -2.7257e+00 +1.9660e+00 -5.6718e-01 +0.0000e+00 +2.2236e+00 +1.2125e+00 -1.2831e+00 +1.4704e+00 +1.5814e+00 +2.5453e+00 +2.4402e+00 -1.8746e+00 -1.6084e+00 -1.1157e+00 -2.5000e+00 -1.8161e+00 +3.2784e+00
3154 +1.517163971e+03 +1.517163971e+03 +1.554683971e+03 +1.554683971e+03 +1.2717e+00 -1.8654e+00 +1.6648e+00 -3.5531e+00 +2.0695e+00 +1.3366e-01 +0.0000e+00 +2.8794e+00 +1.7482e+00 -1.0120e+00 +1.6702e+00 -9.3396e-01 +2.5000e+00 +2.3748e+00 -2.1244e+00 -1.8833e+00 -1.8955e+00 -2.9491e+00 -1.7148e+00 +1.5219e+00
4452 +6.806616708e+02 +6.806616708e+02 +7.181816708e+02 +7.181816708e+02 +1.2500e+00 -2.5673e+00 +1.9989e+00 -3.0093e+00 +2.4537e+00 +8.7510e-01 +0.0000e+00 +3.0782e+00 +1.5044e+00 -1.5385e+00 +1.6061e+00 +6.8077e-02 +0.0000e+00 +2.1725e+00 -1.8432e+00 -1.7376e+00 -1.2125e+00 -2.4238e+00 -1.5809e+00 +1.9242e+00
5839 +5.374952327e+02 +5.374952327e+02 +5.750152327e+02 +5.750152327e+02 +7.0002e-01 -2.8070e+00 +1.9292e+00 -2.6135e+00 +2.0011e+00 +8.6048e-01 +0.0000e+00 +2.9973e+00 +2.1265e+00 -1.5152e+00 +2.2278e+00 +1.3319e-01 +4.2017e-01 +1.6410e+00 -1.4729e+00 -1.9077e+00 -2.1826e+00 -2.6073e+00 -1.2714e+00 +3.2834e+00
6723 +3.945241836e+02 +3.945241836e+02 +4.320441836e+02 +4.320441836e+02 +8.8327e-01 -2.2208e+00 +2.4036e+00 -2.4076e+00 +1.7937e+00 +1.0935e+00 +5.3912e-04 +2.9684e+00 +2.0182e+00 -1.2140e+00 +2.3339e+00 +1.4106e-01 +1.2202e+00 +1.4543e+00 -2.1027e+00 -1.7299e+00 -1.5024e+00 -2.9634e+00 -1.2568e+00 +2.5258e+00
14805 +1.826992288e+02 +1.826992288e+02 +2.202192288e+02 +2.202192288e+02 +6.4996e-01 -2.2465e+00 +2.4285e+00 -2.1913e+00 +2.0887e+00 +9.0965e-01 +1.1153e+00 +2.9365e+00 +2.1875e+00 -5.9108e-01 +2.5000e+00 +4.5907e-01 +1.2500e+00 +1.5625e+00 -1.7063e+00 -1.8732e+00 -1.5114e+00 -2.5011e+00 -1.3281e+00 +2.3885e+00
14811 +1.503880878e+02 +1.503880878e+02 +1.879080878e+02 +1.879080878e+02 +6.3855e-01 -2.2382e+00 +2.4070e+00 -2.1603e+00 +2.0989e+00 +9.2016e-01 +2.1247e+00 +2.9286e+00 +2.1864e+00 -6.0788e-01 +2.5000e+00 +4.0342e-01 +1.2500e+00 +1.5625e+00 -1.7188e+00 -1.8707e+00 -1.5223e+00 -2.5011e+00 -1.3281e+00 +2.3755e+00
23071 +9.999890959e+01 +9.999890959e+01 +1.375189096e+02 +1.375189096e+02 +6.2697e-01 -2.2070e+00 +2.4738e+00 -2.1116e+00 +2.5721e+00 +1.6277e+00 +2.1125e+00 +2.6789e+00 +2.0968e+00 -6.2460e-01 +2.5267e+00 +4.7587e-01 +1.2274e+00 +1.5477e+00 -1.7164e+00 -2.0311e+00 -1.5332e+00 -2.7449e+00 -1.6280e+00 +2.3866e+00
28718 +6.276857720e+01 +6.276857720e+01 +1.002885772e+02 +1.002885772e+02 +6.2416e-01 -2.2081e+00 +2.7208e+00 -1.8217e+00 +2.6563e+00 +1.6797e+00 +2.1289e+00 +2.6953e+00 +2.0940e+00 -6.2500e-01 +2.5023e+00 +4.8341e-01 +1.2500e+00 +1.5577e+00 -1.7170e+00 -2.1875e+00 -2.0194e+00 -2.8125e+00 -1.5820e+00 +2.1301e+00
31391 +3.974503635e+01 +3.974503635e+01 +7.726503635e+01 +7.726503635e+01 +6.2430e-01 -2.1875e+00 +2.6845e+00 -1.7261e+00 +2.6563e+00 +1.6797e+00 +2.1651e+00 +2.7132e+00 +2.0944e+00 -6.6457e-01 +2.4788e+00 +4.7322e-01 +1.2500e+00 +1.5529e+00 -1.7321e+00 -2.1875e+00 -2.0304e+00 -3.0859e+00 -1.9043e+00 +2.0380e+00
33166 +2.467703871e+01 +2.467703871e+01 +6.219703871e+01 +6.219703871e+01 +6.2351e-01 -2.1875e+00 +2.7261e+00 -1.6047e+00 +2.9117e+00 +1.8494e+00 +2.1925e+00 +2.7161e+00 +2.0984e+00 -6.2513e-01 +2.4876e+00 +4.5633e-01 +1.2500e+00 +1.5569e+00 -1.7707e+00 -2.1961e+00 -2.0281e+00 -3.1591e+00 -2.0000e+00 +2.0314e+00
37741 +1.582086433e+01 +1.582086433e+01 +5.334086433e+01 +5.334086433e+01 +5.5724e-01 -2.0707e+00 +2.7731e+00 -1.5625e+00 +2.9420e+00 +1.8697e+00 +2.2411e+00 +2.7727e+00 +2.1245e+00 -6.2509e-01 +2.4915e+00 +4.6531e-01 +1.2649e+00 +1.5241e+00 -1.7436e+00 -2.2158e+00 -2.0450e+00 -3.1555e+00 -1.9619e+00 +2.0013e+00
39662 +9.540328891e+00 +9.540328891e+00 +4.706032889e+01 +4.706032889e+01 +2.4573e+00 -2.0324e+00 +2.8408e+00 -1.5183e+00 +2.9406e+00 +1.8693e+00 +2.2428e+00 +2.7691e+00 +2.1299e+00 -6.6140e-01 +2.4928e+00 +4.6486e-01 +1.2667e+00 +1.5608e+00 -1.7428e+00 -2.2201e+00 -2.0349e+00 -3.1572e+00 -1.9610e+00 +1.9891e+00
% function evaluation | noise-free fitness - Fopt (-4.257500000000e+02) | best noise-free fitness - Fopt | measured fitness | best measured fitness | x1 | x2...
1 +1.068195821e+06 +1.068195821e+06 +1.067770071e+06 +1.067770071e+06 +2.0175e+00 -1.1420e+00 +2.6613e+00 +4.3730e+00 -3.4390e+00 +4.4000e+00 +1.6683e-01 -2.4149e+00 -3.7119e+00 -1.4273e+00 -1.8144e+00 -4.2522e+00 +6.6420e-01 +1.1563e+00 +3.7679e+00 +2.1093e+00 -3.1886e+00 +3.9769e+00 +4.8542e+00 +1.3122e+00
2 +9.190352750e+05 +9.190352750e+05 +9.186095250e+05 +9.186095250e+05 +4.8530e+00 -9.8279e-01 +8.0513e-02 +1.9575e-01 +1.0350e+00 +9.9320e-01 -5.2593e-02 +4.6019e+00 -3.7026e+00 -4.6077e+00 -1.8845e+00 -3.0123e+00 +2.4984e+00 -2.1681e+00 +3.4607e-01 -1.2142e+00 -9.5290e-01 -3.6774e+00 -1.8495e+00 -3.7153e+00
3 +5.938988504e+05 +5.938988504e+05 +5.934731004e+05 +5.934731004e+05 +1.4051e+00 -4.7212e+00 +2.2985e+00 +2.9063e+00 +4.4972e+00 +2.4043e+00 +9.9376e-01 -3.9083e+00 +3.1123e+00 +1.6957e+00 -1.9720e+00 -1.2327e-01 -3.9016e+00 -6.1682e-01 +1.7982e-01 +3.0848e+00 -3.9757e+00 +7.3178e-02 -3.7948e+00 +5.4872e-01
14 +2.883891852e+05 +2.883891852e+05 +2.879634352e+05 +2.879634352e+05 +1.0479e+00 -5.7028e-01 -2.3000e+00 -3.4472e+00 +2.5051e+00 -4.2700e-01 +3.7140e+00 -1.1714e+00 +3.3894e+00 -3.3240e+00 +1.9229e-01 +1.5253e+00 +2.0772e+00 +1.8284e+00 -2.6014e+00 -4.7791e+00 -3.5984e+00 -2.3998e+00 +1.1655e+00 -8.9099e-01
27 +1.961667653e+05 +1.961667653e+05 +1.957410153e+05 +1.957410153e+05 -3.3735e+00 +1.5863e+00 -3.2880e-01 -2.7125e+00 +1.9548e-01 -2.3933e+00 -4.1842e+00 -1.9026e+00 -1.8310e+00 -4.1837e+00 +4.1561e+00 +2.8223e+00 -1.7634e+00 +4.0828e+00 +1.1702e+00 +4.1413e+00 -5.2878e-01 -2.7571e-01 +3.1555e-01 +2.5759e+00
60 +1.102824794e+05 +1.102824794e+05 +1.098567294e+05 +1.098567294e+05 -3.2036e+00 +1.0582e+00 -3.4390e+00 -4.4219e-01 +3.4938e+00 -5.0000e+00 -4.2219e+00 -4.0121e+00 -2.1617e+00 -5.0000e+00 +9.5940e-01 +1.0036e+00 +5.2715e-01 +1.2200e+00 +3.2826e+00 +2.7879e+00 -4.3709e+00 +3.4691e-01 -1.6281e+00 +1.8271e+00
64 +5.416299904e+04 +5.416299904e+04 +5.373724904e+04 +5.373724904e+04 -1.2736e+00 +5.0000e+00 -1.3154e-01 -4.7213e+00 +2.3256e+00 -2.6066e+00 -3.5494e-01 -4.6119e+00 -1.5604e+00 -4.3181e+00 +2.2816e+00 -9.7792e-01 -2.5187e+00 -2.4707e+00 +1.6077e+00 +3.5907e+00 -6.9687e-01 -2.3344e+00 -2.1436e+00 +4.9092e-01
140 +3.786883227e+04 +3.786883227e+04 +3.744308227e+04 +3.744308227e+04 +0.0000e+00 +0.0000e+00 -1.1187e+00 -3.8923e+00 +2.3925e+00 -1.9691e+00 +0.0000e+00 -3.6603e+00 +0.0000e+00 -3.9904e+00 +0.0000e+00 -1.2664e+00 -1.9582e+00 -4.5356e-01 +0.0000e+00 +4.8044e-01 -2.6474e+00 -1.2906e-01 -2.3995e+00 +9.3198e-01
551 +1.624125975e+04 +1.624125975e+04 +1.581550975e+04 +1.581550975e+04 +0.0000e+00 +3.8973e+00 -1.8357e+00 +0.0000e+00 +2.0262e+00 -4.8618e+00 +0.0000e+00 -5.0000e+00 -1.8946e+00 -3.2019e+00 -4.6219e-01 -1.3808e+00 +1.7345e+00 +0.0000e+00 +1.3217e+00 +0.0000e+00 -5.0000e+00 -4.4401e+00 -2.0109e+00 -1.5037e+00
674 +1.265450243e+04 +1.265450243e+04 +1.222875243e+04 +1.222875243e+04 +6.8782e-02 +4.0128e+00 -1.2432e+00 -1.5509e+00 +3.1887e+00 -3.4259e+00 +7.7393e-01 -2.2562e+00 -1.9053e+00 -2.7544e+00 +4.6446e-01 -3.9825e+00 +2.1675e+00 -1.6718e+00 -4.8170e-02 +4.6109e-01 -4.9747e+00 -4.6027e+00 -2.0389e+00 -1.6807e+00
726 +9.114298759e+03 +9.114298759e+03 +8.688548759e+03 +8.688548759e+03 -2.6764e+00 +1.8730e+00 -1.6231e+00 -2.0921e+00 +2.3963e+00 -1.7258e+00 +1.3588e+00 -4.3353e+00 -9.7652e-01 -2.6850e+00 -8.0165e-01 -1.5782e+00 +0.0000e+00 -1.8888e+00 +8.1126e-01 +8.8045e-01 -4.9604e+00 -4.4905e+00 -2.6221e+00 -2.4873e-01
1423 +6.290479091e+03 +6.290479091e+03 +5.864729091e+03 +5.864729091e+03 -2.4976e+00 +1.0074e+00 -2.5000e+00 -1.9248e+00 +2.5699e+00 -1.4192e+00 +8.2258e-01 -4.2683e+00 -9.0187e-01 -2.3701e+00 +9.1453e-01 -6.3179e-01 +3.9557e-01 -1.3523e+00 -1.4574e+00 -4.1400e-01 -4.9077e+00 -2.3443e+00 -1.3785e+00 -2.4344e+00
2072 +3.543251347e+03 +3.543251347e+03 +3.117501347e+03 +3.117501347e+03 -2.8749e+00 +1.6832e+00 -3.3697e+00 -2.7112e+00 +1.4145e+00 -1.5800e+00 +5.4765e-01 -3.0716e+00 -2.5095e+00 -2.1234e+00 -1.3159e+00 -2.7906e+00 +1.4178e+00 +1.3852e+00 -1.8238e+00 +9.2100e-01 -4.3624e+00 -3.2969e+00 -1.7257e+00 -1.0859e-01
2963 +2.439587830e+03 +2.439587830e+03 +2.013837830e+03 +2.013837830e+03 -2.4251e+00 +3.4351e+00 -2.6589e+00 -1.4178e+00 +1.1982e+00 -4.0067e+00 +3.6375e-01 -3.7500e+00 -1.5473e+00 -9.4249e-01 +4.3502e-01 -1.7254e+00 -3.9690e-01 +0.0000e+00 +1.0067e-01 +1.5695e+00 -4.3361e+00 -2.2190e+00 -9.5089e-01 +9.4920e-01
5623 +1.050799081e+03 +1.050799081e+03 +6.250490806e+02 +6.250490806e+02 -2.9413e+00 +1.8600e+00 -2.7220e+00 -2.9774e+00 +1.3287e+00 -2.9847e+00 -6.6645e-01 -4.7604e+00 -1.1700e+00 -9.6696e-01 -4.4419e-01 -2.5000e+00 +9.5847e-01 -1.2369e+00 +4.2392e-01 +9.9168e-01 -3.7500e+00 -3.0567e+00 -9.6070e-01 +0.0000e+00
6789 +7.636422076e+02 +7.636422076e+02 +3.378922076e+02 +3.378922076e+02 -3.1577e+00 +1.9488e+00 -2.3623e+00 -2.6149e+00 +1.9832e+00 -3.6696e+00 -3.4407e-01 -3.4287e+00 -2.1577e+00 -1.6135e+00 -5.0250e-01 -2.5000e+00 +8.4127e-01 -1.3347e+00 +1.7002e-01 +1.6744e+00 -3.7500e+00 -2.7071e+00 -1.1541e+00 +1.3182e+00
7349 +5.997066709e+02 +5.997066709e+02 +1.739566709e+02 +1.739566709e+02 -3.1478e+00 +1.9717e+00 -2.2996e+00 -2.2699e+00 +1.8533e+00 -3.6241e+00 -3.8627e-01 -3.4785e+00 -1.8633e+00 -1.7444e+00 -5.4733e-01 -2.5000e+00 +8.7142e-01 -1.4401e+00 +1.9633e-01 +1.1673e+00 -3.7500e+00 -2.6635e+00 -1.1021e+00 +1.0089e+00
8309 +3.935488596e+02 +3.935488596e+02 -3.220114042e+01 -3.220114042e+01 -3.2960e+00 +2.2638e+00 -2.9991e+00 -2.4109e+00 +1.7324e+00 -2.9300e+00 -3.6841e-01 -3.6639e+00 -1.7597e+00 -1.8228e+00 -7.2336e-01 -2.3488e+00 +8.3469e-01 -1.1988e+00 -1.5466e-02 +1.2507e+00 -3.7500e+00 -3.3567e+00 -1.1077e+00 +7.0768e-01
9170 +2.483998630e+02 +2.483998630e+02 -1.773501370e+02 -1.773501370e+02 -2.2026e+00 +1.9855e+00 -3.3104e+00 -2.0317e+00 +1.7929e+00 -2.8226e+00 +6.4396e-01 -3.6417e+00 -2.1306e+00 -2.1622e+00 -1.2038e+00 -2.2243e+00 +1.0001e+00 -1.1082e+00 -3.0658e-01 +8.6932e-01 -3.7500e+00 -3.0815e+00 -1.1169e+00 +6.0644e-01
10498 +1.266622157e+02 +1.266622157e+02 -2.990877843e+02 -2.990877843e+02 -2.1023e+00 +2.1331e+00 -2.6825e+00 -2.1474e+00 +1.2500e+00 -2.9919e+00 +3.0055e-01 -3.4365e+00 -2.0963e+00 -2.0409e+00 -8.1651e-01 -2.2008e+00 +1.1425e+00 -2.4511e-01 -7.0914e-01 +8.9037e-01 -3.7500e+00 -2.9969e+00 -9.3750e-01 +6.4043e-01
11481 +9.955503672e+01 +9.955503672e+01 -3.261949633e+02 -3.261949633e+02 -1.9593e+00 +2.1042e+00 -2.3331e+00 -2.3972e+00 +1.4114e+00 -3.0259e+00 +3.5033e-01 -3.4068e+00 -2.1736e+00 -1.9890e+00 -9.4730e-01 -2.2062e+00 +9.5950e-01 -2.8002e-01 -1.1577e+00 +7.2670e-01 -3.7502e+00 -2.7544e+00 -6.2500e-01 +5.2053e-01
12685 +6.237244259e+01 +6.237244259e+01 -3.633775574e+02 -3.633775574e+02 -2.0091e+00 +1.9537e+00 -2.7666e+00 -2.4728e+00 +1.2500e+00 -3.1168e+00 +3.4089e-01 -3.7218e+00 -2.4067e+00 -2.1507e+00 -7.1855e-01 -2.1540e+00 +9.2870e-01 -4.1690e-01 -1.1454e+00 +7.6082e-01 -3.7500e+00 -2.9461e+00 -6.3964e-01 +1.7838e-01
16121 +3.041746328e+01 +3.041746328e+01 -3.953325367e+02 -3.953325367e+02 -1.9360e+00 +2.0261e+00 -2.6786e+00 -2.5000e+00 +1.2711e+00 -3.1205e+00 +8.2416e-02 -3.7500e+00 -2.4999e+00 -2.1445e+00 -7.9410e-01 -2.1160e+00 +9.1775e-01 -3.7652e-01 -9.9785e-01 +7.0829e-01 -3.0202e+00 -2.9373e+00 -6.2500e-01 +3.6281e-01
19375 +2.289099938e+01 +2.289099938e+01 -4.028590006e+02 -4.028590006e+02 -1.9333e+00 +2.0313e+00 -2.6513e+00 -2.5000e+00 +1.2798e+00 -3.1247e+00 +9.6725e-02 -3.8844e+00 -2.4952e+00 -2.1484e+00 -7.9660e-01 -2.1248e+00 +9.2948e-01 -3.6826e-01 -9.9054e-01 +7.0313e-01 -3.2366e+00 -2.9688e+00 -5.6259e-01 +3.6694e-01
% function evaluation | noise-free fitness - Fopt (-2.209000000000e+02) | best noise-free fitness - Fopt | measured fitness | best measured fitness | x1 | x2...
1 +5.571918097e+05 +5.571918097e+05 +5.569709097e+05 +5.569709097e+05 +4.8915e+00 -4.2042e+00 +6.9402e-01 -4.0750e+00 -9.4247e-01 -2.8904e+00 +4.8024e+00 +1.2725e+00 -2.4516e+00 -4.8554e-03 +1.7116e+00 -7.6239e-02 -4.3402e+00 -1.6236e+00 -4.1227e+00 -3.4473e+00 +6.2620e-01 -2.7539e+00 -2.4642e+00 +7.4563e-01
6 +2.654992037e+05 +2.654992037e+05 +2.652783037e+05 +2.652783037e+05 -1.4239e+00 -6.2708e-01 -4.4596e+00 -2.0935e+00 -3.5629e+00 -4.8708e+00 +7.5539e-01 +1.0799e+00 +2.7894e+00 +6.4689e-01 +7.5131e-01 -1.6321e+00 -4.0030e+00 +3.1175e+00 -4.2224e+00 -1.2039e+00 +3.3503e+00 +3.4296e+00 -1.8461e+00 -1.7819e+00
20 +2.188868753e+05 +2.188868753e+05 +2.186659753e+05 +2.186659753e+05 -3.1802e+00 -2.2238e+00 -3.0311e-01 +2.4424e+00 -4.6179e+00 +3.6128e+00 -3.6279e+00 +1.8208e+00 +2.2197e+00 +3.5829e-01 +3.1696e+00 +3.4244e+00 +1.7936e+00 -2.7841e+00 -2.3436e+00 -1.8695e-01 -1.1503e+00 +2.8274e+00 -1.2581e+00 +2.7135e+00
45 +9.490940725e+04 +9.490940725e+04 +9.468850725e+04 +9.468850725e+04 -1.3646e+00 -8.0522e-01 -6.0524e-02 -5.6866e-01 +9.0239e-01 -3.9596e-01 -4.6679e+00 -3.7077e-01 +1.7186e+00 -4.0236e+00 -1.1997e+00 +1.9946e+00 -1.7867e+00 -5.3673e-01 +3.5765e-01 -2.0441e-01 +3.6712e+00 -2.0749e+00 +2.3982e+00 -5.0000e+00
145 +5.872079439e+04 +5.872079439e+04 +5.849989439e+04 +5.849989439e+04 -1.3839e+00 -2.5505e+00 -1.8511e+00 +6.0256e-01 +7.7953e-01 -5.5871e-01 -5.0000e+00 -7.2529e-01 +2.1473e+00 +0.0000e+00 +1.0747e-01 -4.4833e+00 -4.4092e+00 -7.4690e-01 -2.6389e+00 +1.4722e+00 +3.5923e+00 +1.6865e+00 +1.8645e+00 +0.0000e+00
147 +3.129336824e+04 +3.129336824e+04 +3.107246824e+04 +3.107246824e+04 -3.5260e+00 +0.0000e+00 -4.4615e+00 +1.0586e+00 -9.7511e-01 -3.6011e-01 -1.4440e+00 +4.4753e+00 +0.0000e+00 -2.4311e+00 -1.0835e+00 -2.9305e+00 -7.0203e-01 -2.7678e+00 +9.9318e-01 +0.0000e+00 +2.2140e+00 +6.2373e-01 +0.0000e+00 -2.6006e+00
242 +2.507563135e+04 +2.507563135e+04 +2.485473135e+04 +2.485473135e+04 +0.0000e+00 -7.3725e-01 +3.2259e-01 +2.7309e+00 -1.9553e+00 +2.2497e+00 -9.1032e-01 +2.5410e+00 +0.0000e+00 -4.8414e-01 +3.7925e-01 -5.0000e+00 -8.8054e-01 -6.9233e-02 -6.5376e-01 -6.6225e-01 -6.3577e-02 -1.9779e+00 -3.2975e+00 +0.0000e+00
368 +1.378648248e+04 +1.378648248e+04 +1.356558248e+04 +1.356558248e+04 +2.6809e-01 +1.4481e-01 -1.8794e+00 +0.0000e+00 +1.4020e+00 +2.5333e+00 -2.4490e+00 +4.7260e-01 -3.9910e-01 -1.6778e+00 +4.9951e-01 -4.5218e+00 +1.0408e-01 +1.5765e-01 +9.3790e-01 +0.0000e+00 +8.9346e-01 +0.0000e+00 -4.0560e+00 +2.6985e+00
1332 +9.326871128e+03 +9.326871128e+03 +9.105971128e+03 +9.105971128e+03 +0.0000e+00 -3.1558e+00 -1.0958e+00 -9.6994e-01 +3.8801e-01 -4.1186e-01 -1.7834e+00 +8.9023e-01 +1.2101e+00 -2.4303e+00 -2.4121e-01 -2.5000e+00 -3.2233e-02 -3.0654e-01 +7.0997e-01 -1.3310e-01 +1.3422e+00 -9.7583e-01 -2.5000e+00 +1.8898e+00
1906 +6.028650312e+03 +6.028650312e+03 +5.807750312e+03 +5.807750312e+03 +5.8891e-01 +1.1042e-01 -4.1663e-01 +1.0330e+00 +1.1856e+00 +1.7942e-01 -6.0050e-01 +2.3621e+00 +0.0000e+00 -1.9304e+00 -7.2777e-01 -2.5000e+00 -8.5489e-01 -1.1076e-01 +0.0000e+00 -5.7122e-01 +1.5214e+00 -2.2431e+00 -1.0918e+00 -2.6737e+00
3471 +3.830436904e+03 +3.830436904e+03 +3.609536904e+03 +3.609536904e+03 -1.8864e+00 -1.6705e+00 -2.4190e+00 -1.0992e-01 -4.4585e-01 +4.9086e-02 -2.5000e+00 +1.0796e+00 +2.5367e+00 -2.7976e+00 -1.5071e+00 -5.4485e-01 -2.2349e+00 -7.7583e-01 +0.0000e+00 -2.9019e-01 +2.8672e+00 +1.0305e+00 -1.0251e+00 -7.9419e-01
5572 +2.241613867e+03 +2.241613867e+03 +2.020713867e+03 +2.020713867e+03 -2.1971e+00 -8.4467e-01 -1.7199e+00 +1.4793e+00 +3.7346e-02 +2.0320e+00 -2.4614e+00 +2.7486e+00 +1.2671e+00 -2.1742e+00 -1.2180e+00 -1.9028e+00 -1.8187e+00 +1.5429e+00 +1.1491e+00 +6.2784e-01 +0.0000e+00 -2.1376e-01 -5.9703e-01 -7.1853e-01
6131 +1.279853581e+03 +1.279853581e+03 +1.058953581e+03 +1.058953581e+03 -1.6843e+00 -2.0921e+00 -2.3044e+00 +1.1047e+00 +1.5079e+00 +2.2401e+00 -2.4044e+00 +2.3599e+00 +2.7931e+00 -3.1011e+00 -4.9743e-01 -1.8523e+00 -1.8906e+00 +7.3575e-01 -1.4234e+00 +6.8856e-01 +2.4641e+00 +5.7853e-01 -4.4163e-01 +3.0297e-01
7387 +8.349330502e+02 +8.349330502e+02 +6.140330502e+02 +6.140330502e+02 -1.3029e+00 -8.8398e-01 -1.8360e+00 +1.0571e+00 +6.5511e-01 +1.1679e+00 -2.4531e+00 +2.2807e+00 +1.6362e+00 -2.9609e+00 -7.7786e-02 -2.5787e+00 -2.3840e+00 +6.7663e-01 -6.9442e-01 -2.3036e-01 +0.0000e+00 -1.5593e+00 -8.4856e-01 -1.1817e+00
8602 +5.584681358e+02 +5.584681358e+02 +3.375681358e+02 +3.375681358e+02 -1.6281e+00 -1.3528e+00 -2.3079e+00 +4.2019e-01 +6.9411e-01 +4.2766e-01 -2.1591e+00 +2.2120e+00 +2.7664e+00 -2.1522e+00 -4.0138e-01 -1.2066e+00 -2.4996e+00 +1.7478e-01 -1.1927e+00 +2.5470e-02 +6.1307e-01 -1.3038e+00 -1.0171e+00 +6.4693e-01
8644 +3.928751059e+02 +3.928751059e+02 +1.719751059e+02 +1.719751059e+02 -1.2831e+00 -1.3407e+00 -2.3863e+00 +6.3265e-01 +5.3095e-01 +4.0692e-01 -2.2316e+00 +2.3850e+00 +2.7400e+00 -2.0998e+00 -3.1839e-01 -1.1909e+00 -2.4340e+00 +2.1061e-01 +2.3972e-01 +2.9093e-03 +9.7413e-01 -1.7306e+00 -1.4113e+00 +0.0000e+00
10148 +2.378368679e+02 +2.378368679e+02 +1.693686792e+01 +1.693686792e+01 -1.1396e+00 -1.6586e+00 -2.1112e+00 +1.1931e+00 +1.7160e-01 +1.1598e+00 -2.1254e+00 +2.1856e+00 +1.4744e+00 -2.4332e+00 +2.9287e-01 -1.2632e+00 -1.7771e+00 +1.0926e+00 +1.6816e-01 -1.9584e-01 +1.2216e+00 -1.4222e+00 -1.0285e+00 +2.2394e-01
12108 +1.547427438e+02 +1.547427438e+02 -6.615725624e+01 -6.615725624e+01 -1.8975e+00 -5.7091e-01 -2.0175e+00 +1.0218e+00 +3.1924e-01 +1.1447e+00 -2.1154e+00 +2.1263e+00 +2.2813e+00 -2.1651e+00 +5.4870e-01 -1.0445e+00 -1.9167e+00 +5.6778e-01 -1.8734e-01 -7.1833e-01 +1.6239e+00 -4.8910e-01 -1.0828e+00 -1.1574e-01
13475 +9.824242650e+01 +9.824242650e+01 -1.226575735e+02 -1.226575735e+02 -1.9720e+00 -6.4099e-01 -2.0588e+00 +8.4390e-01 +2.8705e-01 +9.5935e-01 -1.9658e+00 +1.7520e+00 +2.1387e+00 -2.4124e+00 +1.4547e-01 -1.7086e+00 -1.8905e+00 +5.6979e-01 -5.3068e-01 -5.4492e-01 +1.0951e+00 -8.8147e-01 -1.3501e+00 -6.3285e-01
14095 +5.462897976e+01 +5.462897976e+01 -1.662710202e+02 -1.662710202e+02 -1.7528e+00 -7.1884e-01 -2.2342e+00 +8.4292e-01 +5.0493e-01 +7.5628e-01 -2.0228e+00 +1.8068e+00 +2.0432e+00 -2.7316e+00 -4.0768e-01 -1.9836e+00 -2.1327e+00 +6.2500e-01 -4.2012e-01 -6.2840e-01 +9.4201e-01 -7.8249e-01 -1.5234e+00 -5.6844e-01
14457 +3.049521773e+01 +3.049521773e+01 -1.904047823e+02 -1.904047823e+02 -1.7025e+00 -8.4286e-01 -2.3601e+00 +9.2134e-01 +4.6431e-01 +9.0170e-01 -2.0410e+00 +1.6731e+00 +1.9587e+00 -2.9002e+00 -2.2583e-01 -1.8693e+00 -2.2200e+00 +5.3235e-01 -5.6583e-01 -4.2711e-01 +1.1367e+00 -8.8514e-01 -1.5827e+00 -5.3372e-01
15614 +2.500898439e+01 +2.500898439e+01 -1.958910156e+02 -1.958910156e+02 -1.7015e+00 -8.9465e-01 -2.3971e+00 +8.9433e-01 +4.4382e-01 +1.0065e+00 -2.0043e+00 +1.7758e+00 +1.9532e+00 -2.9472e+00 -2.7820e-01 -1.7605e+00 -2.3180e+00 +3.3622e-01 -3.9683e-01 -4.0838e-01 +1.1018e+00 -1.0537e+00 -1.6461e+00 -6.2881e-01
% function evaluation | noise-free fitness - Fopt (-3.594800000000e+02) | best noise-free fitness - Fopt | measured fitness | best measured fitness | x1 | x2...
1 +7.200783897e+05 +7.200783897e+05 +7.197189097e+05 +7.197189097e+05 -3.3214e+00 -1.9571e+00 -1.8477e+00 +2.1028e+00 -1.8541e+00 +3.3099e+00 -4.4496e+00 +1.8341e+00 +1.3332e+00 -3.8135e-01 -2.5426e+00 +3.2019e+00 -4.3904e+00 +1.8097e+00 +4.7753e+00 -3.7278e+00 +2.6130e+00 -3.1411e+00 -1.8913e+00 -3.0469e+00
5 +4.608268601e+05 +4.608268601e+05 +4.604673801e+05 +4.604673801e+05 -4.5063e+00 -3.0617e+00 +2.1777e+00 +4.1543e+00 +3.2194e+00 +4.0733e+00 -3.7926e+00 -1.9335e+00 +3.0420e+00 +3.2642e+00 +4.1395e+00 +4.3571e+00 +5.7697e-01 -7.2372e-01 -4.8014e+00 +6.3335e-01 -3.4197e+00 -1.1136e+00 -4.2078e+00 +1.2561e+00
10 +3.941637948e+05 +3.941637948e+05 +3.938043148e+05 +3.938043148e+05 -1.8943e+00 +2.0175e+00 +2.7955e+00 +4.6433e+00 +6.2491e-02 +2.7402e+00 +1.6787e+00 -1.1351e-01 +2.5019e+00 -1.4979e-01 +2.2778e+00 -3.7091e+00 +4.2818e+00 -1.6572e+00 -5.2396e-01 +9.4815e-01 +1.8630e+00 +3.0971e+00 -2.4309e+00 +2.5197e+00
38 +2.304311888e+05 +2.304311888e+05 +2.300717088e+05 +2.300717088e+05 +1.7051e+00 -4.7831e-01 -3.3575e+00 -4.2609e-01 +1.2494e+00 -9.4611e-01 +1.7755e+00 +3.5642e+00 +1.4165e+00 -3.0640e+00 -4.6800e+00 -2.6864e+00 +6.3863e-01 -1.1043e+00 -2.4012e+00 -1.5433e+00 +1.6918e+00 -8.7061e-01 -3.8364e+00 +3.2862e+00
45 +1.065753564e+05 +1.065753564e+05 +1.062158764e+05 +1.062158764e+05 -5.0000e+00 -4.4255e+00 -2.8223e+00 -8.4572e-01 +1.0652e-01 +2.0911e+00 +1.2074e+00 +1.4947e+00 +2.0374e+00 -1.7358e+00 -8.6053e-01 -6.4287e-01 +1.0492e+00 -1.2196e+00 -1.1101e-01 -4.3666e+00 +1.5583e+00 -1.6876e+00 -5.0000e+00 +4.8360e-01
72 +9.096064478e+04 +9.096064478e+04 +9.060116478e+04 +9.060116478e+04 +3.7463e-01 -3.6593e-01 -1.6752e+00 -3.3474e+00 -2.1523e+00 +7.8320e-01 +5.3276e-01 -1.2849e+00 +1.4238e+00 -4.5294e+00 -3.3951e+00 -1.4729e-01 +1.3633e+00 -9.1272e-01 -1.4661e+00 -2.6721e+00 -4.0187e+00 -1.4245e+00 -3.1553e+00 +2.0599e+00
140 +3.108483147e+04 +3.108483147e+04 +3.072535147e+04 +3.072535147e+04 -3.4608e+00 -3.2339e+00 +0.0000e+00 +2.6915e-02 +6.5736e-01 -5.0000e+00 -8.7052e-01 +3.2506e+00 +2.8176e+00 -2.8721e+00 +0.0000e+00 +1.4237e+00 +0.0000e+00 +1.7084e+00 -4.7830e-02 -2.9761e+00 -2.4739e+00 -1.5482e+00 -3.5680e+00 -4.0894e-01
344 +1.991768939e+04 +1.991768939e+04 +1.955820939e+04 +1.955820939e+04 -2.8227e+00 -5.0000e+00 +1.5384e-01 -1.5690e+00 -3.3481e+00 -1.5174e-02 -1.0529e+00 +4.5848e+00 +3.8184e+00 -1.1466e+00 -4.3803e+00 +3.5519e+00 +0.0000e+00 +0.0000e+00 -2.1547e+00 -3.7275e+00 -5.9236e-01 +1.1555e+00 -4.7175e+00 +2.0675e+00
377 +1.469851480e+04 +1.469851480e+04 +1.433903480e+04 +1.433903480e+04 -3.1899e+00 -5.0000e+00 -4.4836e-01 +0.0000e+00 +0.0000e+00 +2.2915e-01 -7.9855e-01 +4.1532e+00 +3.8606e+00 -1.4621e+00 +0.0000e+00 +2.6800e+00 +0.0000e+00 -2.2171e-01 -3.1186e+00 -4.0121e+00 +5.2941e-01 +0.0000e+00 -4.8475e+00 +2.4417e-01
1476 +2.640023298e+03 +2.640023298e+03 +2.280543298e+03 +2.280543298e+03 -2.5000e+00 -3.7005e+00 +1.6657e+00 -8.8138e-01 -2.2959e+00 -9.7983e-01 -1.8396e+00 +1.2568e+00 +2.4428e+00 -3.0496e+00 -2.5000e+00 +3.0016e-01 +1.0774e+00 -7.4340e-01 -2.5000e+00 -2.0315e+00 -3.2649e-01 +2.8170e-01 -4.4546e+00 +3.0350e+00
2988 +2.435619883e+03 +2.435619883e+03 +2.076139883e+03 +2.076139883e+03 -3.3116e+00 -3.2589e+00 +1.6278e+00 -1.7407e+00 -9.5305e-01 -8.5549e-02 -1.7036e+00 +2.6159e+00 +3.0564e+00 -2.5479e+00 -1.6663e+00 +5.5394e-01 +1.2554e+00 +4.4413e-01 -1.9813e+00 -2.6733e+00 -1.4233e+00 +1.3541e+00 -3.9979e+00 +3.1582e+00
3460 +1.513596364e+03 +1.513596364e+03 +1.154116364e+03 +1.154116364e+03 -3.0137e+00 -3.1384e+00 +4.1833e-01 -7.2272e-01 -1.2480e+00 -1.0926e+00 -1.4818e+00 +2.4124e+00 +1.6756e+00 -2.5454e+00 -3.0083e+00 +2.7877e+00 +1.8793e+00 -1.5366e+00 -3.7602e+00 -2.4660e+00 -2.7188e+00 +0.0000e+00 -3.2781e+00 +1.7714e+00
4194 +9.035284979e+02 +9.035284979e+02 +5.440484979e+02 +5.440484979e+02 -3.1163e+00 -2.9083e+00 +1.9218e+00 -1.5835e+00 -1.0343e+00 -1.0386e+00 -2.1845e+00 +2.0289e+00 +2.9507e+00 -2.3003e+00 -1.4984e+00 +9.3127e-01 +1.4904e+00 -4.5766e-01 -2.9716e+00 -2.3959e+00 -1.9845e+00 +1.1559e+00 -3.2321e+00 +1.6914e+00
4195 +4.110768754e+02 +4.110768754e+02 +5.159687537e+01 +5.159687537e+01 -2.9432e+00 -2.8507e+00 +1.0129e+00 -1.1501e+00 -1.1819e+00 -1.9406e+00 -1.7077e+00 +2.4211e+00 +1.6014e+00 -2.2646e+00 -1.5817e+00 +1.6075e+00 +9.4762e-01 -1.6148e+00 -2.5509e+00 -2.2388e+00 -1.1561e+00 +3.5598e-01 -3.0698e+00 +2.0376e+00
4443 +3.195644921e+02 +3.195644921e+02 -3.991550793e+01 -3.991550793e+01 -3.2619e+00 -2.8090e+00 +1.0887e+00 -1.1959e+00 -1.1598e+00 -1.1219e+00 -1.4392e+00 +2.4534e+00 +2.5000e+00 -2.3377e+00 -1.6056e+00 +1.4616e+00 +1.4395e+00 -1.1682e+00 -2.5689e+00 -2.7120e+00 -1.7336e+00 +4.4980e-01 -3.2622e+00 +1.9776e+00
6073 +2.082327967e+02 +2.082327967e+02 -1.512472033e+02 -1.512472033e+02 -4.8560e+00 -2.9540e+00 +1.5145e+00 -1.3251e+00 -1.1510e+00 -1.7847e+00 -1.3280e+00 +2.4978e+00 +2.1867e+00 -2.0607e+00 -1.7465e+00 +1.0131e+00 +1.7561e+00 -7.6647e-01 -3.1113e+00 -3.3780e+00 -1.3963e+00 +1.2581e+00 -3.7500e+00 +1.8488e+00
6985 +1.540303707e+02 +1.540303707e+02 -2.054496293e+02 -2.054496293e+02 -4.9173e+00 -2.5000e+00 +2.2718e+00 -4.6690e-01 +0.0000e+00 -1.0197e+00 -1.2500e+00 +2.5000e+00 +2.2091e+00 -1.6358e+00 -1.5406e+00 +1.5608e+00 +1.7196e+00 -4.9558e-01 -2.8359e+00 -2.6248e+00 -1.8750e+00 +1.2601e+00 -3.7500e+00 +1.2497e+00
7954 +9.778731848e+01 +9.778731848e+01 -2.616926815e+02 -2.616926815e+02 -4.7467e+00 -2.5355e+00 +2.0602e+00 -7.2177e-01 -1.1498e-01 -9.7315e-01 -1.4574e+00 +2.4973e+00 +2.3312e+00 -2.1433e+00 -1.5581e+00 +1.4165e+00 +1.2498e+00 -9.4976e-01 -3.2612e+00 -2.9826e+00 -1.4283e+00 +1.3343e+00 -3.7500e+00 +1.4545e+00
8387 +5.691312498e+01 +5.691312498e+01 -3.025668750e+02 -3.025668750e+02 -4.6773e+00 -2.5939e+00 +2.2105e+00 -2.4232e-01 +0.0000e+00 -7.5856e-01 -1.4053e+00 +2.4984e+00 +2.0683e+00 -2.0986e+00 -1.7891e+00 +1.2500e+00 +1.2500e+00 -1.2500e+00 -3.1250e+00 -2.9239e+00 -1.7327e+00 +1.2407e+00 -3.7469e+00 +1.6397e+00
9480 +3.952897858e+01 +3.952897858e+01 -3.199510214e+02 -3.199510214e+02 -4.9146e+00 -2.5742e+00 +2.3139e+00 -3.6180e-01 -6.3488e-03 -9.0400e-01 -1.4043e+00 +2.4993e+00 +2.0526e+00 -2.1862e+00 -1.8725e+00 +1.2500e+00 +1.1473e+00 -1.1410e+00 -3.3028e+00 -2.9975e+00 -1.5425e+00 +1.1465e+00 -3.7500e+00 +1.6009e+00
10344 +2.421165815e+01 +2.421165815e+01 -3.352683418e+02 -3.352683418e+02 -4.8018e+00 -2.5461e+00 +2.3037e+00 -2.6222e-01 -4.9316e-03 -8.7358e-01 -1.4133e+00 +2.4991e+00 +2.1573e+00 -2.1705e+00 -1.8743e+00 +1.2719e+00 +1.3265e+00 -1.1151e+00 -3.2489e+00 -2.9566e+00 -1.7737e+00 +1.0254e+00 -3.7461e+00 +1.5624e+00
15005 +1.573391663e+01 +1.573391663e+01 -3.437460834e+02 -3.437460834e+02 -4.8859e+00 -2.5000e+00 +2.3065e+00 -2.7637e-01 -3.1135e-05 -9.2311e-01 -1.4659e+00 +2.4143e+00 +2.0593e+00 -2.2157e+00 -1.8555e+00 +1.2514e+00 +1.2675e+00 -1.0260e+00 -3.2649e+00 -3.1043e+00 -1.7999e+00 +9.8532e-01 -3.7388e+00 +1.5235e+00
27752 +9.398800140e+00 +9.398800140e+00 -3.500811999e+02 -3.500811999e+02 -2.9000e+00 -2.4906e+00 +2.3328e+00 -2.2762e-01 +7.4262e-02 -8.8926e-01 -1.4672e+00 +2.4091e+00 +2.0410e+00 -2.2399e+00 -1.8346e+00 +1.1699e+00 +1.2649e+00 -1.0329e+00 -3.2648e+00 -3.1121e+00 -1.8023e+00 +9.9609e-01 -3.7176e+00 +1.5147e+00
% function evaluation | noise-free fitness - Fopt (2.748000000000e+01) | best noise-free fitness - Fopt | measured fitness | best measured fitness | x1 | x2...
1 +8.572673949e+05 +8.572673949e+05 +8.572948749e+05 +8.572948749e+05 -4.7108e+00 -4.7145e+00 +3.1239e+00 +4.8265e-01 +4.5120e+00 -9.7321e-01 -1.7350e-01 +2.5035e+00 +2.1240e+00 +1.1912e+00 +2.6783e-01 +2.1613e+00 -3.2132e+00 -4.0358e+00 -3.2779e+00 -2.5903e+00 +3.9446e+00 +4.5257e+00 +6.8051e-02 -2.4823e+00
2 +2.779055455e+05 +2.779055455e+05 +2.779330255e+05 +2.779330255e+05 +2.9445e+00 +4.3723e+00 -3.3104e+00 -3.4513e+00 +2.6798e+00 -4.7232e+00 +4.5044e+00 +3.7643e+00 +4.7741e-01 -2.9168e+00 -1.0348e+00 +2.6312e+00 +3.5896e-01 -2.8578e+00 +3.1565e+00 +2.8833e+00 -1.3244e+00 -2.9548e+00 +1.7702e-01 -4.7568e+00
43 +2.041433495e+05 +2.041433495e+05 +2.041708295e+05 +2.041708295e+05 +5.0000e+00 +5.0000e+00 -1.7333e+00 -3.7535e+00 +2.0062e+00 -2.8756e+00 +1.3186e+00 +3.2161e+00 +3.4915e+00 -2.7798e+00 -8.1100e-01 +7.3546e-01 -4.8077e+00 -4.0623e+00 -1.7737e+00 -2.7257e+00 +3.7595e-01 -2.6290e+00 +1.0944e+00 -4.1645e+00
56 +8.281226576e+04 +8.281226576e+04 +8.283974576e+04 +8.283974576e+04 +1.7406e+00 +1.6744e+00 +2.8420e+00 -5.0000e+00 +5.0000e+00 -3.0501e-01 +2.2220e+00 -4.2432e+00 +8.3564e-01 -1.3299e+00 -4.4055e+00 +1.1618e-01 -2.2411e+00 +4.9493e-01 +1.2054e+00 +3.9787e+00 -6.6639e-01 -3.0919e+00 +2.6116e+00 -7.8727e-01
128 +5.911763433e+04 +5.911763433e+04 +5.914511433e+04 +5.914511433e+04 +0.0000e+00 +4.3921e+00 +3.4182e+00 -4.2127e+00 +2.5836e+00 -2.6547e+00 +1.8133e+00 -3.0750e+00 +9.8420e-01 +0.0000e+00 -1.0073e+00 +8.8237e-01 -2.9250e+00 -2.0994e+00 +1.6102e-01 +4.4538e+00 -1.0277e+00 -3.2646e+00 +8.7756e-01 -1.4943e+00
313 +2.163050755e+04 +2.163050755e+04 +2.165798755e+04 +2.165798755e+04 +2.4462e+00 +7.8372e-01 +4.8072e-01 -9.6703e-01 +2.6316e+00 -1.9263e+00 +1.6889e+00 -1.1007e+00 +1.1451e+00 +4.7046e-01 -7.1368e-01 +0.0000e+00 -4.8185e-01 -1.2153e+00 -2.4418e+00 +0.0000e+00 -2.2134e+00 -4.6402e+00 +1.8301e+00 -5.0000e+00
442 +1.116686906e+04 +1.116686906e+04 +1.119434906e+04 +1.119434906e+04 +2.2395e-01 +0.0000e+00 +2.5526e+00 -3.7489e+00 +0.0000e+00 -8.6031e-01 +1.7654e+00 -8.7431e-01 -2.9371e+00 +3.7094e-01 -4.6663e+00 -3.2441e+00 -2.7345e+00 -2.2466e+00 -5.0000e+00 +2.1756e+00 -2.5017e+00 -4.7743e+00 +3.8162e-01 -3.5608e+00
629 +8.494310358e+03 +8.494310358e+03 +8.521790358e+03 +8.521790358e+03 +2.2953e+00 +1.6815e+00 +2.1721e+00 -4.5349e+00 +8.1192e-01 -1.7035e+00 +1.2111e+00 +7.4173e-01 -2.2039e+00 +9.9837e-01 -4.9748e+00 -2.0283e+00 -2.5676e+00 -1.2691e+00 -3.9035e+00 +1.8371e+00 -2.5803e+00 -5.0000e+00 +2.1751e+00 -4.4202e+00
1550 +5.731765989e+03 +5.731765989e+03 +5.759245989e+03 +5.759245989e+03 +2.8193e+00 +1.6134e+00 +1.4836e+00 -1.3903e+00 +3.8619e-01 -1.2473e+00 +1.8020e+00 +0.0000e+00 -1.4393e+00 +1.1262e+00 -4.0306e+00 -1.3062e+00 -4.1550e+00 -2.1765e+00 -3.1125e+00 +1.9913e+00 -4.3365e+00 -5.0000e+00 +3.1127e+00 -2.5000e+00
2005 +3.293805518e+03 +3.293805518e+03 +3.321285518e+03 +3.321285518e+03 +2.1137e+00 +1.0711e+00 +3.9262e-01 -4.8512e-01 +1.4781e+00 -1.8606e+00 +1.2890e+00 +0.0000e+00 -2.7394e+00 +6.9802e-01 -4.8520e+00 -1.9633e+00 -2.5000e+00 -2.5765e+00 -1.9222e+00 +6.1500e-01 -2.5515e+00 -4.5776e+00 +3.1461e+00 -1.1413e+00
2357 +2.283064190e+03 +2.283064190e+03 +2.310544190e+03 +2.310544190e+03 +1.3164e+00 +7.7261e-01 +7.2180e-01 -1.3989e+00 +4.6560e-01 -2.2534e+00 +8.9048e-01 -5.6545e-01 -3.4939e+00 +1.0753e-01 -4.4515e+00 -2.4278e+00 -3.0932e+00 -2.0921e+00 -2.7359e+00 +1.2032e+00 -2.3115e+00 -4.3030e+00 +3.5367e+00 -1.2395e+00
2901 +1.389972325e+03 +1.389972325e+03 +1.417452325e+03 +1.417452325e+03 +1.5141e+00 +1.0295e+00 +1.0190e+00 -1.3438e+00 +2.5000e+00 -2.2467e+00 +1.3772e+00 +4.7496e-01 -1.5255e+00 -4.2414e-01 -3.2466e+00 -2.4978e+00 -2.9648e+00 -3.0565e+00 -3.4195e+00 +5.4984e-01 -3.3204e+00 -4.6101e+00 +3.3220e+00 -2.0584e+00
3844 +9.219496054e+02 +9.219496054e+02 +9.494296054e+02 +9.494296054e+02 +2.2293e+00 +4.1404e-01 +1.2522e+00 -2.3988e+00 +2.5353e-01 -9.3420e-01 +1.7239e+00 +2.4359e-02 -1.6811e+00 +8.2054e-01 -3.9869e+00 -1.7140e+00 -3.4669e+00 -2.3082e+00 -2.9318e+00 +8.5645e-01 -2.5483e+00 -4.0356e+00 +3.4421e+00 -1.1909e+00
4938 +4.720700171e+02 +4.720700171e+02 +4.995500171e+02 +4.995500171e+02 +1.1639e+00 +1.0147e+00 +1.7456e-01 -2.3095e+00 +1.0724e+00 -2.1120e+00 +1.0622e+00 +8.9956e-01 -9.6047e-01 +8.3104e-01 -3.6261e+00 -2.4107e+00 -3.6566e+00 -1.9887e+00 -2.7873e+00 +1.1752e+00 -2.5292e+00 -3.7500e+00 +2.7503e+00 -1.7264e+00
5869 +3.418151638e+02 +3.418151638e+02 +3.692951638e+02 +3.692951638e+02 +2.0277e+00 +8.9651e-01 +1.0767e+00 -2.5000e+00 +1.2500e+00 -2.3146e+00 +1.0075e+00 -8.4404e-01 -1.6579e+00 +7.2646e-01 -3.8470e+00 -2.3324e+00 -2.8234e+00 -2.7000e+00 -2.8394e+00 +1.4696e+00 -2.5000e+00 -3.7755e+00 +2.6582e+00 -1.8575e+00
6047 +2.304939770e+02 +2.304939770e+02 +2.579739770e+02 +2.579739770e+02 +2.0745e+00 +1.2219e+00 +6.9796e-01 -2.5000e+00 +1.8238e+00 -2.3192e+00 +1.8687e+00 +6.3837e-02 -1.9343e+00 +1.1852e+00 -3.3254e+00 -2.4864e+00 -3.0975e+00 -2.3923e+00 -2.9862e+00 +9.3734e-01 -2.5427e+00 -3.7582e+00 +2.9913e+00 -1.5741e+00
9208 +1.530810160e+02 +1.530810160e+02 +1.805610160e+02 +1.805610160e+02 +1.6664e+00 +1.0927e+00 +7.6660e-01 -2.4928e+00 +1.7418e+00 -2.4264e+00 +1.3977e+00 -5.7367e-02 -1.9381e+00 +6.2500e-01 -3.7368e+00 -2.5000e+00 -3.0720e+00 -2.4484e+00 -2.9609e+00 +8.5377e-01 -2.5219e+00 -3.7578e+00 +3.0910e+00 -1.5625e+00
15665 +9.966229574e+01 +9.966229574e+01 +1.271422957e+02 +1.271422957e+02 +1.2500e+00 +1.2500e+00 +6.3293e-01 -2.4681e+00 +1.5511e+00 -2.4258e+00 +1.3136e+00 -1.7313e-01 -1.9806e+00 +5.8910e-01 -3.7110e+00 -2.2035e+00 -3.0379e+00 -2.4516e+00 -2.9034e+00 +8.5976e-01 -3.2464e+00 -1.9912e+00 +3.0182e+00 -1.8750e+00
% function evaluation | noise-free fitness - Fopt (3.609000000000e+01) | best noise-free fitness - Fopt | measured fitness | best measured fitness | x1 | x2...
1 +3.468167122e+05 +3.468167122e+05 +3.468528022e+05 +3.468528022e+05 +1.7245e+00 -3.8245e+00 +9.8569e-01 -2.4883e+00 -2.6582e+00 -3.1027e+00 +3.4357e+00 -2.5022e+00 -4.5334e+00 +3.1767e-01 -4.5955e-01 +6.7164e-01 -2.7937e+00 -8.5965e-01 -4.8739e+00 -1.2613e+00 -7.8368e-01 -2.5824e+00 -2.6132e+00 -3.1827e+00
25 +1.788838621e+05 +1.788838621e+05 +1.789199521e+05 +1.789199521e+05 -3.5090e+00 +4.5809e+00 +1.2067e-01 +9.3183e-01 +2.5983e+00 +3.2332e+00 -3.3139e+00 +3.6976e-01 +1.4910e+00 +4.9451e+00 -2.1031e+00 -2.9374e+00 -2.0658e+00 -1.1861e+00 +2.0962e+00 -4.3371e+00 -1.3613e+00 -2.8368e+00 -4.3286e+00 +1.5045e+00
48 +1.435967471e+05 +1.435967471e+05 +1.436328371e+05 +1.436328371e+05 -1.0186e+00 +2.6114e+00 -6.8239e-01 -1.3364e+00 +2.1108e+00 +5.0000e+00 -5.0000e+00 -6.9679e-01 -6.5707e-01 +5.0000e+00 -2.8169e+00 -1.4347e+00 -3.2778e+00 -4.4784e-01 -2.3978e+00 -4.0317e+00 -1.2471e+00 +3.1591e-02 -2.6336e+00 -6.0986e-01
141 +7.988660116e+04 +7.988660116e+04 +7.992269116e+04 +7.992269116e+04 +0.0000e+00 -9.5161e-02 +1.3351e+00 +3.7480e+00 +2.4876e-01 +0.0000e+00 -5.0000e+00 +3.8421e-01 +1.2985e+00 +4.2881e+00 +0.0000e+00 +2.0416e-01 +1.2210e+00 -7.7545e-01 -1.3352e+00 -3.8209e+00 +0.0000e+00 -4.4840e+00 -1.6001e+00 +0.0000e+00
162 +2.960807314e+04 +2.960807314e+04 +2.964416314e+04 +2.964416314e+04 +3.8953e-01 -1.7390e-01 +5.0641e-01 +3.7265e+00 +0.0000e+00 +1.8955e+00 -5.0000e+00 -1.8659e+00 +0.0000e+00 +4.0931e+00 -2.3571e+00 -5.0641e-01 -1.0569e+00 +0.0000e+00 -3.4772e+00 -3.0610e+00 +1.6617e+00 -4.1980e+00 -2.5542e+00 +0.0000e+00
357 +1.968406673e+04 +1.968406673e+04 +1.972015673e+04 +1.972015673e+04 +1.2200e+00 +0.0000e+00 +1.8836e-01 +8.8869e-01 -7.9533e-01 -7.4320e-01 -5.0000e+00 -2.9977e+00 -5.0000e+00 +3.3545e+00 -7.5022e-01 +6.5649e-01 +3.2853e-02 -1.3454e+00 -2.0616e-01 -2.7574e+00 +1.1054e+00 -3.7961e+00 -4.2513e+00 -2.7247e-01
494 +1.323701226e+04 +1.323701226e+04 +1.327310226e+04 +1.327310226e+04 +1.0755e+00 +2.9599e-01 -2.5728e-01 +1.4980e+00 -1.0896e+00 +1.9560e+00 -5.0000e+00 -3.5772e+00 -4.6264e+00 +3.5182e+00 +0.0000e+00 +8.4209e-01 -1.7517e-01 -4.6851e-02 -3.1356e+00 -3.4514e+00 +1.5470e+00 -3.8433e+00 -4.3348e+00 +3.0683e-01
998 +9.248143083e+03 +9.248143083e+03 +9.284233083e+03 +9.284233083e+03 +1.1866e-01 +2.2827e+00 -6.6898e-01 +1.6153e+00 +1.0173e+00 +1.3472e+00 -5.0000e+00 -3.8006e+00 -4.9199e+00 +1.3919e+00 -1.0464e+00 -8.9162e-01 +8.2334e-01 -2.2928e+00 -2.0408e+00 -2.0182e+00 +3.0593e+00 -4.0587e+00 -2.6411e+00 -2.6191e+00
2407 +3.714551663e+03 +3.714551663e+03 +3.750641663e+03 +3.750641663e+03 -2.1049e+00 +2.1875e+00 -6.4298e-01 +2.5166e+00 +6.3738e-01 +1.5113e+00 -5.0000e+00 -3.0872e+00 -3.1918e+00 +1.3170e+00 -2.7931e+00 -9.1297e-02 +9.8978e-01 -1.1527e+00 -1.9945e+00 -2.4936e+00 +2.6907e+00 -3.9832e+00 -3.3041e+00 -9.9819e-01
4680 +2.174016237e+03 +2.174016237e+03 +2.210106237e+03 +2.210106237e+03 +2.7464e-01 +7.4995e-01 -2.4866e+00 +1.1948e+00 +8.1174e-01 +1.0312e+00 -5.0000e+00 -2.1038e+00 -2.5000e+00 +1.9341e+00 -1.7612e+00 -1.1422e+00 +1.3944e+00 -2.7117e-01 -2.4881e+00 -2.0737e+00 +2.6791e+00 -3.5739e+00 -3.5892e+00 +2.9090e+00
7664 +1.546091826e+03 +1.546091826e+03 +1.582181826e+03 +1.582181826e+03 -6.3052e-01 +8.1220e-01 -2.5000e+00 +1.3500e+00 +5.4388e-01 +1.2063e+00 -5.0000e+00 -2.1174e+00 -2.5000e+00 +2.1126e+00 -2.2944e+00 -5.6688e-01 +1.9635e+00 -2.7426e-01 -2.1568e+00 -2.7245e+00 +2.0325e+00 -3.4456e+00 -2.5000e+00 +7.1791e-01
10321 +4.481017266e+02 +4.481017266e+02 +4.841917266e+02 +4.841917266e+02 -4.8824e-01 +7.7154e-01 -2.4989e+00 +1.2500e+00 +6.7332e-01 +1.2033e+00 -3.0459e+00 -2.0580e+00 -2.5000e+00 +2.1236e+00 -1.9844e+00 -5.5032e-02 +1.5499e+00 -3.9766e-01 -1.9984e+00 -2.5106e+00 +2.5000e+00 -3.3130e+00 -2.8767e+00 +1.0447e+00
10322 +3.012131222e+02 +3.012131222e+02 +3.373031222e+02 +3.373031222e+02 -7.6390e-01 +5.6403e-01 -2.5000e+00 +1.2764e+00 +9.5237e-01 +1.2092e+00 -1.9214e+00 -2.1283e+00 -2.5034e+00 +2.0737e+00 -1.8750e+00 -1.7387e-01 +2.0426e+00 -5.7940e-02 -1.9833e+00 -2.2600e+00 +1.8131e+00 -3.2239e+00 -3.0113e+00 +6.6575e-01
10476 +2.363636007e+02 +2.363636007e+02 +2.724536007e+02 +2.724536007e+02 -3.8263e-01 +5.2209e-01 -2.5000e+00 +1.3257e+00 +8.7848e-01 +1.2344e+00 -1.9921e+00 -2.1875e+00 -2.5000e+00 +2.1875e+00 -1.8750e+00 -1.0851e-01 +2.0015e+00 -2.0598e-01 -1.9243e+00 -2.4838e+00 +2.0176e+00 -3.2031e+00 -2.7641e+00 +8.9385e-01
16703 +1.238562621e+02 +1.238562621e+02 +1.599462621e+02 +1.599462621e+02 -1.1026e-01 +6.9184e-01 -2.5098e+00 +1.3988e+00 +7.1714e-01 +1.2498e+00 -1.9646e+00 -2.4314e+00 -2.3534e+00 +2.2656e+00 -1.8750e+00 -1.1974e-01 +1.6950e+00 -3.1250e-01 -1.9230e+00 -2.4162e+00 +1.9459e+00 -3.4373e+00 -2.9004e+00 +7.5221e-01
17067 +9.957430523e+01 +9.957430523e+01 +1.356643052e+02 +1.356643052e+02 -8.3264e-02 +7.7155e-01 -2.5184e+00 +1.3968e+00 +7.4639e-01 +1.2495e+00 -2.0226e+00 -2.6730e+00 -2.4953e+00 +2.2656e+00 -1.8750e+00 -1.5257e-01 +1.5684e+00 -3.1250e-01 -1.9226e+00 -2.3438e+00 +1.9531e+00 -3.4363e+00 -2.8732e+00 +7.3895e-01
% function evaluation | noise-free fitness - Fopt (-5.791000000000e+01) | best noise-free fitness - Fopt | measured fitness | best measured fitness | x1 | x2...
1 +3.566641000e+05 +3.566641000e+05 +3.566061900e+05 +3.566061900e+05 +2.3512e+00 -3.2509e+00 +1.1704e+00 -1.5728e+00 -7.7883e-01 +9.4711e-01 -1.9346e+00 +2.1812e+00 -4.1112e+00 -3.2408e+00 -3.2972e+00 -1.4337e+00 +1.5827e+00 +2.5275e+00 -2.6390e+00 -4.8072e+00 +1.6124e+00 +1.8506e+00 +6.0469e-01 -1.4871e+00
7 +1.635050739e+05 +1.635050739e+05 +1.634471639e+05 +1.634471639e+05 +2.2334e-01 +2.2395e+00 -1.5022e+00 -2.7864e+00 -1.9787e+00 -3.4883e+00 -2.9168e+00 -4.1895e+00 -4.1534e-02 -4.4806e+00 +2.2979e+00 +2.6319e+00 -7.2352e-01 +1.9921e-01 -2.4251e+00 +1.3172e+00 -3.6273e+00 +2.1539e+00 +1.1687e+00 +3.1612e+00
25 +6.016225651e+04 +6.016225651e+04 +6.010434651e+04 +6.010434651e+04 +1.6473e+00 +2.7466e+00 +3.7647e-01 +3.0481e+00 -2.1918e+00 -1.4356e+00 -1.1857e+00 -4.2201e+00 -2.6603e+00 +1.3423e+00 +7.1535e-01 +3.8722e-01 +1.0253e+00 +1.2612e+00 -3.3463e-01 -3.6684e+00 +1.5661e+00 +2.5516e+00 +3.7472e-01 +3.6719e+00
95 +2.798232866e+04 +2.798232866e+04 +2.792441866e+04 +2.792441866e+04 +2.2135e+00 +2.2664e+00 +2.7745e+00 +3.2578e+00 -8.1469e-01 -2.1957e+00 +9.9605e-02 -3.9534e+00 -5.0000e+00 -2.7969e-01 -2.3287e+00 +1.3433e+00 +2.6797e+00 -8.3153e-01 +1.7732e+00 -4.1073e+00 +1.3574e+00 +3.0848e-01 -8.8660e-01 +1.5457e+00
221 +2.288619889e+04 +2.288619889e+04 +2.282828889e+04 +2.282828889e+04 +6.1241e-01 +3.4481e+00 +2.0985e+00 +2.6137e+00 -5.3159e-01 -2.1005e+00 -1.2891e+00 -4.3376e+00 -4.3541e+00 -1.7455e+00 +0.0000e+00 -2.3827e+00 +4.0773e+00 -1.6255e+00 +2.9321e+00 -3.6867e+00 +2.2657e+00 +0.0000e+00 +0.0000e+00 +3.4757e+00
294 +1.265847566e+04 +1.265847566e+04 +1.260056566e+04 +1.260056566e+04 +1.0137e+00 +3.1981e+00 +1.4550e+00 +1.3465e+00 -3.2215e-01 -1.8830e+00 -1.3545e+00 -3.3251e+00 -1.6362e+00 -3.8988e+00 +8.8250e-01 -2.2471e+00 +1.7829e+00 -4.1316e+00 +4.0410e+00 -2.7031e+00 +0.0000e+00 -1.2370e+00 -5.1603e-01 +3.0634e+00
964 +8.286200823e+03 +8.286200823e+03 +8.228290823e+03 +8.228290823e+03 -8.7609e-01 +2.4482e+00 +8.2905e-01 +7.4283e-01 -3.9850e-01 -2.9776e+00 -1.8878e+00 -3.8409e+00 -1.0030e+00 -3.0475e+00 -4.2792e-01 -1.7964e+00 +1.2592e+00 -3.4225e+00 +1.3853e+00 -1.1371e+00 -1.7255e+00 +6.9010e-01 -4.6446e+00 +1.1315e+00
1168 +6.287302641e+03 +6.287302641e+03 +6.229392641e+03 +6.229392641e+03 -5.7856e-01 +1.8133e+00 +4.2359e-01 +9.5483e-01 -6.5567e-01 -3.0264e+00 +1.6775e-02 -2.0478e+00 -1.8881e+00 -2.4379e+00 -4.0302e-01 -7.9909e-01 +1.2604e+00 -3.9398e+00 +2.3247e-01 -2.5000e+00 -5.7525e-01 +1.9112e+00 -4.0972e+00 +6.6648e-01
2082 +3.774405892e+03 +3.774405892e+03 +3.716495892e+03 +3.716495892e+03 +5.8910e-01 +3.5874e+00 +8.3186e-01 +1.2451e+00 -1.3286e-01 -1.9652e+00 -1.8485e-01 -2.3646e+00 -5.1696e-01 -2.7558e+00 -7.4185e-01 -7.0255e-01 +1.1761e+00 -3.6014e+00 +2.1659e+00 -1.7432e+00 +0.0000e+00 +1.6135e+00 -4.8695e+00 +2.3087e+00
3129 +1.840704161e+03 +1.840704161e+03 +1.782794161e+03 +1.782794161e+03 +1.2200e+00 +8.2188e-01 +1.1868e+00 +2.5434e+00 +1.1985e+00 -2.4299e+00 -2.8324e-01 -2.9551e+00 -2.0254e+00 -3.1413e+00 -8.3496e-01 -8.8033e-01 +1.9123e+00 -2.6445e+00 +1.5924e+00 -2.6263e+00 -5.7458e-01 +1.6087e+00 -3.5783e+00 +7.4979e-01
3563 +1.432211550e+03 +1.432211550e+03 +1.374301550e+03 +1.374301550e+03 +2.0506e+00 +0.0000e+00 +1.0362e+00 +1.0442e+00 +1.3076e+00 -2.6792e+00 -6.0867e-01 -3.1353e+00 -1.8466e+00 -2.6605e+00 -1.0644e+00 -1.0704e+00 +1.8511e+00 -1.7227e+00 +1.4515e+00 -1.9756e+00 +5.7803e-01 +6.6928e-01 -3.8183e+00 +1.8672e+00
4774 +7.742531274e+02 +7.742531274e+02 +7.163431274e+02 +7.163431274e+02 +9.9998e-01 +8.7648e-01 +1.1288e+00 +1.3086e+00 +4.9709e-01 -2.8470e+00 -4.3914e-01 -3.5125e+00 -6.7972e-01 -2.5573e+00 -7.4872e-01 -9.7711e-01 +8.0889e-01 -2.5387e+00 +1.6274e+00 -2.1799e+00 +6.9129e-01 +1.2273e+00 -3.0712e+00 +1.8802e+00
5368 +5.241729676e+02 +5.241729676e+02 +4.662629676e+02 +4.662629676e+02 +1.8295e+00 +1.0520e+00 +5.9096e-01 +1.2330e+00 +1.2665e+00 -2.9360e+00 -3.7383e-01 -3.8325e+00 -1.4036e+00 -2.3881e+00 -3.4672e-01 -1.5266e+00 +9.6383e-01 -2.3702e+00 +2.2455e+00 -1.3927e+00 +2.1040e-01 +1.2078e+00 -2.5029e+00 +1.3102e+00
6368 +3.979688247e+02 +3.979688247e+02 +3.400588247e+02 +3.400588247e+02 +1.2735e+00 +8.1865e-01 +4.5034e-01 +1.4853e+00 +1.2630e+00 -2.5217e+00 -4.9449e-01 -3.1269e+00 -1.3485e+00 -1.7184e+00 -1.0671e-01 -9.7909e-01 +8.6411e-01 -1.5570e+00 +2.2193e+00 -1.5160e+00 +9.7558e-01 +8.0444e-01 -3.0455e+00 +1.6602e+00
6730 +2.356887780e+02 +2.356887780e+02 +1.777787780e+02 +1.777787780e+02 +1.2500e+00 +1.2500e+00 +4.5114e-01 +1.1381e+00 +1.0571e+00 -2.8777e+00 -5.0389e-01 -3.1063e+00 -1.2861e+00 -1.6556e+00 -4.4220e-01 -1.0666e+00 +8.4042e-01 -1.7253e+00 +2.2156e+00 -1.3837e+00 +4.8764e-01 +1.0951e+00 -3.0340e+00 +1.2232e+00
7842 +1.572840007e+02 +1.572840007e+02 +9.937400070e+01 +9.937400070e+01 +1.4943e+00 +1.7209e+00 +7.5870e-03 +1.1064e+00 +1.1882e+00 -2.6582e+00 -6.7503e-01 -2.7266e+00 -1.4962e+00 -1.7827e+00 -4.6305e-01 -1.0258e+00 +8.5581e-01 -1.8964e+00 +2.0370e+00 -1.2007e+00 +1.0395e+00 +1.3869e+00 -2.8986e+00 +1.0482e+00
11363 +9.763813429e+01 +9.763813429e+01 +3.972813429e+01 +3.972813429e+01 +1.1447e+00 +1.6436e+00 +8.5693e-02 +1.2294e+00 +1.2138e+00 -2.4577e+00 -6.1030e-01 -2.7881e+00 -1.4492e+00 -2.1379e+00 -5.9607e-01 -1.0685e+00 +1.2116e+00 -1.9778e+00 +1.9136e+00 -1.0947e+00 +9.2382e-01 +1.1295e+00 -2.5000e+00 +1.2837e+00
17853 +6.248851404e+01 +6.248851404e+01 +4.578514045e+00 +4.578514045e+00 +1.7234e+00 +1.9142e+00 +1.5625e-01 +1.1781e+00 +1.2109e+00 -2.5000e+00 -1.3374e+00 -2.9688e+00 -1.5611e+00 -2.0812e+00 -5.3420e-01 -1.0226e+00 +1.2032e+00 -2.1700e+00 +1.3578e+00 -1.2481e+00 +6.7339e-01 +9.3750e-01 -2.6563e+00 +1.1736e+00
22114 +3.891591012e+01 +3.891591012e+01 -1.899408988e+01 -1.899408988e+01 +1.7655e+00 +1.9069e+00 +2.1028e-01 +1.1760e+00 +1.0147e+00 -2.5000e+00 -9.8532e-01 -3.0313e+00 -1.5580e+00 -2.0805e+00 -5.3696e-01 -1.0156e+00 +1.2079e+00 -2.1767e+00 +1.3904e+00 -1.6805e+00 +6.7067e-01 +8.9214e-01 -2.7239e+00 +1.2132e+00
24131 +2.351827032e+01 +2.351827032e+01 -3.439172968e+01 -3.439172968e+01 +1.7739e+00 +1.8963e+00 +2.2805e-01 +1.1738e+00 +1.0172e+00 -2.7396e+00 -1.0438e+00 -3.2097e+00 -1.6501e+00 -1.9710e+00 -5.3050e-01 -1.0156e+00 +1.2109e+00 -2.4553e+00 +1.2913e+00 -1.6210e+00 +6.6921e-01 +8.5750e-01 -2.7331e+00 +1.2500e+00
% function evaluation | noise-free fitness - Fopt (-3.349100000000e+02) | best noise-free fitness - Fopt | measured fitness | best measured fitness | x1 | x2...
1 +2.492415618e+05 +2.492415618e+05 +2.489066518e+05 +2.489066518e+05 -4.5289e+00 +6.5048e-01 +4.0048e+00 +1.0455e-01 -2.2666e+00 -1.7834e+00 +6.1027e-01 +2.9647e+00 +4.2342e+00 +2.0095e+00 -1.9400e+00 +2.4797e+00 -7.4813e-01 +1.1227e-01 +1.5445e+00 +1.7114e+00 +6.8123e-01 -4.6670e+00 +3.1013e+00 +7.8399e-01
20 +1.269759010e+05 +1.269759010e+05 +1.266409910e+05 +1.266409910e+05 -3.8919e+00 -4.2286e+00 +1.0969e+00 +7.3166e-01 +4.1644e+00 +2.7114e+00 -2.3542e+00 +3.8565e+00 -2.0015e+00 -4.3744e-01 +1.6407e+00 +1.8046e+00 +2.7985e+00 +1.4692e+00 -8.8602e-01 +1.8425e+00 +1.1826e+00 -4.7805e-01 +9.3587e-01 -1.0174e+00
48 +8.536248527e+04 +8.536248527e+04 +8.502757527e+04 +8.502757527e+04 -1.2394e-01 -4.0938e+00 +2.5773e+00 +1.3687e+00 +7.6025e-01 -5.8651e-01 +3.4966e+00 +3.7805e+00 -3.0919e+00 +2.7787e+00 +1.9329e+00 +1.6534e-01 +1.6028e+00 -3.9312e-01 +3.1261e+00 +2.5289e+00 -2.7902e-01 +1.9339e+00 -1.1521e+00 +1.5746e+00
78 +4.208504330e+04 +4.208504330e+04 +4.175013330e+04 +4.175013330e+04 -4.4536e+00 -3.0503e+00 -1.1375e+00 +1.4772e+00 +6.2545e-01 -1.5691e+00 -2.7411e+00 +2.2166e+00 +1.7536e-01 -1.8812e-01 +4.3977e-01 +1.2399e+00 +1.4061e+00 -9.9569e-01 -2.5324e-01 +1.9426e+00 +1.2422e+00 -2.7973e+00 +1.9043e+00 -4.0271e+00
109 +1.536263117e+04 +1.536263117e+04 +1.502772117e+04 +1.502772117e+04 -1.8981e+00 -2.5007e+00 -5.1315e-02 -1.3462e+00 +1.7503e+00 +0.0000e+00 +0.0000e+00 +2.9277e-01 -4.2547e+00 +5.5083e-01 +1.2035e+00 +3.3019e+00 +0.0000e+00 +6.7521e-01 +6.3154e-01 +7.3793e-01 -5.6755e-01 -3.0535e-01 +8.2782e-01 -1.5545e+00
3328 +7.054770597e+03 +7.054770597e+03 +6.719860597e+03 +6.719860597e+03 -2.7031e+00 -2.5576e+00 -1.0239e+00 +1.3065e+00 -6.0139e-01 +2.6146e-03 -1.1641e-01 -3.5102e-01 -2.4963e+00 +1.7419e+00 +3.1532e+00 +1.9605e+00 -9.7351e-01 -4.2310e-01 +3.1679e+00 +2.6860e-01 +2.6994e+00 +9.5837e-01 +1.1358e+00 -1.3030e+00
3433 +5.587322405e+03 +5.587322405e+03 +5.252412405e+03 +5.252412405e+03 -4.2107e+00 -2.1169e+00 -8.4848e-01 +3.0530e-01 -8.0157e-01 -1.3770e+00 -2.7192e-01 -6.2083e-02 -2.6737e+00 -7.2231e-01 +1.0131e+00 +9.6836e-01 -1.3722e+00 -1.3563e-01 +3.0850e+00 +1.4876e-01 +2.1190e+00 +3.2489e-01 +2.5000e+00 -1.3369e+00
5191 +3.127444499e+03 +3.127444499e+03 +2.792534499e+03 +2.792534499e+03 -3.7108e+00 -9.5007e-01 +5.5746e-02 +2.5795e+00 +3.2261e-01 -6.6812e-01 +6.6204e-01 +2.9116e-01 -3.2182e+00 -5.9731e-01 +2.1373e+00 +9.0180e-01 -1.4812e+00 -1.9311e+00 +2.7912e+00 -1.9232e-01 +2.1143e+00 -5.1198e-02 +2.6401e+00 -1.3449e+00
6311 +2.383509556e+03 +2.383509556e+03 +2.048599556e+03 +2.048599556e+03 -3.7640e+00 -6.6405e-01 +1.7727e-01 +2.5839e+00 +6.6520e-01 +5.2263e-01 +2.8540e-01 +5.1334e-01 -3.2194e+00 -6.1386e-01 +1.6320e+00 +1.0067e+00 -1.5518e+00 -2.3907e+00 +2.5946e+00 +9.4728e-01 +2.1141e+00 -3.5054e-02 +2.4782e+00 -1.3783e+00
6391 +1.315918141e+03 +1.315918141e+03 +9.810081413e+02 +9.810081413e+02 -3.7876e+00 -5.8571e-01 -1.1003e+00 +2.3852e+00 +2.2652e-01 +1.7012e-01 +3.9682e-01 +5.0046e-01 -3.2353e+00 +6.6211e-01 +1.5085e+00 +1.2590e+00 -1.4821e+00 -2.4316e+00 +1.9021e+00 +2.1422e-01 +2.1226e+00 +1.3523e-02 +2.7638e+00 -1.1993e+00
7431 +9.030966764e+02 +9.030966764e+02 +5.681866764e+02 +5.681866764e+02 -3.3514e+00 -6.9445e-01 +2.1025e-01 +2.4168e+00 +4.4482e-01 +2.6924e-01 +5.9931e-01 +5.4472e-01 -1.7532e+00 +1.2117e+00 +1.5011e+00 +1.3428e+00 -1.6719e+00 -3.2882e-01 +2.2622e+00 -6.2076e-01 +3.3340e-01 -7.3620e-01 +1.4874e+00 -2.0385e+00
8681 +5.306297941e+02 +5.306297941e+02 +1.957197941e+02 +1.957197941e+02 -3.7103e+00 -6.2500e-01 +1.1021e+00 +1.7775e+00 -6.1910e-01 -4.9593e-01 +6.4933e-02 +4.3141e-01 -2.3632e+00 +1.0353e+00 +1.6831e+00 +1.0838e+00 -1.1148e+00 -1.6954e-01 +1.4173e+00 -5.3307e-01 +6.2127e-01 +4.4935e-01 +1.8755e+00 -2.4439e+00
9001 +3.656621567e+02 +3.656621567e+02 +3.075215671e+01 +3.075215671e+01 -3.7426e+00 -6.2500e-01 +3.0078e-01 +1.7249e+00 -2.8345e-02 -4.8830e-01 +2.6619e-02 -2.3295e-02 -2.3415e+00 +1.3068e+00 +1.4570e+00 +1.1089e+00 -9.7094e-01 +0.0000e+00 +1.4545e+00 -5.4310e-01 +6.0915e-01 +3.7793e-01 +1.8126e+00 -2.4579e+00
10341 +2.486277172e+02 +2.486277172e+02 -8.628228277e+01 -8.628228277e+01 -3.1827e+00 -9.5806e-01 +3.8955e-01 +2.0354e+00 -3.7715e-02 -6.5375e-01 -6.4991e-02 +3.4932e-01 -2.4522e+00 +1.3430e+00 +1.5745e+00 +1.6725e+00 -1.7567e+00 -9.7423e-01 +1.5629e+00 -6.3130e-01 +7.2676e-01 +3.8941e-01 +2.2376e+00 -2.2182e+00
11079 +1.501755451e+02 +1.501755451e+02 -1.847344549e+02 -1.847344549e+02 -3.2698e+00 -1.1933e+00 +1.5256e-01 +2.0024e+00 -4.4787e-02 -6.0489e-01 +6.6155e-02 +2.7849e-01 -2.2921e+00 +6.9942e-01 +7.8723e-01 +1.5053e+00 -1.7489e+00 -1.0463e+00 +2.2755e-01 -7.9959e-01 +1.1483e+00 +3.3647e-01 +2.0796e+00 -2.5000e+00
12146 +9.996030918e+01 +9.996030918e+01 -2.349496908e+02 -2.349496908e+02 -3.0653e+00 -1.1585e+00 +1.1302e-01 +1.7660e+00 -3.7982e-02 -4.6309e-01 -3.2434e-02 +3.0434e-01 -2.2869e+00 +7.0108e-01 +1.0549e+00 +1.5388e+00 -1.7863e+00 -1.1123e+00 +6.1498e-01 -1.1825e+00 +1.1838e+00 +1.0625e-01 +1.8938e+00 -2.5000e+00
18687 +6.296226436e+01 +6.296226436e+01 -2.719477356e+02 -2.719477356e+02 -2.5000e+00 -1.2403e+00 +1.6134e-02 +1.6589e+00 -2.3856e-01 -3.8074e-01 -5.0149e-02 +3.6689e-01 -2.2168e+00 +7.0622e-01 +9.5423e-01 +1.5895e+00 -2.0783e+00 -1.1013e+00 +7.8668e-01 -9.6830e-01 +1.2305e+00 +3.3404e-01 +2.0235e+00 -2.7097e+00
24489 +3.945457468e+01 +3.945457468e+01 -2.954554253e+02 -2.954554253e+02 -2.2938e+00 -1.2013e+00 +2.6134e-02 +1.6799e+00 -2.8890e-01 -3.7723e-01 -5.3208e-02 +3.6834e-01 -2.2217e+00 +6.6902e-01 +9.5611e-01 +1.5905e+00 -2.0858e+00 -1.1102e+00 +7.8807e-01 -9.5900e-01 +9.5875e-01 -2.0146e-01 +1.3862e+00 -2.8344e+00
30252 +2.285698301e+01 +2.285698301e+01 -3.120530170e+02 -3.120530170e+02 -2.4185e+00 -1.1914e+00 +2.5939e-02 +1.8022e+00 -2.4012e-01 -3.7112e-01 -4.8828e-02 +3.7240e-01 -2.2186e+00 +7.0300e-01 +9.5255e-01 +1.5889e+00 -2.0859e+00 -1.1047e+00 +8.8054e-01 -9.5803e-01 +9.4688e-01 -1.8717e-01 +1.3873e+00 -3.4172e+00
% function evaluation | noise-free fitness - Fopt (-4.670000000000e+01) | best noise-free fitness - Fopt | measured fitness | best measured fitness | x1 | x2...
1 +4.869551379e+05 +4.869551379e+05 +4.869084379e+05 +4.869084379e+05 +2.1858e+00 -2.2729e+00 -3.5729e+00 +1.6143e+00 -2.6660e+00 +3.6989e+00 +1.4580e-01 +2.8966e+00 +2.3150e+00 -1.6062e-01 +1.5855e+00 -1.1212e+00 +1.4763e+00 -4.9861e+00 -2.2061e+00 -8.0045e-01 -3.0520e+00 +2.1486e+00 -2.4500e+00 +3.0719e+00
6 +3.637223924e+05 +3.637223924e+05 +3.636756924e+05 +3.636756924e+05 -1.1847e+00 +1.5659e+00 -4.1176e+00 +6.2506e-02 -1.4546e+00 -1.7335e+00 +2.3227e+00 -2.3380e+00 -1.9808e+00 -2.5891e+00 -4.2258e+00 -4.1868e+00 -3.8749e+00 +2.0729e+00 +4.2708e+00 +9.3824e-01 +4.8820e-01 +1.8013e+00 -1.8522e+00 +3.5077e-02
24 +2.340534167e+05 +2.340534167e+05 +2.340067167e+05 +2.340067167e+05 +3.6793e+00 -1.4382e+00 -4.6377e+00 -2.6768e+00 +2.0695e-01 -1.4925e+00 +3.3160e+00 -4.3939e+00 -2.7337e+00 -8.4107e-01 +1.6038e+00 +7.8400e-01 +4.6023e-01 -5.8317e-01 +4.0805e+00 -4.9208e+00 -1.5579e+00 -3.4751e+00 -3.9223e+00 +4.5346e+00
131 +1.162466287e+05 +1.162466287e+05 +1.161999287e+05 +1.161999287e+05 -7.2652e-01 -3.2305e+00 -3.1804e+00 -4.8147e+00 -2.9267e+00 -2.2997e-01 +0.0000e+00 +8.7457e-01 -2.8488e+00 +0.0000e+00 -1.1089e+00 -2.6530e+00 -1.1461e-01 -1.6565e+00 +0.0000e+00 +0.0000e+00 -3.8599e-01 -2.9036e+00 -5.0000e+00 -1.8826e+00
145 +9.736289364e+04 +9.736289364e+04 +9.731619364e+04 +9.731619364e+04 -3.8531e-04 -5.0000e+00 +1.1421e-02 -5.0000e+00 +0.0000e+00 -1.8418e+00 -4.3461e-01 -4.1378e-01 -5.0129e-01 -1.6342e+00 +8.8383e-01 -3.3452e+00 +0.0000e+00 -4.0533e+00 +7.7645e-01 -3.4215e+00 -1.3357e+00 -3.6778e+00 -2.0408e+00 -3.0996e+00
177 +4.729967546e+04 +4.729967546e+04 +4.725297546e+04 +4.725297546e+04 +4.7524e-01 -4.0827e+00 -5.0641e-01 -5.0000e+00 +1.1398e+00 -1.1920e+00 -3.7134e-01 -1.8572e+00 -5.9859e-01 -1.5327e-01 +3.2955e-01 -2.5776e+00 +3.8029e+00 -2.7208e+00 +1.4648e+00 -1.0883e+00 -1.3768e+00 -1.5783e+00 -9.4871e-01 +5.0641e-01
257 +3.463275335e+04 +3.463275335e+04 +3.458605335e+04 +3.458605335e+04 +1.8108e-01 -2.1925e+00 -3.8970e+00 -5.0000e+00 +0.0000e+00 -4.4462e-01 +6.5973e-02 -3.0736e+00 -4.2538e-01 +4.6464e+00 +3.1496e+00 -3.6253e+00 +2.5748e+00 -5.0000e+00 +0.0000e+00 +0.0000e+00 +1.2551e-02 -3.5075e+00 +2.4390e-01 +2.1871e-01
376 +2.034213427e+04 +2.034213427e+04 +2.029543427e+04 +2.029543427e+04 +8.2021e-01 +4.1661e-01 -4.4949e+00 -4.9912e+00 -4.7378e+00 -1.9452e+00 +0.0000e+00 -3.8967e+00 +1.0965e-01 +1.3192e+00 +1.3167e+00 -2.4666e+00 +2.0213e+00 -4.0970e+00 -2.8109e-01 +1.7849e-01 +1.5209e-02 -4.3473e+00 +8.4547e-01 +2.1819e+00
424 +1.401545121e+04 +1.401545121e+04 +1.396875121e+04 +1.396875121e+04 +6.2789e-01 -2.9435e-01 -3.0896e+00 -4.7954e+00 -7.1789e-01 -3.0605e+00 -3.1484e-01 -3.1703e+00 -3.4395e-01 +2.8539e+00 -1.0299e+00 -1.3056e+00 +2.3775e+00 -4.3302e+00 -3.8820e-01 -8.6075e-01 -2.8120e-01 -5.0000e+00 -1.6827e+00 +1.2287e+00
1397 +8.113461164e+03 +8.113461164e+03 +8.066761164e+03 +8.066761164e+03 +9.5322e-01 +2.0420e+00 -3.7359e+00 -4.4611e+00 +9.4334e-01 -1.3766e+00 +4.7278e-01 -3.4266e+00 +1.6091e+00 +1.5514e+00 +6.2741e-01 -3.0315e+00 +2.9953e+00 -3.5714e+00 -3.6238e-01 +1.6731e-01 +1.2557e+00 -5.0000e+00 +2.5279e-02 +1.8114e+00
2280 +5.878520591e+03 +5.878520591e+03 +5.831820591e+03 +5.831820591e+03 +0.0000e+00 +1.5690e+00 -4.5951e+00 -5.0000e+00 +8.5714e-01 -1.5552e+00 +9.9066e-01 -6.7921e-01 -8.1031e-01 +2.3949e+00 +1.5703e+00 -3.1048e+00 +2.3992e+00 -3.0329e+00 -4.1162e-01 -1.4220e+00 +2.1545e+00 -2.7643e+00 +0.0000e+00 +2.2094e+00
3178 +2.389029946e+03 +2.389029946e+03 +2.342329946e+03 +2.342329946e+03 +6.6644e-01 -2.4099e-01 -3.9765e+00 -4.9894e+00 -6.4338e-01 -2.0685e+00 -1.5108e-01 -1.4763e-01 +1.4872e+00 +0.0000e+00 +8.2933e-01 -4.0603e+00 +1.4758e+00 -3.4177e+00 +0.0000e+00 -1.6420e+00 +2.2921e+00 -2.5000e+00 -5.0016e-01 +1.2094e+00
5687 +1.228905224e+03 +1.228905224e+03 +1.182205224e+03 +1.182205224e+03 -1.4148e+00 +2.4191e-01 -3.7044e+00 -4.8505e+00 -7.2442e-01 -2.6794e+00 -1.8776e+00 -1.4136e+00 +8.4592e-01 +1.8022e+00 -8.3276e-02 -3.8614e+00 +2.4863e+00 -3.2741e+00 +1.3704e+00 -2.5830e-01 +2.7229e+00 -3.7612e+00 +7.3219e-01 +1.2500e+00
7037 +8.169898250e+02 +8.169898250e+02 +7.702898250e+02 +7.702898250e+02 -9.6869e-01 +5.0901e-02 -3.3604e+00 -4.8242e+00 -1.3161e+00 -3.7561e+00 -2.2583e-01 -2.2094e+00 +6.1601e-01 +8.4689e-01 -1.3011e-01 -4.3660e+00 +2.2651e+00 -3.5053e+00 -2.0891e-01 -5.6188e-01 +1.6742e+00 -2.9558e+00 -4.8882e-01 +1.3790e+00
8147 +5.581453017e+02 +5.581453017e+02 +5.114453017e+02 +5.114453017e+02 -4.3275e-01 +1.2282e-01 -3.3462e+00 -4.7552e+00 -2.9437e-01 -2.0096e+00 -8.0190e-01 -1.6798e+00 +1.5225e-01 +8.2392e-01 +3.7619e-01 -4.4740e+00 +2.0761e+00 -3.5798e+00 -2.0679e-01 -6.2500e-01 +2.1581e+00 -3.2202e+00 -4.9307e-01 +9.7560e-01
9338 +3.917240880e+02 +3.917240880e+02 +3.450240880e+02 +3.450240880e+02 -1.7198e-01 -1.3299e-01 -3.4462e+00 -4.7980e+00 -4.0541e-01 -2.1457e+00 -4.8826e-01 -1.6311e+00 +3.4651e-02 +1.2500e+00 +2.0467e-01 -4.4907e+00 +2.3316e+00 -3.6144e+00 -3.9997e-02 -8.0575e-01 +2.0839e+00 -3.2821e+00 -2.3591e-01 +1.7434e+00
10675 +2.476078970e+02 +2.476078970e+02 +2.009078970e+02 +2.009078970e+02 -4.6611e-01 +3.5152e-01 -3.3786e+00 -4.6878e+00 -4.5387e-01 -2.1702e+00 -1.5850e-01 -1.3118e+00 +4.5251e-01 +1.0212e+00 +2.6457e-02 -4.2237e+00 +2.2579e+00 -3.5940e+00 +6.4442e-01 -8.0223e-01 +2.3197e+00 -3.2382e+00 -2.0931e-01 +1.6778e+00
16763 +1.147055508e+02 +1.147055508e+02 +6.800555082e+01 +6.800555082e+01 -2.6545e-01 +2.6790e-01 -3.3984e+00 -3.2574e+00 -5.1043e-01 -2.0917e+00 -1.5625e-01 -1.2500e+00 +3.1381e-01 +9.6965e-01 -3.7834e-02 -3.8152e+00 +1.8750e+00 -3.7478e+00 +7.3563e-01 -1.2500e+00 +1.7716e+00 -3.4881e+00 -2.7151e-01 +1.7086e+00
16774 +9.577355420e+01 +9.577355420e+01 +4.907355420e+01 +4.907355420e+01 -2.4914e-01 +2.3276e-01 -3.3891e+00 -2.8072e+00 -5.1249e-01 -2.1262e+00 -1.5625e-01 -1.2500e+00 +3.2095e-01 +9.9341e-01 -8.1433e-02 -3.8169e+00 +1.8750e+00 -3.7498e+00 +7.5868e-01 -1.2500e+00 +1.7785e+00 -3.4375e+00 -2.4471e-01 +1.6992e+00
25745 +6.305394853e+01 +6.305394853e+01 +1.635394853e+01 +1.635394853e+01 -2.4128e-01 +4.3920e-01 -2.9134e+00 -2.8906e+00 -7.3053e-01 -2.1386e+00 -1.2587e-01 -1.1866e+00 +3.7109e-01 +9.9955e-01 -8.0063e-02 -3.8063e+00 +1.7171e+00 -3.8132e+00 +6.7695e-01 -1.3508e+00 +1.7592e+00 -3.4549e+00 -2.2420e-01 +1.7416e+00
33523 +3.920214489e+01 +3.920214489e+01 -7.497855114e+00 -7.497855114e+00 +7.8719e-02 +6.2500e-01 -2.7414e+00 -2.8693e+00 -8.0838e-01 -2.3047e+00 -2.3433e-01 -1.2776e+00 +3.0866e-01 +9.8478e-01 -8.6673e-02 -3.8416e+00 +1.7184e+00 -3.7962e+00 +7.4781e-01 -1.3400e+00 +1.7521e+00 -3.4397e+00 -2.2363e-01 +1.7133e+00
38345 +2.478248553e+01 +2.478248553e+01 -2.191751447e+01 -2.191751447e+01 +1.1713e-01 +8.9828e-01 -2.5994e+00 -2.7369e+00 -7.9620e-01 -2.2785e+00 -2.7572e-01 -1.2756e+00 +3.1250e-01 +9.8053e-01 -8.2135e-02 -3.8442e+00 +1.7012e+00 -3.8388e+00 +7.4140e-01 -1.3466e+00 +1.7494e+00 -3.4559e+00 -2.2198e-01 +1.7152e+00
42754 +1.570223652e+01 +1.570223652e+01 -3.099776348e+01 -3.099776348e+01 +2.6615e-01 +9.3750e-01 -2.5233e+00 -2.7248e+00 -7.9102e-01 -2.3318e+00 -2.9804e-01 -1.3378e+00 +3.0989e-01 +9.7856e-01 -7.9638e-02 -3.8496e+00 +1.7156e+00 -3.8026e+00 +7.3134e-01 -1.3535e+00 +1.7441e+00 -3.4551e+00 -2.2422e-01 +1.7062e+00
% function evaluation | noise-free fitness - Fopt (-9.308000000000e+01) | best noise-free fitness - Fopt | measured fitness | best measured fitness | x1 | x2...
1 +7.143388391e+05 +7.143388391e+05 +7.142457591e+05 +7.142457591e+05 -3.7339e+00 -1.2659e+00 +2.3078e+00 +4.0403e+00 -9.9781e-01 +1.1229e+00 -2.6381e+00 +9.8351e-01 +4.5041e+00 +9.8739e-01 -4.2690e+00 -2.2385e+00 -2.4682e+00 +4.8144e+00 -3.1171e+00 -2.6643e+00 -2.7427e+00 +3.2127e+00 +2.5779e+00 -4.1243e+00
2 +3.148033378e+05 +3.148033378e+05 +3.147102578e+05 +3.147102578e+05 -4.0972e+00 +1.3583e+00 -4.7492e+00 -6.1140e-01 -3.3998e-01 -4.3122e+00 +2.9451e+00 -3.0123e+00 +1.6670e-01 -1.3194e-01 -2.2949e+00 -7.9616e-01 -8.5694e-01 +3.0244e-01 -3.6500e+00 -4.6970e+00 -1.3244e+00 -2.1819e+00 +2.2108e+00 -1.8074e+00
16 +2.315296255e+05 +2.315296255e+05 +2.314365455e+05 +2.314365455e+05 -1.5053e+00 -3.5557e+00 -9.3779e-01 +4.6666e+00 +4.5321e+00 -2.2529e+00 -2.0286e+00 +3.8971e+00 -1.8925e+00 -1.7974e+00 +6.1679e-02 -2.3256e+00 -2.4236e+00 -4.1532e+00 +3.5202e+00 +1.7941e+00 -3.7670e+00 -3.6106e-01 -7.9646e-02 +2.8636e+00
43 +1.445507286e+05 +1.445507286e+05 +1.444576486e+05 +1.444576486e+05 -4.1887e+00 -8.4220e-02 +1.3103e+00 +1.2848e+00 +9.9311e-01 +1.4367e+00 +1.9800e+00 -3.3141e+00 +3.3850e+00 +1.8896e+00 +2.0768e+00 +1.2621e+00 -1.3739e+00 -1.2238e+00 +5.0000e+00 +5.7817e-02 -1.9934e+00 -9.0227e-01 -1.7358e-02 +9.0674e-01
48 +6.990834222e+04 +6.990834222e+04 +6.981526222e+04 +6.981526222e+04 -6.3657e-01 -4.2123e+00 -1.7518e+00 +1.2698e+00 +1.5686e+00 -4.7773e+00 -1.3238e+00 +3.0274e-01 -4.0618e+00 -2.8774e+00 +3.3045e+00 -2.6277e+00 -1.0302e+00 -2.0268e+00 +5.0000e+00 +2.8194e+00 -1.4806e+00 -5.0059e-02 -4.6105e+00 +2.2661e+00
72 +4.235039248e+04 +4.235039248e+04 +4.225731248e+04 +4.225731248e+04 -3.6617e+00 -2.9468e+00 -4.2735e+00 +4.7020e+00 -9.5474e-01 -4.3639e+00 -1.8930e+00 -3.9647e-01 -1.1354e+00 -3.5869e+00 +2.8073e-01 -3.4052e+00 -2.1925e+00 -4.4725e+00 +4.4891e+00 +6.3513e-01 -2.1292e+00 +1.4863e+00 +1.5888e-01 +5.0000e+00
146 +3.545058546e+04 +3.545058546e+04 +3.535750546e+04 +3.535750546e+04 -2.7959e+00 +3.7676e-01 -3.5715e-01 +3.4656e+00 -2.4136e+00 -2.8891e+00 -2.0595e+00 -1.3776e+00 -1.7927e+00 -5.0000e+00 +2.4547e+00 -3.8426e+00 -4.7493e-01 +0.0000e+00 +0.0000e+00 +0.0000e+00 +0.0000e+00 +3.5648e-01 -3.4363e-01 +5.0000e+00
189 +2.067014013e+04 +2.067014013e+04 +2.057706013e+04 +2.057706013e+04 -1.3342e+00 -1.9826e+00 -3.1831e+00 +2.4548e+00 +0.0000e+00 -4.7267e-01 -2.3941e+00 -1.6600e+00 -2.3482e+00 -4.7171e+00 +1.6698e+00 -2.8253e+00 -1.2489e+00 +5.5924e-01 +1.3947e+00 -1.1099e+00 -5.2059e-01 +0.0000e+00 -2.1730e-01 +4.7478e+00
843 +1.370425092e+04 +1.370425092e+04 +1.361117092e+04 +1.361117092e+04 -1.5508e+00 -3.5524e+00 -2.2760e+00 +3.0264e+00 +0.0000e+00 -4.4383e+00 +1.9541e-01 -7.3681e-01 -6.9986e-01 -1.4436e-01 +1.2627e+00 -9.8161e-01 +1.0957e+00 +0.0000e+00 +3.3594e+00 +6.8428e-01 -5.0000e+00 -1.8907e+00 -8.8019e-01 +4.3903e+00
1532 +5.081767999e+03 +5.081767999e+03 +4.988687999e+03 +4.988687999e+03 -2.5000e+00 -2.7278e+00 -1.0577e+00 +2.5952e+00 -7.9472e-01 -2.5000e+00 -1.5730e+00 -2.6156e+00 +9.1350e-01 -1.8430e+00 +1.9083e+00 -5.0374e-01 +8.3352e-01 -1.4562e+00 +2.0297e+00 +3.4231e-01 -3.1515e+00 -1.5894e+00 -8.5632e-01 +3.5275e+00
2072 +3.943836850e+03 +3.943836850e+03 +3.850756850e+03 +3.850756850e+03 -1.0503e+00 -1.3273e+00 -1.3873e+00 +1.5883e+00 -4.7938e-01 -2.6009e+00 -1.4967e+00 -1.3491e+00 +9.5603e-01 -1.1921e+00 +1.8474e+00 -5.3371e-01 +1.1071e-02 -1.2500e+00 +1.8401e+00 -5.4172e-01 -3.0903e+00 +0.0000e+00 -8.7108e-01 +4.2629e+00
3819 +1.904571614e+03 +1.904571614e+03 +1.811491614e+03 +1.811491614e+03 -2.8395e+00 -1.8332e+00 -2.1978e+00 +8.7342e-01 -1.6153e+00 -3.7412e+00 +4.1062e-01 +5.3067e-01 -2.1639e+00 -2.6617e+00 +4.2591e-01 -1.1517e+00 +9.1003e-01 -8.3924e-01 +1.2469e+00 -1.1602e+00 -2.1402e+00 +9.3166e-01 -5.1386e-01 +3.8594e+00
3977 +1.230970691e+03 +1.230970691e+03 +1.137890691e+03 +1.137890691e+03 -2.8751e+00 -2.6230e+00 -2.3300e+00 +1.8402e+00 -1.4245e+00 -2.8968e+00 +1.5650e-01 -6.0324e-01 -1.7960e+00 -1.6877e+00 +2.5456e+00 -1.2637e+00 +4.8913e-01 -1.4056e+00 +1.2604e+00 -1.3768e+00 -1.6597e+00 +8.9376e-01 -5.2057e-01 +4.1528e+00
4310 +8.005977796e+02 +8.005977796e+02 +7.075177796e+02 +7.075177796e+02 -2.9131e+00 -2.4621e+00 -2.3452e+00 +1.2500e+00 -1.2951e+00 -3.0256e+00 -5.2603e-01 -3.2007e-01 -7.4841e-01 -1.3348e+00 +2.5000e+00 -1.0697e+00 +8.7006e-01 -1.1232e+00 +1.4833e+00 -2.2413e+00 -2.0529e+00 +3.4355e-01 -7.0866e-01 +4.1433e+00
5540 +6.057363059e+02 +6.057363059e+02 +5.126563059e+02 +5.126563059e+02 -2.4444e+00 -2.3712e+00 -2.3572e+00 +1.0391e+00 -1.2844e+00 -2.5325e+00 -1.5212e+00 -5.6307e-02 -5.7816e-01 -1.2860e+00 +2.5000e+00 -7.6691e-01 +7.7477e-01 -1.4919e+00 +1.1109e+00 -2.4367e+00 -2.3250e+00 +7.8164e-01 -7.1065e-01 +4.1330e+00
8649 +3.980668802e+02 +3.980668802e+02 +3.049868802e+02 +3.049868802e+02 -2.6923e+00 -2.9237e+00 -2.1195e+00 +1.0979e+00 -2.3942e+00 -1.5720e+00 -3.8620e-03 +2.0618e-01 -4.7141e-01 -1.9391e+00 +2.4890e+00 -1.1406e+00 +4.4564e-01 -1.2441e+00 +1.4296e+00 -2.4832e+00 -2.4113e+00 +7.5282e-01 -7.8125e-01 +3.9009e+00
11180 +2.408573648e+02 +2.408573648e+02 +1.477773648e+02 +1.477773648e+02 -2.2889e+00 -2.6373e+00 -2.0007e+00 +1.2500e+00 -1.6097e+00 -2.2726e+00 -3.1250e-01 +7.3768e-02 -5.7754e-01 -1.6985e+00 +2.5000e+00 -9.4392e-01 +2.3344e-01 -1.4647e+00 +1.3005e+00 -2.3363e+00 -2.1052e+00 +8.1186e-01 -7.8242e-01 +3.9696e+00
27233 +1.555218598e+02 +1.555218598e+02 +6.244185978e+01 +6.244185978e+01 -1.9642e+00 -2.7358e+00 -1.5035e+00 +1.0101e+00 -1.3276e+00 -1.9955e+00 -1.5418e-01 +1.5588e-01 -4.4803e-01 -1.6207e+00 +2.3739e+00 -1.0232e+00 +1.0456e-01 -1.3355e+00 +1.7830e+00 -4.9549e-01 -2.2852e+00 +7.1358e-01 -9.3750e-01 +3.1740e+00
31561 +9.983760071e+01 +9.983760071e+01 +6.757600711e+00 +6.757600711e+00 -1.9667e+00 -2.7344e+00 -1.5264e+00 +9.3750e-01 -1.5091e+00 -2.0088e+00 -1.4678e-01 +1.7058e-01 -4.4673e-01 -1.6263e+00 +2.3712e+00 -9.3224e-01 +5.2358e-01 -8.3015e-01 +2.2184e+00 -4.6875e-01 -2.2932e+00 +7.1004e-01 -9.3639e-01 +3.1788e+00
% function evaluation | noise-free fitness - Fopt (4.168000000000e+01) | best noise-free fitness - Fopt | measured fitness | best measured fitness | x1 | x2...
1 +2.629305451e+05 +2.629305451e+05 +2.629722251e+05 +2.629722251e+05 -1.9216e+00 -8.5805e-01 +2.3216e+00 -3.7187e+00 +1.9187e+00 -9.8960e-01 +1.1295e+00 -4.6922e-01 +3.9277e-01 +2.6681e-02 -3.6262e+00 -3.9093e+00 -3.2808e+00 +3.2668e+00 +1.9374e+00 -4.3964e-01 -1.9488e+00 +3.4826e+00 -3.1479e+00 +1.7483e+00
3 +2.153738211e+05 +2.153738211e+05 +2.154155011e+05 +2.154155011e+05 +1.5925e+00 -3.5348e+00 -1.8392e+00 -9.7754e-01 -2.3527e+00 +1.1316e+00 +3.7885e+00 -1.0620e-01 +1.4803e+00 -1.4119e+00 +1.7529e+00 -1.3585e+00 +2.8943e+00 +8.3574e-01 -3.4255e+00 +1.5972e+00 -2.1775e+00 -7.8134e-01 -2.2877e+00 +3.1216e+00
69 +9.132247509e+04 +9.132247509e+04 +9.136415509e+04 +9.136415509e+04 +2.4249e+00 -1.4673e+00 -1.0178e-01 -1.2905e-01 +1.5110e+00 -5.0000e+00 +2.0724e+00 -2.1903e+00 -1.7256e+00 -1.1461e+00 -3.0383e+00 +3.9612e-03 +2.2415e+00 -7.8787e-01 -1.6384e+00 +7.1023e-01 +3.5451e-01 +3.5049e-01 -1.2405e+00 +2.0471e+00
105 +5.772810514e+04 +5.772810514e+04 +5.776978514e+04 +5.776978514e+04 +2.4903e+00 -1.9281e+00 +0.0000e+00 -8.1569e-01 +1.2022e-01 -1.9719e+00 +1.9393e+00 -3.2813e+00 -1.4948e+00 +2.2567e+00 +0.0000e+00 -3.7454e-01 +2.2189e+00 -1.9012e+00 -1.8856e+00 -1.3114e+00 +1.4562e+00 -1.4905e+00 -3.5324e+00 +5.1559e-01
133 +2.598462769e+04 +2.598462769e+04 +2.602630769e+04 +2.602630769e+04 +0.0000e+00 -2.1137e+00 -5.3367e-01 -4.4403e-01 +7.6825e-01 +1.2341e+00 +0.0000e+00 +1.0782e-01 -1.0029e+00 +1.8938e+00 -2.0695e+00 -5.0000e+00 +8.2438e-01 -1.8698e+00 -1.5760e+00 -2.0142e+00 +0.0000e+00 -1.2726e-01 -5.0000e+00 -1.7915e+00
200 +1.339951442e+04 +1.339951442e+04 +1.344119442e+04 +1.344119442e+04 +1.8093e+00 -2.8476e+00 -1.2213e-01 +8.1201e-01 +8.3953e-01 -2.0413e+00 +0.0000e+00 +0.0000e+00 -1.7074e+00 +4.0622e-01 -2.3624e+00 -3.5901e+00 +1.0133e+00 -3.4853e+00 -4.0315e+00 -1.7102e+00 -8.3549e-02 -4.5850e-02 -2.5284e+00 -2.6784e+00
1176 +8.847950818e+03 +8.847950818e+03 +8.889630818e+03 +8.889630818e+03 +1.5422e+00 -4.4519e+00 -6.9693e-01 +5.8116e-01 -1.1401e+00 -1.4423e+00 +2.2873e+00 -1.1864e+00 -3.6878e+00 +1.2159e+00 -1.3463e+00 -3.5949e+00 -1.2465e+00 -4.7608e+00 -4.3337e+00 -2.2370e+00 -2.0065e+00 -3.8892e-01 -2.0553e+00 -4.5910e+00
1773 +6.011029222e+03 +6.011029222e+03 +6.052709222e+03 +6.052709222e+03 +1.9049e+00 -2.0740e+00 +3.4399e-01 +0.0000e+00 -1.9011e+00 -9.1476e-01 +5.2844e-01 +0.0000e+00 -1.4407e+00 -2.9745e-01 -2.0134e+00 -3.2821e+00 +5.5211e-01 -3.3847e+00 -2.5000e+00 -1.4244e+00 -2.1709e+00 -2.0031e+00 -1.1885e+00 -2.0379e+00
2445 +3.736982972e+03 +3.736982972e+03 +3.778662972e+03 +3.778662972e+03 -1.3998e-01 -2.8438e+00 +0.0000e+00 +1.0882e+00 +4.4243e-01 -1.2522e+00 +2.4035e+00 +0.0000e+00 -3.9756e+00 -3.1962e-01 -2.6704e+00 -2.5000e+00 -8.0895e-01 -3.5242e+00 -3.4671e+00 -3.8258e+00 -2.8049e+00 -9.3085e-01 -2.2778e+00 -3.5892e+00
3720 +2.068506236e+03 +2.068506236e+03 +2.110186236e+03 +2.110186236e+03 +3.6876e-01 -2.5821e+00 +3.1343e-01 +6.8429e-03 -1.3095e+00 -1.8232e+00 +1.8071e+00 +0.0000e+00 -2.5000e+00 -6.7518e-01 -2.6188e+00 -2.2858e+00 -5.4927e-01 -4.1135e+00 -3.7674e+00 -4.5193e+00 -2.7327e+00 -6.5928e-01 -1.9033e+00 -1.4022e+00
5312 +1.345875935e+03 +1.345875935e+03 +1.387555935e+03 +1.387555935e+03 +1.4951e+00 -2.5000e+00 +8.8167e-01 -3.1729e-01 -1.5674e+00 -1.0969e+00 +0.0000e+00 +0.0000e+00 -2.5000e+00 +2.6754e-01 -1.5568e+00 -2.8150e+00 -1.7734e+00 -2.5544e+00 -4.3589e+00 -2.8885e+00 -2.7088e+00 -1.2120e+00 -2.4107e+00 -2.9928e+00
5968 +9.661944966e+02 +9.661944966e+02 +1.007874497e+03 +1.007874497e+03 -5.4887e-01 -2.5000e+00 +0.0000e+00 +4.1111e-01 -6.1637e-01 -1.2390e+00 +1.6096e+00 +0.0000e+00 -2.5059e+00 +7.4499e-01 -1.5876e+00 -2.8827e+00 -1.6181e-01 -2.5000e+00 -3.9875e+00 -2.9695e+00 -2.8004e+00 -4.7401e-01 -2.5000e+00 -2.6166e+00
8331 +6.031282985e+02 +6.031282985e+02 +6.448082985e+02 +6.448082985e+02 +1.6750e-02 -2.6399e+00 +6.4090e-01 -6.5859e-01 -9.6467e-01 -3.8832e-01 +1.5155e+00 +0.0000e+00 -2.5000e+00 +2.2386e-01 -2.5686e+00 -4.1017e+00 -4.6796e-01 -2.6298e+00 -3.5357e+00 -3.5907e+00 -2.4425e+00 +4.3312e-01 -1.2256e+00 -1.8350e+00
10776 +3.979412770e+02 +3.979412770e+02 +4.396212770e+02 +4.396212770e+02 +1.6636e-01 -2.6523e+00 +1.2073e+00 +6.1033e-01 -5.8727e-01 -1.4359e-01 +1.9022e+00 +0.0000e+00 -2.5001e+00 +4.5832e-01 -2.2518e+00 -3.2216e+00 -3.9186e-01 -2.7346e+00 -3.8212e+00 -3.1901e+00 -2.6440e+00 -6.4267e-02 -1.7923e+00 -2.7804e+00
14215 +1.230113521e+02 +1.230113521e+02 +1.646913521e+02 +1.646913521e+02 +1.0013e+00 -2.5947e+00 +1.2278e+00 +6.1590e-01 -7.2238e-01 -1.8153e-01 +2.0086e+00 -4.9194e-01 -2.5002e+00 +7.0276e-01 -1.8183e+00 -3.0599e+00 -6.2500e-01 -2.8125e+00 -3.7800e+00 -3.7394e+00 -2.5718e+00 -1.9277e-01 -1.9973e+00 -2.6777e+00
14552 +9.766358492e+01 +9.766358492e+01 +1.393435849e+02 +1.393435849e+02 +8.9690e-01 -2.6277e+00 +1.2290e+00 +7.8794e-01 -5.4494e-01 -2.0273e-01 +1.9044e+00 -5.2901e-01 -2.5003e+00 +7.3240e-01 -1.8036e+00 -3.1953e+00 -5.4278e-01 -2.8125e+00 -3.5656e+00 -3.7308e+00 -2.6843e+00 -1.8692e-01 -2.0123e+00 -2.6760e+00
31412 +6.262934795e+01 +6.262934795e+01 +1.043093480e+02 +1.043093480e+02 +1.2104e+00 -2.0862e+00 +1.3281e+00 +7.7315e-01 -6.5343e-01 -2.4804e-01 +1.7969e+00 -6.1298e-01 -2.6065e+00 +6.2500e-01 -1.8169e+00 -3.1221e+00 -4.4548e-01 -2.6563e+00 -3.5845e+00 -3.5938e+00 -2.7720e+00 -2.8512e-01 -1.9092e+00 -2.5972e+00
39079 +3.814560691e+01 +3.814560691e+01 +7.982560691e+01 +7.982560691e+01 +1.2891e+00 -1.6736e+00 +1.5625e+00 +9.0408e-01 -6.4973e-01 -2.5645e-01 +1.7733e+00 -6.2462e-01 -2.6125e+00 +6.2249e-01 -1.8148e+00 -3.1199e+00 -4.2196e-01 -2.6185e+00 -3.6249e+00 -3.5818e+00 -2.7726e+00 -2.5951e-01 -1.8903e+00 -2.6100e+00
42500 +2.414464132e+01 +2.414464132e+01 +6.582464132e+01 +6.582464132e+01 +1.5448e+00 -1.6214e+00 +1.5625e+00 +8.7191e-01 -6.4483e-01 -2.5519e-01 +1.7847e+00 -6.3166e-01 -2.6121e+00 +6.2320e-01 -1.7971e+00 -3.0662e+00 -3.1250e-01 -2.5795e+00 -3.6229e+00 -3.5711e+00 -2.7728e+00 -2.8371e-01 -1.8975e+00 -2.6081e+00
44419 +1.580451952e+01 +1.580451952e+01 +5.748451952e+01 +5.748451952e+01 +1.5901e+00 -1.5625e+00 +1.6892e+00 +8.8901e-01 -5.9471e-01 -2.5530e-01 +1.7916e+00 -6.3103e-01 -2.6175e+00 +6.2299e-01 -1.7960e+00 -3.0713e+00 -3.6724e-01 -2.5799e+00 -3.6230e+00 -3.5843e+00 -2.7880e+00 -2.6784e-01 -1.8945e+00 -2.6201e+00
