% function evaluation | noise-free fitness - Fopt (3.590000000000e+01) | best noise-free fitness - Fopt | measured fitness | best measured fitness | x1 | x2...
1 +5.672132596e+05 +5.672132596e+05 +5.672491596e+05 +5.672491596e+05 +4.8673e+00 +1.1638e+00 +3.8018e+00 +4.6648e+00 +4.5109e+00 +1.4277e+00 +1.9948e+00 +1.4425e-01 +3.7111e+00 -3.4276e+00
5 +3.441419503e+04 +3.441419503e+04 +3.445009503e+04 +3.445009503e+04 +6.4844e-01 +2.4790e+00 -9.2843e-01 -4.6874e+00 -1.2269e+00 -1.9841e+00 -4.9533e+00 -3.1948e+00 +1.5784e+00 +4.8306e+00
73 +1.058372553e+03 +1.058372553e+03 +1.094272553e+03 +1.094272553e+03 -3.1273e+00 +1.0103e+01 +1.6532e+00 -6.1460e+00 +1.3109e+00 -5.5381e-02 -9.4931e+00 -2.4320e-01 -2.0914e+00 +3.2471e+00
126 +8.665360407e+02 +8.665360407e+02 +9.024360407e+02 +9.024360407e+02 -7.2443e+00 +1.1869e+01 +3.8819e+00 -1.0375e+01 -1.7370e-01 -1.7161e+00 -1.3432e+01 -1.4576e+00 +2.1053e+00 +1.0191e+01
253 +5.503473565e+02 +5.503473565e+02 +5.862473565e+02 +5.862473565e+02 -4.0552e+00 +1.2054e+01 +7.3011e+00 -7.0456e+00 -3.4092e+00 +6.9857e-01 +3.8211e+00 +1.1300e+00 -1.8480e+00 +3.2790e+00
514 +3.484684573e+02 +3.484684573e+02 +3.843684573e+02 +3.843684573e+02 +2.4195e+00 +1.2596e+01 +4.6766e+00 -4.8896e+00 +1.2920e+00 -1.2337e+00 -4.6410e+00 -1.5129e+00 -4.5466e+00 +1.8750e+00
1003 +2.339505894e+02 +2.339505894e+02 +2.698505894e+02 +2.698505894e+02 +6.7978e-01 +1.0480e+01 +3.0464e-01 -2.1297e+00 -3.4458e-01 -1.8776e+00 -4.8866e+00 -9.3174e-01 -4.5095e+00 +6.5485e+00
1702 +1.260407305e+02 +1.260407305e+02 +1.619407305e+02 +1.619407305e+02 +8.9182e-02 +7.5165e+00 +3.0865e+00 +1.9035e-01 -2.6611e-01 -2.5088e+00 -3.1485e-01 -2.9991e+00 -4.9452e+00 +3.5081e+00
2356 +8.161656846e+01 +8.161656846e+01 +1.175165685e+02 +1.175165685e+02 +1.0973e+00 +4.8041e+00 +3.0865e+00 +7.8612e-01 +1.4482e+00 -2.5088e+00 -3.7580e+00 -2.7890e+00 -4.9452e+00 +2.9845e+00
2652 +5.796821552e+01 +5.796821552e+01 +9.386821552e+01 +9.386821552e+01 +1.5730e+00 +3.9524e+00 +2.3009e+00 +1.1773e+00 -5.8734e-01 -2.5879e+00 -3.6173e+00 -1.4880e+00 -5.2603e+00 +1.6996e+00
3554 +2.868741275e+01 +2.868741275e+01 +6.458741275e+01 +6.458741275e+01 +2.3806e+00 +3.1113e+00 +3.0469e+00 +1.3603e+00 -8.4189e-01 -3.5865e+00 -4.3716e+00 -3.0685e+00 -3.9030e+00 -1.0219e+00
4671 +2.358246424e+01 +2.358246424e+01 +5.948246424e+01 +5.948246424e+01 +1.8933e+00 +3.5025e+00 +3.2657e+00 +1.5864e+00 -5.2951e-01 -2.2800e+00 -3.1374e+00 -3.0651e+00 -3.6828e+00 -1.0334e+00
% function evaluation | noise-free fitness - Fopt (3.137000000000e+01) | best noise-free fitness - Fopt | measured fitness | best measured fitness | x1 | x2...
1 +5.810181630e+05 +5.810181630e+05 +5.810495330e+05 +5.810495330e+05 -3.3297e+00 -4.0026e+00 +1.1580e-01 -1.0089e+00 +4.6110e+00 +8.8320e-01 -2.2623e+00 +1.8262e-01 +2.4445e+00 -1.1829e+00
5 +2.882683296e+05 +2.882683296e+05 +2.882996996e+05 +2.882996996e+05 +1.9972e+00 -1.2075e+00 -2.7223e+00 +1.9144e+00 +2.8806e-01 -2.2846e+00 -8.4693e-01 -2.9143e+00 +2.2634e+00 +4.4353e+00
19 +1.660010946e+05 +1.660010946e+05 +1.660324646e+05 +1.660324646e+05 -4.4861e+00 +2.9126e-01 -1.3572e+00 -2.2291e+00 -2.5625e+00 -3.5070e+00 -3.8871e+00 +4.4471e+00 -5.9916e-01 -7.2847e-01
27 +1.151004392e+05 +1.151004392e+05 +1.151318092e+05 +1.151318092e+05 +2.5335e+00 +1.7528e+00 -2.4428e+00 -3.3805e+00 +5.6940e-01 -3.9947e+00 +1.5823e+00 -3.4053e-01 +2.8904e+00 -6.2594e-02
52 +3.208282322e+04 +3.208282322e+04 +3.211419322e+04 +3.211419322e+04 +6.9957e+00 +3.5494e+00 -2.8525e+00 -2.3614e+00 -2.5625e+00 -8.6128e+00 +2.5838e+00 +3.4812e+00 +6.0408e+00 +9.4673e-01
104 +2.306261121e+03 +2.306261121e+03 +2.337631121e+03 +2.337631121e+03 +3.7602e+00 +2.5289e+00 +7.9959e-01 +6.9204e-01 -5.4620e+00 -5.2876e+00 +2.0528e+00 +1.8727e-01 +7.3027e+00 +9.6993e-01
191 +9.325485083e+02 +9.325485083e+02 +9.639185083e+02 +9.639185083e+02 +1.0627e+01 +1.1124e+01 -2.5046e+00 -2.6844e+00 -1.0077e+01 -7.1629e+00 +4.7718e+00 +1.3655e+00 +8.3186e+00 +1.8285e+00
363 +6.169323527e+02 +6.169323527e+02 +6.483023527e+02 +6.483023527e+02 +8.5789e+00 +9.0542e+00 -5.2403e+00 +6.1856e-01 -2.8202e+00 -9.1010e+00 +4.5506e+00 +7.0477e+00 +4.1858e+00 +3.5460e+00
492 +2.967025065e+02 +2.967025065e+02 +3.280725065e+02 +3.280725065e+02 +2.9152e+00 +5.1550e+00 -9.4050e-01 -2.4367e+00 -1.6324e+00 -8.1071e+00 +2.8330e-01 +7.0300e+00 +5.6657e+00 +6.7243e-01
751 +2.246567004e+02 +2.246567004e+02 +2.560267004e+02 +2.560267004e+02 +4.4627e+00 +8.3151e+00 -2.2727e+00 -5.2453e-01 -4.7215e+00 -4.7636e+00 -9.7604e-01 +4.0339e+00 +2.2332e+00 +2.3891e+00
1305 +1.477246811e+02 +1.477246811e+02 +1.790946811e+02 +1.790946811e+02 +1.6820e+00 +4.9777e+00 -4.1320e+00 +6.9961e-01 -5.1586e+00 -1.8341e+00 -7.2682e-01 +5.7945e+00 +1.1750e+00 +1.0121e+00
2114 +8.520418454e+01 +8.520418454e+01 +1.165741845e+02 +1.165741845e+02 +1.6820e+00 +4.9777e+00 -4.1320e+00 +6.9961e-01 -5.1586e+00 -1.5879e+00 -5.1574e+00 +5.7945e+00 +1.0217e+00 +1.0121e+00
2853 +5.203650069e+01 +5.203650069e+01 +8.340650069e+01 +8.340650069e+01 +2.3840e+00 +3.4962e+00 -2.7110e+00 +2.4055e+00 -3.2109e+00 -2.0453e+00 -1.6740e+00 +2.2246e+00 +1.3205e+00 +1.6364e+00
4059 +3.586269880e+01 +3.586269880e+01 +6.723269880e+01 +6.723269880e+01 +1.8341e+00 +4.0524e+00 -3.8374e+00 +3.5133e+00 -3.9562e+00 -6.4167e-01 -4.1872e+00 +4.0619e+00 +1.0331e+00 +1.2479e+00
% function evaluation | noise-free fitness - Fopt (-1.000000000000e+03) | best noise-free fitness - Fopt | measured fitness | best measured fitness | x1 | x2...
1 +6.551158703e+05 +6.551158703e+05 +6.541158703e+05 +6.541158703e+05 +4.0448e+00 +1.1820e+00 +3.4960e-01 +3.0034e+00 -2.8794e+00 +2.7409e+00 +1.6826e+00 +1.4687e+00 -3.9191e+00 +7.3539e-02
2 +2.902428317e+05 +2.902428317e+05 +2.892428317e+05 +2.892428317e+05 +2.2887e+00 +2.9305e-01 +1.9137e+00 -3.7546e+00 -3.1676e+00 -1.4613e+00 -1.9043e+00 +3.0678e+00 +5.0138e-01 +4.2381e+00
24 +6.558594090e+04 +6.558594090e+04 +6.458594090e+04 +6.458594090e+04 -1.1607e+00 -4.9373e+00 +1.5839e+00 +2.8877e+00 -2.8177e+00 -2.2074e+00 +4.3754e+00 +2.4319e+00 -3.0899e+00 +4.9168e+00
63 +3.430287578e+04 +3.430287578e+04 +3.330287578e+04 +3.330287578e+04 -2.9885e-01 -2.4627e+00 +3.6122e+00 -2.5776e+00 -3.4978e+00 -1.6952e+00 +3.5757e+00 +1.8660e+00 -8.9616e-01 +7.4330e+00
115 +6.967721683e+03 +6.967721683e+03 +5.967721683e+03 +5.967721683e+03 -3.2010e-01 -3.8570e+00 +4.2837e+00 +3.3891e+00 -4.3631e+00 -1.2759e+00 +3.1901e+00 +1.4424e+00 -2.2039e-01 +9.6333e+00
180 +1.759221418e+03 +1.759221418e+03 +7.592214184e+02 +7.592214184e+02 -3.8794e+00 -2.6620e+00 +7.3688e+00 +4.0560e-01 -8.2041e+00 -5.0213e+00 +2.2939e+00 +3.6658e+00 +1.0495e+00 +1.7166e+01
262 +1.332857448e+03 +1.332857448e+03 +3.328574482e+02 +3.328574482e+02 -1.8803e-01 -6.3409e+00 +9.2013e+00 -3.2905e+00 -4.9430e+00 -6.6565e+00 +8.8797e+00 +2.1574e+00 +1.0179e+00 +2.1165e+01
271 +3.990532554e+02 +3.990532554e+02 -6.009467446e+02 -6.009467446e+02 -2.6617e+00 -3.5538e+00 +7.9719e+00 -9.7859e-01 -7.2466e+00 -6.7477e-01 -3.6296e-01 +4.0616e-01 +3.1677e+00 +7.9418e+00
375 +3.850656769e+02 +3.850656769e+02 -6.149343231e+02 -6.149343231e+02 -3.1758e+00 -4.1631e+00 +6.7395e+00 +1.5570e+00 -5.8438e+00 -2.8327e+00 +2.6333e+00 -3.0700e+00 +3.2297e-01 +8.4517e+00
415 +2.118872816e+02 +2.118872816e+02 -7.881127184e+02 -7.881127184e+02 +2.1295e-01 -6.4978e+00 +6.2078e-01 +4.5284e+00 -1.7779e-01 -4.8477e+00 +2.9773e+00 -3.6920e+00 -2.0251e-02 +6.3138e+00
472 +1.385209861e+02 +1.385209861e+02 -8.614790139e+02 -8.614790139e+02 -1.0764e+00 -3.8570e+00 +4.2837e+00 +1.9400e+00 -2.2235e+00 -1.2759e+00 +3.1901e+00 -4.0574e+00 -2.2039e-01 +6.5915e+00
1614 +9.186492796e+01 +9.186492796e+01 -9.081350720e+02 -9.081350720e+02 +2.6900e+00 -4.1460e+00 +4.7704e+00 +4.3655e+00 +1.1159e-01 -5.0104e-01 +3.4299e+00 -9.0852e+00 +1.8351e+00 +6.1419e+00
3458 +5.846860543e+01 +5.846860543e+01 -9.415313946e+02 -9.415313946e+02 +2.0272e+00 -2.1417e+00 +5.2920e+00 +4.1626e+00 -4.9487e-01 -1.3473e+00 +3.1837e+00 -6.3103e+00 +1.3156e-01 +4.2848e+00
3989 +2.721850842e+01 +2.721850842e+01 -9.727814916e+02 -9.727814916e+02 +6.8684e-01 -3.5677e+00 +3.9238e+00 +3.3993e+00 +6.6150e-02 -1.6048e+00 +1.4974e+00 -6.3334e+00 -1.9159e-01 +3.9665e+00
4333 +2.367904912e+01 +2.367904912e+01 -9.763209509e+02 -9.763209509e+02 +4.6065e-01 -3.6704e+00 +4.1526e+00 +4.7803e+00 -1.9238e-01 -1.6961e+00 +1.2055e+00 -4.9888e+00 -8.2279e-01 +3.4239e+00
% function evaluation | noise-free fitness - Fopt (1.319200000000e+02) | best noise-free fitness - Fopt | measured fitness | best measured fitness | x1 | x2...
1 +1.319007043e+06 +1.319007043e+06 +1.319138963e+06 +1.319138963e+06 +2.8948e+00 -1.3547e+00 +3.4000e+00 -3.5858e+00 +2.1501e+00 -2.4505e+00 +3.1234e-01 +1.1358e+00 -3.2117e+00 +3.0329e+00
2 +5.782402443e+05 +5.782402443e+05 +5.783721643e+05 +5.783721643e+05 +4.7792e+00 -1.2721e+00 -2.8651e+00 -2.7382e+00 +2.4612e+00 -4.1644e-01 -4.1385e+00 +3.0527e+00 +3.1936e+00 +4.1270e+00
12 +1.893791805e+05 +1.893791805e+05 +1.895111005e+05 +1.895111005e+05 -1.2646e+00 +2.1387e+00 +1.1875e+00 +1.1589e+00 -4.5260e+00 +2.3721e+00 -3.8238e+00 +2.0087e+00 -1.9857e+00 +2.6379e+00
104 +1.442090060e+05 +1.442090060e+05 +1.443409260e+05 +1.443409260e+05 -3.2696e+00 +4.5159e+00 -9.2180e-01 +1.9680e+00 -1.6982e+00 +5.8663e+00 -1.7582e+00 +6.3825e+00 -3.0616e+00 -4.6438e+00
105 +6.296668663e+04 +6.296668663e+04 +6.309860663e+04 +6.309860663e+04 -8.8630e+00 +7.9178e-01 -5.5524e+00 +6.5341e-01 -4.5527e+00 -4.5944e-01 -1.8687e+00 +3.0574e+00 -3.4258e+00 -4.8733e-01
204 +3.439778783e+04 +3.439778783e+04 +3.452970783e+04 +3.452970783e+04 -9.9347e+00 +3.3483e+00 -1.8518e+00 +3.4782e-01 -1.2764e+01 -3.7608e-01 -7.5214e+00 +1.6824e+00 +8.4928e+00 -3.5636e+00
254 +4.954441046e+03 +4.954441046e+03 +5.086361046e+03 +5.086361046e+03 -8.8630e+00 +7.9178e-01 -5.5524e+00 +1.0555e+01 -6.2384e+00 -4.5944e-01 -5.7627e+00 +3.0574e+00 +1.8433e-01 -1.5729e+00
309 +3.675741184e+03 +3.675741184e+03 +3.807661184e+03 +3.807661184e+03 -6.3772e+00 -6.5592e-01 -7.0439e+00 +1.6725e+01 -1.0484e+01 -3.2907e+00 -7.7678e+00 +4.9813e+00 -1.8118e+00 -5.2234e+00
317 +1.114203070e+02 +1.114203070e+02 +2.433403070e+02 +2.433403070e+02 -7.6083e+00 +2.8084e+00 -4.5349e+00 +2.0210e+00 -4.2710e+00 +1.3502e+00 -4.0301e+00 +5.2511e+00 -1.1683e+00 -2.6438e+00
898 +9.832952600e+01 +9.832952600e+01 +2.302495260e+02 +2.302495260e+02 -5.9553e+00 +4.1072e+00 -3.7828e+00 +2.0612e+00 -5.6393e+00 -8.0088e-01 -3.5182e+00 +2.7529e+00 -1.1989e+00 -1.8611e+00
2576 +6.176721236e+01 +6.176721236e+01 +1.936872124e+02 +1.936872124e+02 -5.4295e+00 +2.7674e+00 -3.7494e+00 +2.3611e+00 -3.5811e+00 +8.0217e-02 -3.0581e+00 +4.4274e+00 +1.3382e-01 -4.0820e-01
3124 +2.688738672e+01 +2.688738672e+01 +1.588073867e+02 +1.588073867e+02 -7.5307e+00 +8.8318e-01 -3.5467e+00 +1.2239e+00 -3.4077e+00 +1.9091e+00 -3.3719e+00 +3.9714e+00 -1.2198e+00 +1.1506e+00
3623 +2.444152625e+01 +2.444152625e+01 +1.563615263e+02 +1.563615263e+02 -6.1424e+00 +2.2582e+00 -3.3946e+00 +1.4327e+00 -3.6121e+00 +1.6855e+00 -3.4922e+00 +4.4640e+00 -5.4739e-01 +1.5839e+00
4781 +1.337143315e+01 +1.337143315e+01 +1.452914331e+02 +1.452914331e+02 -5.1630e+00 +2.4819e+00 -3.2947e+00 +1.3683e+00 -2.8767e+00 +2.3143e+00 -3.8175e+00 +4.0887e+00 -1.3374e+00 +2.0856e+00
% function evaluation | noise-free fitness - Fopt (5.908400000000e+02) | best noise-free fitness - Fopt | measured fitness | best measured fitness | x1 | x2...
1 +6.147600611e+04 +6.147600611e+04 +6.206684611e+04 +6.206684611e+04 -2.3712e+00 -2.4362e+00 +3.5937e+00 +1.4392e-01 +2.2288e+00 -4.4708e-01 +3.1888e+00 -1.3262e+00 +4.7156e+00 -1.6409e+00
19 +2.966884888e+02 +2.966884888e+02 +8.875284888e+02 +8.875284888e+02 -1.6028e+00 +3.1539e+00 -2.0044e+00 +1.7176e+00 +1.1655e+00 -2.4447e+00 +4.0368e+00 +2.8515e+00 +3.5922e+00 +4.3000e-01
102 +2.195831339e+02 +2.195831339e+02 +8.104231339e+02 +8.104231339e+02 -1.6743e+00 +9.1809e-01 -2.0561e-01 +2.5824e+00 +1.8882e+00 -1.7930e+00 +2.6634e+00 +2.9468e+00 +3.0352e+00 -1.0186e+00
269 +1.244446812e+02 +1.244446812e+02 +7.152846812e+02 +7.152846812e+02 -1.5373e+00 -2.2093e+00 -3.5893e+00 +1.4322e+00 +2.1801e+00 -2.7185e+00 +2.7330e+00 -1.0942e-01 +2.9718e+00 -3.0104e-01
288 +7.440632805e+01 +7.440632805e+01 +6.652463280e+02 +6.652463280e+02 +1.9775e-01 -5.1266e-01 -4.3817e+00 +3.7103e-01 -2.7428e+00 +5.8249e-01 +6.2046e+00 +2.0641e+00 +5.4448e+00 -2.8277e+00
1564 +4.600663700e+01 +4.600663700e+01 +6.368466370e+02 +6.368466370e+02 -5.6401e-01 -1.9603e+00 -2.5729e+00 -1.0796e+00 +9.5481e-01 +8.7415e-01 +3.4636e+00 +1.4569e+00 +3.9750e+00 -2.2942e+00
2152 +2.363060004e+01 +2.363060004e+01 +6.144706000e+02 +6.144706000e+02 -5.6401e-01 -2.5739e+00 -3.4145e+00 -4.5431e-02 -1.3768e+00 +8.7415e-01 +3.4636e+00 +8.5817e-01 +3.9750e+00 -2.2942e+00
3702 +1.288721755e+01 +1.288721755e+01 +6.037272175e+02 +6.037272175e+02 +3.2827e-01 -3.0558e+00 -3.8735e+00 -1.6092e+00 -2.2653e-01 +9.4785e-01 +3.8312e+00 +7.4305e-01 +4.2053e+00 -2.6937e+00
4921 +7.408400708e+00 +7.408400708e+00 +5.982484007e+02 +5.982484007e+02 +3.7568e-01 -3.1042e+00 -3.7347e+00 -1.4284e+00 -4.9044e-01 +7.6994e-01 +3.3133e+00 -3.8014e-01 +3.7852e+00 -1.8334e+00
% function evaluation | noise-free fitness - Fopt (3.098000000000e+01) | best noise-free fitness - Fopt | measured fitness | best measured fitness | x1 | x2...
1 +7.998585583e+05 +7.998585583e+05 +7.998895383e+05 +7.998895383e+05 +3.9336e+00 -1.0923e+00 +3.1270e+00 -2.4852e+00 -4.7206e+00 -3.7413e+00 -4.1242e+00 +3.9845e+00 -3.1863e+00 -2.3686e+00
4 +4.448921462e+05 +4.448921462e+05 +4.449231262e+05 +4.449231262e+05 -8.6523e-01 +1.9338e+00 +4.8680e-01 +2.3323e+00 +1.0996e+00 -1.0237e-01 -6.9209e-01 +5.2921e-01 +2.1309e+00 -3.0334e+00
6 +1.651979147e+05 +1.651979147e+05 +1.652288947e+05 +1.652288947e+05 +1.7258e+00 -5.6873e-01 -4.4998e-02 -3.3024e+00 +1.4871e+00 +3.0440e+00 -2.2507e+00 -3.7324e+00 -1.6964e+00 -3.5079e-01
10 +6.681929163e+04 +6.681929163e+04 +6.685027163e+04 +6.685027163e+04 +6.4056e-01 +7.3404e-01 -3.5693e+00 -4.1344e+00 -1.3602e+00 -1.0470e+00 -1.8363e+00 -6.8219e-01 -2.6024e+00 +5.2200e-01
59 +5.902385708e+04 +5.902385708e+04 +5.905483708e+04 +5.905483708e+04 -4.8828e+00 +1.7994e-01 -5.1202e+00 -4.5074e+00 -1.9996e+00 +2.8807e-01 +3.4668e+00 +1.4377e+00 +3.6720e+00 +3.6457e+00
102 +1.769049955e+04 +1.769049955e+04 +1.772147955e+04 +1.772147955e+04 +1.7258e+00 +2.0300e+00 -1.1372e+01 -4.6732e+00 +3.3191e+00 -9.7100e-01 +4.8019e+00 +1.8065e+00 +1.1882e+00 +7.4984e+00
112 +5.190346458e+03 +5.190346458e+03 +5.221326458e+03 +5.221326458e+03 -3.8546e+00 +3.9955e+00 -1.0573e+01 -4.0780e+00 -1.2573e-01 -6.2699e-01 -7.3673e-01 -3.0082e-01 -2.1545e+00 -2.0504e+00
153 +1.294414511e+02 +1.294414511e+02 +1.604214511e+02 +1.604214511e+02 +1.7258e+00 +2.0300e+00 -9.7726e+00 -2.2286e+00 +3.3191e+00 +3.3194e+00 -1.6353e+00 +1.8065e+00 +3.0272e+00 +1.1788e+00
1351 +5.662660906e+01 +5.662660906e+01 +8.760660906e+01 +8.760660906e+01 +5.8486e-01 +1.7134e+00 -5.1068e+00 -4.3090e+00 +3.4096e-01 +1.0831e+00 -1.6765e+00 -5.4682e-01 +3.0056e+00 +2.9481e+00
2452 +2.926155613e+01 +2.926155613e+01 +6.024155613e+01 +6.024155613e+01 +2.2093e+00 +1.1322e-01 -4.4787e+00 -2.7042e+00 -2.2238e-01 +2.6348e+00 -4.5313e-01 +1.8195e-01 +2.5591e+00 +3.1835e+00
3673 +1.502783055e+01 +1.502783055e+01 +4.600783055e+01 +4.600783055e+01 +1.4601e+00 -1.5615e+00 -4.2423e+00 -3.0259e+00 -2.7262e-01 +2.1716e+00 +4.4112e-03 -1.3546e+00 +1.6467e+00 +2.0918e+00
% function evaluation | noise-free fitness - Fopt (-1.445400000000e+02) | best noise-free fitness - Fopt | measured fitness | best measured fitness | x1 | x2...
1 +5.778352136e+05 +5.778352136e+05 +5.776906736e+05 +5.776906736e+05 -3.9258e+00 -1.0402e-01 -1.6993e+00 +1.5004e+00 +4.7704e+00 +4.5453e-01 +1.5388e+00 +6.2731e-01 +2.7067e+00 +3.1077e+00
5 +2.577567868e+05 +2.577567868e+05 +2.576122468e+05 +2.576122468e+05 -4.2790e-01 -4.2685e+00 -1.8782e+00 +2.2834e+00 -4.1842e+00 -2.1980e+00 -9.1354e-02 -3.1882e+00 +3.8096e+00 +1.9785e+00
15 +8.698096487e+04 +8.698096487e+04 +8.683642487e+04 +8.683642487e+04 -6.4423e-01 +2.8222e+00 -1.3490e+00 -7.2998e-01 +1.0957e+00 -4.7245e+00 +4.5472e+00 +1.3045e+00 +1.6759e+00 -1.1937e+00
26 +2.175260862e+04 +2.175260862e+04 +2.160806862e+04 +2.160806862e+04 +3.3216e+00 -8.2052e-01 -4.2995e+00 -2.5610e+00 +3.1019e+00 +5.2504e-01 -3.5875e+00 -4.7829e+00 +2.1594e+00 -3.9750e+00
75 +6.906108432e+02 +6.906108432e+02 +5.460708432e+02 +5.460708432e+02 +8.1588e-01 -1.8044e+00 -3.6257e+00 -2.7304e+00 +4.1540e+00 -3.2983e+00 -1.3422e+00 -5.5012e+00 +1.9185e+00 -2.3088e+00
204 +2.618576824e+02 +2.618576824e+02 +1.173176824e+02 +1.173176824e+02 +3.3632e+00 -1.2865e+00 -7.2923e+00 +1.8887e+00 +2.9975e+00 -8.1025e+00 -3.7939e+00 -2.7918e+00 +4.1628e+00 -5.6484e+00
224 +2.322963352e+02 +2.322963352e+02 +8.775633515e+01 +8.775633515e+01 +3.3436e+00 -2.5046e+00 -5.7886e+00 +2.0694e+00 +2.3425e+00 -5.3817e+00 -2.7155e+00 -5.0050e+00 +2.0288e+00 -3.9723e+00
502 +1.382210195e+02 +1.382210195e+02 -6.318980468e+00 -6.318980468e+00 +1.9502e+00 -3.4678e+00 -3.0553e+00 -1.7643e+00 +4.3678e-02 -4.1944e+00 +1.5722e+00 -1.8589e+00 +4.1297e+00 -4.6497e+00
852 +8.981511866e+01 +8.981511866e+01 -5.472488134e+01 -5.472488134e+01 +5.2383e-02 -6.3360e-01 -5.1603e+00 -1.7397e+00 +2.9063e+00 -4.4538e+00 -2.3984e+00 +1.9833e-01 +3.0114e+00 -3.1884e+00
1856 +4.540194581e+01 +4.540194581e+01 -9.913805419e+01 -9.913805419e+01 -2.7427e-01 -1.3387e+00 -5.9334e+00 +1.5400e-01 +1.8278e+00 -4.0621e+00 +1.1909e-01 -1.5963e-01 +6.5419e-01 -2.2607e+00
2908 +1.245970345e+01 +1.245970345e+01 -1.320802965e+02 -1.320802965e+02 -2.6243e-01 -7.3488e-01 -3.3958e+00 +5.2808e-02 +2.3154e+00 -3.0158e+00 +1.8835e+00 +4.4352e-01 +5.5206e-01 -1.1267e+00
% function evaluation | noise-free fitness - Fopt (-9.649000000000e+01) | best noise-free fitness - Fopt | measured fitness | best measured fitness | x1 | x2...
1 +9.725340276e+05 +9.725340276e+05 +9.724375376e+05 +9.724375376e+05 -3.9187e-01 -1.1674e+00 -2.9077e+00 -2.7472e+00 -4.8155e+00 -4.9766e+00 +5.7954e-01 -3.0475e+00 -2.5491e+00 -3.9272e+00
2 +5.285105261e+05 +5.285105261e+05 +5.284140361e+05 +5.284140361e+05 +2.0827e+00 +1.1217e+00 -4.1436e+00 -5.5687e-01 -7.5469e-01 +2.9808e+00 -4.7915e+00 -3.2766e+00 +2.8024e+00 +3.5821e-01
4 +3.108162028e+05 +3.108162028e+05 +3.107197128e+05 +3.107197128e+05 -3.3461e+00 +3.0272e+00 +2.2092e-01 +4.0195e-01 +5.7937e-01 -1.7592e+00 +1.7107e+00 -1.3176e+00 -1.1144e+00 +1.9183e+00
7 +9.871343805e+04 +9.871343805e+04 +9.861694805e+04 +9.861694805e+04 +4.1315e+00 +1.6437e+00 +1.7442e+00 +4.2132e+00 +2.5592e+00 +3.6020e+00 +3.1112e+00 +6.2129e-02 +3.4367e-01 +1.8333e+00
34 +5.837783535e+04 +5.837783535e+04 +5.828134535e+04 +5.828134535e+04 +4.7812e+00 +5.0253e-01 +4.2337e+00 -4.5029e+00 -1.9980e+00 -3.6694e+00 -1.1274e+00 +1.0807e+00 -3.4645e+00 +4.2754e+00
58 +1.037852413e+04 +1.037852413e+04 +1.028203413e+04 +1.028203413e+04 +1.7702e+00 +4.4553e+00 +1.1599e+01 -3.4562e+00 +5.7731e+00 -2.4453e+00 +2.9029e-01 -2.4839e+00 +1.8988e+00 +2.4910e+00
109 +8.214146015e+03 +8.214146015e+03 +8.117656015e+03 +8.117656015e+03 +5.6505e+00 +4.4330e+00 +1.5904e+01 -6.2581e+00 +5.2186e+00 -3.6125e+00 -7.0491e+00 -3.7796e+00 -3.2529e+00 +1.5747e+00
112 +3.349635636e+03 +3.349635636e+03 +3.253145636e+03 +3.253145636e+03 +4.7767e+00 +4.8929e+00 +1.0672e+01 +1.1162e+00 -6.7583e-01 -3.8863e+00 +4.9141e+00 +2.6081e+00 +3.9235e+00 +3.1497e+00
113 +6.823530759e+02 +6.823530759e+02 +5.858630759e+02 +5.858630759e+02 +5.9743e+00 +5.0350e+00 +1.6625e+01 +1.1746e+00 +3.1440e+00 -3.9466e+00 -3.9783e+00 -3.3326e+00 +7.7211e-01 +2.3744e+00
123 +3.258512203e+02 +3.258512203e+02 +2.293612203e+02 +2.293612203e+02 +2.9617e+00 +3.8039e+00 +1.2148e+01 -4.6303e+00 +1.9807e+00 +2.3909e+00 -9.0033e-01 -4.7564e+00 +1.9624e-01 +5.9810e+00
461 +2.232568489e+02 +2.232568489e+02 +1.267668489e+02 +1.267668489e+02 -1.2237e+00 +3.9352e+00 +1.4249e+01 +1.0472e-02 -6.7583e-01 +2.4557e+00 +8.4035e-01 -3.4417e+00 -4.9389e+00 +3.5510e+00
1106 +1.552337415e+02 +1.552337415e+02 +5.874374151e+01 +5.874374151e+01 +7.5824e-01 +1.4745e+00 +8.4319e+00 -2.5449e+00 +4.1657e-01 -2.8515e-01 +2.3026e+00 -1.6100e-02 -4.7469e+00 +3.7448e+00
1255 +9.923378156e+01 +9.923378156e+01 +2.743781557e+00 +2.743781557e+00 -3.3459e-01 +1.0297e+00 +8.9317e+00 -3.0139e+00 +1.1602e+00 +2.7893e+00 +9.8316e-01 -8.5752e-01 -2.1323e+00 +3.4324e+00
2151 +5.888948968e+01 +5.888948968e+01 -3.760051032e+01 -3.760051032e+01 -5.8926e-01 +1.2555e+00 +6.5867e+00 -2.8730e+00 +1.1602e+00 +1.5428e+00 +9.8316e-01 -2.1308e+00 -1.9654e+00 +1.7744e+00
3006 +3.920449359e+01 +3.920449359e+01 -5.728550641e+01 -5.728550641e+01 -2.2597e+00 +3.2482e+00 +4.6608e+00 -8.2849e-01 +2.0039e+00 +3.1851e+00 +2.0215e+00 -2.1841e+00 -5.0908e-01 +2.2094e+00
3852 +2.426459353e+01 +2.426459353e+01 -7.222540647e+01 -7.222540647e+01 -2.1819e+00 +2.4528e+00 +6.0266e+00 -7.1554e-01 +2.6301e+00 +3.3380e+00 +1.6506e+00 -2.7161e+00 -1.5899e+00 +9.6210e-01
4513 +8.014088573e+00 +8.014088573e+00 -8.847591143e+01 -8.847591143e+01 -1.9579e+00 +1.9860e+00 +3.9673e+00 -7.1681e-01 +1.3758e+00 +3.1053e+00 +2.8811e+00 -2.4676e+00 -1.1324e+00 -1.2663e-01
% function evaluation | noise-free fitness - Fopt (1.000000000000e+03) | best noise-free fitness - Fopt | measured fitness | best measured fitness | x1 | x2...
1 +5.181093830e+05 +5.181093830e+05 +5.191093830e+05 +5.191093830e+05 -1.4538e+00 +4.9192e+00 +1.9283e+00 +9.8270e-01 -1.0592e+00 -1.4721e+00 -1.0514e+00 +4.5429e+00 -3.2017e+00 +2.7837e+00
2 +1.618873736e+05 +1.618873736e+05 +1.628873736e+05 +1.628873736e+05 +3.2671e+00 -2.9091e+00 +1.2387e+00 -1.2432e+00 +2.1395e+00 -4.7774e+00 +1.3185e+00 +2.5360e+00 +1.8992e+00 -3.4906e+00
6 +7.969507211e+04 +7.969507211e+04 +8.069507211e+04 +8.069507211e+04 +2.4992e+00 +3.2863e+00 +8.7014e-01 +2.0749e+00 +4.9379e+00 +1.8841e+00 +1.3023e+00 -4.2553e+00 +2.5243e+00 -3.0686e+00
69 +1.215094086e+04 +1.215094086e+04 +1.315094086e+04 +1.315094086e+04 +4.7633e+00 -2.3514e+00 +3.9415e+00 -2.3951e+00 -8.0139e-01 +2.6534e+00 -4.3959e-01 -4.4961e+00 +6.1563e-02 +4.2371e+00
318 +7.107414068e+03 +7.107414068e+03 +8.107414068e+03 +8.107414068e+03 -4.1091e-01 -3.5385e+00 +9.1397e+00 -4.1603e+00 +3.7553e+00 +4.4426e-01 +4.0268e+00 +1.3082e-02 -2.0191e-01 +2.9285e+00
336 +4.002716948e+02 +4.002716948e+02 +1.400271695e+03 +1.400271695e+03 +3.3385e+00 -6.7498e-01 +1.0976e+01 -9.6606e+00 +4.1832e+00 +2.3679e-01 -1.9650e+00 +4.3656e-01 -2.2666e-01 +2.8056e+00
369 +3.893031027e+02 +3.893031027e+02 +1.389303103e+03 +1.389303103e+03 +2.4657e+00 -2.4085e+00 +7.8973e+00 -7.4212e+00 +9.3163e+00 -2.6166e+00 -4.6829e+00 -6.2047e+00 +5.4372e-02 +2.1327e+00
426 +2.456030432e+02 +2.456030432e+02 +1.245603043e+03 +1.245603043e+03 +2.2520e+00 +4.3736e+00 +1.2582e+01 -3.1198e+00 +5.3056e+00 +3.2279e+00 +2.4038e+00 -2.2044e+00 +1.6793e+00 +1.6398e+00
593 +1.228400605e+02 +1.228400605e+02 +1.122840060e+03 +1.122840060e+03 +1.3702e+00 +3.2863e+00 +7.8519e+00 -1.5963e+00 +4.9379e+00 -3.3158e+00 +1.3023e+00 -4.2553e+00 -7.2248e-01 -3.0686e+00
1468 +8.966610050e+01 +8.966610050e+01 +1.089666100e+03 +1.089666100e+03 +2.6496e+00 +1.9014e+00 +7.2978e+00 -1.5978e+00 +5.7155e+00 -9.4034e-01 -7.0141e-01 -1.9880e+00 -5.2888e-01 -1.2834e+00
2463 +6.087666167e+01 +6.087666167e+01 +1.060876662e+03 +1.060876662e+03 +1.8460e+00 +3.6713e+00 +3.0786e+00 -1.9639e+00 +6.6407e+00 +1.4686e+00 -2.6136e+00 -2.5786e+00 +5.5057e-01 -8.2705e-01
2856 +3.955764426e+01 +3.955764426e+01 +1.039557644e+03 +1.039557644e+03 +2.1249e+00 +4.1103e+00 +3.3819e+00 +5.5344e-01 +4.8004e+00 -1.2795e-01 -1.4448e+00 -2.4534e+00 +8.8918e-01 -1.4767e+00
3601 +2.253654761e+01 +2.253654761e+01 +1.022536548e+03 +1.022536548e+03 +2.0614e+00 +2.7180e+00 +1.9950e+00 +2.4022e-01 +3.9668e+00 +4.1550e-01 -1.6286e+00 -2.8715e+00 +2.2378e-01 -1.7016e+00
4957 +1.401822510e+01 +1.401822510e+01 +1.014018225e+03 +1.014018225e+03 +2.5078e+00 +2.5877e+00 +2.7336e+00 +2.1299e-01 +4.5982e+00 +1.2716e+00 -2.2702e+00 -2.4203e+00 -2.3921e-01 -2.2174e+00
% function evaluation | noise-free fitness - Fopt (-1.547600000000e+02) | best noise-free fitness - Fopt | measured fitness | best measured fitness | x1 | x2...
1 +5.712805451e+05 +5.712805451e+05 +5.711257851e+05 +5.711257851e+05 -4.6139e+00 +3.2543e+00 +3.9924e+00 +3.7891e+00 +3.8350e+00 +1.1553e+00 +7.7293e-01 +4.1049e+00 -3.3418e+00 +2.6919e+00
3 +3.790740333e+05 +3.790740333e+05 +3.789192733e+05 +3.789192733e+05 -3.0927e+00 -2.4426e+00 +1.9887e+00 +3.9016e+00 -1.0649e+00 -4.8672e+00 +3.1204e+00 -4.6979e+00 -2.2506e+00 +1.9840e+00
9 +2.432897706e+05 +2.432897706e+05 +2.431350106e+05 +2.431350106e+05 -1.6341e+00 -4.5846e+00 +1.9699e+00 +4.5817e+00 -4.6765e-01 -3.9616e+00 +2.8445e+00 -6.1847e-01 +6.0127e-02 +3.1808e+00
29 +1.364483169e+05 +1.364483169e+05 +1.362935569e+05 +1.362935569e+05 +4.0068e+00 +2.0363e+00 +3.6555e+00 -8.4093e-01 -2.8671e-01 -1.6892e+00 +2.8681e+00 +2.1120e+00 +2.0258e+00 -3.6504e+00
41 +8.159216430e+03 +8.159216430e+03 +8.004456430e+03 +8.004456430e+03 +1.6592e+00 -2.5567e+00 +4.2338e+00 -2.0292e+00 +8.9027e-01 -4.8994e+00 -6.3352e-01 -1.1796e+00 -2.9515e-01 -6.4691e-01
70 +4.992953244e+02 +4.992953244e+02 +3.445353244e+02 +3.445353244e+02 -1.8934e+00 -4.0538e+00 +7.4433e+00 -4.1219e+00 +2.9089e+00 -8.9490e+00 -2.7367e+00 -1.7043e+00 -3.0467e+00 -1.4997e+00
351 +3.873743852e+02 +3.873743852e+02 +2.326143852e+02 +2.326143852e+02 +8.1698e-01 -3.3151e+00 +7.4550e+00 -3.2444e+00 -2.7860e+00 -4.1665e-01 +8.6987e-01 +1.9813e+00 -3.0239e+00 -3.8031e+00
401 +2.378310040e+02 +2.378310040e+02 +8.307100402e+01 +8.307100402e+01 +2.7746e+00 +1.0779e-01 +9.3959e+00 -5.7327e+00 +1.1413e+00 +2.3817e-01 -2.7117e+00 +2.1120e+00 +2.0258e+00 -3.1467e+00
1357 +1.573925606e+02 +1.573925606e+02 +2.632560646e+00 +2.632560646e+00 +3.0443e+00 -1.9589e+00 +4.6316e+00 -6.2837e+00 +2.7813e+00 -1.6244e+00 +9.8975e-01 +3.7915e-01 +7.9313e-01 -2.5772e+00
1603 +9.330511832e+01 +9.330511832e+01 -6.145488168e+01 -6.145488168e+01 +1.5845e+00 -1.1187e+00 +3.3707e+00 -3.5504e+00 +1.4692e+00 -4.9345e-01 +1.8571e+00 -1.6360e+00 -1.7789e+00 -2.9720e+00
2055 +6.255580555e+01 +6.255580555e+01 -9.220419445e+01 -9.220419445e+01 +1.5340e-01 +3.1559e-02 +2.1991e+00 -3.9449e+00 +1.9603e+00 -1.3675e+00 +2.8273e+00 -1.3902e+00 -2.6717e+00 -2.9913e+00
3405 +3.606402571e+01 +3.606402571e+01 -1.186959743e+02 -1.186959743e+02 +8.4361e-01 +1.1308e+00 +1.3108e+00 -3.3990e+00 +4.0177e+00 -1.0333e+00 +1.3087e+00 +1.7943e+00 -1.9913e+00 -1.5134e+00
3532 +2.390274975e+01 +2.390274975e+01 -1.308572502e+02 -1.308572502e+02 +2.3871e+00 +1.7497e+00 +1.3360e+00 -3.9188e+00 +3.6226e+00 -1.3221e+00 +1.4488e+00 +9.8281e-01 -1.7494e+00 -1.8643e+00
% function evaluation | noise-free fitness - Fopt (3.914000000000e+01) | best noise-free fitness - Fopt | measured fitness | best measured fitness | x1 | x2...
1 +2.102510750e+05 +2.102510750e+05 +2.102902150e+05 +2.102902150e+05 +1.5933e+00 -4.2698e+00 -3.8259e-01 +1.1044e+00 +3.6805e+00 -1.6842e+00 +4.3188e+00 -2.4257e+00 +4.1784e+00 -2.0560e+00
36 +1.011195987e+05 +1.011195987e+05 +1.011587387e+05 +1.011587387e+05 +2.5224e+00 -2.3488e+00 -4.9028e+00 -6.0640e-01 +4.8489e+00 -1.8403e+00 +4.8754e+00 +2.2815e+00 +3.6751e+00 +2.1306e+00
62 +4.409982386e+04 +4.409982386e+04 +4.413896386e+04 +4.413896386e+04 +1.2623e-02 -1.2615e+00 -2.1642e+00 +3.0324e-01 +4.1150e+00 -5.2664e+00 +3.6596e+00 -3.6906e+00 +9.0310e-01 +1.4879e+00
101 +3.366379432e+04 +3.366379432e+04 +3.370293432e+04 +3.370293432e+04 +1.2623e-02 -1.2615e+00 -6.0399e+00 -3.2243e+00 +1.0665e+01 -5.2664e+00 +3.6596e+00 -3.6906e+00 -5.0318e+00 +1.4879e+00
116 +4.355769284e+02 +4.355769284e+02 +4.747169284e+02 +4.747169284e+02 +2.2732e+00 -6.3425e+00 -8.2048e-01 -4.4591e+00 +2.5528e+00 -1.1203e+01 +3.4121e+00 -2.8441e+00 +1.0303e+00 +1.5584e-01
293 +3.687412527e+02 +3.687412527e+02 +4.078812527e+02 +4.078812527e+02 +2.8812e+00 -6.2867e+00 -2.7585e+00 -3.4410e+00 +3.1501e+00 -1.0600e+01 +4.5118e+00 -2.6116e+00 -9.4599e-01 +9.7786e-01
904 +2.183011228e+02 +2.183011228e+02 +2.574411228e+02 +2.574411228e+02 -5.5429e-01 -5.0480e+00 -2.8888e+00 -5.1848e+00 +1.9530e+00 -1.0522e+01 +4.2616e+00 +1.6918e+00 -5.8842e+00 -3.2621e+00
1758 +1.178396999e+02 +1.178396999e+02 +1.569796999e+02 +1.569796999e+02 -4.3590e+00 -3.0421e+00 -2.1842e+00 -2.1753e+00 +4.7760e+00 -6.7624e+00 +4.7352e+00 +4.0621e+00 -2.0504e+00 -7.5038e-03
2413 +7.782297068e+01 +7.782297068e+01 +1.169629707e+02 +1.169629707e+02 -3.6222e-01 +7.4336e-01 -1.5867e+00 -2.3057e+00 +4.7489e+00 -4.8960e+00 +3.9183e+00 +1.5772e+00 -3.4552e+00 -3.0339e-01
3572 +5.794558251e+01 +5.794558251e+01 +9.708558251e+01 +9.708558251e+01 -2.0563e+00 -4.0211e+00 -1.1631e+00 -7.5449e-01 +4.6620e+00 -4.5232e+00 +3.4699e+00 +2.4705e+00 -1.0495e+00 -9.2212e-01
3655 +2.923247347e+01 +2.923247347e+01 +6.837247347e+01 +6.837247347e+01 -2.4983e+00 -2.3067e+00 -1.2369e+00 -3.7074e-01 +3.9354e+00 -4.4276e+00 +3.4326e+00 +2.4096e+00 -2.3744e+00 -5.1564e-01
% function evaluation | noise-free fitness - Fopt (-1.186000000000e+01) | best noise-free fitness - Fopt | measured fitness | best measured fitness | x1 | x2...
1 +5.784652873e+05 +5.784652873e+05 +5.784534273e+05 +5.784534273e+05 -7.3254e-01 -4.1981e-02 +2.1096e+00 -2.0450e+00 -2.4939e+00 -2.1940e+00 +3.2806e-01 +3.8819e+00 +1.5384e+00 +4.1923e+00
4 +2.418646339e+05 +2.418646339e+05 +2.418527739e+05 +2.418527739e+05 -4.5452e+00 -3.9677e+00 +1.8174e+00 -6.0177e-01 -3.5275e+00 +2.1297e+00 +3.7208e+00 +6.1226e-01 +1.6851e+00 +1.3061e+00
13 +1.451121395e+05 +1.451121395e+05 +1.451002795e+05 +1.451002795e+05 +2.9171e+00 -1.5378e+00 -1.6976e+00 -3.1547e+00 -1.9577e+00 +4.0048e+00 +3.8540e+00 +1.8085e+00 +3.2017e+00 +4.2604e+00
26 +7.984710534e+04 +7.984710534e+04 +7.983524534e+04 +7.983524534e+04 -2.5334e+00 +1.9933e+00 -1.4483e+00 -3.4358e+00 +3.0911e+00 +3.0674e-01 +5.1989e-02 +4.2845e+00 +4.0948e+00 +2.4976e+00
51 +3.546121281e+04 +3.546121281e+04 +3.544935281e+04 +3.544935281e+04 -1.6284e+00 +1.9933e+00 -2.7345e+00 -3.1516e+00 +3.0473e+00 +5.3700e+00 +5.1989e-02 +9.2416e+00 +1.0574e+01 +4.9090e+00
123 +6.498152209e+03 +6.498152209e+03 +6.486292209e+03 +6.486292209e+03 -3.8003e+00 +3.4466e+00 -3.4473e+00 +6.3028e-01 +6.7516e+00 +4.5313e+00 +8.5219e-01 +9.4583e+00 +3.7526e+00 +7.6494e-01
154 +3.969340787e+02 +3.969340787e+02 +3.850740787e+02 +3.850740787e+02 -3.9025e+00 +8.5256e+00 -6.6194e-01 -2.6437e+00 +6.5563e+00 +5.9900e+00 -3.1794e+00 +1.0031e+01 +1.0407e+01 +2.3221e+00
353 +2.289021647e+02 +2.289021647e+02 +2.170421647e+02 +2.170421647e+02 -3.6508e+00 +2.9553e+00 -2.8633e+00 -4.1435e+00 +7.9282e+00 +3.9494e+00 +3.9511e+00 +1.0642e+01 +2.3110e-01 +1.2920e+00
724 +1.161587502e+02 +1.161587502e+02 +1.042987502e+02 +1.042987502e+02 -9.2005e-01 +3.7157e+00 -3.9692e+00 -3.2862e+00 +4.3375e+00 +4.9848e+00 +1.4613e+00 +5.7618e+00 +8.0783e-01 +4.7437e+00
2125 +7.920338702e+01 +7.920338702e+01 +6.734338702e+01 +6.734338702e+01 +2.4779e+00 +3.8026e+00 -3.6068e+00 -4.6232e+00 +6.2473e+00 +3.2818e+00 +4.6292e+00 +5.7321e+00 -2.7664e+00 +3.9331e+00
3401 +5.994404039e+01 +5.994404039e+01 +4.808404039e+01 +4.808404039e+01 +9.5870e-01 +2.7977e+00 -4.9129e+00 -2.6685e+00 +3.2242e+00 +3.5950e+00 +3.1030e+00 +3.9934e+00 +8.4909e-01 +4.1808e+00
3617 +2.970496733e+01 +2.970496733e+01 +1.784496733e+01 +1.784496733e+01 +1.7130e+00 +3.7689e+00 -2.6300e+00 -4.4668e+00 +4.1369e+00 +1.3911e+00 +2.7401e+00 +4.0296e+00 +2.5586e+00 +5.1379e+00
4603 +2.364170394e+01 +2.364170394e+01 +1.178170394e+01 +1.178170394e+01 +1.4918e+00 +2.4781e+00 -3.2087e+00 -4.1773e+00 +4.2225e+00 +2.2995e+00 +2.5734e+00 +3.1710e+00 +1.9041e+00 +5.1966e+00
% function evaluation | noise-free fitness - Fopt (7.068000000000e+01) | best noise-free fitness - Fopt | measured fitness | best measured fitness | x1 | x2...
1 +5.793521335e+05 +5.793521335e+05 +5.794228135e+05 +5.794228135e+05 +2.4578e+00 +1.8170e+00 +3.1102e+00 -2.7489e-01 -7.0453e-01 +3.1069e+00 -4.6562e-01 +3.8686e+00 -1.4762e+00 -2.3971e+00
2 +1.839331563e+05 +1.839331563e+05 +1.840038363e+05 +1.840038363e+05 +6.6566e-01 -4.6236e+00 -4.6351e+00 +1.8674e+00 -8.1801e-01 -3.4084e+00 -2.1703e+00 +2.5315e+00 +3.5771e+00 -4.1624e+00
44 +2.140372740e+04 +2.140372740e+04 +2.147440740e+04 +2.147440740e+04 +4.7451e+00 +2.5229e+00 -1.8668e+00 +3.0882e+00 -2.1065e+00 +4.8192e+00 +2.0932e-01 +4.3886e+00 +1.6672e+00 +3.6549e+00
203 +1.847284234e+02 +1.847284234e+02 +2.554084234e+02 +2.554084234e+02 -3.7911e-01 +2.7419e+00 -2.3681e+00 -6.4923e-01 -1.5197e+00 -1.0728e+00 -1.7152e+00 +7.3086e+00 +6.3831e+00 -1.5604e+00
527 +1.549958815e+02 +1.549958815e+02 +2.256758815e+02 +2.256758815e+02 +1.5818e+00 +3.9629e+00 -1.0754e+00 +6.4701e-01 -9.2232e-01 +2.9762e+00 +8.1882e-01 +9.7980e+00 +3.3574e+00 +1.5439e+00
702 +9.412718193e+01 +9.412718193e+01 +1.648071819e+02 +1.648071819e+02 +1.4640e+00 +3.9629e+00 -1.0754e+00 -1.1560e+00 -9.2232e-01 +3.4059e+00 +8.1882e-01 +6.6293e+00 +1.5153e+00 +1.5439e+00
1804 +5.936720784e+01 +5.936720784e+01 +1.300472078e+02 +1.300472078e+02 +1.5291e+00 +5.8170e+00 -2.5425e+00 +1.2355e+00 -1.6751e+00 +4.1091e+00 -7.0946e-01 +5.5135e+00 +2.1369e-01 +4.0065e+00
2669 +3.849313694e+01 +3.849313694e+01 +1.091731369e+02 +1.091731369e+02 +1.0963e+00 +4.9876e+00 -1.4600e+00 +8.8679e-01 +1.1316e+00 +3.3314e+00 -4.3044e-01 +3.8141e+00 +1.2224e+00 +3.1898e+00
3601 +2.453382679e+01 +2.453382679e+01 +9.521382679e+01 +9.521382679e+01 +1.2959e+00 +4.2364e+00 -2.5425e+00 +6.3375e-01 +6.9190e-01 +3.0790e+00 -2.2282e-01 +3.1532e+00 +6.5903e-01 +4.0065e+00
% function evaluation | noise-free fitness - Fopt (-6.260000000000e+00) | best noise-free fitness - Fopt | measured fitness | best measured fitness | x1 | x2...
1 +8.855134910e+04 +8.855134910e+04 +8.854508910e+04 +8.854508910e+04 +3.1880e+00 -7.5227e-01 +3.0868e+00 -4.0546e+00 -4.6069e+00 -3.8869e+00 -2.9564e+00 +1.4492e+00 -1.1903e+00 -9.7898e-01
51 +2.101550236e+04 +2.101550236e+04 +2.100924236e+04 +2.100924236e+04 +2.7114e+00 -2.5069e+00 -3.6600e+00 -2.0686e+00 -3.1009e+00 -1.6119e+00 +4.4514e+00 +3.8974e+00 -3.9548e+00 +4.7450e+00
68 +2.086875199e+02 +2.086875199e+02 +2.024275199e+02 +2.024275199e+02 +2.2158e+00 -8.5025e-01 -4.0106e+00 -3.0624e+00 -4.4682e+00 -5.6514e+00 +1.4819e+00 +1.9968e+00 -5.8439e+00 +2.2684e+00
309 +9.222357231e+01 +9.222357231e+01 +8.596357231e+01 +8.596357231e+01 +1.6025e+00 -1.9947e+00 -5.8916e+00 +1.5671e+00 -1.1636e+00 -6.2532e+00 +1.6071e+00 +6.2758e-02 -2.6016e+00 -5.7503e-01
2090 +6.032357487e+01 +6.032357487e+01 +5.406357487e+01 +5.406357487e+01 +8.4137e-01 -1.9557e+00 -4.9921e+00 -9.3838e-02 -3.2828e-01 -6.2226e+00 +2.6525e+00 +2.7470e+00 -3.9821e+00 +1.7210e+00
2703 +3.884780318e+01 +3.884780318e+01 +3.258780318e+01 +3.258780318e+01 -3.6402e-01 -2.8757e+00 -3.8581e+00 -8.8353e-01 +4.5251e-01 -4.6989e+00 +3.2828e-01 +1.5638e+00 -3.6518e+00 +1.7643e+00
3509 +2.453319091e+01 +2.453319091e+01 +1.827319091e+01 +1.827319091e+01 +5.3469e-01 -2.0030e+00 -3.6048e+00 -2.3145e+00 +4.1663e-01 -3.1731e+00 -6.0151e-01 +3.1375e+00 -2.8656e+00 +3.7684e+00
4415 +1.577403941e+01 +1.577403941e+01 +9.514039405e+00 +9.514039405e+00 +8.5728e-01 -1.0801e+00 -3.6052e+00 -1.2052e+00 +2.6492e-01 -3.6106e+00 +4.2375e-01 +2.5378e+00 -1.9456e+00 +2.0484e+00
% function evaluation | noise-free fitness - Fopt (1.838600000000e+02) | best noise-free fitness - Fopt | measured fitness | best measured fitness | x1 | x2...
1 +5.773890699e+05 +5.773890699e+05 +5.775729299e+05 +5.775729299e+05 +1.0456e+00 -3.6754e+00 +1.2400e+00 -4.9726e+00 +1.7924e+00 -3.2147e+00 +3.4456e+00 +3.8526e+00 +9.4920e-01 +3.1626e-01
6 +1.686949136e+05 +1.686949136e+05 +1.688787736e+05 +1.688787736e+05 -2.5605e+00 -6.5249e-01 -1.4568e+00 +6.7650e-01 -1.1824e+00 +1.7758e+00 -1.7249e+00 -3.5953e+00 -4.2189e+00 -4.0544e+00
31 +1.387073617e+05 +1.387073617e+05 +1.388912217e+05 +1.388912217e+05 -4.0082e+00 -2.2730e+00 +2.2407e+00 -1.6507e+00 +4.9905e+00 +1.6242e+00 -4.0535e+00 -2.1094e+00 +3.2083e+00 -4.7471e-01
42 +3.662619996e+03 +3.662619996e+03 +3.846479996e+03 +3.846479996e+03 -2.3841e+00 -1.5950e+00 +4.8696e-01 -4.8997e+00 +4.5047e+00 +4.9502e+00 -7.4627e-01 -2.6309e+00 +2.2348e+00 -4.2650e+00
252 +2.049360463e+03 +2.049360463e+03 +2.233220463e+03 +2.233220463e+03 -3.5825e+00 -4.4702e+00 +3.5324e-01 -2.9181e+00 +4.4683e+00 +5.9451e+00 +3.0754e+00 -3.2120e+00 +3.0102e+00 -4.5653e+00
266 +1.540880754e+03 +1.540880754e+03 +1.724740754e+03 +1.724740754e+03 -4.4090e+00 -1.2053e+00 -4.1834e-02 -5.9977e+00 +2.2133e+00 +5.0594e+00 +1.0097e+00 -1.6405e+00 +1.0011e+00 -4.3139e+00
352 +2.799522574e+02 +2.799522574e+02 +4.638122574e+02 +4.638122574e+02 -7.3786e+00 +3.8126e-01 +5.5968e-01 -7.3646e+00 +4.3918e+00 +6.8447e+00 +2.5866e+00 -1.0159e+00 -1.9778e+00 -3.8855e+00
367 +2.271131289e+02 +2.271131289e+02 +4.109731289e+02 +4.109731289e+02 -4.4983e+00 -1.8547e+00 +2.3848e+00 -6.1580e+00 +2.8456e+00 +8.9716e+00 +3.0939e+00 -2.9398e+00 +4.1367e-01 -3.6705e+00
421 +1.150762263e+02 +1.150762263e+02 +2.989362263e+02 +2.989362263e+02 -4.5175e+00 -4.0242e+00 +4.4842e+00 -4.4523e+00 +1.7088e+00 +2.1017e+00 -8.1947e-01 -3.4756e+00 +1.3413e+00 -6.2543e+00
803 +9.137745863e+01 +9.137745863e+01 +2.752374586e+02 +2.752374586e+02 -4.4640e+00 -3.2507e+00 +3.4080e+00 -4.7573e+00 +2.2083e+00 +3.8967e+00 +1.1312e-01 -4.2539e-01 +1.4366e+00 -3.6481e+00
1252 +5.586919054e+01 +5.586919054e+01 +2.397291905e+02 +2.397291905e+02 -4.0166e+00 -4.1031e+00 +3.3526e+00 -2.9181e+00 +1.7993e+00 +3.8643e+00 +2.2378e-01 -8.4429e-01 +9.0336e-02 -3.4676e+00
1509 +3.531895490e+01 +3.531895490e+01 +2.191789549e+02 +2.191789549e+02 -3.2013e+00 -3.6220e+00 +3.9840e+00 -2.1154e+00 +1.8835e+00 +1.4183e+00 -1.0066e+00 -1.8250e+00 +5.7438e-01 -4.5036e+00
3304 +2.383954122e+01 +2.383954122e+01 +2.076995412e+02 +2.076995412e+02 -2.4938e+00 -3.8574e+00 +5.3974e+00 -2.2059e+00 +2.2806e+00 +2.2560e+00 -1.4198e+00 -1.7244e+00 +1.5258e+00 -3.2105e+00
4557 +1.233828927e+01 +1.233828927e+01 +1.961982893e+02 +1.961982893e+02 -1.1413e+00 -4.6516e+00 +4.5841e+00 -1.8873e+00 +1.7943e+00 +2.0625e+00 -1.4349e+00 -1.3531e+00 +2.1030e+00 -2.7913e+00
