% function evaluation | noise-free fitness - Fopt (1.026100000000e+02) | best noise-free fitness - Fopt | measured fitness | best measured fitness | x1 | x2...
1 +3.946020972e+01 +3.946020972e+01 +1.420702097e+02 +1.420702097e+02 -2.1462e+00 -1.2306e+00
2 +2.199377861e+01 +2.199377861e+01 +1.246037786e+02 +1.246037786e+02 +1.2238e+00 -3.7389e+00
45 +1.165322654e+01 +1.165322654e+01 +1.142632265e+02 +1.142632265e+02 +1.2962e+00 -3.3741e+00
53 +5.944456815e+00 +5.944456815e+00 +1.085544568e+02 +1.085544568e+02 +3.6447e+00 -2.3225e+00
299 +3.948159682e+00 +3.948159682e+00 +1.065581597e+02 +1.065581597e+02 +3.3184e+00 -1.8725e+00
360 +2.134856800e+00 +2.134856800e+00 +1.047448568e+02 +1.047448568e+02 +3.0141e+00 -2.8272e+00
6940 +1.557662279e+00 +1.557662279e+00 +1.041676623e+02 +1.041676623e+02 -9.3853e-01 +1.5225e+00
7761 +3.958783719e-01 +3.958783719e-01 +1.030058784e+02 +1.030058784e+02 -1.1599e+00 +1.2385e+00
8282 +2.497624916e-01 +2.497624916e-01 +1.028597625e+02 +1.028597625e+02 -1.4101e+00 +1.2801e+00
8411 +1.537537038e-01 +1.537537038e-01 +1.027637537e+02 +1.027637537e+02 -1.4055e+00 +1.2827e+00
8472 +9.985228887e-02 +9.985228887e-02 +1.027098523e+02 +1.027098523e+02 -1.4001e+00 +1.2852e+00
29340 +1.616226302e-02 +1.616226302e-02 +1.026261623e+02 +1.026261623e+02 -1.2460e+00 +1.2520e+00
29613 +1.088436749e-02 +1.088436749e-02 +1.026208844e+02 +1.026208844e+02 -1.2468e+00 +1.2517e+00
29623 +5.123187599e-03 +5.123187599e-03 +1.026151232e+02 +1.026151232e+02 -1.2483e+00 +1.2510e+00
29686 +3.595648357e-03 +3.595648357e-03 +1.026135956e+02 +1.026135956e+02 -1.2500e+00 +1.2503e+00
29693 +2.416133244e-03 +2.416133244e-03 +1.026124161e+02 +1.026124161e+02 -1.2498e+00 +1.2503e+00
29702 +1.543279672e-03 +1.543279672e-03 +1.026115433e+02 +1.026115433e+02 -1.2497e+00 +1.2503e+00
29736 +2.033992341e-04 +2.033992341e-04 +1.026102034e+02 +1.026102034e+02 -1.2496e+00 +1.2502e+00
29761 +9.261480676e-05 +9.261480676e-05 +1.026100926e+02 +1.026100926e+02 -1.2497e+00 +1.2501e+00
29774 +2.275864837e-05 +2.275864837e-05 +1.026100228e+02 +1.026100228e+02 -1.2499e+00 +1.2501e+00
29782 +1.164032551e-05 +1.164032551e-05 +1.026100116e+02 +1.026100116e+02 -1.2500e+00 +1.2500e+00
29886 +1.968936502e-06 +1.968936502e-06 +1.026100020e+02 +1.026100020e+02 -1.2500e+00 +1.2500e+00
29922 +5.332709350e-07 +5.332709350e-07 +1.026100005e+02 +1.026100005e+02 -1.2500e+00 +1.2500e+00
29941 +3.479120352e-07 +3.479120352e-07 +1.026100003e+02 +1.026100003e+02 -1.2500e+00 +1.2500e+00
29956 +8.154441389e-08 +8.154441389e-08 +1.026100001e+02 +1.026100001e+02 -1.2500e+00 +1.2500e+00
29992 +5.191550656e-08 +5.191550656e-08 +1.026100001e+02 +1.026100001e+02 -1.2500e+00 +1.2500e+00
30012 +3.608684551e-08 +3.608684551e-08 +1.026100000e+02 +1.026100000e+02 -1.2500e+00 +1.2500e+00
30034 +2.023431023e-08 +2.023431023e-08 +1.026100000e+02 +1.026100000e+02 -1.2500e+00 +1.2500e+00
30098 +1.254073823e-08 +1.254073823e-08 +1.026100000e+02 +1.026100000e+02 -1.2500e+00 +1.2500e+00
30115 +8.000284879e-10 +8.000284879e-10 +1.026100000e+02 +1.026100000e+02 -1.2500e+00 +1.2500e+00
% function evaluation | noise-free fitness - Fopt (9.330000000000e+01) | best noise-free fitness - Fopt | measured fitness | best measured fitness | x1 | x2...
1 +4.667605210e+01 +4.667605210e+01 +1.399760521e+02 +1.399760521e+02 +4.1247e+00 -2.3488e+00
2 +3.547714294e+01 +3.547714294e+01 +1.287771429e+02 +1.287771429e+02 +3.4975e+00 +4.2010e+00
16 +2.442388351e+01 +2.442388351e+01 +1.177238835e+02 +1.177238835e+02 -4.7137e+00 +1.2475e+00
21 +2.171009515e+00 +2.171009515e+00 +9.547100951e+01 +9.547100951e+01 +1.4427e+00 -1.5152e+00
555 +1.189960912e+00 +1.189960912e+00 +9.448996091e+01 +9.448996091e+01 +1.1476e+00 -1.1022e+00
661 +3.566135816e-01 +3.566135816e-01 +9.365661358e+01 +9.365661358e+01 +1.1593e+00 -1.1319e+00
695 +1.058660720e-01 +1.058660720e-01 +9.340586607e+01 +9.340586607e+01 +1.2538e+00 -1.2609e+00
1071 +9.895433519e-02 +9.895433519e-02 +9.339895434e+01 +9.339895434e+01 +1.2538e+00 -1.2603e+00
1514 +6.034756528e-02 +6.034756528e-02 +9.336034757e+01 +9.336034757e+01 +1.2527e+00 -1.2582e+00
1623 +3.575913764e-02 +3.575913764e-02 +9.333575914e+01 +9.333575914e+01 +1.2520e+00 -1.2562e+00
1655 +2.137646602e-02 +2.137646602e-02 +9.332137647e+01 +9.332137647e+01 +1.2516e+00 -1.2548e+00
1689 +1.529083856e-02 +1.529083856e-02 +9.331529084e+01 +9.331529084e+01 +1.2515e+00 -1.2534e+00
1707 +6.270008948e-03 +6.270008948e-03 +9.330627001e+01 +9.330627001e+01 +1.2510e+00 -1.2525e+00
1712 +5.143326390e-04 +5.143326390e-04 +9.330051433e+01 +9.330051433e+01 +1.2499e+00 -1.2496e+00
1769 +2.216294304e-05 +2.216294304e-05 +9.330002216e+01 +9.330002216e+01 +1.2499e+00 -1.2499e+00
1829 +1.223930165e-05 +1.223930165e-05 +9.330001224e+01 +9.330001224e+01 +1.2500e+00 -1.2499e+00
1907 +6.023297288e-06 +6.023297288e-06 +9.330000602e+01 +9.330000602e+01 +1.2500e+00 -1.2499e+00
1914 +3.525000864e-06 +3.525000864e-06 +9.330000353e+01 +9.330000353e+01 +1.2500e+00 -1.2500e+00
1924 +1.906503186e-06 +1.906503186e-06 +9.330000191e+01 +9.330000191e+01 +1.2500e+00 -1.2500e+00
1927 +9.471572753e-07 +9.471572753e-07 +9.330000095e+01 +9.330000095e+01 +1.2500e+00 -1.2500e+00
1941 +5.594200019e-07 +5.594200019e-07 +9.330000056e+01 +9.330000056e+01 +1.2500e+00 -1.2500e+00
1944 +1.477669969e-07 +1.477669969e-07 +9.330000015e+01 +9.330000015e+01 +1.2500e+00 -1.2500e+00
1966 +5.243278167e-08 +5.243278167e-08 +9.330000005e+01 +9.330000005e+01 +1.2500e+00 -1.2500e+00
1988 +2.886844186e-08 +2.886844186e-08 +9.330000003e+01 +9.330000003e+01 +1.2500e+00 -1.2500e+00
1999 +1.243101622e-08 +1.243101622e-08 +9.330000001e+01 +9.330000001e+01 +1.2500e+00 -1.2500e+00
2024 +4.266738074e-09 +4.266738074e-09 +9.330000000e+01 +9.330000000e+01 +1.2500e+00 -1.2500e+00
% function evaluation | noise-free fitness - Fopt (1.364000000000e+01) | best noise-free fitness - Fopt | measured fitness | best measured fitness | x1 | x2...
1 +3.921168788e+01 +3.921168788e+01 +5.285168788e+01 +5.285168788e+01 +7.8084e-02 +2.4709e+00
5 +1.960641951e+01 +1.960641951e+01 +3.324641951e+01 +3.324641951e+01 -1.8714e+00 +5.5436e-01
12 +3.230358574e+00 +3.230358574e+00 +1.687035857e+01 +1.687035857e+01 -2.1399e+00 -3.4817e+00
99 +1.921430484e+00 +1.921430484e+00 +1.556143048e+01 +1.556143048e+01 +6.1986e-01 +1.0527e+00
482 +6.410282998e-01 +6.410282998e-01 +1.428102830e+01 +1.428102830e+01 +1.4961e+00 +1.5642e+00
1001 +4.677720262e-01 +4.677720262e-01 +1.410777203e+01 +1.410777203e+01 +1.2798e+00 +1.4846e+00
1332 +2.168698158e-01 +2.168698158e-01 +1.385686982e+01 +1.385686982e+01 +1.3742e+00 +1.4083e+00
1452 +1.387894626e-01 +1.387894626e-01 +1.377878946e+01 +1.377878946e+01 +1.2543e+00 +1.2618e+00
1542 +8.409398121e-02 +8.409398121e-02 +1.372409398e+01 +1.372409398e+01 +1.1608e+00 +1.3378e+00
30160 +1.216102518e-02 +1.216102518e-02 +1.365216103e+01 +1.365216103e+01 +1.2509e+00 +1.2518e+00
30180 +6.573876911e-03 +6.573876911e-03 +1.364657388e+01 +1.364657388e+01 +1.2508e+00 +1.2518e+00
30203 +5.778508433e-03 +5.778508433e-03 +1.364577851e+01 +1.364577851e+01 +1.2508e+00 +1.2518e+00
30254 +3.028245174e-03 +3.028245174e-03 +1.364302825e+01 +1.364302825e+01 +1.2502e+00 +1.2499e+00
30272 +2.080651308e-03 +2.080651308e-03 +1.364208065e+01 +1.364208065e+01 +1.2502e+00 +1.2502e+00
30334 +1.235539797e-03 +1.235539797e-03 +1.364123554e+01 +1.364123554e+01 +1.2503e+00 +1.2505e+00
30338 +4.932176288e-04 +4.932176288e-04 +1.364049322e+01 +1.364049322e+01 +1.2498e+00 +1.2494e+00
30374 +3.726063667e-04 +3.726063667e-04 +1.364037261e+01 +1.364037261e+01 +1.2498e+00 +1.2494e+00
30379 +9.819788330e-05 +9.819788330e-05 +1.364009820e+01 +1.364009820e+01 +1.2501e+00 +1.2503e+00
30384 +6.242343457e-05 +6.242343457e-05 +1.364006242e+01 +1.364006242e+01 +1.2499e+00 +1.2497e+00
30426 +1.477104387e-05 +1.477104387e-05 +1.364001477e+01 +1.364001477e+01 +1.2500e+00 +1.2499e+00
30443 +8.406538591e-06 +8.406538591e-06 +1.364000841e+01 +1.364000841e+01 +1.2500e+00 +1.2501e+00
30467 +5.628909516e-06 +5.628909516e-06 +1.364000563e+01 +1.364000563e+01 +1.2500e+00 +1.2500e+00
30483 +8.627121115e-07 +8.627121115e-07 +1.364000086e+01 +1.364000086e+01 +1.2500e+00 +1.2500e+00
30522 +5.119594331e-07 +5.119594331e-07 +1.364000051e+01 +1.364000051e+01 +1.2500e+00 +1.2500e+00
30555 +1.438085615e-07 +1.438085615e-07 +1.364000014e+01 +1.364000014e+01 +1.2500e+00 +1.2500e+00
30608 +8.547976016e-08 +8.547976016e-08 +1.364000009e+01 +1.364000009e+01 +1.2500e+00 +1.2500e+00
30620 +3.044110386e-08 +3.044110386e-08 +1.364000003e+01 +1.364000003e+01 +1.2500e+00 +1.2500e+00
30621 +2.234339291e-08 +2.234339291e-08 +1.364000002e+01 +1.364000002e+01 +1.2500e+00 +1.2500e+00
30636 +1.216269752e-09 +1.216269752e-09 +1.364000000e+01 +1.364000000e+01 +1.2500e+00 +1.2500e+00
% function evaluation | noise-free fitness - Fopt (1.948000000000e+02) | best noise-free fitness - Fopt | measured fitness | best measured fitness | x1 | x2...
1 +2.800738660e+01 +2.800738660e+01 +2.228073866e+02 +2.228073866e+02 +4.2291e+00 -3.7180e-01
6 +1.054727010e+01 +1.054727010e+01 +2.053472701e+02 +2.053472701e+02 -3.3163e-01 -2.7057e+00
35 +7.015570929e+00 +7.015570929e+00 +2.018155709e+02 +2.018155709e+02 +2.9009e+00 -1.1942e+00
134 +5.321065277e+00 +5.321065277e+00 +2.001210653e+02 +2.001210653e+02 +3.4653e+00 -7.5984e-01
274 +3.456710604e+00 +3.456710604e+00 +1.982567106e+02 +1.982567106e+02 +4.4598e+00 -2.7617e+00
551 +2.381373183e+00 +2.381373183e+00 +1.971813732e+02 +1.971813732e+02 +2.9920e+00 -3.6427e+00
3482 +1.055058476e+00 +1.055058476e+00 +1.958550585e+02 +1.958550585e+02 -1.4325e+00 +1.5038e+00
3650 +4.921154726e-01 +4.921154726e-01 +1.952921155e+02 +1.952921155e+02 -1.2349e+00 +1.4830e+00
4092 +2.968644998e-01 +2.968644998e-01 +1.950968645e+02 +1.950968645e+02 -1.2244e+00 +1.4892e+00
4198 +5.075417202e-02 +5.075417202e-02 +1.948507542e+02 +1.948507542e+02 -1.3504e+00 +1.2580e+00
40492 +8.807638050e-04 +8.807638050e-04 +1.948008808e+02 +1.948008808e+02 -1.2492e+00 +1.2504e+00
41186 +6.238964802e-04 +6.238964802e-04 +1.948006239e+02 +1.948006239e+02 -1.2500e+00 +1.2499e+00
41204 +3.662168925e-04 +3.662168925e-04 +1.948003662e+02 +1.948003662e+02 -1.2501e+00 +1.2500e+00
41244 +1.357557266e-04 +1.357557266e-04 +1.948001358e+02 +1.948001358e+02 -1.2501e+00 +1.2500e+00
41283 +2.913195866e-05 +2.913195866e-05 +1.948000291e+02 +1.948000291e+02 -1.2500e+00 +1.2500e+00
41308 +1.766177078e-05 +1.766177078e-05 +1.948000177e+02 +1.948000177e+02 -1.2500e+00 +1.2500e+00
41310 +8.034548387e-07 +8.034548387e-07 +1.948000008e+02 +1.948000008e+02 -1.2500e+00 +1.2500e+00
41342 +1.326949359e-07 +1.326949359e-07 +1.948000001e+02 +1.948000001e+02 -1.2500e+00 +1.2500e+00
41391 +6.277474540e-08 +6.277474540e-08 +1.948000001e+02 +1.948000001e+02 -1.2500e+00 +1.2500e+00
41496 +2.627845674e-08 +2.627845674e-08 +1.948000000e+02 +1.948000000e+02 -1.2500e+00 +1.2500e+00
41516 +1.277953743e-09 +1.277953743e-09 +1.948000000e+02 +1.948000000e+02 -1.2500e+00 +1.2500e+00
% function evaluation | noise-free fitness - Fopt (-1.335900000000e+02) | best noise-free fitness - Fopt | measured fitness | best measured fitness | x1 | x2...
1 +5.133089295e+01 +5.133089295e+01 -8.225910705e+01 -8.225910705e+01 +4.3696e+00 +2.8894e+00
2 +2.888974023e+01 +2.888974023e+01 -1.047002598e+02 -1.047002598e+02 -2.5487e+00 -2.9681e+00
3 +1.496184184e+01 +1.496184184e+01 -1.186281582e+02 -1.186281582e+02 +2.1403e+00 -2.5644e+00
67 +3.729694239e+00 +3.729694239e+00 -1.298603058e+02 -1.298603058e+02 +4.8462e-01 -8.9734e-01
293 +1.106861001e+00 +1.106861001e+00 -1.324831390e+02 -1.324831390e+02 +1.0806e+00 -9.7360e-01
666 +7.605076889e-01 +7.605076889e-01 -1.328294923e+02 -1.328294923e+02 +1.1425e+00 -1.1351e+00
789 +5.199378580e-01 +5.199378580e-01 -1.330700621e+02 -1.330700621e+02 +1.2645e+00 -1.2396e+00
1102 +1.867484444e-01 +1.867484444e-01 -1.334032516e+02 -1.334032516e+02 +1.1606e+00 -1.1192e+00
1171 +1.099226488e-01 +1.099226488e-01 -1.334800774e+02 -1.334800774e+02 +1.1606e+00 -1.1178e+00
12592 +9.647702545e-02 +9.647702545e-02 -1.334935230e+02 -1.334935230e+02 +1.2443e+00 -1.2560e+00
12621 +1.237505806e-02 +1.237505806e-02 -1.335776249e+02 -1.335776249e+02 +1.2473e+00 -1.2522e+00
12761 +9.989452608e-03 +9.989452608e-03 -1.335800105e+02 -1.335800105e+02 +1.2478e+00 -1.2522e+00
12936 +2.945425169e-03 +2.945425169e-03 -1.335870546e+02 -1.335870546e+02 +1.2509e+00 -1.2490e+00
13021 +1.096942413e-03 +1.096942413e-03 -1.335889031e+02 -1.335889031e+02 +1.2492e+00 -1.2508e+00
13095 +6.289563393e-05 +6.289563393e-05 -1.335899371e+02 -1.335899371e+02 +1.2499e+00 -1.2501e+00
13241 +2.939865510e-06 +2.939865510e-06 -1.335899971e+02 -1.335899971e+02 +1.2500e+00 -1.2500e+00
13303 +6.897562628e-07 +6.897562628e-07 -1.335899993e+02 -1.335899993e+02 +1.2500e+00 -1.2500e+00
13328 +4.546867274e-07 +4.546867274e-07 -1.335899995e+02 -1.335899995e+02 +1.2500e+00 -1.2500e+00
13386 +3.671075888e-08 +3.671075888e-08 -1.335900000e+02 -1.335900000e+02 +1.2500e+00 -1.2500e+00
13445 +1.189783916e-08 +1.189783916e-08 -1.335900000e+02 -1.335900000e+02 +1.2500e+00 -1.2500e+00
13477 +5.106784329e-09 +5.106784329e-09 -1.335900000e+02 -1.335900000e+02 +1.2500e+00 -1.2500e+00
% function evaluation | noise-free fitness - Fopt (1.543700000000e+02) | best noise-free fitness - Fopt | measured fitness | best measured fitness | x1 | x2...
1 +5.945563099e+01 +5.945563099e+01 +2.138256310e+02 +2.138256310e+02 +3.8620e+00 -1.4018e+00
2 +2.526269240e+01 +2.526269240e+01 +1.796326924e+02 +1.796326924e+02 -2.8765e+00 +4.7341e+00
16 +3.822008496e+00 +3.822008496e+00 +1.581920085e+02 +1.581920085e+02 -2.4353e+00 +2.9705e+00
196 +2.468761312e+00 +2.468761312e+00 +1.568387613e+02 +1.568387613e+02 -3.1423e+00 +3.7411e+00
8626 +1.476384662e+00 +1.476384662e+00 +1.558463847e+02 +1.558463847e+02 +1.6650e+00 -1.0068e+00
9643 +6.608215516e-01 +6.608215516e-01 +1.550308216e+02 +1.550308216e+02 +1.5791e+00 -1.3201e+00
9952 +4.782398235e-01 +4.782398235e-01 +1.548482398e+02 +1.548482398e+02 +1.4824e+00 -1.1410e+00
10136 +3.903229948e-01 +3.903229948e-01 +1.547603230e+02 +1.547603230e+02 +1.4790e+00 -1.1406e+00
10412 +2.481563386e-01 +2.481563386e-01 +1.546181563e+02 +1.546181563e+02 +1.4680e+00 -1.1343e+00
14978 +1.571831214e-01 +1.571831214e-01 +1.545271831e+02 +1.545271831e+02 +1.0979e+00 -1.2211e+00
22992 +7.700911034e-03 +7.700911034e-03 +1.543777009e+02 +1.543777009e+02 +1.2489e+00 -1.2491e+00
23202 +5.416838368e-04 +5.416838368e-04 +1.543705417e+02 +1.543705417e+02 +1.2498e+00 -1.2498e+00
23293 +8.744237655e-05 +8.744237655e-05 +1.543700874e+02 +1.543700874e+02 +1.2500e+00 -1.2500e+00
23363 +2.359415589e-05 +2.359415589e-05 +1.543700236e+02 +1.543700236e+02 +1.2501e+00 -1.2501e+00
23385 +2.044374185e-06 +2.044374185e-06 +1.543700020e+02 +1.543700020e+02 +1.2500e+00 -1.2500e+00
23458 +4.545318291e-07 +4.545318291e-07 +1.543700005e+02 +1.543700005e+02 +1.2500e+00 -1.2500e+00
23529 +5.220485377e-08 +5.220485377e-08 +1.543700001e+02 +1.543700001e+02 +1.2500e+00 -1.2500e+00
23552 +1.894932211e-09 +1.894932211e-09 +1.543700000e+02 +1.543700000e+02 +1.2500e+00 -1.2500e+00
% function evaluation | noise-free fitness - Fopt (-2.883300000000e+02) | best noise-free fitness - Fopt | measured fitness | best measured fitness | x1 | x2...
1 +8.933476239e+00 +8.933476239e+00 -2.793965238e+02 -2.793965238e+02 +4.2855e+00 -2.8438e+00
32 +6.105603895e+00 +6.105603895e+00 -2.822243961e+02 -2.822243961e+02 +2.3980e+00 -2.8438e+00
185 +3.309201023e+00 +3.309201023e+00 -2.850207990e+02 -2.850207990e+02 +3.5828e+00 -2.6422e+00
224 +2.491480501e+00 +2.491480501e+00 -2.858385195e+02 -2.858385195e+02 +3.5617e+00 -2.8416e+00
2161 +1.241986104e+00 +1.241986104e+00 -2.870880139e+02 -2.870880139e+02 -1.1871e+00 +8.2435e-01
2730 +9.932843089e-02 +9.932843089e-02 -2.882306716e+02 -2.882306716e+02 -1.2485e+00 +1.2454e+00
3222 +1.592266940e-03 +1.592266940e-03 -2.883284077e+02 -2.883284077e+02 -1.2499e+00 +1.2486e+00
3423 +1.529340796e-03 +1.529340796e-03 -2.883284707e+02 -2.883284707e+02 -1.2499e+00 +1.2487e+00
3513 +2.655476948e-04 +2.655476948e-04 -2.883297345e+02 -2.883297345e+02 -1.2500e+00 +1.2496e+00
3522 +1.595362983e-04 +1.595362983e-04 -2.883298405e+02 -2.883298405e+02 -1.2499e+00 +1.2498e+00
3534 +1.481030291e-04 +1.481030291e-04 -2.883298519e+02 -2.883298519e+02 -1.2501e+00 +1.2503e+00
3541 +9.952707444e-06 +9.952707444e-06 -2.883299900e+02 -2.883299900e+02 -1.2500e+00 +1.2501e+00
3595 +1.500353903e-06 +1.500353903e-06 -2.883299985e+02 -2.883299985e+02 -1.2500e+00 +1.2500e+00
3613 +1.704117381e-07 +1.704117381e-07 -2.883299998e+02 -2.883299998e+02 -1.2500e+00 +1.2500e+00
3689 +9.151483482e-08 +9.151483482e-08 -2.883299999e+02 -2.883299999e+02 -1.2500e+00 +1.2500e+00
3700 +6.125782193e-08 +6.125782193e-08 -2.883299999e+02 -2.883299999e+02 -1.2500e+00 +1.2500e+00
3703 +2.141291588e-10 +2.141291588e-10 -2.883300000e+02 -2.883300000e+02 -1.2500e+00 +1.2500e+00
% function evaluation | noise-free fitness - Fopt (-5.381100000000e+02) | best noise-free fitness - Fopt | measured fitness | best measured fitness | x1 | x2...
1 +5.099778294e+01 +5.099778294e+01 -4.871122171e+02 -4.871122171e+02 -3.5740e+00 +2.2522e+00
2 +3.654130120e+01 +3.654130120e+01 -5.015686988e+02 -5.015686988e+02 +7.0856e-01 -3.5396e+00
7 +1.337861160e+01 +1.337861160e+01 -5.247313884e+02 -5.247313884e+02 +4.6078e-01 +1.8113e+00
22 +4.278323995e+00 +4.278323995e+00 -5.338316760e+02 -5.338316760e+02 +1.9539e+00 +2.5343e+00
125 +3.301355628e+00 +3.301355628e+00 -5.348086444e+02 -5.348086444e+02 +2.2249e+00 +2.7974e+00
740 +2.460661655e+00 +2.460661655e+00 -5.356493383e+02 -5.356493383e+02 +2.1730e+00 +2.9424e+00
2817 +1.142852987e+00 +1.142852987e+00 -5.369671470e+02 -5.369671470e+02 -1.2473e+00 -1.2225e+00
3258 +3.716800719e-01 +3.716800719e-01 -5.377383199e+02 -5.377383199e+02 -1.2005e+00 -1.4009e+00
3612 +2.446916476e-01 +2.446916476e-01 -5.378653084e+02 -5.378653084e+02 -1.1389e+00 -1.0683e+00
3873 +1.192703688e-01 +1.192703688e-01 -5.379907296e+02 -5.379907296e+02 -1.4084e+00 -1.2922e+00
35242 +9.928579001e-02 +9.928579001e-02 -5.380107142e+02 -5.380107142e+02 -1.2491e+00 -1.2564e+00
35535 +5.876555312e-02 +5.876555312e-02 -5.380512344e+02 -5.380512344e+02 -1.2491e+00 -1.2499e+00
35563 +3.168735418e-02 +3.168735418e-02 -5.380783126e+02 -5.380783126e+02 -1.2494e+00 -1.2511e+00
35581 +5.977015790e-03 +5.977015790e-03 -5.381040230e+02 -5.381040230e+02 -1.2497e+00 -1.2508e+00
35605 +4.982233463e-06 +4.982233463e-06 -5.381099950e+02 -5.381099950e+02 -1.2500e+00 -1.2500e+00
35673 +3.137923841e-06 +3.137923841e-06 -5.381099969e+02 -5.381099969e+02 -1.2500e+00 -1.2500e+00
35685 +2.602852192e-07 +2.602852192e-07 -5.381099997e+02 -5.381099997e+02 -1.2500e+00 -1.2500e+00
35711 +1.882643801e-07 +1.882643801e-07 -5.381099998e+02 -5.381099998e+02 -1.2500e+00 -1.2500e+00
35733 +1.246060037e-07 +1.246060037e-07 -5.381099999e+02 -5.381099999e+02 -1.2500e+00 -1.2500e+00
35822 +7.250730505e-08 +7.250730505e-08 -5.381099999e+02 -5.381099999e+02 -1.2500e+00 -1.2500e+00
35826 +6.943992048e-10 +6.943992048e-10 -5.381100000e+02 -5.381100000e+02 -1.2500e+00 -1.2500e+00
% function evaluation | noise-free fitness - Fopt (7.478200000000e+02) | best noise-free fitness - Fopt | measured fitness | best measured fitness | x1 | x2...
1 +4.234919598e+01 +4.234919598e+01 +7.901691960e+02 +7.901691960e+02 -4.3969e+00 +2.2207e+00
2 +1.726244072e+01 +1.726244072e+01 +7.650824407e+02 +7.650824407e+02 +2.6075e+00 +9.7200e-01
16 +4.618567551e+00 +4.618567551e+00 +7.524385676e+02 +7.524385676e+02 -3.8588e-01 -1.1545e+00
202 +1.980395532e+00 +1.980395532e+00 +7.498003955e+02 +7.498003955e+02 -8.2430e-01 -1.3596e+00
542 +1.355657935e+00 +1.355657935e+00 +7.491756579e+02 +7.491756579e+02 -1.3490e+00 -1.1545e+00
812 +4.972179929e-02 +4.972179929e-02 +7.478697218e+02 +7.478697218e+02 -1.2559e+00 -1.2471e+00
1603 +2.819906277e-02 +2.819906277e-02 +7.478481991e+02 +7.478481991e+02 -1.2547e+00 -1.2485e+00
1712 +2.435002182e-02 +2.435002182e-02 +7.478443500e+02 +7.478443500e+02 -1.2551e+00 -1.2480e+00
1841 +1.426827247e-02 +1.426827247e-02 +7.478342683e+02 +7.478342683e+02 -1.2539e+00 -1.2484e+00
1884 +8.832670862e-03 +8.832670862e-03 +7.478288327e+02 +7.478288327e+02 -1.2530e+00 -1.2487e+00
1909 +4.448670671e-03 +4.448670671e-03 +7.478244487e+02 +7.478244487e+02 -1.2522e+00 -1.2491e+00
1935 +2.258465623e-03 +2.258465623e-03 +7.478222585e+02 +7.478222585e+02 -1.2514e+00 -1.2494e+00
1981 +9.829438050e-04 +9.829438050e-04 +7.478209829e+02 +7.478209829e+02 -1.2507e+00 -1.2498e+00
1992 +1.948271145e-04 +1.948271145e-04 +7.478201948e+02 +7.478201948e+02 -1.2505e+00 -1.2498e+00
2046 +1.764994101e-05 +1.764994101e-05 +7.478200176e+02 +7.478200176e+02 -1.2500e+00 -1.2500e+00
2117 +8.512251725e-06 +8.512251725e-06 +7.478200085e+02 +7.478200085e+02 -1.2501e+00 -1.2500e+00
2136 +5.239650022e-06 +5.239650022e-06 +7.478200052e+02 +7.478200052e+02 -1.2501e+00 -1.2500e+00
2180 +1.547953161e-07 +1.547953161e-07 +7.478200002e+02 +7.478200002e+02 -1.2500e+00 -1.2500e+00
2297 +3.544766969e-08 +3.544766969e-08 +7.478200000e+02 +7.478200000e+02 -1.2500e+00 -1.2500e+00
2331 +5.979472917e-09 +5.979472917e-09 +7.478200000e+02 +7.478200000e+02 -1.2500e+00 -1.2500e+00
% function evaluation | noise-free fitness - Fopt (1.667000000000e+01) | best noise-free fitness - Fopt | measured fitness | best measured fitness | x1 | x2...
1 +4.359730184e+01 +4.359730184e+01 +6.026730184e+01 +6.026730184e+01 -3.2770e+00 +1.0534e+00
3 +3.194695507e+01 +3.194695507e+01 +4.861695507e+01 +4.861695507e+01 -1.3175e+00 -2.6695e+00
6 +5.009840102e+00 +5.009840102e+00 +2.167984010e+01 +2.167984010e+01 +2.4986e+00 -2.3786e+00
91 +3.296522487e+00 +3.296522487e+00 +1.996652249e+01 +1.996652249e+01 +2.8031e+00 -2.1945e+00
236 +2.190511110e+00 +2.190511110e+00 +1.886051111e+01 +1.886051111e+01 +3.1607e+00 -2.9486e+00
2028 +1.213577663e+00 +1.213577663e+00 +1.788357766e+01 +1.788357766e+01 -1.1047e+00 +8.3135e-01
2309 +7.569293573e-01 +7.569293573e-01 +1.742692936e+01 +1.742692936e+01 -8.3660e-01 +1.2712e+00
5821 +2.931445703e-01 +2.931445703e-01 +1.696314457e+01 +1.696314457e+01 -1.1671e+00 +1.3261e+00
5832 +9.081348707e-02 +9.081348707e-02 +1.676081349e+01 +1.676081349e+01 -1.1535e+00 +1.3162e+00
6812 +6.234133245e-02 +6.234133245e-02 +1.673234133e+01 +1.673234133e+01 -1.1536e+00 +1.3174e+00
37772 +3.206819611e-02 +3.206819611e-02 +1.670206820e+01 +1.670206820e+01 -1.2460e+00 +1.2475e+00
37821 +1.763834960e-02 +1.763834960e-02 +1.668763835e+01 +1.668763835e+01 -1.2474e+00 +1.2485e+00
37922 +5.604090179e-03 +5.604090179e-03 +1.667560409e+01 +1.667560409e+01 -1.2495e+00 +1.2499e+00
37943 +5.051389091e-04 +5.051389091e-04 +1.667050514e+01 +1.667050514e+01 -1.2504e+00 +1.2504e+00
38087 +3.708584549e-04 +3.708584549e-04 +1.667037086e+01 +1.667037086e+01 -1.2501e+00 +1.2502e+00
38101 +3.148613609e-05 +3.148613609e-05 +1.667003149e+01 +1.667003149e+01 -1.2501e+00 +1.2501e+00
38175 +2.145993330e-05 +2.145993330e-05 +1.667002146e+01 +1.667002146e+01 -1.2499e+00 +1.2499e+00
38181 +1.092514094e-05 +1.092514094e-05 +1.667001093e+01 +1.667001093e+01 -1.2501e+00 +1.2501e+00
38228 +8.335580198e-06 +8.335580198e-06 +1.667000834e+01 +1.667000834e+01 -1.2499e+00 +1.2499e+00
38229 +1.055990250e-06 +1.055990250e-06 +1.667000106e+01 +1.667000106e+01 -1.2500e+00 +1.2500e+00
38251 +3.789192924e-07 +3.789192924e-07 +1.667000038e+01 +1.667000038e+01 -1.2500e+00 +1.2500e+00
38252 +8.353671177e-08 +8.353671177e-08 +1.667000008e+01 +1.667000008e+01 -1.2500e+00 +1.2500e+00
38394 +7.945367031e-09 +7.945367031e-09 +1.667000001e+01 +1.667000001e+01 -1.2500e+00 +1.2500e+00
% function evaluation | noise-free fitness - Fopt (-6.277000000000e+01) | best noise-free fitness - Fopt | measured fitness | best measured fitness | x1 | x2...
1 +5.476519795e+01 +5.476519795e+01 -8.004802047e+00 -8.004802047e+00 -1.5200e+00 +3.7420e+00
2 +1.490678558e+01 +1.490678558e+01 -4.786321442e+01 -4.786321442e+01 +1.0772e+00 -4.8963e+00
41 +7.481496680e+00 +7.481496680e+00 -5.528850332e+01 -5.528850332e+01 -2.0146e-01 -3.3060e+00
192 +5.933354865e+00 +5.933354865e+00 -5.683664513e+01 -5.683664513e+01 -8.1340e-01 -2.7530e+00
255 +3.756038350e+00 +3.756038350e+00 -5.901396165e+01 -5.901396165e+01 -1.9319e+00 -3.5960e+00
1315 +2.350449605e+00 +2.350449605e+00 -6.041955040e+01 -6.041955040e+01 -2.4799e+00 -3.5080e+00
9835 +1.357966530e+00 +1.357966530e+00 -6.141203347e+01 -6.141203347e+01 +1.1942e+00 +1.7235e+00
10272 +7.444481579e-01 +7.444481579e-01 -6.202555184e+01 -6.202555184e+01 +1.1726e+00 +1.5425e+00
10402 +4.586119594e-01 +4.586119594e-01 -6.231138804e+01 -6.231138804e+01 +1.1576e+00 +1.5425e+00
10629 +1.398137869e-01 +1.398137869e-01 -6.263018621e+01 -6.263018621e+01 +1.2573e+00 +1.2511e+00
10702 +8.084839977e-02 +8.084839977e-02 -6.268915160e+01 -6.268915160e+01 +1.2544e+00 +1.2509e+00
10826 +1.548420131e-02 +1.548420131e-02 -6.275451580e+01 -6.275451580e+01 +1.2541e+00 +1.2498e+00
10884 +9.827710693e-03 +9.827710693e-03 -6.276017229e+01 -6.276017229e+01 +1.2533e+00 +1.2499e+00
10923 +3.012134156e-03 +3.012134156e-03 -6.276698787e+01 -6.276698787e+01 +1.2519e+00 +1.2499e+00
10981 +1.752416410e-03 +1.752416410e-03 -6.276824758e+01 -6.276824758e+01 +1.2515e+00 +1.2500e+00
10993 +1.028228055e-03 +1.028228055e-03 -6.276897177e+01 -6.276897177e+01 +1.2508e+00 +1.2499e+00
11001 +6.597812171e-04 +6.597812171e-04 -6.276934022e+01 -6.276934022e+01 +1.2504e+00 +1.2499e+00
11005 +5.248792669e-04 +5.248792669e-04 -6.276947512e+01 -6.276947512e+01 +1.2508e+00 +1.2500e+00
11015 +1.013503456e-04 +1.013503456e-04 -6.276989865e+01 -6.276989865e+01 +1.2497e+00 +1.2500e+00
11038 +9.174957752e-05 +9.174957752e-05 -6.276990825e+01 -6.276990825e+01 +1.2500e+00 +1.2500e+00
11061 +3.719167409e-05 +3.719167409e-05 -6.276996281e+01 -6.276996281e+01 +1.2500e+00 +1.2500e+00
11062 +2.252590500e-05 +2.252590500e-05 -6.276997747e+01 -6.276997747e+01 +1.2500e+00 +1.2500e+00
11065 +1.837936736e-07 +1.837936736e-07 -6.276999982e+01 -6.276999982e+01 +1.2500e+00 +1.2500e+00
11144 +8.098290039e-08 +8.098290039e-08 -6.276999992e+01 -6.276999992e+01 +1.2500e+00 +1.2500e+00
11171 +5.719911655e-08 +5.719911655e-08 -6.276999994e+01 -6.276999994e+01 +1.2500e+00 +1.2500e+00
11185 +2.623741580e-08 +2.623741580e-08 -6.276999997e+01 -6.276999997e+01 +1.2500e+00 +1.2500e+00
11192 +2.180109959e-08 +2.180109959e-08 -6.276999998e+01 -6.276999998e+01 +1.2500e+00 +1.2500e+00
11194 +1.068701749e-08 +1.068701749e-08 -6.276999999e+01 -6.276999999e+01 +1.2500e+00 +1.2500e+00
11219 +8.388632011e-09 +8.388632011e-09 -6.276999999e+01 -6.276999999e+01 +1.2500e+00 +1.2500e+00
% function evaluation | noise-free fitness - Fopt (1.096000000000e+01) | best noise-free fitness - Fopt | measured fitness | best measured fitness | x1 | x2...
1 +4.694546910e+01 +4.694546910e+01 +5.790546910e+01 +5.790546910e+01 +4.2535e-01 -4.3997e+00
2 +3.282577124e+01 +3.282577124e+01 +4.378577124e+01 +4.378577124e+01 -1.4278e+00 +1.1284e+00
3 +1.289945154e+01 +1.289945154e+01 +2.385945154e+01 +2.385945154e+01 -3.1767e+00 +3.7057e+00
42 +9.505992790e+00 +9.505992790e+00 +2.046599279e+01 +2.046599279e+01 -3.1625e+00 +4.6601e+00
115 +5.073787473e+00 +5.073787473e+00 +1.603378747e+01 +1.603378747e+01 -2.8701e+00 +1.7020e+00
123 +3.853555708e+00 +3.853555708e+00 +1.481355571e+01 +1.481355571e+01 -2.6467e+00 +2.9797e+00
230 +2.432476526e+00 +2.432476526e+00 +1.339247653e+01 +1.339247653e+01 -2.6490e+00 +2.7590e+00
3624 +1.237562757e+00 +1.237562757e+00 +1.219756276e+01 +1.219756276e+01 +1.7482e+00 -1.2727e+00
4014 +1.267656658e-01 +1.267656658e-01 +1.108676567e+01 +1.108676567e+01 +1.2525e+00 -1.2377e+00
4331 +6.280759520e-02 +6.280759520e-02 +1.102280760e+01 +1.102280760e+01 +1.2514e+00 -1.2418e+00
4662 +1.494174325e-02 +1.494174325e-02 +1.097494174e+01 +1.097494174e+01 +1.2509e+00 -1.2458e+00
5157 +8.549191736e-03 +8.549191736e-03 +1.096854919e+01 +1.096854919e+01 +1.2507e+00 -1.2469e+00
5244 +5.810312862e-03 +5.810312862e-03 +1.096581031e+01 +1.096581031e+01 +1.2506e+00 -1.2475e+00
5276 +3.011420263e-03 +3.011420263e-03 +1.096301142e+01 +1.096301142e+01 +1.2504e+00 -1.2481e+00
5289 +2.129865839e-03 +2.129865839e-03 +1.096212987e+01 +1.096212987e+01 +1.2504e+00 -1.2484e+00
5291 +1.400302618e-03 +1.400302618e-03 +1.096140030e+01 +1.096140030e+01 +1.2503e+00 -1.2492e+00
5308 +6.246150029e-04 +6.246150029e-04 +1.096062462e+01 +1.096062462e+01 +1.2502e+00 -1.2494e+00
5314 +1.836569123e-04 +1.836569123e-04 +1.096018366e+01 +1.096018366e+01 +1.2500e+00 -1.2502e+00
5352 +5.209633116e-07 +5.209633116e-07 +1.096000052e+01 +1.096000052e+01 +1.2500e+00 -1.2500e+00
5533 +2.371236540e-07 +2.371236540e-07 +1.096000024e+01 +1.096000024e+01 +1.2500e+00 -1.2500e+00
5565 +8.727418610e-08 +8.727418610e-08 +1.096000009e+01 +1.096000009e+01 +1.2500e+00 -1.2500e+00
5588 +3.641865121e-08 +3.641865121e-08 +1.096000004e+01 +1.096000004e+01 +1.2500e+00 -1.2500e+00
5598 +1.773535452e-08 +1.773535452e-08 +1.096000002e+01 +1.096000002e+01 +1.2500e+00 -1.2500e+00
5611 +1.466056787e-08 +1.466056787e-08 +1.096000001e+01 +1.096000001e+01 +1.2500e+00 -1.2500e+00
5628 +6.819300680e-09 +6.819300680e-09 +1.096000001e+01 +1.096000001e+01 +1.2500e+00 -1.2500e+00
% function evaluation | noise-free fitness - Fopt (9.038000000000e+01) | best noise-free fitness - Fopt | measured fitness | best measured fitness | x1 | x2...
1 +5.396236258e+01 +5.396236258e+01 +1.443423626e+02 +1.443423626e+02 +1.8347e+00 -1.8965e+00
3 +2.591275706e+01 +2.591275706e+01 +1.162927571e+02 +1.162927571e+02 -2.6278e+00 -9.2729e-01
4 +1.639087427e+01 +1.639087427e+01 +1.067708743e+02 +1.067708743e+02 -3.7715e+00 -3.4340e-01
13 +2.522542958e+00 +2.522542958e+00 +9.290254296e+01 +9.290254296e+01 +4.6958e-01 +1.3311e+00
337 +1.920100259e+00 +1.920100259e+00 +9.230010026e+01 +9.230010026e+01 +1.1142e+00 +1.1201e+00
414 +9.762797379e-01 +9.762797379e-01 +9.135627974e+01 +9.135627974e+01 +1.1117e+00 +7.8068e-01
7549 +4.764806338e-01 +4.764806338e-01 +9.085648063e+01 +9.085648063e+01 +1.2004e+00 +1.4099e+00
7681 +3.780243528e-01 +3.780243528e-01 +9.075802435e+01 +9.075802435e+01 +1.0797e+00 +1.2747e+00
8137 +2.053339168e-01 +2.053339168e-01 +9.058533392e+01 +9.058533392e+01 +1.3036e+00 +1.0864e+00
8253 +6.769635834e-03 +6.769635834e-03 +9.038676964e+01 +9.038676964e+01 +1.2503e+00 +1.2495e+00
8581 +4.173947381e-03 +4.173947381e-03 +9.038417395e+01 +9.038417395e+01 +1.2504e+00 +1.2495e+00
8593 +3.092434729e-03 +3.092434729e-03 +9.038309243e+01 +9.038309243e+01 +1.2507e+00 +1.2498e+00
8605 +5.379594566e-04 +5.379594566e-04 +9.038053796e+01 +9.038053796e+01 +1.2506e+00 +1.2497e+00
8735 +3.689917966e-04 +3.689917966e-04 +9.038036899e+01 +9.038036899e+01 +1.2497e+00 +1.2501e+00
8763 +1.387145461e-04 +1.387145461e-04 +9.038013871e+01 +9.038013871e+01 +1.2498e+00 +1.2501e+00
8765 +7.378228926e-05 +7.378228926e-05 +9.038007378e+01 +9.038007378e+01 +1.2502e+00 +1.2499e+00
8785 +5.805358369e-05 +5.805358369e-05 +9.038005805e+01 +9.038005805e+01 +1.2499e+00 +1.2500e+00
8808 +2.279331906e-05 +2.279331906e-05 +9.038002279e+01 +9.038002279e+01 +1.2501e+00 +1.2499e+00
8846 +1.497956522e-05 +1.497956522e-05 +9.038001498e+01 +9.038001498e+01 +1.2501e+00 +1.2500e+00
8851 +9.970458876e-07 +9.970458876e-07 +9.038000100e+01 +9.038000100e+01 +1.2500e+00 +1.2500e+00
8922 +3.761172991e-07 +3.761172991e-07 +9.038000038e+01 +9.038000038e+01 +1.2500e+00 +1.2500e+00
8982 +2.266662165e-07 +2.266662165e-07 +9.038000023e+01 +9.038000023e+01 +1.2500e+00 +1.2500e+00
9010 +5.411460791e-08 +5.411460791e-08 +9.038000005e+01 +9.038000005e+01 +1.2500e+00 +1.2500e+00
9035 +2.250756381e-08 +2.250756381e-08 +9.038000002e+01 +9.038000002e+01 +1.2500e+00 +1.2500e+00
9061 +1.483429912e-08 +1.483429912e-08 +9.038000001e+01 +9.038000001e+01 +1.2500e+00 +1.2500e+00
9068 +3.436198881e-09 +3.436198881e-09 +9.038000000e+01 +9.038000000e+01 +1.2500e+00 +1.2500e+00
% function evaluation | noise-free fitness - Fopt (-2.635200000000e+02) | best noise-free fitness - Fopt | measured fitness | best measured fitness | x1 | x2...
1 +7.738499989e+00 +7.738499989e+00 -2.557815000e+02 -2.557815000e+02 -1.6410e+00 -1.1365e+00
12 +3.435358747e+00 +3.435358747e+00 -2.600846413e+02 -2.600846413e+02 -7.3434e-01 -1.5629e+00
201 +1.922827453e+00 +1.922827453e+00 -2.615971725e+02 -2.615971725e+02 -7.3434e-01 -1.2680e+00
249 +5.214273251e-02 +5.214273251e-02 -2.634678573e+02 -2.634678573e+02 -1.2565e+00 -1.3501e+00
933 +3.809616201e-02 +3.809616201e-02 -2.634819038e+02 -2.634819038e+02 -1.2502e+00 -1.2493e+00
943 +2.186878558e-04 +2.186878558e-04 -2.635197813e+02 -2.635197813e+02 -1.2502e+00 -1.2499e+00
1095 +7.363219788e-05 +7.363219788e-05 -2.635199264e+02 -2.635199264e+02 -1.2501e+00 -1.2500e+00
1109 +3.787669044e-05 +3.787669044e-05 -2.635199621e+02 -2.635199621e+02 -1.2502e+00 -1.2500e+00
1124 +2.271963149e-05 +2.271963149e-05 -2.635199773e+02 -2.635199773e+02 -1.2500e+00 -1.2500e+00
1141 +2.524932199e-06 +2.524932199e-06 -2.635199975e+02 -2.635199975e+02 -1.2500e+00 -1.2500e+00
1144 +2.147302155e-06 +2.147302155e-06 -2.635199979e+02 -2.635199979e+02 -1.2500e+00 -1.2500e+00
1161 +4.353088912e-07 +4.353088912e-07 -2.635199996e+02 -2.635199996e+02 -1.2500e+00 -1.2500e+00
1185 +3.206969268e-07 +3.206969268e-07 -2.635199997e+02 -2.635199997e+02 -1.2500e+00 -1.2500e+00
1211 +2.140390620e-07 +2.140390620e-07 -2.635199998e+02 -2.635199998e+02 -1.2500e+00 -1.2500e+00
1237 +1.036760864e-07 +1.036760864e-07 -2.635199999e+02 -2.635199999e+02 -1.2500e+00 -1.2500e+00
1268 +5.000214287e-08 +5.000214287e-08 -2.635199999e+02 -2.635199999e+02 -1.2500e+00 -1.2500e+00
1271 +2.598721949e-08 +2.598721949e-08 -2.635200000e+02 -2.635200000e+02 -1.2500e+00 -1.2500e+00
1282 +1.068951860e-08 +1.068951860e-08 -2.635200000e+02 -2.635200000e+02 -1.2500e+00 -1.2500e+00
1298 +9.350287655e-09 +9.350287655e-09 -2.635200000e+02 -2.635200000e+02 -1.2500e+00 -1.2500e+00
% function evaluation | noise-free fitness - Fopt (3.101900000000e+02) | best noise-free fitness - Fopt | measured fitness | best measured fitness | x1 | x2...
1 +3.020301033e+01 +3.020301033e+01 +3.403930103e+02 +3.403930103e+02 -9.9639e-01 -3.4787e+00
4 +1.993999368e+01 +1.993999368e+01 +3.301299937e+02 +3.301299937e+02 -2.0032e-01 +6.6779e-01
9 +9.348742925e+00 +9.348742925e+00 +3.195387429e+02 +3.195387429e+02 +3.5050e+00 +2.7187e-01
77 +6.113184446e+00 +6.113184446e+00 +3.163031844e+02 +3.163031844e+02 -1.7231e+00 +1.2786e+00
157 +1.306015447e+00 +1.306015447e+00 +3.114960154e+02 +3.114960154e+02 -8.8601e-01 +1.5873e+00
621 +6.673713497e-01 +6.673713497e-01 +3.108573713e+02 +3.108573713e+02 -1.2688e+00 +1.6442e+00
877 +1.081289058e-01 +1.081289058e-01 +3.102981289e+02 +3.102981289e+02 -1.1932e+00 +1.2349e+00
1546 +9.399655687e-02 +9.399655687e-02 +3.102839966e+02 +3.102839966e+02 -1.1925e+00 +1.2357e+00
1606 +4.273417986e-02 +4.273417986e-02 +3.102327342e+02 +3.102327342e+02 -1.1846e+00 +1.2417e+00
1673 +3.172685102e-02 +3.172685102e-02 +3.102217269e+02 +3.102217269e+02 -1.1877e+00 +1.2401e+00
1678 +1.923195485e-02 +1.923195485e-02 +3.102092320e+02 +3.102092320e+02 -1.1842e+00 +1.2427e+00
1988 +8.905780777e-03 +8.905780777e-03 +3.101989058e+02 +3.101989058e+02 -1.2483e+00 +1.2519e+00
2001 +5.404501255e-03 +5.404501255e-03 +3.101954045e+02 +3.101954045e+02 -1.2481e+00 +1.2517e+00
2022 +3.754257308e-03 +3.754257308e-03 +3.101937543e+02 +3.101937543e+02 -1.2484e+00 +1.2514e+00
2061 +1.737654935e-03 +1.737654935e-03 +3.101917377e+02 +3.101917377e+02 -1.2489e+00 +1.2510e+00
2078 +6.685929783e-04 +6.685929783e-04 +3.101906686e+02 +3.101906686e+02 -1.2494e+00 +1.2505e+00
2084 +5.321395584e-04 +5.321395584e-04 +3.101905321e+02 +3.101905321e+02 -1.2499e+00 +1.2500e+00
2122 +3.779226741e-04 +3.779226741e-04 +3.101903779e+02 +3.101903779e+02 -1.2495e+00 +1.2505e+00
2127 +2.135021748e-05 +2.135021748e-05 +3.101900214e+02 +3.101900214e+02 -1.2499e+00 +1.2501e+00
2188 +5.936901402e-06 +5.936901402e-06 +3.101900059e+02 +3.101900059e+02 -1.2500e+00 +1.2500e+00
2231 +3.906740403e-06 +3.906740403e-06 +3.101900039e+02 +3.101900039e+02 -1.2500e+00 +1.2500e+00
2255 +2.239804815e-06 +2.239804815e-06 +3.101900022e+02 +3.101900022e+02 -1.2500e+00 +1.2500e+00
2260 +7.178908845e-08 +7.178908845e-08 +3.101900001e+02 +3.101900001e+02 -1.2500e+00 +1.2500e+00
2338 +1.901372571e-08 +1.901372571e-08 +3.101900000e+02 +3.101900000e+02 -1.2500e+00 +1.2500e+00
2343 +2.423973910e-09 +2.423973910e-09 +3.101900000e+02 +3.101900000e+02 -1.2500e+00 +1.2500e+00
