% function evaluation | noise-free fitness - Fopt (1.238300000000e+02) | best noise-free fitness - Fopt | measured fitness | best measured fitness | x1 | x2...
1 +3.344553487e+05 +3.344553487e+05 +3.345791787e+05 +3.345791787e+05 +3.0154e+00 -3.8082e-01 +2.0513e+00 -4.3981e+00 +2.1725e+00 +1.5835e+00 +2.7596e+00 +1.0838e+00 -4.9123e+00 -2.8843e+00
2 +1.029140797e+05 +1.029140797e+05 +1.030379097e+05 +1.030379097e+05 +2.1357e-01 -2.7123e+00 -2.3310e+00 -4.9992e-01 +1.9508e+00 +3.2432e+00 +2.1289e+00 -3.2774e-01 +4.3266e+00 +3.0361e+00
3 +2.380793728e+04 +2.380793728e+04 +2.393176728e+04 +2.393176728e+04 -2.4908e+00 -8.7912e-01 +3.3273e+00 -1.3343e+00 -2.3446e+00 -4.8124e+00 -2.1676e+00 +3.5729e+00 -9.4740e-01 -1.0816e+00
9 +1.078368548e+04 +1.078368548e+04 +1.090751548e+04 +1.090751548e+04 -2.1039e+00 -1.7074e+00 +1.1906e+00 -2.6126e+00 +8.9909e-01 -2.1990e+00 +1.9310e+00 -1.9808e+00 -1.6925e-02 -2.3303e+00
104 +2.934334380e+03 +2.934334380e+03 +3.058164380e+03 +3.058164380e+03 -2.4908e+00 -8.7912e-01 +3.3273e+00 -3.7431e+00 -2.3446e+00 -4.8124e+00 -2.1676e+00 -6.9478e-01 -9.4740e-01 -1.0816e+00
201 +1.062301918e+03 +1.062301918e+03 +1.186131918e+03 +1.186131918e+03 -4.4436e+00 -8.7912e-01 +3.3273e+00 -3.7431e+00 -1.4686e+00 -3.4348e+00 -1.8255e+00 -6.9478e-01 -9.4740e-01 -1.0816e+00
1216 +7.151358289e+02 +7.151358289e+02 +8.389658289e+02 +8.389658289e+02 -3.9530e+00 -1.1864e+00 +2.1204e+00 -3.6927e+00 -1.6345e+00 -2.0493e+00 -3.6732e+00 -6.0869e-01 -1.1443e+00 +8.9688e-01
1278 +5.841782332e+02 +5.841782332e+02 +7.080082332e+02 +7.080082332e+02 -3.6658e+00 +3.2185e-01 +1.8674e+00 -3.2924e+00 -1.7446e+00 -2.2263e+00 -7.4185e-01 +7.4435e-02 -1.6117e+00 +1.0250e-01
1671 +3.948244657e+02 +3.948244657e+02 +5.186544657e+02 +5.186544657e+02 -5.0634e+00 -7.8826e-01 +3.3107e+00 -4.2543e+00 -1.4996e+00 -4.0886e+00 -1.7550e+00 -5.0804e-01 -2.9202e+00 -5.0192e-01
1818 +2.006297142e+02 +2.006297142e+02 +3.244597142e+02 +3.244597142e+02 -4.6887e+00 -1.1860e+00 +2.1058e+00 -3.3754e+00 -4.3148e-01 -3.1060e+00 -1.3592e+00 -4.2234e-01 -3.3643e+00 -8.0525e-02
3101 +1.450622946e+02 +1.450622946e+02 +2.688922946e+02 +2.688922946e+02 -4.6887e+00 -1.7887e+00 +2.1058e+00 -3.3754e+00 -2.0077e-01 -3.1060e+00 -1.3592e+00 -4.2234e-01 -3.3643e+00 -4.8685e-01
10407 +9.691254227e+01 +9.691254227e+01 +2.207425423e+02 +2.207425423e+02 -4.7068e+00 -1.6978e+00 +2.0477e+00 -3.3043e+00 -2.2556e-01 -3.2559e+00 -1.4263e+00 -2.2647e-01 -3.5091e+00 -1.7732e-01
% function evaluation | noise-free fitness - Fopt (4.751000000000e+01) | best noise-free fitness - Fopt | measured fitness | best measured fitness | x1 | x2...
1 +7.524252864e+04 +7.524252864e+04 +7.529003864e+04 +7.529003864e+04 -4.6744e+00 -8.5348e-01 -3.5139e+00 +1.6771e+00 +2.2792e+00 +2.3153e-01 -1.1388e+00 +1.6275e+00 +3.8459e+00 +2.7749e+00
6 +4.941795733e+04 +4.941795733e+04 +4.946546733e+04 +4.946546733e+04 +2.7546e+00 +2.2366e+00 -1.3947e+00 -3.1068e+00 -5.6296e-01 -9.7530e-01 +2.1489e+00 +1.7716e+00 +2.4385e+00 -4.8758e+00
10 +1.647741117e+04 +1.647741117e+04 +1.652492117e+04 +1.652492117e+04 +1.7480e+00 +4.4485e+00 +1.3963e+00 +5.7581e-01 +2.8239e+00 +2.2355e+00 -3.2035e+00 -6.7262e-01 +3.0222e+00 -3.7530e+00
18 +1.063693730e+04 +1.063693730e+04 +1.068444730e+04 +1.068444730e+04 -3.4456e+00 -4.3577e+00 +1.7796e+00 -7.4659e-01 -2.4704e-01 -1.4743e+00 -2.1967e+00 -7.1871e-01 -3.7170e+00 +5.0220e-01
158 +7.192402563e+03 +7.192402563e+03 +7.239912563e+03 +7.239912563e+03 -5.4261e+00 -3.1049e+00 -1.4306e-01 -1.7193e-02 +1.6069e+00 +5.1805e-01 +9.9003e-01 -4.7931e-01 -4.6478e+00 +1.1587e+00
408 +3.975799879e+03 +3.975799879e+03 +4.023309879e+03 +4.023309879e+03 -1.4886e+00 +9.7421e-01 -6.1145e-01 -2.3766e+00 -5.0142e-02 -6.2237e-01 -1.1455e+00 +7.8882e-02 +7.6374e-01 +2.1690e+00
571 +2.493845602e+03 +2.493845602e+03 +2.541355602e+03 +2.541355602e+03 -8.2953e-01 +1.5829e+00 +8.8549e-01 -9.2766e-01 -3.4018e-01 -1.1342e+00 -3.8273e-01 -4.4882e-01 +2.5967e+00 -9.0837e-01
857 +1.282990734e+03 +1.282990734e+03 +1.330500734e+03 +1.330500734e+03 -1.3387e+00 -5.2615e-02 -1.2003e-01 -2.7123e-01 +2.4128e-01 +3.0340e-01 -2.8336e-01 -1.9220e+00 -1.2693e-01 +9.9018e-01
1013 +8.376266855e+02 +8.376266855e+02 +8.851366855e+02 +8.851366855e+02 +5.4592e-01 -7.0251e-01 -5.3194e-01 +6.7626e-02 +4.1900e-02 +1.9761e-01 -1.2101e-01 -7.5114e-01 -6.3645e-01 +9.8210e-01
1064 +6.277196837e+02 +6.277196837e+02 +6.752296837e+02 +6.752296837e+02 -1.4886e+00 -7.5073e-01 +5.6756e-01 -6.5612e-01 +3.1400e-01 -1.6023e-01 -1.1455e+00 -2.6515e-01 -6.9969e-01 +9.9082e-01
1346 +3.394806585e+02 +3.394806585e+02 +3.869906585e+02 +3.869906585e+02 -7.0579e-01 -3.0101e-01 -8.9875e-01 -6.8701e-02 +1.1157e+00 -7.7818e-01 +6.1472e-01 -4.6718e-01 +9.3057e-01 -3.9677e-01
1754 +1.395868796e+02 +1.395868796e+02 +1.870968796e+02 +1.870968796e+02 -3.3098e-01 -6.1960e-03 +2.4164e-01 +4.2914e-01 +1.2156e+00 +2.2574e-01 -6.6887e-01 +1.7965e-01 -3.5503e-01 -3.9409e-01
1807 +9.937649807e+01 +9.937649807e+01 +1.468864981e+02 +1.468864981e+02 -7.9996e-01 -5.8328e-01 +5.9764e-01 -1.8884e-01 +7.9801e-01 -2.7679e-01 +6.1171e-05 -3.8980e-01 -4.2057e-02 +2.5308e-01
2057 +5.911376349e+01 +5.911376349e+01 +1.066237635e+02 +1.066237635e+02 -7.7251e-01 -6.1886e-01 -1.8622e-01 -1.3047e-01 +7.3254e-01 -2.8177e-01 -6.4740e-02 +2.9800e-01 -3.1464e-01 -4.9284e-01
2452 +3.271148492e+01 +3.271148492e+01 +8.022148492e+01 +8.022148492e+01 -7.4300e-01 -7.4242e-01 +7.7401e-02 -1.3047e-01 +7.3254e-01 -1.8709e-01 -1.4535e-01 +2.9800e-01 +4.2522e-01 -4.9284e-01
2659 +1.900882718e+01 +1.900882718e+01 +6.651882718e+01 +6.651882718e+01 -6.8323e-01 -5.1922e-01 -2.7071e-03 -5.9648e-02 +7.0173e-01 -3.7014e-01 -1.3691e-01 +3.6019e-01 +2.8611e-01 -3.7882e-01
2902 +1.509982839e+01 +1.509982839e+01 +6.260982839e+01 +6.260982839e+01 -7.3051e-01 -5.6866e-01 -2.0206e-01 -3.8545e-01 +7.9945e-01 -2.5699e-01 -6.3907e-02 +2.2689e-01 +2.6315e-01 -2.2004e-01
3561 +9.618462529e+00 +9.618462529e+00 +5.712846253e+01 +5.712846253e+01 -5.9423e-01 -5.6404e-01 +2.8143e-01 -3.0398e-01 +2.6891e-01 -3.8486e-01 +2.7265e-01 +4.1683e-01 +1.4448e-01 -4.8756e-01
6155 +6.216388727e+00 +6.216388727e+00 +5.372638873e+01 +5.372638873e+01 -4.1504e-01 -5.6221e-01 +4.4618e-01 -5.1603e-01 -7.3262e-02 -4.8879e-01 +3.8953e-01 +3.2292e-01 -2.4240e-02 -4.4660e-01
24853 +3.930569995e+00 +3.930569995e+00 +5.144056999e+01 +5.144056999e+01 -2.0446e-01 -3.4671e-01 +6.5623e-01 -5.6211e-01 -2.0602e-01 -5.5891e-01 +3.0411e-01 +6.6126e-02 -2.9405e-01 -2.6061e-01
43201 +2.416719572e+00 +2.416719572e+00 +4.992671957e+01 +4.992671957e+01 -3.3290e-02 -1.6389e-02 +6.3196e-01 -4.0530e-01 -3.6760e-01 -5.2838e-01 +3.5125e-01 -1.3877e-01 -5.8712e-01 -6.3138e-02
% function evaluation | noise-free fitness - Fopt (5.534000000000e+01) | best noise-free fitness - Fopt | measured fitness | best measured fitness | x1 | x2...
1 +1.801708946e+05 +1.801708946e+05 +1.802262346e+05 +1.802262346e+05 +2.2083e+00 +4.3906e+00 -5.5804e-01 -3.2216e-02 +2.2872e-02 +4.6272e+00 -9.7354e-01 +2.3734e+00 -2.4295e+00 +2.2381e+00
6 +8.518566687e+04 +8.518566687e+04 +8.524100687e+04 +8.524100687e+04 -4.4533e+00 -1.7840e+00 +2.1779e+00 -1.1540e+00 +7.5257e-01 +1.6863e+00 +8.1116e-01 +5.8070e-01 -4.3279e+00 -2.2209e+00
14 +6.171604408e+04 +6.171604408e+04 +6.177138408e+04 +6.177138408e+04 +9.5346e-01 -1.0941e+00 +2.0545e+00 +1.3702e+00 +5.5185e-01 +2.1255e+00 +3.3133e+00 -3.9504e+00 -3.5756e+00 -1.6318e+00
16 +3.062554805e+04 +3.062554805e+04 +3.068088805e+04 +3.068088805e+04 -2.4194e+00 -3.8741e+00 +4.1824e+00 +4.0399e+00 +7.0437e-01 +1.5609e+00 +1.8888e+00 +1.0653e+00 -4.1419e-01 +3.0702e+00
33 +2.478640932e+04 +2.478640932e+04 +2.484174932e+04 +2.484174932e+04 +4.6253e-02 +3.2374e+00 -4.0455e+00 -4.3913e-01 +1.1920e+00 -2.0543e-01 -3.7734e-01 -1.1727e+00 -3.8799e+00 -8.5684e-01
102 +9.731096029e+03 +9.731096029e+03 +9.786436029e+03 +9.786436029e+03 +4.6253e-02 +3.2374e+00 -4.0455e+00 -4.3913e-01 -4.1104e-01 -2.0543e-01 -3.7734e-01 -1.1727e+00 +2.1924e+00 -5.7165e-01
402 +4.327309214e+03 +4.327309214e+03 +4.382649214e+03 +4.382649214e+03 -9.8741e-01 +1.5003e+00 -1.7656e+00 +8.3211e-02 -8.4676e-01 -3.1459e+00 -1.4289e+00 +5.0338e-01 +1.9254e+00 +3.1522e-02
656 +3.585306687e+03 +3.585306687e+03 +3.640646687e+03 +3.640646687e+03 -1.7151e+00 -7.9936e-01 +1.0495e+00 -1.1289e+00 -1.3221e+00 -4.9780e-01 -5.0820e-01 -2.5225e-01 -4.0681e-01 +8.5283e-01
752 +1.010308750e+03 +1.010308750e+03 +1.065648750e+03 +1.065648750e+03 -1.0831e+00 -7.9936e-01 +1.1489e+00 -2.0279e-01 -1.1672e-01 -4.9780e-01 -5.0820e-01 -2.5225e-01 +1.3909e+00 +2.2801e+00
844 +7.951676546e+02 +7.951676546e+02 +8.505076546e+02 +8.505076546e+02 -8.5785e-01 -2.6348e-02 +6.7613e-01 -1.1472e+00 -1.2454e+00 +4.5565e-01 -7.7415e-01 +2.9847e-01 +4.8554e-01 +1.7711e-02
874 +5.077313111e+02 +5.077313111e+02 +5.630713111e+02 +5.630713111e+02 -1.1543e+00 +3.4551e-01 +2.9168e-01 -1.1380e+00 -6.8350e-01 -1.1467e+00 -4.0528e-02 -6.4877e-01 +4.2005e-01 -6.8620e-01
1436 +3.569481794e+02 +3.569481794e+02 +4.122881794e+02 +4.122881794e+02 -6.0590e-01 +9.1674e-01 +1.4715e-01 +3.3214e-02 -1.0226e+00 -1.1669e+00 +1.8948e-01 +1.3056e-01 +8.7856e-01 -3.9574e-01
1624 +2.384597923e+02 +2.384597923e+02 +2.937997923e+02 +2.937997923e+02 +4.4689e-01 +7.0178e-01 +2.6793e-01 +2.6721e-01 -8.0540e-01 -5.5547e-02 -7.9086e-01 -6.1515e-02 +3.8860e-01 +8.6192e-01
1723 +1.362737846e+02 +1.362737846e+02 +1.916137846e+02 +1.916137846e+02 -6.8226e-01 +1.1622e-01 -2.7241e-01 +2.4534e-01 -3.8867e-01 -3.8296e-01 -4.0000e-01 -9.4191e-02 +9.0749e-01 +1.0137e+00
2072 +9.138744172e+01 +9.138744172e+01 +1.467274417e+02 +1.467274417e+02 +1.4750e-01 +4.4096e-01 -2.7033e-01 +1.6023e-01 -2.4716e-01 +3.5747e-01 -4.5114e-01 +6.1850e-01 +2.7251e-01 +1.5663e-01
2251 +4.778134105e+01 +4.778134105e+01 +1.031213411e+02 +1.031213411e+02 +2.7444e-01 +4.7597e-01 -5.5267e-01 +5.6126e-01 -6.4165e-01 -8.4431e-01 -5.6160e-01 -1.9100e-02 +3.0190e-01 +1.2242e-01
2505 +3.698256541e+01 +3.698256541e+01 +9.232256541e+01 +9.232256541e+01 +3.1037e-01 +3.3226e-01 -7.4953e-01 +4.7223e-01 -5.4265e-01 -8.0607e-01 -7.0503e-01 +2.7653e-02 +3.3425e-01 +1.5109e-01
2651 +2.502113871e+01 +2.502113871e+01 +8.036113871e+01 +8.036113871e+01 +3.1037e-01 +3.3226e-01 -7.4953e-01 +2.7432e-01 -5.4265e-01 -8.0607e-01 -5.2389e-01 +1.4909e-01 +3.3425e-01 +1.9675e-01
3142 +1.561542989e+01 +1.561542989e+01 +7.095542989e+01 +7.095542989e+01 +3.4018e-01 +2.1009e-01 -7.1803e-01 +2.6598e-01 -2.2238e-01 -5.2374e-01 -4.7018e-01 +4.9302e-02 +1.8107e-01 +6.3967e-02
3706 +8.438255513e+00 +8.438255513e+00 +6.377825551e+01 +6.377825551e+01 +3.3778e-01 +2.1881e-01 -6.7950e-01 +2.6017e-01 -5.7694e-01 -5.6832e-01 -4.5558e-01 -2.9490e-01 +2.7180e-01 -5.2098e-02
4520 +6.088419195e+00 +6.088419195e+00 +6.142841919e+01 +6.142841919e+01 +2.9405e-01 +1.8805e-01 -7.0400e-01 +2.7509e-01 -4.6515e-01 -5.7123e-01 -5.2776e-01 -1.3208e-01 +3.7146e-01 +6.6331e-02
5851 +3.813907477e+00 +3.813907477e+00 +5.915390748e+01 +5.915390748e+01 +2.7304e-01 +1.9974e-02 -5.2434e-01 +2.3696e-01 -4.8371e-01 -4.4594e-01 -3.9946e-01 -6.3610e-01 +2.0941e-01 -1.2853e-01
18402 +2.396094453e+00 +2.396094453e+00 +5.773609445e+01 +5.773609445e+01 +1.4638e-01 -1.0435e-01 -4.3261e-01 +1.3438e-01 -3.9172e-01 -2.2148e-01 -2.7912e-01 -9.3891e-01 +4.3965e-02 -3.0318e-01
38780 +1.536991548e+00 +1.536991548e+00 +5.687699155e+01 +5.687699155e+01 +3.8439e-02 -2.1186e-01 -4.0239e-01 +6.2763e-02 -2.0775e-01 -3.1454e-02 -1.3343e-01 -1.0314e+00 -2.0945e-01 -4.4203e-01
% function evaluation | noise-free fitness - Fopt (-9.033000000000e+01) | best noise-free fitness - Fopt | measured fitness | best measured fitness | x1 | x2...
1 +2.217101657e+05 +2.217101657e+05 +2.216198357e+05 +2.216198357e+05 +2.1873e+00 -1.4416e+00 +4.8066e+00 +2.3985e+00 +1.2775e+00 -3.9411e+00 +3.9910e+00 -1.5282e+00 -4.2693e+00 +4.3945e+00
3 +9.410409416e+04 +9.410409416e+04 +9.401376416e+04 +9.401376416e+04 +4.4199e-01 +2.2211e+00 +2.5613e+00 +4.9530e+00 +2.7955e+00 +2.8462e+00 +2.7685e+00 -3.3058e-01 +4.1353e-02 -2.6010e+00
4 +2.735551602e+04 +2.735551602e+04 +2.726518602e+04 +2.726518602e+04 +2.0805e+00 +3.5868e-01 -1.4520e+00 -2.1036e+00 +1.0571e-02 +3.2244e+00 +4.4940e-01 -2.9983e+00 -1.8725e+00 +3.2490e+00
52 +2.247238783e+04 +2.247238783e+04 +2.238205783e+04 +2.238205783e+04 +7.6479e-01 -1.3700e+00 +5.9586e-01 -2.4593e+00 -1.0707e+00 +1.1370e+00 -1.4810e+00 +1.7418e-02 -4.5318e+00 -1.3889e+00
225 +1.482866259e+04 +1.482866259e+04 +1.473833259e+04 +1.473833259e+04 +2.3473e+00 -4.7992e-02 +2.7059e+00 -2.9357e-02 -1.1990e+00 +1.5541e+00 +4.4710e-01 -2.3119e+00 -8.7636e-01 +2.9391e+00
232 +9.884429069e+03 +9.884429069e+03 +9.794099069e+03 +9.794099069e+03 -2.3380e-01 -1.4325e-02 +1.8157e+00 +5.7058e-01 -3.8459e-01 +1.6041e+00 -2.3901e+00 +1.3362e-01 -3.8954e+00 -4.9577e-01
384 +4.870306150e+03 +4.870306150e+03 +4.779976150e+03 +4.779976150e+03 -1.1075e+00 +2.0057e+00 +2.5613e+00 +9.0726e-01 +1.6178e+00 +1.1925e+00 -8.6442e-01 -3.3058e-01 -1.6395e+00 -1.1024e+00
631 +3.781659042e+03 +3.781659042e+03 +3.691329042e+03 +3.691329042e+03 -2.1446e+00 -3.3211e-01 -1.0246e-01 +1.7846e+00 +6.8412e-01 +1.5171e+00 -1.8751e+00 -1.9502e+00 +1.9630e+00 -1.5837e+00
659 +2.075017380e+03 +2.075017380e+03 +1.984687380e+03 +1.984687380e+03 +6.2383e-01 +3.0997e-01 +1.2799e+00 +8.1790e-02 +4.0351e-01 +1.2251e+00 -2.4677e+00 +5.6458e-01 -7.0416e-01 +8.9880e-01
760 +1.290912702e+03 +1.290912702e+03 +1.200582702e+03 +1.200582702e+03 -9.4298e-01 +9.5681e-01 +1.0275e+00 -1.0650e-01 -1.1261e+00 +5.6484e-01 -1.8775e+00 -7.2843e-01 -7.4322e-01 -5.2384e-03
856 +9.075326101e+02 +9.075326101e+02 +8.172026101e+02 +8.172026101e+02 -2.3120e+00 +3.0997e-01 +1.2799e+00 +4.8551e-01 -6.5345e-02 +1.2251e+00 -1.1410e+00 -7.7077e-01 -2.5040e-01 +8.9880e-01
970 +5.027479993e+02 +5.027479993e+02 +4.124179993e+02 +4.124179993e+02 -1.5175e-01 +5.3140e-01 -3.1451e-01 -4.7656e-01 -3.6165e-01 -7.7570e-01 -3.6357e-01 -3.4270e-01 +4.9113e-01 +9.4371e-01
1067 +1.637565583e+02 +1.637565583e+02 +7.342655834e+01 +7.342655834e+01 +1.9808e-01 +1.2204e-01 -3.5287e-01 -1.4519e+00 -6.3617e-01 -6.9530e-01 -2.7195e-01 -1.0510e+00 +3.1888e-02 +1.8348e-01
1412 +1.116922212e+02 +1.116922212e+02 +2.136222117e+01 +2.136222117e+01 -3.9494e-01 +2.7646e-01 +5.7953e-02 -1.2985e+00 -8.3701e-01 -2.2410e-01 -2.7195e-01 -3.8913e-01 -3.3053e-01 +1.8348e-01
1612 +9.255858692e+01 +9.255858692e+01 +2.228586921e+00 +2.228586921e+00 +1.0016e-01 +4.4224e-01 -4.6233e-01 -5.8296e-01 -6.3584e-01 -7.1744e-01 -1.7812e-01 -3.9433e-02 -4.2630e-01 -2.6096e-01
1753 +5.772612847e+01 +5.772612847e+01 -3.260387153e+01 -3.260387153e+01 +1.2157e-01 +9.3491e-01 -9.6148e-02 -9.8700e-01 -5.5459e-01 -2.0512e-02 -1.2662e-01 -9.7513e-01 -1.8109e-01 +2.4524e-01
2063 +2.702586824e+01 +2.702586824e+01 -6.330413176e+01 -6.330413176e+01 +2.2115e-01 +7.1731e-01 -1.2424e-01 -9.5079e-01 -2.4698e-01 +1.1495e-01 -7.3884e-01 -8.5632e-01 -4.1722e-01 +1.6484e-01
2253 +1.957740562e+01 +1.957740562e+01 -7.075259438e+01 -7.075259438e+01 +9.9167e-03 +4.4918e-01 +1.7729e-01 -9.1068e-01 -3.8666e-01 -1.4814e-01 -4.5326e-01 -7.0106e-01 -5.3069e-01 +6.9195e-02
2554 +1.530511534e+01 +1.530511534e+01 -7.502488466e+01 -7.502488466e+01 +7.3620e-02 +6.2455e-01 -9.1926e-03 -1.1702e+00 -2.2430e-01 -4.8562e-02 -4.7598e-01 -8.8730e-01 -5.8251e-01 +2.2413e-01
3704 +9.930524191e+00 +9.930524191e+00 -8.039947581e+01 -8.039947581e+01 -1.6432e-01 +5.8353e-01 +2.0078e-02 -9.4418e-01 -1.4501e-01 -2.3023e-01 -3.6979e-01 -7.7710e-01 -5.6284e-01 +7.9976e-02
15603 +6.296372767e+00 +6.296372767e+00 -8.403362723e+01 -8.403362723e+01 -2.0132e-03 +3.6083e-01 -1.3577e-01 -4.0699e-01 +4.8200e-01 -3.7373e-01 +1.4658e-01 -7.7561e-01 -3.1053e-01 +5.4986e-01
% function evaluation | noise-free fitness - Fopt (6.561000000000e+01) | best noise-free fitness - Fopt | measured fitness | best measured fitness | x1 | x2...
1 +9.450933391e+04 +9.450933391e+04 +9.457494391e+04 +9.457494391e+04 +4.5218e+00 +3.8286e+00 +3.2755e+00 -1.8612e+00 -1.8003e+00 +3.5926e+00 -1.4940e+00 -1.0603e+00 -5.1593e-02 +4.9473e+00
4 +2.981671585e+04 +2.981671585e+04 +2.988232585e+04 +2.988232585e+04 +9.1635e-01 +4.8463e-02 +1.1289e+00 -2.4492e+00 -6.5356e-01 -2.4798e+00 -1.0417e+00 -1.2909e+00 -1.6766e+00 +1.8364e+00
21 +1.165081922e+04 +1.165081922e+04 +1.171642922e+04 +1.171642922e+04 -6.0456e-01 +6.6048e-01 -1.7634e+00 +5.2686e-02 +2.8242e+00 +8.2497e-01 -3.6326e+00 +6.9588e-01 +3.0903e-01 -4.4673e-01
97 +7.568158656e+03 +7.568158656e+03 +7.633768656e+03 +7.633768656e+03 -1.2683e+00 +2.3740e+00 -1.5341e+00 -7.6123e-01 +1.9375e+00 +1.7060e+00 -5.7197e-01 -9.1262e-01 -1.8794e+00 +1.6177e-01
153 +3.424321468e+03 +3.424321468e+03 +3.489931468e+03 +3.489931468e+03 +5.7865e-01 -9.2637e-01 +6.3280e-01 +6.7293e-01 -2.6679e+00 -9.6695e-01 -6.6740e-01 +5.4613e-01 +1.8536e+00 -1.3282e+00
227 +2.134241272e+03 +2.134241272e+03 +2.199851272e+03 +2.199851272e+03 -8.2331e-01 -1.0649e+00 +2.5876e+00 -6.9628e-01 -1.9776e-01 +6.1488e-01 +1.1358e+00 -2.2119e-01 +8.4840e-01 +1.1039e-01
269 +1.048607341e+03 +1.048607341e+03 +1.114217341e+03 +1.114217341e+03 +9.1635e-01 +4.8463e-02 +6.0376e-01 -1.6960e+00 -6.5356e-01 +2.5183e+00 -1.0417e+00 +1.3911e+00 -4.2722e-01 +1.8364e+00
457 +7.587091132e+02 +7.587091132e+02 +8.243191132e+02 +8.243191132e+02 +5.7865e-01 -9.2637e-01 +6.3280e-01 +7.6235e-01 -1.4223e-01 -9.7228e-01 +5.9445e-01 -3.3812e-01 +2.6174e-01 +1.7774e+00
863 +5.370901139e+02 +5.370901139e+02 +6.027001139e+02 +6.027001139e+02 -4.2927e-01 -1.1897e-01 +1.4394e-01 -4.7057e-01 +7.5793e-02 +4.0715e-01 -1.6508e+00 +9.0916e-01 +1.0938e+00 +1.6535e+00
911 +3.203139747e+02 +3.203139747e+02 +3.859239747e+02 +3.859239747e+02 -3.7385e-01 -7.8880e-01 +9.2732e-01 -1.1163e-01 +3.1639e-01 +5.0475e-01 -8.5682e-01 +2.1669e-01 +4.8393e-01 +1.5507e+00
1008 +2.119945478e+02 +2.119945478e+02 +2.776045478e+02 +2.776045478e+02 +5.0606e-01 -3.5546e-01 -6.0946e-03 -3.9408e-01 -1.8851e-01 +5.3887e-03 +8.6941e-01 +4.2243e-01 -1.3796e-01 -1.0996e-01
1335 +1.063649774e+02 +1.063649774e+02 +1.719749774e+02 +1.719749774e+02 +4.2870e-02 +2.8282e-01 +1.4736e+00 +4.6296e-01 -7.2186e-01 +3.0195e-01 -4.3934e-01 -3.1050e-01 +3.3852e-01 +7.5613e-01
1456 +9.489105995e+01 +9.489105995e+01 +1.605010600e+02 +1.605010600e+02 +2.0555e-01 -8.7065e-02 +1.4530e+00 +8.2239e-01 -5.6621e-01 -1.3561e-01 -9.1174e-01 +1.2608e-01 +1.5003e-01 +2.4619e-01
1905 +5.297248344e+01 +5.297248344e+01 +1.185824834e+02 +1.185824834e+02 +2.0555e-01 -8.7065e-02 +1.1285e+00 +8.2239e-01 -5.6621e-01 +2.8755e-01 -9.1174e-01 +1.2608e-01 +1.5003e-01 +2.4619e-01
2069 +3.497118456e+01 +3.497118456e+01 +1.005811846e+02 +1.005811846e+02 +7.2158e-02 +6.6048e-01 +1.0047e+00 +5.6530e-01 -3.5094e-01 +2.0403e-01 -9.1220e-01 -9.0645e-03 +1.5773e-01 +3.2052e-01
2761 +2.476162560e+01 +2.476162560e+01 +9.037162560e+01 +9.037162560e+01 +3.2379e-01 +3.5277e-01 +8.2264e-01 +4.4023e-01 -6.0219e-01 +2.4450e-01 -4.6756e-01 +2.3569e-01 +4.4626e-01 +2.4075e-01
3060 +1.515972463e+01 +1.515972463e+01 +8.076972463e+01 +8.076972463e+01 +2.0475e-01 +1.9749e-01 +9.3585e-01 +3.6273e-01 -4.8773e-01 +3.4072e-01 -7.8955e-01 +1.3936e-01 +1.1895e-01 +3.3461e-01
3651 +9.407660518e+00 +9.407660518e+00 +7.501766052e+01 +7.501766052e+01 +1.1978e-01 +1.8231e-01 +9.8204e-01 +3.8273e-01 -4.2469e-01 +2.7117e-01 -8.7725e-01 +1.7867e-01 +3.9020e-01 +3.3514e-01
7352 +6.275636163e+00 +6.275636163e+00 +7.188563616e+01 +7.188563616e+01 +8.3224e-02 -1.5428e-02 +1.0398e+00 +2.7365e-01 -5.4432e-01 +3.0606e-01 +1.4581e-01 +2.2638e-01 -8.4858e-03 +1.3639e-01
22602 +3.957589695e+00 +3.957589695e+00 +6.956758969e+01 +6.956758969e+01 -2.0304e-01 +2.0756e-01 +6.9585e-01 +1.5411e-01 -4.0089e-01 +1.0649e-01 +7.5778e-01 +4.1556e-01 -9.4643e-03 -2.6404e-01
% function evaluation | noise-free fitness - Fopt (-2.900800000000e+02) | best noise-free fitness - Fopt | measured fitness | best measured fitness | x1 | x2...
1 +1.534573219e+05 +1.534573219e+05 +1.531672419e+05 +1.531672419e+05 +7.7988e-01 -3.3284e+00 +3.1605e+00 +1.1648e+00 -3.1707e+00 +3.5290e+00 -3.6212e+00 +4.3158e+00 +3.2500e+00 +2.6814e+00
3 +6.989171902e+04 +6.989171902e+04 +6.960163902e+04 +6.960163902e+04 +2.5961e+00 -4.4380e+00 +2.1206e+00 -1.1898e+00 +1.3172e+00 +1.4803e+00 +4.1090e+00 -4.8353e+00 -1.0527e-01 -1.4756e+00
10 +3.703629697e+04 +3.703629697e+04 +3.674621697e+04 +3.674621697e+04 +4.5243e+00 +4.7506e-01 +4.9236e-01 -3.8562e+00 +2.1716e+00 -1.9827e+00 +1.4446e+00 -3.6878e+00 -4.7423e-01 +6.2069e-01
40 +2.206828440e+04 +2.206828440e+04 +2.177820440e+04 +2.177820440e+04 -1.8946e+00 -2.4051e+00 -2.1635e+00 -1.2225e+00 -7.1114e-01 -3.7208e+00 -2.9426e-01 -1.1157e+00 +3.4263e+00 +1.8478e+00
109 +1.147174640e+04 +1.147174640e+04 +1.118166640e+04 +1.118166640e+04 -2.9535e+00 +1.0623e+00 -8.9655e-01 +4.4244e+00 -5.4913e-01 -2.6640e+00 -1.8824e+00 +2.8083e-01 +2.3772e+00 +3.1077e+00
260 +9.383791738e+03 +9.383791738e+03 +9.093711738e+03 +9.093711738e+03 -2.8445e+00 -2.4051e+00 -3.8133e-01 +6.3481e+00 -7.1114e-01 -3.7208e+00 -9.4309e-01 -1.1157e+00 +1.3688e-01 +3.1763e+00
360 +5.464298703e+03 +5.464298703e+03 +5.174218703e+03 +5.174218703e+03 -2.0306e+00 -2.5612e+00 -1.2499e+00 +3.9813e+00 +8.6332e-01 -3.9352e+00 -2.0297e+00 -6.8744e-01 +2.7324e-01 +6.3175e-01
557 +1.175674077e+03 +1.175674077e+03 +8.855940766e+02 +8.855940766e+02 +2.1270e+00 +3.3104e-01 +5.9740e-01 -1.4652e+00 +1.1096e+00 +1.0473e+00 +4.8806e-02 -9.7373e-01 +3.2294e-01 +6.2965e-01
651 +6.364037936e+02 +6.364037936e+02 +3.463237936e+02 +3.463237936e+02 +2.1270e+00 +3.3104e-01 +5.9740e-01 -1.4652e+00 +3.7219e-01 +2.4853e-02 -8.7499e-01 +3.8885e-01 -2.0029e-01 +6.2965e-01
1005 +6.283170249e+02 +6.283170249e+02 +3.382370249e+02 +3.382370249e+02 +8.5595e-01 +4.7506e-01 +3.2002e-01 +1.8088e+00 +6.2254e-01 -5.5737e-01 -1.2677e+00 -1.7010e-01 -1.5514e-01 +6.2069e-01
1306 +1.884534470e+02 +1.884534470e+02 -1.016265530e+02 -1.016265530e+02 +6.2095e-01 -5.3871e-01 +7.4511e-01 +1.1240e+00 +7.8623e-01 +5.8162e-01 +3.6107e-01 +2.9071e-01 +2.9636e-02 +6.4272e-01
1604 +1.268996026e+02 +1.268996026e+02 -1.631803974e+02 -1.631803974e+02 +5.1040e-01 -8.6248e-01 +4.9055e-01 -4.1934e-02 +5.5429e-01 -4.1911e-01 -1.1630e+00 -2.6396e-02 -7.1782e-02 +5.7635e-01
1804 +8.252782452e+01 +8.252782452e+01 -2.075521755e+02 -2.075521755e+02 +6.3782e-01 -5.4549e-01 +4.4159e-01 +3.6506e-01 +4.2589e-01 -2.5976e-01 -6.7900e-01 -1.7485e-01 -3.5401e-02 +6.4140e-03
1868 +5.294420586e+01 +5.294420586e+01 -2.371357941e+02 -2.371357941e+02 +5.9202e-01 -1.6310e-01 -3.4921e-02 +5.8272e-01 +7.1855e-01 -5.4588e-01 -5.1677e-01 -3.6186e-02 -3.1176e-01 +4.6325e-01
2435 +3.866712020e+01 +3.866712020e+01 -2.514128798e+02 -2.514128798e+02 +6.1346e-01 +1.5982e-01 +1.8758e-01 +7.8577e-01 +4.0202e-01 -2.5316e-01 -6.6492e-01 -2.3072e-01 +1.8185e-02 +8.5315e-02
2570 +1.952296046e+01 +1.952296046e+01 -2.705570395e+02 -2.705570395e+02 +3.6627e-01 -5.3905e-02 +5.0178e-04 +5.6466e-01 +5.7930e-01 -3.5603e-01 -7.1160e-01 -1.7152e-01 -1.3364e-01 +1.7852e-01
3124 +1.168874591e+01 +1.168874591e+01 -2.783912541e+02 -2.783912541e+02 +5.1432e-01 +1.8820e-01 -5.0612e-01 +6.5545e-01 +2.8773e-01 -4.7839e-01 -7.1182e-01 -2.7960e-01 +7.4247e-02 +1.6167e-01
4215 +7.485253937e+00 +7.485253937e+00 -2.825947461e+02 -2.825947461e+02 +4.7765e-01 +1.9655e-01 -3.9912e-01 +5.6040e-01 +2.8091e-01 -4.6740e-01 -7.5587e-01 -3.8099e-01 +6.7291e-03 +2.7151e-01
6681 +6.190906963e+00 +6.190906963e+00 -2.838890930e+02 -2.838890930e+02 +4.9921e-01 +2.5161e-01 -4.9995e-01 +5.0932e-01 +9.7180e-02 -4.7109e-01 -7.2830e-01 -2.2778e-01 -8.9060e-03 +2.1475e-01
17501 +3.940783506e+00 +3.940783506e+00 -2.861392165e+02 -2.861392165e+02 +2.8536e-01 +3.2659e-01 -7.9411e-01 +2.6386e-01 -2.9768e-01 -4.4086e-01 -5.4632e-01 +1.6796e-01 -4.6338e-02 +6.8529e-02
33304 +2.489036596e+00 +2.489036596e+00 -2.875909634e+02 -2.875909634e+02 -1.6289e-01 +2.8947e-01 -9.6171e-01 -1.0619e-01 -5.2872e-01 -4.1478e-01 -2.0649e-01 +2.4372e-01 -9.8734e-02 +7.0213e-02
42712 +1.583319356e+00 +1.583319356e+00 -2.884966806e+02 -2.884966806e+02 -3.0993e-01 +2.6116e-01 -8.6819e-01 -1.4787e-01 -6.0272e-01 -3.7290e-01 -5.0259e-02 +2.3882e-01 -4.6829e-02 +3.8008e-02
% function evaluation | noise-free fitness - Fopt (2.510000000000e+01) | best noise-free fitness - Fopt | measured fitness | best measured fitness | x1 | x2...
1 +8.419049157e+04 +8.419049157e+04 +8.421559157e+04 +8.421559157e+04 +1.4883e+00 -3.6071e+00 -4.4414e-01 +3.4308e+00 -4.4167e+00 +3.1672e+00 -4.3687e+00 -2.7745e+00 -1.6431e+00 -2.2359e+00
4 +3.952581879e+04 +3.952581879e+04 +3.955091879e+04 +3.955091879e+04 +2.5144e+00 +1.2735e+00 +2.3350e+00 +3.9610e+00 -5.4756e-01 +9.8394e-01 +4.1415e-01 +2.3133e-01 +3.1501e+00 +2.5224e-01
23 +9.554383932e+03 +9.554383932e+03 +9.579483932e+03 +9.579483932e+03 -4.9329e-01 -2.5031e-01 +1.8403e+00 +4.6392e+00 +5.8003e-01 +2.1182e+00 -4.6206e+00 +2.0715e-01 -2.3642e+00 -3.7415e+00
60 +5.843558568e+03 +5.843558568e+03 +5.868658568e+03 +5.868658568e+03 -2.6094e+00 +2.3985e-02 +1.5568e+00 -2.9103e-01 +2.1397e-01 +2.5717e-01 -1.6817e+00 +1.5304e+00 -1.6157e+00 -2.0118e+00
466 +2.928223540e+03 +2.928223540e+03 +2.953323540e+03 +2.953323540e+03 -4.0560e-01 +1.1575e-01 +2.2293e+00 +1.0527e+00 +9.6836e-01 -6.7351e-01 +5.3974e-01 -9.3344e-01 +2.5049e-02 +6.1551e-02
474 +1.659476812e+03 +1.659476812e+03 +1.684576812e+03 +1.684576812e+03 -1.4209e+00 -2.0335e+00 +3.5255e-01 +1.5359e-02 +2.0081e-01 -1.2464e+00 -1.5207e+00 -8.1669e-01 +1.2993e+00 +4.7611e-01
654 +7.621212211e+02 +7.621212211e+02 +7.872212211e+02 +7.872212211e+02 -4.0560e-01 +1.1575e-01 +3.3575e-01 +2.0311e+00 +9.6836e-01 +1.2427e+00 -1.0539e+00 +2.9035e-01 -2.6429e-02 +6.1551e-02
854 +3.616595827e+02 +3.616595827e+02 +3.867595827e+02 +3.867595827e+02 +1.8505e-01 -1.4664e+00 +9.0161e-01 -6.7665e-01 -2.5480e-01 +2.5433e-01 -7.0481e-02 +5.7853e-01 -3.0769e-01 -6.9745e-02
1254 +2.182575171e+02 +2.182575171e+02 +2.433575171e+02 +2.433575171e+02 -6.7430e-01 -1.1352e+00 +7.3216e-01 +3.6269e-01 +3.0096e-01 -3.1391e-01 +3.9811e-01 +3.4256e-01 +6.9006e-01 +2.5099e-01
1502 +1.440926659e+02 +1.440926659e+02 +1.691926659e+02 +1.691926659e+02 -3.5645e-02 -7.0626e-01 +8.4876e-01 -1.1448e-01 -1.3577e-01 +6.9270e-02 -4.8710e-01 +3.3601e-01 +9.1109e-01 +2.5058e-01
1863 +9.855127376e+01 +9.855127376e+01 +1.236512738e+02 +1.236512738e+02 +3.0215e-01 -6.2321e-01 +4.8164e-01 +3.2282e-01 -3.7324e-02 +7.0563e-02 -2.2249e-01 +8.2533e-02 +1.0587e+00 +4.8568e-01
1872 +6.040247535e+01 +6.040247535e+01 +8.550247535e+01 +8.550247535e+01 -2.7999e-01 -9.1481e-02 +4.6614e-01 +2.5224e-01 -3.0957e-01 +5.1573e-01 -5.5999e-02 +5.6313e-01 +9.1761e-01 -3.0283e-01
2604 +2.946085454e+01 +2.946085454e+01 +5.456085454e+01 +5.456085454e+01 -5.0498e-01 -3.2323e-01 +4.2336e-01 -1.7459e-01 -2.0387e-01 +7.1830e-01 +4.0223e-02 +2.1140e-01 +1.3138e+00 +3.7255e-01
2768 +2.389907157e+01 +2.389907157e+01 +4.899907157e+01 +4.899907157e+01 -3.0539e-01 -3.3579e-01 +4.8632e-01 +2.5806e-01 -2.9485e-02 +6.3236e-01 -4.2676e-02 +3.0487e-01 +1.3624e+00 +4.1023e-01
3073 +1.175057243e+01 +1.175057243e+01 +3.685057243e+01 +3.685057243e+01 -5.6463e-01 -1.7325e-01 +3.6584e-01 +1.4007e-01 +6.3824e-02 +7.0538e-01 -6.3130e-02 +1.5724e-01 +1.2840e+00 +2.0734e-01
4705 +9.746597557e+00 +9.746597557e+00 +3.484659756e+01 +3.484659756e+01 -5.0159e-01 -2.2666e-01 +3.7162e-01 +1.4195e-01 +2.1586e-01 +6.5230e-01 -1.2992e-01 +7.1000e-03 +1.2776e+00 +2.9940e-01
21301 +6.264856711e+00 +6.264856711e+00 +3.136485671e+01 +3.136485671e+01 +5.5933e-02 -4.8972e-01 +3.1148e-01 -3.8416e-01 +1.8813e-01 +4.0962e-01 -1.3598e-01 -1.9972e-01 +5.4173e-01 +7.9534e-01
42505 +3.904528641e+00 +3.904528641e+00 +2.900452864e+01 +2.900452864e+01 +3.0003e-01 -7.3207e-01 +3.0166e-01 -6.1082e-01 -2.3198e-01 -4.4568e-03 +2.4336e-01 -1.2254e-01 +1.1720e-01 +5.5472e-01
% function evaluation | noise-free fitness - Fopt (-8.756000000000e+01) | best noise-free fitness - Fopt | measured fitness | best measured fitness | x1 | x2...
1 +2.926029517e+05 +2.926029517e+05 +2.925153917e+05 +2.925153917e+05 +2.2312e+00 -4.5635e-01 -2.8630e+00 -3.2694e+00 +4.8108e+00 +3.6798e-01 -4.5072e+00 -4.6258e+00 +3.2369e+00 +1.0278e+00
2 +4.252926144e+04 +4.252926144e+04 +4.244170144e+04 +4.244170144e+04 +3.2309e+00 +3.7413e+00 -3.4299e-01 -3.9088e+00 +1.8109e+00 -2.5533e+00 +1.5322e+00 -9.6149e-01 +2.6445e+00 -1.4443e+00
43 +2.823370422e+04 +2.823370422e+04 +2.814614422e+04 +2.814614422e+04 +2.3327e+00 +2.3433e+00 -1.3882e-01 +2.3262e+00 +4.8207e+00 -1.1162e+00 +4.7108e+00 -1.4205e+00 +3.0492e+00 -5.5736e-01
44 +1.992929860e+04 +1.992929860e+04 +1.984173860e+04 +1.984173860e+04 -1.5001e+00 -1.2196e+00 +2.5942e+00 -8.8610e-01 -1.5318e+00 +1.4454e+00 +3.5326e+00 +2.0825e+00 +4.7606e-01 -2.1749e+00
159 +1.505795549e+04 +1.505795549e+04 +1.497039549e+04 +1.497039549e+04 +8.1440e-01 +3.9399e+00 -1.3458e+00 -3.6119e-01 -7.4468e-01 -1.4161e+00 +3.5658e-01 +1.1187e+00 -8.7602e-01 -3.2789e+00
205 +4.828667429e+03 +4.828667429e+03 +4.741107429e+03 +4.741107429e+03 -5.1457e-01 +2.8295e-01 -1.8073e+00 -2.3011e-01 -1.7098e+00 -1.3718e+00 -3.3288e-01 +1.3066e+00 -1.9399e+00 -1.6304e+00
557 +3.326300778e+03 +3.326300778e+03 +3.238740778e+03 +3.238740778e+03 -2.2101e+00 +7.6355e-01 +5.3041e-01 -1.7513e+00 -4.8178e-01 +1.4900e-01 +1.1580e+00 -6.4322e-01 -3.0242e+00 -1.0983e-01
754 +1.788846554e+03 +1.788846554e+03 +1.701286554e+03 +1.701286554e+03 +8.1747e-01 +4.3594e-01 +5.5735e-02 -3.5119e-01 +1.8982e+00 -1.7116e+00 +1.0696e+00 +2.1032e+00 +2.0900e-04 -1.8813e+00
1051 +1.362077945e+03 +1.362077945e+03 +1.274517945e+03 +1.274517945e+03 +8.1747e-01 +1.2127e+00 +5.5735e-02 -3.5119e-01 +1.8982e+00 -1.7116e+00 +1.0696e+00 +1.5723e+00 +2.0900e-04 -1.8719e+00
1117 +9.607635703e+02 +9.607635703e+02 +8.732035703e+02 +8.732035703e+02 -7.6781e-01 +1.7022e+00 -4.6006e-01 +5.6539e-01 -5.1753e-01 -7.4902e-01 +1.7753e+00 +1.5950e-02 -5.1267e-02 -8.8063e-01
1308 +4.948981223e+02 +4.948981223e+02 +4.073381223e+02 +4.073381223e+02 -2.9298e-01 -2.1324e-01 +1.2917e-01 +3.3398e-01 +2.0871e-01 -3.9619e-01 +1.3088e+00 -9.9842e-01 -9.5832e-01 -1.6506e+00
1426 +2.827848427e+02 +2.827848427e+02 +1.952248427e+02 +1.952248427e+02 -4.7645e-01 +2.9963e-01 -5.1496e-01 +6.3967e-01 +1.8201e-01 -7.1444e-01 -1.0962e-01 -1.0295e+00 -5.6305e-01 +2.8954e-01
1457 +1.685131679e+02 +1.685131679e+02 +8.095316788e+01 +8.095316788e+01 +1.9327e-01 +5.3034e-01 -6.7029e-01 -3.7567e-01 +4.6417e-01 -9.3839e-01 +7.7377e-01 +3.1589e-02 -2.9614e-01 -7.2100e-01
1907 +1.301645991e+02 +1.301645991e+02 +4.260459915e+01 +4.260459915e+01 +2.3446e-01 +2.7717e-01 -4.0320e-01 +2.9427e-01 +1.2860e-01 -7.7023e-01 +1.0610e+00 -1.1641e-01 -3.8408e-01 +5.7036e-01
2154 +5.630035763e+01 +5.630035763e+01 -3.125964237e+01 -3.125964237e+01 -3.6715e-01 +1.2812e-01 +5.9165e-01 -2.0861e-01 -4.4471e-01 -3.1189e-01 +4.8410e-01 -7.9764e-01 -4.0781e-01 -2.1262e-01
3112 +2.525752511e+01 +2.525752511e+01 -6.230247489e+01 -6.230247489e+01 +1.5946e-01 -2.3966e-02 +4.7870e-01 -5.8859e-01 -3.7500e-01 +1.0510e-01 +3.9001e-01 -7.0746e-01 -4.9391e-01 +4.2228e-01
3402 +1.705714712e+01 +1.705714712e+01 -7.050285288e+01 -7.050285288e+01 -3.4291e-01 +1.8724e-01 +2.6313e-01 -4.6620e-01 -2.0530e-01 -1.7902e-01 +5.3215e-01 -6.8458e-01 -6.4603e-01 +1.4446e-01
3830 +1.333618624e+01 +1.333618624e+01 -7.422381376e+01 -7.422381376e+01 -2.9237e-01 +8.8720e-02 +2.1482e-01 -3.4201e-01 -3.1407e-01 -1.1681e-01 +6.2730e-01 -5.2460e-01 -4.4158e-01 +3.2398e-01
4454 +9.723997335e+00 +9.723997335e+00 -7.783600266e+01 -7.783600266e+01 -1.3713e-01 +2.5922e-01 +2.8800e-01 -4.0581e-01 -2.9211e-01 -5.4731e-02 +6.2092e-01 -6.7581e-01 -6.5407e-01 +4.8874e-01
5958 +6.281673215e+00 +6.281673215e+00 -8.127832678e+01 -8.127832678e+01 +1.2712e-01 +2.1184e-01 +4.2234e-01 -4.9102e-01 -3.4927e-01 +1.9272e-01 +5.7348e-01 -5.1039e-01 -4.8954e-01 +4.4638e-01
18453 +3.959063739e+00 +3.959063739e+00 -8.360093626e+01 -8.360093626e+01 +4.6768e-01 +3.4958e-01 +5.3913e-01 -3.8898e-01 -4.7148e-01 +5.1616e-01 +2.5402e-01 -1.3188e-01 -2.3945e-01 +2.3058e-01
% function evaluation | noise-free fitness - Fopt (6.007000000000e+01) | best noise-free fitness - Fopt | measured fitness | best measured fitness | x1 | x2...
1 +2.582800932e+05 +2.582800932e+05 +2.583401632e+05 +2.583401632e+05 +3.5890e+00 +4.1109e+00 +1.9074e+00 -1.1172e+00 -1.0012e+00 -4.1199e+00 +1.3512e+00 +2.8596e+00 -4.5922e+00 -3.3746e+00
2 +5.182924904e+04 +5.182924904e+04 +5.188931904e+04 +5.188931904e+04 +5.0313e-01 -6.6224e-01 +1.4577e+00 +4.7488e+00 +1.3592e+00 +3.4243e-01 -4.4627e+00 -4.5967e+00 +2.4813e+00 +2.6663e+00
22 +3.582754473e+04 +3.582754473e+04 +3.588761473e+04 +3.588761473e+04 -4.2049e-01 +2.7232e+00 -3.2445e+00 -6.1980e-02 +2.8475e+00 -6.2107e-01 +3.3026e+00 -1.8976e-01 -7.5177e-01 -1.7810e+00
27 +1.317410657e+04 +1.317410657e+04 +1.323417657e+04 +1.323417657e+04 -1.7484e-01 +4.6887e-01 -1.1589e+00 -7.5383e-02 -2.6638e+00 -2.0137e-01 -2.0276e+00 -2.1434e-01 +2.2501e+00 +6.5861e-01
142 +4.061876979e+03 +4.061876979e+03 +4.121946979e+03 +4.121946979e+03 -7.6491e-02 -1.7042e+00 -9.6525e-01 -8.4251e-01 -1.3447e+00 -1.4490e+00 +3.4795e+00 +1.8741e+00 -1.8174e-01 -6.4525e-01
353 +3.225617808e+03 +3.225617808e+03 +3.285687808e+03 +3.285687808e+03 -5.5722e-01 +2.6404e+00 -6.4903e-01 -1.4092e+00 -2.6251e-01 +1.6478e+00 +4.4346e-01 +9.6585e-01 -4.7796e-01 -2.3394e+00
551 +2.264808088e+03 +2.264808088e+03 +2.324878088e+03 +2.324878088e+03 -5.5722e-01 +4.7805e-01 -8.3150e-01 -1.4092e+00 +7.3524e-01 +1.6478e+00 +4.4346e-01 -4.2352e-01 -4.7796e-01 -1.8843e+00
693 +1.335696436e+03 +1.335696436e+03 +1.395766436e+03 +1.395766436e+03 +4.7954e-01 +4.7689e-01 -1.0673e+00 -6.6095e-01 -1.6483e+00 -1.5336e+00 -2.1853e-01 +6.9538e-01 -1.1652e-01 -1.1987e+00
1117 +8.319053894e+02 +8.319053894e+02 +8.919753894e+02 +8.919753894e+02 +1.2493e+00 +7.3110e-01 -1.4554e+00 -1.9587e-01 -4.6532e-01 -9.7634e-01 -6.2169e-01 +4.8032e-01 +3.8528e-02 -4.9752e-01
1161 +6.121976628e+02 +6.121976628e+02 +6.722676628e+02 +6.722676628e+02 +1.2784e-01 -2.0604e-01 -1.9299e-01 -1.4865e+00 -2.9777e-01 +1.5143e-02 +9.3820e-01 +1.8532e-01 +3.7620e-02 +2.7309e-01
1227 +2.286631742e+02 +2.286631742e+02 +2.887331742e+02 +2.887331742e+02 -4.2745e-01 -1.1164e+00 +1.7602e-02 -5.2826e-01 -6.3395e-01 -3.2922e-01 +2.5271e-01 -1.2524e-01 -2.7386e-01 -3.2596e-01
1512 +1.514283982e+02 +1.514283982e+02 +2.114983982e+02 +2.114983982e+02 +7.1217e-01 -8.2647e-01 -3.5880e-01 +9.3319e-02 -6.3810e-01 +3.0254e-01 +4.7052e-01 +1.0753e-01 -1.9468e-01 +4.6686e-01
1555 +8.040835957e+01 +8.040835957e+01 +1.404783596e+02 +1.404783596e+02 +5.0892e-01 -1.2571e+00 -3.8619e-01 -4.8822e-02 -3.7815e-01 -5.1688e-01 -4.6776e-01 +1.4384e-01 -1.9493e-01 +5.3021e-01
1807 +4.852598732e+01 +4.852598732e+01 +1.085959873e+02 +1.085959873e+02 +5.1935e-01 -1.0599e+00 -1.9860e-01 +5.8866e-02 -4.6229e-01 -8.5513e-01 -6.0140e-03 -8.0163e-02 -4.6277e-01 +2.2483e-01
2005 +3.324410637e+01 +3.324410637e+01 +9.331410637e+01 +9.331410637e+01 +7.8584e-01 -1.1678e+00 -3.6978e-01 -1.9897e-01 -2.0840e-01 -3.9197e-01 -7.9472e-02 +2.3344e-01 -1.0223e-01 +5.8667e-02
2470 +2.019917898e+01 +2.019917898e+01 +8.026917898e+01 +8.026917898e+01 +6.7836e-01 -1.0275e+00 -3.5056e-01 +9.9174e-02 -2.0627e-02 -6.0763e-01 +1.6399e-02 +1.6114e-01 -5.1992e-02 +2.2056e-01
2957 +1.555418847e+01 +1.555418847e+01 +7.562418847e+01 +7.562418847e+01 +6.7019e-01 -1.0762e+00 -4.7546e-01 +1.8432e-01 -5.7521e-03 -5.5247e-01 -1.4056e-01 +2.0099e-01 -1.8613e-01 +3.4739e-01
3653 +9.937905941e+00 +9.937905941e+00 +7.000790594e+01 +7.000790594e+01 +7.5088e-01 -1.1272e+00 -5.1636e-01 +1.5074e-01 -1.1756e-01 -4.0420e-01 -1.1131e-01 +1.2084e-01 -1.4370e-01 +2.1051e-01
9107 +6.278348245e+00 +6.278348245e+00 +6.634834825e+01 +6.634834825e+01 -4.5405e-02 -6.8336e-01 -4.7819e-01 +1.6978e-01 -1.2318e-01 -4.8875e-01 -2.0984e-01 -1.8199e-01 -7.8780e-01 +1.3259e-01
20371 +3.959195664e+00 +3.959195664e+00 +6.402919566e+01 +6.402919566e+01 -4.1535e-01 +1.7777e-02 -5.6380e-01 +1.0529e-01 -2.5415e-01 +4.7013e-02 -5.9199e-02 -3.4210e-01 -8.0697e-01 +3.6052e-01
29556 +2.491170517e+00 +2.491170517e+00 +6.256117052e+01 +6.256117052e+01 -5.3478e-01 +3.4891e-01 -3.5730e-01 +1.3088e-01 -2.2819e-01 +2.1099e-01 +1.2813e-01 -3.2038e-01 -6.4882e-01 +5.8285e-01
42552 +1.561625719e+00 +1.561625719e+00 +6.163162572e+01 +6.163162572e+01 -5.8213e-01 +5.4154e-01 -1.2413e-01 +1.7765e-01 -1.3002e-01 +2.3026e-01 +1.0778e-01 -3.0492e-01 -4.5240e-01 +6.4669e-01
% function evaluation | noise-free fitness - Fopt (-1.366300000000e+02) | best noise-free fitness - Fopt | measured fitness | best measured fitness | x1 | x2...
1 +7.653954632e+04 +7.653954632e+04 +7.640291632e+04 +7.640291632e+04 -1.7981e-01 +8.9636e-01 +2.1517e+00 +3.2003e+00 -3.7005e+00 -1.7520e+00 -2.5164e+00 +2.6720e+00 +3.8337e+00 -7.5126e-02
2 +4.662133042e+04 +4.662133042e+04 +4.648470042e+04 +4.648470042e+04 -2.8126e+00 +9.1157e-01 -1.0450e+00 +1.4409e+00 -1.3733e+00 -1.5892e+00 +1.7721e+00 -3.5122e+00 +3.3159e+00 +1.0313e+00
33 +3.420747080e+04 +3.420747080e+04 +3.407084080e+04 +3.407084080e+04 +2.6281e+00 -2.0058e+00 -5.0218e-01 -1.6158e+00 +3.9702e-01 +8.9807e-01 -1.6732e+00 +2.2800e+00 -2.5966e+00 +3.2544e+00
161 +1.818216239e+04 +1.818216239e+04 +1.804553239e+04 +1.804553239e+04 -7.5903e-02 +1.0692e+00 +2.1208e+00 +3.9223e+00 -2.8243e+00 +1.5554e-01 +1.3541e-01 -1.7707e+00 +1.7956e+00 +2.3380e+00
268 +1.148881312e+04 +1.148881312e+04 +1.135218312e+04 +1.135218312e+04 +1.4343e+00 +2.7476e+00 -5.8537e-01 -1.4804e+00 +2.3263e+00 +2.7568e-01 +1.7180e+00 +1.5408e-01 +1.6472e+00 +2.9224e+00
370 +5.612280581e+03 +5.612280581e+03 +5.475650581e+03 +5.475650581e+03 +4.5846e-02 -1.1666e+00 +1.2764e-01 -6.3437e-01 +5.6220e-01 -1.7930e+00 -2.6354e+00 +6.4263e-01 +2.1157e+00 +3.6407e-01
403 +2.451469359e+03 +2.451469359e+03 +2.314839359e+03 +2.314839359e+03 +6.4251e-01 +6.1957e-01 -1.6983e+00 +2.5459e+00 -1.2246e+00 +1.6389e+00 +4.2776e-01 -6.3162e-01 -1.7194e+00 +5.8154e-01
928 +1.495542456e+03 +1.495542456e+03 +1.358912456e+03 +1.358912456e+03 +9.7559e-01 +8.3473e-02 -8.8855e-01 +2.3896e+00 -1.0423e+00 +1.0024e+00 +1.2151e+00 -5.3896e-01 -1.8113e+00 -5.8578e-02
1123 +3.734969894e+02 +3.734969894e+02 +2.368669894e+02 +2.368669894e+02 +9.2753e-02 -1.2694e-01 -4.8494e-01 +1.1207e+00 -1.7900e+00 -3.3563e-01 -7.6480e-01 -3.0330e-01 -3.7752e-01 +8.0883e-02
1203 +1.790772103e+02 +1.790772103e+02 +4.244721027e+01 +4.244721027e+01 +4.5816e-01 +9.5283e-01 +2.4930e-01 +1.1538e-01 -7.1663e-01 -3.9108e-01 +2.8004e-04 -3.8957e-01 +3.7310e-01 +1.3297e-01
1353 +1.307176473e+02 +1.307176473e+02 -5.912352651e+00 -5.912352651e+00 +1.4099e-01 +6.4837e-01 -8.4004e-01 +2.7384e-01 -9.7363e-01 -4.8358e-01 +2.3772e-01 -3.4797e-01 +5.4225e-03 -1.4314e-01
1629 +5.058038741e+01 +5.058038741e+01 -8.604961259e+01 -8.604961259e+01 +3.3001e-01 -7.1843e-02 -1.5792e-01 +3.9853e-01 -7.5510e-01 +1.5144e-01 +4.7200e-01 -8.2351e-01 +1.8967e-02 +6.1851e-01
2152 +3.590646596e+01 +3.590646596e+01 -1.007235340e+02 -1.007235340e+02 +3.3001e-01 -7.1843e-02 -1.5011e-01 +2.4681e-01 -7.5510e-01 -2.9278e-01 +4.7200e-01 -8.2351e-01 +1.8967e-02 +6.1851e-01
2590 +2.142031714e+01 +2.142031714e+01 -1.152096829e+02 -1.152096829e+02 +1.3858e-01 +9.2845e-03 -1.8164e-01 +3.6752e-01 -6.9662e-01 -2.3651e-01 +5.9305e-01 -5.7658e-01 -4.8171e-02 +1.1434e+00
2901 +1.350664922e+01 +1.350664922e+01 -1.231233508e+02 -1.231233508e+02 +1.7621e-01 +1.9890e-01 -1.1751e-01 +3.7986e-01 -8.4149e-01 -1.9170e-01 +9.0908e-01 -3.7977e-01 -1.0507e-01 +1.0899e+00
5123 +9.757689095e+00 +9.757689095e+00 -1.268723109e+02 -1.268723109e+02 +1.2827e-01 +3.0062e-01 -8.8910e-02 +3.2435e-01 -8.6786e-01 -2.2911e-01 +8.8940e-01 -5.1757e-01 -1.1181e-01 +1.0801e+00
48256 +6.304490204e+00 +6.304490204e+00 -1.303255098e+02 -1.303255098e+02 +2.8868e-01 -1.1004e-01 +6.6171e-01 +3.3350e-01 -6.2920e-01 +3.5505e-01 +1.2431e+00 +3.7639e-01 -2.9016e-01 +6.7248e-01
% function evaluation | noise-free fitness - Fopt (1.639300000000e+02) | best noise-free fitness - Fopt | measured fitness | best measured fitness | x1 | x2...
1 +2.112877339e+04 +2.112877339e+04 +2.129270339e+04 +2.129270339e+04 -1.2246e+00 +6.8306e-01 +8.9785e-01 -1.3941e+00 -3.8633e-01 +2.3134e+00 +3.1213e+00 +4.6657e-01 +3.4610e+00 +1.0833e-02
109 +1.580320496e+04 +1.580320496e+04 +1.596713496e+04 +1.596713496e+04 -7.1353e-01 +4.4218e+00 -8.9254e-01 -3.9882e+00 -1.2581e+00 +1.6406e+00 +8.0116e-02 +2.5443e-02 +1.6990e+00 -5.6416e-01
272 +4.847031056e+03 +4.847031056e+03 +5.010961056e+03 +5.010961056e+03 -2.0701e+00 +4.4420e-01 +2.7931e+00 -1.9949e+00 +8.3250e-01 +9.9198e-02 -2.0627e+00 +2.8302e-01 +6.8205e-02 -6.1242e-01
305 +2.167122454e+03 +2.167122454e+03 +2.331052454e+03 +2.331052454e+03 -3.0947e+00 +3.7087e+00 -4.2653e-01 -2.1519e+00 +6.4906e-01 +2.1466e+00 -2.4703e+00 -1.3854e+00 -4.9184e-01 -1.0431e+00
1506 +1.415270159e+03 +1.415270159e+03 +1.579200159e+03 +1.579200159e+03 -3.8710e+00 +4.6928e+00 -8.7721e-02 -2.0759e+00 -6.0204e-01 +7.7515e-01 -2.7226e+00 -2.2212e+00 -9.7960e-01 -4.6958e-01
1566 +7.022405866e+02 +7.022405866e+02 +8.661705866e+02 +8.661705866e+02 -2.3898e+00 +3.4169e+00 -1.8742e-01 -1.5662e+00 -2.0365e-01 +4.0671e-01 +5.4319e-01 -1.8930e+00 +8.5055e-01 -1.1662e+00
1837 +5.874482940e+02 +5.874482940e+02 +7.513782940e+02 +7.513782940e+02 -2.7688e+00 +2.4183e+00 +2.4690e-01 -1.9766e+00 -2.5817e-01 +1.9756e+00 -1.6389e+00 -2.0279e+00 +3.6778e-01 -1.3213e+00
2037 +3.530428935e+02 +3.530428935e+02 +5.169728935e+02 +5.169728935e+02 -6.8840e-01 -1.6194e+00 +1.4681e+00 +1.3584e-01 +5.2555e-01 +2.3951e-01 +1.2088e-01 +4.2826e-01 -9.1301e-02 +3.3160e-01
2308 +1.446723617e+02 +1.446723617e+02 +3.086023617e+02 +3.086023617e+02 -7.4392e-01 -3.0013e-01 +9.3278e-01 +1.3468e-01 +2.6978e-01 +3.1705e-01 +1.6566e-01 -5.9994e-01 +4.2821e-01 +4.4425e-02
2923 +9.257578932e+01 +9.257578932e+01 +2.565057893e+02 +2.565057893e+02 -4.6042e-01 +2.0978e-02 +1.3020e+00 +7.2919e-01 +4.4076e-01 -1.8314e-01 -1.5623e-01 -1.1163e+00 -2.0384e-01 +1.7993e-01
3555 +4.980889197e+01 +4.980889197e+01 +2.137388920e+02 +2.137388920e+02 -3.0016e-01 -9.0374e-01 +7.5058e-01 +4.3880e-01 -2.2673e-01 -3.8158e-01 +4.3289e-02 -1.3624e-01 +5.8586e-02 +1.0812e-01
4307 +2.357887403e+01 +2.357887403e+01 +1.875088740e+02 +1.875088740e+02 +2.4599e-02 -7.2939e-01 +6.1779e-01 +9.6840e-01 +1.0091e-01 +2.7771e-02 -1.0654e-01 -5.9214e-01 -3.2300e-01 +4.7896e-01
5495 +1.408234460e+01 +1.408234460e+01 +1.780123446e+02 +1.780123446e+02 -6.5126e-03 -7.2807e-01 +9.4781e-01 +1.0990e+00 +1.3202e-01 +1.3470e-01 -1.4298e-01 -7.0565e-01 -1.2907e-02 +6.3251e-01
7316 +9.786039671e+00 +9.786039671e+00 +1.737160397e+02 +1.737160397e+02 +1.3403e-01 -7.0646e-01 +8.0404e-01 +1.0636e+00 +1.1234e-01 +1.6462e-01 -1.6027e-01 -6.8338e-01 -2.9864e-02 +7.6622e-01
20051 +6.289587026e+00 +6.289587026e+00 +1.702195870e+02 +1.702195870e+02 +5.7948e-01 -4.0922e-01 -1.8200e-02 +1.1169e+00 -4.6721e-02 +9.0529e-02 -2.3542e-01 -6.8337e-01 +5.8258e-01 +8.7166e-01
% function evaluation | noise-free fitness - Fopt (-5.002000000000e+01) | best noise-free fitness - Fopt | measured fitness | best measured fitness | x1 | x2...
1 +1.951682811e+05 +1.951682811e+05 +1.951182611e+05 +1.951182611e+05 +1.5936e+00 -1.1924e+00 +1.4301e+00 +3.9839e+00 -2.7307e+00 -1.5429e+00 +4.1637e+00 +2.3759e+00 -4.9059e+00 -1.4459e+00
2 +3.209193165e+04 +3.209193165e+04 +3.204191165e+04 +3.204191165e+04 +1.5989e+00 +1.1452e-01 -2.5745e+00 +3.4692e+00 -8.5201e-01 -7.7845e-01 +3.7924e-01 -2.5669e+00 +4.1349e-01 -2.5499e+00
39 +2.106940886e+04 +2.106940886e+04 +2.101938886e+04 +2.101938886e+04 +2.9708e+00 -2.8135e+00 +8.8658e-01 -3.2372e+00 -3.4455e+00 -1.3145e+00 +2.0153e+00 +2.4612e+00 +9.4442e-02 -2.9211e+00
88 +1.542407191e+04 +1.542407191e+04 +1.537405191e+04 +1.537405191e+04 +1.0905e+00 -1.9640e+00 -2.8468e+00 -4.4346e+00 -2.4094e+00 -1.3557e+00 +1.1088e+00 +4.7272e+00 -1.1664e-01 -4.6606e+00
202 +3.738537804e+03 +3.738537804e+03 +3.688517804e+03 +3.688517804e+03 +2.3973e+00 +6.7347e-01 -8.4742e-02 -2.5505e+00 -1.0351e+00 -1.3145e+00 +2.0153e+00 +2.4612e+00 +9.4442e-02 -2.9211e+00
293 +2.357646486e+03 +2.357646486e+03 +2.307626486e+03 +2.307626486e+03 -7.9115e-01 -2.8838e-01 +7.4681e-01 +1.4610e+00 +1.7806e+00 +2.6649e+00 -6.2611e-01 -1.3001e+00 -2.6587e-01 -9.2115e-01
661 +1.484311944e+03 +1.484311944e+03 +1.434291944e+03 +1.434291944e+03 -1.8503e+00 +1.8320e+00 +7.0246e-01 +1.6558e+00 +1.8426e+00 -5.0020e-01 -1.2355e-01 -2.4508e+00 -9.5008e-01 +1.2362e-01
715 +9.588763417e+02 +9.588763417e+02 +9.088563417e+02 +9.088563417e+02 -9.8391e-01 -1.3629e-01 -2.5851e-01 +1.5657e+00 +7.6686e-01 -2.3271e-01 +1.3373e-01 -1.9600e+00 -1.3296e+00 +1.6021e+00
942 +2.106763330e+02 +2.106763330e+02 +1.606563330e+02 +1.606563330e+02 -8.1333e-01 +1.0150e+00 -2.3044e-01 -7.8597e-02 -9.1753e-01 -5.5683e-02 -8.3665e-02 -8.3088e-01 -4.4434e-01 +9.5320e-02
952 +1.325434137e+02 +1.325434137e+02 +8.252341367e+01 +8.252341367e+01 -3.5028e-01 +7.9163e-01 +1.0278e-01 +9.6168e-02 +5.0568e-01 +7.2155e-01 +5.4190e-01 -3.0566e-01 +2.4531e-01 -8.5207e-01
1551 +7.494276705e+01 +7.494276705e+01 +2.492276705e+01 +2.492276705e+01 -2.0568e-01 +1.4393e+00 +1.0278e-01 +9.6168e-02 +4.2283e-02 +4.7731e-01 +5.4190e-01 -3.0566e-01 -1.5475e-01 -8.5207e-01
2167 +5.625374315e+01 +5.625374315e+01 +6.233743153e+00 +6.233743153e+00 -9.1316e-02 +6.9324e-01 -9.2467e-02 -7.7478e-01 -2.5546e-01 -1.6298e-01 -1.6989e-01 +2.8983e-01 -1.4385e-01 -9.4418e-01
2369 +3.785171396e+01 +3.785171396e+01 -1.216828604e+01 -1.216828604e+01 -1.1708e-01 +1.1174e+00 -1.3986e-01 -5.4669e-01 -5.2346e-01 +2.5106e-01 -1.6421e-01 +5.4202e-01 -6.9725e-02 -7.4223e-01
2478 +2.502646816e+01 +2.502646816e+01 -2.499353184e+01 -2.499353184e+01 +7.8731e-03 +7.3779e-01 +5.2573e-02 -2.9182e-01 -3.2269e-01 +2.8240e-01 -2.9674e-01 +2.9337e-01 -1.5795e-01 -4.2638e-01
2811 +1.302448970e+01 +1.302448970e+01 -3.699551030e+01 -3.699551030e+01 +4.1878e-02 +9.4685e-01 -2.9346e-02 -4.3415e-01 -3.2313e-01 +4.2336e-01 -6.7098e-02 +1.9016e-01 -1.7283e-01 -7.8417e-01
3572 +9.492825268e+00 +9.492825268e+00 -4.052717473e+01 -4.052717473e+01 +1.3029e-01 +9.4596e-01 +5.8172e-02 -3.8163e-01 -3.2410e-01 +4.3569e-01 -2.2844e-01 +2.9162e-01 -7.7844e-02 -7.0103e-01
9854 +6.187099260e+00 +6.187099260e+00 -4.383290074e+01 -4.383290074e+01 +3.4446e-01 +3.3755e-01 -1.2633e-01 -2.3303e-01 -2.0793e-01 +8.3176e-01 +6.4067e-02 +5.6246e-01 +7.5169e-02 -5.6856e-01
23503 +3.852268469e+00 +3.852268469e+00 -4.616773153e+01 -4.616773153e+01 +6.0867e-01 -3.6575e-01 -1.5827e-01 -7.9695e-02 +8.1083e-02 +5.0196e-01 +1.1009e-01 +5.3103e-01 +3.9096e-01 -5.4931e-01
37051 +2.463563716e+00 +2.463563716e+00 -4.755643628e+01 -4.755643628e+01 +7.0919e-01 -6.2429e-01 -1.9327e-01 +8.7957e-02 +1.2400e-01 +1.0404e-01 +4.0853e-02 +5.6663e-01 +4.2623e-01 -2.6961e-01
44412 +1.580856485e+00 +1.580856485e+00 -4.843914352e+01 -4.843914352e+01 +6.7065e-01 -7.8063e-01 -1.8532e-01 +1.2805e-01 +9.5127e-02 -1.3977e-01 +1.3211e-03 +5.6796e-01 +3.7211e-01 +7.2601e-03
% function evaluation | noise-free fitness - Fopt (5.888600000000e+02) | best noise-free fitness - Fopt | measured fitness | best measured fitness | x1 | x2...
1 +5.384337316e+05 +5.384337316e+05 +5.390225916e+05 +5.390225916e+05 -4.7845e+00 +4.0943e-02 -4.0797e+00 +4.6133e+00 +1.8311e+00 -4.8851e+00 +4.6936e+00 -1.8483e+00 +3.2285e+00 -5.8449e-01
2 +9.543304247e+04 +9.543304247e+04 +9.602190247e+04 +9.602190247e+04 +3.4093e+00 -9.1520e-01 +1.9658e+00 +3.0112e+00 -9.1573e-01 +3.3877e+00 +2.0868e+00 +9.9064e-01 +5.1837e-02 +4.7275e+00
3 +6.210090588e+04 +6.210090588e+04 +6.268976588e+04 +6.268976588e+04 -2.0363e+00 -3.1785e+00 +3.3357e+00 -1.6393e+00 -3.7429e+00 -3.7819e-01 +4.6512e+00 -1.5974e+00 +3.4499e+00 -3.6051e+00
23 +3.130399207e+04 +3.130399207e+04 +3.189285207e+04 +3.189285207e+04 +4.3208e+00 -1.5036e+00 -2.4732e+00 -1.4694e+00 -3.8865e-01 -2.8050e+00 -3.6189e+00 +1.7063e-01 -1.0119e+00 +5.2557e-01
31 +1.631165930e+04 +1.631165930e+04 +1.690051930e+04 +1.690051930e+04 -1.7120e+00 +1.4895e+00 -9.6962e-01 -4.4057e+00 +7.8887e-01 -9.2715e-01 -1.5348e+00 -2.2854e+00 -4.0652e+00 -1.2700e-01
102 +5.768442574e+03 +5.768442574e+03 +6.357302574e+03 +6.357302574e+03 +6.3849e-01 +4.1725e+00 -2.9071e+00 -1.6875e+00 +3.6679e+00 +6.6941e-01 -6.7142e+00 -2.6458e+00 -3.4435e+00 +3.5024e+00
251 +3.944459126e+03 +3.944459126e+03 +4.533319126e+03 +4.533319126e+03 -1.3232e+00 +4.1725e+00 -2.9071e+00 -1.6875e+00 +3.6679e+00 +1.7792e+00 -6.7142e+00 -5.7351e+00 -3.4435e+00 +3.5024e+00
382 +1.521743778e+03 +1.521743778e+03 +2.110603778e+03 +2.110603778e+03 -2.2535e+00 +2.9168e+00 -5.8770e+00 -2.4216e+00 +2.8754e+00 -2.1825e-01 -5.7494e+00 -3.6546e+00 -4.4039e+00 +3.7731e+00
851 +7.073818936e+02 +7.073818936e+02 +1.296241894e+03 +1.296241894e+03 -2.8436e+00 +3.1739e+00 -5.7508e+00 -2.5936e+00 +4.2574e+00 -2.1825e-01 -4.6624e+00 -3.5915e+00 -2.8500e+00 +3.4681e+00
1705 +4.560862407e+02 +4.560862407e+02 +1.044946241e+03 +1.044946241e+03 -1.4596e+00 +1.8002e+00 -3.7312e+00 -2.2868e+00 +2.2551e+00 +4.8233e-01 -3.7989e+00 -1.7514e+00 -1.8747e+00 +2.6279e+00
2105 +3.392066087e+02 +3.392066087e+02 +9.280666087e+02 +9.280666087e+02 -7.7430e-01 +8.5913e-01 -7.1205e-02 -1.2025e+00 +8.1327e-01 -4.9842e-01 -1.3092e+00 -1.4217e+00 -1.1891e+00 +1.2628e+00
3101 +2.242533901e+02 +2.242533901e+02 +8.131133901e+02 +8.131133901e+02 -1.3106e+00 +1.1744e+00 -1.8604e+00 -1.2627e+00 +2.3593e+00 -9.1143e-01 -1.5827e+00 -1.6142e+00 -1.1802e+00 +2.1284e+00
4519 +1.472548819e+02 +1.472548819e+02 +7.361148819e+02 +7.361148819e+02 -1.2068e+00 +1.1643e+00 -2.1430e+00 -1.6158e+00 +2.5549e+00 -7.7222e-01 -2.3999e+00 -1.9152e+00 -1.6431e+00 +2.0899e+00
9951 +9.437769627e+01 +9.437769627e+01 +6.832376963e+02 +6.832376963e+02 -5.3112e-01 +3.0000e-01 -6.1632e-01 -7.0854e-01 +1.3857e+00 -6.9197e-01 -8.3889e-01 -5.0087e-01 -4.8594e-01 +8.1059e-01
17351 +6.178278839e+01 +6.178278839e+01 +6.506427884e+02 +6.506427884e+02 -3.9205e-02 -3.1875e-01 +4.8119e-01 -4.4408e-01 -2.9262e-01 -1.8349e-01 -2.1494e-01 -9.8745e-02 -3.7176e-02 -1.1571e-01
20902 +3.286196937e+01 +3.286196937e+01 +6.217219694e+02 +6.217219694e+02 +1.1687e-01 -5.2682e-01 +4.5940e-01 -2.9696e-01 -4.7296e-01 +5.0748e-02 -3.5032e-01 -9.0541e-02 +4.2231e-01 -1.2110e-01
29603 +2.350040026e+01 +2.350040026e+01 +6.123604003e+02 +6.123604003e+02 +2.1465e-01 -5.2537e-01 +4.8865e-01 -2.8823e-01 -4.9783e-01 +9.8066e-02 -6.0303e-01 +5.4151e-02 +3.8530e-01 -3.3840e-01
32753 +1.537690894e+01 +1.537690894e+01 +6.042369089e+02 +6.042369089e+02 +4.0815e-01 -4.4372e-01 +4.9966e-01 -1.9455e-01 -4.7816e-01 +3.7715e-01 -5.6230e-01 -4.0387e-02 +4.2897e-01 -2.2251e-01
40102 +9.851789573e+00 +9.851789573e+00 +5.987117896e+02 +5.987117896e+02 +3.6556e-01 -4.0885e-01 +6.3737e-01 -2.2910e-01 -5.5798e-01 +4.9682e-01 -4.1578e-01 -1.6797e-01 +6.6690e-01 -3.0622e-01
% function evaluation | noise-free fitness - Fopt (-3.294000000000e+01) | best noise-free fitness - Fopt | measured fitness | best measured fitness | x1 | x2...
1 +4.191925830e+05 +4.191925830e+05 +4.191596430e+05 +4.191596430e+05 +3.6699e+00 -4.2850e+00 -2.9278e+00 +2.1733e+00 +9.4378e-01 +3.0018e+00 -4.9190e+00 -8.4836e-01 +4.7236e-01 +3.7455e+00
2 +1.213708277e+05 +1.213708277e+05 +1.213378877e+05 +1.213378877e+05 +1.7178e+00 +4.8034e-01 +3.7711e+00 +1.1487e+00 -3.8755e+00 -2.7517e+00 -2.0829e+00 +8.3052e-01 -3.3662e+00 -3.8974e+00
6 +9.175660506e+04 +9.175660506e+04 +9.172366506e+04 +9.172366506e+04 +2.8515e+00 +1.5434e+00 -2.9169e+00 +1.9256e+00 -4.9429e+00 -2.4027e+00 +1.7144e+00 +6.7740e-01 +3.8021e+00 -8.0611e-01
7 +2.962905398e+04 +2.962905398e+04 +2.959611398e+04 +2.959611398e+04 +9.4943e-01 +3.7677e+00 +7.3347e-01 +4.7563e+00 -2.1062e+00 +6.3963e-01 -3.9267e+00 +5.8317e-01 +1.3200e-01 -2.5897e+00
75 +1.573617217e+04 +1.573617217e+04 +1.570323217e+04 +1.570323217e+04 +4.0594e-01 -1.2102e+00 -3.4780e+00 +3.4577e-01 -6.8946e-01 +5.0854e-01 -1.0045e+00 -2.0606e-01 -2.6045e+00 -1.2978e+00
277 +9.146332766e+03 +9.146332766e+03 +9.113392766e+03 +9.113392766e+03 -6.7147e-02 -1.2285e+00 -1.0375e+00 -7.2219e-01 -1.7241e+00 -3.7307e-01 -1.6330e+00 +5.8986e-03 -1.1841e+00 -2.1900e+00
308 +4.253194934e+03 +4.253194934e+03 +4.220254934e+03 +4.220254934e+03 -1.7301e+00 -1.4375e-01 -2.3784e+00 -3.9966e-01 -2.2367e-02 +8.9693e-01 +8.6523e-01 +2.0840e+00 +5.8368e-01 +1.8634e+00
321 +3.641591148e+03 +3.641591148e+03 +3.608651148e+03 +3.608651148e+03 -1.1872e+00 +1.6410e+00 +8.8070e-01 +9.1989e-01 -1.4659e+00 +5.2374e-02 +1.2592e+00 -1.2194e+00 +2.1105e+00 -4.7308e-01
601 +1.800339898e+03 +1.800339898e+03 +1.767399898e+03 +1.767399898e+03 +2.0332e-02 +2.6452e+00 +8.2639e-01 +1.7720e-01 -9.6853e-02 +1.2580e+00 -3.1632e-01 -6.9629e-01 -8.4326e-01 +7.1844e-01
801 +1.077658205e+03 +1.077658205e+03 +1.044718205e+03 +1.044718205e+03 -3.4003e-01 -4.3587e-01 -3.5896e-01 +1.6164e+00 -7.9184e-01 +1.6854e+00 -1.1353e-01 -7.2429e-01 -1.5234e-01 +1.2767e+00
902 +5.225649315e+02 +5.225649315e+02 +4.896249315e+02 +4.896249315e+02 -3.4003e-01 -4.3587e-01 -3.5896e-01 -2.7432e-01 -7.9184e-01 +7.3915e-02 -1.1353e-01 -7.2429e-01 -1.5234e-01 +1.2767e+00
1001 +3.685907703e+02 +3.685907703e+02 +3.356507703e+02 +3.356507703e+02 -4.5651e-01 +1.2148e+00 -3.5896e-01 -2.7432e-01 -1.0123e+00 +7.3915e-02 -1.1353e-01 -7.2429e-01 +1.3996e+00 +5.9681e-02
1451 +1.891962616e+02 +1.891962616e+02 +1.562562616e+02 +1.562562616e+02 +1.6396e-01 +1.9013e-01 -8.9723e-02 -6.2233e-02 -4.0271e-01 +3.7512e-01 -1.2490e-01 +1.0882e-02 -4.2973e-01 -6.5123e-01
1456 +1.406858817e+02 +1.406858817e+02 +1.077458817e+02 +1.077458817e+02 -1.3282e+00 +8.6002e-01 -5.2804e-01 +2.0117e-01 -1.5721e-01 +1.0802e-01 -4.0000e-02 -6.9629e-01 -5.1477e-02 +8.6167e-01
2176 +9.981492180e+01 +9.981492180e+01 +6.687492180e+01 +6.687492180e+01 -1.2047e+00 +8.3247e-01 -4.0080e-01 +2.5571e-01 -5.8643e-01 +1.7428e-01 +2.4283e-01 -5.1878e-01 +4.2514e-01 +8.2930e-01
2193 +4.375822609e+01 +4.375822609e+01 +1.081822609e+01 +1.081822609e+01 -6.0434e-01 +1.8371e-01 -2.8868e-01 +4.4105e-01 -6.9841e-01 +3.8352e-03 +1.1379e-01 -9.5820e-01 +1.3666e-01 -8.9870e-02
2214 +3.688229751e+01 +3.688229751e+01 +3.942297506e+00 +3.942297506e+00 -4.9800e-01 +3.9426e-01 -1.5079e-01 +1.7154e-01 -1.6045e-01 +1.4874e-01 +2.0192e-01 -7.8681e-01 +2.0912e-01 -3.8668e-02
2711 +2.259129687e+01 +2.259129687e+01 -1.034870313e+01 -1.034870313e+01 -7.5336e-01 +6.0155e-01 -4.4470e-01 +5.3857e-01 -4.2750e-01 +6.9391e-02 +2.0845e-01 -5.3155e-01 +1.8782e-01 -3.2649e-01
3003 +1.144761364e+01 +1.144761364e+01 -2.149238636e+01 -2.149238636e+01 -6.1923e-01 +4.4884e-01 -3.4158e-01 +7.8276e-01 -5.5924e-01 +4.0372e-02 +1.5051e-01 -5.9585e-01 +2.6816e-01 -3.8198e-02
3452 +8.913721786e+00 +8.913721786e+00 -2.402627821e+01 -2.402627821e+01 -6.0672e-01 +4.3478e-01 -2.8491e-01 +5.6544e-01 -5.3366e-01 -6.9834e-02 +3.0892e-01 -6.9405e-01 +2.2349e-01 -2.9496e-01
6003 +6.267138598e+00 +6.267138598e+00 -2.667286140e+01 -2.667286140e+01 -4.1132e-01 +2.4613e-01 -3.0259e-01 +1.7452e-01 -2.7672e-01 -2.0476e-01 +3.1757e-01 -6.8826e-01 +4.0418e-01 -5.6698e-01
16105 +3.935589712e+00 +3.935589712e+00 -2.900441029e+01 -2.900441029e+01 -1.3612e-01 +1.7556e-01 -2.6216e-01 -6.2823e-02 +3.1092e-01 -2.8616e-01 +1.8188e-01 -6.1771e-01 +5.9696e-01 -6.4882e-01
27553 +2.510114606e+00 +2.510114606e+00 -3.042988539e+01 -3.042988539e+01 +1.2327e-01 +1.4479e-01 -2.6403e-01 -1.3962e-01 +5.9652e-01 -2.5015e-01 +2.7175e-02 -4.8694e-01 +5.2601e-01 -6.7625e-01
40201 +1.565551722e+00 +1.565551722e+00 -3.137444828e+01 -3.137444828e+01 +3.6372e-01 +6.8285e-02 -1.8087e-01 -1.7392e-01 +7.4180e-01 -2.0745e-01 -7.4654e-02 -3.5702e-01 +3.3041e-01 -7.1199e-01
% function evaluation | noise-free fitness - Fopt (-1.116200000000e+02) | best noise-free fitness - Fopt | measured fitness | best measured fitness | x1 | x2...
1 +3.339619732e+05 +3.339619732e+05 +3.338503532e+05 +3.338503532e+05 +1.1840e+00 -4.5132e+00 -3.7366e+00 +4.2803e+00 -3.2635e+00 +4.9752e+00 +4.9920e+00 -2.3461e+00 -4.3707e+00 +1.3908e+00
2 +1.038937766e+05 +1.038937766e+05 +1.037821566e+05 +1.037821566e+05 +1.6963e+00 -6.8662e-01 +1.4027e+00 +2.9237e-01 +4.8478e+00 -1.3461e+00 +1.1761e+00 +2.3196e+00 -3.2934e+00 +4.6297e+00
3 +6.428136944e+04 +6.428136944e+04 +6.416974944e+04 +6.416974944e+04 -3.7793e+00 +2.5212e+00 +2.6898e+00 +2.5275e+00 -4.0095e+00 -4.1033e-01 +5.0359e-01 +2.5124e+00 +2.3694e+00 -2.8170e+00
12 +3.663829421e+04 +3.663829421e+04 +3.652667421e+04 +3.652667421e+04 +3.6526e+00 -1.5930e+00 -4.6784e-01 -2.3617e+00 -3.6442e+00 -3.2251e+00 -3.0301e+00 -3.1005e+00 +4.0656e-01 +3.3881e+00
23 +1.490635465e+04 +1.490635465e+04 +1.479473465e+04 +1.479473465e+04 +7.6726e-01 -2.1419e+00 -8.4165e-01 -1.4980e+00 +2.4035e-01 -3.3938e-01 +3.4176e+00 -1.3538e+00 -1.8504e+00 -2.0805e+00
343 +6.845653423e+03 +6.845653423e+03 +6.734033423e+03 +6.734033423e+03 +6.4472e-01 -4.3439e-01 -2.2406e-01 -1.7208e+00 +2.0544e+00 +4.4151e-01 +9.2834e-01 +8.6591e-01 -7.9206e-01 +2.4249e+00
470 +4.771678008e+03 +4.771678008e+03 +4.660058008e+03 +4.660058008e+03 +1.5337e+00 -1.0612e+00 -3.7333e-01 -1.9156e+00 -3.2543e+00 -7.9367e-01 -1.8211e-01 -7.0372e-01 -8.1829e-01 +4.3087e+00
657 +3.261239785e+03 +3.261239785e+03 +3.149619785e+03 +3.149619785e+03 +5.4609e-01 -1.8999e+00 -1.9743e+00 -2.7182e+00 -1.6221e+00 +1.0629e+00 +5.0771e-01 -3.1007e-01 -5.8453e-01 +8.8630e-01
667 +2.120718072e+03 +2.120718072e+03 +2.009098072e+03 +2.009098072e+03 +1.4691e-01 -1.2412e+00 -2.1232e-02 -4.7237e-01 -1.2331e+00 -6.1735e-01 +9.8242e-01 -2.7997e+00 -4.8364e-01 +9.5395e-01
801 +9.481684410e+02 +9.481684410e+02 +8.365484410e+02 +8.365484410e+02 +7.6726e-01 -5.7364e-01 +5.3837e-01 +8.2865e-01 +2.4035e-01 +1.4004e-01 -2.7477e-01 -6.6760e-01 -8.6776e-01 -2.0805e+00
854 +5.088694232e+02 +5.088694232e+02 +3.972494232e+02 +3.972494232e+02 +5.1332e-01 -1.7235e+00 +1.4619e-01 +1.8039e-02 -4.5308e-01 +8.6015e-02 -6.8218e-02 +5.4301e-01 +8.5380e-01 -8.6913e-02
972 +3.571727356e+02 +3.571727356e+02 +2.455527356e+02 +2.455527356e+02 +2.8274e-01 -3.8646e-01 +1.5855e-01 -6.1123e-01 -5.3059e-02 -7.9367e-01 -5.3742e-01 -4.8292e-01 +2.7109e-01 +5.6389e-01
1204 +1.690353221e+02 +1.690353221e+02 +5.741532212e+01 +5.741532212e+01 +1.4691e-01 -2.8980e-01 -5.7265e-01 +1.0669e+00 +1.4934e-01 -4.9588e-02 -1.5789e-01 +6.0483e-01 +3.6759e-01 +3.3038e-01
1704 +1.405507908e+02 +1.405507908e+02 +2.893079079e+01 +2.893079079e+01 +6.9819e-01 -1.5421e-01 -1.1259e-01 +6.0696e-01 +1.1565e-01 -1.6601e-01 +8.0321e-01 +2.7125e-01 +1.6926e-01 +1.2377e+00
1853 +9.191412767e+01 +9.191412767e+01 -1.970587233e+01 -1.970587233e+01 +3.7847e-01 +1.2157e-01 +5.3164e-02 +2.1285e-01 +2.8984e-01 -3.8542e-01 -7.0369e-02 -4.6971e-02 +9.8414e-02 +4.3187e-01
2353 +6.171798529e+01 +6.171798529e+01 -4.990201471e+01 -4.990201471e+01 +6.8423e-01 +5.4138e-02 -1.9759e-01 +1.8536e-01 -1.2345e+00 +3.8804e-02 +3.5771e-01 -3.0463e-01 +3.8238e-01 +2.9483e-01
2902 +1.713822880e+01 +1.713822880e+01 -9.448177120e+01 -9.448177120e+01 +4.7585e-01 -5.6316e-01 -4.1223e-02 -3.0070e-01 -1.5452e+00 +6.1132e-01 +2.4148e-01 -1.9917e-01 +3.9682e-01 +2.3789e-01
3702 +1.580368590e+01 +1.580368590e+01 -9.581631410e+01 -9.581631410e+01 +4.7585e-01 -4.9474e-01 -4.1223e-02 -3.0070e-01 -1.5452e+00 +6.1132e-01 +2.4148e-01 -1.9917e-01 +3.9682e-01 +2.3789e-01
5001 +9.975917705e+00 +9.975917705e+00 -1.016440823e+02 -1.016440823e+02 +4.6955e-01 -4.7337e-01 -1.9989e-01 -2.1903e-01 -1.3600e+00 +5.6265e-01 +2.4459e-01 +6.3332e-02 +2.8263e-01 +3.9936e-01
